sample_id,Municipalities and Local Governments|A,Municipalities and Local Governments|B,Municipalities and Local Governments|C,Municipalities and Local Governments|D,Municipalities and Local Governments|E,Municipalities and Local Governments|F,Public Health Authorities|A,Public Health Authorities|B,Public Health Authorities|C,Public Health Authorities|D,Public Health Authorities|E,Public Health Authorities|F,Forestry Services and Landowners|A,Forestry Services and Landowners|B,Forestry Services and Landowners|C,Forestry Services and Landowners|D,Forestry Services and Landowners|E,Forestry Services and Landowners|F,Environmental NGOs|A,Environmental NGOs|B,Environmental NGOs|C,Environmental NGOs|D,Environmental NGOs|E,Environmental NGOs|F,General Public and Community Groups|A,General Public and Community Groups|B,General Public and Community Groups|C,General Public and Community Groups|D,General Public and Community Groups|E,General Public and Community Groups|F
0,0.9220133941687081,5.040248987247264,-2.765014055415616,-0.8494447648488439,0.08308536556035273,-2.4308889267118827,5.706886427571071,-5.975412736408739,-0.41133168951598,2.986950970552215,0.6758440853174026,-2.9829370575160254,-2.4198143724413885,-3.1215331566770317,3.941900495129346,-1.651439661474301,3.1386801441425156,0.11220655132085966,2.881479493140837,2.6277138329512333,-0.9601184090257142,-0.43403717129378006,2.139800018914478,-6.254837764687032,3.0451694443619566,-1.9295762705807036,3.0383446156453147,0.02579827474506935,-2.693865535077858,-1.4858705290937895
1,-1.3749251964480287,-5.196047007016983,4.605911652127652,3.658781561332898,-0.6588815452854229,-1.0348394647101529,-1.626889040077522,5.620693492367717,0.7138323740123891,-1.5793290860602731,-0.8338702389781378,-2.294437501264259,1.9918246287173922,1.624664952813525,-2.8827367735980207,0.11512326276472962,-2.3871985514365726,1.538322480738934,-5.443049246925323,-1.551474133972377,-2.036227260591561,0.9085833943371817,2.449238490312492,5.672928756839617,0.30078138642721086,4.332670869747602,-5.95428126567219,1.1700130313493933,-2.396609575999417,2.5474255541473667
2,3.2643268385544992,-4.296662330080611,1.742544507552708,-0.23608856669798328,0.35821274989824303,-0.8323331992268592,-3.776234459392537,0.10311582283151921,0.3881244465542508,1.7295572879476708,0.13004444660297487,1.425392455456013,-3.1851506533431806,-0.14261595442481934,-1.826283437138386,0.7455208837072789,1.9599261332804971,2.4486030279185726,0.021042979181402188,-0.8672305722675677,3.5236338378477825,-0.9812300956690345,-2.3378902443477525,0.641674095255194,-0.9481932796603232,-1.0915553509834766,1.3920479911586021,0.49292732512673343,-1.543516067816503,1.698289382174913
3,-3.3597596976021684,-0.8168335396996724,-1.0544131583694778,4.5910294217883525,0.17456236455691343,0.46541460932607137,-2.1910231563032347,-2.640510446126193,-0.06337084792774039,0.3588763846556908,-1.2212054313879417,5.757233497089306,1.6552701904791505,-1.9282976631318736,-1.2338048364658718,-0.5893425018396243,4.203661102978739,-2.1074862920205693,0.11677243518260738,-2.16960805750481,1.8053713961772466,0.4747963834941782,2.7669731690925996,-2.9943053264418005,-1.737625240615035,4.504668878692133,-3.7955355011191045,1.1678252763706904,-3.378376172803039,3.2390427594742803
4,-1.7681638349735564,-2.783912053049491,0.5400289072531415,5.752348173966375,0.12324298712204573,-1.8635441803185007,4.804744476557165,-4.8422269623949035,0.8542162154478508,3.206442701198231,0.9030858612440333,-4.926262292052485,-0.5431506786499618,2.2439854011057143,2.3340506736296867,2.1818791479843824,-2.573277025137063,-3.6434875189328597,-0.28955366552519024,-3.221332734993659,-0.27985735103059994,0.14457006919486037,-1.1511454876260228,4.797319169980618,-0.5218774553052228,-0.4072917916801302,-2.5961275206040355,-0.6887793739129897,0.7498594512780414,3.4642166902242693
5,1.874874146622897,-5.4671722750516984,-4.8928149818741495,6.231187233617188,0.7440154225019118,1.509910454183892,-1.1316421455603063,2.30055471931162,0.3975382411837938,0.9228119595741937,-1.1595749820426553,-1.3296877924667498,4.167638138479507,1.05154122337008,1.0491029188098793,-1.2818415854535985,-2.216371824399751,-2.7700688708062575,6.106556345846091,-2.952383504315284,0.7035065295859226,1.1036319653325135,-0.395283927800552,-4.566027408648694,-1.196369492340846,1.2786471310006782,0.17398773574404203,-0.38964488623787563,-1.9164737655094655,2.0498532773433844
6,-2.437415492022984,-1.4569547762548325,2.4263909106560924,0.8971973662194088,0.999621630611168,-0.42883963920879786,-1.510041754798781,3.75828788937957,-0.3974368324069477,2.9789712946470885,0.1241146154921502,-4.953895212313128,-0.01530731621620518,-3.493048261877979,3.7130183016228955,4.120840042764236,-3.4965998563389196,-0.8289029099541629,4.440288151282179,-1.3485895545671749,0.30154019635879337,1.1527485154930321,-1.8758189379950831,-2.67016837057178,0.336327257445717,3.2040436511429533,-3.3357582619912947,0.886644816327606,2.0377615934761053,-3.129019056401175
7,2.5763091342986257,-3.320766332778245,0.17827113115933813,2.504622472875198,-0.6756092426828368,-1.2628271628719983,-1.485341627246484,3.7356607652276566,0.12084220218199437,2.194589472289021,0.1905070609802797,-4.756257873432514,-0.9037894227321637,-1.5104583823656625,0.3014089817747774,4.100100066438163,0.9850443266033473,-2.972305569718573,4.014238560059052,-0.2011389219834978,-2.5235718202275006,-0.1457553375759284,-0.5557780968388872,-0.5879943834332941,-4.787620370026758,4.980281561258682,2.389845961053741,1.0223002172545579,-2.1149751616672194,-1.4898322078730981
8,2.6755603954742675,-2.2629864314649524,-1.4999509131014186,-0.24562222678412837,0.15213288879670817,1.180866287079601,-2.5040605858362532,4.851632262112648,1.0251533759339964,2.638599745501981,-0.6184081217392015,-5.392916675973225,-0.41970992675519625,0.2866866579440668,-1.1590515772608505,-0.25626114180997206,1.7459240937743168,-0.19758810589249087,6.0068780974228275,-0.3231674480309259,1.4313478598832106,0.3419429618158114,-1.0658056803812102,-6.391195790709794,-0.6531007220655489,-2.932858903134221,4.563236405641479,-0.6367561346606294,3.1622265593667045,-3.5027472051478767
9,3.4425505062841246,3.3850935797375747,-5.802478820990363,-1.3758860055150457,-0.94910505854974,1.2998257990335382,4.901151845935793,-0.8061230929487131,0.6548538336754417,-3.462781158425681,0.5932387556850784,-1.880340183922005,1.1303676815368497,3.989752991250004,-3.654707270857717,0.7846463994499864,-0.829145199648508,-1.4209146017307415,2.1576355832002,1.4404165982852266,-2.626273785162045,0.24994082568364728,-1.0762209983235103,-0.1454982236836173,-0.3445462967167465,-2.67514875599376,2.0919587375181514,0.11170098913812776,3.5002947919416414,-2.6842594658875036
10,-2.772277426080084,1.6426518739892835,4.762564770363618,-2.552654634282021,0.7213057256347111,-1.8015903096253982,-3.3093711303245996,1.9009732604805514,1.0705052835499274,1.8024808450326546,-0.08444507121641287,-1.380143187522176,3.2386808633689306,-2.219731272671435,2.6052215946424795,2.4446857667728707,-3.9506142028737443,-2.1182427492392346,-2.399367236441506,-2.8943640248198577,3.672739368134195,-0.9029136395418309,-1.231282963396385,3.755188496065273,-2.1709136793649826,3.5114791043100375,6.039990370875806,-0.9177844795409751,-2.8918274573734077,-3.5709438589065883
11,-1.3966420294544513,5.4141458239788065,-2.1726939713691245,-0.8883850785554621,-0.600075951835155,-0.35634879276451414,4.127014150710298,-2.2897615501838615,-0.24486165295053208,1.3721409386556296,0.6759123306699317,-3.6404442169015354,3.9277716698163943,1.966242655486436,-3.7025174946442903,-1.7374737315086968,-1.2302774285987876,0.7762543294488129,2.078221852113451,2.1544090699991187,-2.237193539453095,0.7578078069556513,1.6089685254870627,-4.3622137151023,-2.484101272871314,4.561593383723274,-2.7398308933872926,0.5557014301933529,1.5714790867776003,-1.464841734435705
12,3.2146292093093543,-0.9368130935134751,-2.367199008824908,1.9067844168679962,-0.7668949378989067,-1.050506585939953,-3.7434586656783075,1.8437924135277903,-0.4900690772174636,0.38609894406616974,-0.41894919570938605,2.4225855810111376,-1.6706724175134884,0.35664625837593533,2.6799461880564905,3.764098734256219,-3.828686180726036,-1.3013325824492945,3.1729377417567832,0.1442216712581299,-1.3510606295522667,-1.2409633067498476,2.2117486901659795,-2.936884166878876,3.500834299315308,-2.6664231457904606,3.917626874671491,0.2835572971650935,-1.2998010292293252,-3.735794296132225
13,2.8917590282983845,-4.881352178812961,-4.170215893723064,4.633269836405194,-0.4347196454676179,1.961258853300139,-3.780297700471607,0.8555321945435495,0.2119262357032179,-1.6271494138465084,0.6010969869167511,3.7388916971545356,0.99030269415805,2.525632833567638,-3.73953018560894,4.071021851432075,-4.196118419988268,0.34869122643928385,-4.305822483920867,3.314821343220398,3.919170878340175,1.110374605566605,0.14131017952405678,-4.179854522730459,0.1706358862362265,4.719685468557895,-1.8254330162874979,-1.2415980050145117,-1.8925404639437016,0.06925013045147566
14,1.6176284612250775,-0.7153759225086738,-4.809416363611167,1.9919616076378084,-0.5424855940345317,2.4576878112915708,-1.5702120776002566,-5.559484185119107,0.39095674788741963,1.5848246200576206,-0.16867303227241148,5.322587927046701,-0.6994760523680554,-0.725897562567372,1.758511429789337,-0.08241447940034519,3.4944416212973692,-3.745164956751095,-0.5809452742995802,-2.912139404419431,1.3524058285429135,0.025042593201119345,0.6337832004929549,1.4818530564819632,-1.2372831751017124,-2.358769066617466,0.39811868214952995,-0.0601345581163093,0.5408707813583042,2.7171973363275512
15,2.8693311002511344,-0.8888462315328383,0.18692146502502638,-0.4852623419101114,0.4439255043220869,-2.126069496155208,-0.21846453645262187,-4.992256504227164,-0.1968989757042845,2.745946441886751,0.5765629207261167,2.085110653771167,-3.104573635751912,0.8649750045011118,3.676046036003676,0.37665321219185444,-1.1108542731159687,-0.7022463438289108,-2.643882245422443,0.031570541458311396,2.692715403042552,-0.5449696962765458,0.5194569247286474,-0.05489092753062508,1.0202426000385252,3.0531546033172106,-1.5597667694687658,0.7989004835351592,-2.6494121444467797,-0.663118772975416
16,2.659421693836361,1.6045396377569112,-3.9243176171023144,-1.9876671248376638,-0.21219918878283894,1.8602225991296244,1.1898000800545674,-4.725155938735355,0.6827405064354473,-0.4063032670663915,-0.4321024820657158,3.6910211013774124,0.9514729408996381,-1.11532181782343,1.9853927324363987,3.23022295867586,-2.4738801643673103,-2.577886649821277,-0.3519887770962242,-2.723929529122092,0.9784801166617143,1.1200943350308625,-1.084110009353136,2.061453863878807,-4.348252637484732,4.241612836046414,-1.291251055487276,-0.3065795295108398,-1.6243667253889011,3.328837111825255
17,-1.5565875540549463,5.443357981473081,1.379936810493625,-5.744149265545321,-0.4610951309440767,0.9385371585776916,6.126549046141015,-1.5308943679579805,0.6283809079892873,-3.088991817807404,0.9675485043528465,-3.102592272717793,4.200611857177517,0.7310955589984154,-1.369714901745649,-0.731520081555928,-2.2191564998987534,-0.6113159329757458,-5.7971923216930605,3.402642379171681,1.933453404941588,0.4093731003031049,0.8505859741685651,-0.7988625368919742,2.2446843023180634,0.5427387474670873,-1.5190101249729224,0.9643268772558349,-1.8798347688163588,-0.3529050332517851
18,-2.2164637820570707,-3.1501451676075156,1.2529428836969068,5.470139078289755,-0.21521379915131233,-1.141259213170704,-2.8875574351196,-5.630811082321678,0.848845028650663,1.6949415648229653,0.03310368168101441,5.94147824228661,1.7713011754676629,-2.2071289019900586,4.038830745112303,-3.4067066507170196,1.5171587953988634,-1.713455163271874,1.3732218121204518,0.18468831332131508,0.32845293961177546,0.8741347427456061,-1.2289731860356046,-1.531524621763623,0.9572325856336867,-4.064743416373899,1.4519312283130787,-0.3722465820061238,2.1354018470268237,-0.10757566259361617
19,-1.9693581623681666,-4.474824056865945,2.8879424100102966,3.468085057530736,0.059698687280470786,0.028456064412683446,0.5416031299618638,-1.9032055092718885,-0.27159689384005414,-3.694207532589447,-0.8946744933636355,6.222081299103131,0.912728809649991,2.9373148840370504,-4.008715545774038,-0.30830041848785683,1.4032339594233996,-0.9362616888486741,-1.6542982890827638,-3.2307975136770377,-1.658078242831193,-0.08114159923542807,2.994196665398917,3.6301189794274613,2.204745012792511,-0.6864553534161502,2.6755626132363126,0.8138928648319688,-2.5874498575176155,-2.420295279927096
20,3.1878393344252807,2.9259207575660824,-5.597497545349171,0.06883787746748027,-0.16106180307767515,-0.4240386210319098,-5.535842859289037,1.2469205262919587,-0.14074615119012357,3.723704036615093,0.4315972062464306,0.2743672413255993,3.07515636566448,-4.137447094787229,0.4891677317027323,0.689896602240097,3.152667269805793,-3.2694408746260066,-2.6935320564840737,-2.604702375940885,0.761340946981619,-0.7329555849230847,2.8457903528836948,2.4240587174827013,2.7264961217370427,-4.316698425462041,3.0044896587993613,-1.2285084038174396,-2.698629555985505,2.512850604728566
21,1.8301312208721363,-4.16278625285252,1.1512335720221678,1.0688250268103268,-0.6571320505663734,0.7697284837143403,-1.24057538737517,-4.6241878533700955,0.25458660076446016,-0.46855084271149394,0.86825855221411,5.210468930478115,-1.221561566435458,-1.5670281536709236,0.23131965429717027,1.3425392977648585,2.3765827824752392,-1.161852014430984,4.624248049106495,-2.5922450448247023,-3.6584040664685524,1.0377604736559505,-1.4577249556928873,2.0463655442236757,-1.1757746523704036,-0.7171166284328336,-0.4768042882045762,0.9923367804762231,3.1500088441476315,-1.7726500556160723
22,2.484473955979194,-4.544708141527131,3.845212607420269,-2.1921440405623365,0.9576451550330827,-0.5504795363429746,-2.195698425145384,3.072413386488922,-0.057089912758411465,2.614857200969219,1.1310394543551876,-4.565521703909631,-2.7868773096975374,-0.025828361815953826,-1.2889645689584093,-2.6969624391011617,3.2516259219152808,3.5470067576577193,3.4021522854832256,-2.189291007737369,1.237895018928615,0.14301313936980975,1.7232727571833166,-4.317042193227614,-4.662599074704085,0.2953563260314027,5.671505745770869,0.7495247297188783,-3.7119038097809707,1.6581160829638755
23,3.0339003311223145,-2.9158442163595026,2.453123807846616,-2.7505358052547884,-0.2824683422236305,0.46182422486912067,-4.197809471754351,4.80126364270382,1.1502759858643197,-3.3081815652199236,-1.107674332394848,2.6621257408008674,0.8804402108412503,-2.1287617441110687,-3.8198528502965825,2.1614166447774394,2.0082087381682783,0.8985490006206263,3.9306534167990534,-1.589094234858397,-0.9031439532250687,0.06378188314381905,1.9175133446667,-3.419710456526122,-0.5954535656060891,3.172761428168755,-3.3028334025445503,0.8191442302700382,-3.208145896603053,3.114527206314861
24,1.177105621937251,2.0691683952071145,-4.253533168839105,0.7743104563481609,0.4694011184767781,-0.23645242313005888,2.897705953844156,-3.2539694358873668,-0.6517607197479949,-2.6690226367967806,0.290834828357017,3.3862120102308424,-1.2880588829464976,3.8320540214538,-0.6172633429346632,-0.3972199284155593,-1.5601709062875582,0.030659039130419785,-0.8219591049519153,3.0703891202400584,-0.5765135623303443,1.2159459269009378,-2.7912097845645967,-0.09665259529415593,-1.9669505414749757,1.219974526374486,3.0301273597015204,-0.30726906499483686,0.5948194575576,-2.57070173716383
25,1.2368867609467458,0.13254517616486083,4.584755678514998,-6.171447685514057,-0.34937964129599397,0.5666397111835852,5.568492218757601,-1.0674054276786293,-0.09803633321462701,0.8115648679440657,-0.34225221201678657,-4.872363113791781,-2.6157840664894536,2.8699883352082374,-1.2332867992204335,2.580672831985126,0.3079409138973368,-1.9095312153808344,2.638272619338526,-1.2177420151648874,-0.33663423068122533,1.156449558605364,-1.0514222999340959,-1.188923632163693,-3.569183636263311,-0.0060371882341883065,3.5554780213871737,0.2069749310583795,-1.429650314625171,1.2424181866770816
26,-0.3065229140932839,-3.3947306910736508,-3.9654778008380944,4.429532469093463,0.8391741230547276,2.3980248138569547,-2.6850339609554155,-5.774687804549426,1.0702292840978593,3.6846280685605386,0.9196115784781274,2.785252834368155,1.4350044573464018,2.8281010436897773,-3.944112948468481,1.9441583393522208,-1.4385005775270745,-0.8246503143928816,2.30402237095797,3.1961976328882287,-3.9619393690662346,-0.7776820548904357,3.229938719032752,-3.9905372989222947,-1.399415183266001,2.904837498493098,4.474623477874708,-1.0457292499652002,-2.1270983192325463,-2.8072182239040853
27,1.6968290704750437,4.085846570989943,-4.92179354679751,1.036171367361046,0.4961525964490989,-2.3932060584775137,-2.437405348695478,1.3058257853819484,-0.16691633790709837,3.2311485168666465,-0.7964603062026212,-1.1361923094435546,-0.6496431715838185,-0.7573963148285046,3.5923187824698317,-1.2833491395347334,2.510025269569656,-3.411955426092444,-0.1695869453465093,-0.2661294238754639,-0.007726439449072586,0.06737904075337564,3.167169614468307,-2.791105846550643,3.934543182958329,-3.451636173883646,0.23097727302013737,1.159717599412815,0.19219942357491426,-2.0658013050826085
28,-2.109738720249444,2.032836355534233,-4.083064459711267,1.727213908305508,0.7941863942646727,1.638566521856399,2.2575006831815188,-1.6834537082364314,1.1319373059110172,-0.6470585374305315,0.6149177189211459,-1.6738434623468805,-3.817588154904298,0.6632081031631216,0.8142907698864406,3.3442354262978142,1.5542222104234114,-2.558368354866504,-0.5509490519665086,-1.5183145821044004,-0.9145838709353793,-0.4286636853306529,-1.4777944407240042,4.890305631060954,-0.6847615189626914,2.3229027328584344,5.740084061894322,-0.3741931736150894,-3.2784741768016907,-3.7255579253733195
29,-3.094659519820219,2.26612375599721,-3.8098131981624626,2.4068951116568336,-0.20320908724624176,2.434662937574995,-1.384479962715897,2.588921274337018,-0.879811534565178,3.2759592607673618,-0.0743212041718726,-3.5262678336515876,3.2069834456994073,-2.8931458259677694,2.5349493420161515,-3.660347950696181,1.796148471711824,-0.9845874827634944,3.2891397996118172,-0.923134941443843,1.8284275118392586,1.0700440669837024,-0.3639219069936246,-4.900554529997301,2.566002094885377,-3.2883695708542433,-1.8579015433708541,0.4586135928678541,-0.5549938996372639,2.676649326109114
30,-1.8237973699195678,-5.133924840156862,5.265184815312033,3.75549528653125,-0.11658799106306361,-1.9463699007036759,-5.6460962527303415,2.43551067563752,0.7812743290337867,1.0242623181016342,-0.15823904847628434,1.5632879784335252,-0.08718890763197251,-4.23076125122491,2.1241348189354845,-1.0690010912344512,2.210542011798662,1.0522744193571185,4.144695382979954,0.17036847971517588,-2.423384786456685,0.5039681585214382,0.16227912199680006,-2.557926356756685,0.9255024137968775,-1.7504942897779934,3.7552394856741422,0.06373446217737744,0.6184016544098618,-3.6123837262802567
31,-0.5557919264576778,0.111178384620235,3.9219458738013167,-6.225084966920104,0.8528433630313863,1.8949092719249343,2.1168605576066923,2.428765374729803,0.7097795845356227,0.15164809396262946,0.27673269841494363,-5.683786309249822,0.07458933189678518,3.1556968783392776,-4.13102329022696,-1.8049290257245065,0.6147617992079049,2.090904306507415,-2.3463240391539415,1.9236348351853128,-2.5101604259139023,0.33221313797728147,-2.9997665180317536,5.600403009936969,-3.3282887940699553,3.0978279379679847,-5.735352838060905,0.34164904472546453,3.5987727223286825,2.0253919271087817
32,-0.921927292107549,-1.2526932629197276,1.1980533010391596,0.018767664478975377,0.40416026322726006,0.5536393262819477,0.005349817169015836,-0.8639344640464941,0.2069265085919323,0.004963828171920426,-0.8604155604258796,1.5071098705393595,-0.7489424469527535,-1.5191769536087865,-1.1069662779157952,3.9699763777538664,-0.17072350225962296,-0.4241671970170131,-4.499053232837088,-1.3202073721123249,2.2504085189266583,-0.3978752867611508,-2.5804978900901006,6.547225262873937,-2.3798631863442345,-2.1195470544549266,-0.622324071309702,-0.7883793142712641,2.6553920208584394,3.2547216055217234
33,-0.10520877685038066,-1.7277345133235293,4.065024833174569,-3.4412036009753812,-0.7267458746187037,1.9358679325934833,2.1255781422532394,-3.399443797852147,0.861595515252839,3.259541401771674,1.164170299261647,-4.011441560687391,-2.9948111704126976,2.8386471797667987,1.170225392619102,-1.0498759383095475,1.4643953014894855,-1.4285807651532494,4.98535961227925,-2.199507347919166,-3.0708225292832125,0.42480601342684565,2.4167584023790436,-2.5565941508828516,-1.4281057104583113,4.947052123736167,-4.402282525175686,1.1568951273645798,-1.8347955450895395,1.5612365296228354
34,2.4565125399995225,2.5533212242909755,-2.51363137126312,-0.6000520195838774,0.4678895607626363,-2.3640399342061187,-1.1561600044736942,0.06394593841408991,1.0922023861311745,0.6773727564756093,0.9601820693579466,-1.6375431459052798,-2.4914412076372834,1.794872418002086,-0.8855408063854995,-1.498081504628832,1.156089881785224,1.9241012188642017,4.138980127131784,3.481615575965865,-2.3700566266709995,0.08985825498903743,0.6730095406547623,-6.01340687207054,1.0154082269413998,3.7553444872578865,-5.945730947504643,0.1905273542106407,0.17596015220824057,0.8084907268865145
35,0.6956947239000222,-1.6630475976536303,-5.753777317714967,5.4363842835107725,0.7210262590348195,0.5637196489230138,2.0425938427205743,-2.695720979873279,0.7682527975919564,2.423582497362151,0.9274511311913534,-3.4661592889929196,-0.648485952003039,4.108119728859826,-3.509198244901615,-0.6127183603420434,2.999389251177906,-2.337106422791164,-4.379504764557485,-0.11397767406478998,1.3352053994944413,0.6601772005987758,-0.7687355434851337,3.266835382014115,2.5469169984288023,-3.3436187365734007,4.133780203880505,-0.6210304876076709,-2.5746820459851936,-0.14136593214299076
36,-0.6634141574535004,0.681300025691506,-0.722448084936083,2.4327560355335898,-0.5382097394439636,-1.18998407939152,-0.7878281028547605,0.212663201550221,0.7163084349608653,1.538876165238026,0.9429053197016088,-2.622925018596124,3.425543208546056,-3.2688532089281743,1.0559844202390707,-2.4988018244900374,-1.332974349429234,2.619101754062214,-3.0894577381477575,0.511204293600759,1.1787194827303935,-1.1985850516333931,2.323587412350234,0.27453160109967456,3.0095674611441083,-2.3806635823834874,0.08301735086803319,-0.8020553524891794,1.6188901245135767,-1.5287560016529973
37,2.00943185319235,-4.9841482006846505,-3.0064573108937687,2.8217658785909947,0.7287786128268436,2.43062916696824,-4.024644740785483,6.1521061487362445,0.34180265113674757,-0.5968111342098403,-0.2985029516906659,-1.5739499731871724,4.24546053098436,-3.277263175525622,-0.1470488656271769,3.0554609433566284,-2.2475591053294757,-1.6290503278588115,-2.258855398829244,1.4871886869724396,-2.160992341966196,-0.10055759989371715,1.690037208013159,1.3431794457034556,2.7119401381495614,-4.930704528839623,-2.307625756238867,0.5523918068006983,2.22960318660234,1.7443951535259004
38,-1.1613599115496136,1.2641257482012342,0.21063024799691377,1.3928482179882877,0.34716183043442506,-2.053406133071234,-1.5127909460265911,1.4497023428295357,-1.1380829066650628,3.5368335179302406,-0.9024836430863408,-1.4331783649819663,-0.4662916314404697,-3.863338665802763,0.20835373919379307,-2.557943054207625,3.9921961695823285,2.68702344267464,3.710510851255588,1.4752847247782626,-3.947578854130974,-0.007711172322272475,2.6031135361683617,-3.83361908574906,0.5602315577833714,0.12467630919949002,-0.5305533717429434,0.16956157681009465,2.4489447755284957,-2.7728608475785013
39,-0.9005887485116499,0.3974261858573165,1.3314155747125476,0.9915213958851119,-0.41225271202452585,-1.4075216959187866,-4.226622248969804,2.5044140246261613,0.7194744300378968,3.111281215108818,0.8036740875663453,-2.9122215083695835,0.8888270916452505,-3.9334417958394816,1.2592520880909994,2.2316098871874566,1.9396310227953606,-2.3858782938796725,5.7794693390816185,-3.0910466918214254,-0.7658619392730319,-0.680559265221107,1.4920185881258075,-2.7340200308919265,-0.4232306527482841,0.8030433828638621,-3.9520740884542462,-1.1303329123863262,1.1353600060317817,3.5672342646932336
40,2.4842949267488983,-2.6756857848231164,0.4574988205803976,-0.7857282007986868,-0.9901775017676093,1.5097977400601188,-1.5472201189396415,1.0569914708036237,-1.1334874666464985,2.367708058776831,0.6505244733803499,-1.3945164173748381,-1.2500037110888975,1.5953539175283282,-0.47610216740559963,-0.20879943135945922,0.10867005843540767,0.23088133389020093,-2.2216617536741055,0.61613485249935,-3.8067849707479677,0.6843279296479885,-1.8210675778628485,6.549051520137496,0.26316886824336194,-0.0019390464631534599,0.8993978471228345,0.12109050674194766,-3.3268090384603113,2.0450908628153144
41,-0.5500155599339198,3.078569685992125,-2.6888615774313855,-1.6551749419852406,0.22361719540809766,1.5918651979503018,-4.940476686672717,3.6954617780314507,-0.3224971100761058,-1.0094023711167424,1.1416034406385291,1.4353109491953973,-2.229479224145976,-0.6989920544158217,2.7593410286379836,0.4835918531998118,-3.8256874866166672,3.5112258833406464,1.145401721403207,0.39747344508977633,-0.04216502869426897,0.110989742551733,-3.043953380984725,1.4322535006341859,2.7065521628327787,-1.3118650065103878,2.618110742325605,-0.5648135778559631,-2.327389137540788,-1.1205951832512788
42,-1.1909570685338355,3.669631537515425,-0.6551476883370384,0.6341977872421616,-0.5090257714489486,-1.948698796437764,-1.9753831773614579,-0.7536066903554648,-0.4826070401725113,-1.7471435697582773,0.1378501051203127,4.82089037252722,-3.1578348707523105,-1.5188622636534372,1.1536604961636456,1.2967367010694026,2.0974698918632093,0.12883004530949016,2.2917606464679636,-0.9210804002569173,2.382610478246388,0.42491593077029144,-2.9928296022689658,-1.1853770529588878,2.166612606956516,-4.1573896413570015,0.12489111116099494,-0.770142351459806,1.675823637345868,0.9602046373533693
43,-1.1396093056723835,3.7330695494977526,-2.1714504235920487,-3.3117107954855776,0.9178182385843896,1.9718827366678582,-3.8102771153200585,4.34557770614736,1.010152641207724,-0.23947650858141678,-0.9963269053434365,-0.30964981811031933,-1.8034868130208181,0.5604545129702316,2.521553278353526,-1.35322246000562,3.130632688961235,-3.055931207258567,-4.2317563696519045,-0.8543627401346825,3.3991460857149463,-0.8006991456425361,-0.07408167151100997,2.5617538412250305,4.635986418127107,3.3304135385263542,-5.836910515719676,0.28438096989526684,0.9663503977954235,-3.3802208086245233
44,-0.49845677042263503,4.287706932066264,-4.321956641941814,1.9936532740887074,0.06947780506154011,-1.5304245988521021,-0.6811561791479726,-5.268669487447379,0.6964677424942538,3.159396866800769,0.7776396659782101,1.316321391321985,-1.6798323197177094,0.26783861783138363,3.980617058466894,-0.0812379999349524,-2.1139255794758984,-0.37345977716968193,5.507782781974473,-0.29402318616184964,1.3770848600471233,-0.8257059277054379,0.0015481328313367015,-5.766686660985805,-1.945430956440262,-2.3408288419820877,0.38085328496602244,-0.21090251357524537,2.9010827687649545,1.2152262582665578
45,2.352450945168936,-4.330289496876052,5.081080364680236,-0.6759942208085725,-0.3657272874479338,-2.0615203047166517,6.120701035665316,-0.8274829635537166,-0.39384160667615475,1.436022031948884,-0.3723418739178035,-5.963056623466702,1.9609623548524269,0.3947420077342727,-1.0122611490505964,0.17606198275610296,1.3503229445879512,-2.869828140880129,3.6897270147897707,2.6518024364612955,-0.6789953897018233,-0.24007338970494718,-1.8863760326846872,-3.536084639159796,-2.0160991110796473,2.448421325960915,-0.5142610421709826,0.08004979003516421,-3.6724853676625724,3.6743744049170814
46,3.1242611232759074,-1.0379460950331563,-2.058561498672727,1.1843690831397637,0.21197410485628954,-1.424096717566103,1.4145698801575222,-3.0716274401697845,-1.019614757968402,-1.1078287511296683,0.12631378596499943,3.6581872831451427,0.992756745330361,-1.1821682033457428,3.390421821906866,-1.6111831928243845,0.6785244685150644,-2.2683516395821464,2.9350922482641586,-1.1855855953434205,2.0922736992288797,0.17583363684982967,1.1678818270996043,-5.185495816099259,-1.7502466771173921,-4.569867585767357,3.032320253265727,0.19590415729690136,0.72244747667364,2.3694423756484433
47,0.7623887696675382,-0.6248339697637952,3.5543458585215895,-1.43562549634429,-0.3158548820581417,-1.940420280022943,4.306491914683104,-4.213643732508729,0.6034203999749179,-3.4060268306544863,-0.34541397478655256,3.0551722232914855,0.365984111733507,-0.685572767649262,-0.6075539520378506,-1.5458538828159334,4.216279547457901,-1.7432830566883535,-4.6924506478177825,3.3727396881035823,1.8484432381501286,0.8140460408623662,2.7869537488331915,-4.1297320681317125,-1.3550845484451806,4.179952078857411,-4.306325270352765,0.5857194905831369,-1.3174355904914261,2.2131738398488032
48,-0.6546284572732706,-1.8518878729176258,1.883685468346929,2.272201681225731,-0.0666486844699774,-1.5827221349118332,-1.52805506546461,0.6461780101336458,-1.0263472970304517,3.5539983645742304,-1.1450837491034171,-0.5006902631096857,0.27328893807562693,-3.889790530762406,-0.4482354573604681,2.9704008102696697,-2.5374651548025327,3.631801394580119,-4.822204536895214,-2.303421951231531,3.633350373017297,0.24134085842964925,0.0798554530405653,3.171079803638964,2.43884920972431,-3.2836336591669557,1.3321533112949524,-0.8586972372240069,2.7948512445552183,-2.423522869183506
49,-3.4041339994479607,4.220923163116538,5.534300705890015,-4.824267619943907,0.7380901337950796,-2.264912383409799,-0.8835740498214939,-6.171583483428712,1.0792716827437854,2.3198827717837673,-0.2285049180896097,3.8845079968119833,-2.827470549399356,-0.804396099645686,2.8343127895792364,1.3116219159313154,-3.3179662069774896,2.803898150512005,-2.7627674792686108,-0.9695575821935662,0.5585028741385543,0.9989020681882339,-2.288546563806687,4.4634666829417995,2.047915122295482,3.2024659092524317,-5.191908026022631,-1.133286140762849,-1.3512800214782708,2.4260931567158472
50,1.2977420308768046,3.754834245909965,-2.440555608950369,-2.8797587424415916,-0.6579898605850845,0.9257279351902543,0.4123618566879834,-4.943344702191009,0.47970559695529325,1.4299112432725956,-0.3717479868053246,2.993113992080179,3.8432124782518713,0.5141795321282387,-1.3044545099078242,-4.100410339535346,3.4245484459362885,-2.3770756068731984,0.3692210676861727,-1.474411991526047,2.5083939159567414,0.29673079516492074,-0.159519342792672,-1.5404144444894072,-1.8184016806410277,1.9795756607491306,-1.1407052992495785,0.419157207310195,1.562868768503403,-1.0024946566721002
51,-0.083297265065152,-5.385060965682662,-0.45451700882971124,5.634875049989386,-0.6079273016358169,0.895927491223917,0.34587815231426333,3.5315237447389585,0.5469645743446856,-2.587538536342537,0.9704626604467617,-2.807290595502419,-1.2328787766794154,3.998499325775274,-2.9176072291742976,-3.929123416777472,1.2127269191220442,2.8683831777339286,-1.4248487344544891,0.042678761407207944,-0.9393615015976167,0.7603457625581473,-1.4608985111961523,3.022084223282601,-0.49353758255885083,-4.646571744629018,3.9573882034030774,0.4932659212721857,-2.4634271751449788,3.152882377657626
52,-2.623782312486197,-1.0599645337722627,2.2981495652684067,3.4933637096408354,0.19633679005148608,-2.3041032187022896,-1.6159857880949104,6.196493877559604,-1.0732350733931586,-1.6419930730347936,-0.097441809586849,-1.7678381334501694,3.853391336953102,-2.6290176065717628,0.9655599030297388,-1.3213676201300348,-0.39590347804432113,-0.4726625352366405,-3.4794891672776345,2.030443619994667,2.6849662175244227,-0.945872177522646,-2.6857707204721493,2.3957222277530548,-2.0780925336646163,0.6985684975305091,5.092224239132875,-0.5836421597998882,-1.3840513597685948,-1.745006683430212
53,-3.249386622789533,-1.9445137756356488,3.8186925597444024,1.6572376284912984,0.6118806236673837,-0.8939104134779416,6.111935685193426,-3.03937919000564,0.34469651418413694,-0.22262525590045534,-0.42607564876438886,-2.7685521047073607,2.558047282067438,1.6467327007745638,-2.373448492113919,3.5080090807426387,-3.966740654309831,-1.3725999171607945,1.696786898622733,2.0854919745768434,-1.4567127333822203,-0.30659262580531443,1.2873360535543874,-3.306309567566746,3.271174746759147,-3.510700691110639,-3.3934797783127095,0.721112358281017,-0.5513124772523277,3.4632058416355918
54,-2.3778147455626417,1.20226279974057,-6.056528385432269,4.694254899383292,0.20011522705733498,2.3377102048136837,-1.0214852185980234,4.017210736534551,1.224354721455624,2.3570648839574417,-0.47461133977368863,-6.102533783576202,-4.129259292414858,-0.5743727614469236,3.399913765544813,0.6600049871243847,4.221242724483677,-3.5775294232909847,0.1759303271476007,-3.180716615400403,1.8019627854118312,-1.1098763691484015,-0.5172387050977996,2.8299385770868497,0.6948220456048482,-0.2301355774283813,-4.3937158778016006,-0.06232434325529379,1.8489198430128617,2.142433909867634
55,-1.240722523427019,5.56954551269515,-0.4378453826515418,-2.924072064025914,0.25278206397161274,-1.2196876065623634,4.708690233339837,1.80754568922179,0.8020073772160492,-2.462982077287654,0.8078193240959752,-5.663080546586301,-1.5963167012707977,1.3933335417990662,-1.3245934913107078,2.7900160680899724,0.5462169532878676,-1.8086563705953242,-0.19515170320842046,-0.6349461361856648,-0.39607438109230486,0.06936765217177765,2.4225848255267035,-1.2657802572124268,3.98167757393594,-1.6574572174985818,-1.8710634424416632,-0.1119452567047805,-0.03632406403494315,-0.3048875932559145
56,-0.46478277556250447,1.0797809429367184,2.498364536095419,-3.616070411678738,-0.8476799859825455,1.3503876941915784,5.083543606016704,-3.544753002198302,-1.0071819053676894,-1.458186338681271,0.25658248701995134,0.6699951532102943,0.09242830859414042,4.0572950992979955,2.09786455404139,-3.76113470977568,-1.8119645024727706,-0.67448874968502,3.7251864839323474,-1.6999571273943985,-1.195646999662081,1.0102167523398213,-2.83104636986206,0.991247260646066,3.6239989103837758,3.135768994425632,-3.5902930892286555,-0.21692404277530386,-1.3522985383961252,-1.6002522344092487
57,1.7739725409135723,0.9539714498280389,-1.9173714557465047,1.7055104631566955,-0.3462996359168349,-2.1697833622350524,-3.3512325827073397,-0.6058733908058649,0.4345675470893786,-2.8740929381944014,0.8224209203104538,5.574210444307468,1.6711531845115957,-3.135476609316118,3.5299034044122735,-0.21604353750026917,-2.442954260132515,0.593417818025129,-3.839911057913394,-2.5021076131234583,1.7596899306237717,0.09841019452923128,0.6622548287492833,3.821663717134218,-3.0441296882998756,3.3136483060262627,3.089404723971409,-0.32598487708974844,-0.1920822786512133,-2.840856185956749
58,2.5706537651615164,-2.5711842528214888,-3.3112614570303194,1.6804691303030026,-0.5474799336941778,2.178802748081397,3.158302612533948,-1.1253583987557825,-1.0684763279207385,-2.4435977384624916,-1.06081128536667,2.539941137971425,3.74821349060484,-3.8399454423645256,-2.4519132664186234,2.279807920442373,3.092904830433014,-2.8290675326969925,2.2001865930923366,-1.938010186425812,3.1476048140938175,-0.9294610810317554,1.0820922950959613,-3.5624124348248927,-2.794618372187461,1.3710599780783852,5.004648675854561,1.2038036281435947,-2.463649195533989,-2.3212447143550126
59,1.1115392817716483,0.8535959840964011,-1.7548798872308105,-1.3045381902380235,-0.1717863974544398,1.2660692090551393,4.757064930035156,-5.046617023714557,0.3274973941857393,0.04889922173132888,1.0440279747593486,-1.1308724969973163,2.84549632079084,-0.7842379815059353,1.420599119903276,-1.506015293676258,-3.811207210515253,1.8353650450034387,5.308796966511167,-3.471455438711466,0.5199486800592297,-0.18731742064135926,0.15205199499578903,-2.3220247822137132,2.3840479844852815,-4.092384939377737,2.9175293840201455,0.17907367873459723,-2.3349286199377772,0.946662512075557
60,-0.277043406376114,-4.043833268231623,0.04563654039879239,5.965538968558064,0.36957320436165597,-2.0598720387108607,-0.8028014461508626,1.8222126907221288,-1.1179567403002437,-0.5928991332030691,0.537607993997633,0.15383663493411603,4.024411877523853,-3.0050997181550354,4.068792335569498,-1.8330807379451048,-1.5750323821968006,-1.679991374796309,-5.650628355184654,-2.142309336343608,1.4027557389192964,-0.21234343042919068,1.2868426122980399,5.315682770739784,0.16511849287263303,-2.615285194231493,-1.559824509635014,-0.5370606405799183,1.133288259368861,3.413763592205001
61,0.829427371414404,-3.669282999051376,-2.3572582584852775,5.612350129872329,0.457782052228227,-0.8730182959784099,1.837091692948313,-1.7560886694844555,0.030485837286043704,-2.087853208297334,0.9498078328117536,1.0265565147353612,-3.280712971910617,0.24060497920535084,4.005317831582715,-2.7214862179894403,4.183774454532401,-2.4274980754202886,-3.4700782606739224,-1.6364629629155054,2.6123653334113364,0.32135264916781203,-2.509048024533314,4.681871265543233,1.9545189877778313,0.6490061709298693,-4.315684336691405,-0.26235269804800154,2.5323033305910876,-0.5577914545592773
62,0.8032901234143086,3.1778954267776456,0.016620287256323252,-3.455652549038163,0.8803788942876447,-1.4225321826978892,-4.345457683351327,-2.570536875930035,0.5695347816798026,3.695228853283833,-0.38096164570078983,3.0321925700182355,2.992537689741429,-1.3435497146032773,-3.4490859905327422,2.8917610512354592,2.334412281712897,-3.4260753175536482,-4.568872739532257,-0.03796690295221694,-2.0631635940699997,-0.6851452348222473,3.016938447242307,4.338210024134025,1.9428429267450937,-3.9391930540847504,-0.986166302024845,-0.22135706348613304,2.938495900891308,0.2653775919594068
63,-2.0477877552396215,0.22659340442884712,4.22445773140166,-0.28784180163292916,-0.9789103518869198,-1.136511227071173,-1.4622185569423287,-2.157343959666221,0.3502986117273732,2.0398261795769876,0.7574438607782934,0.47199386452561143,-0.402186726483567,0.11304828921310417,0.6337442518527681,0.8404467279060448,2.354251530596809,-3.5393040730850434,-0.32091891498582115,2.9129322285493195,2.4956623221826035,-0.4708767441021955,-1.0693985060105984,-3.547400385633683,-3.005606063544427,4.552367665718602,4.477205337357308,0.2801422195870913,-2.809458678182537,-3.494650480935965
64,-3.2936918774521384,-0.5515888621755494,0.9918072325048293,3.996030712037758,-0.38456582490526814,-0.7579913800097806,-1.2045421144197093,6.240980159905369,0.9661465747331626,-1.2221371929658211,1.1243594452451893,-5.90480687249849,2.335745732724618,-0.9732243285688504,3.1358186520838593,-3.743402097556043,-3.7440354409133203,2.989097482229841,-3.293373787632685,-1.315261630389843,3.880013032208897,0.8807244262847611,0.4977772127318847,-0.6498792532034052,-4.868767143049093,2.7987490934172214,5.149252051147357,-1.23017903424565,-2.219665517234162,0.37061054996443055
65,3.6076858115598966,-0.0913695021862253,-5.021842065696944,1.8737442327985967,-0.7752737670536938,0.40705529057820655,-0.4766231931560654,4.062200653279703,-0.4184114968481927,-0.9081708804628512,0.14931655233465513,-2.408311635147559,-0.9280626741614455,-3.8064675972819035,1.9046708034246613,1.852558216672442,0.8925736935927624,0.084727557753558,4.998379147623606,-1.0247124610819558,2.274777899841162,-0.7745719944707714,1.2547556858195268,-6.728628277731943,-4.540585596239287,3.7270256524414123,3.298437648700549,1.2199677290619375,-1.369523489828131,-2.335321944136357
66,-3.638540829317405,5.358893039740082,-4.9010721177215935,0.7672690787384688,0.25184519268380035,2.1616056358764553,-2.7567300602692235,-2.0950985998783622,0.22627231577135642,1.779824457732559,-0.4340315241384429,3.2797634107817792,2.7104409529268487,-1.6484771647928298,-1.1991580565030855,2.2083069891516516,-1.4737109971241296,-0.5974017236583595,1.6583881750561922,0.6218824103328835,2.3611394749294305,1.143787265479288,-0.7873597120519182,-4.9978376137462845,-4.609442572545271,2.056163063463945,0.6660324237876623,1.171250834014316,-0.7565209731057045,1.4725172243852143
67,1.456974055806338,-2.404015576746236,0.8305434449852989,1.8952132341870076,-0.3609292615413031,-1.417785896691301,0.33203373467758723,-0.18515722441649984,-1.2343850710756712,-1.1936988321528013,0.8183623882993398,1.4628450046677237,-2.0428050666388717,3.500111050959813,3.7504010946628377,-2.0483607468124596,-4.099065325650891,0.9397189934796906,5.998364822255418,0.6668719398264482,0.7318387012069181,0.6063340993557631,-3.012085718497376,-4.991323844147548,-2.7868505779993917,-3.670728340711957,5.036318451196735,0.821025150266987,0.9803536836139628,-0.3801183663662009
68,1.7125267268946018,-3.2987667022812808,-1.7861749399176894,5.091852002169361,0.508078761986344,-2.2275158488515325,3.152431668943265,-1.5285128378118706,-0.12099163316484329,1.1383488704961913,-0.7047939410287647,-1.936482127434303,0.6883174456276429,-3.047900083291596,2.2754014249714274,1.1839606691453959,-2.499937386774576,1.4001579303218143,0.5745612415432753,-2.072188187057007,1.872516837349064,0.5891931775694141,-1.5267267270750189,0.562643657669895,-0.8977741561432993,0.7944250648481237,-1.319016564029603,1.0098952381725095,-0.2806424765430009,0.693112893695405
69,1.2360842745590084,1.9253185617629143,-0.31301211214232794,-3.601839837568818,-0.6824675032061296,1.4359166165951969,4.2926126807589995,3.3289216120293474,0.5654443977698085,-3.7415928083175523,-0.9842037703211668,-3.4611821119197614,0.9844687026201306,2.5488574703821314,0.4016709083697485,-3.6443832663261517,-3.8922229026446225,3.6016090875988986,-5.621872128583551,1.4577953975479954,-2.4860688379062754,0.08628545150195688,2.8072283895461965,3.7566317278932893,1.8031044106629075,2.1159953244304823,-3.323558558871163,-0.09834353817449859,1.312073488219358,-1.8092711262669692
70,-0.7338943348484737,5.36260964629183,1.4494542061837485,-5.963526873354272,0.4584372769664964,-0.5730799212394757,-3.2650350399499466,5.884970957253223,1.0834544374155533,0.6566735831794688,-0.7813373051007808,-3.578726632797885,-2.046179788117316,2.9500139964010224,-0.743461149526965,1.089327846546535,-2.6663269667471763,1.4166260614440134,0.5489287283926814,-2.001788496982254,2.9960880947256356,-0.37979707991449807,-3.2406447257871616,2.0772134795652235,0.1778106898763241,1.566394504959888,-0.04790455794683268,0.7911528454182948,-2.6151416745575045,0.12768819224995376
71,-0.7067791352901036,-2.1264426062581983,-3.871853576958859,4.231694638238132,0.6462436149092574,1.827137065359583,4.726507994040112,-1.7333249049239186,0.9800481177950662,0.979473625868243,0.9245769128803465,-5.877281745660184,-1.9930570250761939,-2.9725956323908385,3.1904049772619416,1.832678488428538,2.7209991897546395,-2.7784299979780105,0.7259258380295428,-0.6945378265916275,1.390383615796086,0.2747921743645412,0.5520817139618028,-2.248645515560696,3.1571239101965,1.3258138758186284,-4.512358304017475,-1.16344240556705,1.9818263097558493,-0.788963386186289
72,1.543844502944495,-1.6737499057142102,3.835032663874191,-1.2133430171950401,-0.37163289358118723,-2.1201513503284577,-4.503982074819685,2.9175447116649664,-0.037270845244878004,-2.554129233415731,-1.1142728419970558,5.292110283812047,3.5870435081852783,-3.8261152659253277,-3.303535145144176,-3.9748841174038922,3.92842547665067,3.5890655436375027,2.5282973996975144,1.0215299472403778,-0.35872373525541335,-1.2090671555432295,-2.5096122747033114,0.5275758185636867,-3.6089323303165557,2.8929961318913158,3.4607160428374684,0.8151509302616056,-3.052912157539259,-0.5070186171343778
73,-3.5809426601453094,-1.3598892052929124,-0.7132062387995184,6.22593666350846,-0.3283521664665845,-0.24354639280434753,-1.4364145192020707,2.709783870312588,0.8119988140892778,-2.382612149562833,0.2957386941186746,0.0015052902440118032,-2.1499742385599543,3.0050376896626467,-1.8094196662423307,-0.8134334717630693,-1.3267676050305113,3.0945572919332776,-2.270165901883761,-0.012986314107232388,-2.6229384967034086,0.12989791722677868,3.167782163612486,1.6084106318547633,2.878297522010282,-4.6875223958125485,-2.9288990522505784,0.42676323764927737,0.5650966644458997,3.7462640239578526
74,2.7406975457902867,5.263824931297336,-4.607861066367864,-5.598541815786071,0.7007971250003204,1.501083280065826,1.1277856223080178,-2.293174606632636,0.010647969571156324,1.7482271326202792,-1.0326392237146353,0.43915310584748823,1.1934133346464186,-2.596541628984321,1.3528630229590952,-3.2488297036970106,3.2720472014161786,0.027047773659667484,2.8138632269358794,0.6443935372794449,-0.9584133547527252,-0.8839250376418804,0.7193507227560598,-2.335269094577189,0.3112541273881355,-2.0993510304203795,3.217050595104979,-0.6960800186189502,-2.6074327477652908,1.8745590743117049
75,0.534451390407181,-0.7949648542890912,6.0478877055899645,-3.1882902418944354,-0.5813157614856839,-2.0177682383281352,2.3166496213436005,-3.302273703089849,-0.31233037316575984,-0.08276321856090085,0.2992290711329808,1.0814886023396042,1.5675953553721556,2.8769447865329028,-0.41932760744735376,2.23193036449468,-3.918715282082811,-2.3384276168695717,-3.3869645211839945,2.5691100909464453,0.2767125252303231,0.5965008171528723,-0.3680683247212482,0.3127094125751668,4.9229980431511535,-0.001207405439608067,-4.107183839083973,-0.043517985740377796,-0.06242704300285773,-0.7086617698841131
76,0.021848832149011344,2.328943670137601,-2.1611677198685086,1.0805596142124934,-0.03322327864192287,-1.2369611179888693,-0.05580026297378993,-0.39226195857402857,-1.045701507430267,0.6554760798635932,-0.07505809256148588,0.9133457416756592,-1.192042944893874,-3.409926597614403,0.8459626125432465,-0.45962545620865214,3.2488295412583845,0.9668028449153265,1.2584580862668808,1.8882122981826246,3.570375783579241,-0.8277277521122945,-2.288801357779045,-3.600517058137836,1.6241875495226807,4.99387832454763,-3.6616726570108895,0.5120958035692595,-0.7470725170660089,-2.721416503562452
77,-3.1428115812674253,4.525710079077914,2.739040564884803,-5.090390598448746,0.79368008907666,0.17477144667657463,0.5169400696185242,0.1460554593649661,0.11661375631069593,-1.9773152892151362,0.6965298304287906,0.50117617349186,0.8560011629621869,-2.9444954536412453,3.528870873254796,-0.38927595153831973,-2.0000050428126013,0.9489044117752101,3.214668200957899,-0.567602926418969,3.2226692532580508,0.44590870656893866,-1.5158621651254442,-4.799781069240904,3.0305462530151743,0.7494251865697557,-3.7335513198870736,-1.2163950552231664,-1.3869465181671643,2.5569214536926808
78,0.4406812114883625,2.307074696923376,-3.8250795392738617,0.21282548979335303,0.6807697048573695,0.1837284362111955,-3.3149034587110897,4.930124398772197,0.07597544851529303,-3.151348335672088,0.1746880954529555,1.2854638516424473,-1.0788478218328983,-0.30365796681922674,-4.064054884845994,-0.2839568298764483,2.3706202233691904,3.3598972800054163,-4.0004231211479855,2.312849888738956,-2.533164360463548,-0.2771840084472874,2.1948267240553783,2.303094877264062,-0.9276674457626406,4.362090602464967,-2.374325956408711,-1.0170603952091497,1.7391634920549315,-1.7822002971392266
79,-0.0007500091070156145,4.592673554152498,0.3050029997915473,-4.446388501254194,0.17171911885928148,-0.6222571624423061,-5.988388299883404,1.8140690051954635,0.4782223329981683,2.7844031576425117,1.2300692740557757,-0.31837547000881017,4.045892516466857,-4.029105462668062,1.4893811641349863,-1.7441973175681795,2.4011043373707253,-2.163075237736276,-0.6994831153521162,0.20308459723285033,3.004780681995701,-0.41122043691735666,2.7727874345634334,-4.86994916152295,-1.0669848169681941,-0.3409798264886099,2.2498024868634268,0.7013513954863528,0.2990813595207378,-1.8422705984135597
80,-2.7950929831386695,-0.4993295009306884,3.8156465745242976,1.7227383410151766,-0.6933323280468726,-1.5506301034234262,1.2144724447959945,-1.6546795456104064,0.43576234676608205,1.251222782850892,-0.9442541457777391,-0.3025238830250814,-1.8765539405918652,2.0009061927675624,-1.458780619172778,1.5194938112915537,-1.9930578519543367,1.8079924076599418,4.4878085304700015,-1.8341845503643963,-1.4397022905044388,1.2199953445194103,1.813619823905153,-4.247536858026145,-0.027287626359772332,-0.587772907676257,2.098239259986194,-0.15756035285703884,0.3262932323041152,-1.651911605397073
81,0.9146200994308309,2.312477193652306,-4.266070820030098,0.674508025091388,-0.16978365565374198,0.5342491575091302,-3.060466551215047,1.3012795987447419,0.311313815701145,-0.30567836224378553,-0.901283172049137,2.6548346710618347,2.4410229269071593,-2.268955652430815,1.0830735982335042,0.7397645678990834,0.3071204512001522,-2.3020258918090164,1.4286122829354788,3.2113909939499123,-0.9452869526353727,-0.919378110812537,-3.0390133108179054,0.26367509738000194,-2.9975710917375338,1.8006023236055917,-2.241022849592131,1.0090130758021578,2.5577726600744484,-0.12879411815240083
82,-0.2171921349755035,2.952707260773689,1.7898788192517472,-5.5418002189068645,-0.22094154727228577,1.2373478211290276,4.288048804178146,1.9104388051379502,-0.8313691823451528,-1.2237825381818936,0.3849607309039138,-4.52829661969319,-4.24766466719216,1.7008725640233777,-1.53484176677771,2.5383765997469716,2.422708012904579,-0.879450742704984,-2.4178370886449407,1.5010808100250586,-1.1883274382816804,0.3769354207557285,2.7949740888902515,-1.0668257927448046,-0.8928007260921511,2.757141183164009,-3.836061430647618,-0.5774178248647202,0.09855674097514289,2.4505820574654535
83,-1.7990222433213887,2.767331990799441,-0.764314282244829,-2.809318252484566,0.21008466936171244,2.395238117889468,0.48271073929684505,-3.0590325641686285,-0.685285079295368,-0.9728508502514739,-0.8361214309614642,5.070579185379884,-0.4104249197801444,-0.9675068961011277,-1.5485351073150806,-3.0945260025354973,2.615403331302179,3.405589594429756,-1.663757271524723,3.2978743094807115,-2.6725576608405124,-0.4497308973447769,-0.5518273007057797,2.039998820934688,2.6644955995751047,-2.31681306229644,3.2863978679496384,-0.4203003395622016,0.0529689242736513,-3.2667489899396376
84,0.968641794048656,-1.8532202015811592,2.799923785450556,-0.5406717167529926,0.3508900214973605,-1.725563682662541,2.360787044692625,-5.192571247507782,-0.4456087135182383,-1.632247946397042,1.1747323434400734,3.7349085192901548,-0.23218138497755447,-1.760008149916974,-3.26519608903709,4.201416496386436,1.4605211338582542,-0.40455200631297394,-1.327547094073804,-2.82623677311366,1.692560882639583,-0.6128341330195282,-2.3332738295034208,5.407330947070456,3.823227404873343,0.09666472951620264,-4.96151722623879,0.3386987138894746,-0.43844985258361113,1.1413762305434645
85,2.209717838203332,-2.1814187526197557,-4.096533403216402,3.2139245692642007,0.6849146059076214,0.16939514246089438,-0.8074317563458422,0.9432431476877987,-0.34039987856047293,-3.721541087508628,-0.054025340515763354,3.980154915242707,-1.6938524371905892,-1.1731856550322206,-0.23827938274776628,1.012329360552556,3.7268187005481863,-1.6338305861301095,-2.385868286671233,-1.6119100915574602,2.004929007794697,-0.23818982725757376,2.5903901562270963,-0.3593509585359129,0.24240367722875078,3.2371894820697307,-5.499183359717119,0.3657643203843328,2.464505619385289,-0.8106797393509275
86,-1.7469264495927064,5.005077824053107,-1.5685882906255486,0.9858901287632911,-0.7918436951267971,-1.8836095174714327,-0.12947595447220195,1.7814641630062802,-0.34410139180179566,-2.5709285833322983,0.4044270885461074,0.8586146780537014,-1.1886833314185523,-3.2426627770213017,3.4314033431694924,1.8439260986939807,-2.7627435393766326,1.918760205953074,6.024852121007701,-1.5340376188530929,0.2418372180421251,-0.2681863901947592,1.2874617349088755,-5.7519270649112215,2.536111195127674,0.991921634893739,-3.089865506084834,-0.4803744984300087,-0.2600831787572293,0.30229035325070086
87,0.8146807949609176,-0.4299804525475146,-4.74143717199291,5.491233241182783,-0.862057161564115,-0.27243925003923586,-1.609101999626212,-0.9234346836969394,0.7226347638672763,3.0283707592712474,-0.6654356084237314,-0.5530332313918791,3.0643127991697483,3.700444412225661,-4.232850807237737,-2.7778080449284808,-1.3199434269458106,1.5658450677166655,3.805816174622816,1.8542409348000746,2.7697209652860693,-0.2685038057265112,-1.880995737946245,-6.280278531036576,-4.336953938507952,2.243386213670515,1.2476858730989981,0.11881709807992547,-2.066997960659805,2.794062714318361
88,-1.2140666297985803,-3.1914766396016887,2.1765289692550454,0.729824451072524,0.6196793886977465,0.879510460374874,1.697206741191554,6.1612148690606645,-1.2418340023151382,-2.775305607309086,-1.1825317563931232,-2.6587502442350903,0.05343356967279789,2.755927588628065,-3.9012194927600987,-2.2789370515781577,1.4137224217523006,1.957072964285146,2.9354140715735895,-3.0529690704945,-1.6358993702521296,0.496577656353522,-1.9348950854681135,3.1917717982872595,2.3248328189013137,4.079088923223139,-3.0509632366837174,-0.9009192076550097,-0.6902580119637154,-1.7617812858219821
89,-2.3290176436432475,-0.03635025341998244,-5.539600752737368,6.018423470742551,-0.1505318673314655,2.0370770463894274,-0.3027066967516596,4.301577366967926,-1.1806957947528613,-0.415300766665025,1.1657506531198907,-3.5686247619184996,0.9348084347364853,0.503664416785373,0.8595120974335302,-1.0160074388281934,-0.7161130434397052,-0.5658644666874384,-3.3413376416861844,-2.245196510698614,3.3028834092849984,-0.4594083895567529,1.853756724098286,0.8893024085578958,-4.632637070777122,-1.3954066387845856,2.6468602063638897,-0.3401561144591563,2.450044103478831,1.2712955141781563
90,3.496668087994511,-5.567476941310986,-1.3512509938828785,3.4121821056725494,-0.765682493081278,0.7755602346080117,5.073708012852183,-5.103556212243419,-0.7104552402874207,-1.9581974864046359,-1.2341412669305853,3.932642193013674,3.1881067325753136,-4.194866002554308,3.9352398471248087,-0.11105926498789742,-0.601450514441467,-2.215970797716425,4.845763759600494,-2.7301932598216823,-0.3081331392301294,0.05172944473431329,0.10159751368882652,-1.9607643189721813,0.07919185353395974,2.668207686784637,-2.121432287686421,-0.8181858835443556,-0.4782983873230684,0.6705170182352838
91,-1.2646554239486285,3.9665792283133037,-3.5464371872015796,1.057194815745646,0.9879285969005962,-1.2006100298094076,5.927650158689328,-3.8593387349543775,0.5006154391099704,-1.6612163423897677,-0.07629313749841504,-0.8314173829569178,-2.0818711992703527,-0.037214171089257064,3.4486186489416326,-3.6186386149194085,-0.9157452464258569,3.2048505827632887,-4.941905644564827,-0.9087345450160935,0.2087280110627141,-0.7183539142536572,3.0156902383971023,3.344575854374412,1.2809516435152872,2.9386371122592223,-6.127365400221144,0.9755961740267995,-0.8449796880435194,1.7771601584633885
92,2.3441110909266776,0.27151103934589216,-6.1498235428305605,2.0418108845562593,0.6689131403588702,0.8234773876427592,1.1310968444530687,-1.2085587093130528,0.5376202671821932,0.8864343506282282,-0.9781522050679117,-0.36844054788269887,-2.168929991349742,-3.39217207898675,-2.221293160176401,2.900883555963663,2.1208183951321473,2.7606932794171364,-3.503478415772065,2.6360189173399036,0.4997550150454657,-0.258739656409702,-2.06959873227175,2.696042872067782,-0.8719129823039182,0.7888343932137083,0.25852210447416724,-0.4218678631433983,1.1669835453710569,-0.920559197611599
93,1.9594112191594704,-4.264330888323553,2.9975904484229794,-0.8275888918124963,-0.6818186465454845,0.8167367590989638,1.0350242747274123,4.318887782361767,0.2409885575817885,-1.6991130367855796,0.05939862709756216,-3.9551862049831357,0.8810359687118101,1.813693895804029,-2.1058577832266003,-0.6087844342683901,-3.460540538546674,3.4804528915258643,-0.8025450301380772,2.125043206420667,3.1658812388962296,-0.055643614833533306,-2.441751524182491,-1.9909842761631502,-3.4408135285259682,-0.90600649894456,5.307067052594039,0.6706850976361896,-1.5236743471153051,-0.10725777564437067
94,2.69514506883635,1.1393298526971094,3.726962109469781,-4.97756668364811,-0.4872144592660037,-2.0966558880892165,-3.2679725442741905,-0.5563555557575626,0.11065005574629083,1.9368516066691193,-0.8199258615821421,2.596752299198311,-0.3491266637376782,-0.019947184976022214,-2.6787595321049125,2.938029676159264,1.077955002165087,-0.9681512975057043,-1.9473981557285427,1.966754646408516,2.242974146631788,-0.7603950402577402,-1.7406277406708721,0.2386921436164684,0.19046066705338305,-4.387570253105162,2.2036005393455156,-0.36782198835475644,3.1297151115179673,-0.7683840764569343
95,2.375203120806809,1.6630996890199015,-0.5551533253676055,-3.0357611844220536,0.9097527448976406,-1.357141044934771,-3.2800055631523826,2.2650496412203687,0.8472889041873914,2.491814436291442,-0.07977998871618297,-2.2443674298308096,3.8287808311375677,-0.6706687103669928,-2.6651383117211953,1.0338707819948674,-0.30417118540507104,-1.2226734056391209,-4.412961141877027,0.9739110270229734,2.9649202566472184,-1.1062764815365709,1.0872505145145883,0.4931558252284489,-1.2405250427887502,-4.746829972724846,3.5022012253559183,-0.6779464420156263,0.955372515591769,2.207727716581555
96,-1.4972574575792805,-0.4387775557570528,-3.7525607120734215,3.911570282416541,0.6910595839933893,1.0859658589997565,0.4674755485347184,-4.087055170211229,0.7184567905033559,3.3079817353933336,1.082916832342951,-1.489775736563253,3.6837846888177523,-2.0710323475051666,-2.909451517475624,0.5398502160432059,1.9772015675574544,-1.2203526074375741,0.9991660614378972,1.1908822779053452,2.4062318167644356,-1.181692767287223,-0.5855872806680207,-2.829000108152794,1.8173284132729215,-2.5580247672473284,0.570914461208492,0.00712086183079208,-1.480294573760668,1.6429556046958176
97,-3.14722804131536,-4.31139823340267,1.5936470651635517,5.657927221794484,-0.07097472822959427,0.2780267159895349,0.029390103037457038,-2.2881503898032634,1.0782826262777405,-0.4933690873511072,0.7357465907838288,0.9381001570551675,2.6351754615685223,-4.1736312688512545,3.659765546050526,-3.319216140892511,-0.2924615224153726,1.4903679245401271,-2.927724770785872,1.6016664345167673,-2.356607216473849,-1.1733328105490344,3.0099381931371028,1.8460601701545478,-2.3350852671596236,1.5815117897200714,3.5216348322505446,0.8477931455709466,-2.1530191459812276,-1.462835354400669
98,-2.1890897749064067,-1.198214975090849,3.542866423042227,-0.44771125377441123,-0.06317861512896328,0.3553281958583465,1.7695978951629279,-4.899276040972982,0.16303435115249432,2.8648399807819445,-1.1814642763425773,1.283268090218023,-2.003018234340434,-2.550889260992678,-3.8170128230338527,3.4591077249967377,2.6862267866344958,2.22558580673574,0.3392621967679794,-1.959341391246193,1.4995579952295586,-0.683887266458763,1.4624526622769913,-0.658044196569918,1.0789804816643347,-2.1551327668173457,-0.8445928505734557,-0.21775466168192636,0.4886610270856462,1.6498387703227415
99,3.7404188996188417,0.6401599637456492,-4.634412657414675,-0.4318376449725996,-0.006210279744979008,0.6918817187677462,3.677337233587213,-1.1249328916945416,0.3420207644108295,-3.025783539558299,-0.1930833713161464,0.3244418045707853,0.26391674373028096,1.668185344297374,0.28720295777146276,-3.6438399035093134,0.1706640258999137,1.2538708318102927,-2.0350355072215898,-1.3873467414128857,1.9409992442190678,-0.9340370391356005,-2.700910112647726,5.116330156198387,-4.195800137778196,2.348635007335414,-2.1099172563545032,0.946489608009748,-0.13024838615814183,3.140841164945698
100,-3.432833211013767,3.52034160366496,-4.1082272561528015,3.9387462251814434,-0.18925898382172646,0.2712316221418867,-1.5376936568380657,3.749024721922943,-0.047279360955313265,-2.876814736850955,-1.2120358761481036,1.9247989088693345,0.8851208447742209,1.6540404353283193,-2.6111647444180512,3.5862588579693124,-3.8292011136454267,0.3149457199916519,-6.0432281147148394,-2.743047473698006,3.970105120260172,1.1210364427647992,3.234693546957679,0.4604404784298417,4.767294966750381,-4.894904303634878,0.4543536833679589,0.9251006126227779,-2.767031693460712,1.515186734354483
101,-2.8713805451891687,-1.1178865846474508,-1.7812833872828264,6.1507794937461036,0.8679291032532026,-1.2481580798798806,-2.2329327977808866,-3.006103524683315,-0.0054991977878389164,1.929425617129315,-1.0754361403193458,4.390546043441912,-3.010781036601152,4.021114562269684,1.458818004981687,1.5711453653140062,-0.36234078472329756,-3.677956111240915,6.127657276661921,-3.423427268812505,-0.33914991417359097,-0.5850781495969679,-0.3764031092938591,-1.4035988347853383,4.261410558982924,-4.911558771222685,2.1036240917878324,0.15057609155899154,-2.441114687020608,0.8370627159135502
102,1.2549704074111183,5.336784769556321,1.0426613287643747,-5.78155583470037,0.5168961579624827,-2.369756828993939,-3.1293979266482275,5.004740197308802,-0.027468460874043643,-1.3266684400046955,0.049029937113115096,-0.5702353068950998,-1.4277533322908234,-1.4571459544239609,2.8838840163599713,-0.6960077550462849,-0.39791814899237465,1.0949411743934618,-4.860319759836475,2.4825287171019745,3.2397908311556805,1.1768937122380905,-0.042830206018145134,-1.9960632946414911,2.4410021712854295,0.6337010598765573,0.13819794912724603,-0.6794329064503577,-1.891722480369225,-0.6417457934696351
103,-3.6731096040678537,0.6719200018950673,1.5581263814457245,2.955004280529799,0.05870457550139019,-1.5706456353041354,-0.2597340116305773,5.939181855784259,-0.792232529649846,1.3685365343296958,-0.3721666093485787,-5.8835852394851,0.12140512740327125,4.091612961688078,-1.0273724545596075,-1.5330557354645542,0.541433297936802,-2.194023197003988,4.322813994982408,-2.1556299814777375,-0.06203018170288388,0.49797870854882653,-1.3789569115981077,-1.2241756287528993,0.7578575206004814,-0.060309008252495744,-5.2077652556101945,0.4678934607403944,0.4491937021828072,3.5931295803390455
104,-1.2282407729450497,3.2143905003559112,-5.182397194653074,4.438613519864923,-0.5334645410984511,-0.7089015115242603,0.4973091712691122,5.795221037127728,-0.2226516147430777,-3.29848119511432,-0.11845666640537544,-2.6529407321341765,-0.5500292219077423,1.0305390647654775,2.7462605376265863,-1.384429548640826,-2.984537535563808,1.1421967037203018,4.035833540921164,-3.3828654836917984,-1.9350628476538194,1.175240303122079,0.3702376118997055,-0.26338312459774116,-4.083083824408085,2.1460308515737125,-0.7323729211978289,-0.7544565352668284,1.47530689801237,1.9485755312866786
105,0.09696462262018457,3.8577573546187196,-5.114960893221564,-0.14923289672990947,0.9934423189492856,0.31602949376325107,0.9401299311676006,1.3916524040262566,-0.8262094436508196,-1.4588227237467848,0.9407233487460855,-0.9874735165424546,0.49437191780094736,-1.171790176415346,-0.325961663143822,-3.9546010371209235,1.8169559531156345,3.141025005763499,0.09958822505650033,-0.6276569263742502,-1.7893145183076218,-0.2019965958705825,3.0028344583861966,-0.4834546428906492,-0.16764896994146383,-2.1115848346674184,1.2869574317015697,0.015030512110241645,3.1110348864446387,-2.133789025647573
106,0.412769226411557,-4.159934151867358,-3.2874638115535504,5.236756884047349,0.4611185494003833,1.3367533035615828,5.226782055268053,-0.6173355145518968,-0.13292434699056166,-0.8738413013355135,-1.1826572853160897,-2.4200236070741425,1.7079256583909341,3.2716204714428905,-1.26687168517104,0.10272715031723223,-3.802451945549489,-0.012949649430510135,1.8493418488428013,-0.26309596382970035,2.02806962177263,-0.46046405896601694,-2.855182380523331,-0.2986690672967889,-2.1119470980092743,1.240890917400506,0.29100980184246694,0.5555234681276771,-2.663083162656081,2.6876060732947273
107,1.5031275779993258,0.3002555441533872,-0.6181831357483247,-3.1112948143289074,0.799591067529863,1.1265037603945824,-3.5444082236872205,3.019396154453407,1.0462064173857835,-1.4062167566819443,-0.23007150339619997,1.1150939119260173,-1.8483000143665187,1.4143841535720298,0.8589940409250936,-3.3781674546294163,1.4198227796578813,1.533266494840916,-2.921242674893577,0.7812292029922112,0.9425766226235375,0.4219893167410582,2.462548794870088,-1.68710126233373,-1.968701567182002,-0.2372959223517377,6.084852311463965,0.9773419970456203,-1.4874372200533088,-3.36875959892253
108,-2.3100421697773807,-1.5088049405474493,-0.17148959239967,2.4998527555372227,-0.7395586775192253,2.2300426247064387,1.9458581156486616,0.16915506833915828,-0.49286946160747114,3.0700182306946786,-1.2294384427592702,-3.4627235103159393,2.5830756259091743,2.953406445613684,-3.2515968754512503,-1.5603128866904878,2.4388678022631645,-3.163440111644322,3.774032042190907,-1.2684843445149063,-1.157847484954626,-0.5201008915452148,1.0527524785612314,-1.8803517997377703,-2.72775116257532,1.6465671808573035,4.137039070393627,-1.1804431460389142,0.9606570038077678,-2.836068946444467
109,-1.448233627402976,-4.673286847221075,0.11193092919437575,3.740819565067408,0.5001077649173498,1.7686622154448521,0.47052938543050615,2.158100122820155,-1.2124102373973562,-0.8396524642000713,-0.8432157023280622,0.2666488956746278,-3.744567869616281,1.0009923693513265,3.3076466046214534,0.7859062329787676,-0.3868941833748636,-0.9630831539604383,3.825232892908822,-2.926808841911697,3.3676954592623787,-1.1254067046629377,1.951085801709807,-5.091798607306782,2.31819105821285,-3.873314825228224,2.2072117398241176,-0.8451250387339124,0.8905837604294273,-0.6975466945042914
110,1.0065910223942112,4.195346909020817,0.2155492876817,-5.5790368926174665,0.871739050741283,-0.7101893772206136,-3.1942457066694026,-1.2622664183987524,0.48650814110837803,0.6522439195682068,0.4200471430547452,2.897712921336602,-2.852662308819241,-0.25640885742548036,-1.964132180789866,1.6029994474806273,1.9634616106691567,1.5067422888847908,-4.128437366834611,2.394316510444927,0.44023142893272293,0.6049945674066706,-2.594254890833051,3.2831497508829095,-1.720226493848923,-4.941056405248878,1.8543972189821183,-1.113033422183383,2.174850535529373,3.7450685667696675
111,-0.37302704913265217,-3.267619164988421,3.1377614935257157,1.3451676309954763,0.07960686859615196,-0.9218897789963485,5.836760824220708,1.5601470069823797,1.154035975972965,-3.6938493277064968,-0.32666738745251056,-4.530427092017277,-1.335685372434753,3.155362771463352,-0.1372443701454813,0.585632860785573,0.6318535657895801,-2.899919455458294,0.748982783378974,0.012955561800467308,-1.4276446989433378,-1.1949519533566768,1.2784869902516718,0.5821713168685321,1.7552557957118928,2.38907700664042,-4.446738712985066,0.6417804957771143,2.970964051855983,-3.3103386370003545
112,2.4264546994239176,-1.9593158130202717,-1.9000697019266255,0.7064835080768042,-0.17002440422239973,0.8964717116684682,-0.11791446855276178,3.0672767615204677,-0.37538169188769555,-1.96389062651531,0.4719020424239053,-1.0819920169888029,1.8892231383739215,-2.102001414756163,3.4352064669526072,2.284417526595199,-4.083636128644624,-1.4232095885209617,2.0117473050439045,-3.1606162161931923,3.3691566354306417,-1.1240279195464513,-0.15703131240554313,-0.939228492329736,2.9103655016352015,-2.630031011563272,-2.751750764025445,0.17040339576848496,-0.4344237233933015,2.735436601578318
113,0.5902249169985545,-1.7663446705623258,-0.748397014806244,0.7577234662656664,-0.7714147357111627,1.9382080378154267,-5.6129406322517,5.10800751646682,-1.22215889020804,-0.1157211299456371,0.18316162679983705,1.6596515091384845,2.3136446486328097,-3.56398986056036,-0.9038291835567271,3.4937647390642113,-4.065256426860852,2.7256660832809203,4.632481562720653,0.03758890683505811,-2.8054476477129384,1.2398393743791205,-0.09241541524676222,-3.0120467809754885,2.3480610478076933,0.2977558125634481,2.4559139061972743,0.8188452321916975,-2.942276163566344,-2.978299835193793
114,1.3805524519959995,3.4794178297514406,-2.0386799040207215,-1.060769112101923,-0.6390677834790748,-1.1214534821458173,1.108460311648816,-0.8556175898683414,-0.007333654537814205,3.1554890457470677,-0.6467823621479418,-2.754215750842029,3.1409133430658187,-2.023158877004718,1.2907172740241037,-0.5594263931754853,-1.4582665834986237,-0.39077876341108464,-0.8579472824986318,-1.3446739943840242,-1.9075634368937333,0.2914843474894795,-1.7247572202173505,5.543457586503898,0.6822449190721258,-0.9344213079094743,-2.2478929076093657,0.9809510845745288,2.1182068465682526,-0.5990886346960931
115,1.9981827695029466,-3.1489370376353136,1.0096580591744733,2.4340181522270825,-0.10181647569298402,-2.1911054675763157,-0.9965660462195061,-0.2351722352807819,-0.4320217534803854,-0.6907361666900016,-1.015858029535662,3.3703542312061074,1.2012967257473477,-2.871567510785793,1.1014545330114522,-0.5512356688428923,-1.3051706560385856,2.425222576908503,1.2076701689097575,0.20970116541509398,-0.7111930320099358,1.0890988008599987,-2.6645405774838036,0.8692634743085144,1.2512079766419042,3.226183282719532,-3.5899735184962225,-0.6701993988213344,-1.994377232897282,1.7771588908533964
116,-1.1256995528047469,2.2193830221953696,2.9348738675697987,-4.738187535010685,0.10108585792134717,0.6085443401287822,-4.519138418777292,5.663988152318808,0.521159787465419,-2.967183153655373,-0.6472379365991046,1.9484115692473196,0.019306107312978327,3.275662962150715,-2.51090195190735,0.06735668420204988,-2.835958252404952,1.9845344506466027,3.3010684984224063,1.6724211945559677,1.7125645270504108,-1.2362753611433699,-0.13405728182257803,-5.315721577063176,-1.48993840084065,4.065627796541339,-6.167395998925926,0.31682739308109564,1.5993490464309161,1.6755301637132156
117,0.6729285247178147,-3.135822831880308,-5.2591463661708,5.962432966706739,0.843780477281098,0.9158272293453358,-0.07834584507630993,0.18725451719585706,-0.8223708833864984,1.4086018100467648,0.9095099848984383,-1.6046495836784551,-1.8540895850378156,0.08951230985552172,4.104975274826284,-0.1605437564317036,-3.3177966973649795,1.1379424541527428,0.1687023823662095,-0.12540830391918334,-0.1277260990351401,0.48076048457516585,-2.9493698032405007,2.5530413392531024,-2.171847158548598,1.8716056633904046,-2.8570746683554944,1.1568275075712808,-0.47641836683630423,2.476907022778704
118,3.4632057948791832,2.7807598411598384,-1.105818510896384,-4.27884814586394,0.6863432135020862,-1.5456421927808908,-5.487799488906493,6.057346891416206,-1.0453964672802178,1.2847140017852041,-0.6619668834211296,-0.1468980535937625,2.0172567583183074,2.74209978636987,1.2685000400290285,-0.9387419463679052,-3.9788294645438107,-1.1102851738054351,4.7654992929092295,2.3450245110213856,-3.5911536445603787,-0.11655048495144893,1.9437898634716912,-5.346609537890821,-1.6827159138754375,1.4291777889824573,1.4065137099884382,0.04775473679606801,0.2954204655500643,-1.4961507874416071
119,-0.6644863847396216,2.2139545633910807,0.0839296621910286,-0.1594854746040042,0.9879151426704778,-2.4618275089090966,0.7688491311111925,-2.117095698087457,-0.5914660099950568,0.6210825362041881,0.431810415374442,0.8868196253924907,0.4377360681923257,3.0444359195890627,2.295418241021725,-1.9153840346929485,-2.225184980373623,-1.6370212137364781,-1.8841827651156962,-2.76843056317408,0.683883032164303,-0.374498787440678,1.9631324080357242,2.3800966755300905,-3.2683692150527364,0.9117416914574221,2.511018883530717,0.3776097543291277,-3.0047135247857053,2.472712410521172
120,-2.428437913765185,2.739447164584135,-2.159950015342975,1.1589603308284602,-0.4634295942323201,1.1534100279277606,-3.8311835579647884,6.111678544530275,-0.5851180013415416,2.314774416643516,0.6489417586200492,-4.659093160487668,-2.072954794083513,2.5806829153204767,-2.5207473918353305,3.262694267381537,0.45143543163864663,-1.7011104284217478,3.941338061133475,-0.4650549524677938,-2.05307796035812,0.376584532672009,0.5651984446718803,-2.364988125651813,-0.26993256156020706,3.5476442601450913,0.5516242420391002,1.0903424924627405,-1.2511492259819477,-3.6685292071047684
121,-0.6597941863025838,-3.1660838951195984,5.7158136504166315,-3.135773531588054,-0.7239617202188455,1.9697996828123063,-3.449050417399878,2.0321219847378202,-0.8156060195641892,-1.387858173768615,0.5148436663480016,3.1055489596467183,1.6550374959730725,-1.0563139324679778,-0.3119889554937423,-0.3078729886539264,1.5656216377308922,-1.544483257088233,-2.9422314945401773,1.2942138862950827,3.432339534637741,-1.100417158811819,2.562908799624479,-3.2468135672056775,2.858271259970838,-0.8432534402540135,2.467621021359381,0.11301583882511856,-3.3211101923434008,-1.2745444875579093
122,3.18224536650769,-0.3245439237135628,-5.363727420115438,3.4123999953155177,0.7586026462832054,-1.6649766642775496,2.1500915691520497,0.008087237516605228,0.8005329131290297,2.7699313006469453,-0.9209652435519509,-4.807677776892817,2.9264084723929393,-0.6207726370549551,2.920702726103368,-0.6041007465642174,-2.3222510352467154,-2.2999867796303253,5.200492208119076,-3.494366919543923,3.4326135611626007,-0.05549951579207768,-2.955313246069963,-2.1279260878760766,1.3259604633305848,0.058633509491851754,-3.0397271237454007,-0.5669722548799019,2.3114151061451054,-0.0893097003422465
123,3.5981379600606935,-2.431904087060012,2.129123685779902,-3.696232759700777,-0.7512238183554429,1.152099019275493,0.8837061504949801,-3.616118921305887,-0.6614324957931368,-1.4699189333282074,1.045996501466158,3.817767698465957,3.664313018362467,0.3131603564393721,0.5131630493045094,-3.368576588030649,-1.7865220713538505,0.6644622352782541,0.19017806697705097,-1.687048453445927,0.7880854558838095,-0.047602471169872373,-1.9371293773591542,2.693516779113729,-0.6367093059811673,1.8633862882585994,1.572217916941657,-0.42126989510561064,-0.28039173358734715,-2.097233270526136
124,2.8706738644545737,4.691354683603016,-0.6089388467766561,-5.046959252956043,-0.5432175812795503,-1.3629128670455195,3.270691181210786,-2.4228178845756325,0.8707532686350854,-0.7813568989181032,1.1460375808859684,-2.083307247238224,-3.2950060691917056,-4.209697099170276,-1.4001685234212644,3.1822970395841708,3.6679726718366368,2.0546019803625093,-2.735403390262327,-2.7934108467584693,-1.339443682000029,-0.7951213919665463,1.7797083995448535,5.883670911442202,0.018310578336311778,1.6012763173609805,0.7264331281829577,0.07978145664370828,-0.6754872207052394,-1.7503142598187296
125,-1.8617105799908025,-1.6301587565919995,1.1031876673871075,4.9855699466939605,-0.6292759892733537,-1.9676122882251121,-0.8255953529247471,5.656129197370042,0.048968583911825014,0.9479737763494125,-0.5750631153723198,-5.252413089334336,-3.0922357186080696,-0.5199219727597786,2.8475321125779622,-2.4671741732329444,2.816336167462268,0.41546358456065846,5.51006357897554,-1.464692116936778,0.26084528280728136,-0.3808627682035626,-2.7349438361136453,-1.1904101405291918,-0.027882339835382908,-2.5245036632589333,-1.4237144079002668,-1.2389742969699586,2.1099558857305887,3.1051188222339654
126,-3.346019904667255,2.9534216524110946,-4.764376599847669,4.069682499511661,-0.35864367345586157,1.4459360260478658,-2.570152260077048,0.4582983922657,1.1939558543744608,-0.27528683492731076,0.3455671426027145,0.8476177057613583,-3.1755852638178492,-2.0088435012418397,1.9856746853883323,2.368915634589573,-1.4635371747083639,2.2933756197902397,5.032343246038163,-1.1380367575128858,1.106607613706295,0.04199561348977543,0.2993874097863696,-5.342297125508075,3.939715809344438,-2.0133834062518794,2.41959725355526,-0.6857652032942267,-3.5244046788273415,-0.13575977452626375
127,-0.12926070368119547,-3.2174863754574012,2.816655126769799,-0.32886653987899805,-0.9967040834388385,1.8556625756864698,5.253277262476839,3.607254377663118,-0.21639041487595723,-2.543634227812568,-0.011482509699426657,-6.089024487752159,1.6009281639512665,-2.255314667861885,-0.8902273132777125,-3.620366665074295,3.7337743127470837,1.4312061695156295,-4.110683712411721,2.8127283754104013,0.33645515216583277,0.9512955029248786,-2.0903179650474613,2.1005226469576925,0.07118518277758668,0.39864313026206943,-0.9472354898443491,-0.523226516293338,1.2629269293571816,-0.26229323625914525
128,-3.3041079489714402,-2.538191670541792,0.40231282795978274,3.7455089735475617,-0.08840901049382954,1.7828868284995512,5.4391745591092615,-3.4208203148197285,-0.06714403764873111,-2.5684378589327945,1.154016825691718,-0.5367891733998746,0.9284501209920961,-0.7107581961426668,2.148102155984116,-0.122868316961398,-2.3964832156895692,0.15355745181750002,1.8710531620509627,-2.2605616222222515,-3.4538786501723955,1.0521542142120692,2.0559053508864835,0.7353275452447754,-0.503665196165759,0.3952981032153353,2.291032342666128,-0.8451455523381544,-1.4897713037345515,0.1522516063570034
129,-1.1650192243407425,3.0363190255459678,1.4370738528898173,-1.8100122240287355,-0.03754640727103631,-1.4608150227954173,4.217198508659582,0.14258645020954575,-1.0261249538408128,0.9993244249181057,-0.19034213218115514,-4.142642297765409,1.2940985661340605,-1.3830856817423616,1.9076575531951399,2.4663039619124163,-1.376112173575116,-2.90886222592405,-4.496649757453724,0.46218122357602454,-2.770550752597641,0.7188582682233715,0.18931121770628323,5.896849800545326,0.02467954844907183,-0.2922741980931356,2.9478480778797795,-0.274122854508164,-2.752468032355143,0.34633745862758936
130,-2.797515272592138,1.7235986273400243,5.342188370478226,-5.703378407501106,-0.234683983155493,1.6697906654303285,-0.543512945998117,1.9139041300038997,-1.1976485659238336,-2.710149698199821,-0.5413319034897013,3.078738983607412,1.007321348211729,1.5980742279145375,-2.284193552271571,-0.9682683399454106,1.8494093341342008,-1.2023430180433845,-6.161545085698556,-1.5147260551610344,2.990320717581067,0.9312148296993321,1.702419461125567,2.052316132453253,4.002615866476177,-1.2143987448502926,-5.1964313172688215,0.6666362330483953,1.977034856800227,-0.2354568942056634
131,2.826554067019412,-1.2114535376446547,-0.6296023893755773,-1.0917106376326515,0.8581359742833001,-0.7519234766499938,0.7545677400030684,-2.867756083504865,-0.2969358728393452,0.19394275801069405,-0.2624655334214321,2.478646991751706,1.9302335088052267,3.1513415260307234,-3.38731761839777,-3.244193189753874,-1.9259715332919392,3.4759073066076915,-5.732567468916226,3.31568216410696,1.5552152965231443,0.5787169634316642,-3.171222240248138,3.4541752851022167,3.99554755477142,-0.9019726538417636,-5.551317569080847,-0.9817558663808912,1.9325574977072577,1.5069410368248768
132,0.20379603094904652,0.4845853289357045,0.9492190648650549,-0.23749477060838586,0.23319774326554965,-1.6333033974071025,0.6759795617784938,-2.8057823688107852,0.5094385360215847,1.7048546430475575,0.8606601575097805,-0.9451505295467726,-4.016375246420758,3.3198513937324634,2.104845338078025,0.9001471594762123,-3.284817794037359,0.9763491491714369,2.596938222227834,-1.26658997973027,2.7647165738082045,0.6908630666591051,-0.006975541899294058,-4.778952341065921,4.9383154563941325,-3.8765044672075035,-5.458305022163007,-0.6679352375953869,1.4373567713751747,3.6270724991966503
133,0.3856251540337201,-1.2594928436697792,0.29678329987993735,2.3877602550553334,-0.5646015847924686,-1.2460742805069103,-1.4537213820844563,0.6915913636435285,0.4990407307311733,3.0036544789594153,0.5173963324125888,-3.2579615236623667,4.138376084791883,-1.3027103299753637,-2.869703533213478,-2.528378744714608,2.0080349170488425,0.5543816060627318,3.2480534432891055,2.6255170656477382,-3.226320230768268,0.4788784586362711,0.43196622392045825,-3.5580949607256436,-2.2402623069975967,3.067532839734014,0.7673685054984283,-0.6743215110871095,2.319883861573011,-3.2402013887207044
134,-3.7313781473435945,-1.1464609240712953,5.877679282721221,1.641364199310459,-0.2141869719471039,-2.4270174386698935,-1.5506507140497376,-5.753274428228,-0.6707467426050355,1.8983855724177765,0.5595454956737242,5.516740816791142,1.9112730353912504,1.1572669270763711,-2.003992903140402,-3.826949851519533,4.176649339326076,-1.4142465471337626,-3.4642740864650676,0.7778320984323717,-3.8630166922559344,0.8484253513293414,1.023497820421655,4.6775355085372965,-1.944775011626593,0.6648926126308083,-1.9444694645379421,-0.04916612467230319,2.1154238856538328,1.1580941025522478
135,1.9772555158073217,-0.6291157463175132,-4.759003382228929,0.0624033942612634,0.9184828009345494,2.4299774175430553,3.1547752469039594,5.3033259134830395,-0.25521283284424445,-3.2773486299549734,-0.25666921217919025,-4.668870485408721,-2.2637558736850796,-0.3254863420407581,3.6336247188289263,-3.849593632664323,0.7317482345079078,2.0734628950533,-2.1775329501812024,0.6770475832319676,-0.9007681145453557,0.19165700925607076,2.8867759497823346,-0.6771794775441435,-4.952500355843689,4.940044534253893,-5.040991424761405,-0.059037385899720185,1.962953612096701,3.1495310201542956
136,-0.4254328505013927,0.6128137680001515,0.875823399775868,1.4043413791105657,-0.650663702925488,-1.816881993459937,-0.056533742688525734,-1.1535427832653085,0.1859850337337905,2.606752526079756,0.9366074731717324,-2.519268507031562,-0.7007346743400724,2.3547335181276168,-2.249981897567796,1.3173502016447394,-1.2895381819758267,0.5681710341112929,-4.125710473934781,2.2945299974769853,-2.0561878357051686,1.0245517749611066,-2.7776388384373583,5.640455375638879,-3.12773467201286,-0.6339899772527389,2.7017949735140405,-0.07067235169748631,-0.702434910285179,1.8330369377342706
137,1.706985267025825,-5.485315543248465,3.432039724354418,1.9370152771827094,0.3204351955662781,-1.9111599208810155,-1.6474581008600282,-2.1227971358491153,0.6239323019537428,-1.9526188739023116,0.3217098273598271,4.777231981297753,-3.415039780489277,1.2951914595608827,-3.803769620443882,0.41670164446145463,2.804417435482268,2.7024988614285306,3.4577002399212695,-0.8034505518179422,2.794962406307551,0.8775117790204279,-0.1086354635426865,-6.218088409888928,-4.916499563855547,2.2913288261908633,2.9065067214919154,-0.6720801686249178,2.285356673506307,-1.8946124887085958
138,3.745528699999781,-4.103001723965889,1.1878674561552955,-2.110445543807156,-0.1846698655351342,1.4647209771528473,1.2430272191752927,2.6961903576418536,-0.8366616100647803,3.0079011910739553,-0.19809030380246817,-5.912366854023997,-3.5412520225083597,-1.0262232104608557,3.3711076198619523,-0.90439140772909,4.123579116057808,-2.0228200952214515,1.843612989300027,1.970714936714904,-3.038095660982151,-0.9576983307641767,2.4297605407934366,-2.248294475062327,-2.7100938475664726,-2.6330290573556496,5.239048580264843,-0.9738493062236735,-2.2592350945027224,3.3371587253836985
139,-1.0286409759802062,-1.5351793225473074,2.764596966984044,-1.3231665660193066,0.6624927063624315,0.459897191200092,4.884200386095518,-0.9169430082608585,0.047191819435789206,-0.28643264818297354,0.9878990978760394,-4.715915646963644,-1.6258420743114677,0.3124302426933312,3.5948977182537334,-3.6968022030090992,2.589562960351632,-1.1742466439781243,0.24785266611134205,1.9433641860502995,-0.7258883182324709,0.6825149539760709,0.376244282302725,-2.5240877702082685,-1.7882263882905534,3.1847402140138286,-5.4193309736927056,0.1108903015393663,0.6647848313622085,3.247142015067901
140,-1.2111380918638641,4.931171145843642,-4.117847747044891,-0.4438717260732723,0.6015863021607011,0.24010011697741618,1.7345031236839716,-3.196674857766066,0.7267123294236253,-0.05321468788282502,0.941830920430049,-0.15315682788890683,0.4649624938293222,-1.9204198307903244,3.2993879086752287,1.8101078937520612,-3.413443561232608,-0.2405949042336708,-3.7769597807157034,0.1286556349539616,2.997823896328832,-1.0232494231754066,1.8215394473877158,-0.14780977477970936,-0.3806035795904883,4.10730390906377,-5.8086128189144155,0.8465206997347856,-1.3428157008728494,2.578207490579228
141,2.0621044698021187,-4.298467666390014,-0.29865488246049665,4.2284202267369295,0.07777190141157986,-1.771174049100381,4.60938128618379,2.796898464212564,-0.40054318383584864,-3.337515423583268,0.7289579603163503,-4.39717910329373,-2.3330840775504917,1.8844930746875868,3.312005198814301,-3.1647137438199717,1.5363965972287303,-1.235097049360192,-5.4276333706192155,1.9171371514596665,2.7343516194328927,-0.5405567812417047,1.6327687387379122,-0.3160673577698496,1.5794059209866589,0.6301063330661911,-5.67407578086555,-1.1028973598885803,1.7057316222900702,2.8617292644112347
142,-1.117958571070142,-2.126291449610683,3.708306312109162,-1.81034162312055,-0.08192180923134229,1.428207140923318,3.9233927876855645,-5.045744494550355,0.4074368057803186,1.97313238066522,0.8663207342944528,-2.1245382138753364,-1.0172996636681084,2.490647067259001,-1.5143832523154366,1.7847732312844151,-0.2908014791007254,-1.4529359034591565,-1.1971391452066342,-2.6528175909704252,-3.91861310096418,0.5930645292930583,2.6028276624801077,4.572677645367776,1.8412450741595023,4.441578941189469,-1.3452846176553486,0.20160352682715654,-2.6144544217549868,-2.524688502765759
143,-1.4896966523697355,0.585446758814836,-2.549507928372062,4.751664283447177,0.1010570812494005,-1.3989635427698683,-2.893961097772184,-1.1998754434800745,-1.2104012764872563,-0.20402963165526877,-0.08981273050394378,5.598080179898574,0.9059245779287721,-0.5031460509211705,-4.18211204127293,2.559843127461331,4.0716112612042785,-2.8521208744002884,0.3413998661101729,-1.0594026592119636,1.5584571522577022,0.6868627011493471,-2.5710867847929464,1.043769724487408,-3.2931989653228477,1.691437314214621,-1.8354857404353524,0.10986602562478964,2.118742689485181,1.2086386764336225
144,-2.427926645665872,1.0724803356339514,0.5203455333756146,-0.7489137891616053,0.010887523541008637,1.5731270422766421,0.46820039089038445,-3.065241059547745,0.18502409158829103,1.3636366490569003,-0.535658328430122,1.5840382564421205,0.3355855637865446,-3.7216857938963823,-0.6846178277289283,-2.9256342945190923,3.7141879287731108,3.282164423584753,-1.5742022526752208,0.510283630490644,0.6095533878804318,-0.6276469667625753,3.023730810112088,-1.941718609045651,1.1962736486686616,2.6123008955557196,-2.5736238738600257,-0.9894800670443287,-1.099128465580831,0.8536578622608069
145,-0.6102624570070798,-2.7268231840281665,-1.2697986963221268,2.0969573483973463,0.28177852773974177,2.2281484612200178,-2.6207560110747536,4.454295271354621,-0.4984841303766494,2.7605665093423397,-0.33736129155018446,-3.7582603476955505,2.258720536676929,-3.8536706646138565,0.058790236667459084,2.6051327631115804,-3.873625245115326,2.804652373273214,0.14787813069212774,-3.2976543551135045,-2.679111059028852,0.5982201379736454,0.7705905190298132,4.460076626446494,-3.64250255965036,3.714806741364839,1.8627611430472513,-0.5430743200016366,-1.1603899810428917,-0.23160102371720548
146,-2.4856241054515333,-1.7656282678488004,4.639578419001992,-2.8140189875966577,0.1089317001732093,2.316761241721535,4.270279542004481,-5.465224602051048,-0.2519191942418546,1.4603557313215667,0.025737008256067284,-0.03922848528938161,-1.290069842608796,-3.7099754686890023,-0.4293213760323873,3.630257998351624,1.8859885917302606,-0.08687990275168467,-4.613169470115629,-1.4450413823094816,3.0759427553292262,0.8632603858888919,1.8348174904188657,0.2841902207878704,-0.46751773093687277,3.153462911843146,3.2063720960681543,-0.749210040384674,-2.1566302162599698,-2.986477020329744
147,3.238849343396886,-0.18458307876951352,-1.5211082822038797,1.7278425628805856,-0.7719187713693667,-2.489081773934977,-3.8974431856707206,5.776230218678084,1.1707317004147608,1.0995056718094318,0.5947283903703005,-4.743752795601978,3.183151639371257,-3.7210133124027287,-3.4987897911281483,1.07032782181032,2.0386679594924324,0.9276556828568854,-0.49913972678071516,-1.6010491579879407,-1.4996984438156957,0.28126795144443495,3.1732209700703997,0.1453984070692762,0.18651619031401623,-1.7957150298305073,2.331449516532281,1.0696207391901114,1.0942099645230385,-2.886081380728907
148,2.756741466184149,-1.4531124075489572,-5.868827349698751,5.072768087488335,-0.7978395330209338,0.29026973659590993,5.161589176096449,0.6991600131215456,1.015599689493965,-0.575840544571669,-0.2287081530224082,-6.071800181117958,-1.831124671629608,-1.602532407875012,4.119537988769629,-2.6887753396983474,3.336327288198035,-1.3334328577646914,-1.7709458566876428,0.61047898408758,1.4605805233520144,0.7292794857884584,1.0569240653259548,-2.0863172018666347,3.618474947936612,-4.973763720293039,4.239724691724071,-0.641717018367304,-2.540132598386103,0.2974136973857959
149,-0.20853675035121277,-1.4806022403021473,0.09386163983993256,-1.3865548196604145,0.5246059887514747,2.4572261817221186,-3.048967353277206,-1.0093759241172116,1.0031479534468897,1.2332264280228138,0.10410859495704017,1.7178603009675761,-0.1282450463713225,-3.8776013981672346,2.5544710098430556,1.3236786481643819,1.6476831824107059,-1.519986395879556,-5.97746418062259,1.156937821890729,3.058909779228749,0.44555207758316584,-0.6905376940101391,2.006602195929805,-3.7949011514613,4.593857543859087,-4.599727712010264,-1.052673863725194,3.1388617465195807,1.7145834368181063
150,3.4101399689594025,-2.7401235737117986,-2.670411809807579,5.11880274980242,-0.7516587058721029,-2.3667486293705853,-3.744034724675096,5.430809047403407,-0.556629652040284,2.7450039237419155,-0.37191203133083395,-3.503236563099179,-2.1778560776310254,2.732050368846,-0.715221276683824,4.042129320246058,-3.2015286202320024,-0.6795737145451586,-1.3592745949888716,2.1609631067962596,-0.46890279541612045,-0.21050433855191653,-0.2526683530425924,0.13038697520294562,0.043486342349385865,-1.2254911818168246,1.7091980019252873,0.7946362352406249,0.4382039974362595,-1.7600333951346876
151,1.9783672406488044,-4.747947139372915,2.3861674258361703,-1.1495779142191864,0.9425211182752213,0.5904692688316615,-3.6097646521085025,-3.1213470808804793,0.4277970433371392,3.5025098206520937,-0.5372787373335361,3.3380836063332247,0.49491790013064474,2.894727269168431,-0.5999371401958662,-0.7458388929645032,0.5055636986622112,-2.5494328348008715,-0.917996798018109,-2.303188804623293,2.4864441326891153,0.765498172357189,2.478665814087014,-2.5094225164922257,3.2762334053473303,1.8287552277295163,-1.822988830801009,-0.7712032377008669,-2.5480725237176056,0.037275959142681
152,1.6556566514379156,0.014120122515357991,-0.5481910444596885,-3.766687572084926,0.18377772253333458,2.4613241200577374,0.7161356462352622,1.1114479998147644,-0.5760123903764462,2.4658739595363706,-1.119885845498482,-2.597559369711515,-1.9570230028018667,3.740893160337098,-1.0870552735710035,-2.9083626316739295,1.4667443221527705,0.7448034255569898,1.0980941069466432,-3.468548316812365,-3.830412573963791,-0.16764713013532528,2.138804402781023,4.229709511183511,-3.891613194965384,4.0184855221730835,1.2131338803866143,-1.1892238981572847,-1.2330235473625724,1.0822412379255795
153,-1.25188878222988,3.4874283629681884,4.630675221328108,-5.350751567725915,-0.7324603160049794,-0.7830029183358054,-5.617976891466949,0.2149754539467601,-1.134236695296488,1.9550896935636395,-0.2975862707974093,4.879734710050375,-0.1515181319915193,-2.20963275352082,-2.6776650462420015,2.861710014426251,-1.0497010101915016,3.2268069275196716,3.056914178528203,-0.283054779113435,-1.4599813355062814,0.33375549947245986,0.7073718829191424,-2.3550054463003747,-0.07909165079123781,-2.035923508581458,5.470977721226216,0.8638307830418643,-1.6147183293215388,-2.6050750155737656
154,3.056731470142715,-5.722877607572329,-2.3051162219401213,5.510373054854984,-0.392410687485528,-0.14670000799992877,-0.39426314125813633,3.9025043818523315,0.8555622915567307,-1.5740896488752085,-0.06275644077371645,-2.726957442502055,-3.9464675656592725,-1.9500742080332678,-2.3943243604741316,3.3694660955852243,1.6679765207581774,3.2534235178233324,3.510160318400093,1.2060788264470563,0.5249984618544801,-0.3132065555198178,-2.7581873881328676,-2.169843663049278,-3.093431694105149,1.7352489119190935,0.2842918580919154,-1.0642711564714156,-1.229646567021474,3.3678086475870934
155,2.8713439908301055,0.8127372587738755,-5.0010161903962995,1.6975729637025871,-0.9521408332440138,0.571502810333584,0.7477650460335177,-0.5302342787677503,-1.2499909384081578,-3.3677198285644536,-0.4553927293279241,4.85557272903473,1.7621549155675886,-1.8870048942493423,0.6461319609914398,-3.410203419564887,4.083267539149411,-1.1943461018941797,2.6231724537176504,-2.6924959504618453,1.4590099246048105,-0.8972212049593216,0.14443548601270528,-0.6369007089143253,1.1212029660457112,0.5670642238751356,-4.4505621880352315,-0.47072386018399204,3.0807108063498454,0.1523080519486104
156,2.950163655430231,-4.973122146014134,3.42427270672691,-1.149036392222957,-0.0014300914436198298,-0.25084773247656145,-2.2269746934599155,-5.110398709393351,-1.058731601142616,2.4105887934207963,0.853693025125299,5.131823185449701,0.31988453776348535,-2.0049329674379877,-1.8893008690815947,3.1841672424018874,2.0341288868136544,-1.6439468304594342,-3.1212968186467123,-1.6002226086294868,-0.05456709236354662,1.1544774675838623,-3.0106840699176267,6.632293121973163,0.9528930604278045,-0.98204471115627,-2.2214919709388106,0.31584987730062064,-0.6655268117339492,2.6003205561006766
157,-0.5497186619991332,-0.44581019360389007,-0.010247541919749636,-0.09073009348087524,-0.6398881862162444,1.7363946772197796,-5.225340915020389,4.527040483691646,-0.7973468298347965,0.5668725519920681,-0.7956556649754098,1.724430374146774,-3.04860136599328,-2.279982784885453,2.428835157546139,1.8864844167601973,-1.607276047008483,2.6205406235808724,2.3111295859898604,-2.344945892565951,0.6333168402151657,0.15099561069183842,3.1584436018499744,-3.908939746181204,-1.7721007803733642,1.320646478693586,-1.3633228490797045,0.5080495729016672,-0.3127307438678457,1.619458321725734
158,0.02223807100379993,4.344239356262527,-5.289968352105451,1.5512724529603048,0.023533422867266562,-0.6513149509885867,1.2876168220672568,3.4921724084664127,-0.3062625582494256,-0.6083412322187751,0.1742270309043379,-4.039412470969907,-3.764178522575449,3.419709810402434,0.614531382038578,-0.997910027002348,-0.16797185562733574,0.8958192127640849,-6.158150107643628,-2.5594390921685353,2.56816897289033,0.5510810903052272,1.7628394850390254,3.8354996515772797,-1.8171577633862697,0.44033841810402663,1.0813347115434908,0.0032231924060264205,3.3651023204977335,-3.072840879164918
159,-3.426338213083694,5.239579682355924,-6.082062043484896,4.701865708054882,-0.12794804462980913,-0.3050970892125342,2.19761153194149,-1.1479721257841646,0.17998741527059003,2.8071540614754795,-1.0956691213724081,-2.94111176153109,-2.58373200903044,1.9637653419603112,-3.1124636645011776,-3.3270444293857615,4.005802638205861,3.053672122751152,4.429556323722959,-1.968340726317427,-3.502348072887415,-0.9712159113437471,-2.719446735302748,4.731795122128094,-3.3648645154313144,2.856171889999043,-2.44796748823077,0.8354653002806156,-1.3917377323680693,3.5129325457505693
160,-1.6650493669206554,-2.6549781397050545,2.1829867996728147,3.5834113581534304,-0.6924300149986315,-0.7539406362020404,0.15460740118244232,-2.095348840148553,-0.7240577957459431,1.8126840314298285,-1.102627145986117,1.954742349268244,1.26915465469202,1.75507146907092,-3.949061174078297,-0.3560182648501069,3.4010879662483013,-2.1202346510828907,1.538573548487225,0.3945144061191552,0.14447534561650954,-0.018470040232938523,1.0801086601219687,-3.1392019201122245,1.4334299936172705,4.580701576387568,-2.113987421382049,0.18272991818060813,-1.9123559727312145,-2.1705180940721043
161,-1.6851158052074346,4.128902967661482,-2.593346682923663,-0.8235035697645934,-0.44897735424479857,1.42204044447889,-4.717163852736608,-3.6254854127458316,-0.346470214943122,2.953272300358165,0.7506623837745616,4.985184796292746,3.232944197457549,-3.8659499241095574,3.452982049381127,0.29977392946652515,-1.8453655667912603,-1.274384685404442,2.4574507369294842,0.8918955075409869,1.542616294534536,1.1449838700667962,-1.0869436853262133,-4.950002723745886,-3.913371177335435,1.8814725165064203,1.8781059240508,1.2195099656737458,-3.153819696854855,2.0881024679594162
162,2.9976495489028707,-3.0961776032141692,4.292155960825106,-2.919846511230901,-0.35125591224922403,-0.9225254830337803,-3.438016340563763,0.6033243445898009,0.6737828136914832,-0.7123424293951697,-1.1745114143188755,4.047763025996417,0.2572596936814797,-2.6878428157179552,-2.959454734390782,1.4956066857162185,1.8374427788375058,2.0569883918734924,-5.58115450847157,-2.0983162082413074,0.9937635360610919,-0.21313829058880085,1.2539334324908236,5.6449120387494744,-1.8114560779000861,-0.924101119210853,-1.0413421280239277,0.08430696401755977,0.46325997490609616,3.2293323862113645
163,-0.5544191328615664,2.6575506541307448,-5.694187674693758,5.54971352476581,-0.7158136277978879,-1.2428437435434212,5.143319166941634,-4.17171325410629,1.2287269782664634,-1.3914112303264652,0.8379790538746601,-1.6469007146501262,-3.603476409886852,0.43176812913051776,-3.2263019965645015,2.2687672498574116,0.7738426911825442,3.35540033628088,3.270618058251621,0.6258452967575785,-1.8925009435585647,0.1119688864305397,-2.8528155102433637,0.7368842123619146,0.6533678914725805,2.122436642515037,-0.020262240414229638,0.7522018659409291,-0.9610725797195876,-2.546671579794589
164,0.044819459475830215,-3.036638448579037,-4.335894238317994,5.738928999612142,0.36254987933014915,1.2262343484787905,0.9558302937375416,2.031688105906042,0.6849695700315612,-3.481672069474083,1.2218986159574294,-1.4127145161586157,3.0647955980702655,-3.916143406554136,2.478878435948051,3.282313144046082,-4.157448715273588,-0.7523950562366455,-2.352917008404283,1.123729666665362,0.9154225469410306,-0.190510812728359,2.0795837795896848,-1.575308172063707,-0.7356365259373376,1.6213156744337844,-3.772872394107239,0.2524005333194408,1.6219101402701845,1.0128825720212795
165,3.008234269808664,-3.0742201067996895,-1.1301299008643468,0.461917091232106,-0.7826684335222709,1.5168670801453867,-1.5770535535381818,3.1213714653392906,0.5000176407537413,0.6873819095448646,-0.506626053393223,-2.2250914087066214,2.9378431689897795,-1.1320344596716936,3.664568520371823,-1.2571274664536158,-3.005420469843042,-1.2078292933932069,-5.150827422968305,1.324722249175382,0.8173949840256718,-0.2047542436936105,-0.1853725781553166,3.3988370116158997,1.5398630008548544,1.8724072259055582,-4.898024968374948,0.48493957723720627,-0.0730502981793073,1.0738654625567357
166,3.0116275936976393,-0.07126097240320917,2.9933951942823818,-3.2184544877469037,-0.31329817123862913,-2.402009156591463,0.20404521842182888,4.105552972211264,0.3788056167363685,-0.2426020144615375,-0.4759244259180093,-3.969877366990058,-4.204567819398873,0.30059218305899194,0.8824551173674635,3.8118553847070373,-0.571428497595722,-0.21890636813887276,2.524418304542362,-1.5022036197443391,-0.11455060449207544,-0.920557782580782,2.3655336506166904,-2.3526399483421443,-4.668363085877646,2.6737149192982095,-2.5678730370395577,0.2844012166940679,1.4334735889241088,2.844646398000915
167,1.8957156373220911,3.851528615647066,2.1937375404172386,-6.168862085554778,0.3370981135784694,-2.1092178214102804,3.196289958777342,-4.255713393963177,-0.7107434269605779,1.3490048321764085,-0.4993645599906449,0.9205265899605415,2.696618228843775,0.4166009156683863,-2.9196817755905773,0.6365205727513441,2.3104275842576456,-3.1404855259305737,0.9246967969736275,1.4766708165306355,1.9837450887209407,-1.0135731261697871,-1.8184560821667013,-1.5530834938890195,-2.095513166736094,-2.0766948098765496,2.510275313215846,-0.6455726666445125,2.370640516901098,-0.06313518685966102
168,0.49776658289250264,2.450266241978543,0.7070523481004756,-3.2174732123866363,0.004368396014813314,-0.4419803565998919,-0.42750702025342946,-0.5876804727830631,-1.0158362597916382,1.6337107478114135,-0.5980131753289228,0.9953261803455185,0.6871698819440049,3.187464134171652,-0.6380035970740856,0.3600462371793398,-0.9045313536160577,-2.692145302604855,-3.070595767247596,1.2587577863461803,-1.9253060530542516,-1.1179819079292104,2.2379550337696497,2.617170908114936,0.33835743133312235,1.3132232311471057,-0.41730202655787707,0.4198022086816371,0.37506094557942404,-2.029141790183294
169,-1.3047985774727984,2.5622751536286223,-4.8961816914962455,4.6663136087484105,0.14688385256603853,-1.174492345974242,5.735768685764562,-4.526882021794609,-1.1646527122481523,1.3330583079874145,-0.5381420895146727,-0.839150170194678,3.054254417221273,-2.742800702662084,1.2578860561965755,-2.7402599726619616,0.33041319710113015,0.8405070048050742,-0.07905198888260045,2.6367041172090104,3.435717032054452,-1.0537292971085992,-2.4040748497327282,-2.535565013539806,-2.2678977942472223,3.065994054241056,3.603798361633306,0.07914238568386889,-1.3070057887448723,-3.1740312185659736
170,0.4545028548084602,4.056686688298143,-4.650515194674107,1.6398022354897321,0.7478274532556188,-2.248304037178067,3.402766444316743,-1.5122629022950882,0.804462101875048,-1.5287930816595328,1.0293272308617212,-2.195499793099014,2.6101396698257346,-2.1625018693082456,-3.4862813668862724,1.259355940916759,1.8348567926378827,-0.05556916718584404,-4.526494547874158,-0.25989858967995794,2.0760377112951254,1.1441402280266395,0.8468317733467003,0.7193834248853648,-4.273110869557007,3.3343685679677506,-5.165030765995901,0.29607213008516897,3.3256653006606527,2.4820356368395338
171,-2.600769669840801,0.5669089538172933,-0.07242849856163502,-0.3498950584074585,0.6396819783655276,1.8165022946268863,-0.6620377595356217,3.3977439115830137,-0.007751007634167806,0.24884085976497872,-0.2861413087436686,-2.6906546954346346,-3.527585272039767,1.3607568967842845,-1.7951850411649222,-0.4774421090175487,2.33100285892127,2.108452666516687,4.892713964186317,-2.1306757056121324,-3.287876020260102,-0.8596329875921684,3.097288176344083,-1.7118174270663076,-1.1462494256298896,4.576839743504081,-2.1595476199093433,1.1273495251687295,-1.0053753159689087,-1.393016907164494
172,-1.7256948504200569,1.6906690426005042,-1.490714663053435,0.2671964653022343,-0.7686636271704264,2.027207632740973,3.5259931884077425,-5.44417362620786,0.40432288331442745,0.9171164965195331,-0.35550412067161474,0.9522451786376429,4.044403494785147,-0.311630599775377,-3.750012017806295,2.2357841330091333,-3.3436118343183043,1.1250668241056836,6.175314340834259,-1.5994664540024157,-3.2030744663411266,-0.651283521383407,2.107883471166968,-2.829373370274599,-1.4377136442111826,-3.357281292068734,3.6099475857842727,-1.1462953963971967,1.0057831559080164,1.3255595909850193
173,3.508212293922629,-0.7247617421011228,0.33058677034434325,-1.7220784131955575,0.9192761009283785,-2.31123500989887,-1.8526087644373206,1.252926112591922,0.7625106435004643,3.5956122835575464,-1.095994829276611,-2.6624454459361573,3.6175651198406413,3.023878306847262,-4.1943019086881055,-1.1249926958430763,-0.3808584478496968,-0.9412903743070622,-3.0225480721718974,1.5900191918518054,-2.34343591217813,1.0290690791334898,1.8654452098113836,0.8814505035530509,2.1765502760050133,4.678369138096926,-6.116287577661726,0.4835894075557139,1.5189083097975349,-2.7411295537932663
174,1.8517466653553463,-1.4382476806994653,-4.203333589904986,0.8793710014994289,0.6906276715143718,2.219835932235096,3.885484706559051,0.6797226434388897,0.3821086390042403,1.7659080177018254,-0.8557312020623984,-5.857492804641737,2.790702565966022,-1.206401620837287,0.4897155057242024,2.0020319339933828,-3.11133814800543,-0.9647102368409683,2.752381117025994,-1.8634040663804061,3.0459288010519217,-1.0521168816696003,0.6474710615774182,-3.5302600316056463,-3.1887718642729155,-1.7363125615487043,4.534401475486906,0.7431466364818613,0.04555824777489548,-0.3980219339218678
175,3.588304798792926,-0.17976406445087179,0.6798018399958892,-4.329876449476355,0.4038940063724117,-0.1623601312342,4.0048177378659915,0.20493611636254627,0.5521453345268625,-1.522748750091278,-0.8160018561455376,-2.4231485825186816,-2.152987786002548,3.15402998046288,1.866413736020398,-2.5349413839041794,-1.9308844085105488,1.5983698619339464,3.2683715182490083,0.5123261363210165,2.3409317356659187,-0.6524457814065601,-0.6496240208076607,-4.81955958802207,2.5861699803969636,0.8194347040188923,-2.446893796263133,1.1693614729093138,1.1755700012609758,-3.3036423623228472
176,0.9577234393401994,-0.8425250461825904,-0.1930531354080074,0.6516413349623704,-0.5887209929838426,0.014934400271695125,-0.13610077595182446,4.055258031565781,0.5185151430950841,0.4918105649343225,0.10218119746030396,-5.031664161103773,-1.601252608919598,-1.4155960033848132,2.8499347400668604,1.865255109073292,-0.33405190707548016,-1.364289329760327,2.366207671048965,3.024170942573406,2.796942802624738,0.30121744589372845,-2.075114528885182,-6.413424333255946,-2.719115656001076,2.188582311834544,5.640715724112962,-0.7767966871865521,-3.267876413633582,-1.0655092791261076
177,1.7778476774793788,4.076350278677484,-3.0458148157551506,-3.91736426339353,-0.8989932798042484,2.0079744027958366,0.006263390089909393,-1.4446846529761963,0.09519714021602432,-0.36888316559057976,0.6443826331580942,1.0677246551026265,-1.2754554401774278,2.9457193088579174,1.1516957350064558,2.298580146846742,-3.8358025816140326,-1.284737168919765,2.1627036805676028,-1.059313028079801,-2.522790859724825,-0.5422616369870532,-1.6628211685579917,3.6244830127817735,2.316155496970037,-3.6314334458613438,-1.3121838321137034,-0.8705062066339959,1.325153948817995,2.1728140388212154
178,-1.2520005069408136,-3.925551846037287,-0.20153624431672412,4.84818469916673,0.9337489865604636,-0.4028450884326116,-3.961533146990611,2.3300398300095893,-0.9445301345792121,1.4818720828001553,0.13787433922264114,0.9562770295372864,3.448782391458952,-2.1286182235741435,-2.7542199641461806,3.998983424090863,-1.0167545234544981,-1.5481731043751008,2.131468155596245,2.6506578565660313,1.1325943558209133,-0.11857517367254733,0.3742825416619322,-6.170427735972876,2.592343027306214,3.088773359487373,-3.447459981883842,0.8550678463696944,-1.2615390294351254,-1.8271852218441005
179,1.8188981490639584,-5.058808239306522,-0.7920030559986522,2.9728147242888454,0.27632129509717984,0.782777126854949,4.6587553216529365,-4.154571649517237,-1.1874140987770256,3.5719768287898894,-0.3206597687838899,-2.568086633364807,3.36203445580729,-1.938823243249864,-0.5906587016172935,-1.4868896865314731,3.88402517454902,-3.22968799895777,4.59944545538081,-0.5039615249321319,-1.6780388096288874,1.1346669893621657,-2.766900227790286,-0.785211882391966,-2.1574629089139066,-0.8902601194319395,-0.3430454775353091,-0.2694395779319576,2.1141956237100246,1.5460124601033414
180,-3.1233797036088067,4.353781294105705,0.8375886706176203,-0.3970655386651245,-0.23021203902334264,-1.440712683426316,-3.8175561553598136,-3.9367013430859004,-0.23023370129657472,1.2941240189832932,0.6444574700393408,6.045909710719524,3.9966139011154027,0.7039583099320517,-0.9788071486665437,-0.7132349788562209,-4.057526737309718,1.0489966537849078,-2.3827573184703645,-2.725686137081814,2.942558967195044,0.6150639536141611,-0.9154934736247462,2.466314008367437,1.9223653567139856,-2.527107838339578,3.057163293964269,-0.6162356219800689,-0.06942776795088257,-1.7667574224074638
181,3.446811921850003,5.030865374068693,-6.190776125525932,-4.0801428303990726,-0.2154947453124092,2.008736405318457,-0.4923808910286134,1.4914889383375645,-1.0794240505053874,-3.314223461688446,-1.212813230204537,4.607352695089308,2.0299936387765385,3.632448807762568,-1.2258989902358692,-3.4945822805231046,-1.8926752648473357,0.9507140890670431,2.1212294438271826,0.7624419413773857,-3.5720182128507894,-0.772062817932671,1.6087104159951213,-0.14830077041650824,-0.392794599473266,0.4866411943462765,5.773052342780339,-0.9812025777689426,-1.350967765756021,-3.534728594128108
182,2.69995360074115,-0.9494042628993853,3.4506453366683907,-4.134106095272397,0.6638962883819519,-1.7309848676199575,-4.3139718713045205,5.405266440576952,1.234777313025087,-2.6909242467731396,-0.4519804235000455,0.8168327879755637,-3.5740396279748605,-0.08677666148015106,2.4201024736672956,1.1633482097992527,-2.0813114333869187,2.158677039375249,-5.967209424719574,1.6729022168390788,-3.837227687686326,0.2193869546948104,2.9053155921339435,5.006832348737817,-2.4531774955982186,-2.4981585558147614,1.379388270938012,-0.7912079788036914,3.1761580630738138,1.1869976962051076
183,-0.12168293750124626,-1.443303580560979,3.008557846096469,-0.33812315078519006,-0.6755304607247758,-0.42991771652452293,0.9333791955880599,2.059075020582064,-0.5058076797412818,0.5933209013533549,0.6284838040316689,-3.708451241813968,-3.568077199357953,-1.8860475726087529,3.635234033041982,4.05372882294991,-0.23007322163278943,-2.004764862392504,-4.526354590637823,1.1427715189268852,-0.009007760993362979,0.40999442864087055,-0.2545214873165236,3.2371178913797074,-2.898302074289923,-3.2077358831686524,3.44476655318665,0.27666542099352665,1.6575214189161471,0.7270845643625101
184,1.743786417087179,2.1536962992826645,-2.539846243136399,-0.6521084814646834,-0.7205315417739953,0.015003550004996313,-2.182515802455111,-1.7755127063386915,-0.30183935276319573,-0.4422832971192072,0.5960353414196593,4.1061158172564625,2.177008756434585,-3.33683686526156,-1.8929773843716209,2.374147194294281,0.6835072098618369,-0.004848910957688801,0.6944833805949457,1.640119583394533,1.510824461848408,-0.3309133076229207,2.754387702605161,-6.26890182082041,-0.809164292641352,4.400282617268697,-5.100420293440109,-1.2199374501300309,-0.818542079628422,3.5477814985715206
185,-1.9785203627758978,-0.9450220722101115,-0.9699727444858866,2.5014010534532076,-0.13903239413571367,1.5311465201541434,-1.8882791894435869,1.1442776352977297,-0.9409353942253835,2.987878623607287,0.11844851302981674,-1.4213901882659208,-0.14855188077008918,3.0946929860571615,0.5482473588306647,2.215788615374141,-3.471017335269652,-2.239159744222425,3.777986207619456,0.35608977560631416,-3.600293038833744,0.7162738962455473,2.0387521686913885,-3.2888090093292135,1.0005995479963836,4.4705383935469065,-4.881108749569005,0.41583037041458315,1.363285685047284,-2.36914524743586
186,-1.966821990027535,-2.360177518394206,-1.9594206153158602,4.235535050162891,0.13381583204647196,1.9170692415279706,-0.9208557645926305,-1.8045327199775087,-0.12751779834551602,-1.7391757456537906,0.5394460207831155,4.052636007786255,2.5692993931081176,0.06327483406066037,-3.6843659797217754,1.5081211955981288,1.1004830960094694,-1.5568125390548122,2.09711529227107,-2.083727492179296,-3.824477259636158,0.5712545985791637,1.4934819967250412,1.7463528642399098,-4.655590249023247,1.6995272458269284,-0.30579535053778173,0.21871824341248836,2.4434761410184755,0.5996639693034567
187,-2.9563666756616236,1.6893890606646202,5.190844420127711,-2.4174810015590644,0.05890924400776587,-1.565295047579676,4.533688452472408,-0.8663546831298561,-0.6861932660671464,-1.3644197496516899,-0.33397222511985714,-1.2827485285039408,2.2853071093127717,0.24110400096262197,-2.8913358089105294,0.9830086681069901,2.823328139218315,-3.441412108690429,2.461008336101589,0.801609782707196,-1.3813825008393188,-1.034942434132399,2.623221213123788,-3.4695143969611166,-2.116576641597625,-2.5391126711135428,5.474820075507104,0.7348488524003605,-2.288616752322376,0.7346371371264073
188,1.815638527411462,0.40002277869883685,-5.067334050011091,3.63448048850789,-0.5849400061492316,-0.19786773845815198,-0.7943760059135592,-3.3408066425517617,1.1048312866470207,-0.07661333281870597,-0.6424727869288658,3.7494374815657636,1.2304692092778389,2.7876834600721345,-0.28696591634791346,-3.1487790250099597,1.8298369431552821,-2.4122446711476897,-3.4143114515886985,-2.6652948090093176,2.7423406455813115,-0.22253574889529038,2.9906580783264545,0.5691432855852767,3.2685060887273245,-4.618075635786328,3.170507091282328,-0.15962390916950575,-1.0124657355713023,-0.6488478994822042
189,-2.4843073454672506,-4.6961351090063665,3.603057851240159,4.311818355786443,-0.0776687243062193,-0.6567650282470527,2.357980794821774,2.5090932809551205,-1.201828317626009,-2.536210690035885,0.22399207828531154,-1.3530271464004215,-2.127181731395771,-3.54486345817973,2.3362969520620673,2.588048400778657,0.30007170215064605,0.4476281345838391,-2.8532877483972356,0.8968198356806063,0.68806079434815,0.6691830104832848,-0.4170876892716162,1.0163117971565612,-4.257760550178135,0.6398890817280858,5.7922583075649605,-1.0039752677786073,2.3663743173281446,-3.5367858886641077
190,-0.8459895487969682,-1.631149734313862,-2.1380284829746827,3.7861879993319327,0.1796265467175826,0.6493532200357439,-3.536929492846131,0.6836433984923254,1.1996119170461066,-0.8248672969589919,1.0348772032726705,1.443664270993903,2.9503533549932577,-2.690750598380067,-1.716961204968289,0.18328048354467796,0.9754304270487992,0.2986475377613065,0.8034931528801614,3.3284752753085414,-1.223727582487797,0.052620133601215535,0.5267603490880752,-3.487621328390432,-1.058555787339472,0.7134786408541522,-1.203193087991398,0.45348206359774323,-0.95576627672874,2.05055444760805
191,3.432605204438598,-5.6107864102248115,5.949281810133471,-2.104238325601596,0.11211192809724135,-1.7789742068431416,-2.907454252039404,-4.602461665978815,-1.159580516010334,2.2521777837895485,0.6255801647866646,5.791738485452221,-0.7954975425477038,-1.6161136972125956,2.7826663014446034,-3.5272187647659567,0.559416763476186,2.596746939605154,0.6115173126148576,0.20917356124990327,2.8151462145056847,1.1892377877545943,-0.7115145763273265,-4.113560299797932,0.20621486802800604,-4.477467509735426,6.040414913413098,-0.6009790870057614,0.5457217083175543,-1.7139048930171512
192,2.0068889197928357,1.321083876180733,-6.0247759145146915,0.07970890472578063,0.8360901126959916,1.7810041011191142,0.9857253258580769,1.6859115670868796,-0.3133100309222119,1.2338162486240556,-0.08686209012954915,-3.505281020517387,-0.08079007628059642,-3.5887880759040947,-3.710139256876918,2.7644866708152556,2.345858590066239,2.2693721481797873,6.021144791736113,2.4800477122660034,-1.3529754739623883,0.323178458200708,-2.1166604681476375,-5.35473502009301,-4.906202100429979,3.5720187532893455,2.0130290546863137,0.2841835712327745,2.2066763491063206,-3.1697056278844506
193,-2.1145512501851,2.951616777926045,-4.057062045225042,3.326254599099151,0.874254963078164,-0.9805130446934598,5.649746124543732,1.5086152383248468,-0.4789398579616657,-0.6438053234203771,-0.0021458477985314417,-6.033470333688122,2.1998922982995914,-1.107887827624733,1.7632080016947214,-3.9632275457362294,3.6432612804219744,-2.535246207055607,0.07952960808770371,3.1846053613464314,-3.783141739761197,-0.8948851830277063,2.8974114093732837,-1.4835194560186906,1.8807989941870673,-0.3498383285288078,-0.49284798233824034,-1.1821601601861507,-0.8729399864484879,1.0169874633149654
194,-0.7642641457211923,1.3127147290508496,2.1732418885696383,-3.4619261195532047,0.221467968545364,0.518765679108288,2.2012738105674003,-5.87481665227692,-0.1463629323344975,2.0026998130740026,0.7792262294583994,1.037979731511534,-0.30514212150375286,4.112349698077125,-0.08068519148241649,-0.10549114761763789,-1.0784460555947906,-2.5425851818788345,-2.596680171194258,1.825387595822269,-1.0343804980240545,0.4364578273121724,-0.5963426800062894,1.9655579260899856,1.9158256038951933,3.6674749750241453,-2.841426207581719,0.9296917151227984,-3.198866141722105,-0.47269994473791854
195,1.8970718527386445,-0.9180576751230589,0.32611413659597943,-0.7762169765505256,0.9966685356681277,-1.525579873329427,-2.9524746479054897,4.729092174901304,0.5028204209394991,-2.733443827399917,-0.2713789090937393,0.7253847885582481,1.3781678958497778,-0.5071938000586371,0.0769661848063663,2.5448627304805704,-0.028938683122806452,-3.463864327955555,-2.5406938099427627,2.0152245221127174,-1.6558700049968191,-0.5410152651180216,1.4654518575046236,1.2569027004400581,1.9671693672527333,-2.1970322851456103,2.6548209510536047,0.44664927071716587,-2.4503319291246743,-0.4212753747528257
196,2.2015003507910222,-0.016874427575128692,3.273699369405211,-5.973438124323032,0.32446614588553,0.1906466858161444,-0.7088196390396639,1.930975177411824,-0.31058819094327283,3.186594015604001,1.2276786778203803,-5.32584004085335,0.15318950754545213,-3.9377321389228577,-0.016933726175341945,3.885136606765016,-2.4186935913827163,2.3350333421701386,-0.8759737179651701,-2.1257096625300616,0.23750965388333967,0.8567156718512559,-1.5327592443178073,3.4402172990782134,1.0567413053428432,2.54475921002755,-0.6755574251235181,1.1974145760963166,-1.0983517073444062,-3.0250059589984097
197,1.7781574413370578,-2.1305537889676636,-1.3542256089193252,0.000692346850176051,-0.7557353179473778,2.4616649276468845,-6.116182191372392,4.1760078403649175,0.08151344958604678,3.0007824803865404,0.6392690601347804,-1.7813906390999392,0.8874200568223998,-3.28715384150866,0.7425914437587622,-0.536698200526093,-0.11201765310799416,2.3058581945612566,-1.3592152203678296,1.8802534520817389,0.11896287206064216,0.7368561248934569,0.08037232377149195,-1.457229552439756,-0.11459387167731094,1.0033595343983919,-3.0022682837640247,-0.42802095300308096,0.5150379993990235,2.0264855746474097
198,2.5323588962907664,5.5831071703566195,-1.6376617514386496,-4.872123494305537,-0.981481083517467,-0.624199737386002,-5.962063687121905,3.9340794469848994,1.132781021327573,0.5561116656852061,-0.3026627580344856,0.6417543111586426,-2.5561693354655617,2.55298072951733,-3.5147031609353014,3.0635165051222053,-1.131529960054964,1.585905221816006,-5.476776398713536,3.2615045305104857,1.8884305434209132,0.7501755616366426,1.3307552969053074,-1.7540895337600624,-0.4261582319452195,-1.5879300722981782,1.8362801949642211,0.09667041727218706,0.8337597614423711,-0.7526220694349952
199,3.322425350337319,0.12248871571805253,3.657804833630223,-5.3281707089968116,0.04991510072420091,-1.8244632914132541,1.8284542528190855,-4.876486043901963,-0.4379859772101282,1.0308317043133215,-0.7376622036088722,3.1928482675884844,-2.170597396847917,2.698577101998435,-0.8117224732199126,2.6673666463829093,-2.5644448417392933,0.18082096342547338,-2.151602363339972,1.2506111561012307,3.3073427206304338,1.1448161338277583,2.6783088094387466,-6.229476456658457,-0.942915901116816,-4.290129642631198,4.6589293326248615,1.0904508702439237,0.38988861478495274,-0.9062232739053311
200,1.6548114470511806,0.2963920773594033,0.8941928688926382,-3.977230605788929,-0.984215398820578,2.116049611305991,-3.682073189357215,-0.04803819829388445,0.40893416818786754,2.824727099002203,0.1079950536413472,0.3884550668196205,3.0881632085187896,3.1683249697873954,-3.5271142698635867,0.11034663788316834,-0.6147823020485035,-2.2249382442776273,-6.031173477035189,-2.646541445936366,0.80040071756871,0.053063994855977015,3.13799947594271,4.686250734603892,0.9280692461947453,-4.3335089143673144,5.211218699341753,-0.3784131921415552,-2.1386916572976116,0.7113258182703799
201,0.884525210751919,-3.2424559262201917,2.634294368391128,-1.409665848412594,-0.4063761618084465,1.5396783572978805,-5.136065682899474,-2.7723318670479173,-0.10762720201136844,3.348534439161728,-0.2926520149568379,4.960142327753779,2.884693371437354,2.4207776783260258,-3.4276386723059,-1.5493287907716056,-3.6079647120515084,3.279461125365259,-2.265308496389327,1.1078529723665138,0.4638348841886568,-0.26012944927986936,-0.9277579983781319,1.8815080874918806,1.136131573443599,4.371953314124092,-5.522781888168968,-0.23471111759385632,2.415418729330291,-2.1660106111347606
202,2.776283390409951,2.4381549569120793,-3.849363093885483,0.9544688121127898,-0.8727339368374363,-1.4468101287121975,3.319280221350553,-6.029551524609889,1.236957529661983,1.8592030862241238,0.7702657026944024,-1.1561550153212359,3.5604923145123486,-2.2098975574229645,1.0836688805273766,0.3543470300997562,-0.41978935086248015,-2.3688213168544276,0.5589894634410157,3.327233558527599,-0.7760057478927127,0.5691836817366678,0.24163926124592017,-3.921040217058767,-2.678080026975355,-1.810317492172583,3.950944532004854,0.6538530960378539,-0.3604033189581788,0.24400321006383408
203,-1.8889569519148122,4.451820873386438,-2.044544218756023,-2.088295294066068,0.07587604362733824,1.4940995477228682,-0.2695083122739632,4.567004647635883,-1.107496288061383,-1.1218780881344212,1.193103062184707,-3.261225021350892,2.5412227335938873,-0.7874356508904192,-0.460122872919591,1.520702871672782,-1.4238083695804828,-1.3905587118765563,-1.0897587609075359,-2.355440849180635,2.4749515435999356,-0.13879453157439858,-0.04299845330549523,1.152041051367842,0.968633704774259,1.372369340240656,-2.675749638247069,-0.04971555002513206,-1.9303490065294149,2.314811149787129
204,-1.3043161799052427,3.98835067727941,-5.847192893964703,0.63529061048364,0.5200156336513473,2.00785215245525,3.272122524166491,-1.3268106852335713,-1.020083059598436,-3.6652220840286596,1.134402003142827,1.6055913015513,-3.7373530966069133,-2.4564156033436326,1.2438196477962116,-2.3990925991475542,3.8002626491383786,3.5487790021631014,-5.518856695155698,0.7265263031561116,2.2371263301400113,-0.005912155653000184,1.3089648031046401,1.2521514144076775,-0.9463426538781157,3.4147805832775546,-3.7618027650733232,-1.2320032178817835,3.3819233800263753,-0.8565553264702555
205,3.1884442547762966,-2.133491693012747,0.7560277633075891,0.9136609794045327,-0.8921562688971472,-1.8324850355788396,5.016374866478024,2.1448946153919977,-0.10540456187631264,-0.6844315114415114,-0.3206532031690905,-6.0507802053831305,-0.9433817657280414,-1.2694073807573236,3.645063631538008,2.0077008959073837,-2.041932500511667,-1.3980428804487826,0.07593440883209368,-2.835714616617892,1.4375041264097916,-1.0466274644219848,-0.5330828128286562,2.901986358626388,3.2994821974805184,-1.5911204179801892,-4.018083770021722,0.5259465637026643,2.7954172993151687,-1.0116418724960035
206,-1.0029703624538389,-1.4248028821128251,1.21478298127834,0.3567503511581229,-0.24732840364420738,1.103568315774055,3.284915153188045,0.7817260825030239,-0.5150561208818862,1.664632985645877,-0.011408599206021108,-5.204809501249073,-0.8830611571882976,0.739635417761729,2.2627810332136846,0.0037323158533375533,-2.850461158582851,0.7273735489419391,-2.6008645244540602,-2.146021582424673,2.0263654714288393,-1.0968746900185185,-2.6566572023886206,6.474052527856756,-1.1291876696414604,0.31232953516503414,1.1431450250022017,-0.4176041368327308,-1.404081231801623,1.4953984781090668
207,-1.4648777012549594,3.853257852231458,-4.746448825295289,2.0159953490164,-0.4281101476120881,0.7701834729140984,0.2440915700953461,1.7150828665610938,-0.7995739197372727,0.9492316653522632,0.3825592194991785,-2.4913914017706453,1.6229175021173745,4.183685745805988,1.6199224406874464,-3.8488030585660002,-1.36643980370593,-2.211282826339337,-3.2243889469774167,-3.2290793686108508,3.2779418870231325,0.29538075977085576,3.0967662312766606,-0.21662056248268513,3.01187940905454,-4.001012091309137,1.1998129457588362,-0.7544904560994956,1.885176968446924,-1.3413667758511991
208,-1.5492390470073634,-1.9592098408771506,2.688648158892434,-0.04330736188515161,0.5561414994960643,0.3069665913807693,-1.3756359809391867,2.9908378561217717,-0.2861607594088369,-3.028442812569173,0.8032736230213349,0.8961280737740509,3.357358331699068,-1.6574244425600249,-2.97713577861278,-2.506348341954819,3.724617688556741,0.0589325428713412,5.3621342072615334,-3.4800667920513533,-0.2953653731520216,-0.23796100877731519,2.4642270132231943,-3.812968046504345,2.057180774841374,2.745938415138294,-2.252400816405501,0.17476402519317524,-2.500141613926578,-0.22534078484027376
209,-1.5296072644982743,5.241276865409631,-5.080085841207254,2.13323632057525,0.668805008224854,-1.4336250885046358,-3.00302050909648,5.840107297768199,0.8499096938284874,-3.2324997288463493,0.34308799188105255,-0.7975847455349232,2.65632012742595,4.233631719022249,-2.5933820273589685,-1.113269844834809,-2.067928056181751,-1.1153719180731603,-2.3401542266936346,-2.75844866319021,-1.9508754423433547,0.8811758914233803,2.064297213474463,4.104005227329047,-3.38164097821328,-0.022807739648730063,-1.9182249237300901,0.7430670569928779,2.4134931021037893,2.166113482495902
210,3.41037005752176,-4.417584770318051,4.378546517689845,-5.169829810616736,0.9305555103418865,0.8679424953808912,-2.251503372400002,2.282638104062997,-0.6332094276744975,2.0341279469005684,-1.132405955447405,-0.29964729544169444,-2.1630525204088364,2.8748537408933146,1.1819552370346074,2.9957839012151872,-3.682986489149,-1.2065538695857683,2.165803623499521,-0.9808525974842031,-2.482511207418991,-0.9009785860032009,-1.2382129050123059,3.4367516724189002,4.999469088553521,-3.0427845503505004,0.7365623079776071,-0.8785637359635619,1.7598311435876859,-3.57451425380429
211,2.786400563128943,-5.47989539990925,-0.44288717795044263,2.2605419983737676,0.7442102476680441,0.13162976868854592,4.586867851875358,-6.17691819340185,0.3207284126057406,2.5585079538773563,1.23029864139746,-2.5194846663541135,2.9922735180273854,-1.9106906210006205,-0.4677992495394321,-1.8286874241167812,1.9691047122787921,-0.7542009356498642,1.7527453989410233,-1.436746267897675,3.5723904486326177,-0.8507869618445962,0.5841141682392426,-3.6217167860708805,-1.381958675219522,1.6764510359880624,-2.813719188825395,0.6443221679075934,1.4259325477487756,0.4489721124009467
212,2.482058820392961,3.1924075881632206,0.2635489341373969,-4.653896015293515,0.7474703061120884,-2.0315896335125228,1.1522741798831397,-4.432738450860235,0.17034779905196196,-3.102073450664083,1.0196936646710961,5.19249625791808,-2.029294468724199,-2.106484300306393,3.501175727156749,1.7165760421285796,-3.5579562057653895,2.47598320551014,3.5091695750567027,-2.5325355958527656,0.981331011149063,0.0698478138555565,2.948911452249366,-4.976724256458169,2.3063832129885995,-2.5797851371778115,1.3710051160197665,-0.04093693582435254,-2.8773753268229427,1.8207090708171911
213,-2.101071285537584,2.569335341958297,2.1383890592307324,-0.923964431465155,0.2550848021363681,-1.937773486323028,-5.6583445507207095,-0.5497712983871743,1.2116221066132216,2.780632106781578,-1.0792326107402843,3.2950942464533206,-2.3638390270814966,2.5216617527562235,-2.7817530604824015,-2.80066579275295,2.17325334734063,3.2513427802194492,-3.015205984969729,2.4994587520393985,-1.1588661791286494,0.45102492169146124,-1.0743877957840215,2.2979762861513073,3.2656145622963386,-2.94906192178005,-2.5814099331482865,0.7624765075944486,1.0460694767026943,0.4563113083353123
214,-1.8393044851635185,-3.2539901197821095,-0.9512122585275193,5.94538423356131,0.1748453375040797,-0.07572270759262878,3.704582472736803,-1.9531284827512359,0.16002878198350512,-1.8646371104307864,1.1202037467689392,-1.1670494083072676,-2.5894298810981535,2.9741075505012624,-3.2353886938560166,2.1716658198416425,3.5099157344300167,-2.8308705298193395,0.034143661708188944,-1.297370488467557,-1.7872115576152048,-0.995260858641851,-1.7617136321714728,5.807412875187659,2.0702061166945604,-0.5614549106553497,-6.090720579653251,0.9639580304094899,1.9011496309381677,1.7168617122668621
215,2.9220252009007304,0.13999791107577408,4.830770032646587,-5.0455964689540345,-0.6627734925400812,-2.1844231831293737,0.7494936950831743,-5.299283277608467,-0.3623444004024732,1.793785654826614,-0.16026521847618103,3.2786135465773114,2.883490729933989,-1.8934818752579066,-3.5592735382580187,3.958920002606135,1.0319289845682285,-2.4215843035930185,3.7479369961748183,-0.9474263406248387,-3.4108315675583825,0.40744565235795704,2.736029112210014,-2.533153852559799,-0.2123731339544257,3.956493339396239,0.35120232852516864,0.6101634236789613,-2.7444867526092693,-1.960999205036181
216,2.4549045374837206,-4.58992573243221,0.384648903432236,2.4990471311757076,0.16858222098559494,-0.9172570606454347,0.8061349109469127,4.110483694521509,0.0864547179746431,-2.9667278608008107,-0.48383239235267084,-1.5525130702895922,2.601484793557976,-1.6106222363054599,-0.48421817484371843,-0.9510893065633432,0.47889441753605766,-0.03444949338213377,0.8814814085587592,-0.9155492608033615,-0.7691811586431143,-0.2531395584207372,1.2833329906399076,-0.22694442133169446,0.16953945274032023,3.28478689797571,-1.3725210387937459,-0.6973549150246194,1.4504484036223708,-2.8348988005195164
217,-3.364669424474263,2.292002904942006,0.8352176225174333,0.08093979596012701,-0.538119642629562,0.6946287436839054,-2.75313328294736,-0.4863057031654243,0.054678482846222565,3.5192698417299226,-0.7309673213358128,0.3964579828724233,2.6369972198237477,-0.03660870714963238,-1.8664091786843997,-2.544985531662144,2.15642750690526,-0.34542130923342285,-1.9540801545851174,-2.911897962350622,-3.118642280532068,0.47338741611202817,2.8839539388418167,4.627279042513706,-4.2943908513497515,3.835768090482457,0.7906363265535816,0.7122462566289283,-1.183419928236372,0.13916010592166295
218,-0.254259307016909,0.0950454146561377,-2.71886706906049,3.527860169049166,0.6769537950963218,-1.3267330027245858,1.5786161415877942,2.455987837871291,1.0832751118109814,-2.1837812751187187,-0.7683668755908863,-2.1657309405604863,3.259679777659624,1.6221419209453671,-1.4965447947100152,1.7234963025855095,-4.216676170109309,-0.8920970363717764,2.629696688855578,-1.113839681054623,1.8785886277169261,1.0990612455093443,-1.4525532677963984,-3.0409536132310784,-2.8394519457096052,3.9506348808742224,-5.11216198442208,-0.1009363649151016,1.7694736610212267,2.3324417531518264
219,0.9517558856366009,3.5538640811528808,-5.171326091715148,0.32531354546411606,0.4685720780451401,-0.12817949858396815,3.376697582681558,0.6629270810742014,-0.611298448744507,2.022792824548258,-0.9807898872298306,-4.470329152329725,-0.02429483785994435,-0.22415732415924694,2.5107631345937733,0.27954064333599504,-0.19044079381335166,-2.3514108220978063,-3.6785773906297656,1.998433170930861,-3.978262523395525,1.2159702638248264,0.5594261239804155,3.883010355288974,1.1837455952861689,-3.3676850982447064,-3.0974296376102153,0.35502775885935645,3.578711219256313,1.3476301624535942
220,-1.3767494040333883,3.12539808691907,-1.6545599772042188,1.5808517143609073,-0.7030126766906208,-0.9719277433520794,-5.639613378666947,4.867682419087455,0.26659754727251705,1.1037035756114228,-0.8015362022880792,0.2031660389835963,-0.4953618603430918,0.3917426238635464,-2.545835992123058,1.421762917439743,-0.24071951541307968,1.4684118265753519,2.252971005470137,0.8161524156154432,-0.039039813186006356,0.9798621259187996,-2.9327955608237275,-1.077150172994859,-1.147282072306524,0.5447884452727187,1.8636097460295673,0.7413418888200924,0.6700221582331167,-2.6724801660484108
221,3.4984964752536847,1.8933455426451395,-2.4277483364487473,-1.5790981090681946,-0.9535917454324232,-0.43140382694980417,1.2263153390710606,-0.06934784706751529,-0.2949733163067103,-1.1544889036332702,-0.7669796618760119,1.0594743898124612,0.8288933996490826,3.286734805837604,-1.7672802773419072,-2.339783359890763,-0.8915162093117033,0.8829516410570939,0.9606654337231397,1.1215829036137528,-1.3076095956045144,-0.9534909663689044,-0.10750937509013347,0.2863615997264617,-1.8475735239008308,1.8016244594766881,4.247434712057597,-1.1766401636793424,-0.5540531178321153,-2.470792366121417
222,-3.319857650181879,0.7043035896788972,-0.6498321350592349,3.8861595327731244,0.5105007654935303,-1.1312741027047615,2.6599594488201994,-6.203549835544113,0.31556915120903906,1.1841944061968732,0.08015918476464101,1.963667644553368,0.5564731627737629,-1.172450460404944,-0.7728185951015938,-2.7549552751020716,2.980775806817366,1.162975361016894,-1.2850976743028504,0.9157000754623308,-0.36179413322020615,1.132614901885903,2.182671816011654,-2.584094985837041,0.1808402872602528,-1.8579877684035253,4.11849549379939,0.6571833074339217,-0.2528187495228451,-2.8457125705666257
223,-1.4053529641822493,-0.68330329261941,-0.8614772745427608,4.452010880522497,0.664627217388511,-2.166504566566923,-6.170585463960517,0.09594025121906213,0.17886410041553713,2.1407970919200423,-0.7484427687620814,4.5034267891679605,-2.424867980279666,-0.9463609933017061,1.9499937494007007,1.231167759790356,-1.0133785073320603,1.203445971721795,1.2582833363378079,1.4558538763486766,2.9935451179985364,-1.0241961306811365,0.6382726033242676,-5.321758803328358,-3.796554598142823,-2.2295842433263715,1.8465949917065991,-0.09689887988654622,3.4960322836545537,0.7804104459951553
224,3.4575067576612213,-2.960990247845295,3.570871447881899,-3.689644469450041,0.5516963890415383,-0.9294398772896582,-3.0056822075501834,0.7579016553673377,-0.5895913200190064,-1.3490048148975298,1.0812879420220751,3.105088745077307,-2.6875369531248303,2.4778366919213326,3.266134755237861,-1.9722897606228749,-0.48448138052834366,-0.5996633528837272,4.624487022907022,-0.5546879578301063,-3.636091434681216,-0.07517846434049336,1.1435956716376836,-1.502124837693092,-1.0348261757933273,4.607196398441918,2.6276995900070617,-1.229117541439254,-2.9886433405384274,-1.9823089306774264
225,2.1974786027067275,0.40859571763510516,-3.8608903594647224,3.2360682762428823,-0.0797807328920015,-1.901471504228338,-1.328257672783785,-3.0562943684506934,0.20660774138708327,-1.6187816045239796,0.2898936046077951,5.506832299763584,-4.0236501151444894,4.183903208731653,-3.1716929558715403,2.3887874096980397,1.4244207972866043,-0.8017683447008519,4.450258843605138,-1.7254876365843739,2.396737419148579,0.5856423588102588,-2.6649942851278094,-3.042156699852015,-4.1673012410701435,2.332519821046205,-1.1640462967091274,-0.1911118339921707,2.743366635397205,0.44657291532855936
226,-1.0174225934703411,3.309186117733841,1.766014995209865,-4.308312006032459,0.9914403096397999,-0.7409068230810476,2.8979184321284386,-1.8092153060131722,-0.2588650713965741,3.5525300610174675,-0.17041343745335524,-4.211954678282783,-0.6277583608496151,2.128649646320415,1.352423058361719,-2.280087700406078,0.6970379555520587,-1.2702645989790664,5.022880643862006,-3.4631407086337838,1.5623920020395161,0.5994484629589314,-0.5815033953215138,-3.140077004905365,1.9764634000733494,-3.5791912315267496,-3.0948856583159134,-0.08265512891549776,3.654822868025782,1.1254457506595337
227,2.6285001195134328,-0.715608521944965,-4.9743494540066315,1.6811659703908042,-0.7469337622023051,2.127225648249313,-0.8580999907797526,4.787404867650565,0.7656766644770263,-1.8980501277230282,1.2372526961895671,-4.034184109814333,3.740066858217773,-1.6714891199276956,-3.901194643100732,1.5538406476740931,-1.8594216343887986,2.1381978915248077,-6.011727475902916,2.229528125498746,1.196761745187569,0.05471874053242143,-2.9935466779179247,5.524265542601917,-0.06319708213519704,-3.565326878058766,5.12367918591103,0.43541757043437634,0.02559752883904487,-1.9561703249899924
228,-2.874360295434254,2.121003547934155,-4.1449662230187805,4.357285390528219,-0.655052339080205,1.1960899190705216,-1.5633033883826108,1.7375861603033762,0.30802095421049636,-0.23574849928000852,0.4177351434642018,-0.6642903703154204,0.7758576663725236,0.45172767312245554,3.591815537558336,-2.4093618402317585,-1.217110613816958,-1.192928423005137,5.667522009505195,-1.1448663487444506,-0.3088338404176305,1.0306685442727277,0.5251055925962511,-5.769595957212282,-3.678350183557413,-2.2046806026342907,5.837022420775423,-0.8513663820611521,3.275866601756018,-2.3784918542780833
229,1.5981652852858481,-5.675799775795408,0.871925475103275,4.386493881216179,0.07253181881066117,-1.2533166846209163,-3.6636904092996794,3.8081445572337493,0.3349345736771703,2.5845757649574637,0.960578974067829,-4.0245434606365365,2.7494980159058855,2.723302408267358,-1.1521307936122422,0.33115700306075624,-2.3194497920102677,-2.3323768416120334,0.01006730237796205,-0.7608305199568992,1.651588523885252,-0.9123797149701396,3.0851320015254338,-3.0735775928618025,-2.3990167789274075,3.835738918257473,-1.9159815383204943,1.0396379905187692,2.205732754027732,-2.766111345555558
230,0.2655444265557598,-1.4711112046748198,5.857421148695188,-2.835565730623962,-0.4193757660422075,-1.3969128739103311,1.7867785474762101,-1.5609481629447934,0.23313319902976648,1.8597358528670114,0.344167601993286,-2.6628670384214885,-0.9539304897947218,-0.5305502356159906,2.222672857764838,1.2202491281403134,-1.9211275027303998,-0.03731375776460588,5.442784773186016,0.8414924817646625,-2.135268529266881,-0.4157607782410242,0.6320856995621345,-4.365333647005066,0.17403904729390973,1.847755725168856,-2.8645827487363356,0.47689286410121134,2.981779320980749,-2.615884208807886
231,-1.8380465294931536,3.6815195207515856,4.213586379615375,-5.216195395663409,-0.9250956279281555,0.08423165271741695,0.6856964508963941,5.5753584512968075,-1.2117625740938784,-1.4935448360073433,1.1295648091416624,-4.6853123012336795,-0.22051510141389485,1.9596238205732064,-0.46472812348983084,-3.8981559086138855,2.9778024799646055,-0.3540271670207673,0.9387507148948728,-1.097532615139512,-0.40229613372026307,0.32369893062777244,-2.295897585962967,2.533276689299921,1.1365903427637392,0.22410829307090196,-1.6841540290398385,-0.7441210565120331,-2.0847401330197037,3.152316582737427
232,1.665984881230294,-3.306358979473419,1.3296311816544595,1.9829848855269034,-0.48638534114000653,-1.1858566277985663,0.08783761858591177,5.970254084933849,1.0339292268125089,-3.1373731946958348,-0.3483862402959854,-3.606261495340501,3.2678627839560974,0.12089470074865005,-3.0131100918028544,-4.128961908734583,1.6741791542516467,2.079135361580512,-3.256293239767075,-0.27864487903463164,2.082844908133012,-0.5062782460147952,2.1143454737438585,-0.1559740170605579,1.575996831681163,-1.328976541210345,-4.605109302420594,-0.865843200956756,3.5616262254818665,1.662305987425139
233,-2.3125041128508173,-3.2365693455888156,2.207914496998203,5.390065134980734,-0.49934997498416855,-1.549556198555461,-6.17973966325469,2.3932343685641193,-0.1842059326692791,-0.23697605188542603,0.14669819768308923,4.060989081562106,3.2748888146747532,2.12806020426369,-1.1888489088962935,-0.43827009211857515,-1.959539874066925,-1.816290143857188,-3.6971784241371566,-1.7387480771904738,3.8618751839324155,-0.4114724792704276,-0.3729692365485828,2.358493033214039,3.9343383334322226,1.9796655691816198,-5.931730070736339,-0.6800946943810038,0.9666394132077603,-0.2688185507037826
234,-0.08092745986081518,1.2974275941858586,0.9003314113534913,-4.371069599213257,0.1422445665475811,2.111993486986794,1.1937257784894868,-1.1328643335165296,0.20716974571150093,-1.7252438997972988,0.6580305356423581,0.7991821734703848,-0.6359132603748812,0.6808800479475039,3.0250467032214523,3.578770520896267,-2.9525640862851326,-3.696219925405728,3.975931798384007,-0.6283829725128918,-1.091300112381525,0.20311842291479731,-1.0972388132309305,-1.3621283231736392,1.8994424378567913,-3.5088600904483123,2.4624158341232345,-0.15110761391213856,1.4709285964335557,-2.1728191640526706
235,0.4887803917143003,3.7685945381580055,0.6885772897935283,-4.310702330667507,-0.5603129339349333,-0.07493695506373932,2.087146644045326,-3.8920399938291084,-0.4579909094842165,-0.6079839966959604,-0.13373280174531832,3.004601057709195,0.4663261833063217,1.3278721600141736,-3.742899441403152,1.9340431596229735,-2.443621191318117,2.458279129777285,-2.0348187347317825,-2.2245195664692545,-1.545595680007919,1.0731185386592053,1.2556943115332722,3.4761211310162743,2.6973817909878512,-4.7015637979848055,2.372263999889533,-0.9352544976739914,1.2468659154731156,-0.6796934106912449
236,-0.17983481562852788,3.480354589939761,-4.386032555064574,0.9568743049015183,-0.3700062894629996,0.4986447653144932,1.7040102052641686,5.8361304215515695,-0.22199155782544722,-1.2794255860281663,-1.0365186460483624,-5.002204836913869,-2.7983809084758935,-0.8896323271794806,1.0204310221208353,-0.9562768842183189,-0.024849897671447962,3.6487089954237675,4.680495768263782,-3.3034591826605038,-1.52085092886737,-0.9838900998138058,-0.4303350737432261,1.558039516820923,4.3635111705755705,4.276638554592015,-4.034943764651715,-0.49501967276247427,-2.0236216107125475,-2.086564677040389
237,-0.8817583902622452,1.7912005231839707,3.8071160501751855,-3.5037915710299075,0.3374694672457026,-1.550236079313013,-3.943567762381896,3.1747012085540014,0.010737374980088532,-2.6573769294649274,0.4298314284185354,2.985674679894103,-3.635465845556407,1.2408259948182803,4.0226628955845705,-1.8392086418790754,1.0554234453483708,-0.8442378483162702,5.057232940221816,0.8604571377174217,-2.805617481639157,0.7857493868385017,1.0460067817310783,-4.943828764869846,2.8781084925958638,2.442894604552105,-1.3607933368581584,-0.47244008973792795,-2.901644841772093,-0.5861248287793668
238,0.8788920206556146,-5.287703826417392,3.2244410531325194,3.3700728930284214,-0.14864086162403867,-2.037061278775412,-2.870786446144457,-1.6754365639675761,0.31116176534237283,-0.9632447711784824,-0.9311789490595235,6.129484965007567,-0.21564018647811523,2.2973099869346463,0.21254635842696246,-1.5300208744733137,0.20738820734586838,-0.9715834917565633,-4.1438738766627665,2.9887059881337734,-0.7802410911584712,0.53656736113681,2.227835483815797,-0.828993865265371,-0.8021264623519322,1.4582064482932964,-2.791285394563136,1.0742593265819043,2.938587513259634,-1.8776414312193328
239,-3.240353866195697,4.22736800289535,-0.3702627445175608,1.0019948616836274,-0.4289681584711542,-1.189778095394848,-5.11017692331793,2.9562891011804027,1.0553804333494519,-1.9589470129625397,-0.24166798599213113,3.2991223877426314,0.7106447478521503,1.4038060605845466,0.5369426026815383,-0.7660607691155796,-1.2087114596746709,-0.6766211823285264,1.576509181051545,1.9986182259386034,-1.9949910662608517,-0.11786406078429756,2.0058518506425784,-3.4681241305878103,-4.096403390324948,3.6489984346945654,2.3510489228133657,0.46852349725709086,-2.1846969340491746,-0.1874705303904456
240,2.422764106648099,3.0254084489354724,-4.116239789538366,-0.9890300797175868,0.0998779903217275,-0.4427806766496012,0.5157838164743467,2.233767382676575,0.9836326257915156,-1.9782168650481982,0.8637625775943079,-2.618729537488651,-1.3388567834725986,-2.927996687032344,2.527828966759664,2.5266568496225794,2.909305978232748,-3.696938324110608,-0.3541737769859097,1.3648082770552037,2.114083727509257,-0.6665890250160675,-2.950304966385401,0.4921757638226758,2.9888625827869326,-0.8940880038723868,-1.722183389953738,0.8206154041014813,-1.3329470402121686,0.1397404471503414
241,-1.9923630233653835,0.7067953770349682,-2.4879012459117824,4.469477062371958,-0.1627285443498736,-0.5332796257801444,-4.359863328460332,-0.27285197158158425,0.8234757585309564,-1.2502489954800922,1.131670630345245,3.927817906645682,0.4149911909378723,-3.427736107458781,2.753372165051541,3.8243453978198723,-1.8959652734584207,-1.6690073728926365,5.082887933649044,-2.796228232970293,1.091774093815772,-0.8566816240520563,-0.5868210958676858,-1.9349310745750294,-4.019459508879915,-0.014560892089580335,5.437833255745989,0.5590156007614384,0.8468966554014496,-2.809725110938917
242,3.394677632453245,-3.734842523990565,5.015684252972999,-5.67984700350112,0.8253679409167702,0.17895970114838633,-1.310060726741355,-3.8609446636151965,-0.5259446393973821,0.16721422096272143,-0.20188368976002824,5.731619498551122,-0.9864061542182014,0.8868102380241147,-0.46091524206464385,1.490854521943465,-3.4317701897214494,2.5014268260361767,-2.6725496192519813,-2.0785964625630555,1.74481683543069,-0.9574393981183764,2.403193796931749,1.5605748475706918,4.681742192303691,0.20728841746988635,-0.6315063234298073,0.6986687017661479,-2.019020359006083,-2.9371726291033546
243,0.5729689266804154,-5.478286624643875,4.124222980244081,0.9922441690180044,-0.5377989778573407,0.3266495265584375,6.004746814861544,-6.2383189058934505,0.1952487406831196,3.7258634660312318,-0.28654383412930695,-3.4009962815532333,-1.7666290488151386,-0.8371998916887406,-2.830643634822396,-0.9758892820401996,3.406620591791338,3.0037412655746003,-0.4328795062189954,-0.5254173223061667,-0.3640927899837081,0.8777874950836084,-0.7290255648316197,1.1736276882565981,1.245206200463013,0.430721577080444,-0.8485765345585676,-0.13942846412076637,0.852177995933955,-1.540100774797578
244,2.6072171982425125,3.969862742456119,-4.761192506073883,0.5588516450839478,0.013273505995616386,-2.388012585704586,0.1235706837332664,1.4384492954239079,0.27349740946248424,2.28626892011485,-0.16957484146379187,-3.952211467270793,-1.8781435621968399,3.986246668608203,-0.5813014763073419,-3.3668096267313885,0.1797956535938141,1.6602123430330167,2.9160217546515703,0.8269727077575428,-3.9098079299114037,-0.3272341468225086,-1.3047048164543664,1.7987524307788867,2.622456082249432,-1.171770538099242,1.8385968202970489,-0.9969266973103714,-0.023127149534694524,-2.269228517601656
245,2.3265892873725456,-3.2295266805049323,1.6872510319638643,1.8385584121782799,-0.43032247714918404,-2.192549573860852,5.6065252318538406,0.7148870977477344,-0.19757243362332488,-1.4270102151346915,-0.5776370725185176,-4.119192608325136,-2.09882806288919,-0.6462181350030249,-1.7552517129214458,4.132974007246279,-0.14810775794850528,0.5154316615153132,3.235612638106037,-2.9007442343194274,2.332715534920567,0.6167486746583517,-2.6135518132314353,-0.6707808001343736,-2.045958760707549,-3.561823378420179,2.8712128880850045,0.7300470454780648,-1.101704151830722,3.1082263573958855
246,0.8066208719673309,-4.5668731611258835,6.132207656720915,-3.018083102362205,0.21434855701354838,0.4317791777859945,0.829454582214268,3.41119089078045,-1.0427836190321864,-0.41607360832301765,-0.11411935711939858,-2.6676688885201862,2.819657542704512,-0.9136365930832007,-0.6717885331810614,-0.8124142546030235,-3.744205312953694,3.3223871511158833,2.4561022090512914,0.16628808631493364,3.575997924533283,-0.6184474841609227,-0.6819268056768113,-4.8980139300620635,-4.612917636177274,0.8950841535046443,2.294286627197131,0.38392859498374143,2.6203191961370464,-1.5807009356447903
247,-1.6101137597240847,3.651398105545745,-5.031698336035316,2.839385511309935,-0.03834492029651493,0.18937339919990848,-3.5619159562798473,-0.5637071294054898,0.6743842292934259,-0.9087884197532183,-1.0087039154509876,5.368731191596055,1.922070459590632,2.660047631204165,1.196389509501131,-3.2332523723697157,-4.174005095383752,1.6287498674569747,-3.071768733283637,3.0162838195312176,-1.6258462483268588,-0.5377680247722454,2.5451127483322757,-0.3260135614810302,-4.5346239912596875,0.9616433082946081,5.65911584754442,-0.03364657059953302,1.0916928109370758,-3.144181404916427
248,-0.06305629343974672,4.024849472604817,-2.901729214428311,1.3195837208900514,0.11861840759531095,-2.4982660932224494,-5.097273614099983,4.404410963543562,-0.2688321694449982,-0.9202981380961859,-0.7586600170654485,2.640652975162986,-0.8293737390000224,2.5260500378747075,2.9597546135612873,0.068144442028089,-3.435970529622809,-1.2886048248418014,-0.8134729654297814,1.3204289085965097,1.2073770954932357,-0.8295925691068113,0.6165541695868288,-1.5012946391402338,3.8739594515587186,0.22877281882249179,-1.1722689030363966,0.15098385311040197,-0.8683768537655148,-2.21307036668923
249,-2.7119115392306306,3.384893150448878,-5.514044144093788,6.092189382397436,0.5595873674813365,-1.8107142170035324,1.8136319796931026,-0.13075561437813832,-0.049174781437193005,-2.4352411790672246,-0.029215517809631386,0.8307551129990323,0.4496994371354326,-2.453465170902385,2.8412712370478097,-3.4873350930310565,0.23421035970450177,2.4156192300451487,-2.4421965152365708,-2.225343362521727,-0.9355686186776762,0.7979780867573716,2.4676186099585333,2.337511799719838,-3.3279656841071663,3.745670100482048,3.4048866321060345,1.108901123266179,-3.075493994835213,-1.855998176911422
250,2.1425630519581738,-3.2979991867328273,4.3557528722833965,-0.6996804536619976,-0.22539958131608362,-2.275236702530968,3.035991435104574,-0.6970561114236808,0.10014921896566609,-3.3288767365227656,0.32534287522503735,0.5644493186511355,-0.9494257476401877,3.0603273056444174,1.4056544206847654,3.067783542198974,-3.5079820409755627,-3.07635747991292,0.057323767862556,-2.3150234853080587,-2.519587869761688,-1.203727203562067,-0.6740655414568675,6.655080332225872,-0.9932067988195499,3.1873751762811864,4.303642156009417,-0.6657795409761098,-3.6496325903609854,-2.1823984021334972
251,-0.630027572438971,-1.0336760156838416,3.3220609077379137,-2.7391675096161343,0.4777272271874722,0.6030829628132466,2.9872453946684097,0.5770003436545359,-0.5245635654260594,-1.4454622895991527,0.09216395727244286,-1.6863838405702296,-2.9540955151476744,-1.6608189709779122,-3.512875274896988,2.3547178308910723,3.8984177269955644,1.8746542031354387,-3.787417355403143,2.846389186575607,-2.4094832066142615,0.015816195066133076,1.7895294157003683,1.5451657646750654,-2.140336779748015,-1.2939481760065092,-1.7089481262281652,0.49770057522525146,1.436836896589682,3.2086956101682453
252,-2.3193152501329326,0.7956063638273854,-4.439185713864788,5.431161104516612,-0.22479879594197905,0.7565322915953931,-1.2094361638762159,-3.2251047838883053,0.8638398870795658,2.50546127520791,0.17214129791079102,0.8930984875662027,3.1579862733192883,0.8312647430091573,-2.617357222062342,-2.2731922555253057,-1.567963064735327,2.4692615259940105,3.1355939745343164,-1.4913509029610612,0.3768483018746416,-0.008408209680132117,-2.0131689853110952,0.00048582154309428915,4.141869581558865,-2.791309044270882,0.7748586402409572,-0.6118167745707401,-1.3892822494678985,-0.12432015348979242
253,3.235609178896855,-4.937017293366168,3.0677908664644633,-1.9457569331960407,0.362834447207085,0.2165397339934767,-1.8962383814404546,1.392373808229685,0.03959676447286675,1.3645160104129204,0.10781480476382566,-1.0080630064389524,1.4452525815314416,-0.96726411119392,-3.1903528099104506,-0.11510298387251794,3.0596729665799707,-0.23220564313505676,0.8152693248348477,1.7376659296870773,-0.41388738160590854,-0.6214188243661152,0.7125697517077754,-2.2301988002579094,1.6010346924295575,-2.026125209466194,0.8773408012350608,0.7710434175048091,1.2844203590484327,-2.5077140607511463
254,0.4439481950047046,-3.543580108819654,3.4018587348807543,1.2175473288272585,-0.2800121860606195,-1.2397619638327892,5.2405885468193105,-1.1749179965158234,-1.19015332705747,1.1801207901289565,0.5756282087397775,-4.631266222114878,-1.6302538795998078,3.1421827660337307,0.4789035433098725,1.223755429415828,-1.972909171004778,-1.2416786881553712,3.7727008187965723,3.127130677246658,-1.9143164883748263,-0.8270365045430044,-1.1404777423237622,-3.018000760801886,4.568246596455495,-2.727641285032007,-4.008129012107489,0.508341851542875,-0.29035295123335914,1.949534800375023
255,2.7724523957399363,2.051695071929906,-3.4154936020843927,-1.7074556846960824,0.4224450010351495,-0.12364318192486579,1.1956931031105285,3.7971365193686957,0.05760576928791661,-0.43522849694426746,0.6848399841797059,-5.300046879002693,-3.109490863400758,1.7596694210929336,2.5923974378412353,-0.2707724104890836,1.5570677247677764,-2.5288713098126347,-3.192816969671565,0.3023922784056179,0.8724297040222027,1.2468262086441433,1.0432648751257432,-0.27209609652636857,-0.6723614409671583,2.138325944853115,0.7076416689565086,0.4881399931381569,-1.3048659292955165,-1.3568802366845532
256,1.1056199513762373,5.713564035626167,-4.93868400380239,-1.0384193208564767,0.8280924558924951,-1.6701731182364075,5.641895449418588,-6.047201900145044,0.7020047412249921,3.0368117762588263,0.8116171584144629,-4.1451272251719615,2.9679940734687733,2.0041746447490922,0.3083353805037312,1.027790975501592,-3.756568355999253,-2.551726718224444,-5.308098566383329,3.0361989770007902,2.642794171512527,-0.8106184401895042,1.1674333024343575,-0.7277094443750549,1.078908696124067,3.670702889221811,-2.081918388646745,-0.9079362698540896,0.25586525021822304,-2.01562217706271
257,1.4222128048471525,-3.343603016287407,-3.2070651266048458,4.425427507725349,0.5724882297694274,0.13053960054995883,-0.4362704237344417,-5.197645827711405,-0.8729848224236036,2.43804528206568,-0.1676412153884721,4.236497007192117,3.3873113971410653,-0.8454690863886896,0.4002903549740431,0.23150182486739368,-3.128578506384562,-0.045055984209765754,-3.0827004977366776,-0.43681202085847737,2.7675802771371707,-1.1802172768885786,1.424840639680749,0.5073088786656008,2.7762570331918717,-3.642390018274842,-4.920394437064157,-0.6607512897507428,2.822718194292662,3.624560517605726
258,-2.2076426912967637,-0.16580184884579552,-0.10543335660000253,4.7118905680664795,-0.28808400967483583,-1.9449286616494366,0.2486717670097427,-1.160429604379825,-0.32790289806152906,2.641403718925126,0.7205073988773742,-2.122250382371007,1.673386354579943,0.880198788244325,1.4331312171404065,0.9983383331699933,-3.275651717808321,-1.7094029753268423,3.500172546504537,-2.907520593746712,2.634836001401279,-0.8322717352809867,-2.5790018001699835,0.18378558129165157,1.7203376480960912,3.050582736448874,-5.799041312609713,-0.44625435706489114,1.9004402953922828,-0.42606501026215327
259,-2.7702810237478985,5.521335486485459,-3.555523776610709,2.5842868934180636,-0.5411769740790064,-1.2386406054662586,-3.460306252303738,-5.08665064731845,-0.16046973626174577,3.047678054751671,0.39727960406164886,5.26246897707048,0.02088386254689567,-0.027687862172115274,0.8355609765223448,-3.4312327853840667,1.9444943444112184,0.6579814640752097,-2.912099933034728,3.2034495468025987,0.17703385166955954,1.0047314485750283,-0.55005029819465,-0.923064615818042,2.2375484453320738,-2.52820282325051,-3.083106902047831,1.2374453182896792,-0.715534038952022,2.8518500006291063
260,1.1258839104161673,0.9585911562589615,-5.523538329954732,4.43062928813222,0.8029048376259578,-1.794470862478926,-3.2725876649787438,0.48358433802814815,0.4989628111830413,-0.3051559542188578,0.07331764478226077,2.5218788252040305,-3.4698395896089202,3.7679338772988586,-0.6750345497258508,0.07708387550071549,2.6107031498978444,-2.3108467633631378,-4.845324293497232,2.3768195451730776,2.4652662184638032,-0.10879522233809347,-2.055965896083718,2.1679996482819455,-0.25588777116994876,-0.2685423577099826,0.24088263328258108,-0.426585405900763,2.7513526546175875,-2.0412197531189733
261,-0.7396157326383985,1.4081955500973677,-2.0925718440841763,0.05245214379719698,-0.7533139173829169,2.124853800210593,5.9972491680528535,3.5627554600545324,-0.9076210121216004,-3.1684423279925795,-0.14649219439511896,-5.337449093598224,-0.2400701373479457,-2.8412354096616728,0.4078728630635098,-1.495596090117731,0.8505283185106336,3.318500455552698,-3.6758847959745786,0.7222898278287495,1.0345235604538168,-0.6850824225403596,-3.165398852408112,5.769552682640267,4.989892545604505,-2.6226999602376146,0.5983808450164823,-0.3478089814436016,-2.251841582249819,-0.3659228666894663
262,3.1320794859651,-3.579227823558824,-0.1734727963683511,-0.5461171577515884,-0.40056924442077113,1.5673075361341056,0.4591183538597825,1.9254902185461944,-1.2106274463263897,-2.1802481451272175,-0.3409935195644911,1.3472605386119874,-1.5317232524303677,2.6681336019080604,-1.738623328465028,-0.629430046616374,0.58694601697864,0.6446970086245578,-5.002268747779478,1.2165888923821626,-2.227115215966906,-0.8490549736190953,0.2389731343955699,6.622876910587529,3.816598827873957,-4.68876622079291,-3.138805706175795,-0.1458213822467851,1.616537992535907,2.5402564888060866
263,0.5783537649450299,-3.572000364156313,0.8693299292063337,-0.273911307723953,0.2594386456010658,2.13878933212753,3.382526711736979,1.287780369211589,-0.9723198405772937,-1.3461831059518623,-1.1637844482799982,-1.1880196861395618,-3.261848159074246,1.0926867161015004,1.9408236782444988,-0.22035666221452033,3.904034166072755,-3.4553397391304923,-1.9167237119260783,0.37728668662091636,1.206487667334283,1.220697717328954,-1.6717635139241231,0.7840151545658252,-0.7908924545771789,-1.0482849918416086,5.704201936767426,0.1901397412720618,-3.5552705127584154,-0.499893718861804
264,-2.691483620594525,3.792934691401655,2.48720777483868,-1.9092295899628695,0.6562070157683593,-2.3356362714516026,1.9429650567963357,-0.24354378966731716,-0.03273261426731011,2.997951831723981,-0.6958659874669388,-3.9687744971189005,-0.9826833275746409,-3.1689400534126317,3.708992359888274,3.6258605742182937,-3.241407898464356,0.05817834534460076,3.4600448315114747,0.6601328664026838,-2.9777876668311354,0.5804640280870039,2.3773874583825485,-4.100241517552806,3.291991262216552,-2.7444231132684997,-5.234487601721554,1.15591916057239,2.3069975892527594,1.2240027029488587
265,2.8225409171167612,1.5201100600582649,1.2539662547888497,-4.1242911211482465,-0.7596161440499976,-0.7127099667659458,-4.82745419074077,0.8768523760021019,-0.807198413021669,-2.260032491014078,1.0410717569415269,5.97676096183276,1.7364825146333374,-4.034250596283391,4.147333804810842,-1.7374513759786154,-3.1120447387464,2.999930391563783,1.491712428632482,-0.40137022927694765,0.9948226819831909,0.5861187715723304,-1.7053984520537675,-0.9658852008575067,-1.7094312488808434,-0.401007781854517,-1.9466206057432949,0.44897856535286085,2.9044307353923386,0.7036503357339647
266,-3.320050236672934,4.432907155761665,5.097495405827896,-3.3577435575919132,-0.38406829683698707,-2.468540470488059,0.06017411522801197,-3.6500812449669056,-0.24159662584330555,2.532122158511495,0.17248711305513975,1.1268944840154163,3.112306508795811,2.15414513518402,0.26681434842701535,-3.7445873293959018,0.991345203768585,-2.780023866779933,-0.14986053765838747,3.3377422701217405,-0.777553787695668,0.8721341762147938,-2.1722029485271683,-1.1102591724555317,-0.30777922113639633,-2.9642260646668994,-0.35190337200266697,0.16240725172873827,0.9709481545158845,2.4905532515618702
267,-2.6159730576360456,-2.134029761622635,3.893452993979224,-1.4264693615549966,-0.16778259053958133,2.450801777373673,-4.131443922491464,3.0243233468036763,0.7086844891069903,0.05658227458726728,0.35306879407619896,-0.011214982082794478,3.1358004511643074,-0.8189684243453179,-3.0849368757204854,3.0579330940093854,0.645892580114726,-2.9357208252229885,0.3227530630724331,0.8618918946973864,3.5498934089216085,0.024066389213067474,-1.5766373875720294,-3.181967368332696,-1.840462820793146,-3.918518227944933,2.3090922588777545,-0.09050051166898321,3.7327263084607125,-0.19233700693087386
268,-1.069819611365494,2.266529360939753,-1.3300672735190489,-1.9264660250625063,0.18313709894674002,1.8766864500602143,3.951703376004968,-4.447480821506883,0.12198448225041769,-3.2518164553105553,-0.2159048786962714,3.8415142972582323,0.356682043655848,-1.6034413364492384,1.4607357075375873,-1.934083926321982,-1.0737156664064234,2.7938231779838496,-2.1298290197399012,3.4864296443623353,2.7156122208729627,0.6398463269554124,-0.6508831245312319,-4.061176047919819,4.060179756999826,-4.30699264161901,-0.9482064803302634,0.18909798641795028,-2.2328781277988305,3.2387995063308566
269,0.4526063652433958,-2.491599325476546,-6.0870380787286,5.672627273292921,0.1901657335414071,2.263238032127113,3.736976064931323,0.7499723445543047,0.7904843518845581,-0.20110594061821807,-0.20348195296973337,-4.872844867782295,-3.218179352537918,1.280697838117348,2.3146936927445836,3.1349773877108547,-2.5740183626883137,-0.9381712033469096,-3.5864674343222553,2.1198968855368427,0.3619236665381216,-0.6409147627915619,-0.8774832152152214,2.6230448602538523,-4.024218943836065,-1.2342122957523216,1.7301994167552657,0.775135973720837,1.5948626798406558,1.1582331692721866
270,3.241978702447529,-3.016191401021004,-2.831142575462703,4.392720918076485,-0.22275664950445084,-1.56460899453619,-3.374504862196801,5.329343483125662,-0.9320287952254551,2.5891915966170025,1.0928027722016846,-4.704804194522161,4.0096705176077165,-1.4250141830987086,-2.9389805873875634,2.811506295015544,-2.3795647675821314,-0.07761727455520884,0.6908306442124079,1.175284063594093,-1.6628967843131797,-0.3953699197874023,1.1810996173886963,-0.988947621094816,-2.6012915886566255,3.194736633757824,-2.1944670177563275,-0.8930267499238651,-0.40134892739079575,2.8953976499703664
271,-3.433796621501598,4.398914442245928,-0.4440545423163833,-1.2375612578332564,0.5314611145251789,0.18503686487980708,-1.2935016165855338,-2.367311847466059,-1.0924229322960768,1.4358026375658,0.06291885022085886,3.2545149085609246,1.600588008922724,-0.45232647282104566,-4.158246892882136,1.2329779891049775,-1.0429593735649476,2.8199667412400586,4.2344500279418185,2.6300014627995125,-2.382685786062291,-1.0754658942357902,-0.05253217695990209,-3.3537676334835105,4.7363548284774595,-3.8184794850671295,1.4576189945275573,-0.06147713742994565,-2.0327992048413996,-0.2812179956659726
272,3.518770077857308,-1.5144697856518121,-2.210746930734043,-1.3710865726812607,0.5807131526333253,0.99682005857618,1.009230263425625,-2.9322035736097085,1.1786820285218944,3.089017195292932,-0.7824974062793322,-1.562228507351513,-0.06231839922705973,1.3811484655924353,-0.22748031003039415,2.5541673678235775,-3.741387085533546,0.09586996137464787,4.996472228026491,0.3040479096034847,0.9996616082400287,0.641568163561419,-1.0036266346606926,-5.9381232747708665,-2.9736890759317873,3.788279058653604,2.505344043560715,-0.434194600355843,-0.4139490337074534,-2.4717903922186615
273,1.5132453780039299,4.9356684045094,-1.8866132512229221,-5.574015804387152,-0.2343851546366329,1.2461004277330794,1.2886048224086792,0.23975329975496606,-0.09993139032169385,2.7089784624698936,-1.0588994362438529,-3.078505758068097,-1.5283601229132326,-2.4599000462386904,3.4530318570721406,1.8614288012764924,-3.088345919571532,1.7621454303744777,2.192821597169953,-3.4836473950877984,-2.43227408373893,0.6310146289866783,-0.41714115641454086,3.5092264090844765,1.8511132725535973,1.5572468710696405,-5.984835919919359,0.2419866267820039,0.5591378032612031,1.7753513462534798
274,-3.202214389994751,-0.8384586909199321,4.6371742635575615,0.36362893387526896,0.6016497669938037,-1.56177988351223,4.723640021400691,-1.73829947785379,-1.0015208141755303,-1.193224629944142,-1.0837253266216682,0.29313022719431814,-0.5871230204034106,2.0530411955075465,2.118541156983433,-1.3829739802740555,-3.4129112159662487,1.2114258641523818,-1.6840083536896415,2.481151156936754,-0.5530166829720802,0.7639321778226362,-0.3677100476242483,-0.6403482504735756,2.9876473140205064,-3.1754708999770322,1.5343194756908893,0.36441459330843173,-2.3603433041444752,0.6494328211022697
275,-0.5366825967009614,-0.37853586960996566,2.381442089254108,-1.4610169058755496,0.011885534306980361,-0.017092251374918987,2.805507018928978,-2.4689526442042506,-0.8788334920791687,-1.340103156784103,0.5629637612715586,1.31941851286685,0.825881782562405,1.438857463044517,3.0317116697493702,-3.0024612652626566,-2.105356212067621,-0.18863343802636123,3.50281770862399,1.3305886851744475,-0.08711313927032904,-0.3367383720166366,-0.9444446275269947,-3.4651102549846122,2.1478828694936603,0.2745706760207369,-1.2465119525594588,-1.0091618714451487,-0.2515168596022619,0.08473713809305572
276,-0.1744439553217063,-0.9803916826964496,-1.2477747504245755,3.4682606518446164,0.9882619433097153,-2.053912206711926,2.309530074116097,-1.725563323270368,0.5267532927395671,2.087830189951376,0.30382378703862223,-3.502374020575459,-4.240483332957773,0.9248912067915818,-0.9205742392926766,0.6506807980778895,3.568706452545399,0.016779114835269837,2.0780488881536066,-1.4840032644389414,3.9316783036293437,0.40895314702359453,-2.0458256214956876,-2.8888514528720464,0.9261631569639661,-0.27954417918372343,-5.918057649444091,1.1430611874644185,1.5355314778231808,2.5928460063767993
277,1.4548960194433995,1.7271879884977928,-5.040462690617954,0.00269221531768693,0.3071367308770654,1.5485497364816911,5.855827174993145,-4.0691950937644314,-0.7682423549039346,-2.6296251327274707,-0.7905816494399103,2.401817055842457,-1.209303137869151,-3.1269099794204784,-0.8793009990809857,-0.5443564259741471,3.3291216034386224,2.430748938905822,3.798849618327722,3.0530234272048418,-1.3612885238282146,0.2784644637591889,-0.03511138843233397,-5.733937597031346,4.01230150562661,-2.466649353746579,1.0305739424374423,0.7440284446130638,-3.25995403928008,-0.06030049964989459
278,1.7462803283285133,3.886609423498683,-6.177094696291203,-1.2361537923067694,0.05330312739381515,1.7270556093766238,4.721433193723254,-0.38733591036449866,-1.1624570946677433,2.3001617867753588,0.11297369949902603,-5.584775674965552,2.4427916567330996,-3.5979401934896433,-1.560136900378808,1.7398767203670857,3.371206948506938,-2.3957982317390005,2.501354014910369,0.009885759523694304,0.6022560301917359,0.12649589023217356,0.6582372993550472,-3.8982289942131416,1.692836685798948,-3.9886477436473164,4.775494964784727,0.6705550161633367,-0.9447872079405943,-2.20545171515853
279,1.0075762731107396,1.1745475313739853,-5.986092252606802,2.047299796933178,0.5497827002590245,1.2068859509295642,5.493875178086704,-5.575678135181679,-0.7847992529632348,-3.412984282065235,0.2077546187824746,4.0718318733408125,1.8242178054747598,-3.49443850731679,0.12350263210965551,-1.9878185305682372,2.661849963396172,0.8726866369040795,-2.031306787307706,2.4991957547455357,1.2938653412786252,-1.2246690111936331,0.9061383161800443,-1.443223613703001,0.7155107994464416,-1.133730765067586,2.866994395870311,-0.38801707944074604,0.8985572233758425,-2.959314574183688
280,-0.28650591824323435,-3.32826383895371,4.207799821904036,-1.4801765044622428,-0.5214250962964586,1.4085715360513316,3.525209393726758,-3.6751710720840265,-0.10886433271628615,2.9922013709265123,1.0217850939889441,-3.7551604538420484,2.407703997610607,-3.993910513291505,3.413179873033446,-2.9745998337459536,1.7813973795181965,-0.6337709031251446,4.920678395520014,-0.15338258324410425,-2.328787511094669,0.5794581589487251,0.13128340963064744,-3.1492498697607587,4.331211096442242,-4.636859104049888,0.7110320151980751,1.0316354140196085,0.026236473271955774,-1.4632558948814118
281,0.39844986308253283,-3.8721691185367,-1.9192110200272836,3.3332050133749647,0.723579209165095,1.3361460529411087,2.2899159507516202,-2.6810190222132952,0.021570249306003042,-1.956073104548139,-0.7110589095574902,3.036664836261174,-1.9568224684722466,2.0820972433914378,1.5395074044329569,3.978318129170507,-2.2148286088516667,-3.4282716996713454,-3.3847815918254227,2.2114941722642705,1.319575102952136,-0.2587474146159785,3.01296990293768,-2.9005101717128383,-1.630881028220216,-1.0170440164018686,0.4233788571562549,1.1953129646406904,0.8383081279625113,0.19092509486322484
282,0.20848712410804637,-4.716176823432754,1.7217208152131356,5.261168901028203,-0.9244715938415142,-1.5507284230753715,4.172939894928298,-3.102164698157573,0.2483920331208429,1.3630990090814272,-0.5457356558649433,-2.1365305831081614,-1.7882684288519979,-0.9668954696887049,3.39853599694052,-2.7834982496707994,2.942412954934273,-0.8022868036636623,-5.57509057576938,-2.8938613423332704,3.544534522778953,-1.0406807733875398,1.7264123003696383,4.2386858683414275,-2.590492603926151,0.6486662553282727,1.3192622286265703,1.2163115104953643,1.7184820323052925,-2.312229422828757
283,0.15921645032974574,-0.722038500347896,-4.261974165490276,2.8168800801829548,0.09475317450026655,1.9131629608249536,6.186797031815868,2.0718201772433105,0.10244297704659466,-3.3543946938156974,-0.6525987317311914,-4.354066760558972,1.1676138125734745,-3.8337801645548826,1.4848667940339944,0.49426101825465807,-0.21643539069573592,0.9034739303881221,1.5548806762487501,0.8553885933014254,1.4030098309128896,-0.42296499413099564,0.6705470688699933,-4.060861175202255,-4.471250393662158,1.124358470315265,3.866168844735604,0.16667156489710955,-0.6043326286953405,-0.08161585758990064
284,1.354957389295329,-4.619743336946794,-0.0016215400426062843,3.365062848224081,0.46535718382037405,-0.5640125443506516,4.099188698792851,5.039736143870456,-1.1458094202097997,-3.526229391788723,-1.008637825575673,-3.458248205089216,-3.434775207569544,4.180092078560261,4.029430662493805,-2.6768998374968938,-3.7798885722933626,1.6820408763053294,-3.0362521943215803,-1.394285955321978,0.14999010868715956,1.053693707601175,1.8806657400081193,1.3461885933469482,-2.781852055135488,3.860404485249809,-2.122262455741698,0.06337052288225387,-1.5261589665859674,2.5064984693316674
285,1.3806246413335828,-5.654670998772129,1.5893551699829374,3.6045580188727833,-0.16911383827689885,-0.7507529931405443,5.7002949037711375,-2.5408872903805992,1.0510008759824085,0.9681275285650983,-0.4334182587077313,-4.7451177592304,0.511539296153174,2.1063203977599088,4.128541905168905,-1.478086182750598,-4.030494967665204,-1.2378204486665965,-0.38650512582400154,-3.339173210563894,-1.5627250134952249,-1.2274115802457604,2.178918133850681,4.336896796278008,3.0433166295796994,3.103870980680764,-3.170808676320924,-0.06661637690253475,-1.9431533635003433,-0.9666091935360814
286,-2.90773465745964,-1.046979937001403,-1.0971617443001769,5.2658697242395185,0.391244843709766,-0.60523822918835,-2.3333733006564934,-2.4213777368214764,-0.7983518269438576,0.8590896892504389,0.9709329430511966,3.7230802321201253,-3.4537044942048247,1.8792244730794287,2.4561005861707095,-0.5943004775655751,2.614288102173358,-2.9016081896535173,0.3850435013687914,-1.5863443694912434,2.787314686909017,-0.24050266020672684,-0.34168761368682965,-1.0038235448931694,3.9852109908161992,2.2861289935830946,-3.5600051988732773,0.4881592407999138,-0.10455239975704167,-3.094941626568305
287,1.7736639074551945,2.78637119785256,-5.31711872873149,-0.35858165670370923,-0.6756839066150389,1.7913491867422096,1.5950034498490773,2.1230661742416466,-0.3894595579351199,-0.2077335065848427,0.16246246436881595,-3.2833390239396323,-2.1999168926785213,-0.46314883924879524,0.16086531725336783,2.0162776793890878,-1.7754438795097336,2.2613666147941416,-2.5756885016662743,-1.2794506139767883,2.257699850377879,0.8221733021870357,1.29548496621684,-0.5202190031388341,4.72854070694483,-4.263234854828347,2.4319449762160232,0.7006333433569107,-0.4212779988809885,-3.176606172807869
288,3.695345706174418,-1.4939935390059667,-4.957110625951238,4.807077724115622,-0.085849768795486,-1.9654694965376258,-1.834019898068096,1.8782651195348272,0.18532591940460286,-1.284822414932341,-1.1190975230144007,2.174348797075357,-0.8367708284362685,-0.8309377844766033,-4.212058235128106,3.521040238838829,3.013053867435289,-0.654327258233586,4.622609773745982,1.2069542781550044,-1.8339415475998084,-0.9438337840536679,2.952222725743365,-6.004011445991001,-4.85464950897134,-0.5419194953831408,5.519258191001381,-0.9615326164064415,2.6193509678734763,-1.7805075381133655
289,0.4539672847741265,3.4200059108549823,-6.178776115270768,2.917649099218579,-0.7142152503343833,0.10136907075719215,3.3528552315679967,1.3510312588898614,0.9808473397929589,-3.4078021651475474,-0.10287355293065481,-2.1740581121726876,3.7524028285369972,-2.8538371662017887,-4.004228260343066,1.1537094759094408,2.1432549940989283,-0.19130187200094362,-6.139970904045846,1.3090713158923784,1.8673809236846068,-1.2257919832815487,-1.6695469126871831,5.858857560437485,-2.5809923507047685,-0.40527798316495023,1.0962128319108437,-1.1383252566549125,3.207803417787087,-0.1794206591727292
290,1.1456586778080649,4.237787096829738,-5.17007266183797,1.4627728791887762,0.6494418949660679,-2.325587886954965,-1.5192691028868843,-3.1596167803471786,0.813671260207486,3.4772692606482885,0.055186366165305145,0.3327589962129096,1.7877473794248289,2.65818504243558,3.1279613472824153,-2.2777421564778706,-2.5156117858683107,-2.7805398267970833,3.2215291292792614,2.008409821377306,0.9497798952434131,-0.7395697127566958,-0.5159219296791608,-4.924227203464252,3.250760332665635,-2.179230170323038,-0.3144238205230714,-0.9912130871640752,-0.5840537582354237,0.8181605035805255
291,2.3317143188027956,4.777998154603601,-0.2404254233238241,-5.6214169880393605,-0.8682077291655126,-0.37966233287799334,-5.7456326330944805,0.17943279661091793,-0.16498096080793356,1.2994654680562938,-0.8051959427502275,5.236911271985374,-2.298301553061659,-3.785128112485449,1.784839288007042,2.9442241191423335,-2.0219421660791603,3.3763084244764414,-3.0623277594204836,0.3125750939579728,0.8677445819850824,-0.7325694405815879,1.2527222744559232,1.3618552496029714,-2.4739038406815155,4.417671003463074,-2.8577793169338293,-0.7078070724073893,-1.0906817158796578,2.7125009424398456
292,-2.821930079045959,5.176938729646547,3.9732037821056743,-6.190559834687839,-0.052600552389929334,-0.08505204562880486,-5.194720469155829,-1.3513651759366923,-0.5265038172455982,0.863808697785867,-0.007363827708511295,6.216144592260733,0.270652344618199,-0.12827025201189457,2.2369720721128594,-3.617063480582285,2.1432467717837937,-0.905537455921106,3.801843877093553,-3.4978140855950954,-3.6157789767139032,0.7451100499326566,-0.31064672942522087,2.877285864707872,1.670431673544016,2.3050677304293927,-1.5116399201215245,-0.6420651274068119,-0.6688012079228969,-1.1529931485216487
293,1.6232351817661979,-0.20140646080731273,-1.9601283727976515,2.9540377197306213,-0.2549421877446154,-2.160795880147554,-3.818200705549529,2.958397445554496,-0.23199171728951473,-2.751337055231259,0.14247466011607113,3.7006573723997285,-0.1119201702973669,-0.41219547076925167,3.1885915127306035,-3.89184742154667,1.6389318890483793,-0.4115603391661491,2.1971323046544136,1.1826247137863781,2.1271038112627636,-1.0398128487391958,0.15061302022930967,-4.61766100119377,-0.22858442920088606,-1.8727909569377843,4.062435603431542,-0.08457116057496616,-2.4514817411181014,0.5749926844006747
294,1.6607890220089558,1.7590881505720866,2.6147262350954072,-5.89469139187797,0.2876517733708357,-0.42756378916963556,-0.21234919358799687,-4.998602638522172,-0.6292347547721544,2.138560564681658,1.137867952180513,2.563758070020146,3.795265832188935,-1.8247024203777826,1.0594400395627908,-3.256459852099919,-2.9663491494237615,3.192805550149277,-2.991064161336812,-2.6916541269975003,0.8181521853055109,1.1873333303457727,2.3050893020180094,1.3721434706649234,4.572539615314383,-3.810626099885308,-0.6525740168262466,-0.17799020188183157,3.111685006042375,-3.04303430276288
295,2.8472219889724215,-4.448026556075629,0.28317709905395816,0.722855722650376,0.8513188368085931,-0.25654709141004695,-6.147712396888512,4.244802166083179,0.26311499096344537,-0.8202216913918914,-0.28922488290939086,2.7492418141431756,-0.004176277852543819,2.8910357120085735,-2.9125825253837085,3.3680089550802954,-0.4568380349003611,-2.8854478289526906,-4.290709424729233,3.273357062611833,-2.6328390223329396,-1.0150570495987377,2.123539335965944,2.541709098083043,2.8132050670967743,-3.23368393066081,-1.2488281760531166,-1.1628988956164092,3.4819899493815782,-0.6497840141475262
296,-3.0842060655903296,-0.7341488638280964,-1.557436046433967,4.559373275028463,0.32305043388196975,0.49336726694163424,-0.8357892706168926,3.3512342590759907,-0.9233961853925505,1.448383047738762,-1.1250860305162744,-1.915345820289044,2.114610625120587,-0.5227381506629882,-0.826030529278281,3.894921467348123,-3.391808477265439,-1.26895493526243,0.690280555779129,-1.188741868504506,3.9227247191458616,-0.17684793547210464,0.27516990772813266,-3.5225853786766237,0.7390784582608738,0.07755719649206583,-1.9241690484358784,-0.2509199960338595,-0.12258997440301656,1.4810433641202962
297,3.5140311178269883,4.279817597470938,0.4564850143372077,-5.8564582694853655,-0.09086048317415951,-2.3030149769759465,3.3096020699157016,2.4657285911805964,-1.1993362272424744,-1.5161195197091022,0.07473713714806607,-3.1346120512928266,-4.004651654837954,2.0399223916442537,-0.9346253937781945,0.0897423635764305,-0.6093310546963373,3.418943348091343,-2.0865348873808287,2.3006762030895374,3.607349185026745,0.014313740906872319,2.0390577493586246,-5.874861991001072,-0.5367704507640703,-3.2725775164846986,5.481251651386792,-0.8448772778269333,-0.16944528520541802,-0.6575811211052063
298,-2.575397387736384,1.4076941646771282,1.2697754043128384,-2.5596621618970943,0.6696091439222847,1.787980836720875,0.7711172510181541,-4.080898691541947,-0.29612789439316956,-0.3579022342801643,0.7123524049531067,3.2514591642439648,-0.9148391974313732,2.4002445900432328,-3.965916395812208,2.2555048715298334,-2.3139599425879354,2.538966074257992,1.1241682550404093,-2.934750319313089,-2.204023491176107,-0.4189874709997836,-1.2034646830259774,5.637057709474455,-1.0444413188115291,3.3478261964460287,-4.2854446312523,-0.4768482442341986,-0.7844330669437323,3.243341064796187
299,3.0852634923602125,-3.681288900831504,3.892769666698559,-1.0804153085739259,-0.7996128530100537,-1.4167160966436398,-5.674829452348263,3.2231785757606914,0.11508986919654252,-1.808298730913224,-0.9958091031312479,5.140668841435456,-1.1973366606679576,0.2770245172757875,-3.995010019173609,2.4882145546737213,1.941511899258927,0.48559570863267965,-4.706548781255929,2.4439337658000966,-3.324458063799902,1.0514022169690547,-2.075746856479954,6.611417718766553,-2.2322456760963796,-1.5960805989896834,4.540363885699183,-0.11040607354520215,0.4693395704036831,-1.0709711074711254
300,1.2760184100516874,5.471809884637992,-1.237359829957029,-4.211880355705695,-0.9634163541911218,-0.33517175483617656,1.0923445391778195,-5.688240539668087,1.023222803332681,-0.37786720007244234,1.00759894109534,2.9429414561346476,3.1060613596607425,-3.843283600616571,-2.554990095989563,2.654977593769974,-0.5175673482819967,1.1548020914569506,-4.923022012638523,1.7633519368686983,-2.209837231173676,0.07890985607400047,2.085634854029035,3.204962596840385,4.114976820665941,-0.6145376269559399,-2.20664309724728,-0.8398833509132073,-2.474052125850612,2.020139380301579
301,-3.4000510078075212,1.5617831020294553,2.4821074595903916,-0.7505595953422173,-0.310114359929178,0.41683440145873263,5.446998851635136,-5.140755610615301,-0.47136489575653684,-1.19911338065031,0.14698437461671077,1.217250660770258,-0.5419865696193575,-3.622920671000175,-1.713012630490029,-1.051653455057476,3.5194714957751074,3.410101830391522,-4.644354853051983,-1.7223640548255066,1.20137499157957,-0.6782259590071007,-0.14473717130466923,5.988307046609606,-2.0347458744793663,-1.78094998596492,5.988752468050492,-0.4006026740884172,-1.837813393201106,0.06535945968380119
302,-2.2886441585612083,5.665755295937277,-2.9843576039669237,-1.5617295147678085,0.7618238689573067,0.40715211240100757,2.366367708922539,-3.4402197237886263,-1.0626745387631673,0.7366827840429586,-0.7069364026609577,2.10678017224717,-0.8944489640995172,3.3515454276663235,-1.7526833572487082,1.0800648930250603,-0.8775920523721616,-0.9068859469713804,-4.422966321265374,0.0190875937717756,1.9254371434152127,-0.6282075975931187,1.1016421105181209,2.005007071153269,4.389850961754178,-0.3207413622048705,-5.680881355535476,-0.8091969860730037,2.971626622093723,-0.550657880034068
303,0.5311926386253045,-5.406839237093067,-0.16228777824059293,5.96608615767726,-0.5742365422704359,-0.3539152386988338,0.2896845318969241,-0.9085203771687134,1.2347336354611977,0.30157649631488503,0.08206865480023584,-0.9995429413045933,3.496226545940477,0.8338517331945781,-3.5050776419289686,-3.689149295773392,1.525472029984698,1.3386766285822524,-3.4156425077515458,1.9437685330898873,-0.9261251737144178,-0.9190203929530654,0.8985161637897772,2.418503377539281,-2.543609291101326,1.167821587422381,-2.464462317601946,-0.45660167879328384,2.7264316713226258,1.570420028752043
304,-1.641241359028486,-2.2804864460539953,-1.1858352873901907,6.150272381411831,-0.259006346346784,-0.7837029425927273,1.399258547881491,-0.1839580693120233,0.17221415107265514,0.4516862460948907,-0.6217738729958331,-1.2174270027412533,0.10741281624637011,-2.7698969431006724,3.801914632004639,3.00890558702185,-3.215066661719108,-0.933269430453409,4.104587474174139,-2.504052021444908,-3.170615635140745,0.8058668489945822,-0.35972792522686525,1.1239412586436899,2.9678516315151775,-0.6064972793853975,-0.7262163045999124,0.09679277376215278,1.0695840160056989,-2.801514837297235
305,-1.7194307323506077,1.4036897570249778,-0.40510880887603307,-1.7516015451626572,0.05267046190968605,2.4197808674542696,-1.5959997896657185,-4.016762167232034,0.7058898290475764,-0.8549544671348599,0.6194234984568316,5.1424030965281595,0.7135167823319328,-2.8791831446942115,-1.237941984519395,-0.7352065867753694,2.3380339449335104,1.8007809887231723,3.734076250966904,0.14684644627234533,-1.848065905995803,0.518581315063984,1.2409230486611378,-3.7923611549686562,-1.123628080843858,-0.16831129429387914,1.3104497458209892,-0.8173570966745318,-2.841439751821291,3.6402864778130493
306,0.8742969879741214,5.287121498009551,1.4508253229652368,-5.998135389302288,0.8466532366265218,-2.46076165627355,2.47431584143402,2.0801838467528064,0.6895306633261562,0.13362727890643278,-0.6317033709671369,-4.745954259452311,4.229161676256158,0.5637725252516113,-1.2738138873560132,3.179371107618312,-3.237584236074637,-3.4609071856958273,1.0056570786032815,-0.4347394016478905,2.0901495472952014,-1.1659815894518788,2.0415673993314645,-3.5366530341302536,3.6863462311312247,0.6938226067801665,-4.362700177205159,0.34057836535695607,0.9808238578249409,-1.3388708838876742
307,-3.4081430288562693,-2.6955775386026097,1.3242056228772938,5.829878913208486,-0.8569596348001429,-0.1934043338271625,0.4724541436927119,4.843660490460575,0.2448518289109476,-2.8742870004325383,0.08166906199179902,-2.7683485246234767,1.4921859734484357,4.149898321217961,-3.382614619564663,3.713962819419347,-2.8320860927722773,-3.1413464017492068,4.1108286302452655,-1.9112225634219513,-1.125618536896594,-0.765727479538616,-3.062050744336114,2.753790693947952,-1.715126368161176,1.3681221221319078,-3.6577636061036536,-0.5426802201035601,2.6431930337844065,1.9042550384525434
308,-0.9368166679704029,3.416542889856199,2.7495746632999136,-4.864512242070049,0.6762628682590179,-1.041051511375084,2.195982561557699,-2.7255984027271047,1.0002798969516578,2.0193755192718896,-0.09270193078099176,-2.397337644273126,-1.2505875934606614,0.0032131215680308856,-0.9008156623234385,2.0827808915312858,2.120126037770131,-2.054716795085735,-3.348308068361842,1.514846585532272,-2.4729837227261147,0.7939571833440935,-2.659062407863683,6.1715504300752,2.4563252544955496,1.6860505295282806,-2.2214140021319473,0.7404013726097949,0.3810266546573491,-3.042389809158566
309,0.9194421303596059,-1.5469632002529892,-0.4851164169045248,-0.48549373146245856,-0.5086623400611596,2.106793558321087,1.136197566123606,-2.8048724872689057,-0.1483202729615476,-0.9944798876595033,0.9371255580272528,1.8743495237391379,0.5744842195465516,-3.6619256727254257,3.0389799911212165,3.022644311453238,-4.101230696980329,1.127047847584329,-4.052520166947861,-0.913856684911897,-2.2476639206329594,-0.151629082761092,2.248646240333837,5.117023614919894,-0.18429404375737946,3.81067129928935,-3.112803435896847,-0.7518672996574622,0.8626816302919202,-0.624388150269116
310,-2.044881127385107,0.8194828405809105,-0.18382692306581205,3.1329486432403186,-0.5250718187155818,-1.198651614655141,5.198206732082578,0.07813613320083235,1.184244863387038,-1.3223028443555158,-0.9309181089469307,-4.207366775367955,-0.3050347808885796,-0.678366502439264,3.5861117727238394,-2.9097249361517132,3.536987068830868,-3.229972622075584,1.1344697701743023,-0.08517427430487245,0.40452775371570127,0.03431963314775732,-0.44851704091299816,-1.0396258418199658,3.035549130614193,2.3724153864864306,-4.272017754769994,-0.9609489395507058,-2.956935793433175,2.7819379706537646
311,-0.10473162369116551,-2.265436109815166,-5.384423812433862,5.110527221342558,0.35296527975543057,2.2910990448417614,2.1028645195566824,-0.8460702493023007,-0.39563147476265037,0.3410927453983721,1.1009535679584888,-2.303209108848556,1.1433547252317844,3.878102072872032,1.101521817811843,-3.759343823248612,-2.140703395412693,-0.2229313972547864,1.9072026798221557,-0.0462140941574809,0.09864175264185349,0.3062736182942416,1.9777336132723295,-4.243637569873176,4.676339958126228,1.8428584960018064,-3.7594814720281455,-0.2582391519760465,0.6152182271941093,-3.1166960573174656
312,-2.5760944619159236,-0.21685718066051152,0.2068776017080367,2.062807191215363,-0.6316561243970704,1.1549229740496738,1.959161632218965,-5.613181848792966,0.42766112602016815,1.3259474009712342,0.17804709049902812,1.722364599083587,-0.9752531641612592,-0.29577739518112267,-0.5833934965167451,0.6215591221202565,2.1906126753981354,-0.9577477416596771,5.347047733273474,0.9883032445858024,-1.9520829295024171,0.0956062288104178,-1.041746658830661,-3.4371276183367065,-3.0391528909703247,0.509982582168675,3.713236940287093,1.0919033089192816,-3.481805824296975,1.2058358838927177
313,0.05766046080412224,-2.8384495622182158,4.978862784103875,-0.2387519218180607,-0.2961277514523437,-1.6631940094198043,2.251421664985589,-0.4333143964934827,-0.445617068027933,0.4170461926790203,0.47412920369752776,-2.263665596840731,4.192959154141018,-1.0657036683733647,-1.737112100885735,-1.2994173575755354,3.595396383319077,-3.6861224106258312,3.514559548696493,0.6621658370874108,-2.345059692479026,1.1011879115481378,2.40268957614882,-5.335543181001928,-0.7734696621380408,4.1606112088004465,-5.866869793673359,-0.06039258629383948,0.23460688640027172,2.3055139469049912
314,3.5477327571264254,4.776299350246688,-4.875354603713632,-4.439707680934649,0.2531553791412855,0.7378747981334612,-1.973743344557036,-5.639850633234971,0.9141517067773925,0.6736502000254454,0.07337050063803652,5.9524215703511025,1.8652066942304835,2.690222130607566,-3.6641730038994442,1.9315364176558951,-0.1686159837292749,-2.6541762548655967,2.7252897934190976,-1.1595766525057112,-1.3757414736643732,-0.4269470570798468,3.1597405347675753,-2.922765144936836,-3.923955558385046,4.050299374680858,-4.558365849097658,-0.9366000849119116,2.9668923214287624,2.4017297962854904
315,-2.40986869936963,1.3782956527069778,3.749985786352976,-5.134629706876066,0.2270858386843586,2.189131128500982,4.834508092315936,-1.7370980686065067,-0.40845264858762587,-2.1632186667469924,-0.4488571968667312,-0.07688151150811606,1.6094052977969362,-0.024016805154715826,3.4440543409808626,-2.197014519799252,0.7102248808101521,-3.5426531946343847,0.08890340952100928,1.6785205474306508,-2.0284044256218863,-1.0314635902118554,-0.4864367272495258,1.7788807861315128,-0.3654417491730264,4.875919774088988,-5.364117074871281,0.0160445771180715,3.551927182490587,-2.714332709652872
316,2.6386451285337245,2.7637684110332543,-2.3927662812186483,-2.2237095592068457,0.7319353886492479,-1.5178730877910986,3.1760903613948734,1.4867640504583832,0.3833709717860172,-3.5768200935406167,-0.12693766183364197,-1.3424676282650623,1.9079695085824824,4.0106144224556,-0.3315527449310771,-4.042101063404472,-2.2052615646909484,0.6603314419879975,1.055198966309998,-1.428833012352154,-1.234547600090636,-0.06152208631533718,-0.8230064926101264,2.4927102250581576,-3.3030148732804996,-3.581539971612724,4.122567745357326,1.0499671962182475,-1.0585650212643234,2.770584924582465
317,2.5412236665338206,-1.1467178429339988,-2.2627351700649108,-2.247070868550143,0.7006222506310618,2.414677964383799,-5.787113644266036,-1.170704313270999,-0.9851792054666122,3.5299769693758307,-0.23974254172737375,4.652762735355147,-0.988969365212327,-3.3776007012237166,3.7316680602403913,-1.4934389936133883,3.922089149149919,-1.7937481493413028,2.178435000697654,2.5992157564350933,3.227198281439204,-0.5724727654669319,-0.9742878907882151,-6.458088382316898,-2.1449050735037964,4.017945460727109,-3.93777171901084,0.44538824745153516,1.8000702534057176,-0.18072716906923247
318,-2.6740731789988423,1.9025813588225482,0.46326577215493003,0.9656497012440113,0.8789341425606736,-1.536357795783701,-3.559517517882874,3.688574407254137,-0.15179037830917874,0.23143863845420576,0.5567595337193874,-0.7654646832356882,-0.9508596343376432,-0.4613415912138805,0.18045198244923455,3.505508783756344,1.350548909924914,-3.6243084505794023,-0.18525724732585047,3.3990199256929152,0.9742462394185907,0.9247358829649608,1.1482895408918576,-6.261034341642585,-0.6360561322572451,-0.7570142897352454,0.05797919299570964,0.9583318999196182,0.0749129141581264,0.3018464149195559
319,-3.238977812594907,0.8709305380767844,-2.6660147794570506,2.521750923093851,0.407392019126807,2.104919111754171,-3.695829250112876,-2.2294357986336344,0.7050450559130308,-1.1699745164371969,0.8714856075356483,5.518708901735046,3.992308339940738,-3.200414262240246,0.9547809643988323,2.378510326044431,-0.44367044549392176,-3.6815149226502317,-1.315441386340499,2.23229711668143,-0.6209067813247344,0.5424364873060279,-2.1138287578901025,1.27544332156776,-0.0020041337430534156,-1.9504921636527612,2.7736368369820497,0.9266866885247707,-3.5370113251108393,1.7891840970003692
320,2.8515189560178307,-0.10941552113379416,-5.659645891626344,1.179154243216761,0.3465367470106009,1.3918514665146233,4.538565285619416,-2.9002517947709023,-0.6530311701649136,-0.4347987783079468,-0.5978387928327518,0.047355250457108866,2.181325511518562,-0.5102300970886056,3.8178214294365915,-0.43486570601688257,-2.7545451090805404,-2.2995060287695246,-5.46275660443569,1.8108659243369427,2.0599082587771775,-0.2434048652985581,1.468503948817034,0.36688333780294613,-4.571695167300039,3.454420890278193,2.8215156720689407,-1.0863665086939136,-0.3496159994682042,-0.2682588868844338
321,1.3683427565562951,3.786886240968851,3.1973263073067315,-6.227192542518726,-0.10465983369394039,-2.020702928619502,1.8942194587943817,1.9226273203404318,0.09556366083615675,0.8927918980979292,0.9779039498358264,-5.783106287904719,-1.6216604831112225,2.412552062354468,-3.6268000947568417,0.4325575644432611,3.599589128993319,-1.1962381779234033,3.058789015702075,0.12060392766575667,-1.2554074596850864,0.12550661813578046,-1.2397459938466575,-0.8097461079720318,2.9172181348007875,-3.1957923219166275,-1.756375113718267,-0.4881254359582581,0.6778276430492909,1.8452470937435876
322,3.532060351961025,-2.1171118042923744,-3.834539305511516,-0.5251537368577459,0.4476135541352848,2.4971309405650395,-1.9454950307325802,-1.9705332266618427,0.28475902843489287,-3.632492492548023,1.114520808294757,6.14924091321279,-4.148997556311482,1.4657607892555582,0.8222522368253564,4.077292579689981,0.2445457072916426,-2.4608537567514936,6.187294143575425,0.831436819060789,1.1602800541258986,-1.1760564174451078,-1.3905464040551738,-5.612408195261974,0.6500974533187076,2.560246729510297,-5.107574977887143,0.8905273856347602,2.868797171448687,-1.8620937620247915
323,2.546800940797663,2.07470928781278,0.25849139992413583,-5.542882013805389,0.8268018580536585,-0.16392147278315683,1.51399465963744,-4.840344820633131,0.019743352209836473,-0.7489970178130783,0.9683941496016182,3.087209676997336,-0.3784205335904254,0.7257469670696608,3.9307288997640626,-3.2119588564457295,0.6068671147901235,-1.6729635915881467,-0.8105557132551944,2.0660535797344224,-0.6608299163830917,0.35721811939149717,-2.9503544247899747,1.9984683553022187,-2.6014100141151246,2.25732116921564,5.346783320416463,-0.9559035080852816,-2.5190180193062908,-1.5277729481248752
324,-1.8390925474361488,4.56243762351702,-3.843710757758082,0.16710214336287166,0.2660183031940564,0.6872452351200078,1.3636042364602972,2.856421098720034,-0.12236028182634051,-2.1181480719003503,0.4210158041744405,-2.4005327856280516,-2.6237289774936023,0.4992806643796932,-1.7679537262700986,2.3987288282111656,-0.08641068970348442,1.5800839008758842,-0.877910212639442,2.0596063925188908,-3.365382994761088,0.7158039945787378,0.9887292231862581,0.4791535971165217,-3.04174072493511,1.3753625342169649,5.222741390138758,-0.46554584732173065,-0.854054873134034,-2.236762478964309
325,-2.9784907038316106,1.124658360126432,5.299854594349899,-1.8452738164666371,-0.5507527759949955,-1.0499956581833612,-4.504438647796242,3.548502399964228,0.8369251798831918,1.1179004434926831,0.31221775774743854,-1.3111071332912623,-0.703300277119066,-2.3053794784886037,2.3615769492934007,-1.028693358234456,0.05535565312282742,1.6204405114254605,3.8584801093808316,-1.0053706157270383,1.8672752684361313,-0.5869147789777172,-1.1932474435840472,-2.9402225395282997,2.8295233883940654,-1.2278060341708503,1.3713419329050645,-1.1093699024534018,1.5113348374855917,-3.3750242221599276
326,-1.345120113115371,3.6893532145569985,-1.033552273095573,1.2640775508143278,-0.7613581402980347,-1.813400238862645,0.15626906026522747,-2.97232858383731,0.2133878801908553,0.15483113644562962,-1.1719110983755248,3.6197516053111727,-2.014066491085803,3.9551030077342126,-3.5022391638621873,3.130909946671597,-1.21601890649929,-0.35368839295894716,2.116442227942425,-0.6913010080506758,-1.088356175402458,-0.14083469937622173,-3.2203518411993652,3.0244014960861527,4.089788037828928,-2.117167481612892,-3.797119616937284,1.0530747000516403,0.7457755314325567,0.025648829237653104
327,-1.8409793101429859,0.963688421690744,0.16805310982410404,-1.8052227008844532,0.6440989614734387,1.8703615180388713,-5.452035682485839,5.370931601620512,0.5532558680347144,-3.3527431220547914,-0.44928539588408967,3.3298767307695627,4.14792696002149,-3.039562731700949,3.7274079599824113,0.6307527512822659,-2.5883248372815117,-2.878200102304106,-1.4956109943207458,0.8224980831628859,-1.690133861814374,0.7843866177542695,2.641188277744627,-1.062328122526793,2.572144059822996,-0.18792123028751462,1.8380244431216255,0.20036532754390546,-3.7379593186548448,-0.6846532815455522
328,2.8380272501285795,-4.864431517257145,4.827504657703475,-6.235295926351849,0.9759662058021239,2.4582293299745146,-1.2236370396531697,5.909929806358818,0.1784069199285554,-1.3797953498318396,0.37925745693568746,-3.8641617937379635,-0.6924833446700838,0.8756459714145564,-1.0203338032278033,1.2752761265695298,-3.4286475437427235,2.9905425936561443,-3.2003322609675706,1.262282494247092,1.0014504802912185,-0.38835683495425855,-2.142926748997592,3.467882870380979,-1.8569788836864625,-1.8127174263735455,4.903391525184588,-0.6151262509657309,-2.6600706148985065,2.0415016507402903
329,-1.5140094107615685,-3.288763118262029,3.5673702542525128,1.1900013930337074,-0.12256449680614345,0.1679653785432187,1.553201552269396,0.7968098483045836,-0.1267846122120435,-2.965017120985877,-1.0167505986818868,1.7585409313058769,-4.117670615232608,-3.278566321303689,0.6838662307762249,1.5236840238391522,2.2137111019861564,2.974975579934391,-1.0521264345409413,0.5590178409582975,2.7777702169433844,0.2087066206973054,-0.5694409749415623,-1.9239272691166214,-4.824974724438116,-2.4850589752496077,3.8966530481843726,1.2035583891924198,2.5422195258605953,-0.33239726354901933
330,2.807393098150545,4.54828860541587,-4.565599189110127,-3.0502453031529555,-0.6750727291499656,0.9352355178463441,0.4698263591781213,2.7044432086227737,-0.6072615107160644,-2.388191302755308,0.4657139444058638,-0.6445306987353554,-0.6969145176423801,-3.3373519738752258,1.6529162345554944,1.9991942302756307,2.7374229087194912,-2.355266882033426,-3.852665213913877,2.8972466278784346,3.7776019840441464,1.1909592231699104,-3.1127318058655042,-0.9004108153132542,0.3619270977949114,0.9447089141435612,-5.54428619113628,0.8774447156409053,0.5498679948945124,2.810337468663036
331,3.3626184520634936,2.886854186767998,-3.8377886518856315,-4.3930868804064644,0.5688183726729621,1.4125845207873713,-4.7269020882540715,5.3776977266057,-0.20078400052008583,-3.38645457653608,0.7812835184208309,2.1551594202837343,2.2410267132117774,-3.9377144333981384,2.5097893639346722,-1.3151555424491477,2.9483846491704426,-2.446330750470036,-4.827717871778649,-0.0057518349482066355,-0.6831030990971154,0.5072413593383702,2.618224807848776,2.3911066386366677,-2.921494499579147,2.9562564504425772,-1.9264972678992542,0.2978815309452889,-1.3598079910380267,2.953661777129202
332,0.38989201160523024,-2.0052524865942694,-0.6835178313382606,3.55343759723732,-0.08465360635910169,-1.1699056845511642,-1.2557315232027193,-2.1341771547534094,-0.2703970464842138,-1.8608108883931092,1.1412747528351685,4.379841859998351,1.3411186945122928,-1.4669946269337046,-1.7729037442410718,3.3181426368981057,-2.898789747709415,1.4794267874733293,2.482421057282135,0.4912066187894464,-3.1236306535237404,0.048718030765872555,-0.5382572235352701,0.6395421702214001,-2.9816667095361673,2.8250461558597806,-2.0818854713520523,0.7676560904616867,-1.010235960772576,2.481085895339991
333,-0.23077140919925831,-4.072584043044856,-2.4864362629447605,4.362986625956243,0.9192820537976862,1.5075230354346942,3.9252022969425084,-0.14502949728476366,-0.06334226246163244,-1.9696704897480952,0.7821912458575273,-2.5293512933055062,-1.5621653129602873,3.3727593409201013,-3.9992567086345048,1.168020776780196,0.3647118666793787,0.6559300372146311,2.682548096946075,2.968161060955996,-2.903497678408188,0.3400149659219043,2.884411510752793,-5.971637956168763,2.5107601644318294,-2.565160244180742,3.70099818165777,-1.1708794661222117,0.40350569254340307,-2.8792243283293715
334,2.3658648445684207,-0.9648489041601458,4.7841480221733015,-4.813947323570165,-0.5942142273763067,-0.7770024116353458,3.9053423359232156,3.689318994800331,-0.7734301844485154,-3.329450485601141,0.3954110719674242,-3.8871917326412735,-3.3332639778054283,3.9070900627260343,-2.249324144963861,-2.1260284397463423,1.8680951929720067,1.9334313068171234,4.580890691537441,1.7155618498140388,-1.8747236961724276,-0.9108172481004955,-2.4565573602508817,-1.05435423682788,-2.6309591249997446,2.168503253045465,-0.4664354156692134,-0.8515196209398708,1.0438042635052156,0.7366066450588242
335,1.9111499109996402,-2.8495045316766934,3.6901298308939054,-0.7843461490509185,0.12161200143907269,-2.0890410626052223,0.5839640053097845,2.0197588298516997,0.08578443723165563,-1.9291345798297108,-0.5190650406617525,-0.24130765190163217,-4.085134634956328,-0.14183081451849944,-0.42642761505279836,0.2003880020678821,0.9652762584193866,3.487728804039879,-1.4894921134905772,0.31199421165043084,0.7851980920089332,0.09303781036942205,-1.1831385298453174,1.4824005293069433,2.3445292126951287,0.1052949449450935,-1.8950921820146434,-0.9353277273329184,-0.3866588241917377,0.7672545758997469
336,1.539732592671296,4.674224819416732,-6.082916546348823,-0.019329310261070987,-0.16415971853871358,0.052448163060338615,-1.0667260441445947,-6.239554714306536,0.4962363455777705,2.4558291151047804,-0.010970809033246098,4.365186106801879,0.22034575667683143,-0.7467004593567879,1.1859698598047963,-3.499815711268699,2.610114300080596,0.2300862540627815,-4.5946819881298815,2.479337949679138,-2.604378544050311,0.677802057185394,0.03629314260190064,4.005627382713612,3.2677636624177886,1.611299215357942,-4.823365556460924,0.8240484915349615,-0.9006580161561502,0.020912203307021926
337,-2.055838715454703,4.615892897403363,-4.523060959260089,4.495070973736162,-0.6723067863467822,-1.859757410078183,-4.295395663240527,5.850821086346361,-0.006225477040213256,-1.8167628676686167,-0.23298339946351376,0.5005463210665582,0.3280847730272072,-3.8752428517267585,3.157052573631262,-0.2556050999568953,2.9556003367426307,-2.3098897317179663,3.0230940866383236,1.6189205586671616,-1.114304290749466,0.8207966881823126,0.6880157173604804,-5.03652276009894,4.813242581997027,-1.836164521724836,-3.3902877836075582,-0.9556491609032429,2.497358895110363,-1.1285000108710914
338,2.859890738199301,0.04375219436993305,-1.5316254224879486,-1.7452441388766573,-0.44186483120843945,0.8150914600035986,-4.050642503065504,3.868971149148944,-1.089117712557068,0.2872672254434896,0.775777685351172,0.20774415567904114,-0.061667057107360534,3.2973321695733055,3.9218909268208613,-2.902170885967678,-2.407761508129532,-1.8476236451901311,3.3559308355056032,-1.6135183000208677,0.20246847724005335,0.42138694931364373,1.841265922446702,-4.207533884485272,3.088455569724239,-3.8765626348689253,6.213705374623082,-0.9605838170734051,-0.9015113307161062,-3.5635031616882262
339,-1.687928146392725,-0.5188482166946677,4.3513136364331935,-2.328820587120795,0.26114240167347846,-0.07685908789870588,3.986544855854845,-5.121656121149659,0.7213868130305237,0.437165233065933,1.1792500959290333,-1.202690876730614,-1.324846551536556,-1.6401862019651219,-0.8180579406662147,-0.9815582639271163,3.389717291011671,1.3749316670827767,-3.4724615370687957,1.446149893506945,3.914735863352089,-0.6060166505057243,1.162025502564079,-2.4444330718487386,-4.114535529501627,2.1112219468710514,0.959253080010253,0.6317267309642931,-1.3135113598663573,1.7258451315230623
340,2.6935355014251385,3.1004898373496665,-3.8205206174918445,-1.701950480782294,0.06112815419087081,-0.33268239469180294,-1.5272707065380615,0.5478907806302189,1.144658575604268,0.8215420302309973,0.9276252695363354,-1.9144459494636763,-3.5097382966507435,3.5877684126075238,-0.8393109847545404,-0.6899351867657799,2.99931393035855,-1.548097874795543,2.6965434652249805,2.184954116054314,-1.7000630526874172,0.9233896740652963,0.5331689193654938,-4.637993122022824,2.556538736502791,-1.816817155231071,1.8045035151822049,-0.9711663536200508,1.3136335623834654,-2.8866923052166893
341,0.5535266497608671,-1.6671821738589756,0.19814280398545492,1.276116230929528,-0.15908088902596496,-0.20152262179117741,0.581332541202773,5.985866424466689,-0.445312502184696,-3.4018852989602113,-0.3488330700687774,-2.371168094455715,-0.651170469447873,-2.58947280125666,3.320205339414972,1.1388328283337827,-2.919675620444277,1.7012807233994742,-0.705662477052293,0.8775007401659192,3.4762711173417316,-0.5465174971450022,2.6986230477938467,-5.800214931104392,0.5967035554787401,-2.3895290740186077,-0.23209303402435566,1.0087450040182242,-1.184214276340473,2.2003878248871374
342,0.6350976976438929,-1.361906092953454,-3.5207548181870933,2.6658106122457497,0.530488315026465,1.0512642862241979,4.388154144911432,-4.711633099620034,0.46986818550587106,-2.398062462421338,0.9439395180920442,1.3077337135320874,0.6519682492444154,-2.4378289861331517,-2.9145988400796536,3.3371328787654946,0.7495756735178283,0.6137510246845128,0.8915582453011588,-2.76942493412883,3.2856017400821393,0.2851069988293764,1.1726685549748552,-2.8655106050588763,1.2579544072709972,-0.5292844539291224,1.385878468819655,0.7647555698086528,-1.91477787809003,-0.9645261138794687
343,0.9729366219000273,1.9116919934717806,-5.464649721557475,1.1719700427014743,-0.2526865628678956,1.6607376263518585,-2.3292280783468513,-0.331555202007344,0.1877025652026436,-3.6172958262786548,0.004200869192200862,6.086175672238074,-1.6509498108668819,1.4739315123994103,0.9322444448758702,2.031181743406247,-3.857137045481606,1.0707291556664096,1.477222306786647,-2.1809174719464917,-3.8908496413421005,0.6403789349230857,0.6714039231152267,3.2827619484634596,0.5612720465528938,2.3688778174363563,-1.9929545225816412,0.4912929792330347,-2.911469574354607,1.4829812537146516
344,-0.7568525016327268,2.2817296497129185,-1.6296274407118112,2.7920273508691835,-0.40994839572872555,-2.2773286625090714,2.325663877515389,1.7542738677507685,-1.2173825916510648,-3.398633109492545,1.150490471673125,-0.6144125157955926,0.0023199524670154403,-1.1846809878865212,1.0787118474343629,-2.5176770029479485,-0.1892254967584357,2.810551687690971,-1.6103406000771763,1.660856977131795,-2.882422308250666,0.5574068793177673,-0.5132512682002304,2.7877503200783202,-4.892726051336087,4.002602076642436,-0.2996566534377294,0.8569764427642799,1.0550212507402144,-0.7222170653724422
345,-1.8512891437037169,4.6541361777761985,-1.167914417448305,-0.7481938366577054,-0.12624422795406032,-0.7604945520126165,-4.9079174719740095,0.35448837798491795,0.5347918165635317,3.727627744781362,-1.2290023253940152,1.5200118580383233,-3.4759496880629186,-4.191918182557547,2.4636015493508054,1.7569984761540525,4.229153444917589,-0.7818855998025658,3.1928201266285114,0.9771900145251617,-1.0499512355667964,-0.5250261994415153,0.9466714784948991,-3.5417041846404764,-0.689503273172491,-1.580543835647802,-4.5128921843828635,1.2275549296078214,3.474759916145242,2.08062444745077
346,3.008260963233159,1.314999579041249,0.971941355155284,-2.861623818150907,-0.9293370037182309,-1.504241075560806,-1.1441146642694981,-1.7558267929173894,0.6380789445549437,0.3373090241480554,-1.0789965692251973,3.0035500577091803,-2.10024237998117,0.5417182824862472,-0.5044960201590527,0.24777026470925634,-0.11423021897025265,1.9294800719143836,4.4320484280390815,-3.1004053219190606,0.2460755171635043,-0.05513486138063595,3.1362093754784865,-4.658793137381615,-3.0638606879292283,-1.6724135272072473,4.7503735393996,1.1393538035614341,-3.623253762779129,2.4698006349552486
347,-3.5468148242746906,2.710422349733861,-6.13395783378412,5.613129745252408,-0.7396737463477401,2.0968943094200263,4.437051062073813,2.35998931273695,0.4599534203447915,-2.2441996993299878,-0.4471637012134657,-4.565630394611993,2.514495288301557,-4.0489768086622995,-1.35330605910476,3.6398767668063776,-2.543415719256542,1.791326531915061,-0.48202161463739657,1.714321088632122,0.7476362092658739,-0.8918039178151558,2.6845526377024065,-3.7726844031480873,-3.1862878300618114,4.063700461572687,-1.0355267090712026,1.0430118782575626,-1.6328043620818722,0.7479065613853262
348,2.007904604086452,2.8453938839016004,-2.054354850668421,-4.002787388110548,-0.9447420456432236,2.148585796433885,1.1992147099021402,-4.705640922517443,0.5450851991685521,-0.36429296384709886,-0.4335067050649437,3.759140682358897,-0.18184983581654635,1.47309637063546,0.5951433010487968,1.5026841974106375,-3.352093353504314,-0.03698067977465058,1.6140777111595526,-1.5542676452448863,-1.4239124957829379,0.28505042730742414,2.8387921106453824,-1.7597401080847561,2.6191660040299354,-1.4927945225748616,-1.4537177358548306,0.24181198161361905,-2.0818132883260834,2.1673475611129227
349,1.2135484198074096,-3.06055354526217,0.3154825084969666,2.452711324488842,0.3959808438368526,-1.3171695513681527,-5.299170664538494,4.9265254000356435,-0.5105640380030705,3.1110521309858967,-0.15995826456656204,-2.0678845639133208,1.9708267054564423,3.024257812701702,-2.5324582964480165,-2.0699015500211893,0.25305997860689544,-0.645784650296438,-5.599859520368529,-0.9681033964227446,3.8060450151352256,-1.0672488116822314,1.030238797318507,2.7989279160195686,-0.8911634392534182,-1.4546343568075422,0.25762171463646055,0.7383653910883394,-1.8930400142082036,3.24285070454507
350,-3.461000501541619,3.263196229043057,-1.9513332460059836,4.6232818741558255,-0.010294703899260238,-2.4638496517522714,5.300291313073036,-4.984983225008548,1.154591015269883,-1.2466474912973933,0.4455004893408301,-0.6687521013777022,-3.9346621556311963,1.971080376474248,0.4131761905483664,-0.8257516542748427,3.3710595824665077,-0.9949023395836978,0.21814029573264548,-1.6577166735801256,-2.259211141772724,0.5645795589212286,-0.0603209062782728,3.194528866977045,0.03898528682700331,-0.9417157173560433,-1.6671229576767246,-0.6323291892123235,1.475853155668858,1.7263294217499556
351,1.056694099316502,1.3407118864218717,-1.6667770155967858,1.7400264253013447,-0.6082385329977871,-1.8624168624454196,0.3336425546106483,-4.3080119232404,-0.18275048391018434,-0.9873989448250882,-0.1762519672157934,5.320770764580942,2.364037086025917,3.657743782247774,-1.4396745987805861,-4.248493382708599,-1.839587655309865,1.5059747685247302,4.103959609233293,0.8148475640430526,0.6825850708884715,-0.4682615219706232,-2.1452844450689614,-2.9878462771254206,-1.0421131285284737,1.5726332029528614,-1.0672946621224604,0.37851451718179163,-1.4693710768949142,1.627631147411929
352,-2.6168781705117325,5.146501561285227,-0.6945447479213698,-2.571848215309995,0.3106071908754653,0.4261623815821398,-1.5434774350143137,5.085507125412743,0.0223633071651248,-0.6744652966177362,-0.9882901596572564,-1.901637541288455,2.4522250047769347,-3.9750804412149634,3.3976632979079326,1.1000015564026029,-0.18571370620045968,-2.789095711672644,1.9540052160895875,-0.63156173657468,-2.043976402307578,0.8787819260931258,-0.23681482731694814,0.07956582401632417,2.242661313986506,4.652809522049797,-4.827186943129917,0.003561010295253908,0.19968170306335153,-2.271526606264244
353,2.415180864064439,0.042597484458905654,-3.96578604078724,0.025069232939447517,-0.5229546454903309,2.005893104814543,-5.220215199639,0.4148888537404005,-0.22616765699427877,-1.3509562762498923,0.41504441941132253,5.967405859731546,-3.1069655013632946,-0.6996460107857772,2.1848342390157924,0.23373634114589237,3.8124449415115755,-2.4244040095247765,1.4817585822161483,3.1769162187488362,2.431940077417188,0.2655404153726515,-1.7862857214955543,-5.569869572259449,-4.90182034950651,-1.9856677335861903,4.386782675170977,0.7870442212889168,-0.9639701110919496,2.6776312977255117
354,-0.7320459941304005,-3.7237602637635803,0.18255594998559133,3.5422224992531994,0.7385702351880781,-0.0075424265330994444,-0.3419408163727624,1.1850180156032977,-1.1547572338555598,-0.8020076506598315,-1.2171836012759,2.3308712865608108,-4.231473961611989,3.1420731466318834,-0.04995883838113713,4.2137194510183775,-1.7788488285276927,-1.295510969130019,-0.0020236769802437493,3.0233931093363005,2.5980683103434004,1.1358320554217602,-2.439583318416158,-4.315686479705235,0.025722419854396605,4.123764958998862,-3.033943079954099,-0.9149928189214211,-3.562343551459602,3.361792071482622
355,-3.2476174788955507,2.314883611156514,-0.7153273243789222,-0.3188183706486072,-0.34200283668314424,2.308882399449521,-1.6545198732665192,-1.4542146072192494,0.5893393522858483,-2.7337411390839073,0.5760579375697521,4.677078329714146,-0.8188344583432858,3.1975939991108255,0.09618494732197647,-2.126259810251378,1.856997824103626,-2.2056825019423574,-4.849639580745084,2.6747976937916746,-2.6329092825626894,-0.1106700259400375,1.7922677640740794,3.126153431381887,1.9168149802840837,-0.7928453972075822,-3.347627782265935,0.3201578044525153,-0.5752934250437196,2.478793819781359
356,1.6053138569853296,4.642246572671084,-5.846539922728873,-2.7121297629062298,0.8022622241922943,1.5088470317861642,-4.088400478507136,-0.17652789638141542,-1.0153109686656743,3.360983286419753,0.7737445673045595,1.1455114898299925,2.6581379099829228,-2.8848754164862704,0.344659220578059,1.2467583792103802,1.967829215808809,-3.3325093090944744,1.3775464135043656,-1.1217410041616933,2.8308627965956568,1.0870113066461133,-1.5585752373338924,-2.615104275250694,0.829853162037054,-4.81384739949487,2.2429554588528724,-0.4529524161932521,0.2773858770136286,1.916605317785283
357,1.142746561924639,-2.6379935237120655,2.3023818897168233,-0.1354323530863617,-0.8367209164705964,0.16501834162732898,4.906063062849071,-4.332570753323868,-0.9451577151883566,-3.51455093499294,-0.4424461757514315,4.328662516407601,-2.0488949612556606,-1.280627392491306,-2.711313889902886,3.7247737121692914,4.163924819142586,-1.8478622876625934,-2.0329095498507392,1.5861991433217657,1.8944705489560754,-0.4874880791245051,-0.9733172617245263,0.013045198421806958,-0.56946989108922,-4.059022320220105,-1.3486050036028878,1.0447622776575125,2.7646453397687267,2.167689597486696
358,2.7607922932321642,2.345763494032763,-4.147053327397721,0.6959916029358695,0.5390011734796922,-2.1944952362829744,3.759026344612664,-5.534239460239007,0.32227552975087637,-3.533796034060254,-0.33644064411906704,5.3231742640548525,3.6615546681801767,-3.1748334891292966,-3.5265816503681364,0.9594466554306713,3.578614828494448,-1.498201012608396,4.59684389216029,3.4523131610832287,-0.4864759603591242,-0.13766995698784612,-2.9635631641596465,-4.461447971737041,-3.48716901220617,3.809095989625245,2.9241966469165313,0.00582821792666266,-1.0695549005818261,-2.182396941679709
359,-0.6703081263838939,2.0276973184343987,-3.519321183037686,1.1175874924186715,0.7645547873796881,0.2797897111886627,4.6156236750997515,-3.4080841243550637,0.9826767632873299,2.922827146846071,-0.4029345756236875,-4.710108885254346,-1.5928264527988425,-2.947140513436473,1.5567234788209738,1.3825378439203035,-0.8992470798383074,2.499952723331841,5.324646530920088,2.664056801097029,-1.690016963779307,-0.5164940943006524,-1.2860903626017617,-4.496101911335543,-4.653065620764265,3.837647636426194,-4.478722980209525,0.2491444944006691,2.9374003701597466,2.1075960999878838
360,-0.07264806488481135,-0.3390534655134054,-2.569432250202521,4.603427299340488,0.5942841014154485,-2.216577620155369,5.283955924732577,2.254910816557814,0.06566972431457074,-3.5027347239720665,0.8254671352359599,-4.927268876868787,1.4777538150407885,1.5618650047572125,-2.523343499398294,-2.012865480386326,-2.2188736537563116,3.715463813742428,-6.125596169354104,0.7560814001999159,0.27673663384824465,0.8124790016208525,-1.9213226427473842,6.201621776432312,4.845841380647347,-2.7971981466571805,-4.895235676342924,-1.206351689957084,3.0565055405548023,0.996438591755755
361,-3.634565054186309,1.1892064482563889,4.658331837130351,-3.084002398067774,-0.4262996295824142,1.297328796449575,4.448990211121966,-0.8598448401970309,-0.17357037910587447,0.8116878624197632,0.8413001213536822,-5.0685629755924495,0.3627676336546344,1.5310736725965874,-3.8647649875607932,4.114731187100968,1.0202073138200518,-3.164014819611939,3.87699044477246,-2.2097584062613933,-2.9669792326445403,0.2195675990857735,1.2341485689096316,-0.15396897386207087,-4.516163836282773,2.002681575977064,3.7224523066303306,0.5487868244529599,1.8717839502043745,-3.6295408209812035
362,1.404025405281601,2.811778877292749,-1.8851530451287637,-3.0749850982994467,-0.5495994988182953,1.2939333596719589,4.715933373766312,-6.0337600139746,0.6913909585799445,-1.3710413105352206,0.7812816306792003,1.2161953614844236,-2.444617986489103,-0.13039136479533298,2.0971718036544615,-0.7779120229178389,3.2781998909434478,-2.0224503203961497,5.969245892793566,1.0651301679349494,-0.1246720733161375,-1.1448369306129678,-2.483831619474664,-3.2810354373249027,4.443090871433583,1.7220772804553377,-5.354963549631307,-0.5243495057510712,-0.9446800909260009,0.658824994420204
363,0.4011435582830387,1.7973357652759034,2.485375380412833,-4.4255935005360065,0.7831663279874714,-1.0414275314234551,-5.566360617385882,5.4935920071118005,-0.24364377527571168,-1.2222779390902918,-1.0395501957634963,2.5782405204036323,-2.4865570079460966,-3.5425288681629112,2.854327069743654,3.5243570060134424,-1.0588698496969933,0.7092716500484126,-1.690265807610455,0.9622121188703456,0.22720462677147069,0.6527724350609478,2.5179986104703644,-2.6699219835628263,-4.557252866779068,-1.3342073151581282,4.643808211667736,-0.9137721722747312,0.6043071211321784,1.557117021412747
364,-0.7945524651785174,1.725424141847249,-1.2535163945706316,0.5642302136035333,-0.7086933837546374,0.4671078880527908,-1.3007852699599702,3.1266499646441055,-0.2088084794081393,-3.300858441538498,-0.6362476721079782,2.3200498983705167,-2.99738804010207,0.8998989589072046,2.5654242726009784,-0.8259880780970903,-2.88843169879134,3.246484585481813,-0.4549105897958796,-1.824608641532663,-0.950079159150258,0.4467979001890745,-2.46005314432837,5.242853634617894,0.9250872463931366,3.361512643142543,-4.144042403972314,-0.2845470781799495,0.19844566417920362,-0.05645607156189136
365,1.9418090173752809,0.9766898926322618,-0.15634522068623724,-2.0940947038611384,-0.6139882332544473,-0.054070752205927164,-5.667602311459497,-2.0590189093483886,0.1593601498436108,2.5271054137037936,-0.18321470534735873,5.223370362607845,2.207807526175106,-1.068753597030005,2.7158208678464497,-3.670936894354087,0.652073280940975,-0.8360111835789379,-2.7934910901429078,2.285470610357745,-1.737674363197108,0.37369232523287543,-2.58878473795977,4.460787255708961,-3.0543651442305197,2.146818175459593,-2.4431094764608687,0.05056937804687767,0.7910823642381253,2.509004702947532
366,-2.1808639286431966,2.7016855062191993,5.6018912099056735,-4.405318463997546,-0.021542946017441,-1.6958513774669228,-1.044373231039998,-2.8939813712009723,-0.5791792919145697,0.2946092928493158,1.0669839993540835,3.1559406019521994,-0.05565164409281209,1.921917709499862,3.5072516700181176,-3.256809020157027,-3.883858088235872,1.7671493729672285,-3.539305713167586,-3.0766733260246237,-0.644790919535847,-0.4455386528574694,2.1760068426010264,5.530301768984266,-2.177256092641283,-0.6871014700570193,5.929478846754776,0.6374029575059001,-2.120919771075622,-1.5816044704860204
367,-3.2874404273061533,-0.4805139626402344,5.1895513371366775,-1.653257406593628,0.4888457197931775,-0.25718526039010037,-2.3796386040617428,-3.4165308704821236,-0.6553448490468039,0.7184855204141058,-0.3446608383848986,6.077689641561513,-2.5462034106672515,2.998229596887743,-1.635430485425264,-1.131908321248476,-0.43870952149655196,2.7540221419492994,0.07421501304290246,-2.272559161742995,0.9864336706683225,-1.223557013877198,-1.8706660770730608,4.306133568981764,0.9515825632589525,4.015079212776243,-2.4818220560811,0.17886012978917165,-0.6784103491807549,-1.985289500561791
368,-1.3636695076608731,4.737741441866131,-2.916120889386164,-2.250741293562477,-0.50492638080554,2.2977166295486793,4.944435154508945,-3.207978878448209,-1.104613460950305,-2.6936824929149434,-1.1582284781296814,3.22006815593425,3.0930890648719576,0.03136005517844609,0.745747161800395,-3.596749213337878,-1.8678836471204896,1.5944365786070342,-2.515826852863121,-0.31233802686739587,1.1394782607722895,-0.00973801834895216,-2.1667056931206012,3.8651303304275118,4.314648109684274,1.4041283565570808,-1.7708183768368855,0.8370111855244042,-2.8620939538529875,-1.9228753210752032
369,3.363300683154879,-3.3473468802928927,5.041248560036699,-5.050161548024203,0.19990124946894205,-0.20694206434368922,-4.586668052218453,3.852008780027891,0.6343363966462094,3.4184978225266036,-0.41259476893585934,-2.905580178046346,3.5990040966171364,2.4881531195959923,-4.1473022135621065,-2.935423593782426,1.9155346554239827,-0.9199660642931118,5.501342672047787,-0.21985472853198829,2.2074415167631827,-0.23775118588330013,-3.218027890181215,-4.033150384214739,1.4546758968721427,-4.08799434247592,-0.9490253506923807,-1.1229293211021338,2.866751527432619,1.8385215899663727
370,-0.8411797083484931,3.817992876747315,0.9266040213827829,-4.033008885525685,-0.12456606963754302,0.25415776538136114,-4.766464571796096,-5.540970391680943,0.49833366444629323,2.5135178974447427,1.1310806209736475,6.164502780612391,0.007932522990667934,-2.737564411885913,-0.9876377631275588,-1.2321573393337033,1.3710147300282927,3.5784122613276814,-2.6104592952217587,2.8220686653236875,2.65261135914821,-0.654819432901542,3.020451225509081,-5.229852521857946,3.973521653756748,-4.836963043842189,-1.6668658243807215,-0.7438373195624894,1.7816581019708586,1.4924864320584739
371,-0.15443137190436396,0.7233110243400205,-0.6490350952755222,0.6795034638172659,-0.9361487393401402,0.33680071836250214,-2.2044527313877076,2.4916166838575506,-1.0409868075720237,-1.3548307805353659,1.1316131556218103,0.9770404800157735,-0.8363827763168104,-0.8404739634524816,-4.120698340097061,3.4606542885967038,1.010068577296142,1.3268322139729491,-0.09368808879377255,1.0614121997338373,2.4342105012804716,-0.12049982120092739,-2.214857425695538,-1.0665773653243242,1.092022942646203,0.0441353576220429,-2.329119243731448,-0.1280034494709712,0.29339336174054864,1.0275710311942987
372,0.027981498833705487,2.4019428846803166,-2.0213014520814703,-0.21851797047465737,0.9098677260098582,-1.099972686967984,1.882341320743997,-2.00686129229339,0.7081548582531276,-2.0166633179249764,0.8741831081475819,0.5588453230736796,-1.1079624890734596,3.353425679516178,-2.9498196322275856,2.5277590528820113,-0.48851237795346947,-1.3348902331441987,2.65488493564305,3.022597894755993,0.9459624540552909,-0.6743788612721593,-0.1682669519464941,-5.780799471235927,-3.9208956528688255,1.893572356740922,2.1476880860581815,0.8899316177651917,0.06918986653628245,-1.079486274231046
373,-3.4637677480573004,-2.323966564817681,2.456223671152209,0.37167059637453903,0.8489247361540655,2.11091530919394,-5.9909322934617855,1.0300255154705482,0.7337476625806829,2.8675641047605254,0.07116901592608293,1.2884259947239762,0.8804638731521379,-1.149303963054022,-2.399873151247302,-2.4125773494649216,3.827540876208225,1.2537497144053518,2.085739478137917,-3.202282193802432,-1.8833931743112817,1.163855697658943,-2.2893216201565956,4.125401812473211,-3.8017882629348634,4.827448478595496,-2.1577034936999304,-0.9194200697662618,0.7787159424560741,1.2727474053501915
374,-0.8027643404580012,-5.530940783980764,1.326808126933507,2.943221759688214,-0.14804069833802158,2.211715936154853,0.9725171264964807,-1.824700194393177,-0.893544631601868,3.2462479414750476,-0.9791748175614421,-0.5213454244149958,-2.623776888865125,3.472032253328031,-1.679432246773331,-0.41646649184125195,-0.10356250473687467,1.351205878887999,-2.381011897881823,2.7097029581981786,-3.8037884311748176,-0.1867274794603313,-1.6853543535412818,5.347179203859838,1.5970223963587564,-2.8835884871812425,0.4601167024648056,-0.045417241351307425,1.0916316475772732,-0.21976501786755165
375,-1.8096994626660994,3.3146869319172225,-1.3554157734823349,-0.15332878604196054,-0.6291950940886082,0.6329521843615478,3.607604573965631,-3.5633662578054093,-0.997414059045715,0.7896768676964498,-0.24935727980803346,0.4128561549971117,-1.2186239491023958,-1.7285536162311264,0.7085080034473386,2.838043719815527,1.2395800803821224,-1.8389542383119917,3.229849100840706,1.0692503845931576,-2.067757072314544,0.8914121714500896,-1.7310899446099022,-1.3916646399597319,-3.1576112689667895,-2.0382581610419876,2.246840082619034,-0.7239978152282944,2.933031152730287,0.7399960098885003
376,2.555579506257647,3.629427460109582,-3.455002204067892,-3.677907303734912,-0.5072445329938264,1.4551470744291937,2.762547875523527,0.6190002272543822,0.0719333287756978,0.18016017059026446,0.2634367963648021,-3.8970783985086683,2.487365049231933,-1.2833126774321233,1.3565328085469233,0.02510076298367636,0.3587464042648385,-2.944432347595784,-1.346999929707767,-0.5396770503346158,3.2487027611835373,1.0633983686097963,0.6050209585683106,-3.0304451083194763,1.121584291229798,2.9974425858372165,-5.3177113161502625,0.3170511446391169,-1.617359695311583,2.498992989756484
377,-3.6193945484977785,5.0869174178335435,-2.7332944825505585,0.5929406420392631,0.04629880668043285,0.6265321644948791,0.9987187288110597,-6.027452117487147,-0.39338588763576254,-0.29507561400468774,1.0945879191758108,4.62260697114073,0.7282819472669253,0.2114997253033799,-3.1516690541874794,-1.7125395986035397,3.201257308806067,0.7231696714141425,3.897507512943559,2.4371643207295755,-2.333434830311738,0.8197378467862135,1.65494178657406,-6.475916636721909,4.527205930084435,-3.25792728875906,-0.48515353376565074,1.0363199415703068,0.5606521772068032,-2.3810972263360757
378,-2.053226877419858,3.3792747465252972,1.7279585646233357,-5.1249015924454575,0.6232471358771834,1.4476480228392905,-5.733716603907293,3.4939495149574142,-0.8858685338262049,-2.3375005665026958,-0.5857213405556845,6.0488575298345,-0.28062358710047164,-0.19754547702699554,1.24516528457605,0.6185563043982185,1.9067843009868284,-3.292336825834113,4.086391810085466,-2.3915662599485596,0.7048404656872265,-0.2267142184923845,1.9333394490760636,-4.106291246408038,3.912366066444754,0.5649435185512459,-3.3652318166705193,0.9291881460295786,1.1684915090402086,-3.2097574233945103
379,0.3065276014870726,1.171241727396346,3.2327310895771433,-3.906728022334711,-0.6619190113848499,-0.14185338474120357,3.4764823853966504,-3.1578243724380783,0.8806019985625531,-1.1783184574733365,0.2774853784282394,-0.2984269324759907,-1.0538410091949242,-2.1730741432100285,-1.1889385539268726,2.1132575867904464,-0.22325106099048853,2.525847180531411,3.504852650776048,0.37549970944604283,3.642197080282372,-0.35332427484563933,-2.0401691533383204,-5.129056012320731,-4.187310292085554,-2.5144080346981887,1.2525069029135132,-0.5728024272840839,2.9810164187364485,3.040997432418628
380,-0.7598589877232058,4.485848636488949,1.7386815124836268,-2.637148115814007,-0.7049434429118473,-2.122579602523688,-2.8722384546290947,-2.8380718329517585,0.6806550804271332,2.3398691156534355,-0.4456080534371294,3.1353941449374467,2.4475130560234604,-2.1355040489796213,-4.217495284717074,3.1300782004590566,0.12461148146779877,0.6507965957459447,-4.123500006174488,2.1305388507066176,-3.8878884867661405,0.6634558008647788,3.179771147828479,2.0376226935405093,1.820354980553926,-0.43754391131036385,1.66517157163317,-0.6696401329699277,-2.643498454608592,0.2651559467025759
381,-0.5354945630669192,-0.20578656535865036,1.6368065260110143,-2.4731976683993473,0.21295561525128104,1.3647166555624395,-1.8409090082739716,-1.1127753358387409,1.1259929442591137,0.5350984404662746,0.22304801892183246,1.0695449404655122,2.2335438330270563,-2.9265667308890873,0.7477500201641227,0.8970883743521902,0.919283402375946,-1.8710988990306596,2.2878091789652757,-0.8432219660110487,-1.207006963140767,-0.20630510655651602,1.5303332637967344,-1.5616084070539422,0.9107960888702209,-0.8907093019994576,-1.5339406628354233,0.4087990797840293,2.4063669272847434,-1.3013121311033622
382,0.9248865225149157,-1.0670966360522485,-3.0057761156688407,3.5294338531044183,0.2643001688456019,-0.6457477927440305,1.5465955423753286,6.160902951993528,-0.6629685980576507,-2.640521770911093,0.9810528109876948,-5.385060936387781,-4.190401539715619,2.2449641062340966,2.1430070580281466,1.5765976571503977,-0.5849074799718537,-1.1892598017255853,2.8439421525551047,-1.1932058568182367,-2.256792161769381,0.26807500125293693,-1.0748718242705593,1.412852689049874,-4.86720114258714,4.220885668429222,-3.4150248780487047,-0.43441827924294785,2.0642163047446154,2.4315423267056957
383,-2.089551414769492,3.9221319556252396,3.86739731534421,-5.052348207937666,-0.239912730229618,-0.40771691803288235,-2.419699072595453,5.57221890956027,-1.0279473527164948,3.458824119672702,-0.28339776360931346,-5.29999884031168,1.206099678213743,-1.7673506055725365,2.9701101438988005,-3.054745157831263,-1.1514539072330923,1.797339848523933,-1.9954087154764508,-1.999039679090668,-2.318018337928333,-1.0044718942937418,1.9120699711946294,5.404868655594271,1.4123091973238076,1.8646047385926323,-1.1975978004103212,-1.223366830188719,1.092186204457203,-1.948135509773845
384,-0.8549941902307321,-1.294517347217731,5.325516451524592,-4.659173751583335,0.9091808388882296,0.5739879986187333,-5.531226263970339,0.7738552166271475,0.5447426102632242,2.142800106229508,-1.1321394192840972,3.201967750134564,-2.754984969725232,-0.8756357189608259,3.667500152311977,-2.491161884485596,3.1930200338988612,-0.7387376130396124,-1.5089716278222376,0.9350327240358443,-3.738492919440244,-0.49490657578622077,-0.04061273164484902,4.847951130657393,1.6458218003210447,1.7325978201923498,-4.617085753226615,-0.9349442978041358,2.4955532565135883,-0.3219428259954995
385,-1.2570808448846993,2.856588132513412,-6.084306903213385,4.712654556312085,-0.8122003877969717,0.5843454470692979,-6.034977788928067,4.712384261729888,-0.3342910963549439,-0.2938339548378721,-0.21963581615426797,2.1703543945453063,0.009348647646650221,-1.320223258470401,2.6410143334090037,-3.4494950640529787,-0.26790571890155945,2.3872610603688464,0.5985074345935715,-2.8553244261425466,-2.9721135623285253,0.4582277010051019,0.5374101519958732,4.23329270087622,-4.131513252178252,-2.1498665422190015,4.664365406042052,0.3754213038105636,-0.3138026154674929,1.555395700012891
386,-0.5576586043937297,-0.7575701118809093,1.3054943981630842,-1.730368959539998,0.6789635847092623,1.061139692942021,3.7351080639264893,1.9885262565763995,-0.07558258696089037,-3.468433543921858,-0.6745178006890997,-1.5051003889309982,-1.2518218168297963,-0.7281023483208742,-3.105010050527728,2.761743006580712,1.241048968334102,1.0821422407631651,-5.14225539217567,2.0161324449574742,3.5419278630834476,1.2412686283681893,-1.295153940622244,-0.36191960361150066,-0.09423551394758078,-3.3037435616763737,4.55795380776652,-1.1791752171580816,-0.8507753663206739,0.8699758513369744
387,0.7854844665623535,-4.78344509694422,-0.6101064073043432,2.598514747807556,-0.18889288170633556,2.198445171584705,2.400947451086541,2.2150374447687184,-0.3804237675812221,-1.8812337139410058,0.6737323802066308,-3.028059794539633,1.5571129486638853,-3.04220409346574,-0.223590100545767,-4.026281956411227,3.6178781007086904,2.1170851010497422,-2.20914255142981,0.6736882119418137,-1.5078301254152144,-0.13498208783364873,1.2442500464297144,1.934016506306854,0.5191112818320853,3.9005276689600166,-1.9580572723412963,-0.6616024195581183,-1.2659775785040956,-0.5340016803877994
388,0.08527495673732055,-1.9119396319353719,-2.2295525650990164,3.4335826185602905,-0.8828860908625562,1.5055207125990595,-2.269120051482151,2.643132739202816,-1.1218233925974066,3.6945618755440144,0.8099207622586357,-3.7566719329258937,2.6863797641694696,-1.3586790170671446,1.003619584446799,0.8429252470770052,-0.726496920288696,-2.4477486583378596,-0.4681045927825167,1.309577079224006,-2.571427699840836,0.5013743609298826,-2.5797804947162533,3.8083613471854356,-2.2649078529583484,0.3334895203907564,2.9932579809989583,0.934939224086266,-3.6062163654541095,1.6094374929372677
389,0.6805127535264184,0.04545583498539685,3.311020804884432,-6.006945179268055,0.15869728267226701,1.8112585031992907,-3.0604355589989467,4.457582438975869,1.2424681257662282,-0.3131748059593331,0.12269155280511512,-2.4491317525889116,1.55637691074363,-2.645295355701741,3.8298327626399633,-3.6700101816603183,-0.8754537355720728,1.8045495995501213,-0.1629141979471278,3.3449761026069176,0.5413101232648359,0.7520669353460558,-1.1441863448027139,-3.331252618468241,-0.7538009045091449,3.517919759642737,-2.6943323634032375,-0.49459720387033634,2.1680934006327703,-1.7432826884920036
390,0.6992578420063502,4.7050114097630065,-4.917086234834297,1.8291810405178168,-0.9717393431421133,-1.3446247143110117,-1.823626902878651,-3.8152646930332885,0.021150720489146124,3.4434932824807873,0.7399197186878368,1.434327874254194,-1.6269892076802783,3.0686086901366316,2.0881420493938947,2.9036789427242837,-3.9164521930377223,-2.516988281537248,4.233923083950032,-1.6372039313104079,3.726097626998989,0.05788836632277139,0.12841251285547095,-6.509117658817122,-4.406111409922918,3.6547873069753685,1.6917649880459003,-0.9135560896889388,2.2756181113520526,-2.302502906760724
391,-1.5760897900246231,3.2249841417987355,-0.8909078433275184,-0.16996395544965992,0.6458722378802615,-1.2338947908774092,-3.1614277182847026,5.2119729242497925,0.6002924141170132,-0.05408887509126714,-0.24501023819636902,-2.35173850679449,2.4682550012255575,1.0337523683346532,1.4780855565886277,-1.2623912956284045,-0.7612855080656544,-2.956416122455206,-4.445936692691305,2.3795630910564256,3.2745581485934423,0.3011495735432339,-1.3435283393849549,-0.1658057811171183,-2.7125250401301386,0.05965175782845478,6.166493214858026,-0.7339819240423324,0.3934533437269394,-3.1730913522401867
392,2.1477321297163954,4.317630848304425,-1.500767046583256,-3.849994916968523,-0.4851619149220481,-0.6294390995472359,-2.052857331119732,-3.5575968161342253,-0.6701089489707979,1.3926866752661233,-0.5118231230302319,5.399699543988856,1.5652199478594007,0.7895799419603087,-2.7401041037438176,2.1762591842661507,0.7474213286551361,-2.538376298997594,3.3836322114118254,-2.771897076370365,-1.404132256198091,0.18150058052810536,-0.050701589144118486,0.6615981297723579,-3.8923253249454106,4.22071321629338,-0.7548245534004394,-0.6122104212852113,0.46442481105171574,0.574222272286729
393,1.9635002511807649,0.8769233908545111,-3.3087285187057276,-1.9257090491554507,0.7799892138590758,1.6140247119665965,5.051098291844298,-2.875019083408482,0.2451256719217092,-1.6929676781874967,0.9469479357588648,-1.6751851379289135,0.7191746615171901,-2.291898974725921,0.9486113470564774,-2.2457932102594746,3.766720428270414,-0.896814251859082,-5.402554311230489,3.1525308742678746,3.27641983977945,1.106111184994563,1.8608225338935949,-3.9933301217052843,3.747140476761203,-0.8043641352950068,1.504264043101518,-0.35679563563818917,-1.2254510157009513,-2.8647937332278115
394,1.7751832758441246,3.104246770881332,-2.797654623124373,-4.267292276662765,0.9639066602279667,1.221610192833479,1.709779699430353,-0.9736096722701681,0.8769840474449504,1.6442895252519243,1.1512449231505357,-4.408688523007612,3.775913439619501,-2.6852620316659763,-1.893921703941606,1.7335354999724863,1.650718981024493,-2.580984185009335,4.807763468947769,0.07558129234418587,1.0454751469881423,-0.023093592179457723,-0.9766845540154456,-4.929041762085525,0.9890440783060406,1.2126198987498888,-1.403697086033766,-0.8266346536577265,-3.0529622672788683,3.0816300299151926
395,3.0351158165304604,-0.6206477565807909,2.613807902908711,-4.916729876809338,-0.6560167881569949,0.5444707021077146,1.780608229157707,-1.4961319515540303,0.19025643661202452,1.7782439103834733,-1.0927272328429227,-1.1602493917562917,2.323518966850852,-2.4462766851496447,2.437381360985931,-2.1268648051401886,1.569210094976647,-1.7569689325240176,-4.377553860784445,3.3815414287429455,-2.8485724919524955,0.9112313333355049,-2.2200093477674034,5.1533629384255875,-2.348959887228986,2.343061132243566,-0.09593580475016239,-1.2379229188802863,0.15909480724883807,1.1806626713677844
396,2.2710946452229166,5.679191774849333,-5.178131726047898,-5.178148255041322,-0.02375872183731831,2.4297522828540448,-6.0555396162077635,1.1152956880800282,0.7668783969506636,1.580462071389018,0.3971395161239881,2.1957639436640157,-1.4807975501809931,2.7319185693291743,-2.0406103286294073,-0.4488096388489531,0.24469011431348875,0.993608834016257,-0.8182247458285872,-1.0973224851309986,3.195984578886815,0.9380534187624443,-2.8192694323742877,0.6007786656842953,3.7397428223685623,-3.705118272005741,-4.473644045727578,-0.27875612859743804,2.4255961360843017,2.292179487878606
397,3.197814146835313,-0.4801185228609839,0.25882677842830404,-5.1001599215382605,0.7111293316846474,1.4125081874507348,3.2709361020824765,-4.595885371032896,0.26796705885835514,-2.8507059011771947,0.280167328765887,3.6275207825033675,1.0204770921155983,-2.0021348674649495,-2.2133161941243618,-3.715134217045918,3.220994741568692,3.6891134449504897,4.187316074368152,0.08851176738756017,3.7646894109911244,0.7406160888844928,-2.867294593403754,-5.913838748227921,-1.4922827739477036,-2.4942663443793514,3.7187521953583627,-0.40872462799280207,-0.7617904670868434,1.4383120180490465
398,2.1187831937145205,-3.7113581946644665,5.414155491979443,-2.8355400610610637,-0.4311764783252128,-0.5548639516434459,1.5307453225937842,5.118320646782145,0.9192000428590896,-2.6869106361749235,0.8399816192090661,-5.7213369952691835,0.1950056901797943,1.5512241561401225,-2.2544144901727687,-3.565079551670637,1.2823813911874637,2.7908828043356024,-4.299041218376356,-0.29948114737224785,-3.332603706877295,-0.1438926647008678,1.7433965926183745,6.331622144708071,-4.2944603209642835,1.839019496415272,-1.6085408849514735,0.64442120190074,-0.3253002591110157,3.7448607667114473
399,0.7977450602254113,-4.621977126441575,-0.39245849903213426,3.618732237485112,-0.8761446521148,1.474102979877756,-0.43264614599943485,-5.53926019527125,-0.9303130199253831,2.912832494103416,0.35013262271473344,3.63925424437792,-0.5266542543831605,2.7652047180885333,1.8045343755491388,-2.499215753037351,0.7639157503618179,-2.307784836579442,-0.6503325135151101,0.9566849715854371,1.8990004995479417,-0.9596815920184536,-3.02674693369576,1.7810755680955808,-4.4236531062804545,3.708739330357126,2.809140238388011,-0.9052161850882534,-1.1063549538344866,-0.08265532354128169
400,3.606122680341503,-5.611325791490401,5.235526838399668,-6.063887878288131,0.6030126844921142,2.2305514665450303,3.994309505452083,-4.7918288237255595,0.6768318972585403,-3.5513579712818917,-0.9950869115506302,4.667132303847485,-3.3460566910589744,0.5144873202735525,1.2591985726948032,3.2146970095772964,-0.9012446055879799,-0.7410816058991401,0.995219031949734,1.7688480746917303,-0.44325612631057965,-0.03215786052542402,-0.2881865103503465,-2.000466609455472,-4.1843399994688895,-0.7145778268953684,5.971670025916172,0.17150804793612728,-0.7892591693212125,-0.4550010781661751
401,-2.649654336493885,-0.6362209413374806,2.7252056666776063,1.9735449054453937,-0.9097214033632386,-0.5031538909286262,0.03490642473907357,0.19115366778796172,-0.1595827906727072,1.6434559447894976,-0.697283839914153,-1.012649406729654,-1.5492201657337432,-3.1221441215132195,-1.4942288246059672,-0.3898739592769225,3.5680991353431217,2.987367935786292,-0.5272702957195889,-1.6077627229607447,-2.408268704513528,-0.6779457004360232,-1.2252165258954033,6.446463949524961,-2.084247793864421,2.188811650669475,1.441785368862842,-0.1690092106747736,-3.2777881081365656,1.9004480931441066
402,1.7138317396748093,1.611813540889944,0.5501870582609136,-2.0670539109183395,0.2983793218309718,-2.107157749738475,3.7468366620658315,-4.461570531497291,1.1993954254853492,-1.9386987690408137,-0.6333644388105242,2.0874016517974496,2.126155698248546,-2.272672201313254,1.5550018425735175,-2.472859623732896,3.833531119261874,-2.769156835038256,0.9313760082718794,2.665188643514796,-3.1153516755331125,1.2127212691743479,3.1399103734164306,-4.833844618844697,2.2088285326306334,-0.06751377079573118,0.7866238815328579,-0.20014424099179084,-3.1210476560449667,0.3932532536696449
403,-2.662249089531336,4.227187578579862,3.5563724768077343,-4.170105556847492,0.5317884174199001,-1.4829938264288351,-5.3082333322581405,2.6626585260497215,0.1590080069702111,-1.8585369372923033,-0.8441184376630986,5.189222174193617,1.8842394009708627,2.2924705722559224,-4.2277596911503,-2.5168962438471105,1.5659471701508778,1.0019987916192719,3.752566889022198,2.827816780944886,0.12247559617459203,-0.9207171643089325,-1.1174818425430004,-4.664660259290105,-3.2491180937413517,2.067893976854897,0.29771568331755915,-1.063722933543311,3.7087818794030305,-1.761550512290185
404,-0.7710694968354499,2.203151204628515,4.961899093153033,-5.09844670290914,0.11338634178084295,-1.4089204398180009,0.6130865928609488,2.038497915960548,-0.2668444716996996,1.5886096138272734,0.9467353137667613,-4.920084964715844,1.3086129027271731,-1.8524536487668968,-0.9381839722436034,-0.5158928305585917,-1.635386676924968,3.6333042257664196,-1.633766732560865,0.3176370790126377,0.752629373804865,-0.16493480965683815,-2.428415781609491,3.1568508710093077,-0.9669742843558389,-1.5106116077500893,-0.4970716781931941,-0.9002182929923173,3.1044508060801412,0.7704250572119431
405,1.8472480615688482,1.4630579121787477,-2.1348593530104196,-1.347650835672912,0.615928006916282,-0.4437237919807355,3.108627743414047,-2.3303728951543086,0.3713378382296826,1.6274556622800809,0.6626617685761902,-3.439710117345715,-0.3305887217984349,-2.095618492116122,2.15128269031619,-3.0462804874248537,1.2809327210646693,2.0402722899580787,-5.798978193777824,-0.22138020639611078,2.0510904138847224,-0.6670550927421868,-2.038083483542385,6.674406562573402,-3.7836002980501036,-2.932234980659448,3.34640763504364,-0.046152091090897684,0.3398405926899919,3.0757391420675013
406,-1.66211788643529,3.523622716066477,3.656101689129617,-3.569935318566987,-0.21272864463351304,-1.7349425555605062,-1.6567363071532775,-2.674581437263953,-0.702408669248765,0.5165117874319627,-1.202407731101132,5.719622357335119,2.097452540232293,1.121060451506775,-2.1562053703961244,1.737062933401191,0.8123798500503945,-3.6117504047950444,4.52009039551033,-3.199874917532995,-1.229537932534182,-0.8345132291807182,-3.1738660218157033,3.9177017055528935,3.6922335490966134,-3.0925410690887105,-4.31786243601174,0.21094347160236993,3.0648560229166932,0.4423704614854529
407,2.210802954258348,2.2278651631057222,0.27054908011852774,-3.429812056855372,-0.00835773842966292,-1.2710474021977376,-5.903486111734665,4.155313952496236,-1.0544799394006437,-0.9793531003430793,0.5718614027727309,3.2101437962093655,2.5383872970848493,2.9965217635585617,-4.016105373395638,-4.147397015012116,3.9133783443822807,-1.2847850166184838,-0.24686541736688383,2.0399181563537603,2.439751040845451,0.1926800176308534,-0.9971222905569519,-3.428361506906608,-1.5845726698219629,-1.577241499834713,-0.373132841073641,-0.05068669097835343,-0.051818329281221764,3.637452030990559
408,2.1901166530107474,-3.4248718699271876,2.583869357434452,0.7463629706647943,-0.5887029674751136,-1.5067741437078563,0.17834044359279844,1.7485204630847555,-1.0041410933688306,-3.0023864610948756,0.4623047424863431,1.6173619052997914,0.8484028571921058,3.938668999485248,-2.613017302884206,-1.9664219590782377,-0.05968903253820912,-0.14794356217723603,2.537150740944714,2.717173902261109,0.47540920941592546,0.12914263331166964,-0.6965937658149723,-5.162282720118881,-0.5908461287691118,-1.086391692333141,-1.7823620261294977,-1.000587528956888,3.431618530737378,1.0285688454519217
409,1.325509047808481,3.0616323308674644,-6.1434681618491105,1.9426974536313821,0.8053469655455792,-0.9917176360039566,1.394993870827065,-2.6785539669840617,0.4201104637849564,1.6953183089413244,0.8978691289067582,-1.7297378054760522,-1.2854403598263087,1.6846406372257867,-3.249842261556747,0.7829149008188239,1.9937062107554766,0.07402087258246048,3.227793603377844,-0.1857691471448213,-1.044755194542029,-0.21122247033313268,-2.8530392770816704,1.0669924857233894,2.66736391734738,-0.8369742001503937,-2.2535330120306973,0.9650476276940756,-0.4491481495615197,-0.09275618329821533
410,0.19843260434736365,3.4418493411124693,-1.1563426197545894,-3.0419532304447188,-0.9341707280598888,1.4921846327992156,4.344190877896246,-4.255923113200247,-1.1554281545975393,-2.075444051458838,0.76056116739161,2.3820432739687334,1.1995610221438362,-2.634867040542332,0.31662218786853913,-0.7154820663932995,2.4038211546138406,-0.5696552576910765,-2.911353550590402,-1.057531818672583,-0.7869105318388971,0.386268550165779,-1.6944000746928438,6.0639274256285205,-4.146639446654461,3.0279910476816845,1.660489804581463,0.08215574775773327,2.102780338212458,-2.726777491578247
411,-2.2653846646801608,-2.8474673022599433,0.03757097813117838,4.450140751262484,-0.35172831013664907,0.9768685476829315,-0.7793172557992207,-2.0705049836384433,-0.7901128051180937,2.566785499627006,0.07914749978941593,0.994002045139311,-1.053196444731567,2.8875685785557543,-3.032243045803529,2.999678156142714,-0.6444095241320653,-1.1573977200318186,-4.542954803251828,1.5968631248835585,-0.34127544205919413,1.2319082970118727,-2.0628158138896335,4.11827463730479,-1.7156480370720573,3.4769076537335977,0.48999337029407997,-0.9330178164814429,2.056375888138149,-3.374611058611711
412,0.9273464276805772,3.8831187933957843,2.054786040652992,-3.660280331158912,-0.9649178440446484,-2.240053086525954,3.1755354724589573,3.61306138439722,-0.4055639808363214,-1.1030479727247364,-0.8797417953119151,-4.400243107983201,-3.435989605192967,1.7005239533290606,-2.1685968134760554,-2.3463807899372906,2.992385170446145,3.2580580848306475,2.876533846532265,-3.159533692946173,3.9304688181440106,-0.3548721313500085,0.7175558983838393,-4.010152738764351,2.9186026044205384,2.7790608497721223,-1.1262560808567876,-0.9745635459576878,-1.2025746753990916,-2.3942691519784933
413,-0.2527509630834075,5.50047787691765,-1.3093242373984744,-6.102256671784918,0.31916340872548155,1.8446905866234768,-1.7089420263539488,2.1615174026329846,-0.49737295251080305,3.2430899851212196,-1.1588535392807295,-2.039438869608734,-1.2428052056619752,-3.6869526232959693,3.647551090028305,1.3994207679722486,-3.025523583406935,2.9083095543638464,-5.674158712476125,0.9534517263331459,-2.3562631310700652,1.2078866178251708,2.5274242512794327,3.3416592481080265,3.6289331822811235,-2.176265917400162,-1.8478466159839826,1.133343739763105,-1.6044257264482802,0.8662613377887514
414,-1.7942227286611434,-3.1820858520170887,-0.3091278360955805,3.8410674608291266,-0.4235294343855438,1.8678983903300157,4.851621905913877,-3.130274869207472,-0.793666369825698,1.2864517934927022,0.9138976236012679,-3.1280300839746715,0.6608035540529649,2.6825936104851174,-2.8818644597851097,0.6796640102841529,-2.193877281210762,1.0526805661731231,5.4002869767311665,1.81782439003862,-1.1950723251619628,-0.43721039423149843,-0.8373843965980079,-4.748444250778771,4.850474053987803,3.593249921918666,-2.6869312932368814,-0.8425873914039226,-3.4382382301175447,-1.4759670611475695
415,2.3790943615229523,-2.067897746073978,0.7488663826460495,-1.4456423644260887,-0.8301002853331634,1.2156796516640505,2.679480646516076,-3.8310226803680045,0.6592592057671958,3.7178703589133235,-0.4814996590945597,-2.744087871734056,3.339934040551011,1.1449578742156703,-3.383768603531461,-1.3616793276926558,1.4133268941228074,-1.152770877665919,-1.4156701760784287,1.2779340601780298,-1.986735929316696,0.2779472514054575,1.3508866031244278,0.4956381906867584,4.03027485495026,-4.116998202415422,4.190045079279148,0.8895267601446353,-3.1654146641105623,-1.8274338278475053
416,-2.732870599711722,3.6221199539414712,2.949161190284375,-5.339837293106562,0.3412327435027729,1.1601940050895028,-0.7712409872842123,-0.819779647490332,0.5105825651290976,3.1811262580080673,-0.4434536031702576,-1.6572345851923984,0.7180664299101664,-2.270688737423278,3.222249928039627,-1.7182297012006646,0.8111955529391821,-0.7625934722655767,-5.535756089738545,2.832444124925477,-2.0224951132772606,-0.1497884470275901,-0.0328425270346866,4.908438052152139,1.4296584688128249,3.200712376512101,-3.8535123714080157,0.278886256171865,1.8906233822816105,-2.946368112369857
417,2.6416681001819313,3.5456648463214115,-5.836610215147832,-1.258089038719941,-0.5145523474206886,1.4219186547849656,5.247894209428107,-5.091513148097718,0.7808473025896054,-1.6830830360326754,-0.2696568879644756,1.0155115600771012,-0.6103071340688437,3.5950054144589636,4.210015233005102,-2.052381167301011,-2.367031933756376,-2.7753004123383374,-1.6808109252294123,0.675389118134472,3.0028819162563565,-0.6830723617458707,2.27482617541531,-3.5892139228312914,-2.9318884889950674,4.966242340219736,-4.324491085733374,-0.9461586002401932,2.8626811860733525,0.37361464867604965
418,2.629307488999487,-2.6250502200478785,-0.8022779761869785,-0.18046139148926343,0.29857561651084374,0.6799064822136085,-6.210673516514074,6.094193765628511,-0.5063097707740738,-3.5843017687595253,0.9255368133880131,3.281554477031097,2.019396647115073,-3.9116159952373835,2.666490291703404,-0.4654664884468076,0.9842266500976251,-1.293031105232398,-3.3516505772145173,-1.241142040486137,1.596227884499541,0.2324815942349172,-1.5072078568894884,4.2712909958552565,0.0840001193922113,-3.1549824757596063,-3.3928578604592943,1.0728912125030075,2.770623230931939,2.6203257733922563
419,-2.3783272628535137,5.597836173107229,-1.0654736624578014,-0.8494029918533101,-0.5708995573757916,-0.7337326985669996,-3.8591790657495295,4.789060310513417,1.0380577672042852,-0.21313403530609598,-0.22636848629526085,-1.5284364903668788,-0.7083654026700117,0.6539327791236147,-4.123746938142986,3.9484349479674954,-0.4082992335231097,0.638043847244532,-0.11413976540885429,0.37160068227136556,1.8615570999394144,0.8100863482620193,-1.178967244627307,-1.7501371204370884,4.128338665118612,-4.355701940925494,-0.7096093065411289,0.9978154298075346,-2.1847529429871813,2.1239100955281778
420,2.2167307569241963,0.10358263775238541,-1.8600190137909252,0.3222007311758226,0.21204882049484652,-0.9945439325564962,2.4982591389955964,-0.4325887569666236,-1.103857959715989,-0.974181920932832,-0.8505508009172216,0.8629202995370022,-2.7943689344218114,-0.583826203793901,0.7073115170163575,3.1092572407333208,-2.769312778605089,2.3309391590706596,-1.7628963068692016,-0.11781371750643821,-1.5665732652379152,0.11136046006574762,0.02946347875661992,3.3064593507907247,-2.5578297999457753,0.28211965419264473,-4.559237415959686,0.6742554428483754,2.470181750872541,3.690510367992392
421,2.7382428334241595,-1.0920615526032478,0.24694826284135374,-3.7419781609626455,-0.5643076899786383,2.41315630727885,-2.9555111351315766,5.51605859421041,0.7569458014179986,-1.6996802755338152,-0.8622154250482703,-0.7555975599148077,-1.148767099719091,3.6862742054206805,-3.9698442123812967,-0.27845788785355197,-0.06509122424514402,1.7758862187779414,-0.8846864361403277,2.519067329208365,0.553889854640893,-0.040488138896122905,3.2037867725875806,-5.351569381400854,-0.20845351327430706,-2.237360949226911,4.41877173623557,-0.8532997466478616,-1.5029824447863085,0.38332491770034594
422,-3.66130160502372,4.305346479803973,1.6451785717881044,-0.05025884112339085,-0.9641160796747217,-1.27484852577037,1.545015121525573,-2.5469732231591955,1.2421808562612746,1.3698423692183432,0.7855478938192633,-2.3956130176653296,-2.6677800133234566,0.9353993536524392,0.0804885897646841,-3.4671090424133837,2.0631594846622967,3.055841627656953,4.580050410898021,-1.2688861295019667,-2.0066585293732633,-1.245866522973195,0.8235776199137632,-0.8822168489638322,-0.8746531664686934,-2.4386100081739066,5.1928849079929655,-0.24456282733155277,-0.3708830980964297,-1.2641758079218732
423,1.4061507043871018,-3.544914817754229,3.4201837017343557,0.6842005983508841,0.3918387246444155,-2.3574589113626434,-3.920293736796438,1.19536525910463,-0.8992620326080889,1.697255889768833,-0.7690292892987047,2.6959639098296897,0.8648919542659748,1.267765874247555,3.6051928128782436,-2.7166962312478216,-2.270979388690666,-0.7501750214537477,-5.112946313003185,3.1526511148727074,2.4090076962281444,-0.7117056176699172,-1.8912654143825804,2.154258533954362,-4.526497091221646,4.546693856211835,0.21706706822902788,-0.9622040046152982,0.5080906879992586,0.21684948339732735
424,-0.5904315449334199,0.3219667091777687,2.763903470505401,-1.8071796994040312,0.11281993964080383,-0.8010788749866276,1.751583111213236,-4.5226931794170895,1.111883967710078,-2.6615577257858742,1.0013042294794783,3.319479596800079,1.4403200837007226,-1.8375295297505545,0.6718391037305516,4.0885008262125595,-2.74247357198243,-1.6206569119113237,1.409213704619031,-0.747117363726943,3.598525769988129,-0.6101495967110262,-2.028237550713472,-1.6222349634562114,-4.558513319214688,0.9612425993420466,3.9286638940299383,0.41092252659849304,-1.0405653707629945,0.2982496700077206
425,2.9692514710120648,2.657664753468726,-5.02674731440613,-1.1152730682436776,0.8495362858393771,-0.33443212767048713,1.7716340852810646,-3.0609370497749673,0.02307600651869013,-1.1536727244915443,0.564182965387138,1.8557167170795488,1.4228570153910027,-1.133252527848267,-2.6315409082322336,1.721517820325765,2.987117454425274,-2.3666988540619993,-4.855348195606009,1.4757430127853723,0.45318423877873926,0.27315668183606245,-1.8512480604796249,4.504512322684995,3.660062536637348,4.853001545165352,-4.009176615371615,-0.7687143697601773,-0.7630533666847654,-2.9721197299856534
426,-1.9859439297156776,-1.2346283671451808,0.5038834323088395,1.1828811878879009,-0.8054539385648096,2.339261615228807,0.06475444143401532,3.796947033276137,-0.44098892987900484,0.38963393925824263,1.2460117360336218,-5.056358220123077,1.7293657161392773,1.753922042419287,0.5807614587084196,0.45497983065749636,-1.7241298544444312,-2.7948991934805463,1.929605316086647,0.43719695372593925,-3.9392739811134856,-0.4780791582502406,-0.4173757529677822,2.4679266225184513,-2.791983212532582,4.007499147901068,5.626413446258212,-1.1009220578311498,-2.8467944115211914,-2.894212912273881
427,1.0003461229586037,-5.037675385030759,2.234948031420192,0.3813784975539498,-0.9339550479193117,2.3549577810171893,-3.943923040294159,0.6524480714831213,-0.1347840928529216,0.38781347828877166,0.8613476099698865,2.1770979734052602,3.2333180999056843,-1.249233286310222,4.117717089530274,-3.3007106018306267,-1.0525055011439903,-1.7485858001516377,4.560161131645582,-2.387445134687578,-2.9456818190751406,0.4073686565683188,-3.212820271774083,3.578417437322422,-1.7113987919174214,2.362479686042988,0.9795266680233752,0.4440976381583077,-1.7293408893381184,-0.3453643109686588
428,3.124802555130369,0.21320478513983332,-5.868988668544702,0.5646528782596185,-0.18769613654911477,2.154024586563896,0.9169389895119586,2.189520641335381,-0.07136364439985599,-2.042331517891151,0.45717438776901353,-1.4499388563254207,-3.267923708107986,1.5341247025941236,1.3815982640871454,-1.46154737064027,-1.4160435124758433,3.229791624542301,2.195665624776858,2.510697917193987,-3.2891997568925415,0.8843265697458031,3.2348748502076887,-5.536365205032279,-1.8319707956195082,-3.585781912817115,2.627751778488065,0.5857395495219668,2.6987843079242744,-0.49452292749723625
429,-1.568349339109922,2.4683553416498007,-6.120579659705115,3.467939578157978,-0.6087228298566274,2.361356908863785,5.048866010727995,-3.606148580600699,-0.41678947130620614,1.450026994267418,-0.2512879502598899,-2.224667002828692,-3.8691169993391927,-1.3793763713040725,2.19940551356677,1.645784255918521,-1.2912261970123229,2.6945297981697713,5.971665026647813,1.1078163900426858,0.9674908304527641,-0.13976365642345012,-2.6669077606745795,-5.240300830045687,1.968280061658703,0.5501518464866209,0.5237678573606672,-0.4478745432213467,-1.5036346327867243,-1.0906905894974752
430,1.4541316113798288,2.560454963884979,-1.5211383079046144,-3.9091570927453674,0.050769926520322084,1.3649388988647235,5.250261642929413,-4.984794724305509,0.06406136569488652,-0.2016099432719045,0.9888862032521892,-1.1168045442991286,-2.0124038861821987,1.8001200149609957,0.9928160946064963,-0.48345672672554585,-1.78181020177745,1.4847347051171553,0.985256243178501,-0.637960489721582,-2.097460897872459,-0.37542630427015666,-0.46509713267513497,2.5906885813603857,2.402182002612289,4.355199816086607,-1.379270009591771,-0.18176861750000484,-2.70941742803514,-2.4869257635715236
431,-3.4099111404374174,2.357282645465485,3.894442035938507,-2.8052060672943,0.4703570893626785,-0.5069645630350763,5.455028407915293,-4.731906441968764,1.0846954717269588,-1.2775792055636987,-0.8612049798578827,0.3309667477480076,2.0512072942343273,-0.1616143467678235,-2.937086632845439,-1.3744171562093985,3.4587814407203332,-1.0368705991325413,3.5269753495782403,-2.420446615780083,1.9506885685616524,1.2472112532583122,-2.821502544853475,-1.4829260107650946,-3.081318906336108,4.945224627841629,0.7314540401243548,-0.6576187110154263,-1.1448394516917144,-0.7929015989222776
432,0.1647816169363896,0.7232355357717388,-4.864853099668334,3.2227427441568857,-0.546662460048202,1.3007556628513992,-3.2079104495236024,-1.0939907081835436,1.2161505085310829,-1.45230662419306,0.7611721002101257,3.776885173158945,-2.3766152351584484,-1.745759812945801,-0.4352675615471284,-0.8512228178368417,2.4464737932164766,2.9623916342711674,5.884241052407422,2.0522263993433008,-2.0725684374340325,1.2177654535764013,-1.4480955083266434,-5.6335689595668725,-4.680594217533297,2.6834525135106126,-0.5945795833856451,0.2732663400183126,0.9859560965119218,1.332498850878551
433,0.6662457997505395,-4.6098052845811,0.30423271029714627,1.7303642262769259,0.06906139720969806,1.839901151046659,-0.8937861981450936,-5.436719570005831,0.8265472029868679,3.4575617403246746,1.1721859118099252,0.8742109130293869,-0.913980020835119,3.100619530097898,-0.42475325371617956,-2.94162789053747,1.1343127919627172,0.045428843027584875,-5.0214317171319856,1.6297641454823317,-0.375649572068518,-0.5831404102481592,-0.7391587650849836,5.089616319050869,2.199719574667224,-2.77268212858797,4.378751021463927,-1.0089957160591072,-3.6777026641709565,0.8809099126873647
434,-0.4360618073338465,0.21668081755047197,1.5566427588020133,-1.9805836282221598,-0.9700743608129676,1.6133962200163658,-3.149166549983846,5.012781627711746,0.5845087847269648,-0.027670497855350362,-0.02321110366680923,-2.3972422609327815,-3.119867242552676,2.0742673941516294,1.1708712185416204,-1.887015953774231,3.0614282428209023,-1.2996836591878598,-5.2458717231876335,1.8996128220462687,1.4817105923995761,0.2524434988178763,-2.046682879077009,3.6587876890004942,-1.4263877097458852,-0.37638112713061034,1.9870750652010365,0.40494564156775503,-1.5639502040164306,0.9746983341246036
435,1.2075671313200615,-1.9704201462600324,-2.970373664218414,5.927130692603537,0.14785868953460612,-2.3417627029799144,1.8017852759606967,2.6482889821865783,-0.5012415411268343,-1.7659894899706856,-0.4701558391240388,-1.7126873879257687,0.017019638735334297,-4.141960156149706,3.237286607253189,-3.4547568621015987,1.4841717038347468,2.8582390684274657,-1.2190743460016726,2.5700265474928337,-0.56695634611469,-0.7163848000886439,-1.9361161523943462,1.868505097106059,1.541483503161185,-3.5279351516731694,2.6380671897580967,-0.2164671997240344,1.1094703387882952,-1.5446186803098794
436,-1.2624168538408824,-5.001347866150493,2.228273495971873,2.653553910785213,-0.8785643146964124,2.260501627930566,-3.805220939436854,2.928785118663903,-0.3547761390116131,3.383722324694972,-0.8726390449294161,-1.2798713199810479,-2.4683332912420752,-1.2971668942168346,1.5477154152351495,1.6254750477328876,-0.3013759231704398,0.8936856456607387,5.365760468784259,-2.4680156527481554,-3.594432421105239,1.1099679236175932,-0.5352592612070666,0.12197894265813147,-4.162995576945793,1.8775714778069705,1.5931765704063032,0.8759485887237917,3.535439905113364,-3.7191409651041756
437,-2.1413074847526286,-1.18740259807619,3.8150342388902097,-0.18320467335381707,0.4956095288890605,-0.7987290115967998,-5.828094318876424,2.5263465673956524,0.719135309598645,-0.805870562358761,0.8138387880332987,2.574644216207542,-0.31514372688576486,-1.2834419769648395,-1.2443121931842143,1.5164512798824674,3.2236789993066814,-1.8972323821549217,1.899021578364799,0.1857646782249116,0.3248736704658519,-1.1469028628033109,-2.6924076747356036,1.4296506104828595,-4.509670851275555,2.115807893413617,1.4741876073489273,0.4780439137872241,1.7502244606697417,-1.3085930239435246
438,-0.5951000769943633,-4.219178018274434,4.611132626606555,-0.7142528011745348,-0.4450012718769829,1.362399541713529,-5.761143146005125,4.960733636489522,0.6887104517457452,0.5913954211791737,-0.4783106525690588,-0.0013857108402959284,-3.88323887592958,-1.46649210186132,3.8562499700942716,-0.6177846890393006,3.616942671138684,-1.5056769744033236,2.4758521889726097,-2.457225422884653,-1.3487237686280018,0.87417790630718,1.0267224533108976,-0.5708033570784679,2.8051441039538787,1.962891235074565,-0.7375401680873637,-0.9926642242679193,-2.9039493363848905,-0.13388161028780665
439,-1.5108491120594163,-3.8039946108393536,1.021312343433987,2.9400902768873216,-0.8553952286198412,2.2088363311970642,-3.0903993158471685,1.5484545993547947,-0.0039313158867395614,3.25261056271739,-1.0457128582292499,-0.6610216721090652,-1.1868410128042655,3.5119101941603326,-3.7604533066315877,-2.19611626624096,2.5888568885384906,1.042643502977409,6.236166005494098,-2.603985697297631,-1.3303067065963958,0.13489210184134937,2.4200220363629423,-4.856787739804812,-1.0979172319982737,1.4586446802107638,-4.562241480834587,0.5291151898806152,2.483866354220691,1.1885324885212043
440,3.37218282572163,-5.352496047817951,1.6088070047807541,1.752876930403012,0.04740214037521895,-1.4287728534629114,-0.9878387023885082,0.6396454835797591,-0.45403201713458685,0.7717006931064034,-0.655674676932751,0.686199219769648,-0.6620860821030092,-0.897882182549548,0.4101832304388928,0.33095807799876553,-2.5029364982704507,3.3217634544847847,-1.6119013076806148,-2.5389623820749687,-0.007097198056097653,-1.2139176960737692,-0.07150379021035036,5.443382374095371,1.0102703451336126,4.271014171700493,-6.127112415521843,-0.41186542111653157,3.630124848840598,-2.3724315290359
441,-3.3932782161837096,0.05365784850311428,4.214602031188871,2.0804114342390854,-0.7748179235318062,-2.1805751742158135,4.5305879612902515,-2.4377946776146473,-1.1113283793110518,-1.5093311696849554,0.6278668289449527,-0.10000056362457954,-3.8310240250499703,0.8113574058370965,-1.9679145002194325,0.06423076104370651,3.513091035273362,1.4102593231147402,4.026264056415048,1.872594717317284,2.1488846443471807,-1.0436262509457874,-2.6717382385119492,-4.332378928622187,4.661073736003246,-4.972984027644738,-1.3796178180119654,-0.25592228142462226,0.3727049448402333,1.5747454462382393
442,1.6585114760711832,-0.8277050047461714,-2.0029907649289385,2.995401319465067,0.38159841710360975,-2.2048154429650406,0.7824033907070849,3.3916032649925043,1.1209395841433345,-0.6192071352227124,-1.0969528502745263,-3.578786254345733,-4.1335167926565575,3.2606959963031095,3.0921102309246926,-3.314549104148133,2.0646960546175706,-0.9694363850411385,4.224558217033678,0.193146758437587,1.1737002045382425,-1.0503926765203007,0.08844206451925452,-4.629454568008853,0.4049821802392728,2.655259396302352,-4.221381635832518,1.0552389552537322,2.054043695468213,-1.9481425914306598
443,-2.960022805374585,-2.470970569099105,6.1031650623500155,-1.5058766205920122,-0.03494542988382476,0.8686503625992366,-1.2233687120730323,3.959716686627061,0.22240729130415904,1.2641021695028805,0.712218818479716,-4.9350762538408155,3.398370511517232,1.7228224792826516,-3.107340140477655,1.9549852391021538,-3.758658559572929,-0.21017952985190824,3.3453881713320257,-1.7849093418310176,0.8316419934035473,-0.05975991187522656,-0.24895762650840325,-2.0834032845212818,-1.0926077315266696,-2.260378497353166,-2.6370561772037817,0.7189792389301841,1.9859026252290164,3.285160541924821
444,-1.4618529860309977,0.4121684994396624,3.3564180539939628,-2.349543759783188,0.5873709480159772,-0.5445607556356791,-1.8262972928624528,1.2784483523757757,0.7007888099446458,1.8345404505921437,0.9498767651041629,-2.9373570851543107,1.876051483049526,0.2007623084524326,-1.6334603987827823,2.7051478028885505,-2.4839109818232625,-0.6645902137849653,3.6624975581757937,-1.279223148479879,2.2127313161413618,-1.1334988185188903,2.969399931092056,-6.431906838410789,0.3162557081152073,-1.910996315497524,1.5823117939030595,0.8734901160501787,-1.0352170258858333,0.17415572331530527
445,-1.0083103936400803,2.2364143791288065,-4.987338445298825,4.85744406642592,-0.061436148343075425,-1.0367734582730002,-2.7412424647609868,0.9562067467653428,0.8808138966127501,-2.699322497390627,0.1075959187511204,3.4959484000223675,-2.9288587309106404,-1.6634261822141418,2.518102589536177,1.7549131240781577,-2.5516065004737296,2.8708756999836957,4.202896162623659,-2.6605687967644602,3.49857288823938,-0.6237939812614339,-1.2232692612981992,-3.193837011539305,-0.11869292814393262,-0.5773035457065134,5.436417166120993,-0.8027657518340199,-1.904157934967289,-2.0334970054688544
446,2.569162245405124,4.9939269252040255,-4.063406113262861,-4.002709870297533,-0.9642722001933044,1.4672990131443413,-4.343671477599045,-1.6840774236435223,-0.17211467476673192,2.6855985784956395,-0.012242245266152807,3.526507242779772,0.18944172961828443,0.23273063199039257,-1.7131360746927378,-2.2449934532903715,1.9736326296743911,1.5623245366996166,0.4897532053704765,-0.21796274224369938,3.664609640864498,-0.674080792124621,-1.2403767453786756,-2.021942566488317,-4.085597751337998,0.55774481535299,2.0418188937075854,0.5002561606427456,2.1484617440310316,-1.1626838623959657
447,3.2467470462494106,-4.904961205976228,-5.901600402022982,5.814748308961455,0.3587602322783945,1.3863060205097266,-0.36168104960368197,5.828073073182342,0.07645819339098026,-1.0339026430465292,-0.16844114466781068,-4.340506429255296,-0.19874186841715868,1.5296938895003507,1.1669436462965024,-1.3741688740243738,-3.4410814371810208,2.3173546438252863,2.8441118907013205,-2.4122950872291344,1.6495741585476473,0.8750222292253413,-3.2116171878686544,0.25520399662312343,-0.4386805281874153,0.35419148498098707,-1.2332130312835226,0.02814337756031815,-1.0913618018035578,2.3809204987336265
448,3.2227526960376878,-5.662491512077256,4.322384954174506,-0.3921885959739022,0.7154050820414213,-2.205862624202683,5.968736885916609,-3.268039655277132,0.532055814400687,-1.8891643671406193,0.5932750276027727,-1.9368637055023186,-0.8805945599636509,-3.1136619511053976,2.766586571342028,0.5624454246902921,4.0101815944521135,-3.344957079415778,0.7852864153039398,3.261640783690318,-2.790563369450295,-0.5853185279568445,1.9258602722746634,-2.5969055738621414,2.366884444683432,2.6721746863702265,-4.907721161052677,-0.6454268651417436,3.649115788059536,-3.135026892918365
449,3.1766748893027597,1.1724472211643686,1.3176827763862526,-3.6459925635153247,-0.024514414408029372,-1.9962979089302504,-0.9739640958188751,1.7474768599842676,1.1252271094239559,2.175560465860535,1.0661130114249113,-5.140413350874795,1.5407503469334038,2.946786481107992,-2.947943609236974,0.8794404529741122,-2.8138015633818902,0.3947678916029478,0.8157874510793057,0.5945008023162508,2.25160556780283,0.7527548716176637,0.0649561729717405,-4.479604865788168,-2.7822941012235773,-1.3922713596547318,5.707404533499151,-1.1307002137238942,2.9473158040665517,-3.3494546629631277
450,1.5118272761280132,1.898024741663626,-0.8529977247575928,-1.1489988877689292,0.4084774995823466,-1.8163329048476946,2.3975362720114006,-1.566553050455994,1.064727235046866,0.336054017064491,-0.7872588760966179,-1.4445055975701706,2.5347463869334526,2.5157405416754592,-3.978232072482113,-1.8097284279418844,0.8694943463572642,-0.1320207745425801,-1.1900608759100209,0.014042103776727544,1.5957437899952538,0.10391176349714737,-0.7514250937427658,0.22778831238327513,0.2895243632673612,1.5025220403530284,-1.4608646933052896,-0.8088550500396536,-0.10397241475731178,0.5816457544822562
451,-1.5493800728786535,4.653022600581295,-0.17674918075317692,-3.1826191899348437,-0.5167255150084529,0.772451357993603,2.165624845270454,-0.32491992701670824,0.9896157234260077,2.983604377827927,-1.079849936683225,-4.734075082824496,-3.6849884435455884,-0.21916435069611495,-1.7344503530904003,-0.7659584628267027,3.413498818117933,2.9910627920404274,-0.6015447191243801,-0.7110014262533451,2.390886540706088,-0.3504997940829675,3.2174799874692432,-3.945320588715017,-2.683854668493609,-3.3291744564723906,3.124122092816421,1.1345132813115368,2.8766175081413436,-1.122223757302912
452,3.0695106915839503,-2.47223479923597,-0.5181041698649729,1.127635814033006,-0.2049523083580238,-1.001855228158215,-6.12449005678409,3.0939485488465053,-0.5553919452281466,-2.8987769241950545,0.9523747175741102,5.532335659786636,0.3415201540720254,2.6412770613581458,-3.1075600021920184,2.259328028845534,-1.3270417217118258,-0.8075235203723139,-3.303499557223166,-1.7510368271867431,3.768751238071083,-0.4143176181487842,1.5141709544562207,0.1859318100309899,2.5491941017777187,-0.4094076635732762,-1.4922502796475001,0.050195750949137974,2.6595449872974193,-3.3572768968030697
453,1.9396365320861193,-1.0400399392213444,5.266247832644112,-4.193453000444876,0.28972216762239267,-2.2621135926866174,-5.315741635099709,5.649974850225583,-0.8189478484410957,-2.49782103590271,-0.4532462070737999,3.4357818762917027,1.4004445862528314,-3.5402309098096953,4.205297371001521,1.9543556334070118,-2.5728367868126867,-1.4470298940394475,-0.9504700837773541,3.3714388942096463,1.4138064582831262,-0.5243171351123825,-2.960010518740024,-0.3504476148634481,4.736165092832419,0.8548175228862469,-2.246524985015107,-1.2180946310572853,-1.2889407804248272,-0.8374222192210397
454,3.073571573860857,2.936782948921646,-3.6612823431906634,-3.3019085378254474,-0.3412823471930573,1.2941187054264471,-2.710763206146801,1.530765449520068,-0.4988146587724591,-0.808931893062077,0.7235494122938064,1.7641948961674032,-3.3214115300615,3.6915345888579054,-0.4308833901697291,3.2201538820727755,-0.008790472745527467,-3.1506030779544165,4.002830288203448,1.6664834368695036,-3.815056622780183,0.5279565716765902,-0.18804606172122718,-2.1941676122485525,-1.4182407515567306,3.6163487497440805,0.44495994713219034,-0.6487328659495741,-0.7365612637826917,-1.2577738155868836
455,0.8293930281400694,0.4515199531609788,3.81886619378896,-3.201559208360262,0.29258611848524163,-2.1908060852151783,1.905887958151105,4.6743643868558244,0.055916369721395576,-3.5290483772189596,-1.0157302722096828,-2.091390065299745,1.2398020531838974,3.9568218012453116,-3.9325403026866237,0.19286343085255453,-3.8576296531687184,2.400682670573083,3.9102301559345456,-2.571873979581431,-2.022322923467801,0.01135930854752143,-2.7439019620850775,3.4165094006518544,-1.3087670845577861,-4.6590944343145235,5.836033449885079,-0.9612730536206531,-0.9509680518048729,2.044069174413167
456,1.3941777558660817,-4.793589828729477,2.0520442485875385,-1.2153116751123605,0.14109103912548715,2.4215884602625284,1.642291047558448,-0.5764605998419761,-0.8032007625750257,-3.742449139576486,0.7328211815367345,2.7469982728982316,3.4408897090045087,-2.498911013606831,-3.8387682047168834,2.9780609705801204,-0.8029727264669972,0.7217012652055921,6.09515730981018,-2.857014247986301,-2.4748398085517316,0.45541433296436384,0.36997595624431057,-1.5886935424811632,1.9898135266624237,3.756457891891685,-1.2126398746934477,-0.8085818226370982,-2.489699250523463,-1.2353504706996752
457,-1.4149796297443853,3.613519350677368,-3.638835107548008,2.539465185437564,0.21583736073907822,-1.3150071595618122,-3.7926854293299144,-2.1132751676521266,-1.2091426875338884,2.1029322174016833,1.0403870465533505,3.971784020560797,0.8560398216988254,-2.9891311356106183,-3.413145446412015,3.061220200631471,3.5577023386002082,-1.072685778908344,4.120630811476804,-0.09872775197201378,-0.7374821650749457,-0.42962974672843757,0.27637374928284153,-3.1311648969845933,-3.293969513557414,3.7778713100771064,-3.3797544841352227,1.0052893523204238,-0.2686075247423041,2.159170860037868
458,-2.6903623756347486,1.7893442312874015,2.417429185084142,-3.1856004653457006,-0.4723133412638758,2.141502765872625,2.5768265436814026,-4.240175117649837,-1.0465739949184059,-1.878033957668901,-0.9807667317245192,5.568723258280123,-0.10593370951433556,-0.5401078414181377,-3.7481149819918755,2.598206004299186,4.001508619547241,-2.2055580909225565,1.9194890930470017,0.5259747319940153,-2.8467832316366533,0.5384542021961254,-3.000456794888736,2.8633219992879013,3.0226191868534897,-0.33572197309422336,-6.195354144962071,0.9155298925327298,-0.5636582896573703,3.1565853283279317
459,1.8570393835990657,-0.03442993898078939,0.8987775735961208,-4.190581418483802,0.7203024120675705,0.7488919882016738,5.210477892633236,-4.776990372504635,-0.7658043137565906,2.033112555533293,0.8253355356896037,-2.526131297595061,0.6808985100508664,2.1101569333189687,-3.972385029852159,2.236405114718945,1.6881630001137715,-2.7432385283508935,-1.4052399939128826,-2.319393491679122,-0.08058710611038578,-0.9402051807840817,-0.8076952314902517,5.553121003976351,-2.896325368144879,2.555882344215977,-1.0435220378545758,-0.027809550744613887,1.808864275011885,-0.3970896624832818
460,0.27027682568374445,-0.6040838402177897,-5.901799774866639,5.819601610249816,-0.7344621297339713,1.150467308884652,3.5128062086051237,-6.198363096982899,1.0110460305285205,-0.562050528248939,0.8718557300169705,1.3647056560810853,1.2617531718770785,-2.52445578536798,-2.2360532516648366,3.376195417614504,-1.0501382782604942,1.1726987258012755,2.160425351616972,-1.8349575849968947,1.5273092774601444,0.6673807423611988,0.1725009946842242,-2.692658781126031,-1.0909497748698982,1.4719563335589037,3.6930321258753835,-0.9633677096338715,-2.131101147496654,-0.9795698274333144
461,-0.7090583436218125,-1.1156443712513884,3.964996057336254,-2.1185024195167195,-0.6740112219468029,0.6522202990002732,-0.45245045263332173,-3.2280145286173685,-1.009178462230194,2.0977281008870072,0.4923347380873988,2.0995806045063254,-3.829534316772911,-1.0604528910417432,3.432074327134604,3.290810458450487,-1.942321195051246,0.109423617280342,-6.228034969373965,2.133128507280574,-2.8681872056942463,-0.6634214438354187,1.0162758957811011,6.610239215841538,4.484620354434188,-4.807266784253761,-5.0070802225338085,0.6316465101602375,1.3157870412872654,3.3822931009064128
462,-3.101099547850584,-3.7872319176037053,-1.889101197666104,6.220704068362625,0.9487990297465543,1.6079295650110286,2.626772704173092,0.0771709024104581,-0.2610829918864628,1.60835264022246,-0.6362579035410132,-3.4149553513786586,-1.309511713428062,1.184458789644065,-4.0686100064427535,4.037955238640549,-2.56072226672781,2.7164299583135474,2.271125825543418,2.624850733409776,-2.835632791170001,-0.04058782108330572,-2.2615478438581658,0.2417918971578743,3.7660470263872057,2.4875625560918913,-5.299499679533444,-1.1141845724891661,2.901156348673016,-2.7410816791289534
463,2.940430410485689,0.6245873317463086,0.9919278327912942,-5.379770148904274,0.2075308580726274,0.6152937158081784,2.3184001168222395,-0.3917628764234067,0.848121669457738,2.724760698227165,-0.05707169855258609,-5.4424479095312925,4.205870136038744,-1.3639303457463061,2.1853832193019116,-1.6064137364817324,-1.81193877626478,-1.608970496848297,-5.276750128327588,2.1961763451620193,2.3488692158612636,0.030723848975275914,0.1341623662125464,0.5668183521160799,-4.905196778713563,-0.22485551991877983,3.006807222268243,-0.7249347199191138,0.7660761082288392,2.082103688054932
464,-2.47265191251047,5.681421403986317,0.6594249361451539,-3.379486796020956,-0.9061800536570501,0.417472422056834,-5.3133762950778625,-1.0438179672475343,0.98037212718011,0.9955697777043895,-0.259476783206285,4.640729140647075,3.12586903357003,0.33303647737669806,-3.5110711470385443,1.5250576050892022,-4.241265381789445,2.7683734127915898,-0.10306613378250873,-0.25791262258321446,-0.12835803318018968,-0.22812669634310279,1.7769183817793,-1.0594548958907026,-3.0833613503308293,-4.988938113806348,2.09944209989143,0.31302640098562584,2.404227928860884,3.255603034399801
465,-0.21554009670365915,3.8250236422919635,0.9407001612433028,-3.7341904526142677,-0.3861221477636332,-0.429871106453831,-1.7981612071774293,-3.0808403544612233,0.9056215276776349,2.6083974115023736,-0.2095625280064919,1.574545150465049,-0.35506020480995915,2.331280421282454,-3.541124968548555,-1.172085167369822,3.1558795415793597,-0.41888962213396397,5.465708592409399,-2.58737258508331,0.32776943434168615,0.13297202726652113,1.3675769534658908,-4.706654422400625,-1.2372328048951573,-1.5843728221912734,4.899758714149208,1.139202988222559,-3.674695300081316,0.45733922479650246
466,2.991207306242906,-0.41496235767600353,-0.6484393014990388,-1.1242782785442031,0.5628018436185864,-1.366329212142377,5.180294187133988,-0.9069449759109922,0.6045120432024857,0.9285030435430492,-1.1783592870925506,-4.628005010876027,1.3448672941775577,1.750711175171304,-2.6924359207154698,4.180533207710617,-2.0443799687660746,-2.5392957875784425,3.007525604179797,0.5428317140897985,-2.3557446234046253,-0.011911848968868988,-2.8462522701077457,1.663551424211228,-3.1442265336153916,-1.7998519433094522,4.596645307257045,-0.2630431723170279,2.477130550416426,-1.8666542084310684
467,-3.598035169209375,1.3917738033586708,-1.4588064352752035,6.166053815880261,-0.16925347682506775,-2.331732537929434,1.6614359988422756,-4.946579073613272,-1.2327220759033626,-0.989240089672542,0.49631766404862443,5.010787576298235,3.9701051183545246,-2.074205358836597,-3.978463705444012,1.6795818039023942,-2.2956864839221716,2.6986686259453236,0.6895287668150196,0.8278212064664086,-1.1074365975622165,0.1598914706244985,-2.4234072908812276,1.853602444537099,-4.834818298277108,-2.402151789861012,4.640953789160399,-1.1399699523093925,3.5920711060660686,0.1439151452215821
468,2.787964986965431,1.8030963167399143,-1.6580811592250981,-5.112504820326929,0.44699100028452543,1.7325336755620562,-0.7986883851165061,-4.892528565164032,-1.000441034094096,2.1917361372326774,0.8175509155726122,3.6823709315692845,1.9085991239167726,-1.6581190046290164,2.5441321984254976,-4.183724681310061,3.2071057436772037,-1.8179933800809955,1.7967301632539012,-1.6673452206490058,3.2041183876561377,0.8354603622739862,1.1370021694330834,-5.305965861968531,1.3495184591369487,-2.2316471327148264,5.842241713666812,-0.38216218298139015,-1.452850693849502,-3.125100163257475
469,2.738035769169567,2.714908148566483,-2.840623322750698,-5.306385363737526,0.8243264265545118,1.8697383421975289,1.4414241133890684,-1.668168724219612,0.1601829243253512,0.35620612595576695,-0.6997076694081574,0.41006322995753663,0.8661599837031062,1.410182497332297,0.2738314417546235,-3.005427400135117,2.3578649789478234,-1.9026115016033014,1.7369869575673,-0.543051505036745,-0.3934166801451937,-0.48396820604111923,-1.5083305538081433,1.1917799874634802,-3.9829624338050778,1.3199902053883612,-0.00961787513357848,0.20673263424734323,-0.5623596790135625,3.0282171483170934
470,0.06414888613676517,-4.228559423695732,-1.1709648687710192,3.824412173520784,0.947185401473595,0.563777831335484,5.700202430683216,-1.8901705406612557,-1.16326496396134,-1.7218938287738954,0.4857356489959166,-1.4106087462826657,-3.7080713741409337,3.562448435198501,-2.1911670632001954,0.9977784311946643,1.6761926406479404,-0.33718106970059836,5.440971418044764,-1.5678917399898467,-2.766219782476531,1.0107759254144701,0.34046644841885154,-2.4581022694121017,1.8110442193215341,3.4362610810066236,-6.229291910519706,0.7956542016352355,-1.548599639062596,1.7349320476194947
471,-0.15890373018505954,-0.5532659039151611,-3.9335461151913513,3.191253662053036,0.9841319176830496,0.47033016955536766,2.341508025363872,5.797474223739734,-1.2176404809360335,-2.484119063880094,-0.6774777909982284,-3.7597449132892855,-3.57602905989714,0.25961203387726073,-1.2229383799887827,0.7695046590867491,0.20135689293415737,3.5684938539871247,4.974395612631881,-1.502575439738056,-1.676052659307297,-0.9405006116203909,1.0005269799777459,-1.855793881944301,-2.390487648740976,2.6932180861204884,-4.884266278146846,0.21979555407025142,3.461344079852669,0.9003962068449951
472,1.0602160465226724,0.07373785352134377,-0.14683875687612158,-2.7252947532787317,-0.09965139717835791,1.8378310072890987,4.412417870125246,-5.9930274985200676,0.46135403476716963,-1.692088315309901,0.3526657605261807,2.4586781484113196,-2.645798529383727,4.223771981139986,3.117867790575904,2.8690225318732026,-4.002211424419247,-3.5626523497867577,-0.35514509259487426,2.1657923818357787,-3.6610072961366047,0.2465029137851129,0.46408648210679715,1.139770611003378,2.105493257526433,3.1432849502667146,-6.096994812873213,0.47921688156204834,1.8827702621497586,-1.5137705386311318
473,-2.8939224842239817,5.410538163658639,-1.7609514360178657,-1.8153680118770446,-0.14648134294648552,1.2061851114066275,-0.18541271263527648,-1.0933525582783012,0.5598869139658973,1.999923611775948,0.7712582199366143,-2.0523034747649476,0.6287438733331108,2.9615140607953485,-3.1709882936013507,2.9532623401281697,-0.5023680816605705,-2.8701638989953597,-4.829052455697969,0.12796863800321745,2.7728826654798624,-0.33377515491460397,-2.117057714131441,4.379034021260523,4.734888435498295,-4.954325122875625,-0.6730730871745116,-0.045140171244373306,2.354714180374632,-1.4170642345777935
474,-1.5809534657640274,1.438103768309059,-2.139839152426525,0.7960387926468186,0.7533962296212149,0.7332538276133445,2.0951388803884647,-3.3218426899678235,0.257738441108498,-0.8711500411305764,0.8195987107277771,1.0205166988735996,2.6826149582683776,-4.000675947589151,-0.28319662443570337,1.884414410321412,-3.6783237448003163,3.3951669482347135,0.5414250217999843,-2.110066382896754,-3.5133010114359617,0.9001559012006535,2.0342790371353825,2.1475074341962817,-2.974120425610245,0.9768700258518983,-3.214781587017363,-0.19398083721444515,3.3981811245031466,2.007831699487646
475,3.347789152674846,-1.9360944555076571,-4.4642321764142,1.7679751456634065,0.031026333327227817,1.2535360002562435,-0.5021815289762408,5.590341655068993,-0.7435878875020254,-3.2003256332041516,-0.09398814536054978,-1.0502584600260683,-0.1967103420017935,-2.538223739789295,0.7831236364603527,3.579765876176907,-3.4857952444221265,1.8578398135752998,2.2029243717234763,-3.0503433543639122,-3.6015214828147553,0.7238163626676783,0.017881312842972008,3.7072427899441323,-4.4338329683077315,1.147216892423156,4.102186794902771,-0.25964428921874294,2.181196798320311,-2.7371232281191062
476,-0.7435733949968508,4.561217808597824,2.426282388847657,-6.069912124990019,-0.8779649760910333,0.7039502986322557,-2.80742003421015,2.3484121227920376,-0.2198927961515036,1.5900082669259419,0.2540354520784067,-1.1651430114347896,0.08112165108778058,-4.072388402154065,1.689840121014452,1.5111838657403887,-1.2005145748022663,1.9907573391130846,1.0830897093017953,1.4199346250844833,3.5119477567848243,0.6562828384481616,-0.3832459502532526,-6.288008979366431,1.285989270471454,4.9251711149006,-2.748644634503023,1.0458497497359192,-2.0840762650620643,-2.4242892355422168
477,-2.117002822794129,1.3879493050035556,2.0399228196846124,1.3257104423300206,-0.37743684913596653,-2.2591428950882673,3.2591206595874382,1.961914398327238,0.20796301289507024,-2.531851666798577,-1.128967016258712,-1.7681793877525358,3.3314746174407652,-1.2681062137524286,-4.232532750282724,-3.4489341347007993,2.5860340388786582,3.0320644424159156,1.7248119851289765,1.2050830542918405,2.0961218148485337,0.8179594279957687,0.4937834062834039,-6.337759688548964,2.6076006644964735,-3.918156950014783,2.6622214977563523,-0.28618673674149697,1.680511969291274,-2.745990444787145
478,1.2730313996053368,-0.4335081362924349,-2.9167400955135108,3.449262202234646,0.2558936617704264,-1.6279390318046438,-4.979759371677407,2.7234092869952455,0.0969569752342494,-1.8666097138849036,0.6247005041846903,3.4013023191480514,-3.750250267867166,1.2696851480303977,-1.399563194614501,3.7457399905515345,0.8679190394499727,-0.7335307155508648,-2.0405260115814237,2.597498509695594,3.805256301373525,-0.13026680343325125,-1.7913021502992095,-2.440659845755693,0.7101184999897718,3.108572792093632,-4.357543721616491,-1.1042243746191862,0.4186389137528703,1.22443789040004
479,-2.7649274344420487,-0.14195139989707783,-0.11095183743165649,1.8632917178156063,0.9524340460732885,0.20210490788170787,3.1169173131770442,-2.5054302863875186,-0.09188754796380394,-2.851135087567073,0.8118411196191238,1.5196944891221662,2.256862023852662,-3.2039205630080954,3.328593498225036,-2.160734264221926,-1.1620840872771314,0.9412833924288364,5.904331536312643,2.544877708282552,-3.6578071002904817,-1.2023265823840301,-1.6677959488317686,-1.9212796130893715,-2.7739389328632846,1.2668517309529932,5.262996972252445,1.0186034165695759,-2.063794357090437,-2.710718829820653
480,-0.4382194879169816,1.732954040545149,0.6109195256217639,-2.57067138816765,0.9933825892598418,-0.3283652793423162,2.6652710767534735,-4.842576457575387,0.3017035361982874,-1.3656674816285612,0.41522274206354304,2.8260465841885782,-1.445738741663634,0.2804309208210398,-0.6839901619049868,-3.120450782518196,1.3821141991292265,3.58763456613595,0.996080441658151,0.28824351576269613,2.865382648415146,0.05103816831178776,-0.5748213245051765,-3.6259234496430572,4.574245787452803,-4.298735018490083,-1.1577255847529209,-0.263862828555939,1.9613337827000485,-0.8152561383532575
481,1.5124114195786689,-3.3776502539818374,1.639732312685691,-1.3838543842774058,0.2098652110792698,1.3994956949154247,-2.1557906010083236,2.7400170407781275,0.4357829414377532,-0.9784952825009103,0.3639304827421519,-0.40544458144886875,-1.0493338972754742,1.3805755491668563,-3.7509819080582076,-0.14657928334965575,4.156047723254083,-0.589728183738238,-3.4414049746847724,-2.6704653519890797,3.7689771116145465,0.4028299349464737,-3.1993449392913096,5.1394082194037125,-2.1427432245246862,-2.166405002062014,0.7256747123942766,-1.0254540910252614,1.1283454223618143,3.4805821828565087
482,-0.03763296806582517,-0.33868323205406625,6.0012890306135915,-4.348370513539784,0.6537610919373158,-1.9303634088914219,-4.063120367382453,-1.0830004707096244,0.6024792458293966,2.5940765337909397,-0.9057882410902742,2.8553532995619513,-1.3575435117578962,-1.8344602054155477,1.3406762697423424,-2.2496588879681543,2.828385368388698,1.2726009670099074,-1.6619227518571904,-0.8061271624001378,-3.300804142726804,-0.9022942153023337,0.7539599548468523,5.917188317439198,-0.8967800686899245,0.4051028960460812,-0.7971113626317603,-0.11115846125610229,0.26858379751102035,1.131363199021333
483,2.789740363896957,-0.6262102522291713,-1.7309036443775483,-2.78925274743748,0.4161874062968365,1.9404388738502423,-0.243840121861588,5.5711756829858,-0.6973728920493754,-1.663432978143934,-1.0042853198304047,-1.9622443711005424,2.1990145745828116,-1.7351587344681985,-1.948854828978602,0.409219728626379,3.318476536201249,-2.242697275964316,0.14604319510591424,2.309231578417176,-1.6941585636694079,-0.5861679672511997,2.2810719093494125,-2.4560201519522913,1.0044423774107187,-0.3128361576029768,-2.4503286429163786,-0.6653669760217609,-0.2167482052230909,2.6408376043541466
484,-1.0108670715216537,-1.1343365161280587,1.5118896208655848,0.413891801984704,0.05931120400406975,0.16011096079521536,0.115097011851784,-4.547046394622473,-0.8731274522611523,2.2854011371926077,0.45078929753212904,2.568886400307033,1.043135810376448,0.7514956782353828,-3.255730780327033,-0.0777883155166208,3.0683030649799043,-1.5294154577487866,-3.545422294150736,-0.6232144280174339,-0.47210320363154423,0.4402423566477358,-0.7570606638414112,4.957558232992998,-1.479076920646687,-4.159979116196693,2.6180960964786166,0.1376923650671591,3.145049393747854,-0.2617818184495704
485,1.731544156223741,2.4959360641868678,-3.047209324141839,-0.20549156959705428,0.0517118483664909,-1.0264911750383625,-4.576993138700125,5.452793186993983,-0.21642288228604034,-3.473692526647465,-0.7504901309224525,3.5648054915620335,-1.5867342361004813,-1.2563797362055542,-0.00511195339677073,2.33338632702527,2.3183300496369483,-1.8034904509601262,0.10537224722127192,2.241770282355464,3.526884644960372,-0.9616609320484715,0.4267830407496689,-5.339149283238676,-2.0560212647763194,2.0972382875024955,-1.379844723601522,0.552349412128657,-1.966463744521251,2.752742033268593
486,-2.717747090565739,2.7248160846454432,3.7261232333679217,-2.4223232000246036,-0.5059902808935077,-0.8048787465296652,-2.1952165112006554,2.8819908195540442,-0.1471745006685996,0.21152990497546575,0.5669420736865796,-1.318071786346902,-3.9566801172246997,-1.204707002827572,3.246293005994179,1.1246057713220807,0.9301893438064113,-0.1397010010711046,0.735319294874472,0.016186229417616715,-1.3447359270887347,-0.21938630642292,3.0773840493197184,-2.2647673401005584,-0.5007323295133048,-1.959620855167259,0.9955499169643005,1.243325230485219,-2.027821279735811,2.249299316967516
487,1.2237828127335355,-4.5463619806188476,1.5945752999955545,1.6773339669629408,-0.5561887198696738,0.6068586207963236,-3.52151317209168,3.73743451406229,0.42125941322916294,-1.898230227120738,-0.4297857397143865,1.6908352116352852,0.7679902259293954,-2.2759991963299253,2.031613168790269,3.6890261498772503,-1.5062225385241401,-2.7064078097435598,-1.7292624114244823,-3.3736438269790696,3.248898966020249,-0.7322890275217979,1.4433820770804164,1.1429142228243023,-3.2696039957488523,-1.0796631929414318,-0.1783141783691704,-0.5930389523791035,3.330029959897942,1.7905903595412624
488,3.7258703574613854,1.6256117894509714,-1.5517346587899254,-5.529903227437547,-0.1810597215754477,1.9112154608903928,-2.9327281770862257,1.8074967755783007,0.850186649046238,0.2553062055642368,0.3991671117761477,-0.3794285648787792,3.6785068967983037,1.6153519122242024,0.9012938265398276,-2.7386319002725994,-2.963708920231541,-0.4928118150588858,-2.487573130688613,1.4135290251654649,3.425426137881093,-0.0193759983787265,-0.0987322900480816,-2.23327374393153,-3.9944428207706686,-4.300849709109745,2.4886458733242556,0.8768029546896479,2.5982225300857067,2.331621171781457
489,-3.534720353470151,-3.179212119558052,0.7230365986563569,5.714078912483384,-0.43556069897656857,0.7123776608648438,-4.12534538822765,3.2785193465582623,-0.9597553479766328,-1.284262385054058,0.07001736464633446,3.0208264100536795,2.541652564711036,-1.2639191628399704,-0.0904747933899479,-0.9625418947633939,1.2211541991931973,-1.4458709129116336,-0.7552640263959667,-1.2905904731455085,-1.9473627313469066,-1.2266842117634864,-0.11351901408832354,5.333420456739788,-0.9203407014330409,-1.0148235520856161,0.66906798355188,0.6289450491204214,-1.5326190278200436,2.169770248667085
490,-3.4214771991007016,3.841846774451774,3.8190721319031304,-3.3174811511000186,-0.538183136947477,-0.3837774192068668,-2.3379395705728,-1.9966708419962202,-0.22928792183738622,2.509420266261017,0.8239744656525936,1.230503602492739,3.3032098008370596,-2.989312655068378,-0.08689560755140846,-2.021486054068081,0.21337760429610597,1.5811069115539667,0.3540891422467176,-1.524830625455765,-3.0213209352631605,-0.9021076382944493,0.6557927272107413,4.438377329555475,4.389692382218982,-1.6635361754771623,-1.0521347554078275,0.7532417944988028,0.11778491950773251,-2.545048165339841
491,-2.9912978188758554,3.837050790761893,0.5414450469000798,0.6742040498885444,-0.4165374014945151,-1.644864667180336,3.4794423402419135,0.7641075804390098,0.20638610966807036,-0.4895727594313293,-1.139548097275099,-2.820815173642657,-3.395725987294826,-1.8269253908082117,0.9540991329320931,0.4476661497150687,2.6806897459195334,1.1401963495356142,5.217163593232726,-2.1860803910119238,0.5434041071687687,-0.3946782028900726,1.196574114493563,-4.376383220993489,2.716620133414807,1.9957295185586368,-3.672155894436049,-0.21145403742142932,-0.7158098768326369,-0.11292984328258626
492,-0.5788036602796804,-2.244944582917327,0.8865597352992189,3.9990806932570564,-0.21595218222395784,-1.8459400031355067,-5.545856554792088,0.4797248567991055,-1.1869051890976126,2.2786671407126278,-0.8922630396069762,4.866632785984841,-0.8199942673774139,1.1572033820361298,3.7066903705371104,1.3686989165748997,-3.062619609437901,-2.3499787923335838,-6.140342207805194,1.0139696176356114,1.5448461810891345,-0.808551301254222,-0.4051747579366207,4.795252468270846,3.7385298078986295,-3.522329105047014,3.7647505634370297,-0.15180728411363642,-0.6879226672922414,-3.1412213148820243
493,2.644283532383618,-3.3763683889104037,-3.947856873997779,4.829352084579639,0.3575531444289144,-0.5069634984842022,0.39418959127693043,-5.917927944060491,0.7137172126661229,-1.2878972755115292,0.31970093904724184,5.778217476581606,2.4461649421540663,-1.3954813443430698,3.1011990047173086,3.2029323097989426,-3.9874603498845733,-3.3673545624434116,-3.3297922325353966,0.30078713714493865,-0.01562655306207894,-1.2385647940585867,1.7031627392015931,2.5800337033090486,3.6524761090576483,-2.5763318696284365,-0.17328797908105287,1.2425941201150126,0.48346636167341295,-2.6289167421358517
494,-3.2359633342191074,-1.8895514435623255,4.61811277227018,0.6506448933143965,-0.06766048585536755,-0.0755824019479654,1.775028625932869,-1.9735879333750255,0.07220890995220053,-1.2843172216223593,0.23253199745260478,1.178135621659628,-0.9916727501580276,1.3063428878406569,-2.8092473043438098,-3.3267257386414446,2.1747924971924135,3.6465104081094495,5.755468993757997,-3.113165080813131,-2.6205998212970876,1.0646826210031985,-2.198051379299109,1.1116646666476449,3.937363000535015,-2.659163190262131,-2.077900156154211,0.03807015730178964,-0.3758919968091998,1.137522185389475
495,-1.9563149410524314,4.530913536204768,-1.7085440854375769,-1.9584987235200657,-0.002310810651715567,1.094755024456834,0.5594200716997619,-2.7455659289094356,-0.7729855643501926,2.0108895640211593,1.0759927905943014,-0.12775093305567253,-0.6768699294306195,-3.4284453779016353,3.427443384682743,0.8686278767587261,3.17387273941992,-3.3646286935298946,4.326427287903666,-2.938008574949505,3.783922492766454,-0.1674360065622409,0.43808676046181994,-5.442991959620674,2.262440623156632,0.16921823289920113,-5.283623397009599,0.8214140006401935,0.7931554251627837,1.2373951151515215
496,1.0817845577771266,-2.6398872222189205,-5.96647973458046,6.24601400978916,0.46199730890168755,0.8165710803312365,5.768894547850024,-6.041640259771626,0.5251871178997165,-2.5030687461606576,-0.12036636463296624,2.3709937048154153,1.5314162635648145,3.798260765394499,-3.8036466779560207,0.7610787716100766,-1.5768903813352075,-0.7102187412789398,-3.6066798746040973,2.0971782670663686,0.23568284979135967,-1.0414302213737132,-1.7725766551813944,4.087825634301023,-4.21509298031263,3.986705603617935,-3.435828700363299,1.1970991266302633,0.24130835572821674,2.2258085947002257
497,-2.7037676348176163,1.0993232758920648,5.5191105016667485,-4.185031939184363,-0.9751082671880711,1.2454740636310788,-3.141751312488175,-0.42835425049459985,0.7535958517981314,-1.8536575425624804,0.729478214470646,3.940689039276382,-4.174932798769506,3.536607955032512,2.9466872990212316,4.102097651123614,-3.833867175290324,-2.5765929311183005,-4.700675163020236,2.8334350265839525,-3.4108431093368914,-0.5837104788534315,1.5027152515113205,4.359078473114835,-2.061277447692234,-4.509898597665483,4.447874512607999,1.1374781402049479,-0.5449799144086906,1.5308033069541374
498,-1.3893316822395452,-5.61146945978502,3.499310079723525,2.904980238308667,-0.6856666647874294,1.282177488779638,-5.4224483868261615,5.612981585232884,-1.2271227523535981,3.4005841915979858,0.4058249596462291,-2.7698195972974347,-0.6531047539302968,-2.120543805342887,-3.8497370992127316,2.580641559271072,2.150964823427632,1.891779275786451,1.9664980520132112,-0.3240199394971519,-3.3247855031272717,-1.052154207390871,-3.175035938305424,5.909497536307043,2.4284947694506975,-0.09333604131489892,-2.994031400046964,0.547488375189503,-3.3724480817299103,3.483832378452231
499,-0.33688301861091396,3.892798577005923,0.5166007440025702,-2.8969928171322543,-0.34724940734802967,-0.828274077917456,-2.7570173262062205,-0.6471506123573185,0.36083568626486695,3.2758090956355694,0.7636190960250628,-0.9960959393620712,4.097622764546482,-3.2925528523604157,2.6985317753037634,-0.04454782416448211,-4.001335778467869,0.5422819151417873,0.8890724755042037,-0.7584779167967479,1.6296480181601147,0.15563852707642223,2.8165147488442894,-4.732395852788741,1.8051679391114988,1.8451275934592672,-2.3221029273844422,0.6612818302427277,-2.8585734134789114,0.8690989780505394
500,2.3081660682572434,-1.8033423532207422,-2.4253490059698244,2.356430821083947,-0.3425779580461217,-0.09332757210468756,1.3970221843024007,4.052256534685323,0.5791053681677685,-2.805876612012149,1.0290216553850868,-4.251529130528574,1.122501230571725,-2.8460053307017166,-2.5884046673117744,3.2749531027695653,-2.3927216764611394,3.4296773411325994,-2.3952107621499152,-1.7448077244853923,0.15566203357791153,0.3655443405952541,-1.4697510328564825,5.088563145318155,-4.530398905260679,4.840698962664895,-2.3290001779000598,-0.35479897944591876,0.629414329370638,1.7440847705717815
501,-0.566656853301664,3.928173598849984,-6.126263968032937,0.8834535995225714,-0.24067305702323694,2.1219666799850607,5.6004288232330275,1.2689108300623353,-0.2563438735927033,-2.484357412483666,-0.8278190619723631,-3.300819305246801,2.5813364039180726,0.5971495965744538,-3.892148141734328,-1.7504182177237801,1.577088218724171,0.886992140240654,-0.3523431727463553,0.43147522008393224,-3.2738398058273415,0.9199804270461023,2.8173524514382073,-0.5426251199949732,3.5576589939194854,-4.956952762221102,-2.4238692194617606,-1.0579725467908419,2.9233116036985223,1.957823930856346
502,-2.3793611380164332,2.1724741847082534,-5.857738098600745,4.107089674960598,0.25155416739507475,1.705981209553027,0.05525367462027475,1.1779577705897282,0.7347827649162806,0.5709159703224049,0.28069993238375446,-2.8196101128326063,2.8461480249059576,3.494121768494953,-2.6265238666319153,-3.6919684744223407,-2.06307769259546,2.0413002402480735,5.025752876630648,0.03463364511949685,-0.31643138100791823,-1.0654369838407645,1.766716776314805,-5.445234933216703,2.414426764124592,-4.490301235964285,-1.3514435185055156,-0.8007780898714243,1.7633038543175843,2.4647922258997106
503,2.0123122054282625,-1.0094254630400528,-4.438030320172182,3.9215014145793283,0.20499098024761242,-0.691348817043206,-2.438769205777483,1.7392471975715544,0.1681521228232814,-2.7328309006021616,-0.46687166272655034,3.7310724487111955,-2.3325846562040233,-1.3533837726918883,-2.895616532483835,3.2527774278831636,1.3293038247210234,1.9995037087748457,-3.1268670294696506,-1.7984991764640466,-2.5204169251411663,0.8231745587875627,0.7700887141618011,5.852519858125035,-0.6484814302281379,4.3099573155919195,-2.8783134225065368,-0.29812248632796745,0.4588526032644822,-0.9438925797931077
504,-1.8601070407927516,5.184394117426354,-5.54661860890738,4.440648783405781,0.12294897642899505,-2.34126622756128,1.8354872256250978,-2.1213759273979633,0.2191177512245437,0.42486229444919843,-0.3279621982642311,-0.030129145636813348,-1.9209400247587904,0.8699455925962276,-3.4021435508906865,4.00078044278888,1.763330453497634,-1.3109729132339858,-2.181298599471667,-0.35784141068050346,2.6690191339817986,0.9025796367943455,1.5316687285355162,-2.564127489159958,-3.0284477480233534,-4.277805437208745,3.2219240435486896,1.1590384301414405,3.2713125625886406,-0.34602185104600913
505,-1.1335350099244703,3.974328401422337,-1.115673866649523,-3.159483065469619,0.9219806901710283,0.5123828504499617,3.9045756958948026,-0.9790431650498377,-1.2420201369857984,-1.8840894661486445,-0.5337331869390489,0.734310259228387,-1.2790000070969523,-3.0806792396566465,1.5931709867893957,0.20760440334537122,-0.06376555998207323,2.622669416600189,2.308413151524462,-3.144376714169889,-2.9529645570220797,-0.9369268947171845,-1.576460933511239,6.302315947895444,-3.5081479190310993,-0.35423863555439183,4.774607132205087,0.0833403267005437,-1.3932016966559573,0.39764079233649774
506,-0.993122624531237,2.1921081251305736,-4.318974551822976,0.583483180402002,0.4813521497657165,2.055153721055662,-1.5212011457614238,2.788597251188481,0.48809195223366686,1.9211784290543434,1.1382821400430618,-4.814948626758255,-0.46394662249196017,-1.2837039293206125,2.4495967566548167,-0.33633466433025205,2.8858072726226744,-3.251418813135416,-6.1745657379560726,2.6279567688124885,0.4274658197653807,0.16582997135788258,-0.004097687660554072,2.9574108656803766,-0.3172972767360882,2.895026791818019,-2.188043092876608,0.5450418468159146,-1.126051557765118,0.19132328874458615
507,-0.7878120714776617,5.1447551807706375,-4.817854704866402,1.5002988488313704,-0.4809181886738634,-0.5584690645843402,5.334518569660641,-4.84463819409611,-0.14534757714512647,0.7790052736344464,-0.312901616560878,-0.8106364554930607,-2.440628753045962,0.8882742725114596,3.501441993885244,0.7158975786243928,-3.7341301828478244,1.0691450908719489,2.947551297079876,-3.458175736223863,0.9563788185157485,0.04340754886013087,0.2111348009989733,-0.7002967292313755,4.057954540487593,-3.2318089525051334,0.6992677612110043,-0.9074252928169839,-0.04132547560670474,-0.576662580769078
508,-0.02319601450746589,-5.469959883526148,0.1668262196784447,6.065872499225492,0.3409831898041831,-1.0805260106747596,-5.575552889127483,3.392159732757456,0.6146603122180787,1.9737321150609617,0.010779314400322093,-0.415778585309436,2.618605184577426,0.8104187358131227,-3.547982243549267,-4.243226233093923,4.243034538790464,0.11915001746144327,-3.1909840311724267,3.039674643788036,1.9814837792924926,-0.6050354479630728,1.4655623853146054,-2.6907013292601896,3.6784473242622617,2.7410692546741515,-3.377740899379095,0.011049433406675746,-1.2738147727828526,-1.779010340180454
509,-1.2911461572461214,-0.7581890207028827,-2.024471848055345,2.440436330562431,-0.7277436205450833,2.361114315986736,-4.76249923951692,5.897255908251385,0.45601436776824755,1.8090557730715453,-0.20694788849983414,-3.1928789210745236,3.298130603818315,3.159101042170821,-2.0998305356985085,-3.191460279326476,0.5160815551260995,-1.6820223860910257,3.575434850172961,0.08969996542711733,-2.8237459877684046,0.27399237523154696,2.0014751297342457,-3.1168563327980436,-0.0010559414974160575,2.173072048760339,-3.731289349063477,-0.11271543840285325,2.8713314150867397,-1.1993427348826717
510,2.202246438982744,1.1912008107474996,-5.887957484976784,1.4795756647940088,0.463084948472706,0.5518496219795423,0.204279261163812,4.733454769977726,0.9339981574120184,-1.5903631863546472,1.0569925943804517,-5.338361596579475,2.2340491579556563,0.010405327995375302,3.8945600525587416,-3.833183370654421,0.6511042238617435,-2.956935391717856,2.585678945065503,3.4160286899687655,0.31413215027040664,-0.5813531410883392,-1.6653125443231769,-4.069174099893704,-0.3106971820218334,-1.4800132008642528,0.7415729743199257,0.11996578876777342,0.6366310527615919,0.29254056703747544
511,2.847652875309766,-5.5030142748004565,-0.572601403041407,4.979121554937777,0.1446793978149321,-1.8958381502208859,-0.7943685723272829,4.431456799893816,-0.22737341211055107,-3.308202155174758,-0.6182533870360531,0.5167407267547155,2.495761873545842,-0.3554225139643101,-1.178087732782359,-0.8164718517901406,2.56135234840562,-2.7071321234154127,1.3598238795845283,-2.9107097989822677,-2.266113688751071,-0.6937571568614889,0.8137284939096965,3.697028271100045,-2.7021795176647068,0.07805713326863639,2.602133705719787,0.333197774114371,-2.4481829639303037,2.1369738684928876
512,-0.904514316886825,-2.250883747448963,5.724470282625891,-3.0438188054445625,-0.3974323885807951,0.872178975734986,0.25144412194494237,1.2750925135430116,0.6585672986073297,2.326109433750453,0.08099619856689522,-4.592209566412745,4.157284538836272,1.9019004796561028,-4.237976214531148,-0.6658859283976533,-0.19479198471327308,-0.9605308908510555,-4.413756484230358,1.1471194545532697,3.8594421123784457,-0.283148020974604,-1.0057503082820958,0.6960932465547813,-3.145989630470819,-2.244105445948705,5.464431481707692,-0.4889667651707228,1.788561158337476,-1.373930798454257
513,0.10441547202439594,-1.8175750407064513,4.298124501053039,-4.180640391546298,0.5923918486676096,1.00328361050747,-0.9210568050886998,4.942195994496011,-1.1259416507928623,-2.9812283801322828,0.38186783484787856,-0.29583699333020874,2.7004995211116167,-0.6206608171512151,-2.1055502661639203,-0.23679009386099992,-3.1237711551351968,3.386272811198989,2.9237377301354464,-3.09490001371608,2.429679208747565,-0.8319974760919608,-1.7410495426821715,0.3145300936066526,3.653418426551429,-3.736640116633989,0.579376403206048,-0.943849680073579,-3.1778874966248623,3.625582463575604
514,2.146942482541821,-4.3160747416923435,0.39080472781100184,2.025818557252837,-0.3643167294641647,0.11682570355063504,5.696178412085672,-5.634310340321953,0.9173401336876763,-1.3387398534325428,1.1759497612202257,-0.8164181132392407,-0.9030235713838088,0.5805128575924989,-0.9654946812745315,-2.8040458581805723,1.7865398589578625,2.3055113942878336,0.4431228881097269,-3.317818244157454,1.2943957007930962,-0.09117725976139024,-2.471040072475244,4.142516987490708,4.345708182888966,-3.776874973209946,-1.8045680919892497,0.11833319829278643,0.1737525182935329,0.9436491657245494
515,0.9434381094546058,-0.6878960861588652,2.375829723413947,-0.11277983419196858,-0.7229983631620811,-1.795593549355834,3.888375144451963,3.8166026300740192,1.192880631287017,-3.7181742661138415,-0.11576527433369144,-5.063918865365615,-3.092947025245836,-3.0549723947217373,3.6133530836818935,1.9196421738723508,-2.8367144877732446,3.4516386501858634,5.441480289483252,-1.450650491666071,0.5118289474676736,-0.40384197230751795,1.0067166578134135,-5.105533430791297,1.5084417278322384,4.308145726060342,-2.541524786590344,-1.135862683847253,0.9499904487350133,-3.0891904321893495
516,1.726553240348224,-1.2040976787220927,-3.9886112204315296,2.3051152879883787,-0.7005325006540746,1.8615728714709103,4.80080085680914,0.7579980734560934,-0.9492405685186993,1.1826875923742932,-1.2420029842881286,-4.550242969832858,3.877868228346369,2.487079192058925,0.6275178998643653,-3.6109656281171407,-4.11981136903902,0.7383116768857967,-0.086468709465926,-1.0401799503251254,-2.3349950072687946,0.3706118048884486,2.0753842262582634,1.0156476359126003,2.445578318478553,3.9684639744450685,-0.7712892706247629,-0.15435546126884248,-2.534110982846723,-2.9542865781826446
517,1.1870632009023687,5.623484545022023,-5.85982929759118,-0.031101707129547407,-0.7066475455326238,-0.21296919567119943,-3.94415911882275,5.034219582582367,0.9193590201075104,-2.40646258062495,-0.3928392282802404,0.7898823250378832,1.4136271482682758,-0.7673525614813208,0.44492988951330403,1.9084048845262345,-0.16923523876925728,-2.8303741220579397,-1.2191236388651738,3.3741029195932484,-0.7872326001331746,-1.0544478853775443,-1.2867152949768101,0.9734164997589296,-0.6400304170846773,-0.12550327272666806,3.5050788296130904,-0.9326216886978411,-3.1053772621436284,1.2984538110403605
518,1.7487280541458574,0.31247435565331827,-3.7594639591527965,2.4846298375938645,0.033207930639988614,-0.8195762188803801,-1.326981027274634,2.5846140578828773,-0.2693239706117847,1.444278084351076,-0.0646235998069411,-2.367963544540732,-1.6932910376257855,1.2276905254192094,-0.0015837994699907654,0.06874291998823168,-2.3272523551989917,2.7256937468866234,-4.03983691068467,-2.783526780257283,0.7853151883150851,-1.191155866688681,1.5870558929568457,5.64214847635818,1.6332776573640153,-1.2356407115684789,0.15897961000767324,-0.14704828812935933,2.095990950947961,-2.505559218621201
519,-1.4173959596155807,-2.0070352339119637,5.637365330660657,-5.128806446390726,0.8261989633357096,2.0896733459217547,3.2716795687327576,-2.041573814601424,-0.34750891533420525,-2.078303778430552,0.1680791963732231,1.0276277432600693,-2.2631501227656994,-4.244827981146738,2.9029933029230115,2.3658954978639386,-1.2621031138145966,2.5011924169394,-0.9417348943005059,-2.2002355037958807,1.0750557225530954,-0.8188681445947861,-1.0523569161493,3.938139736286871,-0.31831804777942097,2.3996492393311932,-2.522072572211229,-0.875664675383371,0.5804797486202897,0.735926307423135
520,-1.31543487947269,0.7300153761841273,-2.6514785530557994,4.424498599481115,-0.09084409993734499,-1.0967564431995367,-2.943658419129445,-5.82763515412589,0.654191155637168,3.207758176815542,0.776904641588926,4.132439599213576,4.006961815810939,0.4201383468141522,-2.043187348187324,-2.800273167848909,-2.0963743021567716,2.5127346555672396,4.543571916637045,-2.850340234291714,1.0951650372659785,1.0202479593775582,0.9564645094959872,-4.765109188485354,-0.09226954462442905,-2.658974614258348,-2.0714923913547487,0.996344342135945,2.0738087788117134,1.7525834292904499
521,-2.9928399617746724,4.268181038325299,-2.211339818668293,-0.11077235976982536,-0.4512019336623436,1.497973035549668,4.320968152664243,-5.966116996406878,0.20280913438263148,-3.124560075032651,0.8660105289150506,3.700889255477481,-2.803351483128875,0.8975045022263082,2.004457282486584,-0.6717716504179485,3.649104202879524,-3.0759428540462395,-5.385545285201982,0.9679002629369435,-2.003739163564026,-0.14043394133152454,2.3762080878942093,4.185610039265875,3.8672315638605,1.9851524147033182,-0.24808674131998742,-0.8798570410724214,-2.573723178952111,-2.150717017218714
522,0.6336852942225981,2.9530376371432574,-0.4680078473107585,-1.8016631819588973,-0.6438895279349142,-0.6731623741614587,-1.408996444490782,-4.347473437137328,-0.22049766638529977,0.32938119127408605,-0.5447860782557008,6.192372434994905,-1.6589804753714485,-0.9405265611581939,1.7247437945693385,-0.04300853013668515,1.6615725298741673,-0.743800757777823,-5.2025648837726415,2.352661205308941,3.31520960785479,0.5659147909478914,0.8794399206477657,-1.9106606409872313,4.146154770888931,-2.4219778972880626,-2.8939413660522675,-0.025288325287351476,-0.024433807774801863,1.2194866255141577
523,2.276302030506802,-1.3746859781252887,3.60951367047862,-4.879266476896564,0.8153963896627552,-0.44725963562645177,-5.975861922990415,-0.14261146742344977,0.09395762103473793,0.8302544098124631,0.7095464878829469,4.484714871683604,2.472156135625262,-2.804393015216183,-2.063443751977328,2.4177945104602045,-1.8473626747858507,1.825248795893323,5.491177874181517,1.4090255842680168,-3.6394155456640007,0.17560265235900552,-1.8279122740132507,-1.6084782911317674,-2.408814207173375,-0.34870330881670597,2.1137422152347654,-0.7953686465912311,-1.1749825198894186,2.6141264672366162
524,-1.6691968901781244,0.5425275523640387,-4.489765535196501,3.880891439424655,-0.3958450821138084,2.131388515699646,4.715498942839929,-2.795369254749197,0.2736317023607766,1.1328389731447537,-0.6611758291457512,-2.6654245344506187,1.8443052794786468,0.9329725987289272,-0.4914005651426834,2.905344706837429,-3.124690738202144,-2.0665312817007884,-5.504521816989254,-1.5783445012293456,1.596605330369627,0.7678815046410676,0.3234930710480235,4.394886412159384,-1.858353198127162,0.1707639312033784,5.344460135583926,0.47013721409808973,-2.752746933527627,-1.3742611492299712
525,-2.6555677008898186,5.287677450825473,-6.194725214868608,4.5760779886676275,-0.6630941151710275,-0.35036840856372287,2.132451539814756,-6.081489011999903,0.17451413214532074,1.4786790433846413,0.9930795520418378,1.3027647446132526,2.055147536549601,1.357101594051013,-3.574090727925551,-1.4215250302991738,2.5146216093556504,-0.9312549817321703,-0.3527845497116431,-1.7384662625068916,0.9720855722185497,0.013937978475130564,-0.7603994983527826,1.865626759877106,1.2242345354985424,-0.4067691135799052,-2.2444654677883094,1.1873285122507653,-0.6980250685953386,0.9376966022148583
526,1.4297516552678182,-1.875492789409865,-1.0794023702244786,1.3886828901712072,0.40977969659931013,-0.27331908240407543,3.5980962314095883,-6.028370785552195,0.8006785353039865,0.9512373888193082,1.1423704448275949,-0.46401181480839426,-1.0607161101990794,1.212070680562519,1.819190310266599,-3.8014257252127646,2.3043910156161402,-0.4735101710340359,1.0981078371443935,1.9348349667552203,-0.8839331039301452,-0.9182283183422246,-1.9112901858841518,0.6805088042563838,3.6616445140512894,1.9187750357944395,-5.280710793885181,0.2205506646703368,-3.0067498585897994,2.486490437959567
527,2.3421266029079995,-4.831937500046891,1.1994502648760736,2.5739173662201615,-0.5939629130770272,-0.6895938208803933,0.09264673588633698,-0.05258638475254074,-0.2879438240124985,-1.0034647316274068,-0.9385214516816882,2.189869656187703,-0.6766832898511481,2.4888869974503116,0.5933476782979668,-0.8435213934522459,-2.667371610714188,1.1053416182686568,-0.05828773273988119,2.369822248799789,3.3651936585583613,-1.1000193844596535,-1.714813719589591,-2.861895070569563,1.7985171832457354,-2.50292205252385,-2.8798072160240764,1.2481568223361075,3.0288255440970815,-0.6927702811303043
528,-1.5075874588798417,-1.741686717556636,3.4698589796258723,-1.2729693938325575,-0.6027439941752417,1.6551285848183195,1.879165409985525,2.601268281705501,0.07020163059936557,0.6472656641155119,-0.7825067509006489,-4.415394235505396,1.8222385009667974,-3.1459955928625014,-1.1460458550327939,1.2243845940101927,-0.23252219496799142,1.4779405478856376,-5.547317971481522,2.108553134072352,0.1304346280380244,-1.0778241191690943,-1.7086610981233363,6.094815426663047,3.395253238546058,-3.2548887772617725,4.5081793518528706,-0.9078798582714205,-2.363303383520819,-1.3773605713442496
529,3.078451325277154,0.5461696556505586,-4.056873373400368,2.696444450963668,-0.019482972009747357,-2.2447090864813557,5.397040706592318,-5.344308192357211,-0.47354771439023224,-3.346664054469864,1.2350839767778803,2.532395277846927,-2.5655148110243253,2.875260014907223,-0.3377624077353083,-0.07843080936183355,2.1681274319127155,-2.0616794186991143,-5.851979497392836,-2.4621697749843374,2.1067149836997707,1.0478132181620614,-0.7505931147145528,5.910214185229364,-0.12850814779221764,-0.8932142563677523,1.9257442447976487,1.0026345307101687,0.5356066312022438,-2.4422630025494207
530,-2.891253019896217,-3.697892445837244,5.512174197257103,1.4097420969969257,-0.8649072806167077,0.5321364520960632,-3.109905126073894,2.2858215294673165,-0.621860438081181,-1.0843652060145992,-0.7055113864837432,3.2358206271859054,-0.17502114011607262,0.19544276020534568,-1.322509662568196,-3.240623758372772,2.501890102021843,2.0408216988292196,-2.1906482592889844,-0.7027665230452182,-2.6877386235799676,0.8678313500023549,-0.8863430121733273,5.599665068084583,2.908735281991632,-3.285643983999119,-4.302107713189432,0.37087753822756575,1.1476239650171074,3.160514911952916
531,-0.856336663106676,5.24725985514883,-4.201714357971078,-0.8260632511643458,0.05703166106534452,0.5798227560278413,-4.424790502032902,0.1806819134483213,0.803019594226301,3.180397870473044,0.7402776672491509,-0.47958654336411755,1.2930244663754245,-2.4838459431237574,2.13453413467057,-0.41363019523522837,1.7933008269220174,-2.323383289609657,-1.164407882583653,-2.810927198431692,1.441342118541403,-0.5731902486691975,-2.4892503547720572,5.596433565914651,-3.1203389862063275,-2.524017923688806,2.0725144874845967,-0.4268239000290217,1.7270401530937356,2.27162616934649
532,1.8753080968614064,4.268523367702208,-1.6497644555599962,-4.995842826298894,-0.7498929281290703,1.2516687454242508,-2.5490641085473946,3.666477608067108,-0.393919259852316,2.236296244478261,-0.5406267272723273,-2.419163756873548,-0.36428460565792165,-3.717134360268192,2.3591686616622027,3.7942163418444466,0.6696688509468522,-2.741634888528038,2.6155583863810747,3.3652043459338437,-1.8048582189256503,-1.0310323015774339,0.6444923600332988,-3.7893645718456774,-1.6103208833916263,2.188949299701516,-0.6405483442641362,0.8140006699294711,-3.321657936665673,2.569577194691128
533,1.9069838054008095,-2.2774045747262477,-3.0033322694257585,3.6776485013680755,-0.3382768345232732,0.0343813719062922,2.6463465379464637,1.3248041703792417,-0.5334608379893693,-0.16072435508540295,0.12366300130266161,-3.4006285165537804,-3.823762831205384,-0.009891588616728342,1.6984837271397417,3.0238385230037323,2.6172391428551265,-3.505906973177117,4.99180903776378,-2.640249159181378,-2.34916110019012,0.6372406350188564,2.0354946653675494,-2.6751340787792444,-3.858016235436015,-4.237570364159389,2.819176378176369,0.3438991915081919,3.305233445287847,1.6272775846237089
534,-0.7169178768368418,1.1097291866580612,-2.826957092368815,0.9180657867524076,0.0645580001677648,1.4515219956273278,0.7674083501766411,3.8377533289646166,-0.23972212462344533,-1.4626174995016665,0.6366101285536487,-3.53943218356995,3.06725704885811,-0.11658496516391281,2.3819818691500103,-3.630631730408288,-0.49312878543413774,-1.2088934370024003,-1.500638903338622,-1.2415393171197842,3.705141453167908,0.66479000989413,-2.49390809825414,0.8661548556499596,-1.2162512219738382,3.4196952098606914,1.2889415078785262,0.9865372765017408,-1.8678178896591575,-2.6111048826072363
535,-0.1809245788709326,-0.5530210174457899,-1.8384741893232217,3.217305552558546,0.15887356618024384,-0.8037593330989612,-2.6658065459876745,-1.9582660020508769,-0.514922831158894,0.2856119571690705,1.2127653372088787,3.6406180848193337,2.2021934807979093,-1.3249856030287894,-1.655117614513987,-3.656160304827292,3.4060156884093473,1.0280543531622008,-1.178756484151517,-2.0375721743992514,3.098761963142202,-0.573027849430459,1.7201712090750245,-1.029576664236533,-2.6126780720885634,4.546205928176768,-0.9615024628505822,0.0007601324934256581,-3.3445107577668427,2.3717252320364857
536,3.4500475537481314,-2.2859554874995354,-4.829143099877875,3.7504863525117322,0.2180599098195457,-0.3034952287021291,1.3117821961443283,6.011360613963021,-1.1035585030286152,-3.2114963811291766,1.0016592179088564,-4.009747143858572,-0.006542797616507556,0.8852484150501709,-1.0913955780140743,-3.578263932600178,2.856762436817565,0.9341914563623916,-1.5814624553148064,2.3544408865978603,0.5123022879139008,0.5117643379985788,0.2760210606945055,-2.0730661178905976,-3.5342469972879833,0.7136891267681129,-0.7902696983088653,-0.20521779799923134,2.3416525875953837,1.4743927792333231
537,0.8695044668433791,-3.9171083458942846,-2.9618151084165447,3.449686317390036,0.48296668163786105,2.076765988439446,2.1820230871497834,5.8754835244071835,0.46545113877081246,-2.6207214231941496,-0.42228468375549255,-5.479951643378303,1.6606455346072693,3.7307547435687844,1.0104338609482753,-0.03797973290174994,-2.9394169474662224,-3.424437458756991,-1.0219799615287535,0.6774602979026323,-3.4759784929420796,0.45745245756814334,-0.2506884757115273,3.6137341747109843,2.9094091715711876,-0.8309979850307592,-0.22653829034552686,-1.115287935898897,-3.1136928885058133,2.3771079282105525
538,-2.843291746996723,3.551066275686207,3.348861509989451,-6.1373105230333636,0.3539957631409951,1.7266787212132897,0.8189319348185968,-3.4924656268280785,0.5301562935316744,-0.7657899713251926,-0.9408963047810959,3.8500636745839074,-3.2394551584852493,-2.168362425440618,2.190762029625361,1.0750342771669388,-1.463757006909928,3.605778284042863,-3.51097603362744,3.2130984545456727,-3.1544886859890138,-1.0064178210614378,0.10238525866455817,4.356398827467068,-1.4794067629675212,0.004891327565545112,-3.0095280762422405,1.109008108365896,1.8137011017961093,1.5613343014829724
539,1.631596074397283,0.6240974944903392,-3.379172440742167,1.5867216103293984,-0.24515660139112483,-0.21808613708386204,1.2886245678282364,-3.8856515612894853,-0.5211445225543363,0.6765619881773883,0.6320919912991867,1.8095175365388378,1.4840750079442309,-3.297489158405261,1.3071948490069367,2.922011736416543,1.2033682260970586,-3.6191606610601124,4.028287418150946,-1.4848806319696717,-1.4901808312875016,-0.3612485530895393,0.5508996555898271,-1.2428770573946757,0.06376800128387927,3.639804600927036,-2.1646603310809986,-1.1467789207422885,-1.8916645661405678,1.4995312157537093
540,-3.700433598304656,0.1633724137436232,5.891753570732703,-2.1728317366831043,-0.26064934912835036,0.07878869963963986,-5.8976468307877745,0.45702891063509554,0.8040776057562997,-0.04562961698692192,-0.6166621186857961,5.298832050068931,2.190171607574161,1.1502859437637838,-3.5448638891263347,-3.2095586807946503,2.3119257837426197,1.1020392348398396,-6.029351748060414,-0.02072722564899543,0.025124033135671908,1.0645334917121296,-1.7603676224534848,6.7207890713144565,3.322753491297391,2.706403909588282,-5.044414113800528,-0.2654380941249652,1.1905259636808339,-1.9098311566402568
541,-2.173259175748731,5.040511665672412,-1.208513524656265,-1.7664573102786818,-0.6889615427230376,0.7966798877341841,-0.11152765809170617,-5.927255561422555,0.9675752363605605,0.421581270545877,0.6104242581279227,4.03920245447976,-4.1020343549940605,0.062484838560980194,4.20282370727735,2.3725986046459226,0.6287409014312644,-3.1646136969220287,-1.1896070798105605,0.49610030141525385,1.833464896288163,0.004878962040756996,-2.4721082556870364,1.327271175752795,2.85484076898803,-4.057043141502373,-0.15072907019239068,-0.7720959632108269,1.109463258760556,1.0155641471577752
542,-3.166918155012013,3.9337437727510007,5.354339298323083,-4.697132020027098,-0.940749242982897,-0.4832836530522009,5.5120433970118015,-5.825596619455762,-1.0057171408448555,1.1386463650987402,-0.7475452389980708,0.9281692371879728,1.6299382040386696,1.8546549947418463,-1.2905163996546083,-3.7215194256023274,1.2914955501817964,0.23594707629404077,-2.8430138496454234,-2.600647248544803,-0.5697012880358177,0.5551797424129568,1.2634396212914076,4.19474302252106,-2.332836620432488,3.812349166108639,4.7134293124194535,-0.9135887841522736,-3.2290803565231414,-2.050272717419414
543,-2.0199757794585285,-0.9166747048348718,-2.3852389693599534,4.254593067867603,-0.680464451880753,1.747760837666382,-0.24516573157230326,0.2815332996279878,-0.2536604840949792,-2.106629326036355,-1.137500121521501,3.4614223635969594,3.1390153226914705,0.5629434402319369,1.3090870421900505,-2.053716834322552,0.6325172761381772,-3.5898462469296533,-0.35946395623506433,2.339544956675624,3.9584381576544736,-0.23099482343477273,0.9203562735339563,-6.627880608194847,0.6716471883392394,0.32868090186692456,1.901271390515312,-0.24137487478964204,0.030574055453110205,-2.6907986613842
544,-2.5095136594248864,2.2093333073177632,3.943973902191239,-2.861898267391762,0.36884651492322273,-1.150741797615698,4.581006532322785,-4.445080394952829,1.219643848524992,-2.4985706742345073,0.9406403257746101,0.20236036256476808,-2.5183665243759314,1.0721709338338243,0.038197752340234814,0.2920726732584171,4.112656187011556,-2.9967310220687082,0.18907434757255714,-0.37403930795754725,-0.5928393367103144,-1.2303272637262088,-0.09044083189341201,2.0985723927142566,2.597527893184587,0.7143516104049645,-0.8294721629780248,-0.11851152032583911,-2.3801681412214446,0.0162723209364799
545,-1.9249282806513968,2.1463125774339886,1.5268170885885972,-3.2178353600105822,0.07427196137775605,1.395362013261499,5.810429286319529,-0.31218696712330996,0.39814097835364937,0.15151990422329042,0.03773073145333683,-6.085633933226646,-1.0536793205336679,1.7990888723270153,2.5910200491619015,-2.246665764289144,0.6265182982721633,-1.7162821349388508,0.9913018320802962,-0.8783766875586334,1.9636059269691124,-0.1344104381225799,-2.6403819711294307,0.6982613377605666,-0.7046412187893978,3.1355136565888344,-2.030183549237119,-0.6322519813881016,0.9736675941086936,-0.7421045012822187
546,-1.8680190377236983,1.5209172383475256,1.1556508780701478,-2.6609904685472117,0.6875288953579073,1.1649124944952156,1.577090776325715,-2.3670120028386705,0.687534308493805,-1.3552840281931342,-0.6890042514726868,2.1466751976848073,-2.6333243153185713,-3.6886475879910705,-0.16113534681792885,4.1139056150584565,-1.2375551449361897,3.6067567800046945,3.3966143791238963,0.08023813162463789,-1.4947509884333954,0.4900360195280582,0.5665651300624628,-3.0387026719063606,2.0794656721030016,-0.768994056109765,1.421175333369142,0.20076285309959552,-0.35674877575767105,-2.5756610267035907
547,-0.48634495896737207,3.7587972818559265,-6.0178968594071875,4.1224310041073835,-0.15417649170775194,-1.2228099758811357,0.35895958836501407,-4.445420736452665,1.181742739984652,2.492168774807997,0.6396155340809564,-0.22706590078610134,-2.538805955421225,-4.076272409240172,3.235578647576279,-1.6552986776446001,2.830902887920338,2.2038955068087596,-4.982086210907536,-3.3600049915447414,0.5118859633427313,-0.826794345170387,3.233327940579148,5.423671643700089,4.231210543158628,-3.1854522387899067,-2.6943210583608668,-0.3056889108275378,-0.49492976192945903,2.449181426749856
548,-3.281600481338316,-1.8701184988604247,2.903911082214435,2.4130658847270325,0.3078694795371093,-0.473127466279891,-3.848459049193405,4.117789040749152,-1.0096402178532378,-2.4121697504320068,1.0429988120296159,2.1094811646997265,0.6108951957489452,0.8144621322673018,-3.773960352675772,2.765414813341426,-0.29087531185844284,-0.12593647682404807,1.4050664405592528,-1.8846765137485413,0.06918595178635911,0.7349814063864439,-0.8319846209543638,0.5074273359701706,4.6782646801193195,-3.9030992394356048,-1.4324840467767253,-0.40960952211486035,-1.1902689551062338,2.2571970833148143
549,2.757358732100876,5.418764254556468,-3.0724764219065968,-3.286354761575705,-0.7326022209280247,-1.0846895822470604,2.5751466885475303,-0.17846452034387994,-0.7482188618334824,-2.616284902288543,0.9698312622824998,-0.0020096663642661383,2.340133976727863,-2.69381482270299,1.6031733120813954,-2.548352160572353,-2.349237664061114,3.6480973585266234,2.380739034527327,0.5897186659074105,2.8480275341696455,0.5220955984411599,-2.3356738860428994,-4.004906947003324,0.08094705032383231,-2.9361675237292992,1.1554186342991422,-1.12353229346055,0.9163576541292642,1.9069764784383025
550,0.4163151600396162,-1.292082027000827,4.130930897843722,-3.3761580949906147,-0.04348137776323746,0.1644754418712786,5.7176611999117455,-2.159097079730536,-0.33370134975688615,-1.6288693740629885,-0.6267305317674587,-0.9692628645940005,-1.5197759218367484,2.7597516858565037,-4.001814534378195,-0.4534880978540414,-0.3358447785679388,3.5511716467798387,-1.7989369668491335,1.3828330973427132,2.5021240245446528,0.8889961422785291,-3.1568877457092643,0.18187144839187042,-3.1762881785364705,2.7429678390197374,-2.5077621831984445,0.4381283634191613,2.6024260920370246,-0.09947193274030397
551,1.102727386125217,4.674448948456828,-5.4508716522934755,3.0854748599133366,-0.9733847744082256,-2.438394767793741,-1.8986084595699566,-2.5456410381489327,-0.546437024178891,0.16486561956581447,-0.431148924820131,5.256969827151952,-1.339491423817039,2.060286108723531,-1.2314271835745139,-1.8847607461183955,0.954517991483403,1.440875253302444,-1.7715846006026936,-0.00985528709076533,2.894959699455214,-0.27052759889085465,-2.7338960673940207,1.8909038545224668,3.974934917945184,3.7493116514839926,-1.6332686959669616,-1.191002054522158,-3.1587601553429643,-1.7412156635963836
552,-0.7689453722669946,-1.1644306956207942,-3.296746814076286,4.473636334715671,0.7338531496225951,0.022633397625774876,-3.0630390066527866,2.7250545881016492,-0.3582816981343502,-2.8404630955653882,1.1258545003360014,2.4108747119147367,-0.5564275568158408,-0.9429524565374123,2.7397192162481865,-2.3008023599580536,0.9147887472806993,0.14567440978183832,4.749782343656051,-1.9747804246212972,-1.6644689037594915,0.7812826976593383,1.783033224950854,-3.674848937886118,-3.7393660822288908,2.386784684857755,2.486000236203548,-1.1058483476728833,1.0284468117071945,-1.056017302866028
553,-2.5112914376566753,-1.1093488430775942,3.4257195403648204,0.46077157359725973,-0.9695364746129211,0.7036856413850465,1.518953027004553,-4.9446962938352215,0.9221294286037676,-1.1354438408732275,0.6559363119316046,2.983121367168419,1.3781177208387803,1.3259195480714467,-2.8768232246464436,-1.0401902839354218,-0.8024704207879942,2.0154466604590553,6.112341407826445,-0.8823548505641341,0.7434364704331315,-0.08511260222641592,-0.16106470365945746,-5.727245721810267,-1.8287186366712724,-1.9928323498058091,1.1654282927355126,0.843074227985193,2.7014850479125982,-0.8884365821555331
554,1.3045890727577003,-2.578923386225121,-1.8787530310675393,4.306675614668013,0.7826971081978886,-1.9362853783309752,3.0108375377559433,-4.664116327389145,-1.1283697573302085,0.7570173118616665,-0.767477237313031,2.7921084724146894,0.9997955724749801,-2.6761422800308985,-1.5706774570292907,-1.576791486730471,2.7224964945053074,2.101319156809808,5.415756098466165,2.6939166731113744,-0.07360655143699901,-0.7167855079588836,-1.3714765783526008,-5.947804133829763,-0.673098857488835,0.9403869254903867,-3.94270290525942,0.9489644769592518,0.19942359310616453,2.5270267671931563
555,-2.2039539569190154,-2.60224002798234,3.7853975247426987,1.3657096106812716,0.8048912501377177,-1.1498044006603685,5.313379105046021,-0.4482447567873109,-1.1580961421187919,1.6220055953719843,0.7441870520445377,-6.073230853556538,3.377988746798245,0.5389135843606425,-2.348159293672431,-2.4679857178519082,3.1805415770718177,-2.281298896706941,4.603039983861628,-0.686616867855097,0.2884419582301341,-0.2233144378524301,1.0108967003147367,-4.992447336699691,-0.9445395837111477,2.509551867177251,3.49373181096691,1.0775331982402605,-2.9791286033209943,-3.157148689351594
556,1.1410341751691035,0.16591948486981423,-0.8375312587308805,0.8705626565903763,0.12626957205615863,-1.4662546299546122,-1.976730701096681,-1.9617984504453432,-0.5325808568001635,1.5160371871908538,1.1998190927462087,1.7552537284050445,-2.136002862548205,0.4388732879077075,0.5611717920992874,-0.1958701736734092,0.1364346992385812,1.1953932569754677,-4.490867572157676,1.40265128308328,-0.08214876181576969,-1.2070071046462987,2.6970914047168417,1.680280750818902,3.947999327440723,-3.151563873704333,-5.947483500259764,0.0500553092513103,3.238146528991379,1.8628462082813613
557,-0.9209962960910403,3.3485866408025906,3.630081769910955,-5.507414493757089,0.13352022408056596,-0.6837778449460004,3.5825060276313003,3.3931267237908145,-1.0894140805023942,-2.4695238305621707,-1.0000701305391897,-2.4166247098184357,-4.188560629382769,-1.4577126652991428,1.2820031890217862,3.8749453759301,-2.6297572500197024,3.119081979749165,-2.1269613427676966,3.2849393683371595,-1.7166521849624967,-0.12306685268362472,-1.7005255051346406,2.382266517210546,0.5073917603208855,-0.39293409275429525,-3.876798662980228,1.152883227443744,1.5869809973126152,1.022476770657967
558,-0.5068554781509089,3.700222278879629,-1.0752822837225864,-1.5120345824330563,0.5130049926499454,-1.11905492722307,0.7659525612157516,-1.340545058483233,-0.33493502636195505,3.4453630334662932,0.22328586712580822,-2.7591213769627707,-3.4591043204942746,-0.5932521870985532,1.505764275802239,2.2331652424633646,2.3347593328117924,-2.0213323434851524,3.4078475174451626,-1.2444718619278028,1.3803847632838178,-1.0332226547211882,2.745426289928428,-5.255964054009169,2.0802366332872175,-1.4779922450627474,1.0451323482343504,-0.3034018514869308,-2.4773951808222066,1.1334202958509962
559,1.8778192017271458,-3.3111393714110235,-2.753552295141791,2.3131582084751408,0.060962278916080415,1.812751977434404,1.6962265623902084,5.206524718579722,-0.4046966325022243,-2.8077127970823312,-1.093132503839929,-2.597209347545558,3.986562887091651,-4.047244106665863,0.9930393507230413,1.1722364708609945,1.4059188284545172,-3.5105134304649077,3.5398282416083013,-1.5609293470657164,1.260419952440337,1.0116369438275585,-0.9615004395854978,-3.2894553512257367,-2.085194151919829,-0.20682630648231282,-0.09216297489213687,1.1921470050082172,0.559043183889802,0.6329932443969479
560,0.6167563392445228,-1.852305907714726,3.4600319708210243,-4.210298271303458,-0.21197005685028314,2.1977859258028953,2.3314390448256894,0.4272483475896891,-0.9317011930201691,2.964381377446575,-0.5809932574399079,-4.210374319401982,1.3920445298838082,-0.5369705141558931,3.1718312450765147,-2.5333388583724457,-4.137432224274887,2.643865821842329,-5.813023772193965,2.7157597426259095,2.1631196754188124,0.039708826656045915,-0.5843986547597044,1.4788341822521431,-1.4589753869687137,4.410761842985316,-2.2342332400040945,0.0999160902754328,-1.7299313326896257,0.9124620264023537
561,2.1207140052860076,-0.3534553315573099,4.600138728811395,-4.812860757719392,0.06944031583565025,-1.6239769606563819,-5.989072514492662,-2.6964249990249556,0.868888020074583,1.3903348749499642,1.0833028941703677,5.3429717243226165,-2.921350926814604,3.3378143187055223,0.9377008730063849,-3.4772871114698116,0.8705758536664234,1.2525469929055184,5.923799941878883,-1.1720387665981704,-0.454900887537093,-0.8144121390312913,0.31919878069033736,-3.8016469294033826,1.8029537904385933,-0.6155620493188998,-4.264806210738566,-0.46179476526143937,2.4223916069741627,1.1168176279068192
562,0.7079125497361076,-1.4368350066276498,3.0773978423207815,-2.1904190555193708,0.7733025973689416,-0.931358927278815,0.3097567933480221,3.5515148645001737,1.1219018938388574,0.02821874002547453,0.5688077614524429,-5.5802000531651,2.2724347917649617,1.4883509680947142,-0.9341111102001669,0.21172434666145534,-3.974187228303915,0.9357882319823538,2.0230922372259386,1.388550420837511,-0.030900233107573172,0.04719582363581143,0.7176515369711787,-4.1455897855635655,-2.5429980909947645,0.6564366016660763,-2.2898668734276555,-1.0788429368098447,3.4603573386229414,1.7949139609439122
563,0.5316041416460155,-2.5097842473445517,2.932263835028081,-1.2468497543380757,-0.9455106100841806,1.2382766350927081,4.493595442471573,-2.755287390702147,-0.9989267747906805,3.3926952262090637,0.6745318522440522,-4.806608355431983,-0.8294558774762208,-1.1595629376478058,4.152327538111805,-1.9466042947223983,-0.6099069310064316,0.3932025027404755,6.010469070544936,-1.677182451103258,-1.345152980045576,-0.9535021141831388,-2.5031391543852006,0.4685076291715369,-2.875114263312984,-0.3496064591349679,3.7527728273775125,-0.8361941081268442,-0.08999653807863517,0.39813854127658566
564,-1.4034130199092836,4.838241043624208,-4.6328227527758905,-1.8409929680152217,0.7241785838808861,2.3148091131952953,4.89276780862982,1.81193339795432,0.2915853820874723,-2.0436259650027413,0.611152234491966,-5.563812858160965,1.3331672105910215,-1.9547527340475508,-1.3634348976085793,2.1584855361828232,2.3735702329204855,-2.5470353480387598,-3.2075466339137897,-2.580806004409549,3.006487538810415,0.9618546012566034,1.53373380542949,0.2862766928261564,3.7351513048362257,-1.4787255974919056,-0.9874043036418172,0.4094632924210613,-3.136057926518342,1.457573230395436
565,3.2573717659627377,-4.450646962952643,-6.143999691908849,5.84539920518932,-0.16296730215822874,1.6548429858676865,-2.306908884254007,0.8550031947276473,0.6126199757928079,0.9439870142621452,-1.1082281338601594,1.0035268333314598,2.033954957652444,-3.2447537617370443,3.8739321081766285,-1.330711405323525,-1.0863147186279836,-0.24610718014106325,-2.2446986682475654,-3.092662136924373,-0.46152151836104593,-1.0611351192796596,2.9330513200266406,3.926966122785327,-1.8249344906597287,0.9676356953869281,1.328554153664598,-0.39893042835253034,1.1077117425734961,-1.1800366726120881
566,-1.095102087836473,-1.9549639662061864,4.7449379224720225,-4.797472955449326,0.7238548269116656,2.378746260108306,-1.1519719000737183,0.6758425332257225,0.5562918220356163,2.3261813873859865,-0.6345379979639825,-1.7718058446097338,2.1997711312469654,2.6738985312282466,-4.163142579242159,1.0563132142132439,-0.8593971576932624,-0.9074431397535765,-5.0831730019645,-0.5221526577203619,-1.9671935693660494,-0.9221154478391451,2.295435734173891,6.199198942715512,-0.29164447318242637,-0.7604494094596674,-2.0704558514702214,-0.805676612907722,0.419648110592572,3.508578236428175
567,3.740370263706019,3.4546024253473213,-2.874257812437577,-5.8765598766087095,0.4846470303863346,1.071197969606665,-4.13296586326085,4.3087431612618445,-0.39038129748644934,-3.157283303625654,0.6008396409833079,2.7710476621276996,-3.7568750267163242,2.0434428495823056,-0.8959865041470998,3.926590946361916,1.1251335353496685,-2.4423058004310167,1.3846965419433843,2.12832538492318,3.0981415532502155,0.27405734036693996,-1.451790298691268,-5.433430521793085,-1.3265556879581304,-2.9447869559417015,4.457188941667276,-0.60137303959592,0.3406325796833194,0.07489416214586342
568,1.4905434484748454,-2.6180588561959226,-3.912004662087959,5.682104171351924,-0.7046817287249225,0.062097627182076565,2.3114184182553323,-3.757868550903254,0.6652145509289493,2.4577673554149193,-0.35962820747030744,-1.3169035662257507,-2.3841707587125853,-0.5706444672887727,1.1610620644390934,-2.626434900077543,1.7781730895412728,2.64201497209795,2.826765721987652,3.3636940103550366,0.1789007402048135,-1.2492041902298028,0.5903948458765296,-5.710551128194851,-2.8307949153120866,-0.3267337188384154,0.4620904609933021,-0.6237294683129422,0.8505580351565065,2.4686096063143346
569,3.611517903993768,1.55490660705129,-6.146908540304494,1.9937715548562558,0.8311472869366807,-1.8444348125334642,-5.624085115472841,1.3051600938389818,-0.8501026219577179,1.4893942549162276,0.21623396741544543,3.4633994212597727,2.245687530586281,-0.6125318663280872,-4.020154191465673,1.861423270988162,-2.465017549422324,2.990592805641054,0.49037564723326454,1.4091141099278435,0.626839696782838,-0.8265543599057796,0.7606661384831934,-2.4604412325219798,-2.6805309284682544,3.5108505717497067,-2.243030800970928,-0.6867392485413069,3.5853366037544205,-1.4858861975229338
570,1.512757537113849,5.302787129307838,-2.096087817287934,-3.702786253488476,0.9595908166770757,-1.9762614123222804,-0.8062413937334334,-0.8960037114814909,0.5598199078766664,0.46634611184940766,-0.6951045255826962,1.371183611071416,-3.7987420212632337,2.42072140589125,1.849112317698129,1.4590488487183144,0.3693439423879106,-2.299484493432976,-1.4395031069096405,-0.32393149305387503,-3.5550222826639803,-1.1179873054676657,-0.08161190239541405,6.518056090489949,1.7833389277786758,0.8704871959455467,-0.7956529347841403,0.5046548971496252,-0.05420454258448615,-2.308623543504547
571,0.08184362115684074,-4.495913166518914,3.2111965773062643,0.4685205775805734,-0.21229608883880102,0.9466484793141579,-0.46826372271645766,-4.599978449224839,-0.3093110397245633,0.9064909330584605,1.154338026139536,3.3167242524677363,3.775389656992182,-2.9324274307354887,-1.3809482304212608,3.9545730216063646,-0.7275594887412211,-2.689027528701203,1.7150237580658896,2.2780095916413323,-2.21504098954504,-0.45539403117919,-3.1538938344322283,1.8312955054485869,-4.009578071552463,-0.07269477772521782,3.5289398772019993,0.016600695807253985,-2.7796673296364975,3.3163996059056053
572,3.1227587918801767,-3.4546485586428304,2.859043219190621,-5.753799356883821,0.8339466350889579,2.392699269367025,4.363137615742904,-0.05995974759898104,-1.0477544694585093,-2.1398157660205683,-0.2439207199988811,-0.8716869126660995,-2.1374115496501105,-2.155125644008974,4.218807103634543,-2.131851513161598,0.9148448275010175,1.2907367756845254,2.0452860877771,-1.8388185593330686,-0.3275191901651695,0.023580174291534917,-2.2690793594603367,2.3665508468893037,1.4781475301276572,-1.1447088704609385,2.8431286846298462,-1.1428886259861146,-0.5293136417682973,-1.504365076541463
573,1.207954413441385,4.505343490550477,-4.181920289175782,-2.798691771126826,-0.8380096436761693,2.105323799987037,-3.07035833502686,0.7587705669038769,1.00066712300901,1.6713723942599934,0.891203522470918,-1.2516552716170715,-0.9282968055685572,0.40223390993265795,-1.9710472260611756,-0.2836368675826435,1.8120976608598873,0.968649328419243,-5.2482376257362375,2.0753036242271783,-2.6001746240732526,0.11773412691725227,1.0637823640794615,4.591592134584964,2.0186730123587324,1.9109999057216633,-4.592873446443349,-0.05602637887121009,-2.887109692938827,3.6063366001736874
574,0.6155430903108794,0.7795788566086195,-5.9743102778158175,1.5021090564084751,0.8549603525491518,2.222118921938831,-6.09800575504164,1.6561250151350286,1.14973050315354,-2.5764136279401466,0.9088641348358131,4.959699729857242,0.34561775923735993,0.7534392969692973,1.2221829824001311,0.1362307414876831,-0.6748846167075371,-1.7825861633875792,-2.2659165647225237,3.1696565602798685,3.683288167106575,-0.6110361455701483,0.4188488249915885,-4.394840842085994,4.919892925510329,0.8787464453614007,-2.656623332043015,-1.1450018747741817,0.5158703291605597,-2.512884493214427
575,3.4490462675417106,3.9836714732631755,-3.4172665845223626,-4.475018642649964,0.43986728008015685,0.01970020628739988,-0.05707263462625889,0.3651374948569419,-0.720904406575559,-0.4181653186119725,0.0005116044597048841,0.830493260496965,-0.3075948444257932,0.6688863551414954,-0.8218275549975225,2.776241004093169,-1.934442577621681,-0.38126238219030206,3.225979248586139,1.3549657413508687,-0.2699097490780371,-0.40650859796468275,-0.364297564464124,-3.5402290784308086,1.7262322601214493,1.3171429302237172,-0.947025252534015,-0.576600132440265,0.776981713079115,-2.2967315184493273
576,2.962914164680818,-4.711767043969463,2.395749619519126,0.10911753526440648,0.6894276547945783,-1.4454419302893502,5.091870734836,-3.5977472632376113,-0.212929259502193,-1.678400836222572,-0.7324245593362821,1.1296311834624824,2.559515780651509,3.6551523805895876,-2.7141935790056344,-1.401840470441762,-3.1843270702069315,1.085692958412583,-2.3939243580638987,3.133148426667656,2.7297917647013463,-0.6491703755579703,2.1755564673400034,-4.995401925087791,-3.5344611759001943,-0.16709580137564828,-0.34987833645756083,0.02049452828471754,2.4558702532471806,1.5750705322021972
577,-1.729621549320436,-4.845865585420501,6.2281806400061015,1.209893505554831,-0.3838319571596349,-0.4787550536602332,-4.068337496160304,-1.9008519615944621,0.654082385873008,2.3776297614833233,-0.6257378606429942,3.5632151710412536,1.9299806035128242,0.213562222770868,-1.1915219271292212,0.9763072316391757,-2.5708754176339106,0.6425472868396174,3.619779979129305,-1.563473622442304,-2.706813321736737,-1.1024438323684995,1.439459470442884,0.31349132697471305,-1.8227923100182863,4.824771548811093,-2.371387191612989,-1.0628064529503072,0.9534392848114948,-0.5212248790403002
578,-1.0514022974184005,3.427066014566133,-4.375779223226747,3.6757712425785556,0.18848712056760064,-1.864142857067037,-1.57474723188761,2.2945162132146955,-0.21239711734509825,-1.9680034740994756,0.48147182041153513,0.9791597897057827,-3.3691754550704633,1.382297677330211,0.541157419635578,3.7007569164326846,-3.7669937858464504,1.5119572275178044,-0.6317579500931352,1.5168191070467234,-3.3597874811657267,0.4777621042935598,-1.5968795269660614,3.5938437468839837,3.2736572516841456,1.2895912359479027,-1.4726808563361686,-0.9086931458417524,-2.270638392151996,0.08876390669860079
579,1.5067201297505477,-1.2285056801531837,5.183072413362908,-3.5865287975956974,0.24348767828907203,-2.118245743653528,-3.1739322229482454,1.9552384551967918,1.1345706209655972,-0.2838181017346937,-0.31232376869837886,0.6802650172187654,4.092466222232208,-2.444583855499989,-4.195215941136821,3.8457197427668497,2.0015974609770595,-3.299983629339934,-4.6619821272515765,-0.14062467628497544,3.6120031536462243,1.1822085635831385,1.9044342952027904,-1.8960392088962834,2.849139526284411,-2.442355076754069,0.7781541428550227,-0.6048639603803183,2.4967737087428574,-3.07684834074721
580,1.6782341818293105,-3.592542801768154,4.78762468469133,-4.2405579843778405,-0.45965103594288004,1.8268929555683506,0.18853906848797664,3.612061347584426,0.8756434572267864,0.22250724456872462,-0.1392466400862844,-4.759504477781789,3.48531504981376,-3.7289064877925355,1.0462925523266193,-2.6485619907193865,1.1477804527423032,0.6980804236286371,-5.367085787965035,1.8777172997709712,2.1034796654773587,-1.0862752430606792,0.1655582453529547,2.3066058204237834,3.388387823882244,0.23913833652671812,1.3328227434385482,-1.1554181736968494,-1.5154737773870135,-2.2894569527629702
581,-0.49081325702010936,5.267998853261076,-5.766294444439378,1.913191175138408,-0.5957168213050155,-0.328365505634876,-0.9611668342169501,-1.6605429815024166,0.5793366002354423,-1.1149516980149272,-1.1045683314766777,4.261893244975379,1.6395505436513425,-1.4587771686170399,0.3781152041935769,1.442373760095041,-2.424381714112183,0.42311937478866923,-0.2887880617382059,-0.11933298508161094,3.2818458275890556,-0.3629087839859295,-1.2699536497990405,-1.2408623469849154,-3.9534227737011527,3.5386100759732173,3.087763559491087,-0.545280789000806,-2.265268490412627,0.13759841765092595
582,-1.574591572319278,-1.4508534977680547,1.606571917054488,1.1466954461437453,0.15900992658627278,0.11316778030291808,-4.514878955983281,5.38265183865224,-1.0763028627928324,2.250735880682079,0.8956643023430351,-2.93787020290139,-3.1746961935726503,-1.0731200249688229,-1.1959626154977716,2.1873988093445433,4.064379625747147,-0.8079996010530799,-0.4500913220421552,-1.4886596693848162,3.0655047562891973,-0.5294376935994745,-0.40872341537182066,-0.1885926558915756,0.4456202530299791,1.1029221885297815,2.517271177161085,-1.1730640574996634,-2.8309639400065016,-0.06178562121402642
583,-2.4048858325623677,1.123773875123149,5.965538894249072,-4.473270684496956,-0.35299677375030303,0.14184052143752446,1.1506175859108332,-4.284690924368967,-0.7281520256225056,2.6560393221732603,-0.004126108009603335,1.2103121499168275,-0.9694850552983283,0.7656928622195771,-4.233276290794471,3.559685931110657,2.904103110070327,-2.026720557308371,2.1880203280840895,-1.387605232791703,1.7670771857588115,0.39387084460351485,-0.13859475157890877,-2.822768374076464,-2.947997410667952,1.6512947505664997,1.9452781433678865,-0.8759645171847872,-0.4869015996954573,0.7142906336144517
584,-3.6228817585958133,0.835343115539839,3.9402469201798063,-3.2364024675414313,0.2686318629725961,1.8150623274450908,3.897057533297474,-4.072833865220158,0.6001938819010544,-2.9588100791400738,1.2174825215099077,1.3169100076516784,3.7375855963187696,-3.6159488155249147,-0.4981200981864369,2.4167102935491727,-2.128914588849973,0.08868761269278025,4.3175041131033645,-0.5796569220057144,-0.918346642587613,-0.9059747778687859,2.311444900723707,-4.224970671365597,-3.1662090499248947,-3.1171644910009384,5.036558880133136,-0.887846688595058,1.654327065168399,0.480334284220028
585,-3.224398059642562,-3.043668972042884,2.916387264670959,4.311612818013504,0.48561177619708173,-1.44554482719602,-5.440886276897881,2.9731379594391854,-1.2002560273567875,-1.552992432001,0.7662860280329777,4.4547107487834126,-2.8939861098950743,-0.007183435399412019,-0.2400147160614523,-2.491961912642914,3.4400808618103405,2.193065312187901,1.5401890060297454,1.5808396474446482,0.8123567162452758,-0.3462331378963217,-0.6362679763667458,-2.9508842554572574,-0.9692712203970828,2.181104480851225,-5.031217799838899,-0.7193961886023557,2.9941254928912606,1.5446552350964957
586,2.1181382742809767,5.174709000119638,-2.0882165738334173,-3.258356767069504,0.25784740302066966,-2.2041213365182832,-3.438381931157039,-1.3281680770529753,-1.0746861129206424,0.8428524501063741,-0.25508318568847255,5.253466856712649,-0.6264768995776535,-4.165261674349573,-0.23926045937429663,1.1479458636662585,2.0651291763538957,1.8179239932807683,0.856892595287956,-0.5806916220524485,-2.807234164064054,0.22967101621360975,0.2997642241138774,2.0015979505004147,-2.8046458490053467,0.8560106130735505,0.20276435209329335,-0.06678119638444535,1.4123941530111708,0.4002579272124258
587,-0.09574533246142991,1.115044370204636,-2.6856696068940593,2.209138561014079,-0.8571518191476983,0.31438382728450875,2.0786099319330518,0.7704651314312052,-0.8089882402441049,0.5027197478957852,1.2269413635756932,-3.7697479345917273,-1.855537421640653,-1.6029450838296349,2.076796270119903,2.970719259207897,0.45999503574654454,-2.04902805960468,-3.395581749209626,-1.1419386492125518,2.515693203351354,-1.1531755518353117,-3.082462680210755,6.257465427116223,1.7124757157357138,0.17814492515189428,-0.44183351583594543,0.49616977731811573,-1.4857831197784037,-0.4591737825907103
588,-1.3912399505598714,-5.271443960882056,2.1576236650544764,6.061144871903988,0.6005606447204972,-2.156645270236968,-2.770659940910651,-3.3283707486091565,1.1297584119396697,-0.17799560864085784,-0.1739710410706703,5.321238927291585,-1.5070577174745843,2.2392695900134605,-3.245346591468662,2.4684566146172635,-1.0021287470876068,1.0468068513994666,-3.5433750102726407,0.06374796193809118,1.5065545124925634,-1.2330483026484083,2.0740917989462915,1.1320290395434505,2.9085286025517725,-4.9440658273652485,0.22612107490606803,-1.1877987616469108,0.726885656054904,2.2703292555000694
589,2.0340289503511393,-1.6042615950048784,-0.7191536125348925,-2.3182069370634117,0.2800346336915829,2.3275585605605453,2.230239594576407,-5.139004554103316,-0.35625978698654226,3.292677701894579,0.23303666430333525,-0.2606896196845554,-3.561711337489708,-1.0800799349655694,3.6567095181137397,0.20171987296003735,-0.7437067065522527,1.5270685879330799,0.9491437872454682,-0.6558334289050514,1.2515336784040691,1.0233138491322142,1.3641015056336236,-3.9322593915109465,-0.3782434727643995,1.2395765198986695,-1.6708045462022127,-0.8610119895909722,1.6694433213474191,0.0010401673121407384
590,2.3019624234926503,-1.5290685196253513,2.010639145625383,-0.8194158925295092,-0.16651668899739502,-1.7976004679657027,-1.9708941969762783,3.5113939387007065,-0.7704700177448398,-2.2873125329545125,1.1576795447400787,0.3596032642347282,-3.893912780612233,2.4980208844976843,-0.4387397999262532,0.297547409336854,-0.03667893319028437,1.5737632198935572,4.588882722562101,-2.774509226399182,0.5510818400969875,1.1942961294507093,1.5290701082061542,-5.0888215739173965,-1.7765972743146001,-2.584674534714935,5.503347782415876,0.40789395019525276,-2.0904033961848683,0.5404334726039419
591,-3.0010936457234543,4.205825905339431,2.645420308608049,-2.9695578837933425,0.9927272250384984,-1.8733219094691052,3.0360465179636655,-5.8338736073789015,-0.20194053340741736,2.8388130220999557,0.7173729332639471,-0.5564183325413659,-1.2508461773079649,-1.5899234848732142,4.055224041207325,2.110002164170531,-2.9951470640128655,-0.32930947918449327,-3.3903910253573137,3.4059632119632397,3.431788783902281,0.6113197464214979,-2.54673912677082,-1.5119415901595161,-4.972653369912971,-2.1541762753484086,0.5483302728807544,1.1683428455696694,2.725714188853715,2.6844423379579396
592,-0.8076386675275931,3.3886530988156522,-5.441718159828426,0.5599693201371885,0.011492926720243268,2.2892414816830264,0.5778556413644296,-4.724388859604645,0.1695520465988718,0.9204979025956561,-0.4094337790119136,3.4659170480574986,3.4819262404435527,-1.8984191519519271,3.2721607317954664,-0.21477742336556105,-2.9902170675488424,-1.650673329373344,1.2887828942604855,2.2087664869960904,-3.5654659098259085,1.0657276697290632,-1.3516000394989316,0.35378889833857485,1.0851440394130805,-2.582713125108757,1.8399176309693033,-0.6795283545215582,-0.3377428950807211,0.6749227043293704
593,-2.039410536714472,2.277270830067142,-5.8700882973269835,4.523288403966333,0.3634534624169703,0.7454861375911026,-3.008345337478687,3.4572396495141398,1.1370167991270241,0.6300191991995536,0.3850762432719801,-2.6010065536340754,0.6395688975114062,-2.1052840066663805,2.474980789013518,-1.2272484897029887,1.8984561806453684,-1.6804733708016286,-3.9702031091305052,-2.215265855617016,1.9862478147875855,-0.3705045972812844,0.2656906452412624,4.304035101999329,1.3339622556191806,-2.1771900594159206,2.1234884934554934,-0.9791176989825168,1.423787207914252,-1.724930198589755
594,2.7219534902037985,1.8397062773756616,2.436021607399166,-4.370728625480428,-0.9975841175487663,-1.6293686319493599,-3.698455649325453,0.9032222183557828,-0.07396026847052184,-1.7267052040192539,0.454357585400631,4.1415413180587635,0.7728383176145321,3.078586406681058,0.05550584326556063,-1.5504674794258282,-3.10133668281531,0.7448735946792908,5.12623939338479,-1.4892565409851173,0.6147715894074111,0.9647054787291367,1.099657737588382,-6.316117658125211,1.3776704065582202,3.903429332129047,-3.3432229514609304,-0.5762309046813829,2.2873974858198665,-3.6490433683640457
595,-1.2842659981967373,0.5691896452339691,2.8704829283894036,-0.9091774026882469,-0.8358201635638289,-0.4104090091745025,-1.0663886693506122,5.2926815857862195,0.8022116605012499,-2.131976590605868,-0.7897281126707583,-2.106799873660325,-0.2532184303606009,-1.9507583174653362,0.7296355042774962,1.7444057228365075,0.45416967717263645,-0.7242341564614208,0.8551994518939772,-0.9079691937754504,1.7929275793729502,0.8244756899464685,1.984640893397975,-4.549274420836483,0.4110652563523267,3.7390087810479997,-2.6138672327976877,0.05289600327525079,-2.998473610478536,1.4093708026014156
596,3.0895217037685896,-4.865883411952236,-2.6110338664729795,2.6073588457200394,-0.6028959240304106,2.3829326529670656,-3.55725689817816,4.098943110359869,0.43826881838339826,3.0096516900247288,-0.32214998271603523,-3.667456737873895,-2.8620795102969456,2.1364349310208013,0.8705127307378184,-3.020970125536257,1.3942928682380256,1.481809105835854,4.167519475797949,-0.9837275197663811,-0.6440110293523027,-0.37926268578283207,1.5134267426568844,-3.6739449835538984,0.28795046382051837,-0.5153630725720966,-0.251715100846571,0.8293452791332268,-2.969558152989599,2.6193405834553083
597,1.37493758397272,-5.199674468369679,0.7722830764409956,0.2680537830188676,0.9209209609440405,1.8634790639931342,-1.9323432538902203,-0.3170672677442745,0.9091493894145533,2.8780819478737065,-0.12526968739577615,-1.4125511282580803,0.9351067893971567,2.3056127296313527,3.034767926069705,0.4276340560583023,-3.228156628619436,-3.4749648725377753,-1.0567660998472768,1.8934137369507944,-3.3523597779512375,-0.39147485843527363,2.3680784689728434,0.5391085303095373,-0.13435891560091306,-0.9825758607661719,4.860396978011117,-0.4541733009592299,-1.0064827492914787,-2.2828061513925118
598,0.5115290240112174,2.369202001880634,1.3223094607897892,-4.824732696833568,-0.014014736566228425,0.6357069467182406,1.9858965455806654,4.800663478581296,-1.176521119247309,-0.5090665658865063,0.6215276195656276,-5.722499958593875,-3.0117274725392527,3.5251125567668566,1.9600176351529406,-1.7437467677191343,-4.155385085360292,3.4257291336982227,-2.1451422234834467,-0.9615566590487497,-2.032532693381043,1.148392010161281,-0.6277889296551145,4.618628495406455,-4.253009691679338,-4.898804336864577,6.112131720320267,-0.5239740815276832,0.9181873010178148,2.6454690887343233
599,2.144967098227273,2.5217485006986315,-1.4153877224693368,-1.2521126263724476,-0.5259698036168461,-1.473245446467148,-5.9658656732732815,5.101695949458055,0.04639994543565962,-0.9709311115905503,-0.9527929085962246,2.741493798566239,-2.1381800093217525,2.0859679850101323,3.8560648793626697,-3.429080825607981,1.084075056326597,-1.4588470857703086,-5.248681986137353,2.1649681429227385,3.0702935449268622,-0.8667264575760498,1.3473973952529406,-0.46725063938972866,2.482885699428156,-0.7311453628567897,-0.9151027242715521,-1.0712404168565133,3.746963217626,-3.512360413068544
600,-2.9495145297150724,0.37104021559415656,-4.033735315848048,5.928822014965057,0.2959396594059136,0.3874479555981285,-5.899291659933105,-3.40331045893673,-0.6599057943812516,3.4379785316785707,0.7501515557295839,5.774377825842819,2.432820946806313,-2.1650803875445916,-0.19346578280058324,-0.5473880962665199,-1.0359620790391038,1.5090753988438195,0.38833478136407606,1.6783652676542378,-2.3272220134039365,1.1008286225884722,1.9343134878428465,-2.77462014604631,-2.4163134557402266,-1.5304645375326906,5.039501314540843,-0.11924053587113725,-2.6936351480920138,1.7201523626959947
601,-3.073922127380179,4.646325625234066,-0.27268680841841686,0.46454613042598325,-0.21930638280708292,-1.5449564370542337,1.4986870796966016,-2.529508200558773,-0.16428496285486371,-0.1051695858296906,-1.1105304998682448,2.4108061694148724,-2.057251249079153,-0.08433299064675381,1.7464211668213885,-0.1610249516199822,-2.3597092894442095,2.9158973139679993,1.6014976490172543,2.1810600769209962,-3.5134672317575752,0.8962235338904723,-2.6406886902471296,1.4753746621753407,-0.038360317020760704,3.832405609234719,-1.4399592737246252,0.23201461245041877,-0.3700064952719746,-2.216094135666994
602,-2.6827141479586025,3.194281007319738,-6.175377194215237,4.933913651729604,-0.1363634384659782,0.8662601215905923,-5.0509643517614045,3.614362950781171,0.4017431492715833,2.4216792386220547,0.5148932900283567,-1.9017142769418776,-0.25696614417812214,2.4583611584582776,-1.7213348481420354,-1.893419062598431,1.6855263309062103,-0.2721674344466134,2.444171634753463,-0.9162558614685476,-1.3692011428700983,1.1428879781790169,1.208917239007608,-2.5105198476020654,-4.899175769503977,2.9807899379838823,0.7948475621467459,-0.05488877368810119,0.6438708709547303,0.534556172107477
603,-0.7305430141648497,2.461789298461106,-4.091302614961801,3.288792625453194,-0.0935480671969886,-0.8351882275905123,-2.9928251460388857,0.12802790267759434,-0.8635897007262896,-1.8025265746550918,1.2077784610767734,4.323135057665748,-3.629645880758961,-0.765848797385928,1.0488436522380908,0.9740641384223672,1.9568093246195133,0.41577756286420886,-3.814143734063073,-1.7032978351299146,3.195691713340711,-0.9249890609844318,2.667049479168435,0.5796894376676498,-3.6298896885285217,0.8814971114704093,1.9535080787470207,-0.7606039424322084,0.08633523867294457,1.4691532020711051
604,-1.8781061589673218,5.302285787976643,-0.1899399092048455,-1.37070878704667,-0.48914229191573444,-1.374388640841925,-0.24634375572448874,-2.6229106747041975,-0.700542454469729,0.9864363109502268,-0.26664755881262003,2.850008132760653,2.124397240634469,-1.3212481651313563,-2.31789217569999,-0.6237604965494512,1.2700334494700414,0.8684701472755467,4.261881115327551,0.10929222055385601,1.5261239247327758,0.8417497681729644,-2.796235700589042,-3.9428113281987365,-1.6186998582226515,3.6146326113426426,2.3388193281810707,-0.933457419001475,-3.7253087744050326,0.32401411210620346
605,1.4672712606642406,-0.953643043447169,4.265876602062757,-4.959704482129158,0.8950717020201608,-0.714872039170686,2.417148833225209,-4.732507084467162,-0.1353232197871428,2.83800056044398,-1.1337732190342722,0.7464541296192309,-3.6761738288004118,3.894948233913272,0.4579121087630078,-3.9704274111579654,3.536508358870691,-0.2427674615893327,5.148029407649815,-1.9014021887642514,-1.1797023622232334,-0.1470163965425879,-1.491260600814611,-0.4286478593057623,-0.86338724692704,-1.944983397306654,0.9574173653474887,0.8751829946832919,-2.0972633173815964,3.0730336015852764
606,-2.6832205701233853,-2.631056747696295,-0.7469772884676367,4.899977076835302,-0.45270232577001956,1.6139798552221922,5.266276927036998,-1.1945993303614273,1.1294502366231427,-1.11565653965242,0.9071346810357781,-4.99260597468221,-0.8665657391966661,1.2308746784138975,-2.61424371958735,2.7874033210769156,-1.182542915758301,0.6450743750507719,-2.092095102478659,-2.128269526261306,3.621522559452387,1.0935471804252375,2.258387325463195,-2.7530924366015093,3.5234540544127526,-0.931974137910462,-4.357592724202036,-1.073851537026453,0.4666251721860135,2.373339172540959
607,-2.697919901248289,-0.8540357262325031,1.7725033295314958,1.476784549329242,0.8939461016820269,-0.5912783530618224,3.5563040883791004,0.26145650331313064,0.073674262859873,2.6952052822689545,-0.9456378519170743,-5.641002284904115,1.5127999408830028,2.1027392930754694,-0.2878496884390387,3.2714005391035066,-3.819645186708886,-2.7794448979147734,-2.6908896645250024,0.002382371404600292,-1.085941345761281,0.6186224468394537,1.5025491620321105,1.6532770300095052,0.4428916161579508,2.728714410522443,-4.2111157835811035,-0.3671274423634463,3.6932535723486026,-2.286616373083703
608,2.770946786220968,1.3074656373053415,-5.734034553786181,4.604471658743567,-0.9484709715822803,-2.0003785569012758,-6.100764218530838,0.721333161470394,-0.03183014994134581,-0.5093475475914513,1.1418908959994027,4.778717858593744,1.7007987286225834,3.319623356926705,-0.90610247273165,-1.1217736533605223,-3.6616862145491975,0.6691402550913352,-1.463016901395953,-0.41117279556363506,3.3763950622512198,0.39826759257700406,1.2928150976799824,-3.1932880555492176,4.277860266820259,-3.2304894345302593,-3.6121569567055865,0.1539339192704441,3.101376372974343,-0.6905241678284675
609,1.8396738929640364,-3.492926628963829,-4.052389744544328,5.069227500723009,0.22699934116064036,0.4094156386606045,-5.793544482189358,2.696691496595758,0.010345841962963398,-3.152639000139425,0.9296519919147306,5.309494151855208,-0.3788407008550436,2.2849029884127496,-2.8424843021649693,0.022484561773197242,2.786702693339148,-1.872765240505796,-1.1824761584857164,-2.6894947960111377,1.6101052351911171,-0.18833187329549705,-2.466218796357806,4.9164163889584565,0.08813928608493882,-3.872812095593268,3.818223150939943,-0.31045109599229814,-1.7477462631597511,2.024647017721165
610,3.0599090930764135,1.8322789406220608,0.615192075827327,-3.858276065029166,0.11995434298247298,-1.7690583874790171,-1.6482470409276146,3.939733771290573,-0.8949188134709471,-0.11891124573456047,1.1087995058364744,-2.3864561769940558,-0.986539019241075,-0.7222564105564047,3.5872982789948225,3.928364354782648,-3.824214468392718,-1.9826527355879868,1.3118201417367175,-2.190997932279787,2.8321366042623772,-0.8507860128640949,-3.0982919047480237,1.9961191038922337,-4.829654873519418,1.687226543512292,3.363181169154206,-1.1183545634702177,3.297663451706928,-2.40006172738307
611,3.605270709240507,4.574381480886306,-5.648180792260131,-1.6175120078748826,0.7142859512429744,-1.6282453412346918,2.266245852575036,-4.118079893184348,-0.10915093579702173,1.235354550380709,-1.1656254802633956,1.8912559062888974,-2.6465015409106787,3.9988028109171303,-1.1387754786599817,-0.6797724502739335,1.852992604312199,-1.3867459453854245,-5.905043071878136,2.225570708345142,1.7388351909202022,-0.43794884725984584,-2.869432577712521,5.248018597584611,-4.031786084880441,4.181696961277176,4.879090062688302,0.8607367249159736,-2.1714466936126158,-3.718290970387681
612,-0.715887480433091,4.110276182875179,-2.6335729494574878,-2.90458542607594,0.3690262805788578,1.7747433925126117,-2.987251629626982,-0.03983112700784375,0.920306838729088,-0.21336813359685003,-0.07937274441487574,2.399516795917336,-1.1008039444246691,2.938077158516208,2.2007854036667887,-3.4208786177201915,0.03272501349027834,-0.6499050135290787,5.862983014864074,-3.0385622966327457,0.3241991606921175,0.1049822205751445,1.860516990384637,-5.114119089883751,-1.724742412276786,2.2818353436895826,1.7711165914324631,0.21807621417822265,-0.020199306404959927,-2.5260864306178163
613,2.1830307598967735,-2.9931845111452198,-2.75333325674605,5.513797553037087,-0.7776779307889519,-1.1726326142535175,-2.0886710061718894,1.0376297360768127,-0.7084188482234621,-1.5694042709878335,0.7809781272976526,2.5478862620085856,3.32871049579089,-1.4398893479019108,-0.25284331544875016,0.8934267898144448,0.5481364877537978,-3.0775411100091272,3.667686036097919,-3.181694863566804,-2.742941288736418,-0.3041383605349619,0.7506632351504798,1.810425241589268,3.3227069678147245,3.432736031271091,-3.603815797670034,-0.5701769646558725,-1.135137200998459,-1.4463130357607685
614,-1.6942597087021305,5.3268741628520395,0.2812164430971684,-4.400629717441255,0.5789801084763266,-0.0921812882820312,5.886822590540341,2.2574412008833775,0.32955235187916543,-3.713526005057197,0.3617812762944812,-5.1220714145403505,-1.3866193829478064,2.3793167272289963,0.7525732488659855,-3.170391178843186,4.06128193230542,-2.636161346610047,3.7227182352267505,-1.6211082706916322,1.0607370742562878,-0.6195854519227524,1.5962855665330888,-4.139047153402263,4.538111830878215,-2.34910629115738,-2.088377962021667,-1.2249893572262893,1.0298035504195404,0.09455822910829959
615,1.0300364455745346,-3.7266900010000903,4.9486272992199645,-0.5218856558275142,0.676368220261554,-2.406456308228317,0.8589441990068103,-3.906651491466821,-1.176948191091733,-0.817891670111651,-1.1565204798492017,6.199067633512442,1.503629656230494,3.0591951036068252,-2.789813889217722,-4.016982455202154,3.42914444643176,-1.1851728618498267,0.6767779760053294,2.3706729366336603,-1.9124308313821032,-0.6742276405574188,-1.6284724036814424,1.167679962981417,-3.2227188526440926,3.242316501498344,-1.3461213873736533,1.1610548971260162,0.16233132765537484,0.0031375137387534835
616,-3.641220199023591,-2.5784070513658186,5.384031359672939,2.384766216747572,0.38897171538992703,-1.9381420414208854,-2.3854991195441784,-5.12193259493727,0.675171081016507,3.383636108829453,-1.0681862204810266,4.516810745116366,-1.9493915665820936,1.7542313164275072,-2.688399381694996,-3.6276626140635955,3.607583402331798,2.903638843580751,-3.0881004622699813,2.8750518026417424,2.5354626050705846,1.1281655968637665,0.3931079204333976,-3.8436874627400783,0.36736597613601063,-3.6469386201336818,-0.7704599351806642,1.0319788692504304,2.0203843655934612,0.9976693443351561
617,-0.42618394577404217,-3.4925775113653117,0.5913056510058894,1.0148819193743037,0.1569034783693808,2.1556704083899394,-4.213354071460543,3.189337201119958,0.8503868263473091,3.6553912290939294,-0.9340475835994084,-2.547713601501382,3.341505415820574,2.5082361280724754,-1.75231375967161,-4.082679593782203,-0.7803953287098402,0.7656471382700012,-2.829229214312104,1.9902463719711498,-2.5265578643225517,1.1729283897611245,2.7467528946442386,-0.5541405777424302,-3.5999441292634984,4.337814124076438,0.9274730824953714,0.15880800863132016,-1.647915925958758,-0.1762351599801395
618,1.4681759387220943,2.564915945754578,-2.5982878030107486,-1.5981317931718948,-0.8497378273616558,1.0130655390677674,6.1112130341386965,-4.168869016049847,-0.8712615859239277,1.7226661545705824,-0.8196919389901227,-1.9740566477455133,-3.7468963233000085,4.098156369415882,0.10547167129458757,-2.2723534402847605,4.07210398569978,-2.2564822628261236,2.6118537936556088,0.8021652643026638,-0.3758624573390197,-1.241826007691198,2.6825491233727963,-4.478879716301446,3.9538041830021555,-1.881807327208186,-1.1991152180032465,-0.7124277937700878,-1.924535537431309,1.7640816934114305
619,-3.407610061692832,0.516699908081172,4.640401501169219,0.7588061295585788,-0.18325790153528776,-2.325039575580729,-5.193662352785225,4.646732274436058,0.372913342170448,1.6943266724530375,-1.2118381277222579,-0.30847180855219136,1.401782085455249,1.576001132930319,1.0348577485814054,-1.3606204017960604,-2.430641935358599,-0.2213786298129765,-2.566258985317912,-2.2298684113278746,2.94673013461745,-1.086966680013969,2.130990027002399,0.8053739150392971,-1.0527361710528247,4.563456073747371,-1.7292511702493059,0.7440527727953352,-2.965775548300318,0.44025404306048976
620,-1.445554603779323,1.3562630448183342,1.7552874483669605,-4.105233178938551,-0.0025170987314078186,2.441754388264094,-2.6969666872908213,6.170851584792963,-1.007689903657793,-0.834454075000135,-0.08514396644411004,-1.5465969524002219,3.0439043851261154,0.44927037929693725,-2.9094713924541455,0.05380394535836075,-3.3150842096238957,2.677576892295935,1.9287946105768548,1.2742353624477722,1.6540135313142486,0.8177037732834895,0.08479880473000456,-5.7595460823529905,1.9240037153766743,-0.11438936702205282,2.306698119297973,0.7847567682289496,-1.3544859436301664,-3.5465832922506237
621,-1.0999587360771663,0.7477959541017682,3.3805932737230684,-1.3472259827830264,-0.6708390138295814,-1.0103654951349519,-0.5641166744027544,1.8253271136741454,-0.8285189350804929,-3.6607320648938053,-0.4042760737339588,3.6323166344367515,-3.8356668867091592,-1.1214659718101547,2.7539958545871137,1.8471518842652195,0.3164677971280696,0.03951732253822726,-2.0786137912718345,3.3847460797632962,-2.0979391349815426,-0.9718918990013208,2.51502768131102,-0.7513289358202613,1.4035571330772818,-4.160320015695726,-4.348622824916223,0.9330122805958485,2.849608931349483,3.3227644955900786
622,2.2676249444091674,-0.4114229133577503,-3.8776915303331236,0.8552244921286771,-0.7112329366565788,1.8774979438096953,-4.555581090693508,5.015065771352024,0.609504105272519,0.06356262111492939,-0.1331238240012409,-0.999427583044838,-3.0240450808623507,3.719337799979172,-1.3307166311700662,1.2645241298113383,-3.825129601443056,3.196029383684273,0.11281604143115231,0.05599885603302468,-0.7337528544838303,0.11156616104242545,0.06606533073866672,0.3873064652379199,3.115626935378284,0.6765717042164496,-1.6935332305369464,-0.7275679975293192,-3.163868485749962,1.7927710742222374
623,0.7760627555207584,0.20050185748671367,3.882731391153424,-5.748673303658357,0.15200001720386025,0.7373772822936893,-1.8228001381480183,0.2864030222183409,-0.15236488132740966,2.155186336085002,1.138361455004386,-1.6047857938323595,-2.153324685915644,-3.315271051998417,2.625318049305747,2.7175775531447,-0.4619844819579271,0.587684617420841,1.290340466066862,1.8146554627651135,2.856645753703841,1.1336478577153999,-2.4296922839879773,-4.6655972562638794,-0.6829216458321419,-4.713518143513456,3.127682634499898,-0.01131786744829455,-1.0674982507725623,3.34757327306734
624,-0.4692319248685628,-5.095238760494876,-1.0888070491714998,4.466843565841103,0.2815411697633592,1.904892998930542,5.3496541186771545,2.076422433939957,0.164997317983679,-3.6272101068082936,0.45072239523262425,-4.414586159025163,-3.001310318561412,0.9373263344961558,-2.2613035310049163,3.062868725896667,-0.8763229603140026,2.13874174948684,2.695846594940214,-2.0397081319289825,1.1851666704185462,1.0400755147964977,1.8678680939194283,-4.749248742146349,0.8719515978621537,2.3026506446650075,-3.497543159875061,0.5320009159703414,2.401413626999755,-2.610473625621415
625,0.8512181707083215,4.138578235285387,-1.6821525757414513,-0.8434185181337277,-0.6049305887444854,-1.8592947233739725,-4.545650265822712,2.6306726425490794,0.4565634522671296,2.2171172474756062,1.1351129501789021,-1.8938160266480537,-0.1975595153815526,-0.5217928613196356,-0.3203028879765064,1.8350723856357227,2.2205826946068967,-3.015999815565575,4.571813502228476,-0.9102238158703564,0.37934259650279856,-0.3811817328950813,-3.0244970738109505,-0.6352534761555546,-1.7111187077371284,-3.0903003273342193,4.1537252930649124,-0.0023174195471176162,2.0136136511866027,-1.3636024896322816
626,-1.7988083305329816,2.8291791915057907,1.3249596843271192,-0.6377201170733287,-0.6438320746145316,-1.0737783536120116,-1.1916339262457214,-2.090098525622107,-0.4245379568614238,3.039358619366709,-0.9763532589320656,1.6432650482945519,2.565845975310946,1.3221957983530537,1.9944101434857266,-1.3310594142160053,-2.148611531549008,-2.402780971385374,-2.679941248204134,1.3689509035669687,-1.9063702264605062,-0.09617313997191612,1.3508904718900236,1.9626432391789166,3.083331557813203,-0.13635096267539026,-4.446407556443173,-1.0359564113739412,3.4452365158355036,-0.9098531431554253
627,-1.4740307100383099,-1.3272689200697876,-2.765768033078068,5.468640253009156,-0.4339297756353171,0.5323571858123781,4.660023076234793,0.7822105070689709,0.5071726486024914,-1.552323823567482,-1.236729908726594,-3.160352499612241,-1.930408330337606,1.5511863028861477,2.8853563183014046,-3.2692765031071076,2.07923819126972,-1.3160959790132125,1.1657165716628484,-2.1967765531771324,-1.783985466024662,0.49945740492156077,-1.8197942708332544,4.135382313449966,0.23710815633108595,3.002456703775973,-4.4189627384272185,-0.6927490569138044,-0.9617636046916633,2.8339105399263964
628,2.818549772883415,0.8686558402200752,-4.508648757469857,-0.8376808021183102,0.3840907670910929,1.275033179393617,-0.7278066401280725,-1.7702017837524195,-0.9422265364469187,-2.6581742811411484,0.31901116367283855,5.779398077795673,4.185435191102506,-0.929737219769379,2.6455701824728273,-0.27372144756314754,-2.911308180110538,-2.716238526132914,4.184120149292255,1.823408483772436,-3.042724140117487,-0.1523421928160955,-3.125405995668407,0.3129436955366245,4.489158196930614,3.614636126999816,-2.433720933136005,-0.37813811855506163,-2.6003508997216507,-2.6915843725169566
629,-2.748041375682888,-0.14024794493584025,0.5768131481174983,0.8082997152892339,0.30675974404562467,1.196416713166398,-1.0779868723363677,-4.388747749526466,0.7738249099694148,0.1427317061784894,0.8633588914296721,3.686819114285214,-0.4627583963072084,-2.2732791715371192,-0.17523684119753824,0.060303009887753944,2.32781130857272,0.5231600905807579,-5.607407082504409,1.2608936154980928,1.933971725737937,-1.091944535675247,-2.293758202823108,5.798244479766076,1.1124649380850293,1.2282778474201912,-5.45085382456989,-0.35076470273062377,3.163219119379775,0.29765662241627133
630,-1.6426769787336983,1.4453568755566053,-3.338912316692422,2.4174006636988423,-0.3479818619318824,1.466813618102604,1.1570158589767061,3.297820709078213,-0.09070431304220872,0.9413485222014533,-0.4499629953221671,-4.855517781892086,2.2761713000768076,-1.730955176358533,-2.6373229901739013,-3.1344472160370564,3.3149718450584196,1.911582237433663,-2.5515857316725565,0.13183203361261064,3.1246300031307896,-1.019818075973225,1.1338250519866602,-0.8188832810849327,3.139689564100294,-2.2303040912318437,-0.4817871046187818,1.062503377617845,-0.7598622058195819,-0.7302395400471742
631,0.562444145972151,-4.576615823752377,3.7976837718930625,-1.9380691418364435,-0.19580481279584694,2.35036186051952,-2.257824681188076,4.538469679738554,0.5993282015143508,0.4352896895014027,0.502227312843055,-3.8174902024093953,-0.7634399443179554,-1.4240900896470219,-3.1246285843928536,0.8056348808770188,1.702819554250791,2.803704183229428,-2.428068462171275,0.9748391275037882,1.2189635055081034,-0.6918274043319732,1.3779775381102883,-0.4518843046195897,-0.22731631534095698,2.929608100798063,-1.928134101562506,0.940275301028243,-1.949720728507799,0.23528774358570104
632,1.8556716077733029,-2.19266410413816,-4.594024261127867,5.106260063366456,0.2633062898176233,-0.4385495956912884,0.4818681634025346,-5.154593044308896,0.4695514372355003,3.611619805097231,0.07936549658055814,0.5121881419929721,3.0428195349202376,0.774757967155562,-1.0022138731599153,-2.0297797133406217,-0.40083998323827075,-0.3847439323375941,-5.172014158414342,-2.094437487000107,3.6016307792718116,-0.012664846459324863,-0.45595655404900626,4.133442266650352,2.583668777554685,3.6748442317374277,-3.647701033565756,-0.6843585911716064,-2.3438099277457187,0.41735654319168347
633,-1.1324238797943345,-2.1514323500928825,4.58825270616024,-1.057463258955302,0.49214447838631603,-0.7390776957039655,2.328342557525385,-3.6460357297119117,0.091994486461914,-1.9151312974023185,-1.1064336928730256,4.24726367599985,-3.20340288753847,-1.1744898898474467,1.732733086353221,0.9509609704227024,3.539500810955232,-1.8453020903458466,-2.175786821525037,-1.9188080832804708,-1.0390140994574324,-0.0009814916549180097,2.4901699373816193,2.64442055853565,-3.0195060025267324,-4.664061118567778,5.6279969013807545,-0.4187120839339489,1.8655251843871987,0.6087571192612504
634,-1.5181384381239678,0.9641230463607471,1.3473388354078573,-0.00849105418101459,0.5895567944339444,-1.3743891838974722,-0.7251873343973401,5.015341191414834,0.28349332937362703,0.5253016348644302,0.7367549234065898,-5.835703744662233,1.3299563289096206,1.0231180982498316,2.3955872638144946,-3.456703576822088,-1.3447575858320349,0.052799471679549015,2.082132336532176,-0.15106639054402038,-1.659298497183281,-0.055825820936965975,-1.7916575565311952,1.57571592866271,0.014968364224355213,-2.612707426775998,6.190137080773244,-0.9025502270601526,0.08335883538584987,-2.773206626546516
635,-2.6124833681187116,-5.109978653067106,3.884618004026578,5.32502750225559,-0.19859067525110818,-1.28859280984517,1.990489898487919,-2.0515290880085857,-0.21412872948025807,-1.349094822617662,0.8472916875791823,0.7769710540392722,3.5802853368850442,-2.9116156499443733,-4.166796954811177,3.7236889107573745,-2.730555936419126,2.5049942935316167,3.9618939091719945,0.8534766910157146,1.2763155182545525,0.15760733627798995,0.18843885413268424,-6.437732308853523,3.4408532595185832,-3.474747932777003,1.1838544888907556,-0.6179992196956752,2.2258987610812326,-2.7578593570171073
636,3.514090438093639,4.04738236766114,0.24429290945415616,-5.761991363120789,-0.8440289092571271,-1.1997454428309453,-1.915558406941308,-4.368796815109306,-0.04142199401964142,-0.512220032051502,1.0245920741939623,5.8134051739276345,0.9339614566383574,3.6965390554902946,-2.212772303092086,2.002897990383069,-1.2820788009906892,-3.138547398429605,4.582082655599137,-2.7369061847531952,-2.8494330592847312,-0.0765291390703835,2.9779937221063815,-1.8972079945978102,4.5418407702481325,-0.8813304988034751,-5.855759733504222,1.034001776910757,-0.568634640134178,1.7298823252838211
637,3.1996912178857997,-2.0115307890709637,-2.106157830532595,-0.9370549776231201,-0.04219002659578219,1.8972424059367334,0.5989769507838894,0.7883452241441411,1.2243732151617719,-2.7743250738017693,1.1581895229083168,-0.9955598391964884,0.5110510077972528,0.27068142626617586,1.2897587755585675,-2.9334353402082325,-1.112925942377558,1.9748700729631565,-0.9320367622264207,1.1751431117665945,-3.592639135051627,-0.1512857476885907,0.7381723858705218,2.762646147328933,-3.152517236136088,3.534143371690295,-1.4457676949107743,-0.5250130251229228,0.6520577774821419,0.9370968069981789
638,3.469582125896956,-5.4540296084304,3.309759893946975,0.7237324799081435,-0.06845870609139304,-1.9805861852302016,2.2348860762468803,-3.4959276815951945,0.5138002273827738,-3.715747598857929,-0.9928776551932881,5.455866632016605,-0.9252878522797943,-0.01669762995519264,0.8038534795716679,1.6358404021203938,-0.6479959146523697,-0.8497124848053303,0.16085378472859801,-2.3278757668359678,2.7829602235466737,-0.07902012888305521,2.4553967526177516,-2.992314865174592,-1.4307804733858625,0.905703789216389,2.9299504491967596,0.8532405743204947,-0.0012415021947500549,-3.256872837152171
639,0.26142503632755343,-0.18391352009794915,-2.835541533325813,1.6936550574981624,0.24688759139053928,0.8174873682075479,5.324890362604393,-1.464219034241303,-0.8342445032236734,0.07558959537520771,-1.011182479836508,-2.09083394067828,4.106258441591638,-0.5364453735029748,-1.687812377654602,-2.4736485910048174,0.9441893728159485,-0.352541472245786,-4.957957627128891,2.5476197719109805,-2.6696026937900967,-0.8360987699958837,-0.5470760970661548,6.463115416069435,-3.828238707825122,1.975094990137336,3.4251098467830836,-0.7501899178624658,-2.3379966779034014,1.5162204666714025
640,0.9075722334874285,-5.5061181350122865,5.469463033911083,-0.37743932379172307,-0.58623700306124,0.09275919446676006,5.102076028611453,-6.154514162653307,0.8061111950862418,0.3637593792490694,0.3337858786691541,-0.45121831896280185,0.5985527652137925,-0.1663243777237362,2.793680944601043,-4.104585070936825,-0.5648816051017924,1.4435573439468996,3.9879690421684657,2.436405543498058,0.19393977301103504,-1.0363989592685536,0.023502676672464418,-5.605418076082092,-2.7668766752053813,0.43420973773104166,2.2024630096018534,-0.6679379964348113,-1.0787331854779225,1.8768751097860559
641,1.6654896371045105,0.4837848129525746,3.118287345882102,-2.0011911952135506,-0.9421068771138197,-2.324263723611807,-1.951587285180839,5.34753682929075,0.6904533939037627,0.6083344583169357,-0.8686370309834937,-3.8261003653472976,-3.961146910963903,0.4545674167253537,-1.915405944492969,0.8841466717911572,3.6318394291547342,0.9059993377849977,0.6039994915089189,-3.062049963650235,-2.1770693028785324,1.191364971275406,-3.1057187785604565,6.549473582304287,3.002490277180435,-2.172115656457148,-4.129730684812472,0.10612930617080263,3.2788838209325633,-0.08565706301333265
642,-0.12634147688285147,-0.7794028073558756,-3.1136237947526944,5.311684625106253,-0.20675102620432262,-1.085565519910487,4.568529725570727,-1.277437057856254,-0.9468966817085578,0.5152491849710099,1.2274890174325899,-4.086934188409671,0.4489638071785649,-3.1799269743277225,2.5396642881132543,1.9331727884582008,-1.3370860075256168,-0.4047879018973308,-0.8481891510659096,-1.726824548527425,-0.7270106622274284,-0.9963963971773753,2.747276425370032,1.5511443336274873,1.1546576574009997,-0.4364943147791891,-3.4555172487028827,0.33129952541701346,0.5983207722938904,1.8077336083710485
643,-1.9229679502181831,-0.038606825002521106,2.2895789888639513,-1.2742072728976552,0.6205618412329086,0.3256412180215502,-4.968017861834635,0.577900581514939,0.26601756787971453,2.790035337764685,-0.05148112295474583,1.3855454976298915,-0.5716649216132836,-2.518770986627322,2.6146664842598177,-0.4189005312107632,3.282769499509012,-2.388099544318095,-2.5577313607792043,-2.9423530066261527,-3.4023495205670375,-0.3625471740207553,2.6578102578893894,6.607170804103163,-2.324289141504355,3.435668652890506,-1.9324217900785392,0.40603795746042515,-0.2186603881953051,0.6336647094281531
644,2.6795380531216715,2.868948533362488,-1.1679422777381596,-4.859334283756144,0.0893692204326424,0.38942075457753234,-3.0558794330621737,4.707757206566047,-0.921448432647467,0.7641393671016186,1.074722339890525,-2.569291047848715,0.25337614804442055,2.428739812006576,-1.2245004613065475,-3.9902237795951976,2.945440512019328,-0.4128322311692205,-4.788025629224606,2.5555075794955293,-3.010604030303508,0.3386074317473291,2.4052921369127507,2.4992225113719115,-1.0205630506903596,2.260992564696192,-2.296816201635341,1.1747976760226022,3.094894522748433,-3.2133055111406517
645,0.4881583727916645,-5.6154543073180605,2.1466172770353005,1.9240790409081399,0.3958801972058965,0.660719419377088,-0.36973279128366343,2.618226907178176,1.142287725686434,0.373345111938038,1.2021847844531983,-4.96631173797233,3.991711495937544,-3.1305622530775583,3.9189028782748956,1.8529102618658833,-4.0451021879884,-2.5878601950129863,-1.6966496045337962,0.6625330544455696,2.3374523607520956,0.11139257540236525,3.2067734689907503,-4.62150185505757,0.7384736719512013,-3.8662537396491956,-0.9568591576138061,0.8921368603197894,2.7736310112012674,0.4188713537916211
646,-2.949144141274896,2.188211623262653,4.7217511471620455,-3.519359671717403,0.5548843519782478,-0.9963433094106247,1.9694653203533115,0.3863518803314463,1.000678767451035,0.7351147912800471,0.5537679855698538,-4.645378744985841,-1.1384810943935193,0.6628902129290992,2.7695048603499863,-3.362354092550534,-0.30142952271604884,1.3698696363803684,5.256257887468362,1.5108598795083825,-3.5682691465564975,-1.053127767466897,-1.5496068101258231,-0.5961140428281269,0.4411835255765162,4.84868480315961,-4.355726478000598,-1.0163091414002388,-3.394198514132343,3.476365804797947
647,1.4491480552906992,-1.1576313795481603,3.1567979071998025,-2.111689452823196,-0.002351376167167407,-1.3342737539519511,3.8387173334608207,-4.894080838624813,0.3454608802055654,0.4678684839799594,-0.2417123736206639,0.48374651459894835,-3.3335444721883594,3.7062011306743194,-3.2812197334961564,3.622176260608896,-4.0441149594206,3.3305017738212364,1.7669722647085209,0.7793959926187704,0.6988993276186086,-0.7544317155507239,0.09352241981069476,-2.584358289206456,-1.974933535072502,0.19952883373272456,-1.1107142451844467,0.8378455509024718,1.890083761642991,0.1581896339796689
648,0.1113235969842119,2.4962503839580634,-4.529619112916485,0.8187563723324054,0.6523934479929316,0.4508953116489245,6.014657651691177,2.462657135977949,0.5018361629122996,-3.08058273760836,-0.9716193605176375,-4.92694885245562,1.5755568473935,3.5363075068991776,-2.5852183136726925,-3.8439911943099183,-2.177611516634345,3.494956670323628,-1.0068809348410532,-3.4959592585950627,3.5135113682670465,0.43645596589658897,0.5882615606892951,-0.035388701417414126,-2.52062850712273,0.9255428000329644,1.7576171002506165,-1.0518958820608173,0.6764696293818631,0.21289485951903053
649,1.8990552453843748,1.7217637333723133,3.8193102504224967,-4.671110996345924,-0.6419445013711225,-2.127073731462052,0.9144984714835154,-0.11916539665436332,-0.8772563714494721,-3.500086120739077,-0.40480799609735385,3.9868174134565457,-2.2577031477384644,-2.8171801003729477,2.522743142243833,1.5689190508258193,-1.7132204131274325,2.696441468168562,5.943945164841285,-2.9853799109501864,-1.6733525104936984,-0.37023925592297147,-1.135882167445322,0.2209086799702895,1.6742464924113492,-3.831060353308267,2.187712759712724,-0.8303895761691189,-0.0582571694413474,0.8577478467955988
650,0.2206806155779759,4.824656071035829,-5.733710041854071,0.8046486365131358,-0.10891539989523635,-0.00735988137750887,-6.006794574490566,5.461743504012041,0.36988069211716823,-1.4216775625311264,0.394438286611301,1.202409654280988,0.3872612303796892,-0.5300088464849466,-1.015150107288827,-1.4463610660361095,3.726079985152232,-1.1218211957226476,-0.5703412478206644,2.1760882415029172,2.7999982588896195,-0.6779437011640619,-0.624083281852494,-3.1037182695558982,1.9697328326803856,2.9635973598556085,-5.518554138185166,-0.9646427012492094,1.1584732502981439,0.3913933966011829
651,0.9050299213511881,4.485371839485328,-2.276614320136858,-4.978493906355226,0.41119542443880164,1.453511041216867,-4.474967207523175,3.517991868831004,-1.118744103815469,-2.9303740880002156,-0.511967647529084,5.518061178036721,-4.112814837483381,1.4189423347112786,-2.537158078658857,3.9409723228015103,1.6361819824851302,-0.34612372385628376,0.1457590916631979,1.2101833838372844,-3.4332446876048053,1.1551212149357672,0.9206233213536024,0.0015576758143609482,0.8617270184659098,-4.910027698662674,5.6952031457175,-0.7414151715234372,-0.35256089532656176,-0.5529263986698005
652,1.3765171205366862,-5.268017805800429,0.8416003738755933,4.1261041914402625,-0.855817527807337,-0.2203863522446703,-0.06745064307622428,-4.75119826026668,0.35189976350476293,1.4768238399784863,1.1502486659540478,1.8396766339054054,1.6580823755961624,2.9136231441482217,-1.1267708616283816,-2.34144477230922,-1.230655463104494,0.12716557729709876,1.5382841656658712,0.6698471443086511,1.3871290725314545,0.48895705793454614,0.45991145508279807,-4.54412889552388,-2.484986903503259,-0.5918994359783873,2.6673225507470413,0.8090669808343627,-2.2204645564176584,1.820961364318837
653,-2.965160147841786,-1.3137983935229443,4.914517022589571,0.8759714120924542,-0.26642794077123466,-1.2451019525459692,3.7112335434149912,1.1859793129483833,0.2271987181598698,-2.342912372374915,-1.17988694662361,-1.6016122555249197,0.6218567653060063,-1.2612244482854233,-0.0708402157815442,2.1569324140433643,-4.1721069608837436,2.725382445600747,4.570366331481516,-2.405365279624224,-1.3950270092581043,0.6070544975693899,2.926089146917155,-4.303117687086271,-3.2127639908965264,2.0318751588885924,4.629948416211313,0.5589108463609271,-0.7792376328021735,-3.228732797761211
654,-2.515616671341073,0.6398276913882839,-0.43052609529330965,4.013240397220038,-0.2493694998732292,-1.4575558221005913,-0.22459458258087395,-2.9982385946439862,0.4147248546387159,3.498964715010274,-0.7445950467628082,0.05373865433850611,2.091525482889029,1.204401966384168,-4.122658257066568,-3.613158088545564,1.347401982451128,3.0924869138872104,3.645977436360049,-0.5371496643644065,2.273647240132597,0.9848304983048175,-1.5824234317383254,-4.78488207869529,-0.20365620592562195,-2.5293869771024724,5.509042239905913,0.3365851973798355,-3.0415696922593565,-0.07101456199741918
655,-3.2686819302570473,3.5828927574470555,0.9884089298585792,-1.858764059917199,-0.031498776032589326,0.5876430789013138,1.6856365830372368,5.905600945954813,0.11545775577212147,-3.4433754975889403,-0.16802832905524046,-4.095291458120162,-0.6285843679674521,0.36920750183906037,2.06104420736364,-0.6028638666371293,-2.833232437891569,1.6344289632928408,1.632076687814397,1.3621483485119512,0.5310912874340019,0.22995605088807203,-0.1869756005030574,-3.568296774145921,2.247287174314419,2.079161901750197,-5.189973278936655,0.002391162223974952,0.9676781018875591,-0.10654506123862895
656,3.5435169516555227,-5.703723422310581,-1.5636800197381113,2.470660506695822,0.4933240545081179,0.7599019291893718,-1.7566529999157119,-1.2872094386831456,0.17252542521447278,-1.24561786546996,-0.7531148107079817,4.8700696895621505,1.193316260030329,-3.1732483584061537,-0.9129042887530083,1.9399834866374732,-0.17227983307785877,1.125132733568602,3.7717498444434803,1.1300556501480852,0.11135249119469748,-0.3098956837411295,-3.20797885672855,-1.4952834453171349,-0.08460175742293785,-1.3088349232798002,-0.3151804682829571,1.0284813390266514,-0.4980899501545206,1.178225760114504
657,-3.6313991046360883,-2.5655905314286684,5.466136982120577,0.06044037428769755,0.21093003763582763,0.45948224202082244,0.32590197526133835,-2.8998801263221736,0.7105939230616949,2.0992254430705195,-1.0020459412223803,0.766204726150832,4.13310415500791,-2.63784309314393,1.5905677223623371,1.1790177869073268,-2.325283660271502,-1.9395629108627581,4.031216726009543,0.023160144899579294,0.8284891018984268,-1.2372736493635075,-0.978696064425419,-2.666896259019179,-3.707563043990703,-2.7122341000545944,5.68050295444846,0.9474805832322071,-1.0021299786114852,0.7939435849770291
658,-0.2593229500545853,-3.8413547372032184,-3.8294689947012266,5.709448814623279,0.7032233606964651,1.5174745066394593,0.06654370045110625,-2.6614555631406667,0.7475093316538572,-1.2407912068730216,-1.1419155988801126,4.230109336788697,-0.22508641566630416,-0.44715380701053675,0.801789110057328,-2.831802543225338,2.843989892481506,-0.14173623663728918,-3.925574883112052,1.8030917693302655,3.6430499445385145,-0.21806473195755682,1.048107073269808,-2.3506091720695466,-2.191437795625397,3.786117888873399,-1.430073174304816,0.7259946664211228,-0.3587691363242964,-0.5318324490390829
659,-0.36287564867165756,1.1681474719518583,-4.894181311162413,2.2015008427964524,0.9578928860275595,0.9295157590583667,2.800570780557134,-5.514509183946952,0.5753468855103048,0.3410135169703885,0.752422017888267,1.0451559830207202,0.7843845655467696,-0.4871371345645663,-2.2267950925456574,1.1467151088336998,2.5598799111340043,-1.7770473584048485,-3.182069439911043,-0.9875292077108337,1.35923578473027,-0.46621626212831035,-1.688927451339893,4.965506576359257,2.776097770362739,0.07108692659117466,-5.471005744239651,0.9653576230668728,1.182690414367002,0.47577300985281923
660,-1.3876025717839209,5.319105960634072,-3.010616660319716,0.15707495391822235,-0.9668326277424144,-0.11112905470607437,-1.6693063524548073,0.31688847900338857,0.4461368784044524,3.0492618819778414,1.1455562218889463,-3.288537108819934,3.828706957176653,-1.9233130302259056,-3.325339834129288,-1.1103686542268765,3.9074477484968497,-1.3771331870919976,-0.5731084254140377,-2.24954647249454,1.2828349992451322,-0.5517338250654893,-2.177394887681535,4.268948611409879,0.9524369277566755,-2.014938421812669,-1.9576833420048558,1.0468133005947458,1.2230726000246293,0.7502989354424177
661,0.07199459482915671,-2.3290727304100542,4.614377974805745,-3.4739428336536946,0.646570135565327,0.4700728588636913,-2.425305068411177,3.4673978710881492,1.194782262639503,-2.8372333013912314,0.552051065541562,0.04830717053307154,2.064650094946078,-0.15567055580291722,-3.2850437846955014,-1.0109684523152982,-0.23840715597627593,2.6254398538433286,-2.0219140399565667,1.5854031433981728,-2.6849436853585917,-0.22449453188750468,3.174876870030211,0.17107224377367558,1.3476236684615621,3.198384115870848,-5.168994704992922,0.4115455089249238,-3.4063380515962614,3.6177794633327913
662,2.600979586082378,-4.428547606424601,4.091017545931159,0.2005776828640755,-0.6105325773713619,-1.8534946310814817,1.0741446306766633,-0.01232094256000238,0.8924039776255848,3.2247119017841577,0.6134225111803495,-5.792362078706866,-2.0173292437893178,3.0736072091901363,-0.38634646683341956,-3.4309289310215174,1.6819355363536985,1.0790618960998657,-4.018560304961007,1.213470359702729,1.1700362999133809,0.056346169447994754,1.894488440571033,-0.3157809646747012,3.478316793838811,-2.4216799456312152,-3.9019351194767182,1.1991392036344397,2.494639782322828,-0.8484807146872093
663,-0.25004065629451944,-1.794934023026876,2.928439657054245,-2.238736118857016,-0.6607211807894837,2.0159923219138225,2.1275386725031176,1.8370249325262336,0.3228924203519874,-1.319892470170922,-0.29735442583669514,-2.6702091293737915,-2.6377077636935624,-1.2232056145828505,3.3335873298912695,-1.2577211784728117,-0.31714615449817174,2.102193381355576,2.222796546996971,0.9901095982717933,-3.6977943818525603,0.788192282505217,-2.4391845632954023,2.135880517373426,1.5466399676607416,-2.4934224019573747,2.064062330787081,-0.5953719312970902,-2.7873432498141852,2.265435284621784
664,-3.461715014828888,5.468528129411862,-4.084665589604068,3.7752738384161795,0.6669426719239464,-2.36436403531886,-1.8155511626431746,2.170517182527856,1.1232259286990711,-3.5596766052101696,1.2444551243078745,0.8370295323184713,-3.1255133753389615,2.082053610245282,2.288699195169059,-3.8561159318437213,4.026504149287355,-1.4156276475196243,-3.381537401694139,-0.1707577969242795,-2.987653898043538,0.02473227565292735,2.7954623590301537,3.71975446197834,-0.6484774983105623,2.1071233889829557,3.397183401584183,-0.18248010632716927,-2.2362140557002945,-2.437135130228178
665,1.3949237061561526,2.5756070242170104,-5.631335542012142,4.318670832439114,-0.19727786866987684,-2.460588152130092,-1.0110582339179466,-1.7359794391256074,0.4071789302416775,-0.9812695696192524,0.8964782236115854,2.424650088809468,3.326411478652833,0.004067913258097633,-3.8068228199486978,-3.790429641422243,1.8106080648004266,2.4561650046589776,-2.7125968215827747,1.5806335612826459,-1.608106144336375,-0.03833148593208513,0.5652008715259953,2.213200019042066,-2.4057412420783884,4.700778759132902,-0.33089247096378926,-0.20506158770953942,-1.9393932585417133,0.18030980016144582
666,-3.090888001126766,3.649787057916871,-3.3711799579643014,1.877242813144754,0.9808792644011657,-0.04584117637158336,0.6494554561954615,3.7083319269133455,1.2258467909705937,-0.22137732445598957,-0.8337255173739067,-4.528531332249582,-0.7675113688855895,3.0653719978796445,-3.098283726745956,-0.10522876043087237,-0.5998373967422665,1.5054892549244023,1.0062484310180473,2.5695472068170098,1.6456940989130686,-1.1635791460840759,2.423625512783138,-6.481536103447709,0.6346137465428896,-3.392568174373661,-1.3487042576413977,1.040507251468437,1.7625820009327953,1.303569433071857
667,-0.16473238595741257,-2.535738069696766,0.13489451854587386,0.02696181196491665,0.40225719210048494,2.136356933043066,-4.479498864814914,2.1875337940043735,0.05339899561097816,0.5771519104647318,-0.9690621566019644,2.630476321336694,1.82045277357145,1.7008691267149736,0.1450898414801145,-3.984512037493614,-1.3820279796693384,1.7001282753957767,-0.12095179494087915,-1.4493443880623733,-3.860776885663972,0.2697303440341088,1.9888205980831977,3.17252212654941,-2.81664930924347,2.696812899240779,-0.7689628954668528,0.01975181563745121,1.0826393792666131,-0.2135918894336175
668,-0.04096575737102093,-1.0729566579413294,-3.3915424006873565,4.593116568219845,0.01451296897462706,-0.10216472119462772,1.6119235198084638,-0.888778055523467,-0.6809421815752117,3.1004756005899736,0.8086643629411556,-3.951343246241013,-1.2214870731222973,0.4956213413167241,4.20438824768523,-3.1041508035587206,2.154076386005741,-2.528448098327317,-6.112643561553675,0.6091556962959768,3.9101068622116557,-0.6848139321957403,-2.3984408314914045,4.676635766732716,-1.5999063251844028,-1.9507075518525987,4.9743579918111855,0.7801357872758796,-0.9082964867708441,-1.2955834152782995
669,-2.3882309637988364,4.06101790387978,0.700549227433001,-3.56678130699375,-0.8924584081256848,2.085903547605648,-1.3775229833699925,4.723220441487385,1.2048405452593123,0.7429445440795401,0.5282063689090961,-5.821688916365424,1.3138122093402913,-2.294719043379258,2.226886406668328,-2.938453729651359,-1.7148865201733265,3.407360677194692,-5.168965313026618,1.269291764360995,2.633377857063479,-0.11672702718300698,-1.2634598711817837,2.646482589966471,-1.9661705296263037,0.6183005710389722,-0.5930873332591275,1.025489967740005,3.0722309202930056,-2.1567635961856
670,-2.4372322493548424,-2.674487739777195,0.8585992192217731,4.416253465367788,0.40212789071068444,-0.5652605861680495,-4.698090435694574,4.982654637985913,0.004817918449790071,-3.6132119093960675,0.7297789545662772,2.594050834088538,-3.750592566398092,1.6946044277412362,1.0498446901515237,-0.6777112764476243,1.2410215200661092,0.44283320488624334,-4.834798121131783,-1.4726789364584203,2.539145982875567,-1.120777697752326,-0.5322728019793583,5.421381574445874,2.415561463747707,1.3682834749811477,-2.464087527259526,0.49835927957547277,1.2771996905134628,-3.095316381557323
671,-1.1134827926314994,3.5853999263428733,-1.6621590473199852,-0.2586462232125193,0.447282407628939,-0.9983942708076654,-5.367546724710426,-5.496279631730534,1.1026638132707953,3.4994092096818434,1.2353581553860717,5.0263951781021206,-0.3719741810327548,3.0099566453699182,-2.7305539473257276,-1.868572538036128,0.06423094106134997,1.8969130799627436,0.40767230449126046,-0.2504951104112614,-3.949740526240088,0.3532831176747564,0.8773533369207218,2.5619268775641793,-4.387076826925108,1.7847719553990942,3.3380453282761344,-0.6197376029368762,0.25505848158060473,-0.37106133539288955
672,-0.1126729055962361,-2.545851696179799,2.2535205360365715,0.35755480194004363,-0.19644371435372077,0.24389297815327105,5.006382415886225,-2.89860831251789,-0.2403616320374029,-1.1096133157274881,-0.5624703478584658,-0.19532880774509565,3.680773065828948,-2.483846859131857,2.7722246499698215,-1.3647730054629452,-3.76680090633832,1.1624230551337398,-1.162969650883447,0.6428212584304305,-0.37780736808213256,-1.1988484107890582,-3.079268529160748,5.176072700484504,3.754052799292115,-3.746460820711661,0.6107934648058588,0.9435907494071358,-3.435413541777276,1.8734373489848046
673,-2.106021558316975,3.9517105385918363,1.5172808695168953,-2.9419554157017522,-0.3774398716228953,-0.0435745624669881,-5.163855229633818,5.626275905929791,1.216784735291255,2.90777986376726,-1.2192168440624638,-3.3677684312921627,1.774532074383231,-1.837560146643547,1.971246775854194,2.4644834343725073,-0.975432934870966,-3.397269203096009,-2.398146136660067,1.4968958575266758,2.28918686484878,0.8363692554360203,-1.8600726452265128,-0.36423319592535464,-2.5585140984593124,-3.5210084364031253,4.150740351655081,-0.9659707326668769,1.5090132111781038,1.3857397046971087
674,-3.697241556586114,2.376369017039316,5.647159645686138,-5.201003915559866,-0.13693008480194235,1.0116468942225616,-3.3968284089817935,0.5601143210575046,0.1691407220789065,0.9295439325421953,-0.8127863674777274,2.5508158007807538,4.045294285495078,0.18142796128439542,-3.9369720139678943,-2.854721765046367,1.509281536762657,1.055689995471532,-3.131357657322699,1.3443895827666257,-1.0614786959377156,-0.8499649655508801,-2.462829112464391,6.161240848508584,0.3432098375030783,-1.9454819026345298,5.154718646814242,-0.3489622642555332,-2.173032875201896,-1.0304514422243702
675,2.2720811121966022,0.6075669281515346,-0.9538434017065249,-2.5761264486136284,-0.39286657941938863,1.043188389391494,-4.013342735994723,5.60288676205905,-0.7010419437699076,-3.0425858640879557,0.007123745273808879,2.1469600365195554,-1.8188423404010745,1.1151463594744229,1.607644640662457,-0.6181028798766945,-3.089754377923258,2.8039085980635576,-0.43878414831612744,1.0292587623965321,0.5193093279436809,-0.4343459215690295,2.853749267120387,-3.5291872875758976,4.95191491323034,-1.9083197526697049,0.9640805479040715,0.7315569453115209,-3.0637090462597456,-1.6755236075154727
676,-1.5799982796591294,3.116369871372946,-4.0144971721861005,1.5456827663747426,0.6409897475616253,0.2914530665360182,1.9470775052842555,1.621843007223223,0.14935508147118792,-3.170386128970362,-0.477647180012136,-0.07024228499633978,-1.8238660740601738,-4.068317143250516,-2.0278254734831034,3.4512280924386545,2.3471780408681155,2.1216025574864474,-3.0846524293367175,-1.68852308841646,-2.605491482370125,0.10050170587351648,1.2106043540173754,6.067560940231964,2.804149879711396,4.262351896572703,-4.224905829425541,1.1948580333683338,-1.933916488199845,-2.102537492026066
677,1.242849299768089,2.042349131031038,2.064683915847233,-2.671330750382751,-0.5711646424673467,-2.1073869537962144,-4.031334079612336,0.24065594526015133,-0.3730033893408633,-1.3440229121305745,-0.19311644677810325,5.70082088260153,-2.366381563727076,1.948494768146979,4.171961688408576,-2.9464648094649633,-0.20645024367581044,-0.6011598396883091,2.612009032442522,0.061944672184061744,-1.5530302495714423,0.6164651860064954,-1.5538258506385105,-0.18356279042355084,-1.9672088325597485,3.0839036894122174,-2.7954339726129938,1.0558543440471748,1.1043467594883758,-0.4814619877740327
678,2.583009848451102,2.7546502979397225,-2.552742246461289,-2.6853989714509723,-0.11951279779454049,0.019993869316037305,-3.861314298175955,-2.8194428306428314,0.6256606128778479,1.106411711009482,-1.2168764279158886,6.165561232847136,2.598138259337091,-3.1816181331465963,-2.516824779984841,-1.2207868637744124,2.1774067072295296,2.1436848103386232,0.08302202199744002,2.5683194961503766,-3.919222115739066,-0.6936761663717155,2.2283195163350342,-0.2667627523725038,-2.897298096587317,4.449167565428759,-2.675000817595965,0.6213171816310723,-0.5496638226345514,1.0514779897589932
679,3.1529635491172385,-1.9783814887640219,1.7798249165671116,-4.3620761694365875,0.9196095822916188,0.4880596102246866,-1.814489125697122,3.86678450462054,-1.1149936435175256,-0.34239081355025647,-0.19166913358433746,-0.4032417882714725,0.8720478578435369,1.4591544532800071,-0.9162577633228821,-3.4891403442396296,3.618858738635339,-1.5446629421969984,3.293641353547411,-2.005228618424228,0.18631416556800673,0.879156567065146,2.7673874620610857,-5.121270929817815,-3.788670573471663,1.5747827798795377,2.8218093290500796,-0.7282234791304703,-1.3275606163386744,1.4478625600121582
680,3.6062485945145433,-4.541082295110304,5.181083403852089,-2.196052780294824,0.04332001367650484,-2.093516936637962,-5.387178637459687,-1.4433067355219755,0.4066585195669683,3.2134242270829034,1.161743422618013,2.0486592037135978,-1.0202444040599907,1.5445225211975853,-2.837724862291548,2.303351029858298,1.3295217027213795,-1.3194259874263334,-1.096050047873895,2.752594717009721,-3.5945575445351583,1.0274854668254267,-2.2300346018174864,3.1405620103910117,4.555402140268459,0.8106099442673411,-5.058271372199908,0.3218736689481405,-2.124019695282442,1.4944053139993514
681,1.9979906227036572,-0.6736904737965972,5.2245304622065944,-5.222369820598825,-0.336586346150308,-0.9898744443645011,-2.6374752987182006,4.865484360700119,0.24084266066846904,-2.0864065165885464,-1.181279576807479,0.7988343707454426,-2.5550867680066567,-3.7477880983823155,3.6051663174245547,-1.3277796754449565,3.6389414600073806,0.3865467644013787,-4.52244780560417,3.211359355627174,-1.1084630419806452,0.6753243336977208,2.4308010329066487,-0.6865738746471237,2.6976517812753578,-3.0659619970210166,-0.8817134569136833,0.010954806787855986,0.3724247690867841,0.8666440967856328
682,2.0707563223757823,-3.1109916852114416,-4.263267536395816,3.062268400119436,0.7545380081446846,1.4866964909673719,-3.6767595657432075,2.7747050107759392,-1.032906358898812,-1.5191236508780648,-0.0724378694070058,3.5265224341509693,-0.0688232580597763,-0.2883410749229611,-1.7016366291407898,-1.5188234881149096,2.284031360102766,1.2935930901350758,-0.23445073678419703,0.9467934693978819,2.3072746460338536,0.17275064931341344,-0.6242144041886206,-2.5681536237727265,-3.6568982586935626,-2.7850226433731926,5.880092200028731,-0.829986931564541,-0.5358373584805776,1.9276529920840844
683,3.2865101886435895,5.38090024943876,-5.756119789164181,-1.7040420095286422,-0.41246961145906424,-0.7947790279304154,-1.5560224585315439,4.587220912375994,0.2306703128865415,1.7841524318925224,0.4062269071425586,-5.452248105766216,1.262045395378383,-2.9477516969104176,-0.4667060685262072,2.341650127934763,-0.8604938594451355,0.6712561015680016,4.40786091401575,-0.7857409223560126,1.1454957159443246,-1.0587835597933237,-2.093727219993095,-1.615104927818038,-2.9709741389361106,-3.133404209744004,2.7006236084089146,-0.3891853037631865,2.4012561598893285,1.3916838841460013
684,-1.6322341832711835,-1.0604281615560538,1.2717600494419408,-0.7044211305478321,-0.16296969758850244,2.2882931235216937,-1.4149052416750116,2.0860556144267406,-0.47106443920039087,3.237914876926453,-0.14021859917061263,-3.2977822113072968,1.7348193568258523,-2.800406839227424,-2.2548163258310048,3.70587547264131,-0.13177383200165593,-0.25369783240766886,-1.0718041366123003,-1.1263937226630958,3.969093580447378,0.9594670792064974,-0.0017987434756285836,-2.7285640569032594,1.1477204709352513,-4.6150751290528795,4.237612679416237,-0.5543872285878191,-2.4971210154651065,2.2812502227552613
685,-1.7596688176848048,-4.295647309681996,5.0926995642300525,1.4751423448133387,-0.5871008659874304,0.07457508431088122,-1.4974738519344442,-1.154445871891408,0.8607886210013458,-2.408348294588521,-0.9995948015888931,5.1990741990017995,-3.0565160398728484,0.015886208424312542,3.830912254766055,-2.443306244817288,0.4576995772225416,1.1953242442765912,-5.9039990138524985,-1.2587898395482515,0.5272707768773301,-0.37857590882644665,3.1068286123637066,3.9072653729857088,-2.2107408257665746,2.927105742567459,3.8134119537082825,-0.5980389015052738,-0.6234373052014828,-3.3083006638014574
686,0.7228709423603235,-5.03102352375058,5.066985472073217,-1.4062791224764624,-0.9039569726896535,1.5514032044831723,5.406087683071604,-3.1818067041437246,-0.6639647245216747,0.7809210709510861,0.8982169855099587,-3.239454310867348,-1.960816612605747,2.627812224210235,2.108528227438459,2.2697083350440614,-2.706971648328313,-2.3382605257593347,-5.092310375214389,3.041031296945988,1.666096014133334,-0.5019263718608942,-0.5369201047405685,1.4240295407360541,3.36956227223558,-0.21035227315594085,1.7924649268267885,0.3151103077288573,-3.596490844783885,-1.6702943888504471
687,-2.2183090410030086,-5.055001996840417,4.877597115252499,1.5619202040208577,0.07260007242771183,0.7611936461423543,-5.514916752148462,2.909672004314121,-0.8589075340545724,-1.4991476220771922,-0.3420919416606276,5.30539184562662,2.043940462567008,-1.5456323544981476,1.2274697066739328,-1.2464337667638254,1.6807883585066499,-2.160132406486259,3.683473916524477,-0.20057985746178808,0.2543828288170218,0.3853214843372479,-2.7386299220074157,-1.3839684502100127,-0.9175159616493787,-3.7094038516162975,2.4490056210074407,-0.2654258873975497,2.3262969146949963,0.11704316496173561
688,0.06289108846467073,-0.9926528559003351,3.896224464349384,-3.4906825023686032,-0.5311757360529872,1.055395541507881,3.9628378933012662,5.192072771954624,-0.9445949470008745,-2.6431711937113818,0.6065090837868228,-6.173653608330554,-2.2984054279560784,3.3832378908039438,1.560071781585826,-3.5616917654290656,-2.0545104176762052,2.971297938670954,-1.099136325434234,-2.3163665111085034,2.7848258968023387,-0.4362491315791148,-0.4539458312530762,1.5208719025720896,2.9788927615714407,-2.176760674983772,2.8571986289525455,-0.49630171550023405,-2.706380006438355,-0.456648993600659
689,-1.4005343411394442,-3.458546493000135,-0.06015940517877283,5.702493195846092,0.7393210761702669,-1.522574032698003,-3.9129855750086655,2.6231618453139376,1.0566392302981384,-0.16811691940234752,0.11650999394350059,0.28479142485533515,2.379359928391164,-0.2863408761817894,0.9740152997543561,-2.7343531864714006,-3.396055316952289,3.063374151459307,-3.9839619403623416,0.7361375285893672,0.513240947343526,0.282126802940752,-3.205400660231218,5.657857321719405,0.39300147676493324,-4.122305097013985,3.7833334631906865,-1.2326320274741662,-2.0470579231989294,3.22566010773242
690,0.8877623069097513,-3.46560763925957,-1.7492081567365787,4.347150194096152,-0.9016630997810444,0.8815663947713226,3.062574082481486,-5.829706930640722,0.13532637830081296,-1.3762306468282652,-0.36729531992092745,4.375332436607504,1.907275569508208,0.8955662562683919,-0.2954946029757224,0.7465875695248911,-1.8964620048138485,-1.3574727875125472,-0.5714195500726582,2.8394278852320696,0.9273622338192062,-0.931701070650143,-0.11066911210263441,-2.1530003862263207,-3.509015191674539,1.0758102513368044,-1.2817048699804872,-0.35824689929103304,1.5757170423445928,2.4974396672655566
691,-1.410933854692729,3.7175411413496775,-5.631921682386217,5.354168802467463,-0.8907531718769688,-1.1381012348612032,2.6241265117469332,4.6686734143006134,-1.0389747439656691,-0.4195894909982396,-0.657432800595382,-5.1768028904883145,-1.1640052653486652,-3.445114081827194,3.160120984599928,-2.003548073326545,4.064689467186696,-0.6121430312848606,0.4665390152266191,-1.1362380974897892,0.6313388839375804,-0.906841805586021,2.0627117826311245,-1.1175097787199917,0.1980384852852879,1.9067510497876476,-1.8386752500946812,-0.14568553913043747,0.639141215185747,-0.759569961032664
692,-2.377939506656107,-1.4658959043133137,-1.8132656114060381,3.8746276768961465,0.8162058075163583,0.9662675379630041,-0.43730046239674536,-2.1840635176996095,0.398662893511891,-3.2625551434175204,-0.34417261095383545,5.8294288409557495,0.28590726028528124,0.8788975905716612,-0.9015974362274655,2.42087446040653,-2.245751082843764,-0.438330792192863,2.6104130601332898,-2.3805211452770862,1.2985478708426434,0.76077148165907,-2.973111509273636,0.6839002419152322,-1.6408133940545326,-3.9161590074660033,5.079103248389707,1.196077801025794,-3.4946527285089104,2.776444080614862
693,-3.2928245859620375,-4.301766554433506,4.337406771805458,1.8019561596042415,0.15150734357765572,1.3037208654082146,-0.04069673812218966,0.3615969168913331,0.4147593059834147,2.9446161728449276,0.4216588520162503,-4.101934509613788,0.0018941368738616404,-3.44919453017204,0.5103743664292999,0.5715064759570083,0.9436088599513468,1.4218106909599193,3.1640576802991873,0.24868601316398475,3.828751540035679,0.3014875978208016,-2.0083551217014968,-5.5346277096186185,2.5514650805616483,2.528565788088592,0.15421106775876936,-1.2103122791469545,-1.32720680291016,-2.696722854350975
694,0.7646715247540747,-1.9754853510560437,0.7346368006405264,1.6017139848787778,0.480536530140685,-1.60607348935803,-0.6890248061624078,-2.2105585206197986,0.7142006594604569,3.3995176296400906,0.790876533954366,-2.0050114962727115,-0.812973172956486,-1.1937044767811553,-2.0786892222111355,2.873018659542634,-1.6442837621312787,2.8566319745367963,-1.601795480153143,2.657278913333446,-1.3682199876413321,1.0533981883178285,-0.7422290771155939,0.0015674432583239195,3.9506264154129305,-1.817788996855672,-2.9720851413608003,0.61004574807684,1.5985788243617236,-1.3693768496341328
695,0.09705815713529908,1.1847004800762377,-4.093612075774487,4.117310848114304,-0.7547520905890412,-0.550705318962315,5.634455874853327,-3.290438373623715,-0.9144279960635817,-3.4522377510697186,1.0351447552016175,0.9875034907020925,-1.9616186807177183,3.9711153536466846,-2.0390430679069063,3.595263372649473,-0.7062754880446711,-2.8594414896274767,-2.0861933791674794,-1.0617025652545387,3.9034436082167865,-0.3035521488880981,-0.7634733954431194,0.3114778805359677,-0.19503288197359936,4.361691892350976,-3.992131942523116,0.27293263029772774,2.254070991455926,-2.7015306896070115
696,-0.5014750584747087,2.002100062406356,-4.853848234151677,3.1213904205937943,-0.8576744611535134,1.089507270779741,-6.058336768450786,-0.7305800866232204,0.1733754590338794,2.643929816445606,-0.5992706529076894,4.570882232502232,1.9835457810377015,4.03175437405887,-2.5919069684726193,3.8202213704308825,-3.564948768483921,-3.6786657885715357,-3.4764411261954713,2.7601373424559625,2.228417218374833,0.7924508210652368,2.2627035748893345,-4.567267830590392,4.854874517612441,-0.7228479091946163,-0.31061339096378404,-1.1552005616836096,-0.45479599091214773,-2.2114166648574063
697,-2.3392049319669646,-4.197055344607698,5.9957985129229066,-1.6828224412972794,-0.2247437547050306,2.4480279596540626,2.0272594997477285,-2.1909729691585333,0.8671421338431831,2.235851268663332,0.25408749338529457,-3.1933674264809966,-2.523019083131418,2.9118468260734502,-2.7141296970714794,1.1288949719164343,-1.1744457782139968,2.37085276042637,-1.528925143628964,0.21381810068161933,0.7255233160860541,0.16593930962112413,1.5753197658138376,-1.1516753485741447,1.3938697638056787,-3.6738562567457294,5.601518629156871,0.0899941273762801,-2.6171501561783135,-0.7943761074139033
698,1.6325595012666554,0.25387660418858715,-0.11631386811166777,0.012965758424279272,-0.3319445437293018,-1.4511434520386004,2.4713985684083006,-4.1156508220234045,-0.5791671727534604,1.0549397727479644,0.20961170491471037,0.9588679487058975,2.890149390111258,-2.370049929756682,1.9287620322557402,0.9147457719248671,-2.5393751618438163,-0.8242321026919637,-0.5760282540089143,-0.6970020664672187,-2.5544250886316764,0.6940593969234321,-1.1607094391828667,4.294105451366768,0.7206438988153145,4.419076574804659,-5.943596256065284,-0.23752861746368925,2.020690488000131,-0.9792860880902712
699,-0.35135594465122644,-3.1100090011796446,1.7981126874100823,1.568057846613506,-0.9190439102736547,1.0142383220808835,3.861243999496015,-0.0856333405281049,-0.5740265532868616,0.6012367636699576,1.145442888494495,-4.948263757845485,0.22896488272008497,-0.9934859347996223,-2.778346046136857,0.7724111875390349,-0.5161610155358076,3.286616926212595,-2.1633322625261826,-0.3512037066141911,3.9519602279855626,-0.21698553639822293,-2.0803932478288694,0.859954525381454,-3.9623581824671383,4.220869335003552,1.7990124749346208,-0.33026706320846966,-3.318684286773287,1.5914277225116038
700,0.07482794343050614,-4.139443527633727,-2.530687170992966,4.211374161059787,0.2801959076415419,2.103732686494789,-1.0380379745243111,2.8670591546294446,0.12305802742224703,-0.5509193750417296,0.981001920875034,-2.3821617533607125,-1.0379649308410475,-0.7847119990611091,3.559629361106417,3.410101314376316,-1.7431062988667723,-3.403947446714385,1.2144676110362127,0.43244869470717084,2.7970924788038793,-0.7272994798259811,-1.2154669026992462,-2.5012424020224593,-0.43990745663861475,-3.5953972034631967,-0.2559153409283539,-0.34550129821634634,3.484940789674006,1.1517805095733742
701,1.708140948606463,0.8088960106051175,-5.378174907166237,3.0299122854581313,0.2501174000855766,-0.41889173758911546,5.539425604176898,-6.123058429209884,0.9519346644871165,-2.6754041828972124,0.3875981274903113,1.9195042159527311,2.6464599874596466,1.6565527835276477,-4.0768135403226164,-0.03722037276770962,-2.1426489064880414,1.9536700485904923,-3.7170739715178662,-3.419637241120604,0.4804101860615866,-1.080281303595446,2.0592660670168126,5.677316263155092,-1.9199625947471368,-1.350999624155559,2.1031843875141725,-0.01460398634966431,-1.6722287625872987,2.85461058032633
702,2.3576544811645483,4.119631078858795,-5.365325426408642,1.1454659124254114,-0.411216286091346,-1.846209759948854,-3.047748676971054,-2.219169389395123,1.039848707768403,3.184331558054595,-0.5189686921080314,1.5617064926511688,-2.714738400605915,0.9845132166681481,2.4781897953825798,-1.9283644374081241,2.083472396889224,-0.9030725709264757,1.515367119016478,-1.7515432086368552,3.570226497344219,-0.5185692173794703,-0.2576149589672081,-2.557866231377581,2.3782874732623753,-1.9640769070288364,-0.664384173774863,1.004595852217375,1.2232592939206448,-1.9776815385958528
703,0.5685548699279028,-1.8550542304794249,0.8972297568720329,2.0807086002466058,-0.6045228630970292,-1.0869161334701776,-3.1117800226688352,6.2449918506946815,0.9225184487992024,-0.37434833324144456,-1.12334470395515,-2.5580372396285362,0.5066126931024328,-3.5824067142533096,3.5749419121932497,3.983801021649871,-1.1768895400150026,-3.3060593726777867,-3.2738655025116437,3.1911765169667845,2.447186315824979,-0.06015316035560492,0.5548845225416912,-2.859228692466626,1.1651195723875567,-3.294407115391529,3.416560643339448,0.7683473896266122,-1.644894114683952,-0.41072637527730294
704,-0.7845411126243995,-5.370461928372336,0.6171405961562009,5.069956963028027,-0.5180076401019862,0.9859131219143844,5.633791242161962,-0.5705910728575532,0.16715354134351923,-1.1421046925015723,-0.8824396085744608,-3.205809409571991,0.9176330658161937,-4.02282719963506,-0.46030227655651146,1.7579556921407828,-1.826313452325902,3.6338541705599674,-5.0134311308499555,0.26328396783026164,0.3392688502780743,1.1265357488457948,-2.2667852488830675,5.551127812778439,0.9125757121541724,-3.307815446606284,-0.3329011401230595,0.7299233720384182,1.326671486488916,0.6715460160486781
705,2.7859639408335077,-4.933449232061932,-2.40227939084118,3.723239273208982,-0.17769867393091232,1.0042240827914295,2.816126351234125,-0.9319517646835962,-0.333470066762132,-0.7588175176554355,-0.034610800505964434,-0.7572762016270858,-0.6839878569724007,2.5012831562692064,0.5247563564544464,-0.9677987684867553,-1.0917587056970603,-0.28249418156798534,-2.9020085111666987,-0.6196613828370054,2.8515848211832697,0.8327345533359791,2.1849217443257256,-2.347571224841701,-3.4202115435242035,-1.2956610421449497,3.2526815987505167,0.5500545356641187,1.8091832629842344,-0.89604681172891
706,1.4544407205319452,-0.5029020392678589,-4.393153588581562,2.3037717007478697,-0.6215656121693127,1.7594088187388088,-5.055935874782236,2.466232844017078,0.39691854398639936,-2.062033435859421,-0.04815973525554362,4.302977657893585,2.509826921289399,3.220701398067966,0.8608626480097179,-1.9514699265018471,-3.8891954608640997,-0.7507255800016708,5.001087624289372,2.097535436623861,-2.621459770462371,1.070890904526574,-0.24383671566912568,-5.304217479308765,4.270370590379457,-1.177325789644506,-4.3337596000313106,-0.6196813144175817,-1.2082580215909857,3.0686541353057244
707,-3.4891726852512956,4.709065367245696,-0.9037597385230178,-1.247157366268226,0.7185126469472807,0.21251177584943015,2.075894780273533,-0.9237054307434605,0.6545097586872259,0.9906261224376944,0.5591076384806115,-3.356432869135759,3.0565823406272763,0.06265451272760458,2.4327121229833573,-2.457520101783004,0.05795003847912383,-3.1523789130348714,3.970591360811021,-2.42046290802533,3.0497126043453626,-0.19897421966313722,1.3745410093873698,-5.775407846855764,2.9707441104318377,-0.7607954597872997,-0.8294630344119369,0.787445167453602,0.644244034632715,-2.812174818318141
708,2.8369224803371367,-5.09501587963981,3.246467410736397,-0.47876997998842086,-0.45142308110249063,-0.05818095034292803,-5.978921094949893,-1.4582282998586358,-0.6680519231858559,2.1124417947661733,0.697614404478827,5.2951451187492395,-0.6137005269574018,-1.5243222017739058,1.3370262476306571,-1.56175036811646,3.6986574853524488,-1.3359106361358517,-2.332527739235225,-0.39206635854284677,-1.2462587039073103,-0.03294283805269416,1.704481503886342,2.2993141358512723,-0.7357305156705856,-3.424276001809467,3.714103406806032,-0.6371475927402548,0.04159877494202924,1.0414519284730588
709,0.646623184767023,2.82223256474893,-2.2498716023514866,-0.28780787944123176,0.6389764156469142,-1.5701526833702282,-0.08650051036932282,-3.437376043381665,-1.2014770737404894,3.7212078713896553,-0.7571176941346689,1.7612634502363242,3.0096800085814905,2.5520868960850365,-3.1368301264820158,-2.6469585658718486,1.380444253296357,-1.1584224656095277,-3.6060024666913044,0.17411069326124995,-2.529797617510491,0.9693707921316435,-0.3747137876796973,5.367032386488148,-1.621671866762469,4.129495771873298,1.1374520814151232,0.14750137582637457,-1.341542048722264,-2.4512353136292564
710,-1.132789583485577,1.3299205202327045,-5.239909329666244,4.978958840903683,0.9500254829485342,-0.8862059309331904,-2.0002096771306306,3.2905328708566266,-0.9748537200586096,-3.4580334377826922,-1.0181029652682905,4.160666929383414,2.1877520650953315,-0.27905418482789557,1.1145922236843475,3.6519247633520457,-3.233186034010288,-3.442028833294021,2.669587909740219,-1.403215083819335,1.1495209809875924,0.33496735912959075,2.2079937481221297,-4.958854914160639,-4.94364546512557,-1.9362777725330922,5.120821216244348,0.8874315323408775,2.7407480152565213,-1.8690775261822594
711,3.157986848810264,-1.6161827301863987,-5.86391593752445,3.124296393353891,0.22922067890123232,0.9685947466453761,-5.518572393344684,5.396665582858962,-0.9207423763555553,1.3241345277571632,-0.5581205586989171,0.2766352177828324,-3.7099586311360433,-2.1500822534184962,0.24332172173210154,1.5151870077314555,1.5595904784515824,2.5419416766389276,-3.067715726977898,0.7968871288600088,-2.6175019695752155,-0.025461714851837236,-1.412639437508279,6.326431720052788,2.0364012535914,-2.6301772132730434,0.7814775405887104,0.8409633285186526,-1.9967912486164483,0.9681263391915316
712,-0.6948008324831108,2.826622385162864,0.5879162108521605,-2.770770565692608,-0.6425335259181948,0.6935663280788145,5.370237512773041,-3.7189313073222436,-0.931623164359471,-2.8207560521285657,0.29517351877252995,1.8058994922645546,3.1586199706000997,-1.9247647641396703,-3.9758981138391416,2.998983288365544,-3.72664741565829,3.4697070346709893,-4.82317664389198,-0.5740052159935267,3.419162700231933,-0.42620577340459675,0.6550546226106366,1.7491703104470915,-4.5709878127959325,2.5256628138373145,1.6005317060246718,-0.8005295135796677,1.1885120700506384,0.05681073646379353
713,1.3086138152436675,-2.807380709846555,0.5079307253275935,2.360574404249828,0.7773808734027838,-2.1471191083773604,-5.31943579345824,0.4696911162329158,0.602310096120676,-0.3088431480512952,-0.39157973661010814,4.947857465765917,-3.799460151205576,0.685004125421738,-1.6739978055782867,1.9994124181909854,3.1675059549414613,-0.37846454177078925,0.8942294124763634,-0.3817239725854762,-0.8429798364687624,0.9215698412270452,-1.843232322773673,1.2521368781240696,-4.661020051011148,3.693918095001834,2.2847476792439423,0.44404549324721376,-0.36306332413673736,-1.3986278923443312
714,-0.1705596634305273,-1.8368462785797277,-4.246174633272144,4.719988744001231,0.8372301989456115,0.6963616323354831,-0.972899534820268,0.8416846816553907,1.2236641945544333,0.7843122064176811,-0.06446152393000926,-1.8123000238773308,0.9821070450509595,3.7269079901986046,0.2967236725383984,-0.7476325027593838,-0.7417391047204624,-3.5163671003085852,-1.157018003416674,0.8399133370746537,1.0610919684575109,-0.7922818267651541,-0.5304108997059895,0.5787054243552028,1.814521384867934,-3.3489485894597557,3.7440181008373408,-1.046706900643073,1.9218600063682771,-3.0847440019699572
715,-2.3248267769094166,3.0063928069556027,5.534347049497246,-5.937742670460327,0.42147109425100915,-0.6996415033341812,1.4067233793443137,-2.779560069752904,0.9583960459955447,-1.6480126619680124,0.037800880370511436,2.0246524260104266,3.031848753419183,-0.2663001279561499,-3.9326974700930144,3.1253150123689615,-3.578851581098604,1.6206854133591655,1.546257247842565,0.8478531217751577,-1.6175310419247015,0.46931781273449946,-1.863239247877539,0.6173421074495558,-2.3640927175008137,-1.3098126896626177,1.5881824011567822,-0.8119566254964425,0.08225401465912086,2.815425616844717
716,2.4314852249810244,-3.985891146983029,-1.711796180008232,5.274374404757733,-0.16599632741373083,-1.8421759753338236,0.026802483367916352,-3.712547225527036,0.6467940419424272,1.2167410265580862,-0.5729826696073195,2.3951923432658013,-2.080517715396782,4.147704889627327,-3.996714551942583,-2.769242889957548,4.016819084285647,0.6819511833834753,-2.4123845062463367,-0.993186212455921,-0.8801920439023512,-0.9563225488789282,1.1291214672551426,4.112963844227934,-4.325664408076099,1.588694706594218,-1.6266726951191934,0.6630041684704153,3.5779040861024676,0.12273414202895516
717,-3.6931431105567682,-0.35167504585272624,5.199760823612543,0.16285615657081465,0.6361448820653126,-1.9539437058392366,-3.2514341745543405,-2.977332127792579,0.4467566583111191,2.432564855982193,-1.0223548242550207,4.371799612308507,-1.033270414113952,2.1260997004564963,2.0196088628391173,0.6603387445519857,-2.0985668167661373,-1.674210076967908,5.944775663518254,-2.112850445577047,-1.1096772679979097,-0.1260398345038638,0.5034682338941217,-3.0996763493340254,-0.3472843417796554,1.6403240015885459,-2.9134115406759484,0.5164978698613591,2.7501380678674465,-1.6462640568610034
718,-1.5189746777567912,0.9366430851552145,-1.1214743236529792,2.6311689376814655,0.6061631482878855,-1.5335261697148113,6.087488442111354,-5.296956606049974,0.23159345070248527,0.529689065654523,-0.5466744409377684,-1.0051399114807325,-0.23403492457250863,0.7194091511445819,-0.8003500398277943,-4.172689388659553,1.8772004856526188,2.6104647162622356,-1.0058460743693018,3.1377316035136182,-1.6721614560581415,-0.10440411593334709,-1.1414535139668036,0.7861335568135068,-2.137166779984657,3.886831550286484,2.541181836843432,0.160102193661408,-2.1539688077553034,-2.2969799930506447
719,-1.391529673443804,-0.5713281034614646,5.434905552619838,-4.010314638071126,-0.8831168470593438,1.4213837094158919,-0.923661560409883,-4.647933151391985,-1.0045244435274259,-5.347425574697695e-05,1.0937936890012674,5.482378940583679,3.216038137881192,2.065499859835736,-2.5363246866204143,-3.8850406070301737,1.0807665760517366,0.05906071988150963,1.71192160700474,2.0993835042757496,-1.4571823609185959,0.32310046909641255,-2.884980978009203,0.20775775855042866,-3.159333817498343,0.8745351957991723,4.503532618291352,-0.11648625206993302,-2.848083785856277,0.7458360413347478
720,1.6881761704751632,1.655966991014509,-3.278362155107313,1.182088898208196,-0.10882781098045347,-1.1390420936100902,-0.17390619719132516,-0.691647979807577,1.1474856883520665,-0.01290208743986554,1.2323484719155848,-1.5013778958289805,2.0423108193107957,2.014390412982447,3.0293184562086637,-2.420267763985059,-2.4046266557504463,-2.2611252687667633,-4.992055776241639,1.510797960948068,2.6681424313931785,-1.0197216953436699,3.135836666203737,-1.3029995869601834,-0.02762071068805838,3.635463195436113,-3.2594575352054527,-0.02371782711691406,-0.6207490495829653,0.2960819271579709
721,1.6768361124121718,2.1824231253016997,1.24666612415567,-6.190573517541054,-0.4157547636344521,1.5004029193059853,3.6373796985808085,-0.013546274484813381,-0.09811896471418002,-2.5894228418010012,0.5621329941512494,-1.4984246117321405,2.9890751654726238,-3.8385828795289356,2.003972310562755,-2.3804851073552484,2.8058823125140293,-1.5798618016655617,4.332522916317522,-2.3765159383953147,1.0481958889308665,0.08895505562590245,-0.08752177071471223,-3.005636151764797,3.3719260776978643,1.7965528309390137,-6.172781943595933,0.5835643411798097,3.197285250594696,-2.7765465568147256
722,1.9316166011478124,-0.5923097651020726,-3.7743362150039914,-0.04015683760439259,0.17573805433986323,2.2994481622227596,-1.3765858036746152,1.2647863176232335,-0.038821971483462114,-0.9095512178825267,-0.30495331919154456,1.3651259946088423,0.44576484961435625,-2.270034562024673,-3.2929023494693634,1.6114732620511418,1.0421024744101715,2.4635963254180773,6.221289479355278,-2.778307208636704,0.23993445731283458,0.22996507671966082,-2.177904276838742,-1.7349775279128892,3.485112169770204,-0.3116876932759638,-5.6609416098325624,0.39766453833109594,0.1908091363028479,1.8990434587050835
723,2.616053715823103,1.1655601973154432,-5.948991130807816,2.1598235644739496,0.18880037222923018,-0.18124671903393086,-1.6815814107583797,-0.19069711559159686,0.5131406572031345,1.2675265350160458,0.3143771948124394,-0.22276586068172222,0.7541369858072038,-1.4717697970919925,2.987244775858077,-1.7651719893451183,3.1355799097994144,-3.6400198850278738,6.054803403052819,-3.498617289698938,-2.0936448788515065,0.6588410622539849,2.7075622270028,-3.82894452375972,-0.9559898252856236,2.010115994797676,-4.308911653265756,1.0137969203925632,2.569740105863854,-0.3287515425020455
724,1.5330025774139386,-4.867918028745052,3.3920482472952216,1.4946848298611322,-0.7660028098889009,-0.7858148159363676,-3.072367309922395,6.021721783288026,-0.2660666979816817,-2.7393551378291257,1.020698167944575,-0.9646308054995032,3.469002395836622,1.5755466053611222,-0.5259507662608129,-2.794494744550624,-0.8387803913848337,-0.8853230990017558,-2.5849979875422235,-2.032373586226427,3.4053485337640907,0.5936756888900518,1.5475173734000176,-0.9291700222860726,-4.036446440627321,-3.7861383065978167,2.65501161245588,0.247228666188267,1.533536870349252,3.3868075982323873
725,-1.4395839148829275,0.4272388214702829,0.7742324108019751,-0.8095026852189662,0.6419713473039224,0.40564402052569903,-4.725487512280214,-0.4740611912785404,-0.11032944075288853,-0.44950600536242113,0.5945856584801534,5.164798491193782,0.8165830615211398,-3.489039646355554,1.0671839361253426,1.572959231627518,-0.6530293499384321,0.6853427670197352,1.1246867226217638,-0.03950556400030614,-3.5530285391028293,0.710698505070007,1.8689687475426204,-0.11181987213178957,-2.198827484406486,-3.8776726444383947,3.8936527363101447,0.9015994593077812,-1.4766912969300279,2.7579392301576
726,-0.8749728729338866,2.029622176516419,-2.763966065832072,0.45512994248477767,0.30720807800569894,0.8469787417590542,5.389425474161584,3.3024197710454324,-1.045092051638175,-2.855692448316999,0.5560445008793602,-5.347105246131324,-2.0998124613599245,1.9417542371776264,-1.079365018145026,1.1488786401132565,2.0332259742693246,-1.9446813720554879,3.197605729044181,-0.760171247569243,2.7795105754764293,-1.0920917584407666,-2.513194326659347,-1.6116589718517638,-0.30181542096361014,0.7500208787304139,0.1228676187355866,-0.9236652669155596,-1.4681772456203586,1.8207694360341442
727,-3.008952070039241,-4.438884404919097,1.3036664479971982,4.416685529605331,0.955690907367214,0.771793589988576,4.009691657019523,1.5718514648071533,-0.8534006007551271,-1.0276064295103566,1.002531317213549,-4.703067408774853,-2.9886735074662383,2.35544849139621,1.8882358056313784,-2.347204334715336,0.03207596531312262,1.060117579840604,-2.9073433816438268,0.7875658649775676,-0.19724754438934866,-0.6402126957297956,1.6271734543218557,1.3300643024630325,0.5686822489695018,0.4542439407379746,-4.545738606752234,-0.47206892047613813,2.7805663960709097,1.2143149414505956
728,1.9011858938546276,-4.903103244415938,2.7800293037583756,0.2340668921096487,0.9048251863045804,-0.9170040316113184,-1.9317847884210195,-1.745400866839681,0.5691656022760254,2.9725996812071074,-0.6485628143275095,0.7839831861049547,-0.9948993132722208,-0.49336070170214796,2.2036009912627605,1.5555641691582451,-1.0385413827374084,-1.2323637627095128,4.528121134399676,-2.3108656164970593,3.0129250209490017,-1.2183218016692585,-1.4670950088378731,-2.544763728345014,-4.636975657752938,3.9453571726415895,2.9844727937599096,0.13475551050238987,-0.793296712851955,-1.6343131062983751
729,-1.5869587481533554,-3.7968469664017945,3.8244907028629207,3.7906745547950074,-0.6886811050573882,-1.5426784380454066,3.564684903073907,-4.0266514346020585,1.0116398064199528,-2.9710360057214817,0.0685015962809894,2.3528611345485935,-0.9735391220354188,-0.17482297610287745,-3.0865871462708547,2.5678617560530874,-0.5487665714340366,2.2158540597897947,-0.36381168325960545,-0.11740552650346636,-0.11776205413463714,0.9802545546136772,0.6424760825805951,-1.023751373297074,-4.57756059283367,1.1045276125666383,3.865396132822493,-0.9705397677909504,3.5351811302706864,-2.9570045150345603
730,2.8263670585154834,-1.4262606036843124,2.7605257642865197,-5.963126736813731,0.991807511242544,0.8106870064534935,-0.8854677504241373,0.5702397123377878,0.13492238142462565,0.7049180067959124,0.9673244972578887,-1.4919368473921466,-3.4869585214692247,-0.0340190867386454,-1.9215393099367404,-1.0806541693483087,3.170683780708849,3.3524873067837575,1.7005707082082537,2.498983021091153,-2.1686138094600818,0.08446714066023375,-1.2173150344477435,-0.8980920260523213,3.5819682045696872,-2.951671412811372,2.255226598413028,0.3376974149497203,-0.6565729722568356,-2.566647832863598
731,2.998965441686334,-4.074876889632968,-0.584618144585523,0.6994880596256223,0.7435832980986046,0.21745823480790882,-4.421060298612854,3.5704754276554453,-1.1331092010289474,-2.100929637993742,0.5552018246304318,3.529421885349585,0.9250668563484723,-2.657734312326065,0.3288399016663277,2.7927630358057343,-1.355317390068942,-0.03361809142584882,2.651000578328066,-2.14486403534616,-0.7669957264687852,0.5054602092861531,0.19146816760750873,-0.4360691934072989,2.4794968170844136,-4.527335400607658,3.3622450787873994,-0.5780336519879858,2.5516384003468033,-3.288011243622389
732,-1.6678007525724112,5.472825060127992,-2.70096353317221,-0.5721292914124945,-0.8734877949441606,0.34155631197325853,-2.2368838834842464,-3.1351908657280276,1.0009099887715305,3.7414057844435185,-0.06681525244560138,0.6965742284427456,-1.0304770974859867,1.1515435944707768,-3.5093931185998066,-0.8696361644981465,3.3177746933526997,0.9401880927601418,-0.22884599602513234,1.399708093928611,3.5674535606396063,-0.7929560455427174,-2.4883067509119154,-1.4570528620889682,1.5285374942051675,3.786773909333558,-5.024976280333238,0.5290107706205305,2.703253010553901,-3.5225989043793504
733,-1.578923164694542,0.6145915330722964,2.4684593694875154,-1.627669892779302,0.882108172835431,-0.758566017921428,-1.0360527059719082,5.356239986397956,-0.8526061957286615,-1.4148816523427925,-0.1400223193787804,-1.9126771129758957,-0.6651675598346962,0.2929029072532039,-1.5623645956246595,-0.5314909166585728,1.3390669326555482,1.1270532322088442,-4.231294359330395,-3.404069747252752,1.3728247699911513,-1.2319421038637386,1.3707965847829957,6.1236848556722165,0.431125565791767,-3.854221095812175,2.7442988025603334,0.06090826625265855,0.037557157802663,0.5803313034052717
734,3.7375721893396587,-0.7946163454469577,0.16983125071077154,-3.726957553121256,0.43190912349194077,0.18226133502580488,0.6163286147522946,-4.41798268655781,0.5550025021255589,2.190935989052182,1.203332708763293,-0.1476171281355967,-0.48645467200562464,2.5285298875461244,-2.104671160138354,-2.468076688996325,1.135138793940019,1.3955338396538153,5.99571843453737,1.0491664675706183,-0.9800752343545209,-0.5414855777512884,0.10638818960968166,-5.6297122796123915,0.4721432884698622,3.555205848086949,0.4333381995939938,-0.5671937938360134,-3.703357381162826,-0.1901361611514325
735,-2.3316010107393836,0.24618692206444592,3.9644333592792442,-0.1580535884668457,-0.981701250098195,-0.7392644320393096,-3.3002112580253886,3.97680786286082,-0.41920342739100835,-2.319268495141735,-0.725433235071395,2.787308552768586,-1.7595862748958577,2.3580557733912713,3.851627522581161,-4.208971543192529,0.025616582104770913,-0.26674205998914324,-3.802132435286623,2.026328866254481,2.396688911033916,1.115817975808751,0.20782342723632752,-1.9445267450473622,0.5539397734605807,0.9865340456014593,-4.428990895565207,0.16268357649510534,2.701445646469754,0.024387853538804904
736,-2.157148868394019,3.8124874568181824,-5.497048211970288,5.559769237637845,-0.008227348626410391,-1.7098322654653622,1.9563544012483334,4.76185753335357,1.2120791208619517,-3.7289477302449203,0.9559533478360338,-5.1572966730551215,3.1381344339702437,1.6258066615031836,0.9364696248394111,-3.7883796830950214,-3.0060909786414793,1.0940599414233283,0.30704977143448176,-0.017270117485432834,-1.6756031709286852,-0.2587179217255544,1.6396629496705604,0.004878489034144451,2.773305943241283,-4.495773715948701,-2.348052599048394,1.148768786392007,-0.10788240655734427,3.0296339919216635
737,-2.5688550716355607,3.3383420341596697,2.183572813058724,-2.5129364383650987,0.20591866277651194,-0.646041999994317,0.7587981803170685,-3.2088779125652067,1.0239194841809933,3.3366509626219347,1.0580824480024429,-2.9685731625573517,-1.9303668273399381,4.201247515537165,-1.2787788397631275,3.149214794102221,-2.4477216602525687,-1.693594982284088,-4.944720675305593,2.2775596527098614,-2.9587659435440976,1.237988966233213,-0.030345747506343557,4.4182837474124845,1.8609949122057436,1.7682150753370678,-1.8735887619855198,-0.016834165161155212,-0.9090716555881126,-0.8297154048075139
738,-0.9668415598478024,1.0915279536475637,5.829155022140068,-5.648433310061392,-0.8837542114279933,0.5783461055494925,0.9733740614163722,-1.1333271146076846,0.6032542368373006,1.952922681097217,-1.0293218011481384,-1.3669020635952052,-1.941547041473676,2.8769049444560615,-3.0567530989477643,2.7934425958121096,-4.0989977131728885,3.4269503133258112,-4.8088414154617425,1.5477974268653245,-1.3512198676344997,0.6429440124111663,2.02599571677632,1.9433241270429527,4.175587472028454,-2.743846510164378,-1.5138435314180185,1.160725176400815,2.3643203027034296,-3.44294290954978
739,1.5967966442911035,-0.9825763270664254,-3.2886210569674788,3.5806047217323673,0.9231970273497798,-1.8294010093394046,-0.000363168185771201,4.804711740810454,-0.9583892244158232,-1.1345647388450963,-0.8537707625914486,-1.8576238467724764,-3.383580831369102,1.8715020637567292,-3.294321752514872,2.3160660851791235,-0.9756926439417519,3.466027078889521,-3.2995657524202393,2.7370239713986955,-3.536458480930227,0.6541951412019982,0.1768938403326441,3.2679112804166373,-1.1799322450630925,1.0063098767333472,-0.7790390790171458,0.8834937000711678,0.24168584832645124,-0.1725181010502368
740,1.9710434469398237,-0.05576962706694033,-5.456696596398732,3.987139731650622,0.6977782315233436,-1.1434951866481757,4.717195003459285,-5.0629193009692735,-0.3187943944577132,-2.604806712527008,1.1111509207120038,2.158174483782531,1.9981329587300216,-2.737595239156887,2.6913500061078643,-3.7159878539101925,0.43780976423035867,1.3262903639984671,-1.4725241260605273,0.5246807247980705,0.39101706163850736,-1.028027717131109,1.6645280022072164,-0.07967394545262962,0.6785034243456067,-4.479913732343919,0.9197116552939306,-0.9528688356140371,1.8668107703327763,1.9677567179860986
741,-1.4044713516922993,4.908649145209875,-3.9927229981609536,-0.06070903090329338,-0.086066428670448,0.6353206642170957,5.558664295628841,-4.473015080549946,-1.1941639128217987,3.007313995510817,1.1387374601518925,-4.037536757920005,1.894180173682308,0.017180225629527257,2.9999922480441867,-0.4453656233331742,-0.7706054043900714,-3.695381619633153,0.828320679292684,1.7222382898810977,1.8852950655795873,-0.9269619437421932,2.4007139598619567,-5.90960605087362,-2.22473951741042,-3.218454044622028,6.180386776092021,-0.99660547773414,-1.1708543362502564,1.4302665999252788
742,-0.1351790338672565,-3.705778601391163,5.779625496388583,-1.0138916287418667,0.6214414345750074,-1.5462176669633028,1.8251898435452816,-4.048686257281933,0.6684491004922455,-2.4822978295956712,-0.5203699614568835,4.557715104296758,-2.913175956008912,2.697656969741974,0.08893889523249143,3.7307615320567216,-0.05612648980093837,-3.5480549512217063,-1.6659064838283477,-1.2571554075494547,-0.2752238872381536,0.9805251879314278,-0.6651843188035294,2.8829449094875876,-0.5803559888892096,0.9682783379234898,-2.789651921508156,-0.8184893520690277,1.6861304943176272,1.5340884302257436
743,-2.2590529242133996,-2.8578792478269293,0.9148535119658519,2.8610119239324305,0.500740701787147,0.840326034354911,-0.20236975781165256,5.881836475730299,-1.2058933650975496,-3.0736500910851987,-0.37084854199961725,-1.029074719736478,-2.3155238223912242,-3.337109894343973,-3.8308402946063005,3.4421896245046923,2.408408450986716,3.6328759358497322,-0.3924700864423727,1.1758461564903495,-2.474613506651629,-0.031700052148970315,0.37035912752988054,1.3525783612222853,3.8677357345243024,-1.5516445918836155,-5.8988008271033685,-0.19622471069734182,0.8829692614769193,2.8959651336835996
744,2.0330281968818085,-4.00499237368507,0.5649955189529159,1.8331438779101,0.08968154023773378,-0.515856760297476,5.038334475336924,-1.7140027093067012,0.5235707952984594,-1.9420239399140016,-0.6007618086719466,-1.3051168127429236,-1.5507159457312074,3.2920912979321457,-3.988708356634474,1.87599171391091,3.606268316378305,-3.234927025856022,0.6474756397656876,0.8257474791360995,1.7827626277621285,-1.0872785412983204,0.9031672968638969,-3.0718745022299885,-2.1740542883949985,4.202304273533112,-5.925163320304964,-0.7181557560578815,1.3019568073894128,3.3131122838358316
745,-0.7831992418031,-0.8910175519269714,4.134018272399029,-1.1592304926828518,-0.4851055920117686,-0.8154653939742929,6.0151632917894915,-5.91744341788478,0.8471876317815825,-0.6934941031396598,0.20838226590424203,-0.4597956684510436,-0.2744414634392065,-3.7680647758522134,2.8773166638882657,-0.22149198427727868,-1.1772082738746956,2.5638898335547573,3.669243662051464,3.444212898364505,-2.482251414202988,0.9800600304438989,-1.6511527349664306,-3.9601124416909244,-0.27224274593885767,0.5084825753930815,-2.0311841282244636,0.08354015380968871,-1.7821235539277094,3.493527698888723
746,-0.6372216861453612,-1.8506494401028029,0.9679674594336234,2.6526678366312986,0.9592292797772624,-2.091993449593941,-3.9124728267341737,2.038495308081462,-0.14809535035042032,-0.45896105233510553,0.5353675379551568,1.9456663833829033,-3.101762990716333,1.4649181813853929,-1.5713217154906172,2.8572454732674295,1.270047768384984,-0.9191267168312294,1.4959406600789755,2.690389559614026,0.5869080992082303,0.12345908800597272,1.3510001101831648,-6.247697517090842,-2.3988103499597244,4.385176470126126,-2.7089947337310747,-1.1266527354760005,2.000352532051707,-0.15107118301059685
747,1.1948349243583927,2.7023104466997765,-4.954460150568547,2.4254439118360303,-0.11201443932387489,-1.2561146930017095,0.6680939000866317,0.15941335486338915,-0.48552803094774877,-1.021848105809383,-0.555695355971106,1.235564237778032,1.6407449892826378,1.8238254321123826,-1.1817299952846554,-1.2083050304997762,-4.069628507744838,2.9950931121338726,4.546082980013363,3.4221636485178983,-3.817030713999575,0.6675375541561293,-1.4953095171294795,-3.3234439515587866,-1.6427656494662344,2.414419875625125,-2.8846039570968287,-0.8586147164724238,-0.35965903384997056,3.3312234812607713
748,0.8160536964843459,0.7278651083525496,0.5564470976230922,-2.0017993879525804,-0.12438955528866069,0.025823040781354223,-3.7510469612722446,4.656889759106136,-1.226286492405074,3.073997985660327,1.0484335330845003,-3.8019878241738034,1.5426753485660214,0.5305939941713156,-3.0296583326213185,-3.2283360411620254,0.919842187877034,3.264882843168607,4.733614844921732,1.3596661144326845,-2.0055971800787944,-0.7420493916899291,2.9540784105743185,-6.299712798160485,-0.8503545873344578,-2.709338031798641,5.62624799005226,0.02740431149369371,0.9161769398295778,-3.0101366222419887
749,-1.9409155006589813,-3.2082078914907157,3.553605198098616,2.3880853682899676,-0.5714828698286587,-0.22108430441011073,2.4127288653184884,4.593921409109843,-0.004643408459905629,-1.3709980506521457,0.49232885159028417,-6.123337666906714,-3.820118173835649,4.0890011407292555,0.526839110672686,1.5173134890870905,-3.1100719748726213,0.7970364082188937,-0.4188225379392918,1.705456432029509,0.24014063092338134,-0.5013095727314489,0.06333715760769643,-1.0888021098903202,-3.222278169103415,3.7567926520883077,1.9222957080554721,0.2384419181443409,-0.3628306545399713,-2.3324214546442796
750,-1.6873511958047036,3.0964426673298178,-5.519110258482215,2.2907856833104816,-0.029696915403698787,1.848930019050453,1.2463624194669478,4.663264048813581,1.1951636377016834,-2.8559025104491482,0.08755640360271766,-4.3364439991358985,-1.9657979703220931,2.1146068426605105,-0.3940485288515738,1.228651250383649,-4.046502659444311,3.063091065573481,1.0167755484269492,-1.6565752984519673,0.8855568048317188,0.030243803297188343,3.049809502038343,-3.3258103601426754,3.8213072604742244,0.6143138524717706,-4.120848805384647,1.146760959540364,2.0613085362734793,-3.5228418033747424
751,2.5355986685163963,-2.2020877227065085,-1.499919359562245,-1.8755463575155282,0.5566038490136167,2.4853509222543764,0.47678083297160967,-1.3429338289645294,0.7646934786005799,3.6576007184649058,1.0579760170678707,-4.614117218140564,0.13631594544676773,-3.8146820208728442,-0.00023401677463041892,2.941178719924075,-2.747783223263621,3.4852045955399014,-0.9112800867194828,1.7633974329503026,-3.3768171748705793,-0.5389174250242785,-1.8054119991803805,4.869029252843973,2.6029353571995166,-4.042669694482143,-3.651001539984428,1.0397352039752041,3.2469526525917622,0.804048020700554
752,3.2500041808514233,-0.5885850835437516,-0.5622903141192346,-0.5552211714882205,0.7570642577875901,-2.300971869487693,-3.992154357700695,4.539552649987545,0.6795372575504404,2.6570749568970236,0.6862633068273887,-4.570273813561826,1.896992908456042,1.911527192813626,0.11023369852753362,2.9415706131412094,-3.9327205868617447,-2.9276038260769894,5.7743090839834075,0.006787492285321051,-1.4140259609949766,-0.7047466131663152,-2.001179160701092,-1.6611448414067809,2.540721177132351,-3.8701148795329345,-0.0539719627152202,0.9019593638971068,-2.1757046089092356,2.6571109101284023
753,2.8211654319318313,1.648728139916411,-4.789560966705221,1.9154000035700172,-0.666923485094765,-0.9288091236181373,6.213066066087158,2.6531851205296917,-0.5461866867841252,-3.555426523546396,-0.3794752520450615,-4.38516272424139,1.6950066371458696,-2.6558404741764345,1.6700474482491146,1.252525393414949,-3.328699142681616,1.3669601380477943,0.17859276634048982,0.2503223662268983,2.946773100676417,-1.1404905136507146,-2.624392383240444,0.3891946636468795,3.107119502205542,-2.112308616040899,-2.268353447641246,-0.8743032471187648,1.530935425917658,0.6169103826781761
754,0.49515819079956813,0.345980731216617,-4.162110707447386,5.628412561358935,-0.6344245058799849,-1.6730162700475937,-5.113119155801705,2.678951168448794,-0.6675806978562573,-0.7106510337576477,-0.011589697084416706,3.8239894160511163,2.041291739223251,2.0400647723776366,-0.9715295512655224,2.4114442003096883,-3.6140939601398916,-1.907177200505492,5.611102583072235,3.4421134405506777,-2.756139191212398,0.44434522987221037,-2.4379955158887228,-4.303426546394462,-4.5236458361013945,3.474911769627383,1.4163227148058581,-0.24043873575890906,2.770428058732687,-2.8975779713052034
755,3.4646389622517795,3.5468079263120273,-4.048606926550722,-2.2331887241345534,0.7698909238609524,-1.4995421617393294,-3.4393520592698366,-0.12005897633109441,-0.4115952271543435,1.6454761985310569,-0.7703726525481027,3.095902716772219,-2.954397560723068,3.8835925773749054,-1.8652850067055962,-0.21125815395674152,2.3131677571232636,-1.1658196131130616,-3.8834311947860023,2.506904175061546,2.3692288744615766,1.1439622163649394,-1.262038148439247,-0.8746259226632986,0.5858252907340784,4.3776560326770095,-6.1259578395709795,0.8309059948887008,-2.080983831925078,2.412554353196679
756,-3.515623589260178,4.036251378626421,-0.8296731034858702,1.6604239374600667,0.5912375940627213,-1.9426162174030264,-0.5653353605880405,-1.5221105284253866,-0.22085682572059806,1.8523679035881493,-0.7854222935988018,1.2413571047445942,-0.011240482080985714,0.6684324262065573,-2.55841241871849,2.6501358497381915,1.8876589462039348,-2.6365743213495243,-1.8699902523692025,-1.6936233627237698,3.7485979045210627,0.7680110613448878,2.035065925877248,-2.9880612766507397,-4.242524359979496,-0.5939268690156396,6.166986410859188,0.07956962571762816,1.3607072376999163,-2.770812045281181
757,-0.5353049784994592,-1.3500200703566776,3.331618854444919,-1.5928536779264917,0.662467196318616,-0.5159073239807768,0.37267700720904884,-3.7203259647992546,-0.32570286214481037,-0.49947710293481684,-1.1989015879522573,5.371730510622012,2.8135051570715284,-3.058975344305752,0.009412141682794584,3.042890370476602,0.7093333415878682,-3.516165666513336,1.3346197179772403,3.004234661274751,-0.9502655791959302,0.48452621915626004,2.1333851649722355,-6.006500184185089,0.4058373300248235,4.928592390732614,-2.7420069367661917,-1.0829359547021546,1.7553339613662153,-3.2648207906548876
758,-3.379092310498997,-1.5115171473806477,3.011940577242182,-0.4180673310195502,0.07728263561588866,2.2194535760412464,4.598483778361754,-2.905023685090228,-0.6086300000812921,1.2290914615789816,-0.9761794898179401,-1.337742064951339,1.8293808454831364,2.5695009557494046,-2.252016699240899,-2.6027487762873314,-2.1896931217162585,2.6455767960116567,5.395290865793903,1.7950890038500447,-2.015192700573044,-1.2451492761319343,-0.4453423463236259,-3.484695546615889,-0.8147634801595416,-0.859523790444495,4.055874408495363,-0.3154812496020192,1.5044443780898291,-3.570550266378735
759,-1.0917295273430163,-4.408482738452594,6.109083188236312,-0.263095585391131,-0.29144248551875873,-0.05433285153071665,-1.5639313345017918,-0.48281738939287777,0.02564501533291441,-2.3222700368130997,0.2352157404334383,4.108158004941291,1.6754070549583595,4.171884286904902,-3.9075932725103275,-2.3158501943709204,-3.364216376632335,3.7403685016500177,2.307111447466319,3.4627207832163833,-2.4426866341239784,-0.6917234247958186,2.7955437584066782,-5.4309659301701565,3.435072689721064,0.13295408399633146,-3.675372185166367,0.9685289195411642,-2.773678086930646,1.9124945788388672
760,0.6093471038872149,1.0265967546746033,1.15076015327449,-3.643056742874233,0.217679929829385,0.6386728012086085,4.1380589337043325,-5.806013823141193,-0.45106992545981495,-1.6491120189042707,-0.025375299090226733,3.7935121328910384,-3.8886184677575475,-1.955552009138641,1.6759362647884082,1.3072561563941782,-0.8068708549717662,3.6678489106850947,-3.5409283325304592,2.806023775804629,2.343275764138774,-1.2260329382117288,-0.8953341854480446,0.5129959162462434,1.492746902849781,-3.6962528126698935,5.134822219309672,-0.9412928264121385,-2.908344831888126,0.9183213488111086
761,2.696781804447582,-2.6521400542724862,-4.788868492627323,3.472461071246215,-0.4604989796110157,1.7322646508170738,5.112895358987078,0.20914365490456888,0.5766580714506775,-2.400294726069795,0.4632448363471866,-3.961647195619854,0.06868658286031959,-2.1436629685355584,-1.504210893287791,3.1610817934287603,-1.2860304266872298,1.7041359122212398,1.260756059057588,-3.4097712709361385,1.8438207840675958,0.7091461356781439,-0.28855678879445534,-0.11539491907330302,0.6147367418308143,-4.778033128295865,1.7145043223316883,1.0357911290291888,3.3700099061441797,-1.9570089710396132
762,-2.629433334129585,1.1409134919580453,-3.7971528527850786,3.1633175807771003,0.8753588977812186,1.2469962163983421,5.87645348430183,-3.840160827797657,0.5196028264354675,-1.3293556236650872,0.19025611508128026,-1.416795974355992,-0.09029641501478736,-0.38732600652447857,-1.8330911213532861,4.038369053445017,-0.7070360482122382,-1.0206194623404947,1.4539133783938034,-1.995422671339531,2.275306241808032,0.08005235537558342,1.0871463997678124,-2.9009957040062737,-0.3632676125799321,-4.472917479494662,4.7684658403520395,-1.233217051090345,0.9478496471186197,0.35308665569466413
763,3.4093446336454782,1.6271380687752561,-5.427223078142376,-0.09999861819453315,-0.1901233536775011,0.6808623475937186,-6.239473003909843,3.4767189190791363,-1.1193028185251963,-1.1762756899558244,-0.6180684049662046,5.676400998277771,0.8260286832041182,3.625096899355743,-4.2186759740253965,-0.46816403414594987,1.3135838774415127,-1.0778694518302725,5.709660797074754,-2.6177195783202176,-1.5729372728740003,0.11124685441488502,2.266830289919655,-3.8970810902156288,4.322539510774892,-2.980985525038612,-4.638237680955793,-0.45693740064336374,0.38516718607301215,3.368453909790233
764,1.7085060721681664,4.492714707948238,-2.8805878161103102,-3.221870856029202,-0.08518766855877069,-0.01357443941809855,-4.420042400978666,0.7255527888845528,0.9400235549596658,3.3107204312835563,-1.1896161732256156,0.6333617990763933,-1.0577431583065078,-1.4988087741223541,1.1916590241178753,3.7247561114595236,-4.188553312066286,1.828690108917538,-0.043738437551638754,0.8203093009105071,1.0999656311936796,0.08246673064564547,-3.232730744320653,1.2737275191219162,-3.9811099518349238,-1.1095663061233125,4.253698916024774,-0.23782512610901918,-1.5881414407736685,2.6629439088164517
765,-1.791081005481388,0.21383376525658448,-3.7988531430735897,6.051021032690279,0.718628360565412,-1.393549009957269,0.10861141026320809,0.7830060929236176,0.6587323322117564,2.2427962238502275,-1.0222238825106698,-2.770922176738239,1.7092308907034486,-2.0341270139580185,1.4505458041513464,0.7522400277933201,-2.4357244572478667,0.557834748557541,0.52069181774743,-0.05085632608054169,-2.288544478181363,-1.0321541687414935,-1.1306488148134406,3.9815119700688584,1.8712698415092284,2.7917982419293708,-0.3315654576393996,-0.7940136279540999,-3.10339014848482,-0.43409884935995713
766,-2.1391064442587435,-3.771885929938314,1.5400277701204281,3.8656948064461183,0.34376278569462304,0.16150701193594053,0.15887014007955003,0.21277189969401888,-0.5219322855222375,-1.7995710868914259,-1.2160384989073418,3.1658998315472964,-3.0240851078783653,3.226326478218109,0.12002504283524829,0.022454803366926512,-0.1986476692320025,-0.14607354731013977,3.2011007119655233,-2.790658977719236,2.696677187089996,-1.0527350312359922,2.3523904304489474,-4.4067743205497685,4.443419413265133,-3.0252948347524615,0.2607944209631228,0.9728194112450863,-0.372660834853038,-2.279077575867575
767,-2.5520570433794436,-0.678707550925342,3.904253756557548,0.1798153178745885,0.37161678819821375,-1.2249212683255415,-1.2755846084669678,5.503330331262013,0.8862638297668068,-3.486523316241133,0.7453663106342372,-2.372852546955098,-3.700137859942199,-0.6735308749252624,-3.2504756454677306,3.7597924653580286,3.925113328370575,-0.06076141339363694,4.591092685287887,-3.2347761156293373,-1.4270924312365736,-0.4735564221260642,-0.9903464681634944,1.5346787518670624,-4.529093154784807,-4.157056863015654,5.487300302333608,0.5641456515605414,2.7366192703255408,-0.10191520641896368
768,2.867504576948537,-3.221165140224148,-4.074209594240955,1.2315227229500074,0.9397958334493333,2.2565516011172537,1.694876255044388,-5.240314558404819,-0.009423232181001495,1.914944552750999,-1.1600235056604258,2.7999404884507726,3.830463298780984,-0.2780334922519465,1.0448008411715968,1.4160007603696378,-2.9256471923392713,-3.087584215731191,0.80352937055385,-1.1649804288405878,1.49293563794944,-1.0145696998017204,0.6780292913086505,-0.7949441711701439,-2.547033867368267,-4.899647238826416,6.212070775811597,0.46018106388979785,1.298359855638779,-0.5239305891452375
769,1.5726826980184114,-1.2306800319332112,-1.5244544688513386,3.0877765691962473,-0.6384243298649823,-1.2669004365651073,0.3528934681774878,5.346967314073662,-0.8745368939171003,-1.8808753900361168,0.42449454595513103,-3.3689430442531823,-0.41037165406626386,-2.2738358868934565,2.3919537350377382,0.8652711321004887,-2.082317696112451,1.5093003699337686,3.508859531545056,-0.5784416197803157,3.6875579945924315,1.0306999903492446,-2.9483098505478598,-4.700366046159047,-3.5445253108505916,0.7619449894456665,3.8282165020278605,1.2254970267312366,-2.82949886986356,0.5583656625096491
770,-1.4736785090806563,-5.6602392149309395,-1.2628346122939362,6.223537476069854,0.7885906038635633,1.384624256372124,-0.6599709549832049,-3.7939626433365774,-1.0209533290256636,2.8371167157331207,-0.5227274653529319,3.1604976769651287,-4.140374355510277,-2.2097099726388,2.770750750400815,3.8228169221168784,-3.386279350764962,3.1427960063962033,1.9997350263903044,0.048984548014090024,-3.282946929083927,0.8533361980082423,1.7670316691671957,-1.3861405124964072,-4.310871576675652,3.8531882502074026,3.630585573211608,0.7338971473313594,-2.931503435123105,-0.9752959589513548
771,-2.583798640078573,-2.961799236976539,4.416955979846371,3.628880108241731,-0.02585520507746253,-2.4743830059555103,-4.581818626161329,4.23487160584526,-0.39920413255035303,-2.6314151406925053,0.42813156520933493,2.9494347283494413,1.7072836691211535,-1.3566939183068634,2.2998233490232316,-3.8811221735593158,0.4335985396130546,0.7971105341085867,1.7507047005550262,-3.344087423038996,2.0381066980770477,0.6769976070456076,1.5782442675387554,-2.6999658501779606,0.24677836231749595,-0.052642171046688446,0.23973342247020213,0.12131564440422249,0.17402749589258448,-0.7292127540375972
772,1.888979780811642,-3.700520100932735,-4.9448007004402434,4.966732345317553,-0.41816133246425746,2.207770007708085,-0.12604445369316863,-6.014240551931103,0.5065542634217088,1.439546968104601,-0.2896231569927066,4.4838069310905375,1.2342241227096338,1.1971918610625494,-4.122084857367305,0.3139175610176892,0.21159841605221175,1.1651528965250435,-1.910104166451621,0.22988912631219272,-3.1875133304709333,0.5596279461110036,-0.22013007684993724,4.528230501348773,-3.2455042652296413,1.4918942034767646,4.217891424386551,-0.7662608292240849,1.6461494869793896,-3.344170020388736
773,0.7471788378138466,-0.43855680229786387,-1.8921165263812014,1.5673527788425936,0.8599898467895137,-0.8438481347668318,4.955772603992063,2.6657376711873866,-0.16680153041447277,-2.2516637645133404,-0.5747965758455988,-4.628248404406161,0.9010319633850798,-3.1490738405738288,0.3405427999153616,3.2153067228636374,0.8847880031274435,-2.1925956487179032,1.4904594180708415,1.533477294885131,-2.711141895080347,-0.596304751375266,-0.949981721143029,1.2334916546421297,-1.3810114384791028,0.6207823462774833,0.3675285372385808,-1.0169385499691734,3.3671532348878017,-1.9575141299553867
774,3.143658882452666,-2.746453453283639,-4.2189843247788055,4.3727140129892135,0.39915040993919915,-0.9500855273186026,0.5649316134001978,2.3331611981075824,0.47490126524391574,1.4592624777404701,0.6826299209664421,-5.5148864754587485,0.33876362422747874,-0.7772429548289033,2.681811372665681,3.7528236358615388,-3.5470314057626773,-2.449124272163335,2.669392103263469,2.7923621358260213,-3.5270123735611616,-0.9317332522966595,1.3495303701283738,-2.352538983360567,-3.960418748740409,3.3366560097307314,-2.7866935057008533,-0.15257305002544097,0.6058440347460916,2.9571852599900907
775,2.933555462197887,-4.157860208940669,4.959246224170062,-5.895955353462938,0.07917637585508652,2.0818375001806366,1.5962466037968284,1.0823566292992837,-0.9278134972032062,0.816884496774442,-0.26269526312839275,-2.3049789695390963,-2.0925705253226887,1.7165675628393338,-2.896252190669461,1.768150818986605,-1.5266579298094811,3.0307622639754612,1.9791203049169326,0.30345418457970474,-0.40333120461775707,-0.5687489416484386,3.1001885248219416,-4.410682868052923,-4.559537638113557,2.3701442236276264,4.814394571968759,0.24909920044441414,-1.322998787397319,-1.5511015705297524
776,1.1221477583745347,-3.0961177799031425,4.044439248805396,-1.6640486363832956,0.6518399286410634,-1.0582605195345067,-3.75878467604457,-1.4313845504947516,-0.09967413992297391,2.4007386786548146,0.6612889406727067,2.227815747134663,1.7728437657766598,0.9941806824592803,0.6196549029004679,-1.3978220219995805,-3.4615801338811867,1.4727228047440981,0.22191339408445288,3.1075969923731854,-1.0258695236395496,-1.1266148692170548,2.552636292055796,-3.72966228565733,4.34822615806765,-1.147118898032648,-2.7950688155698877,-0.36592182256839134,0.8760466550123738,-0.9161632769089234
777,0.1946982309740264,5.044041307865896,-0.6316863492551761,-2.9761942949782245,0.8516111917010258,-2.482470086307499,-0.92861095208373,-2.5928368085073323,0.7064391842630418,-1.08349594313413,1.2091634645768208,2.6893410548852366,-1.0295041410775987,-3.0124883581149184,-2.2445321531204243,0.3478128448595825,4.1353763298271105,1.8033354776260282,2.4807230045688726,0.2436160250892634,2.991872558707623,-0.31179815723359994,-0.9709979418850079,-4.4334154892476505,-4.383322561805846,2.3245625332824567,4.658643855682282,-0.6440385741136572,-3.512473484560223,1.5566282315151554
778,2.066371168897078,1.5534951562842636,-5.087211552530867,4.488466142816836,-0.7209502989270202,-2.3001706165402416,2.222450660784901,-0.8884994993744684,1.0675497775769882,-2.9125340132726834,0.044363455046577016,0.46666961923859773,3.861648839714743,-1.1491194393169444,-2.671320438442704,0.31904342372267536,1.8105625728558508,-2.1708149585338656,4.351256159351458,3.43863023364192,-1.6272137307829446,0.5398401307972982,-2.8409452829414477,-3.8615675100667843,3.501958400621927,1.704222764260468,-6.059296992164363,0.782026510604318,2.925578802651099,-2.854489485973282
779,0.35391857333684484,1.7835073186826627,3.6159096690472516,-3.7593244398279957,-0.9787517732539683,-1.0152593479847454,-3.6332637576244444,5.041683263983881,0.48606833447010533,1.567717387810525,1.052979856719066,-4.515185085359214,0.6811265866812128,-2.3964274348046075,-2.5257378405130932,3.881669149133309,-1.2684005130653908,1.6277700525683159,-2.478915076588855,0.9500535740607656,-2.9916315300493324,1.05750886031566,0.7369704527678742,2.7260137194933733,-0.009078953058523354,-4.045030627516303,4.420563207083603,-0.39016120954806244,3.614728300158621,-3.591020717119143
780,1.9440886725192783,3.62397668986344,1.7961540701668497,-5.279388978892403,-0.09414019923165617,-1.990690254425468,-6.134484158397594,3.116894939385709,-0.32465158625301616,-0.5348993213140911,-1.0796125351445203,4.956752661723446,0.3812535738830505,2.4145477863192966,0.28908587053936685,-1.3370521322670648,1.2495077711085898,-2.997342869583486,-0.521699153801304,2.316866505131472,-1.4561762177635806,-0.6263488400736472,-1.8971544516930656,2.1845121581996167,2.9008219732216496,4.800811561420069,-3.930199395241246,0.3305275116879969,-2.1898556667176354,-1.9121059843706458
781,0.9148942995247165,2.2371373584387015,-3.55499580373802,1.3478892377598193,-0.7327472763889622,-0.21217781559623639,-5.3884854486374145,4.713293991423512,0.5484881867145788,-0.9595231660308787,0.20636514905953973,0.879861287470618,3.4260458791036754,-0.23167355169547932,-0.7986798021415957,0.13483026798994757,-3.4708270002425863,0.9403042069857612,-4.603708059473394,3.178583057100674,-3.4216488016175006,-0.23910026740823298,0.3807247964177023,4.705149274980258,-0.024354304871831545,-2.0359949588200656,1.3179981374571703,1.2001330985840468,-0.16702456346835604,-0.29075740888076673
782,3.301515217052092,-3.0927291690880168,-4.459359289567875,3.1364898854238703,0.2628007981102476,0.8512825580696965,1.0564369693836397,1.7689432109656593,0.01700095522052969,-0.5644072090685484,1.1288487775508411,-3.4068227040521606,2.4082890906814036,-4.079064238123161,-2.5640403786781487,0.45913474852812897,2.2242324594126472,1.551448318178842,-1.801933602892806,-0.0859831128298314,-2.5621120724042434,0.8867220617651155,1.0471652484822869,2.5161414778789712,-3.927778164714315,3.9594880327582267,3.356150406304689,-0.521989530179118,-3.5124736576762476,0.6466029135069569
783,-2.9151473376004287,-0.410211774418606,5.568912776471144,-2.5941713121144154,-0.9849558723065712,1.3355735199689,-2.7028428072468493,-4.367409486354923,0.08356809546137889,1.1363254468713677,0.08453865740451327,5.765820093864491,0.5664543795711658,-0.38155819465599805,-2.098654597058559,0.9765254908612349,-0.22349793831021003,1.1607308595920678,-4.970578055963795,2.0677614486103053,-3.361088167571644,-0.38573282460932834,0.9337747242152687,5.71586287531867,-2.3681856979034634,3.2019039083120866,1.0759170524160027,-0.9680609738468924,-1.7844473951688702,0.8428731061912877
784,1.1038453494152272,-1.546659866259425,5.4019486476514125,-3.144310372628592,0.08349822111034522,-1.8983219792889319,0.3566536720118769,0.5860611203806556,0.5702807144293587,-3.621854722827093,1.209414410810984,0.8994448051941895,0.3780747637537907,0.06625405046791855,0.05625236720383242,-2.890714361339562,2.0181819687605476,0.37195121115318663,-0.8351743124861102,-0.983248083265412,2.61825967352069,0.9309529974183786,-1.1915456613206192,-0.5392446138674387,2.1599904757982635,-2.5125419530536064,-0.19004908539323395,-0.8463467019116147,0.6698394263198697,0.7191078382404381
785,-0.0966959974348871,0.031078960183464233,1.8368114795593797,0.39006286984840344,-0.9664040999360481,-1.194853212220309,-5.222365511402533,2.5615940599120925,-0.21643553398975435,-2.083709773411723,0.9248459567545755,4.036070802137321,1.305421099948962,1.4197022270764492,-3.4047617252085836,3.299582270719803,-2.0185385737783914,-0.6014052987585217,-5.136664451485963,2.2820444516892344,2.3067516613195203,-0.6810349954506227,1.1016666782160165,0.1272366557112825,-2.996777440805019,2.676061085543676,-4.108821436534534,0.23062479703573313,1.0114554915788894,3.1874575031813706
786,1.1526648642587638,-0.45979859057191774,3.1260034243343178,-3.4449999085451672,-0.5898337282032149,0.21596393872722963,-5.901187104305567,-1.8008290733518386,-0.7534627677559538,3.1316785031668886,0.9434818472073525,4.380318595039064,-3.6423446158904547,3.1688293192643364,-0.7196167292990943,-4.112864162567007,4.067647374651838,1.23834881384008,-4.192644249003099,-2.490622688844745,0.040459207144181164,1.1180877307635413,1.841030922877323,3.6836890770622475,2.3769467812721636,4.413355793237322,-4.832596742443659,0.16494814598851626,1.470260094486541,-3.592914072540742
787,1.8829731967700454,2.87777742187723,-1.683929234381452,-0.5965325420967567,-0.5385331572933367,-1.9417556848757371,-3.4986112573635495,4.221705515877542,-0.5351789262497082,0.2588766467205321,-1.1069541529937008,0.6601621740088497,-4.116381420469828,2.518008950875565,1.6171554935683758,1.0757226093413905,-2.9015125159224855,1.8070068826067214,-1.260853074119698,3.02260509793879,0.8558606180167132,0.9783838295831009,1.276696258384149,-4.872692729803614,-0.9276563854471824,-1.8034928715790883,-1.207262537121487,0.30818328563698927,1.5608725681703,2.0693559403406283
788,-2.327878060716861,3.844574193621355,2.137452429340584,-5.2618492953833425,-0.26565939751812717,1.8733601306563497,6.17227002080574,-1.0514010603824104,0.9263546763201287,-0.8463015606954691,0.45272878497840896,-5.653650861026421,3.659856679063207,0.03920633713721955,-2.256303066427135,-1.5388589996221054,0.5009720588145363,-0.4048730089660335,-3.5809732761993835,1.0087850555054914,-0.9107417992116655,-0.3761414765280655,0.4097960159132832,3.449275480519816,1.0974910467253416,3.9844071273980504,-3.438003119449533,0.08063362415583608,0.8756761553132435,-2.6002048341427955
789,0.3326124086613298,0.19515036473046976,-2.9445151946927126,0.5958164186367796,0.4410683765631709,1.379867626100939,5.057171837076162,-5.6083163354464425,0.40968826334175645,-0.1399820723649441,0.25960120970361267,0.021837097689822116,2.186871536489953,3.772949801746858,-3.2143114568938866,-2.382029131088533,-0.42570195098809194,0.062221200733407755,1.7078604219233746,-2.6717262545909506,2.2805685155678574,0.18446381192697725,-1.2972107894644385,-0.20395570536333807,-4.257999747785343,4.0514662177089384,-0.8303105299498057,0.20821627828820954,2.2104867148331593,-1.3818589330950406
790,2.181265315103335,1.2796613370776342,-4.755120974920722,2.0788777365091278,-0.9684619773115439,0.1837785635421465,-0.8006686903437767,1.3747790068185353,0.7099974096251751,-0.5136769638600498,0.8205210888330683,-1.5909518510729797,1.0278635689899929,-3.120765652950533,1.2437385790159077,1.1437481929764424,1.8135799078503005,-2.1081645958824016,3.418376000877778,-2.9520035022362006,3.488849314163751,0.1558622168484618,0.9901816535332397,-5.101265683187556,0.842459969969859,1.9965457347792324,-1.280693008333131,0.4025716358416247,-1.1025445578717097,-0.8583397743857741
791,-2.8685753348779084,0.583048088512605,4.885638579254337,-3.757184167617808,-0.8874310922839508,2.044503927012709,-2.624618294324737,-3.9927760591086177,-0.7254575531430101,0.5742739806319612,0.8037691646182417,5.964808761326122,-3.922313042363271,1.3271448371518808,1.3737899597761967,2.2443790839302267,-1.9408800512045001,0.9178792127091668,-2.6435834588579574,2.056145858855942,3.5388512012844657,-1.0742794647630567,-2.343891131974038,0.4667569954541335,-2.8466493912193833,0.3144840753093803,-2.6475870375412462,0.945314389784591,0.9004828762225685,3.3339550874442594
792,1.6920584920366686,2.3895127986879885,0.6329077780840002,-2.516133593247041,-0.9965523480127456,-1.2017931275488891,1.754465105207597,-2.6565066046320815,0.09429852660305205,1.531172988170077,0.4296580601856217,-1.153088075534285,2.638141818894102,3.1687120287215755,-3.719073559963835,0.7555266844754414,-0.2819669829262743,-2.561339989201297,4.039957300628831,1.1638975963416165,2.861986404931759,-0.7127402531347302,-0.8937095366024543,-6.4593915121655385,0.22521304029255518,2.981009717402749,0.9213252483652354,0.8545100261906811,-3.425074018444011,-1.5569840138070354
793,2.294286065598019,3.6199116553156188,-2.953665531927502,-4.583271688894868,-0.8142193619643288,2.436958861873059,-5.579733397829791,4.368098264132502,-0.7003980418542906,-2.188630454230985,0.4441598015592314,3.6565038282233218,3.562955388155782,-1.2619746495171196,-2.5055706780694287,3.279765638557002,-3.5058175243516754,0.43064182522510563,1.0335521488964368,-0.7491386356678138,3.563139185942404,-0.9034554942736976,-2.4742336388095527,-0.4698635660883106,0.49107904336813846,-0.3400415956909484,1.0578293581216407,-0.7571490926282181,2.6040403377402335,-3.055758050910704
794,-0.7241834073765627,1.7948239566230981,0.6309945910675694,-3.7424282454737003,-0.364395860198345,2.4051889653579543,-6.1328670671081404,-1.048181339447261,1.0015825150926405,-0.5844901070068449,0.7370668177191115,6.026889180750523,1.241706429150078,-1.3230516831376047,-3.1833878371336475,-0.39844014453567667,4.0840027917090325,-0.4208295560525208,-1.8153315801354566,2.079956015155492,-3.999895274465743,0.5397470858665523,1.9911137272318928,1.2044100263467072,-0.7565395895396385,1.906626943253837,-4.3568702048595505,0.4472385845977467,0.5061474154394983,2.2533968511082634
795,-0.4294377989158207,1.7306353532345078,3.8537163431460186,-2.7391401315251684,-0.42028734909141674,-1.9954864168481112,-5.859456919871892,4.721743752085125,-1.1879312521497796,-1.2011889421318376,-0.2425456252281215,3.769378987296541,2.8596097102273106,-0.14079289782538496,2.3410044880671776,-1.1187926560925536,-0.967622272041968,-2.973406372334912,-5.3227012233055575,1.3184592817551,1.9515181153422887,0.9948601850828629,-0.7332330643431302,1.7910967054679183,1.5167951689761594,-3.1731221274682397,2.3151612789252916,0.24100913406530022,-3.717910910272611,2.818067455774262
796,-0.9680323767192203,4.457067232025267,0.8792248184852625,-5.809075208952237,-0.5709993701948302,2.011814905355731,2.929679081020012,-4.901392627839165,0.3347015849864805,0.7553307904785793,0.6967941285109234,0.1848870428432008,0.3379885556087636,1.6087213247640122,2.8004991958601018,-2.455508873953237,-1.3484096483482535,-0.943290553931714,3.426766889985057,-1.2137599299385968,0.18453586228201502,0.7472395312794209,1.1382489669503908,-4.283031320558802,2.280831073840588,-0.6246588048903376,-3.620651782211901,-0.8548189258633316,0.8665491594880272,1.952749279637107
797,0.9489678492246565,-1.7125595868196264,3.405989866515945,-4.59357087607383,0.5236521189222398,1.4275206282306048,2.65306387786039,-5.321309562805084,-0.08683677117303379,-1.821627476713152,0.8160374174473395,3.7606725153836003,-2.624124986917291,0.9280533494248502,-1.1097983337710406,-3.096510958905185,2.377337702493815,3.5250432276745265,-4.17904495026356,-1.8011932680878182,1.1186086366502757,0.6463428945823191,-1.6234003605516882,5.838687047669957,-0.1715571795738633,-1.8252604449053926,-0.89942479307512,0.6703310584881539,-0.7941384352347676,3.020049794301137
798,3.5330734240118318,-3.3899163877355676,0.1653181720164021,-0.34445662113788345,0.060548152258619314,-0.024566739413446115,-3.4316252799982827,-0.04710691898191044,-0.40584512196988687,-0.06901457749821027,-0.1417790697829302,4.095370968231297,-3.200800070332372,-0.6746869806503284,3.7504700106408997,1.5428045943232895,0.2966179299120988,-1.714405483893934,-3.6773423990810095,-1.665595140701754,3.620221599533906,-0.769407114858228,2.292076460777629,0.20004659432895977,0.34177856169693754,0.5632056285764193,-5.159810804615496,1.2426577918379849,3.226074879358123,-0.21390605685381203
799,-1.9374685389631257,4.051060717939045,-1.0218675013856853,-1.706708725316151,-0.8750758038808131,1.4900598516067056,-0.4081422471250846,0.8466693731633015,-0.5021283532010017,3.455885866755658,0.9924991779946568,-4.3847838175874685,-2.8966554161454408,3.000601411461858,2.571422412847838,2.0066645035919635,-1.7079260339516082,-2.9741068778049673,-3.5806295140851674,3.4670594768314196,2.9978909338707425,0.906715197128416,2.8493080462739577,-6.640344140019884,-0.15300221252747903,0.8233382076709965,4.609194315857334,-0.010682485865206814,-3.3843178697329996,-1.8845299554024866
800,1.8878218301490577,-2.183218822452009,4.880915277828837,-2.2922197166878853,-0.1375936470659327,-2.1557049217721023,1.9074738805492188,-2.371372979488754,1.1879908137012256,-1.2146059971575927,0.2755723814979181,0.21494190089800824,3.0855089290397224,3.6516927821536562,-3.485011093017569,-1.9110469107296186,-0.5562303016157699,-0.7849134058308191,-1.3922803497571934,-2.957463359346953,1.0643921709900859,0.02560530952945328,-2.590891719368205,5.850637947952293,0.7068675562987181,1.8330695827325414,1.8492695957130252,0.7264655022962812,-2.5255600655032566,-2.5901121715371787
801,0.27590073129094606,-4.753297983814424,-4.6157080566124336,6.218650487147549,0.4946330144721025,2.3798218075162367,-2.0775382989012456,-2.628306584910206,0.6084691926259644,-1.9305250011468988,1.1966822479400214,4.831218444392388,-1.7641805300098685,0.13370656921126312,-0.09319121999777735,3.0473028500938533,0.2733974321976831,-1.597035101495539,-2.1018773697545896,-0.8617747402952354,2.6735276647006145,-0.008330934850609317,-2.632408960429002,2.930864340628272,3.712994110827122,-0.3638406202843676,-3.028532706607713,-0.30133583673370445,-3.275274846335652,3.2559898991344163
802,1.3864980101104294,-1.7635838617702682,5.729550386767077,-3.9741486897342533,-0.8968039880568115,-0.48151185731619073,-1.0399475354857657,-0.11560081940562128,-0.1080202591514805,-2.926747538698592,0.4182546258758313,3.7720615268656346,0.3968465444760696,-0.8435228359757403,2.46962678238744,-2.918141815000796,-2.1664740230847457,3.061665347197369,-0.05411860517137157,1.52107655660277,-1.2186694241708906,0.6054645032542041,-2.1647300812680044,1.3109770507527472,-2.5823049210574034,4.608789517359796,-0.6064421599661145,-0.21905914551318073,-0.5025586169619309,-0.698424673861048
803,0.976075831248588,5.036258380783877,-3.57254582413675,-4.766007089177293,0.7431847415936583,1.583033959687869,-3.4809261819931834,5.582951690610759,0.9251817989780831,2.0159700054910203,-0.8842702179863204,-4.15890709510035,1.4102865846955766,-2.203148116713715,0.08080341050273177,-2.382029961381912,3.2484289217249724,-0.15434083882802163,2.4192813248366036,-0.9792895070501793,-1.6786410365252404,-0.26756753319566595,1.6690264334849303,-1.1628096815509927,1.3106482116499514,-2.3506529819305655,-0.43185499994533316,-0.6901905715847372,0.7454633629843137,1.4165869788264516
804,-1.2708207476302764,-0.35279016456863843,-2.1908808602766996,2.2686169683963406,-0.6870295153503234,2.2329043194295704,-0.6633944557064559,-2.9733955336574738,1.021212668661354,0.17554006764927976,-0.8189164675034002,3.258953720556711,-0.5793632661740062,-4.012980730243607,-0.12193515610952588,3.902664013390833,2.083186356653517,-1.271571217517561,-3.090040161557429,-1.2589736610836084,3.689496310017944,-0.5457121275456993,-2.42289012090286,3.628119761071101,-0.8822748095945236,4.014236719461508,-1.7143130132325197,-0.673439367170972,-0.9746672265084477,0.2304576970449883
805,2.1209762524220928,-5.20493171752511,4.299708519020154,1.952462216245678,-0.7196835043868972,-2.4485317657759254,-2.8574311160163326,-2.7810945730379437,0.29801675071662626,1.6837561323895116,-1.2065927874536686,4.863345593401789,-0.952950023869775,1.5786050926829454,-0.29325289480716776,-1.1764550869626245,-2.0864374966394923,2.9304904095957447,1.238317785472141,-2.4368084360771576,0.34987391170246696,-0.2335337321990485,0.6843501732948543,0.3978002978062243,-0.061235943503923806,-1.9812339102539767,1.7941629406810051,0.6842905813652225,-2.186001785424221,1.7500181171359337
806,-1.436467203624808,-4.004123719205182,-1.7991458475924667,5.7829359431491305,0.14520005579435402,1.3116007714789877,1.9539651024329174,-0.7355606222788609,-1.1406054580900045,0.15709436612398697,0.4292140041601167,-0.6641073923482033,-3.801481027914962,-0.5983338609272231,3.825170243933673,1.2513711595150276,-1.7132489510501507,1.0365224364433026,-2.630933005483932,-2.5802890692683693,2.0156651082283332,-0.2635878867715711,-1.6894643157498255,5.148609169044811,-3.44930092454959,-2.3691614492862634,0.48146679295401285,-0.5263348583206531,2.2010210408009208,3.6623093984016357
807,2.687884287220193,5.405059009065958,-4.463800448220809,-1.2884681525805313,-0.11622085306263452,-2.2244538424221645,-4.716575448474078,3.6029585871917007,-0.04422415044190586,-0.32312694350904003,-1.1242825752852448,2.6052505305185143,-0.17917234663811854,-3.309618066124976,3.6404894615321837,-3.346469812391941,1.420022381704161,1.7747483819183856,3.9940867920216228,0.8147451412007101,-2.2616835216319036,-0.8039681329872064,1.0967169517707926,-2.8398972303745893,-4.304793979059127,1.2870366413553533,1.3497449944762359,-0.4242004831043591,2.105509973556373,-0.013297147224443862
808,-0.5478526752927344,-0.302157754752443,1.5365475944397566,0.5825898806209366,0.9682269967288426,-2.237354041744342,-4.631928519535325,-0.481489528869286,-1.0835854357317807,3.739759983964717,-1.0203829901394847,3.4776264903111205,3.2142625283713606,2.952743599818195,-1.4767903917919725,-1.5979971109548057,-3.8727189507300714,0.7805003252869884,-0.28364823545581075,0.5286668081038268,3.3413566479227974,0.9240561008725692,-2.1209346655129284,-2.3894966559310333,3.3586425297090727,-2.9499272211010066,-2.252803778537892,-0.5730408308737358,2.620148701801739,-0.2030194009981674
809,2.3324024028599197,3.2796877850226593,-4.405395710206729,0.33251040085448125,0.6087825775097677,-2.1479874560400587,3.5465748514208038,-5.705425843424681,1.1525031059789566,0.767091876101901,0.6587538255641885,-0.41949781564123967,-1.0603785425078271,-2.5361098540071136,2.624332306267288,-4.183730465676181,3.0094658636267546,2.146420692296779,0.30565686428462513,0.5697491900295883,1.5906866074420059,1.162863231530305,1.5192871957345702,-5.148243089021658,-0.6330338612270765,-0.323417205285093,-0.8227602391210915,0.750659923477075,1.7376851330865186,-0.7091337509303113
810,2.1124032373558883,4.108904072590587,-2.019994797505241,-2.2268146128024675,-0.7590840618584453,-1.2154138377802788,-3.5408592959212086,1.1171137585544884,-0.9318976021890419,0.8575914333102155,1.235122426203949,1.2629292800415115,-4.153172407048897,1.606478916663324,4.193158526511763,-3.9195544015987895,0.2872972911152303,1.9857920743570645,0.18314752763873443,-2.584967473216052,0.5077341857959219,-0.8143908224431335,2.0011667430484117,0.7073098391755686,4.409909238199923,-3.357685991977011,0.05980272420290689,-1.0246994693469675,-2.1703033607683153,2.0829768596894773
811,-1.6443742669554862,-4.255816888817922,4.5517060628156045,2.470486955346619,0.9594778903859691,-2.0814797527747313,6.00134062228431,0.8339121434854171,-0.994526835642974,-1.5124453249548075,0.07063801349711252,-4.398918618669111,3.7333480248152107,-1.8940140324358392,0.6377829383935278,-3.0319653610260016,1.018348489706547,-0.4635000594537413,2.881079789840424,2.0044425793504956,-2.0416508405045377,1.1903063956109436,2.12436061365894,-6.158538537956787,4.427855981613082,-1.9749388443864255,-0.44367144377910606,-1.0792904364193956,0.18206886527737787,-1.112024122305531
812,-2.8674459073316214,1.9245108481666549,5.009320640921803,-2.061421437588198,-0.5184358475238873,-1.4865282966446962,-5.96541767180566,1.0727915910678405,0.7394316651823098,1.6716199789300497,-1.1350167840205243,3.6165912206459296,-0.6155906249042005,1.5228057487279933,3.7988051028828984,-3.0086189861554775,-3.616301519136746,1.9189002785852374,-4.470445519954303,-2.143452681115182,-2.361132363643282,0.5527707703971716,3.03606853300802,5.386191261307076,2.9356768988020896,0.6748676453290052,-2.3815002692261693,-0.5426723448591275,-1.1575663244200864,0.47119439437430977
813,-1.7667274714870551,5.012363318744633,-3.266601067468496,1.99208504044935,0.21006620741491933,-2.181186027653273,-5.723509268950679,2.576648687316421,-0.2728510519027534,0.05110800478093225,0.003905397202413674,3.3646982315536356,-1.3770301998419505,-0.7171636378213577,1.08920950038722,1.61840894026167,-3.445269546451037,2.8318449434651924,-5.893495900972184,0.8025428230880998,2.8245266964010263,0.7964731539536993,-1.94914989795374,3.4191031254825965,2.4608476259818275,1.0837971805193938,-1.543262330124282,-0.42850455000727994,-0.09152404952907034,-1.4813538768405365
814,-1.7742499243875187,-0.7262665530583341,3.6512592017797196,-4.025310069557985,0.8838326479300278,1.9907346972941635,2.0461862934835686,-2.9454807268750614,-0.41913638012956245,3.7286932660188263,0.0048085494546867835,-2.4150710019524766,3.6746739166511766,-3.7062874642008303,2.957775212132983,-2.0954153936330737,-0.632854548994974,-0.19789172195554983,1.2595423452198524,-2.403768531540033,1.612194642220679,-0.6542085100176802,-1.4101673631755798,1.5964074172922373,-0.3711616849989525,0.9951088348060075,-1.8275651144353553,0.9855911630988157,-0.581932152537668,0.7999589540672325
815,-3.6940532012124727,-0.7358567986788138,3.840107088152042,-0.9360453877014336,-0.7579595662302607,2.283807865671033,2.722805418421096,2.4609278225677507,1.2384237174635357,-2.4188948132589356,0.561582054796288,-4.564844199989764,1.769569063856089,0.6798140011399134,-1.3555192514103247,2.808765679731934,-2.6627027238294776,-1.239926769488413,-1.6246934380171858,1.299873538121446,-3.8333469214818283,-0.14554370528873584,0.4116139799671892,3.8920965466985677,-2.7916308778846357,2.451330727227745,5.4058166708380035,-0.8567772030959713,-3.3851185847441503,-0.8236207323409133
816,2.171856108961368,-2.380940821919907,-0.8913536404199576,2.053032423582625,-0.33369089157733045,-0.618903178626752,4.557244141568464,-3.1461851758632413,-0.3151152477327308,0.11043899978254323,1.16850531183122,-2.374888029586291,-1.0529047150398796,-2.955934076872861,0.7403342395107693,2.115479869093459,3.3589180700888335,-2.205893386780618,-2.3513886927349112,3.3845410878643882,1.1656435404207137,0.9581187386769052,2.5130784112935842,-5.669993085521224,-1.348577630602943,3.444457774882242,-1.3176901780669503,-0.1860105870245805,3.0636385188090607,-3.655817897996762
817,-2.7458257269558057,-5.237669080478945,3.8036647704610473,5.179417611353664,-0.9988765333996383,-0.0007110409802937312,-1.1139262314704652,2.758977680127611,-0.7222476505776321,-1.964451598589548,-0.5386540666841384,1.5803018671941196,1.9300436476239398,-1.1877411560188822,-3.8046831277739717,0.066485369305461,2.18521960291978,0.8106756639433925,3.1694078134599692,1.3875011060286315,1.8340368316775653,-0.8167420048043494,-3.1580456340648606,-2.416158112297481,2.814981076997192,2.990213259553176,-2.5207336200804917,-0.2184021076174787,-1.6144025033369225,-1.4516561055154042
818,-0.05327489839701727,-3.2813742111397133,6.094255232941904,-0.3804986522239808,-0.11653748255226759,-2.2625699886288935,1.7640148167642238,-0.5768625404629049,0.3790365168615226,2.6946866331690416,0.9640982707779173,-5.224973697109871,-3.047216532080556,4.021519386302167,-2.1509378699629575,3.2847787968004774,-4.0654303041453,1.9572865230859016,1.2441055217876809,-3.056707087028391,3.2538890816607235,-1.1875367348604238,1.123200393723673,-1.376951175283807,1.95214960146172,2.111881362063194,-3.593775934871058,0.49007434146596207,1.9622160128435375,-2.9225453829633032
819,1.0785659743852527,2.795569489221478,-6.0355668553361035,1.5774242529264377,-0.2934503146488163,0.877457453451802,-2.221103530506795,5.195001005913472,0.38593855109087993,-1.6955957687272374,0.9927142580991122,-2.656954515869497,3.7318955497393205,-0.049744456808660686,-3.721068648201747,2.6495295668223307,0.427440697114541,-3.0380527086660845,4.639903566706671,-0.6347655368290077,1.7362001641831384,-0.8852371836678019,1.8495927790483666,-6.705693789441909,3.6170066217557313,-1.1895252770423106,-1.0016539092368397,0.743845304773755,0.2823739750483991,-2.452046715298705
820,3.668022970322845,-2.0319434213037155,-2.396005322122047,3.413568812467002,-0.6099621410353262,-2.043680898328704,1.3142388211437321,1.0849496327978656,0.5730846016835152,2.9826156324340545,-0.2761894315914031,-5.678699256467809,0.49910646851930807,4.100165917262011,0.2886184979130775,0.7520457149541819,-1.9727740568305379,-3.667162541818355,6.137510884368645,-2.122170345925186,-3.135655368324521,-0.14857243076790017,-1.340637010547029,0.6095242711954576,-4.653441139207041,-2.6754042233504123,2.904279249325331,1.1331475656049834,2.386383902123466,0.9050346455037364
821,3.0691698589807643,-1.7524071618748067,-5.619724563074744,3.5089005726621068,0.1413243026844162,0.6527369906222997,3.506794452843188,-5.352486441652577,1.206854748012515,0.2462763844378557,1.1255494089953801,-0.7329885526363924,3.5579460000364023,-1.1212080222550291,0.40905471991841935,0.05486370552067399,-1.538863490202008,-1.3617929130187711,-0.8013593937877914,1.4157329806314944,0.6516774861924262,0.4462260465712955,-2.628987528500394,0.9167104088924347,2.0093117073598243,-3.6886356427157203,1.5460644971332336,-0.8444002514474489,0.07407154935924432,0.9035881403109212
822,1.3364644023392067,1.905995765152941,-0.8937518986481621,-1.1218163848750358,0.4883060274406752,-1.7151979114095912,-1.1870939765086064,-1.9845937334321455,-0.4793892157063242,2.1791057802447398,0.9031809498060763,0.5687901955961969,-2.1983919853227487,-1.6847523042654942,-2.988959534512267,3.0907223499129373,1.435383624844711,2.345997849342538,-4.860550283416927,1.8261179666676117,-2.46098958306084,-0.5032716894918181,0.5498247649690917,5.448868824332365,4.127570901065532,-1.854701357236756,-2.8548968615179753,1.2353365028089662,2.743195762418406,-3.3965049475381175
823,0.021213966066294887,0.4142650305258435,-4.038387273776586,5.874496826691896,-0.4798468179758897,-1.7917417315315305,-2.8788385409316817,3.7410918615163844,-1.0066543103414203,0.7444363660951883,-0.9861157675787542,0.3860803912401991,-0.4771056277469512,0.7366194841080684,0.5035335735748738,0.4040435470317085,-2.7301954008489595,1.5631044238809189,1.6653308395464492,-2.0999515446677712,-0.25601558426504667,0.48408632498540705,0.7050379568735128,-0.49848799247306985,-3.773177195503642,4.9795037723544695,2.6874051433416746,-0.7666925347227433,-0.7558080181992555,-2.371231167270455
824,-1.4977587364971914,3.2369055952067036,-1.482933212245122,-1.349898214413031,-0.9426143026821068,2.0362988706307963,-5.894127832796958,2.6620711349224777,0.7050110446001021,1.3053312567253101,-0.8598316527985279,2.0815460493475335,1.321040567648037,4.192526651962794,-3.7940790561722224,-1.5364094621547242,-1.5772903351801801,1.3942116338959494,-5.880205668484432,3.115179392069898,0.9206038948014594,1.0666218468989994,0.9443245703469536,-0.16652403563335838,-4.659386814213416,-1.274308582420126,5.89489483185158,0.2874454661508832,-1.177317680400515,0.9286727790316416
825,2.1528346604573976,-5.487061045723738,-1.8004797258976843,3.837097057176514,0.9816298728093318,0.315979181178232,-1.8707419441737727,-5.651357062031554,0.10006578632325791,2.780724597062033,0.3343226978949492,4.306985924925058,-3.025811994624048,3.547970028035458,1.1027503940743664,-2.8975023634218715,2.3921436157811726,-1.1195496798454414,1.5637964083217177,0.9624439775567115,0.46183309239252424,-0.7479935425860527,2.9340067366120763,-5.174086672297438,-3.970950720157166,-0.7701899971313502,2.203071527710957,0.11526688750100078,-0.6185088571585347,3.041311159235132
826,1.4568056803072658,-0.013302465774792438,0.08942579463986178,-0.8074917264337209,-0.11188550336591763,-0.6135517793726866,-2.456895659198757,4.47581256389423,-0.5399401661589476,-2.608932574764081,0.13559080380685984,0.9943650324206601,0.42346057314829366,2.345848070451048,-0.18160730912184775,-3.9367244817230436,1.4349073132226202,-0.08588416597743098,-4.259273556861842,-0.4689640889613873,-0.17919781560089199,-0.11027629478591905,0.104419500725216,4.913292255484354,4.335542596765006,2.0436031559782784,-0.45021346329454914,0.09473177728830606,-3.4484267154891146,-2.57523735124788
827,3.220733361419626,-5.141301633247352,-3.0186743889266126,3.380147700544491,-0.7216646416993806,2.2807596019092315,1.7129448437062393,3.2120830403836003,-1.2045163661221467,-0.81846609737077,0.4450390811419762,-3.3470845017389124,0.19693023109437036,0.3877564510837601,2.7924345025358903,0.01058570675384729,-2.3196425653855943,-1.0680643260826024,0.6072032874788462,-1.7132310525544927,2.2376087195459426,-0.8590086868156535,-1.8409399138506526,1.5683676461955471,-4.922023138526885,-0.4524348270503502,4.813206885887805,1.118368452886358,2.023598207656068,-2.580715580852921
828,-0.42897054247941746,-1.0601420439344906,4.272213660784178,-2.408587918824953,-0.442376437673361,0.06786328212803916,4.475034850967624,-1.8598803401424,0.004433527832036432,-2.7715970665019256,-0.5998191806607069,0.751828208505362,3.810826976306476,-1.773105861400735,-3.065697959997415,-0.03594989705014484,-1.7801892413692055,2.844115983510708,-4.329863649869594,0.7786287668194944,0.694833646840646,0.02740816506215804,0.9865960023002582,1.8423970688465658,0.9457858762227254,1.051624813000565,-0.5419383513305327,0.025629344661987297,0.624017435643065,-2.1051191181977273
829,0.36273520599135445,-2.7250820745323665,5.150591564200855,-4.457168899688323,0.35323542981745515,1.3156887742109955,0.4723557261921627,1.1707246010961683,-1.1773308619296716,1.1142165203132706,-0.2475442867028157,-1.3324216989690818,-0.9486236112020059,-0.5086385620179463,2.6422571455967585,-3.7895607181054025,0.9557222249266673,1.6488435208015986,-3.710375632199483,1.4965281952314626,-0.40623921148343456,0.6830530900718399,-1.7459023835981586,3.682935941977302,-0.02459706308207643,-1.918511511330152,-1.6650545203476739,0.8734528781073028,3.1171951914353393,-0.3824849747826615
830,0.15800336918482039,0.2450799360361131,3.448525581393305,-2.622883161245081,0.7518130431336028,-1.9805387685027611,-5.738808225125162,-2.2469033448695157,0.379895251731603,2.5159356122090557,0.8253245583313955,4.2645561477226295,-3.4116245940972725,0.20541078130262846,-2.7748156552883927,2.6838404560900386,0.041230596239934414,3.2559584157527652,4.800095336234051,-3.050310095904843,-3.4674271235031995,1.2100077565472542,1.928159359101688,-1.420525232475395,1.513325456129433,-4.072139143445634,3.3326815928277718,-0.8888282698495038,0.04193140562440334,0.0730289587136248
831,-2.975208861185333,-2.2136964577346134,2.5801402523327184,2.1831644729520256,0.07677566187961204,0.3488249317555585,-0.1433901046499848,4.4585798345735945,-0.9635344929681766,-1.8680284044741757,-0.7258355331442399,-0.7577912993370255,3.385076120127657,-2.9279800247529195,-2.2016070945950332,0.5514007520543025,3.895948690809764,-2.7028384436440707,2.191813207460452,1.5073266230362155,-3.1111658790641066,-0.871126973961772,2.216164515717187,-1.9330114931884168,3.353273191785206,-0.991229179155642,-3.5769984025714976,1.1867603238866575,0.39564261070265516,-0.3674485446472797
832,-1.0676503412537919,-1.974607716436882,3.397082713009322,0.009187095118964095,-0.19026395781417893,-0.1737477926234714,-1.3788671464927234,-2.6762989474736614,0.3433559990859969,0.06878605712714503,0.8293860308447778,2.813638006908466,2.743604724494773,-3.1141408417146828,0.8811634953430243,4.149503715835884,-2.7371455567629006,-1.922985537196416,-2.305358824004191,0.29717289481958353,2.90929545444941,-0.5505273863211704,-0.13791863637930746,-0.2126635025647019,2.6725229412119944,-0.6876984851740922,0.3152205754222521,-0.044820497190787734,0.394949988181974,-2.650174522451197
833,2.0138742528794076,-0.7518258275883518,3.013628146295762,-4.494907866857787,-0.6126760644091944,0.8319073596801321,-2.3293189251604645,-1.8516352542892136,-0.31579982974534104,-1.3684444451865634,-0.32295985730045285,6.188158311682066,-1.2953419333101088,0.7984965801620696,-2.3779396529782257,1.0312606137954319,-1.0756937185616913,2.9192181108921957,6.120198164621254,0.35551601143485634,-3.187723788435642,-0.04881903071474625,3.0373598799669175,-6.276531236873023,-3.209366285945876,-1.5958654999520867,2.3420947430906693,0.6636748950373015,-0.10889825509806883,1.9083604028682153
834,3.251056324556714,-2.409910645501153,-3.2835389035841693,3.6712020383363715,-0.4339804348267764,-0.7948283789810233,0.23721964409589802,-1.5085101804985719,-0.7392684344787339,-1.8013343268331123,-0.8364319383311427,4.648325236045704,0.8271412191369336,-2.3515028932284654,0.6100431669052284,3.1914268115449858,-1.0745388847264046,-1.2025694196326082,-0.9177342923004375,2.928958553267613,-2.5768400297564007,-0.9410062871848162,-2.6945311357613857,4.201153191735031,-2.023818559367509,2.8604173656279954,1.9507320262713677,-0.7168717014312076,-3.2005073727871647,1.1300482416866622
835,0.18638510235766326,-3.0488053432874658,-3.061806521091434,5.454253674613213,0.4231089113995887,0.04686417600839121,-1.4172346835137546,2.4918530017291616,0.02573894012372957,-0.9753339588664538,-0.9825491650798011,0.857525865607176,-2.199684133528679,3.43177477892878,-1.7490512233504365,-4.080409429176168,3.1286516353702183,1.468718371755962,-1.5367908733915492,0.9477935504796715,-2.9191396087652564,-0.8208649958459651,-0.7150564102559986,5.044058337778694,-4.3324915380730875,0.4537156705760985,0.768216830291852,-0.5326202127201265,0.6476049844732632,2.9955742654521664
836,-2.716192515267414,1.9770883943277688,3.4755777510689185,-0.33817064981132106,-0.23838083298335166,-2.159922147334675,-3.1271256689603675,-0.9005142942164923,0.02840577647852527,0.6475031356130945,0.9044025757250145,2.4473284753602904,3.081707533128828,1.3789967462385455,-2.588595492731473,-3.0877591040986534,2.700513699826608,-1.4848633823641535,-2.2153276333858436,-1.0094280179727875,3.2790970249619207,-0.8082037658276091,-3.0178174819997814,3.771679874223693,2.781648714140772,0.6813361983148134,-3.010401682787606,-0.5624101374734662,-1.340268961916939,1.4500958697226203
837,3.3241237790210505,-0.881825744957311,-6.180435050583206,2.0325826753303353,-0.09726208862048624,1.8028164298095533,1.4896306330055715,0.49334160046702635,-0.055513962273016304,-2.060737183433668,0.8135416596867486,-0.6802627474525913,-1.828569442231693,4.154745391837505,-1.358123285334246,1.1732825424665627,-3.0337405973820157,0.8924053906436207,-5.12670397238945,0.05561710760475691,3.914767836170107,1.0018698107739468,1.8801462098353934,-1.7256969919951644,-4.689016021159809,1.1449440472525723,-0.11440154879942455,0.5202436877280778,2.7644004415909578,0.3738293933877834
838,-0.5886910670573311,4.513222165391607,-3.8219274448377902,1.1204069782340582,-0.2543711277844545,-0.9686395039461146,5.242095553453513,-0.46604602235692383,-0.500589269574629,-0.91668929626276,0.21544683566211997,-3.574217800921268,1.760200576170881,-1.674549627463282,3.797057743663217,-1.339701578160497,1.1598578529976038,-3.702864967208182,-5.291818178501515,-1.5386838554708397,2.602861850613305,0.7047505523331674,-3.114868304728546,6.637757935754038,3.754893579812162,-1.5993795471225063,-2.9018538107466583,0.5516184674034585,1.2990892301765946,-1.1043679195228773
839,-0.06778188993511769,-1.1170487071353428,-1.0068831659783903,1.7101019965269195,-0.6439748005564874,1.1255865670783773,4.3550657447679555,3.230683961343722,-0.6037450294841555,-3.516152168786334,-1.2415548311886617,-2.224297676652494,1.8191635045172632,3.1414050382808156,-1.8097317149684375,-3.0660652414350285,-2.4923987200758457,2.4076271336809754,2.4453712235329235,1.5664340451562389,-0.7634106895308008,-0.018923175506787793,1.7047657795971247,-4.934237183249099,3.4093341084108495,-0.7987596207046295,-5.942809199105891,0.5520054636404579,1.9473318019758636,0.8328974457835265
840,3.3978122866155793,-3.9752202739203923,2.9241084835942956,-0.6571482205792094,0.2520820131008179,-1.9416342888111426,-0.5058311035918592,-1.2782639464235501,0.9285470646780043,-3.574444602349928,0.2874909972653059,4.142501590422054,1.9983140365965895,-0.6271252418981206,3.7929690248605645,-2.6907783624992323,-3.243530699766323,0.7701512427062429,2.374012878347436,-2.769227785209754,-2.5103817565009674,0.3944797635783903,1.091766032458354,1.41935086732612,1.9130093696153772,-4.816141883509459,6.0286159021148045,-0.6789082083073481,-2.315291726877076,-0.13128345303610267
841,-2.105273488563707,5.242107310182291,0.4818695525241452,-2.915149739648289,-0.14685126334463372,-0.5567023711498926,5.279371363413794,-3.8944104288779364,0.6103558287998885,0.48772353551053804,0.9273189271999627,-3.410359226046225,-2.7706742294327604,2.0188225366987993,-2.528234873708909,0.6526175301585688,1.3987776186127014,1.2286914176713317,1.2782548743382236,2.3206085469982085,-0.31337291908079656,-0.4728882066968936,-1.630939429635763,-1.1816628659233679,-3.9454559464943593,3.00345263123706,3.7378196753656887,-0.8205796741463915,-1.513533737049725,-0.46170294891203945
842,1.51643304326808,-5.6719642107484916,0.6389786141668594,6.153115753110487,-0.4947553501579418,-2.1418078496391164,1.6521518794595806,1.3048809778589359,-0.29485505302090687,-0.17093816398320882,-1.2167716695033253,-1.2744679708110347,0.7553605073616687,2.8906423618024526,2.550955670365596,0.5730550092056639,-3.795371462142784,-2.974642086592887,1.1813253799282109,-2.385339106452518,-2.9917786337622356,-0.18058966720583403,-1.5857174990547644,5.962099526546737,4.007141967091584,-1.0743287571682991,-1.8936025443708786,1.0876805845033708,0.6656954656568921,-2.792586715712444
843,3.4427981690698886,-5.502097311600792,-0.14171761593287968,4.193094541147403,0.5021734538919049,-2.4942512365756295,-3.748050066274839,0.51196749836188,0.9792879195642534,-1.826895422747418,-1.1454689685789066,5.229159039675093,-0.5048175605235237,-1.7523057075847035,-3.6190629703791046,2.925889808533366,1.6680912861907764,1.28220514376288,-5.643671302497658,-2.8934768211213253,0.5679262395832652,0.11036229642509277,1.4938083102357584,6.3650512773744765,0.798852858498698,-3.392346044469548,4.848023018533709,0.07409268206404818,1.323687527263555,-3.652310041890237
844,2.821572660239216,2.604715498038928,-5.236279776664627,1.608667258725255,-0.3466260738807736,-1.4520495664581077,1.2078326443362428,-5.734957337528339,0.9638449204512858,1.1164951763200648,0.20090130193240174,2.2458832944884257,1.5854745794856058,-0.9596288764990213,-1.1942599300406602,-2.5506831904108367,4.044908616198743,-0.9258111987341469,-5.340395238731855,-2.659688633409891,3.073436843525606,0.10462491326733936,-0.5642650310245845,5.386287146372965,-0.5072301750460646,-3.0042577848114007,3.4923883516509733,0.29644638368031284,0.4467458811882885,-0.7240926566619024
845,-1.1798074184552227,-1.9116623255240341,5.486567139822952,-1.7578447289378438,-0.5131657204157936,-0.1240869464901504,2.0389227972008825,1.9992484747795665,0.11498384777484194,-3.365643864900605,1.1007201564834297,-1.8882314113380367,0.7549477703342511,-3.1747706274860796,-2.8260147146781023,0.6318495190416478,4.154060249370456,0.45992780341753914,5.669032081454866,-1.1582589615655454,-3.8765665534534115,0.540230919091778,-1.186661637748081,0.012224152219943107,-4.297574399405065,3.6110265086003217,-4.29340836125748,-0.2739429436409493,3.1296074685227318,2.1242917271806654
846,-2.091601696973509,-1.4458561877057008,0.5166000898201126,1.416091499260677,0.3716294862323659,1.2331368093659787,-3.3046793720860457,-0.4309827002937787,0.652599134717109,0.7017346224839969,1.164865503459982,1.216462811718813,-0.5906436337447047,-0.6481709394984208,-3.0340914608866605,2.5047580181737814,-1.6537758382078511,3.4219238541635626,3.7532961354025325,1.1924012320239115,-1.6686222211683113,0.9727868625777951,2.16963434992255,-6.419496358758977,4.270581636170203,-4.658620393223277,1.52349333283939,-0.5796825884265306,2.898423176206716,-3.454195163566231
847,0.60700898178691,2.3954310819358042,2.5461563432500967,-5.5179933481503625,0.4042239654873909,-0.4348270243099215,-1.0199742115542456,-1.9260166840950532,0.1483935687359974,-0.10474095993313703,-0.7189899909841424,3.6213282778306564,2.945759731710133,0.985828945275177,4.230123662550948,-3.41518261781823,-3.882114455168775,-0.864415266549516,-1.3109638059845423,1.191631395855456,-2.458725114723176,-0.7305655522700807,2.1499136619042662,1.1587094152175297,0.4990903636669657,-1.2501862171941909,-1.1457841106498847,0.3779478054723988,-1.1563505226731685,2.6752826813781247
848,1.379785883077247,3.7071094921392636,-1.9059588530929332,-5.127483892446104,0.6105043615830752,1.3360430087394022,-2.9709680778171474,2.1011967210034257,0.3859359901577806,-3.1146673993021885,0.04141894025504733,3.5570838257031596,1.0813095160723663,2.586203732800808,3.9750729435131866,-3.3386523384029356,-1.4545268967312914,-2.8494069572524072,3.8247959810089505,2.8403850643100093,-0.5267513554457164,-0.9402675964267893,-2.3241465301163142,-2.8740155633307047,3.055330242866873,1.0005319089392444,0.019084592974241588,-0.06446366617823518,-1.480228864985202,-2.5302542136166455
849,3.0580393333965077,1.782514426045676,-1.9505038906457095,-2.5742113867045617,0.5553675741067323,-0.8712060561986892,-2.0831574032185856,2.494478603095313,0.556541949147805,1.7927237341768993,-0.2247241369847055,-2.5358627462166297,-1.129314113216747,-0.8601289625467068,-0.0003094148681874742,-1.984330032930842,2.085020654204083,1.889061869358109,-1.8487507083738208,-1.6547797879245802,1.0452570123350995,0.5306510235593223,0.24569535330145698,1.6819271071019841,-3.7815421132968368,-1.799758561710508,4.871365748918173,0.03239497641459099,1.2646655468894288,-0.5871255972145697
850,-0.06863534139264793,-3.272012106442709,-1.5381650445954307,1.553560886387288,0.9358333113212964,2.389418294722164,-3.339431854173462,0.5798729511461005,0.2956517378906742,3.424226458009432,1.1408028697833847,-2.101122162656047,0.04898558469315262,3.727786750708045,-1.2374239758304988,2.8615994104628335,-3.9056960400939786,-1.495251729939831,-1.4942192777515153,2.8780853064571232,1.8204243785382772,1.0762454780725426,1.2538496794280451,-5.534385564744998,4.131233254694678,-4.978687922096812,-1.8348379651260522,-0.29561826581626516,2.6394174603966256,0.338493437948145
851,-2.637571667123515,-5.045319597629735,5.555553616071574,5.58798798349061,-0.9618222028259009,-2.4988281319830694,-4.390941067084711,-1.2780685063305839,1.24694204488822,-2.003418227292979,0.7785337755457924,5.64695198027437,-2.3987726606013275,1.5907738002472769,0.555684853232755,2.551038710160693,0.2868033680893056,-2.585528071128982,-0.8237515239315663,-1.9728495579001422,1.7505905506342891,-0.5418431157849195,1.6410840306904486,-0.05323038370865518,2.198195694374018,-4.953918751938849,-3.4042664258596,0.8618379924901118,2.982901591691789,2.315249899242829
852,-0.5899864502665935,-2.585221470473382,1.0265473422261913,3.549162489611355,0.9323557664820177,-2.3328576775795886,-6.198502953356101,1.1786295603292203,1.225051884424981,2.419298719856716,0.9871527856918458,0.3883700030534527,-0.41783794151358933,-2.2945086794614813,1.4263144972689545,-2.921785339942506,1.7507473753575233,2.4570700882908376,-1.4841144351387143,1.8324709928875738,-1.0287710537202805,-0.34039048612533573,2.591843104227479,-1.5710381221312595,-3.965822517245627,-0.5496667671967224,2.8362822653087925,-0.9159411979135852,2.5843445202514097,0.010803696796024553
853,1.7071603737727017,5.366075054585142,-2.635508237671125,-5.590386845263726,-0.759313810332148,1.911973464909135,2.0777554559348417,5.986976628881404,-0.40578384517249333,-3.3342693519042346,0.9096848019963772,-5.234363689735787,0.9392795219499988,1.7208294375722382,1.6479386283501967,-1.6380098004583399,-3.8185481846048575,1.148510397190524,-1.6131483964377153,-2.899597497909877,0.6397573360703035,-0.5735457612555743,1.8307926616972932,2.61574165783502,3.1660776371548955,-1.9842196888563173,-3.3669943692349236,0.10335909892323958,3.6358448741536797,-1.55406755214028
854,1.869179445238835,-1.3709458095742022,-1.194115560977437,0.767839819831039,-0.21378154934824778,0.1418236548299916,-3.4314996501119985,4.432776238465543,-0.2195478377164548,2.055097658824611,-0.4033106141932805,-2.4335157952683204,-0.605295481108513,0.8165865765558173,1.4177221716603974,1.0185547620617612,-4.185041512126382,1.5374734829566954,2.551168034448711,0.11959323048188075,2.651108802352372,0.00608593576887273,-3.195556662750951,-2.1323993403014434,1.2962569699019504,-4.697138117226993,4.198458327212897,1.206156194428993,-3.14395612960951,1.1402227552929531
855,2.873223965805355,-2.2681442268534795,-2.7827359602403767,-0.7296172365275844,0.5449490313218432,2.3623244264942045,5.973789487171498,-2.0617174789623007,1.0861325480408848,-0.49799542586978873,-1.2241532814124092,-3.2760558489677614,-0.40382639561320843,-3.811206726936465,0.0022361180799741476,0.37935636129573425,1.020508042182641,2.8129326009910827,-1.8427081423653355,-2.2346930061853865,-1.8740399273331914,0.7246178132969501,1.8256092098377632,3.4012140527486494,-2.0640432487354445,-1.4541370998866832,3.6055574560433783,-0.11074684112215749,-0.0961083352505927,0.11947806895180513
856,-0.04398373990742854,3.919677868281365,-3.760386848200529,-0.8115524096666995,-0.661922005642761,1.3581671351360036,-3.3545641796107724,-3.7161298119501467,0.11240385968029099,2.8658448924808084,-1.003455141063446,5.095900380463387,1.7848591863317722,1.8972415576681634,1.2967009692923277,-3.590658507599432,-3.1442128091659214,1.7560696034728238,-3.452349034869414,2.0188831254808086,2.849062346157268,0.8481924989385421,2.1278342091442912,-4.391623144852058,2.921879720398376,-4.820279471236871,4.358084278445091,1.0003964596194077,-2.81048538662605,-0.6495956005996284
857,-3.2681859897755743,-1.0076647498390727,-1.211791583494005,5.1259549188306615,0.36344547508018277,-0.0017580708022215674,5.008755484449129,0.8508353955594004,-0.850883838164922,-0.8666961537825788,0.7439711881436741,-4.885982076204588,-0.7868745034791118,1.1514758362783688,-1.0015269197426537,0.8631178717023928,2.9704279918860124,-3.196620276645275,4.633282437790836,-0.8118352396142701,-2.6334874183896773,0.28008271440534394,2.037937771501193,-3.505980265693985,-0.08977592665370082,4.9320233064378804,0.5239991671058171,-1.1758212423269296,-1.3838121943904156,-2.8066131101723304
858,-0.010074048546139025,0.3657966936166588,-4.0149496204962105,2.123190278569613,0.22579576071330054,1.3102409361427583,-5.737848999174346,-0.14051282697078804,0.4885174455455692,3.5590058209372017,-0.7843447864154616,2.6151833460779343,-3.9687341707330184,3.48972430073432,-2.3623188668928528,-2.24982492418245,2.2442511987960394,2.8469024622776615,-0.7498679068602385,-0.44203438354374036,0.3636353580523206,-0.23429635713904684,0.66481680102501,0.39774648846513116,-2.337517898109482,-0.49081197231950213,4.713636640175011,-0.2085777261165287,-1.2658846282474538,-0.4108444153817228
859,3.347627191494322,3.999085033600867,-3.6108984271081326,-2.577467291875326,0.9250410108734473,-2.0833875169852156,-0.5827306909913048,-1.4700279786637722,1.0842811323591794,-2.721299860789994,0.24886000872429115,3.4409173893617044,0.717421442051208,1.9505184770290853,1.052071400593114,-3.848981856637508,-3.4933059440446037,3.6222764810084342,-0.9132575927335012,3.2189157797381256,1.1192383574343268,0.7375044366273,-0.3616886526585432,-3.800712328408256,4.558030113144319,-1.630177335794727,-0.9706660377046639,1.0342416260409744,-3.2507529849030554,0.2593246192174643
860,-2.241854226214368,1.7116669666291031,-2.72627278996589,5.253099260269021,-0.5112426889286907,-1.4853965217892497,0.961500367035562,3.59289759907573,-0.057101004997493376,-2.7235756591558395,1.2405945417833486,-3.0143158437411763,4.0872575532397555,-1.0827220893317673,-2.319354165978609,2.943863302234764,-3.018884319505103,-0.6101602806593167,6.049093886544714,-0.60386838930925,0.8366479448468844,0.08251946726642956,-1.5563458052729313,-4.80804710407638,-1.6454207854230205,2.265879580213106,1.1573077055530376,-0.9659075406400301,0.13026371069041076,-0.9421226703932177
861,1.0727905008876277,1.8915390334236264,1.707897542178877,-4.4376352225068665,0.20289475361297216,-0.43748660759633573,3.3190638073954126,-2.517641746160084,-1.101709944516947,-2.021798613682103,-0.7604831247864965,3.082569621750366,1.947086444845013,3.196270115205188,-3.293137029352229,-1.2543908076478107,2.327302650278181,-2.9231313733285997,2.0372817115978563,1.2046747735404217,0.5244325265052794,0.6537608351831432,-1.7114610264780126,-2.7086888203492165,-4.655409440767347,4.123214884747032,-0.9901965217312068,-1.0440799556294729,3.382726948146626,-0.8162559147653372
862,0.7227768479297438,-0.20770974938534437,-1.2227297624204745,2.608501137577555,-0.2967252961733302,-1.6041131775282373,1.4858442893660673,3.231292779274572,-0.9619941681614419,0.08306354300589547,1.0409003586032615,-4.879106802088213,1.4680066231267688,-1.6025318203326826,2.7939417494805205,-1.1277649972802557,1.2081684660163319,-2.7398200210109493,5.1826965146835136,0.7822562797906265,0.2669295083312129,1.0395413875599608,-3.1606949475676416,-4.110728742798216,0.8104346783666543,3.667108696660385,-5.3278570682693065,0.5840319189466179,1.557067527208293,-1.2907857529123863
863,-3.556051969592742,-4.863734559877685,5.395023314386716,2.10678224004889,-0.02526747404411811,0.9432484490788369,3.02062654317389,0.7291309717136834,0.679660133098773,2.5921131806766624,-1.1784767512897014,-5.843054077373154,-2.4487822168307076,3.803581385959788,-3.8681357754208285,-1.4396202544282097,3.749009918558148,0.20394694216152942,-3.63007633690923,2.6901547694698387,0.6176996407052577,-0.25305584008686655,-2.296142068710724,2.871419835531242,-3.0067400857494206,4.210067058937685,-3.92986235016501,-0.5705418934662738,1.2780454135580683,2.0190318568852135
864,-1.4418158567222275,1.015403498458653,2.767971173670709,-3.6142661048596985,0.519952430992948,0.7527548584594932,1.2411464724537211,-4.80051516286753,-0.9692491025369439,-0.18511298102204599,-1.1389027534674718,5.852633527440453,-0.1445105768165007,-1.3097992863958954,-1.6295820393991143,4.138900395621739,-1.6219959107019974,0.5669874176914682,-3.881862531539248,1.8874929187130327,3.8773132193340984,-1.1084153970156652,-1.9322494679509745,1.1577212584582597,3.48796269929397,-1.622450945098194,-0.4836656990642645,-0.4700602487686263,-0.6331897398063564,-0.278596066556295
865,2.1827043986658303,-3.557979835819559,3.589330722918241,-2.2666954191076734,-0.4233074706813742,0.4759476040243875,0.6392548321464453,0.2837107104333185,0.21649101279213046,-2.737219177166164,0.43911039128278073,1.1586522305117093,-1.0526570299808427,2.20357839901704,-3.7592408082476805,-3.285140005077034,3.9935036464495326,1.8999557978386648,3.8118343688310077,-3.173151250933092,-1.263031717454508,-1.0337296287429307,0.47860636094860354,1.1794718673504185,2.5309932512521023,-2.1521335485565096,-4.662275200737,1.182744568411624,0.8475197613621877,2.2531511682678342
866,-0.7100008294457627,-0.7497275992949,-4.898902718252568,6.2437055426753645,0.8548957071014369,-0.739970102783694,-5.342207364464805,1.594071135474426,1.2263191372004698,3.548629467612635,0.007982410708976317,-1.0347947865314708,3.635645008913343,0.043108568443745554,-2.6486968123396615,0.13247665141983944,-1.394408928299237,0.23187551186167354,-6.076287391266465,2.5486523735144786,3.769164378448057,1.1798399142962195,2.6907560795676826,-4.112125354560458,0.27120219719145666,-0.8490517420901291,-5.402426064830255,0.4890358853266781,1.9231871980768318,3.568052526325644
867,1.3570176892043762,4.2500479233424535,-5.144231042770507,-2.0336594018383103,-0.80427213381338,2.3750969658752403,-5.509662461950569,2.5593506388797067,1.0027205798746337,1.4589250146786163,0.79382567434949,-0.3051594458316522,-0.6868818978919116,3.851808514746967,2.9118147493851403,-1.2590950948334374,-1.9610021819491443,-2.8566440894579337,-3.2349317636707404,0.19047863341492288,1.1072354093273091,0.9111019689577606,2.243484609274601,-1.2173688573043684,-3.453177573724993,-3.276468801267921,2.838447281979132,0.5409554490765984,1.79717138271484,1.5530722612225532
868,-1.9985660158410425,1.2234144609206545,-2.7866304919082836,4.677284153497457,-0.7031149138482198,-0.4123871928206917,-2.801138879273271,-2.3083141301889682,-0.4276416685352533,2.4959674661554487,0.8525611645239568,2.1885660473183073,-0.4190027261410201,3.365596481147854,1.5401181251208378,-2.6765732789324854,-3.6596172264695905,1.8494786252741058,-0.29039102466622424,1.3879647452944823,-0.9777107566705077,1.048985614204164,-1.4053543946587652,0.23650581649629387,1.0455562585078617,-4.464819750490369,3.9278606341711075,1.2224246978381217,-0.005846808242074175,-1.7251750317844259
869,2.3765625069435004,-5.070419608679508,-5.374612477366785,5.889980166722118,0.39446627904225995,1.7840231333382963,-4.966711225852489,2.5010978269588193,0.535675263645297,1.0606540979235142,-0.2662846942855621,1.135568731610661,-0.886552135281029,3.1428641655317406,-2.4861113790322875,-0.24052535499004435,-0.8860396626767546,1.3563643664480907,-3.5137945743018655,1.4428423905308136,-1.2789041616182004,1.232743320332669,-3.129971335972048,5.247084361028072,3.3729636556114535,-1.7575175944647512,0.43164589929149244,0.29845892660711293,-2.1190933884817387,-0.22645749856333808
870,-0.1792876545401434,-5.412450648660748,-2.6971799242543213,5.3992877852511185,0.6223700668146588,2.267260375389329,1.9055710453518806,-2.7564570960649846,1.0218410701062242,-2.8180844861977974,0.9369953470595087,1.7101341197454296,1.473236976210469,3.3494326432879085,0.14221870507224565,-3.5141761326436978,1.8246860347354286,-3.2753982266626007,4.536357231345523,-1.2402827201102617,1.1564482614690803,-1.0059272402230688,0.47732579600142344,-3.923921328483271,0.9634610725109951,-3.442780251147198,4.820891895138853,-0.7087527852123472,-0.7786053828732165,-0.8542145484168948
871,3.6510325277497984,-1.6130887872505042,-2.82677346321681,-0.4284440332260182,0.2888030800926398,0.9284706758507983,2.0596177294064795,5.5500193330130045,-1.0362691682986331,-3.334480699650335,0.2106597042543905,-3.4495468987246554,1.4544433579215372,0.4099821078206034,-0.750593359528672,-2.3679940713611405,0.20081896198472649,1.0533430031627233,1.9314039551076085,-0.97374980067252,-3.236021800694866,-0.7499100722063261,0.24071932598138623,2.7875583924841507,0.8964841671563839,-1.0588666011422845,3.2992738733089624,1.1561078142906025,-2.579628882612438,-1.7133703710010302
872,-2.070677132419595,3.017783519742416,1.0839443159095943,-1.6987414633558053,0.044708438387695004,-0.3770176782643926,-5.435745609569782,4.039581254245302,1.2008141817473037,3.5276599999740235,0.10265263625063614,-3.4349624626472455,-0.4445985304898983,2.8742002526749495,0.008803904665757756,-0.6532969631355989,-3.418126395368649,1.6330177316532115,-4.411665139173927,1.8703724724922939,1.4070867744168254,-0.09517712358564534,0.436195565022544,0.7931874508273147,-0.4712734515487824,-1.4423832878993572,4.268448951604643,0.3941729797211986,-1.884033702049006,-0.8649314898285212
873,0.7192085931538301,-0.5053616353558787,-3.2973157087345832,4.3908906344047445,-0.4223556422758228,-0.8850662411923818,-0.31180667867765877,-0.7571543912772825,1.125939929849709,-1.5104971592350775,0.8560156326022366,0.597502666738329,-2.6868942545462406,3.0657777261885,2.1110425999361624,-3.011722010266787,0.5028677601283782,0.018928178559717068,-3.2875138269036235,-0.365639083125453,2.815044224730368,-1.1919203030126502,-0.5117270335069186,2.541756021817662,-1.5339704419525795,2.239335523981005,1.2527405521784694,-0.33637400515197236,-2.214817309210016,0.5930856801552871
874,-2.5880778812045406,2.3768431248939343,-4.158666780759848,3.7632182561844054,0.7248252751221482,-0.11814199423618632,-3.1455554838563202,-4.502412955507644,0.3055471938788905,3.23878423818449,0.8381900852097139,3.2654469220911047,2.538610040173925,-0.031055665705338242,-3.8756386028890812,2.482883581177486,-3.0501533229374402,1.93535397018017,1.8325110733607062,1.1819660241475223,0.5296196267407716,0.43550322911321615,0.5791040989057183,-4.558704052268567,-2.1687307598524193,0.9826961270833827,4.540027707692062,-0.0906447515279627,-0.37846226947789496,-2.8848860539169934
875,2.6819555972671907,-2.896725349992373,2.114240520335585,-3.4091303339587746,0.12161699154557848,1.3880425748027179,3.5488529639468567,3.4116547942584567,-0.7246844506885708,0.5928276668778611,-0.8173748056980017,-6.011276168696391,3.7833554781941245,0.25609348951821076,-0.9930542882961184,-4.012214747039614,4.225359728524509,-3.25953966090138,-0.5755983382738883,-2.4251183561140746,-2.7445094031059707,0.18643647772854077,-1.0614856037778768,6.620275223542642,0.7697566992761615,-4.165425937679206,0.2565580801507643,1.246886864694388,-1.2003256411830616,3.0925499347411005
876,-1.9249255390348061,0.5326747201116824,-2.8698769383413527,2.295185675988769,0.8974680355135218,1.0694740457621101,-1.7531769270005277,3.112987884757562,-0.4067721454242008,-0.6282307656307218,1.2082660188926333,-1.5330740655945299,0.3906998256660472,2.6239203270237006,-3.9359493806585935,3.975314511659498,0.32477880256318414,-3.3787640862541135,4.6799766767365405,-1.0350830451259565,-0.8217061314249285,0.2524499267552729,1.6251849735457995,-4.700822400487333,-3.9260301267843865,0.6607790223752765,1.5800084761381576,0.018978146035963483,-1.483664080461205,3.149928562696367
877,2.8981354664427954,-3.8051030998322624,5.621839893411273,-3.9115580693590886,-0.9853260532393802,0.18201186257660495,5.809079098810237,-1.5778190603172142,-0.7550330930323597,0.3510853476805167,0.6860990884396649,-4.513411381580614,-2.274069003565552,-0.1650929225125779,-2.5364818263060673,2.884111769850982,-0.7297203759951962,2.8212523585281275,1.8102691410178586,-2.827174641197013,-1.0131719637132193,1.0274749661852338,0.4755571120521811,0.5270453856543362,-4.872812263911742,3.8719987836241394,-2.5902025259933623,-0.7449969870796957,1.0052740072312432,3.330738986129589
878,2.315320249703671,-4.7530317850230475,-1.6430650917253864,2.5162873890936126,0.13799263364769043,1.4264966043033827,2.0478416263085677,-0.10827360277829712,0.6641423797587054,0.2586415700268887,0.17074712614003396,-3.033099099455651,-3.256237610662671,2.854463822617195,2.3478820678574053,-1.341053281680022,-2.6997346822195425,2.0946796840873283,-3.118426627606059,-2.497227174344678,-1.1192150729405643,0.2980619911886171,3.1789825342874813,3.2578243494146015,4.408327392391726,-3.0836564379994087,-0.8786970678820474,-0.11859725574921409,3.1413427238583083,-3.468719354619191
879,-2.9400313582050135,-1.0598471300926704,-1.268032228957722,6.212222155922053,-0.9393043514117985,-0.005007087254931264,-0.5967037553187104,2.476678594293073,0.083383028806022,0.38220225560615617,-0.2624048173167006,-2.0831553060696315,-0.7906822125595596,-0.8313843118894653,-3.89602281575481,3.0496828335059263,-0.6493317647056109,3.1177382714031623,-0.27469570631478746,0.5049074085735619,0.6581091381350497,-0.2473993030511341,-1.430004000977398,0.7890824636341378,-4.024637584722834,-1.8896938454480505,5.596813548747157,1.0896230082540068,2.534282177684368,-3.3063873045144945
880,-0.8854873648655044,-3.9037171335264915,2.639681927539616,0.45653494091678226,-0.37448416802549467,2.0674717979609696,1.987255379791744,-0.7445012191408864,0.739980671147408,-2.6394658291401623,0.1220755987241473,0.5346553986179678,1.1856322980803498,1.4834846780018935,1.6161894919080915,-3.7320528759001217,0.24528983403673266,-0.7985434261273134,2.6030617808573915,0.31374535197729614,-1.7420880393707634,0.7698765336610531,-2.0461111578979416,0.10151553077238162,1.1788115162684498,3.3671801614055497,-2.7241657189264785,1.1593560691146747,-1.5086463485391164,-1.47253567932297
881,3.532602872418771,-2.655073861154502,4.2727145726195985,-4.163436869416596,-0.969246178195271,-0.017560536272132055,1.2378456207548147,-3.25556555712409,-1.1142170632812456,0.9701102783834088,-1.1722342298142978,3.3340609510816286,1.8847919484560194,2.6701474289310774,2.6276172561248146,-3.7726007746370005,-2.486655817387529,-0.923300041487753,-3.420844558605701,-1.7278741162387679,3.5439932626845625,0.13178704027253918,0.3716096611298312,1.1013287107569418,-4.402047777799536,1.6681576045456588,-0.7346635607986691,0.1456430201908363,0.6344189516267615,2.688491762235053
882,1.4015570659149397,0.1490353339045889,-1.048370087938281,2.21877089075749,-0.35006210908398194,-2.3709310935548915,2.672114837040372,-0.9855462678389593,0.7447327782531206,-3.4158477013388016,0.7880597265664013,0.19648662731808741,1.1679135115783232,2.1355237188121166,-2.561683625588028,-2.567858145075604,-1.8136535731209147,3.6397581133937464,3.075494785258229,-3.128524089206028,-1.3098133194283808,0.40547763471932097,0.63748114018499,0.3198838484712496,-3.423257077447378,0.7763502030945446,1.8789458968640496,1.122776219501799,3.100886832170506,-3.455702074183428
883,-0.6975965732809204,-2.6763175675690825,2.4669519909611815,-0.48854319635757903,0.673581117578943,0.7219242286673229,-0.7527881850753744,-1.5889480977223123,0.8738197399171383,-0.13020179922520292,-1.1994223399681374,2.7975406820741,-1.7654826497487726,3.7523168660462645,-0.5473519569816645,-2.69649182078963,-1.2695892711144001,2.526598832587844,-1.5307759817568183,2.8927553020044137,-1.2132893255305728,0.41036154470290054,-1.2185874339034601,0.659535894482925,-1.6682947960606427,-0.219853436885181,3.126898596452211,-0.3565432833215114,-3.6779551350663002,2.795748054881493
884,-3.597723201692869,2.045672097035407,2.562915480199351,-2.335762901910517,-0.440972771586563,1.7658712979550764,-2.423671143249777,0.75063020324475,0.7171221414662146,0.45703687779057844,0.4009216413432304,0.09796027940521057,-3.004636500695721,2.457924777926415,0.4946212592916197,1.8080478608383572,1.8476514031652762,-3.603608800526306,1.183711852331605,1.395547458564062,0.14686211135501281,0.8083183746960767,-1.3641702556547095,-2.1702695412926722,2.3134399177070293,-3.6386234996565783,3.8544276419408057,0.08931738794620792,-2.601511360529429,-0.01705008740798064
885,0.4262442192198961,3.5178741675510103,-3.136553664371476,-0.721802382649642,0.6482914286229349,-0.7340537683728403,1.4302798193352366,-1.9998267331579527,-0.17191144805254321,2.138927503662348,0.0021692866515330422,-1.3996384284384007,-2.065361816736999,-0.9248215382798826,-0.3256456716388101,3.2943027257031012,1.7247468502526715,-1.703220549300454,5.24512373065291,2.6636612178765553,-3.8008347979035175,-0.040559163604032555,-2.5692663309269417,-1.4981246560956194,-0.31118234708973347,1.8009988938684742,-3.3670223510901955,-1.2147692723387449,1.2956786591427338,1.7962964175075236
886,-1.8897532487721946,0.9188469672415209,-1.0927669268667621,3.960538292259262,-0.0449844415045495,-1.8518806423574183,-1.5550215623733905,6.23715092473449,0.6348465449112632,-0.3742809714280586,-0.44566557418212316,-4.497029361661937,-1.00460190128722,-4.238046068906126,2.3625054998329773,-2.6238181146703,2.543075450719808,2.9608851343104945,2.63952972110458,0.394178224868158,-2.7429474400607177,-0.595151845706531,-2.491165828102286,2.795557167896181,-4.215199282635904,2.027920671071975,-0.6067485572661084,1.177173882601263,0.9702931765052405,0.6465601097235822
887,-2.757940109575033,-2.4636230997210333,-0.7289510542988005,6.199738830914477,-0.34965855103737753,0.10043398371763423,-2.9277050794393027,-3.255688932141787,0.6644500070935324,0.1438296776648098,-0.4031955604660391,5.778309887289023,-0.3500982023599555,2.0837604514778754,1.370897000823259,3.9991813840767954,-3.9244837168733877,-3.179256917144924,2.6391103314636197,-0.1085823157089365,-2.6027321526950438,0.08693046340270794,-2.2027841522569425,2.1880578257940044,1.3378045365640325,-2.7429962102261563,1.1759315850312113,0.09335208170393816,2.7975090217381187,-2.6616010148111116
888,-0.9014881063090012,-4.823764234866246,3.1881563165510904,3.44052100005484,0.24192749976208194,-1.1453524751929152,6.190997668831862,-2.7352554399571645,-1.0653207998332368,-3.3774899194827697,0.8243374853729595,0.1627310050686006,4.107795341242781,-3.7763648605655256,3.087153731146067,2.225065051127501,-2.526083808837001,-3.1175654541141586,3.0612540015090595,-2.359196172984843,2.8038671008063574,1.1205027627456952,0.9123095994605084,-5.538737291537405,4.718856064962669,-4.503339465612671,4.402210033350411,-1.054870092733906,-0.2441125741840846,-3.3187439657824065
889,-3.010422397316475,2.9647027565422626,3.0808029906383645,-1.3856821430043595,-0.9666841415672356,-0.682717065292687,-1.6610639367809945,-5.861589351652,0.5810306171962134,0.7606497858015295,1.089845048689968,5.091127836745546,0.5249103913302378,-2.6000943438509925,-3.299148990627284,-0.6384499611735563,2.318311053304445,3.6944718510168286,-0.4181997729731606,-0.4010387756197904,3.6124949660198276,0.29215604414500085,2.6626303507797857,-5.748042812352292,1.4466894024845303,0.451664960222665,-2.1986652469825927,-0.8036397944183094,2.618979245765921,-1.5150285670721892
890,1.546201023216888,-1.4426211372343118,-1.805501579729473,1.163940752878844,-0.3939636597227254,0.9319446005906649,-2.1255512180426805,-3.0022472942181864,0.8402363644753583,0.3158271661199379,0.5704489288803458,3.401286052785462,-1.7142380623664604,0.8509771308267275,-3.798486125614776,0.5908662339417035,3.7078303955850203,0.3630504276274351,-4.248045504829573,1.7678470235654657,1.085666136510845,-0.5426413207519882,-1.033813090150037,2.970986755654689,-2.4211988354996237,-4.550198102465986,2.735966958975478,0.5505640307984834,3.683449420748545,0.0014165274431316988
891,3.4888422546569657,-2.323511970047793,-0.1095421712072806,-0.3163459699471396,-0.632489094633379,-0.10695304882146317,1.284285279381134,-1.3876532432422088,0.8506921021158345,-1.0252032805785145,0.23138774447868027,0.046491397845287,2.338185183145363,-3.2179176703639953,1.4453825304836485,0.6139146055715017,-2.2328789571506373,1.053314308313773,-2.346400084500644,-2.7608781759495162,-1.0994355278308117,-0.3946506156766425,-0.06443731372812067,6.6658017176851345,4.257301959977024,-3.6181820765641532,-2.980747659903045,-0.26556486542866153,3.507043681941667,-0.8998510400227957
892,-0.1052945365223188,4.664294187907952,3.390536597466358,-5.707109654007535,-0.507463362031485,-1.7349632328130546,-5.15094803705151,-3.0659949006646805,0.26106812746268027,1.8652546524522116,-0.09963356442137172,6.1902537222228915,0.6979438579661057,3.183803611088635,-2.359019489946416,-1.573128314090713,-3.1333076856636755,3.1837080206457244,5.884819676608387,-2.082472812854581,-0.6855898234766542,-0.781239686670471,1.1418955509742847,-3.47741290458157,4.9090647837077235,-0.5270005582370985,-1.492491718223107,0.4191706231624375,-3.460646598515371,0.1519034681054361
893,2.2549261632662763,2.3749118017881976,-4.2337092783451205,-0.6796153269894454,-0.5368259313124599,0.8203125715924742,-0.8683875155059937,-0.31165151956244586,0.7018920549464607,-1.1295196815505761,-0.9558988982546879,2.563565559927433,-2.757112239182792,3.0342107162411693,2.8947142596576114,-0.8497568181520947,1.2257856383216605,-3.5478415568858743,-2.2178038548971806,-1.8608226486525208,2.182137485445974,0.18483754641671624,-0.7501289197893826,2.461780391475756,-0.6735558490097482,1.113055274949069,0.6721170700118293,-1.1353995621515391,-1.117128641124994,1.140911707325376
894,0.23131344540914434,-2.2958420051102877,0.0838143425972504,1.7023033403580818,-0.7242628446986399,1.002673721444328,1.6147812478897379,-5.235974614036341,-0.6944883771247561,3.748465778022471,-0.0930633163168526,0.6602792815659164,-0.907045260706532,-0.4833151406797427,-1.7026768979793445,2.1712406902266785,-1.3887497979716326,2.3105464071102304,3.411183472822259,0.9333029733029292,-1.202983292590563,0.4079248267695812,1.991075191165157,-5.540503171470018,-3.400749127134233,4.799626166084536,-5.845655491233206,0.08648577088361087,3.2782729233401042,1.0820197580591717
895,-0.32358639718347426,0.5807319377154734,-1.530311306052944,1.4370503776690917,0.5225092902486783,-0.6863939023969348,-2.6300204889186425,-0.44543021624512846,0.7573812507169242,-2.865077557319582,0.07822891572750645,5.1049180960391,-1.3755290586854443,-1.9762025690442986,-2.566563763253553,2.7874238323238423,1.778444932465863,1.3524266261932674,5.390399705624613,-2.186724366044574,-1.2914904894657138,0.8421437649561554,1.642377778950932,-4.396706394022065,3.5049543153424523,0.2083400614233426,-0.6576037056212876,-0.47831302699924905,-0.41140763675077174,-2.1659700073945096
896,3.573719358047981,0.5611454832153449,-3.7298090200647067,-1.1263615257836115,0.38442345410669,0.3368822504782205,3.754677384325106,-5.6207201638747435,-0.039808036796328494,-2.0588489339843417,0.29179326197993305,3.672906488350563,-4.101609129633783,-2.748635638715916,2.516971036757031,3.527534117245132,0.6790014774567013,0.12673813689047364,-2.833729843616293,-2.4643698204507665,-1.2415664863160956,-0.06500156840170668,0.827386905009309,5.777280813774922,4.24704245496466,-4.219605428627222,-1.4215290478372076,1.1740068879837464,-2.3170205790956775,2.5371057126116696
897,-3.131284082689067,-0.08486394745244752,-0.2662222936910972,1.270280670528436,0.23930311344411814,1.9727865398599889,-4.2897855951400565,1.4817773920316561,-0.7038230127490808,1.3079413273251213,0.3325386295098669,1.8713512590226777,-0.44590514552009,2.324642150639061,-3.39063623609122,0.3162325995771802,-0.700218615176265,1.895885246570952,5.476232956903811,-1.512387315561213,-3.2264408499764112,-0.0008128474981692335,2.589856809569701,-3.3264487534383598,-0.5772477700639556,0.13201477277880613,-4.236788895610854,0.7515864985031495,0.6016753418277965,3.3287600525650163
898,-3.312865677434697,-1.2970498252628815,2.2545435976450925,4.002164864316548,0.8253832197924602,-2.472176179056576,-3.2557387587628597,-1.3487003063073004,0.11861058527367518,2.5541107119806234,0.7228903851102668,1.2088273827057812,-2.226113816185377,1.9180339130975597,-0.6718439194422956,2.1563340879139474,-0.4080998512267229,-0.7683104141575132,-2.7466519514516854,-0.029647227793969222,1.2855110760783042,0.40717080191500976,-2.2707941923654253,3.354411493617132,-4.1323928075310015,2.6212447512227506,4.496257586909479,0.017822478028982403,-1.833588034956719,-1.1693439736735467
899,1.8762807730918496,-4.442588991353137,6.089158032710511,-2.5069159466346136,0.6109515564029269,-1.6268854242176225,0.30829485254334443,-3.7414296560324622,0.03624661554119779,0.43171677243735473,-0.6428917207917282,3.608063136302487,3.060417077083777,4.0586540594702925,-4.0119912732662275,-2.298543912287082,-2.8760233808141287,2.0674874298129353,5.032172690316873,0.6750012540440462,-2.9568819290858634,0.7892329710617778,-3.1158518353871436,-0.42367315095030733,0.7628899363238837,-1.7508752483478922,0.7334341354098832,0.941586800715708,0.026258767026225982,-0.7132943911278566
900,3.2557930759823925,0.16086579424820968,-4.871290324919023,1.3860867496675695,-0.2835706256562103,0.35211533067697864,2.9958115003132413,-1.709797411248843,-0.40132260154134514,-1.117321699867011,-0.5684045907146977,0.8010348030588901,0.06313117547463065,-1.0369133934488222,-2.456223597841676,1.4201505565669805,-0.4401186842527167,2.4499739435011634,-1.7234120420549885,0.4421817561255459,-2.4332088000971837,0.6921701113358436,0.008691755357087771,3.013577219333108,0.5966206832257406,1.2275267476765706,-2.0085524904330008,0.612984174438794,1.9034342789799403,-2.332013393888076
901,-1.1842312697706543,-0.6550000187901333,5.5294950418128614,-4.769446845955443,-0.3065015914777387,1.3856846841809798,0.9653173120757437,-6.1515225708772086,-0.4676792325808039,2.753061611333802,-0.4029831342533665,3.3038060143020758,-3.6490948109724517,0.8745828455299218,3.0587557420505114,-0.2359994604599649,-1.8946081010510039,1.8463637849025822,-1.963253500216723,3.24531541134478,2.032742634639458,0.44331091347056883,1.1002084256958842,-4.858323884934556,-3.7644154107081214,-0.290161246743633,4.274810213212337,-0.20165678622954175,-2.04863653207277,2.030059762541754
902,-1.4859616481158842,-2.3694514361352255,-2.0938055203767796,5.354858789604261,0.03521936705023743,0.5591404479732773,-4.291591488871564,2.8389498105185,0.8261777366521645,-0.04408552998198978,0.9153126695550338,-0.24476319787190093,-3.4340144959628702,-1.4404642262628062,1.7536823848389318,-0.7085383870064703,1.6899749165739024,2.1393598078189164,-1.5252324540070923,-0.9060887214100539,0.6386295607897701,-0.21954384855920583,1.1243518289185364,0.8878836342674461,0.0776334667191172,-0.7296726358733849,5.676676193734565,-0.5904775939477602,-1.4307041352100605,-3.0034552954224942
903,3.1525421605400332,3.6091464379604616,-5.956423528082652,-0.16514809627393134,0.643271321912799,-1.2833882960567973,-2.229437121516998,2.1172409045058664,-1.0793069109373628,2.989401133447778,-1.076129263617704,-0.7217687418813341,-1.1808174909963434,-0.40436108097498646,-2.230403931630022,3.201586458732532,-0.561761205255479,1.1757572501238691,1.5032858057103269,1.708841853421129,2.0246040477743215,-0.38772419719898643,-2.5757748395887976,-2.2732326701186167,-0.15738956870585596,-3.6034920562843027,5.192293065740326,0.35320562058472316,-1.5475575500192953,-0.2370595113156302
904,-0.351984639460742,1.1711253501004393,-2.1471740680799414,1.6541160004274502,-0.19120556097343844,-0.13487708201384407,-3.23927812827219,-0.8371424813349684,1.0656446093272818,-2.226903224242383,-0.09524836204387732,5.332927586566363,2.1795614854583754,-3.826745753391899,2.6786863187835124,-2.8631710448014847,2.072426767420122,-0.24075777346905447,2.2950219225755646,2.4576730642078886,-0.07494021830750519,0.8381181850496553,-1.0346648316095273,-4.4812081219167155,3.365139975484471,2.3268475363841183,-2.6017215615521394,0.5702968341306693,-2.3399343715135643,-1.3206284129336332
905,-0.44290669907307567,-3.049055258127936,6.184890779356323,-0.036909190724209395,-0.8344792124805263,-1.8215404189506277,4.549714232911345,-0.20420226485240534,0.30944875273235084,0.07948625724725566,0.9328204230503898,-5.6672674010887185,2.3616275492964576,-1.885504396883956,-2.7684345557976027,-1.2503284040814897,1.3942496905611108,2.148390116905052,4.492457560956286,1.3603537624197184,-2.608303538095191,-0.03892477938636052,2.7949150296918805,-6.0004980355870075,-3.591662106462074,-0.3172469881999085,5.486477634875033,0.34355037148441614,-0.8363597673313716,-1.0847591443661653
906,2.8332864589034585,-1.6776962694439703,4.666980524088409,-4.78751735960309,0.2213341337570287,-1.2563874877019163,-1.876382913450545,-1.2569603760153747,1.1044769829088779,1.7703766593571437,1.1632376994891978,-0.9047480522890723,-3.3444197167671437,2.312975545705047,-1.0475451565404992,-2.4742026848216963,3.288145374485275,1.2650466379386032,1.5015562543176344,-3.2607921242198454,-2.5416364807282505,-0.22710428767075896,-1.8228427652650758,6.350819403565637,3.276616016096966,1.891358650137068,-0.24263876121167982,-0.17818463342206048,-3.1298835319426583,-1.6172677396577342
907,-2.4649014902186543,1.4823395592916775,-1.1544607489248584,1.3287655143526962,-0.07131069940627288,0.8795678649053276,-0.05202771002218043,-2.1915052685086707,0.7292963073593492,-0.6375798175401286,1.2153225137783084,0.9364939749335619,-3.3146570014594907,1.338469345229008,2.8281964094936534,-0.9707126303162887,0.18105268616503523,-0.06234880911231677,-2.3886709434301885,-2.6837403976313876,0.8143505842311569,-0.7496378007617164,1.9073689841476593,3.1003295734438225,-0.9161569535178806,0.4910914363924874,-1.1175134609522566,0.09516437430056879,-2.2130187928926794,3.660433396669667
908,3.152988361567221,-5.624805202696489,3.5720379512619367,0.4432123122060716,0.7401347781417225,-2.283568200480534,2.1217906796502426,1.3360023172940423,0.23935290554379662,-0.550191196494616,-0.07363764157490227,-3.0733170644183367,-3.8852439384279194,-3.5224865356015655,2.7274532874342015,4.170413822566935,-0.9666126442038063,1.4764760082317352,-5.479337725288804,3.0463783464776775,-2.5306899892649106,-0.4083112547668639,2.9140663810404686,2.4578942418017853,-4.6087818290797085,-2.2067295669601634,2.570032960678301,0.33446233080597576,2.7194402398572564,1.1915758646982937
909,0.3528239166588616,-5.638074065874353,1.3283562869265708,2.9653228413528296,0.9813599784448015,0.010211042491183875,-3.5707613685856323,-2.461542437654714,0.2272059374297477,1.5373252302779612,1.004475841113619,3.2632967974192475,-4.007477686365718,3.6040276831617497,1.8623051051249782,-4.187983424247275,1.370114887865057,1.3590134344607385,-2.9740452682415466,3.0748764282299383,2.88039601437519,0.23286241222960147,1.6307267422506992,-4.844816328844523,0.009098128815246298,3.083618672675133,0.6521191911370892,0.3210674243282847,-3.32802125532095,-0.7378821616348574
910,3.1173203791265465,-3.346360227500238,1.866472165021726,1.2001442843247823,-0.7412038928050881,-2.096372708167822,3.430140164949247,-3.4737777470043945,0.6064624662785043,2.531017241612883,0.6133527803128782,-3.70719490614891,-4.170419245872184,-2.9099668945740955,1.592058988405288,-0.5135157495949159,3.8065062916277306,2.1953366100077147,5.266459390011999,0.1027125383590608,0.7455645941158089,0.3686382301872957,-1.587886185688836,-4.895488566985971,1.9672798723044096,3.4446251932850416,-5.648270143549318,0.961299889515911,1.3110182530947583,-2.035953064650874
911,2.1655688739473256,2.668602866139018,-0.5601766901126588,-2.3720918481274254,0.2607772514946345,-2.162680453341011,0.1409904361352332,2.5429362455901767,-0.918781058812967,2.2631403073801835,0.26418081479152455,-4.292466745083921,-1.776010031496348,-3.808107691238309,3.3949649985180095,0.21624714243477072,0.7493809973091246,1.2235245844723401,1.2470944109539452,0.3075797693725004,-0.24150041114158505,0.6804964729741911,-3.0037914472163187,1.0101212050566062,-4.155661162093185,3.8116988647856473,-4.389673791819348,1.0122584654958269,0.4276750263115705,3.2937025973194096
912,2.123537218096029,4.9776572450859895,-1.8228222886508725,-5.513070182552596,-0.2171627740785218,0.4518607820998337,1.9948380067677007,-4.765274653089801,0.7193642137261023,-0.6955275630805176,0.20436637707723904,2.542233618599518,-1.7955344638811486,-2.5245309812096206,4.099163477112242,4.20552220938912,-0.6073933785047352,-3.3772268629062516,-1.1493565758508986,2.808601909870834,0.479997024165435,0.4549407609952816,-1.223923246551207,-1.3702598726301218,3.0493180844599834,1.9549076974286628,-5.622910018502697,-0.47096829790522055,0.6592022256854477,0.4304503088337359
913,-2.3020560341881033,4.443091365129053,-1.3116504279263665,-1.4383603617887033,0.5289482207514724,0.08002723802252731,-4.396784448610262,4.5716260631106245,0.5176442504476189,0.0655015958623455,0.2761764304144725,-1.0341638912245514,4.002631477298301,2.617507840264949,-3.095827211547256,-2.790385668586472,-2.5908796569198813,1.856953219489938,-3.4444566808381296,2.937548124977198,0.45708286304513024,-1.024685078706408,-2.6687329995119153,3.743243771033441,0.8413321473857884,3.4227809669176743,-1.0308131188626461,-0.7013619785018044,0.528250506468213,-3.060188523407307
914,-2.141087616693783,2.105175734860005,-2.5959400473656657,3.4152164997693895,-0.6546069708386044,-0.12875759973147538,0.9585718719372487,-3.978154989075936,-0.03648220321146578,0.6738919646268737,-1.020631692782612,3.402805048506142,-2.2407606207795894,3.8981354890480517,-1.4118164754070897,3.528880607551951,-0.21917003854444417,-3.5552689618692934,2.7336439785891997,2.1479685511266986,-3.116066215084368,0.9606812280760275,1.4805900126100866,-4.2068175553183345,-3.5662517758386763,-3.390880837806602,1.1829064343300288,1.0930684783731062,3.7376803180362472,0.9434773829058312
915,0.776974364913416,-0.6432767922003251,4.261432794306312,-2.921781235365078,-0.5910589910852924,-0.8822901405691592,1.1435535562757018,3.7909009252809405,0.010837356587693137,-3.0245791864770624,1.172473473928635,-3.093186125595622,-3.61935114610249,3.6737056822460303,3.382258427550738,-0.901594268909907,-0.5580812303692859,-1.9769374644154603,-0.289469744046162,0.603705984212974,2.3816185072835516,-0.43147491960262574,0.19117253790725997,-2.4555523657556577,3.0765951655639583,-4.188531802232186,1.0402073962149387,1.24528303710414,2.1211449591831553,-3.294698755834089
916,0.6454509709401588,-1.2572978318066603,-4.249400756097145,4.106452598305999,0.49007485366950876,0.2647201649879918,0.15050954837071728,0.22504660303288304,0.10091840962740584,1.4403906285890535,0.3700732684688859,-2.286938458088656,-0.8562656188653683,2.7273278346214127,-1.2637336259687935,-3.67949925634764,2.523041086983877,0.5491295795761477,-2.34128358041362,2.1343520709487365,-0.9602931578285592,0.036543594506566635,0.47006859356063657,0.6606124792255592,0.29812244212547867,-3.627201339665966,1.3339865507975333,0.08383017342850874,-0.30749892561325076,2.2187610989276045
917,-3.3771632595381185,3.365386815375878,5.124323161745707,-3.345409950980482,-0.7482038647813261,-1.01893290182179,-5.965441733744356,6.046524855327558,-0.5149869424469564,-3.3933273529934525,0.03799118998778539,3.7892399838696846,-2.790886220926529,2.788377174712611,1.801612857154531,-2.0436850300105007,3.9131426305347503,-3.6685614114651965,1.5586673647147755,-0.6742356223820831,-1.4981140698112547,0.10084199421904039,-3.012034035065735,3.524874368324582,0.2474954066826207,-2.5491643666167576,-3.3921800906314346,0.48380123191646973,1.7716861148108656,3.438361703838087
918,-1.9167068967832943,2.917416628995632,-0.1794610772035945,1.5393581069901607,0.11366091880475437,-2.474267680803793,2.670629495650836,1.5581352875898986,-0.5499745974844075,-0.9812320564615078,-0.196322456217068,-2.501235673077531,-1.7222754537388578,0.1316415824942858,0.3351367134490566,1.9364150315757094,-1.203380357083617,0.5224624833030536,0.6492378108629566,2.246769516598331,-3.1917026493134912,0.08683583819332164,-0.8607449330369956,1.0696044166952028,1.7560440477095725,-1.7800402467758403,4.704654266515725,-0.4368491391248215,-2.4943201093058818,-1.7494888190188753
919,1.599185042078254,-2.13258882613329,-3.481168356891086,2.810219026949383,-0.1935969081897957,1.3979500221864019,2.8238114333401043,4.177101036549871,1.1985361111100463,-3.1611946157944253,0.023281853093309657,-5.061535818298676,-2.599757190791964,1.4682177303946773,0.8006405585181966,-4.018033515282539,1.111244031747713,3.237688385413513,-2.2134488412040767,3.069788698293415,-3.552655467382289,0.280734382307668,-0.23176253844919614,2.6473437664337887,2.58724905800506,-4.5234726115673105,-1.8745883951650875,0.37976396723533146,2.0799614257815833,1.3510865557102782
920,1.3411718656652312,-4.423265883723584,-1.5441484040427618,3.9218533922032677,-0.3460957942240981,1.0504848241218028,-0.5857073927562944,-2.6663563846632385,0.9740458574676403,-1.972775848113974,0.6784713141165142,3.5723224539495995,3.7989175497149823,-4.141648724708878,-1.6395362748945423,0.6093647792554258,-1.932680235617278,3.305582906249885,5.489752987291961,-3.084135691579057,-3.035582015484829,0.34694397082721284,2.3783866078930878,-2.0953658589491013,1.141465475871346,-0.26538260444688433,-6.210298242668113,0.8155032875758499,0.9744932294485142,3.544218854219139
921,-2.6646396630419034,3.339516883731548,0.33649057415742334,0.13477555892878001,0.8261491182907901,-1.9722924720668047,3.018123654713534,-4.71536965693128,0.7585819320581351,-3.239057571575808,0.24288131473628027,3.9348403269994066,-3.8133338036942277,-1.2365696517370832,3.5516373209092578,3.470029282847303,-2.700224724322979,0.7284615759973256,-2.069908818039707,-1.365271765764632,-1.2856656518318736,0.9568460861551005,2.4052581842881136,1.358741965192305,-1.629769635981365,0.27563659489554837,4.300196572164801,-0.10813718266320649,-0.6606578209793792,-2.1772685274365386
922,1.8837869086120307,1.11437140177393,-5.7595152928530275,3.3775102421894516,-0.5089042080526454,-0.10724905166989807,6.10365442455425,-1.8387892391554637,-1.2384699924457938,-3.2102162798038876,0.21766932138281359,-0.033848234531646426,3.5800790946770604,-2.403357815808656,-1.7687647013812455,3.142065104415444,0.6285643224167501,-3.1785860043197385,4.283777089408517,0.7281626125961509,-1.4058446439001617,0.7624920869146319,-2.747989549021325,-1.620597595998504,-4.7753494765575955,0.4228020753676205,3.937049699705401,-0.377541596035889,-2.628079626538593,3.4211189240589164
923,1.826633940161397,0.6453641628010729,-5.581673527635434,4.94600602363743,-0.870369140282123,-0.9659614586824965,-0.26768609411793776,2.299023840536176,-0.49074708477200524,-2.7045975085654312,-0.38438527904894926,1.5483921259684301,-2.5626226548244215,3.0060528199912113,-2.406865151229699,2.3098328893812408,-3.9785596442940996,3.63216174097537,4.3046910231339695,1.5840072064730002,2.0425754400631213,1.0138153872437758,-3.0724309188852157,-5.872658138029365,0.8184908078771542,-2.9827105260998614,3.94539975456199,0.436376838156872,-2.909320437763869,0.6917635632675943
924,-3.4668284158774867,-1.0496571768221408,1.6234877850978187,4.16168699901311,0.19164587384880338,-1.4603350652602618,-4.58620626857638,3.6299951156855315,-0.8883680908184992,1.7398456975938537,0.04703804298994463,0.057695503125845704,-1.7201456693105985,3.4796052424062793,-0.8159198102995546,-1.382283933671257,0.9052649055206707,-0.46652073464594324,-0.8897428761440196,1.565682525741268,1.3687176493689215,-0.7989226274802075,-1.3468593429807285,0.10112467149409099,0.7104237088830345,-2.3172877529917386,-0.648012671931756,0.34836066293211765,0.8856517718296377,1.0208642812785769
925,0.09771865796079382,-3.4014272423138117,3.1580380549988583,0.9519729875458012,-0.7278014677142173,-0.07850099047757908,-1.9221000971840745,1.587844451326788,0.5168731156281821,2.4738414984489054,0.533953192936389,-3.1904121611559084,-0.0950843874927969,-1.7636515201178522,3.818579728289283,-1.907373280652802,0.9257877480514232,-0.9782582880776509,2.0681653423780197,-2.1075803052812994,3.4740318699855237,0.8601003817126456,-0.9204819451956912,-3.3742353435998673,2.5452778896257797,-0.8864924071993663,-5.1918323500375685,1.1727999525515038,-0.4509558158653384,2.8112027309248795
926,-2.4627394773101834,5.475495090735958,2.1987492529376453,-5.30055101068081,-0.8472633000976604,0.9363094444148814,-2.076757228392733,3.3061013415697467,0.3872891357863768,0.8274822353395912,-1.1102748254266301,-1.333840658876067,3.886851168152525,-0.4595920166458356,1.7886755390469702,-1.973171118076955,-1.9934907264223902,-1.2492728460547085,-0.8691326478471062,2.212855683797784,-1.7483328308683177,0.3078143486716538,-1.7541969799236377,1.8509924261689754,-4.030772527645235,2.8905017268222366,4.567572634865321,0.6756772566670293,-1.8954028797992049,-2.207576210910222
927,0.7200647535026583,5.232720333065458,-3.3265946335289733,0.454674957336362,-0.6207335711309898,-2.4601318392447054,5.457590318334287,-3.3280967031158752,0.5168710367177782,-2.253099482747393,0.0013916516890750685,-0.3946568208775574,4.013366073209934,1.3224943060784042,-1.1959948465550383,-3.1966391242550625,-1.5364050436678287,0.5931786351892097,0.6703298076274748,0.3232957645378729,-1.5042836324054782,-1.210096303186667,-0.952357634723052,2.6731119981492135,-1.9937409394690384,-2.234522262119505,4.867488405793612,-0.5748557654799775,0.41981241423554394,-0.4841818529607096
928,-1.9549816096260741,-3.062896732710211,-1.7192677270079635,6.00697396621506,-0.9546913139510924,1.6848634170801127,-0.3738354892644047,3.417897559624574,-1.0856681333297722,-1.307924856144977,-0.7743318677764082,0.12386278689127295,-2.1905080236474923,3.876589162335815,-1.2849958759773816,-1.9120477337447976,0.21152461891574248,1.2994378521177516,-0.9052115503661824,-0.20073524786536723,2.424320550250062,1.1144235469000332,0.10383066166032506,-2.536627960579551,2.269318340117284,1.484469885377294,-2.2337212046284947,-0.5939698485513647,0.5871962652456499,-1.5132934375604101
929,3.6370306670822465,1.433690803929263,-4.464650130450231,-1.4104313502329227,-0.5183252169376362,1.3226852266091278,-1.8780280232255038,3.1325484901117875,1.0203949538454173,2.9277758705893646,-0.6286934734244953,-4.573997817896302,-1.3344593012588657,-4.0078610035358295,-0.04276370276971875,3.8232698628041035,0.2117047269813277,1.3501094177786221,0.8493060416733265,0.15972376444635294,-1.235252356216078,-0.3235599691200335,1.1492165362588533,-0.5994340170430945,3.763996186721684,-0.9098658039124459,4.055632655662713,0.34692514975961064,-3.7020676068487113,-3.5546205813828813
930,-0.9938153363616955,3.7369467441094777,-0.5486954218096471,-0.4929601970827733,0.27243127349649265,-1.9739070623520085,1.1251891175268085,3.908839064893993,0.5329025158038938,-2.608043997373036,0.04616341806237312,-3.0050501189137613,2.1348226106584036,4.242926552514003,-2.484745534062096,-0.02823592745842518,-0.9692696745685865,-2.8954980270836916,-4.608437079685075,2.813482940415202,3.83767162126583,-0.2010807839914186,-2.5744598956765827,0.7328231976713617,1.084556748232398,-1.2092052171833139,-1.1336996311165244,0.4439561096349305,0.914225726390745,-0.09983373595822798
931,-3.3289119917182486,0.2943807557428464,-1.0886641869503286,1.9069992293230236,-0.15572722536438466,2.371923418966933,4.046575336744841,-0.40306757554690265,0.8875075160813566,0.8944157350967501,-0.10580335153268283,-5.3196276608430715,3.491282658404412,-3.012977120262743,1.7806889261233643,-2.358363025871485,2.0868499681926203,-1.9874814065865376,-5.285456038765119,1.0672245696691824,1.2969725452178444,0.8508170937065742,1.632151675366126,0.43829015480471156,2.8878163845783327,-0.19312750161500247,-3.7890091831960646,0.15118434318463247,2.794148898547455,-1.851012941499329
932,1.0347166751729446,-0.7504948495525383,5.916143394039057,-5.665709827100571,0.0640600728904186,-0.5987154654494944,-3.1385517910378375,-2.5959318878119504,-0.701834550674568,0.9141627761599462,0.4838556294667269,5.038299823897987,-4.11449430577726,1.2383950586258479,1.9698100979032738,1.1241875266796875,-0.5107383711769984,0.2928399937450834,-0.4470629548628722,-0.8833678436906336,2.894148992900618,-1.0416978726047788,-0.9930804802729192,0.4710601585299159,-0.4328091840482635,4.745357898621538,-4.398232463510396,0.6738041304593958,0.10060070274525934,-0.6887210842675362
933,-0.04044480066608003,4.984944698436877,-3.7555968833071205,-0.5928776398932776,0.8446805071232952,-1.440705881693857,1.0198523230778491,0.45538844277523083,-0.9006729511237888,-0.5295070054120004,0.12357776853648872,-0.16863857785349978,-1.2965503948062675,-1.0415666463406286,-3.6639372978231783,-0.16605581203607045,2.7238922213850714,3.4442179296207165,-5.742086089747378,0.0038441117217171694,2.3609111472301976,0.830080400863177,-0.23168683212844776,2.778937262060097,-2.239742561815234,-3.3840702785150683,3.4585319564016395,0.6911125389524297,0.7219956846009943,0.7521726603752672
934,0.7716275298441584,-2.425312760324097,-5.343273812534761,4.864817705089909,0.8150260344123108,1.3171153035123044,-4.880434212913361,3.2584774110997863,0.6780973281632132,3.085859347403513,-0.43749034068781967,-1.7045095330650497,0.4363179196872231,-3.156419401136823,1.8583517139821382,-2.7447369230012058,2.044382378006244,1.5621043124620364,-4.392964773796081,-0.4889012112373905,1.5881844556318292,-1.1561965180957299,1.3909684178099884,3.0589096296867666,-4.845658105734019,-1.934648808638613,1.1809671454817163,0.725394354285295,2.3331022781706743,2.5408431364349795
935,-2.474909751951177,3.2807968792917492,-2.348099477433397,0.6475883436775263,0.14229021014825616,0.7523337962668837,-4.231892103933362,1.9188777895018312,-1.034516774536785,2.296591432378147,1.090859855494286,-0.03992019890382181,1.1659246587883842,-3.847064426467165,0.021544263863255253,-0.75095425175396,-0.07625442802348203,3.4868041835925894,3.582165262605418,-0.6291655336364119,-2.020710117243766,0.4130381340620408,-2.1519087660143192,0.8065810202263997,1.734582110572628,-0.3392496172641124,-0.7939573473074404,-0.8552712173841979,2.5181338069155856,-2.264237735532438
936,3.652969746945832,2.9958223896976506,-5.718489318513626,0.04238332043211912,0.7607115295705786,-1.7333976681326906,5.376185949205659,-0.005798513565721919,-0.20907773105275762,-1.4893421806868155,-0.9423377589899573,-2.7296297649101184,1.2012493564729425,2.320521586274104,-1.470411212806333,0.017896454966948028,-1.0464359846207767,-1.0228202002872635,1.8911037361753387,-1.5623075383085396,-0.42411065414569293,-0.054473904342172474,-1.8468560698537129,1.996644430474145,-0.9566873398411992,1.9131797996227853,0.30805757149267876,0.2921886995779026,1.0533362364002592,-2.6100749672524053
937,0.09744920952491931,-4.343401207684401,-0.10244868455285783,3.7388185448665645,-0.47400459514662563,1.0835867329922575,-2.8755961747377228,-0.007556398623496108,0.9272415149488467,-3.5971402445532963,0.050689552701213,5.502361750264754,-1.4413004662644902,-3.528590876926927,0.6924261495117037,3.0997695334165876,2.379763803141092,-1.2020681428783302,-1.024641380944658,-2.624731171895281,3.01799998511531,-1.1133540655250744,-0.9097905926463223,2.6545172258954004,-1.905450191487592,1.3304226208791263,1.5349305012230232,-0.8797844902701861,2.4390027354008232,-2.519121175745159
938,-0.4354348547889799,-1.4585525145160467,2.0485515788349637,1.0216301030849912,0.8431349953017833,-2.0193293079168546,-0.4292615939338589,0.6490086708995477,0.530999024717353,1.1202724159445445,-0.2730246180490088,-1.597993899578281,-1.3641488394911185,-2.5147994017287143,-2.1787411436642774,2.5367609002710907,3.6466800228890968,-0.12575153827644492,1.9937785087141755,1.5887958536837434,-1.2244277438989375,-0.36312147108244286,-1.5480219044511419,-0.44700324296602645,3.2774037593190535,0.09170046965330414,-4.932937204600357,1.1390772478432147,-1.9343005070470412,2.3590562348318613
939,-0.6631879496987327,-0.053340536837797714,-4.4182518009207605,3.7463626807498898,-0.417904433606217,1.8063220403134554,-4.82615570174017,-3.132245549675222,0.04584571004495697,2.848054001481149,-0.4288789413188736,5.493380481208462,-2.842844461584587,3.7752781622292275,0.5903631451849911,-0.48213388594373185,1.499996801268626,-2.5406597611548793,-1.2178162581560663,-3.4384697604752343,1.051528620813194,-0.8530433561841457,1.4087265010915573,3.0490742529100814,-2.3462524845301687,-2.803250129041359,5.346142600622311,-0.8550149347865714,-2.6903810903985494,3.3487560381343293
940,-0.8966341858949463,2.6264770200343612,-2.0867963168401573,-0.39474371431260735,0.533841861684055,0.21785533532912282,2.060576430854997,2.4549869935382986,-0.6482278444739293,2.403825642454155,-0.933270680969315,-5.337890541403926,-3.0384099469438635,-0.3217708247749016,2.049431203852638,-0.608384007836051,-1.4002318726448042,3.319365448346609,-0.2777604159442113,0.7067373057767004,-2.0100631070889445,1.171364301867369,1.2905141840897567,-0.8807922687012493,4.004820345064015,-4.711348130386678,-2.105974711236062,-0.4716607277313569,1.6707784172068472,1.6133848070832286
941,-1.1385879571569522,-2.622209321558053,3.7457932227342,-0.4438885748629673,0.8147644028160674,-0.3558717719724598,0.4847209061175555,-3.262762508998655,-0.587222011784573,1.7150824408443022,-0.994685589874547,2.6448667636961787,3.2601420940532932,0.7570936378881257,0.6888027066320284,-1.3990735086533004,-2.2707126431645115,-1.0362522867560529,0.5620732578239185,-1.9640992094226348,1.856204972854016,-0.29878713957978764,3.1740007849893637,-3.329392666665459,-4.893153639422989,0.7515387245797953,6.030343059421213,-0.9443029866716968,0.9356194178891304,-1.8800445757954556
942,-2.1079859001536505,-0.8009390906190106,0.9653481214804032,3.1633044653286646,0.0013727356573882687,-1.221100331693945,1.3754078131381036,-3.7632830992411037,-0.4863420295008929,-1.8054858880714484,-0.7703926306282263,5.450095834303841,-1.1095112763689787,2.2440572410216326,-0.8911678214432044,0.06536209552664118,2.0573553299476544,-2.366095568684168,-4.784571864046004,3.239144861876337,-3.9083314569413456,0.3175558836883621,2.2929860717383814,2.843216503683685,0.009494228658009973,1.392457959769029,-0.8486185134177759,0.5069271064089689,-2.9121080097035197,1.8518472282853011
943,1.2031061914146974,-1.0065884455825724,2.5529759489178723,-0.339696148962652,-0.720634635454179,-1.6891629103333266,-0.7415792866510245,-0.0652685899791372,1.088136401827759,-1.4671931891924341,-1.0870604458196218,2.2729651098147485,1.9764865711699429,-0.4912425752038665,-1.2063120179818085,1.2916086236111468,-1.0759562101499753,-0.49458439144585853,4.761758763400206,2.4421296253502085,-3.6521431238898554,0.027755022492766734,1.5305545203707975,-5.110054807724733,-0.3895532555681882,1.442594567301093,2.6801406625439697,-0.04698934419612577,-2.801939432432711,-0.8842531976480092
944,-2.836143235007585,-1.705817504023674,4.3441684314932125,0.005891444651002331,-0.3558842877743065,0.5477851506611593,5.605044291500242,1.9061568644531768,1.2087351696568707,-2.3450889895918436,-0.3247655699061305,-6.050081766112047,-2.9604593077441272,3.33828851013941,-3.1416466825861153,2.4299105429460255,-0.9492870995647564,1.28319403680916,2.5722049736007335,-2.553023885627754,-3.134767825416608,-0.7317805287630073,0.676068701121542,3.1712985650844914,0.8120019680864594,3.1908032363528314,-4.981145676611675,0.9941025703926609,2.467550397139796,-2.4833124953600247
945,-1.218839250123244,-0.9065588889298013,-2.707487057268729,4.3977615079312855,0.10036752487095546,0.3347561635193905,-0.2006303474297475,-2.655667768589229,-0.23868856833519914,-1.1117858448929692,-0.36815378607368743,4.5749263153211395,-1.682215377414762,2.1311761650148107,1.9843332940587395,-2.9667417067204944,0.7840538296798805,-0.25060620461855976,5.229924448711678,1.5793498097012648,-0.38897846447569684,-1.0046482951985327,1.274919010319266,-6.690566509058595,4.012537967626127,1.793988711273439,-0.7830105752829226,-1.209512999312936,-2.425635140620633,-1.3883679636830344
946,-2.044945987236755,3.2401743575155812,-3.9856542753065085,3.159967644686116,0.2792988160211882,-0.6488405556797474,-2.744128378383074,-2.81040850340586,-0.5836074607747346,0.8978705609663429,-0.32151310183835147,5.561786883436017,0.4819442577170321,3.5061962839238348,-1.1074430376992002,-2.7610938268658565,-2.089193517200828,1.9695898401246517,-3.0025942304052364,2.0049960586815736,0.3857098620218018,-0.6864813851740239,-2.8243227823585375,4.122692477233837,1.673883662964112,-0.6372789942533643,-1.744089093087581,-0.8827727544759778,2.693874189915327,-1.1036170110624788
947,1.2842024031661907,-5.032411519960661,5.46009083052008,-2.4867223248655037,-0.5377457494591389,1.3125863605989405,-3.941085158546347,6.17639786317395,0.8656355249371517,-3.3098025975974306,-0.8197768753484951,1.0286312433815112,3.9288842291870303,-0.20381525024261649,-2.351100248510532,-2.1520979236788627,-2.2214494307890327,2.9995786240336386,1.6001143552779773,3.2325210782717875,-1.7204950230425187,-1.1293157984014033,0.03095620872189997,-2.0137808208283197,0.9734954129725715,-2.274683274250826,4.265879332295913,-0.11013331519489089,-0.18338420146677414,-2.671173954355945
948,-2.5301926159879784,5.034747168434393,-4.5624026210834465,0.7447541333188887,0.35546123222189907,0.9576327030961647,2.509462694226613,-2.4094422618353057,0.8850331550694515,3.4449314540806704,-0.7015204764791827,-3.7284645650619197,-2.074258540337979,-3.1089035009375454,4.185137360343823,-3.37429571053681,2.3969533705772363,1.9753670208908787,-1.3766034599764474,-2.6714871394499067,-1.5877077567956714,1.2222417306678892,-1.6095498466144136,6.023106472167974,0.7390161743358838,-3.139414709227001,4.325705346989011,-0.0643261542052116,-1.3724330386520514,-0.48854761924056866
949,-3.2240322069917564,3.5832619671943533,3.993240776392671,-3.6775699138754945,0.23291720969653662,-0.9078178324163932,1.9693055072577437,-0.35021836796414973,0.07376543994172735,3.4960613054464034,-0.3040693032320254,-4.884844581449389,1.9213510264725286,3.239100070898285,-4.006513393462345,-4.149241060731406,0.9014635624017657,2.09383979442077,-4.527570753512816,1.0305133162972933,3.7097065584676194,0.2598308722696938,1.3072729078361878,-1.7797529013585525,0.7296011367723985,0.9952075960044624,-3.802915192819796,0.9133609971850944,-2.2335529191340484,3.3982983819919603
950,-1.3323385996782129,4.678126381858295,-2.1837445215020814,-2.6534751223680217,-0.83761512362441,2.329046985314342,4.982142157845924,-5.061335688865125,-0.7290279628793943,-3.2206571917965245,0.0672952096669901,3.9615834760284727,1.5498601740931583,-4.050525413812817,1.0589568563634586,2.7716497102186253,-0.8879493375637715,-0.4419919892990496,-4.350325101424438,0.6151994879957936,2.8464765034156656,-0.22644668586365757,-3.2309798987606904,4.346075694636749,-4.579866629227768,3.626943400479611,5.4407492733243785,-0.027335103208127265,-0.8721764837294632,-3.588314457638525
951,-1.8296042266421786,-1.5409672534000975,2.769830209130138,0.5073605915759671,-0.6420130126460459,0.7353936919821376,-1.6856424317676435,2.659807219733569,1.0196581053379914,-2.5801598197510316,-0.7119187383444912,1.2982556647919452,3.809543481735023,-1.5225532189039814,1.6400516647455703,-3.7905621302003922,0.2796521803026977,-0.4161319776792549,-5.168256119348268,-2.574067882712537,-0.10558471353374976,0.962460237152281,0.4619214946923904,6.423526983749298,4.014640014925639,-4.491661901836288,-2.3497563537270842,0.3250604683653364,2.984205316691284,-0.48248754441878994
952,3.0950974935952864,5.488178426082449,-5.5154400897571385,-5.154034816317811,-0.1415157417075481,2.227714728104699,-1.8783895970512496,3.676327414136747,0.4032520029325175,2.744924902935736,-0.9293990194089501,-4.016715703544502,0.5919455699647393,-0.1004192373062942,3.6534780754729184,-4.060812755572671,-2.1054789933615297,2.0212873408025445,-1.251532381011451,0.42883952241959555,2.844173702450334,-0.7571222491259286,-1.0907485050037273,-0.17361008972939374,4.832261317435499,-1.7344384049439228,1.3309738483907374,0.3957074069671904,-2.720505769267902,-2.1039983985814743
953,-3.74440361909695,5.092935691863197,-5.483103088391445,1.6214768976342242,0.8734911847309181,1.6396029332599547,-2.4725553055672194,-2.5893217102833503,-0.7484377356299685,3.2037179794737476,0.7821534387443787,1.8244433332627175,-1.9851051654774707,0.5696272142790981,-1.19140070143332,0.1758008301339835,2.100334116559303,0.33074370593812574,1.2595876780187716,1.8270222435799148,3.280503650283066,0.9827247996741892,-2.771112979041156,-4.578725392515356,1.9270531376308568,1.1814924070327635,2.433194114979969,0.5419103914536336,-3.6115814529817936,-2.472068598115275
954,-1.1558143907973388,-2.1261137152575884,-2.3525996483018794,5.012243038309897,0.17703541100335052,0.44524930504346294,-0.08319049218883023,-0.7239201737893026,-0.5731421179653422,-3.7305535448587595,-0.340658349023542,5.451464677826092,2.892039515515073,-3.296585802895489,-3.3682267035284017,-0.3702038407699675,1.4759543992785673,2.6670224323999427,2.447448620034784,1.728220481909272,0.3267317365083997,-0.13655495931272554,0.1141677321284913,-4.480013611268838,-2.6141241806707924,-1.2666050654134082,4.201440782625465,0.5246449236087898,-3.078951791215717,2.233595331065814
955,-3.0160538217853965,-1.9480483494521437,5.030381190656797,-3.154182800924506,0.9217765102780415,2.166127271227074,0.8748804414622917,-3.147763402698729,1.0141649187893504,0.5775223688525131,-0.5823316656025375,1.2635273391974202,-0.9790849319704051,3.1795475744820116,0.3916839215158774,-1.575284011149341,-2.732777736171313,1.7159151832928963,0.6092388346918298,-0.13294765900007555,1.83443482953383,-0.7361693256884179,0.18794066284248245,-1.7624973423802572,-0.24430522101720342,1.191890474076093,-4.855655269486121,-0.6062891620828132,0.9717020334385555,3.5426571450716615
956,1.0326429214666817,-3.1126427748156402,5.655942555082174,-3.287693281628062,0.5150204010664456,-0.8032698211717477,1.972400324116336,-3.583999559729495,-1.0609202136159146,-1.9967691701128203,0.943491847174581,3.725796772167616,-0.525290644725878,1.2604018071471828,-2.926257198552346,3.306067879742688,-0.45766146980388456,-0.6572603738080218,-0.235194157983738,2.5768081182257347,-0.8839321493144059,-1.0472427512817033,2.192199891174992,-2.60263895082144,-3.8979034690955565,-3.5179229748204044,4.836890521809053,-0.8660324392458651,3.1409367364879586,0.30403162486500257
957,1.8256304776765369,-1.4814793119378002,4.744734056174078,-4.554725593424038,0.1727364565895395,-0.7068960850784354,5.691323051020699,-2.1088459618404016,-0.4029057042628432,-1.1112842203902407,-0.8538274788687064,-1.2144596856581877,3.0680158584512505,3.736278773553412,-1.0226611230588336,-1.2224973604021887,-3.586474179885105,-0.9726619686588052,2.0932279166009167,-0.4051699567510454,-2.2821500629809535,0.8541200212659525,-1.537880030531234,1.2778521123957738,-1.2254129558631632,-2.618631308056223,2.8875598373111515,-0.4062712667790045,2.4547007181437763,-1.0919450247563205
958,-1.387968357692026,-1.5142680855979798,-4.158656512410907,5.494538622973142,0.4971296573791597,1.0692246753484724,2.1317231978668723,-4.185738822429627,0.7298744885529675,0.23594146795957727,-0.3876561939879348,1.4758558620384683,0.42955274909281016,-0.9605961367408931,0.35955073642922386,0.9206739518430709,2.7687390463338772,-3.517920346958343,3.3253279909859152,-1.2845021751563213,-2.5365760850122605,1.0146702387468096,-0.813769221816532,0.29484925225182934,1.5117848502965998,-0.8938174548554798,-5.6879112988995715,1.081412927939292,3.078294945813621,0.9102360297057714
959,-1.972013244895308,5.642293031509432,-2.9144677516598847,-0.30682956765807035,0.5742035999577308,-1.0231860672540307,1.8144836586383057,3.6589143218785907,-0.8624402375819331,0.755534549904759,0.5208402062784669,-5.887332499117864,-3.5208495752141484,2.8959454501376136,2.1782557841691634,-2.904770479748267,-1.6442990876723176,2.9957179083277197,-4.575458374639108,3.1396513354046967,-2.6149308447246824,-1.0600926405178859,-1.522170937948026,6.6330014624244455,-4.611355429842304,0.6440331527314349,5.386890130745389,-1.165001568577142,-2.0067258178555587,1.7521595327984052
960,-0.27452352901509336,1.0445500831132897,-1.5425393713262991,1.8385196445047463,-0.04017759256985842,-1.025829234706908,-0.506733667107401,5.7630687829975145,-0.4384592929554545,-1.9765403575178926,-0.5936983502238684,-2.2476371151925782,0.8999230687225683,1.7125375720038036,3.7441996472785135,-0.7520676278663174,-1.940947869140917,-3.663644790997898,6.1460567037238185,-2.1522832603242303,0.6650114386206312,0.8786942667366402,-1.3545808387687046,-4.182898309988715,-4.804816107984344,1.7071013542485183,5.978041265315941,-0.3690880888101944,0.13618455755213432,-2.6474229803218456
961,-0.6619265799100997,-3.678376695961134,2.5519837777234855,2.2773029308052806,-0.2909069603657799,-0.19807647229187886,1.0217802072611804,5.327828775953293,0.7693068044545992,-1.2530448827510448,-0.7573304645332959,-5.108540440384424,1.0892447108474954,0.4290552851877827,-1.716057037529513,-3.5541908069376227,2.5897994631908716,1.1621483852407053,-5.59190091622909,2.259273445355621,-0.8993974429871816,-0.8268170419808163,2.8839595982988264,2.17488235754206,-2.6206316764212367,-1.768372431513864,4.441788557865152,-1.2179145529700057,3.204155308619214,-2.03902520557906
962,-0.18734610464392887,-1.8414260739153185,-4.2478556285697096,3.5365533723444784,0.7050658876973643,2.0350085470870116,-5.954801269358576,1.4400550211621201,-1.1008213975671612,-0.02450057372244885,0.3439902533627892,5.296077966123551,0.3379239896854287,1.0332458725711646,-1.8477510135236432,4.185622599954836,-1.4728826304332951,-2.2361588182547845,3.890929651217185,-1.3049744335017817,-3.114975857146769,0.6180178581761604,-1.8804400274470439,1.7914428087016745,1.9252984613503585,-2.4134146004219232,0.2358983646448749,0.5604754276422774,2.7766143609240643,-3.0848720141394512
963,-2.7507648102359443,3.3638982247060127,-1.4318575765592243,0.1881481145116588,-0.7801088679423152,1.4106849155196848,-0.1548868819922049,1.5332304445822977,0.3373167393011087,0.9852821481953171,-0.18282275393876457,-2.5181196961474654,-1.4805770700794234,-2.653097999069498,2.660056733089494,-2.720815115247687,2.800268250971296,1.3941652003355003,4.7125963805727125,2.7260930694400898,-1.9781519940326326,1.211576088685919,-2.063078423973657,-4.609035120693012,-0.8582472315904859,-1.7784955590574576,3.7089263215925072,1.0341388628500594,-2.443391238086239,0.33706884429178885
964,-0.6788682391506082,-1.7600778149001997,-3.057610932458612,2.3542374962910415,0.8399085184703146,2.302410971747923,-5.98763814808348,3.64950975623346,-0.3930299091377494,2.335993820853563,0.48520540231698917,-0.09004092218252424,-2.8086498262598596,4.204433907269337,-3.4294150571015987,4.018843355772063,-0.40370208527551554,-1.5815102944047013,4.7775382943519595,-1.0702418165940166,-0.15062724649125947,0.2981200056248321,-0.3541417982477668,-3.500647438644325,0.6308464903307005,-3.2638609273233783,6.081326132546913,-0.8135277112639301,0.0012868731388735455,-2.6360708574290292
965,2.2647267663346327,0.5090592657248472,2.114363479561,-5.410706259529235,0.15169034911795842,0.37086639879062844,4.110054552263016,1.2239410600811311,-0.30622149328197423,-0.31688770894119145,-0.3617464884582038,-4.349139921662523,2.5314017698783253,-0.7761693083122516,4.213750797838731,-3.099478316549151,-3.3237978801155315,0.4542929372595914,-3.7012714955081734,-0.6372477818865008,-0.26146516449729873,0.5087001391285542,0.5061526070496001,3.5851316957132155,-1.248230258011528,-4.159581769114865,5.928481218457613,-0.8677673503550185,3.4443607337208952,-3.0972625746969626
966,-1.805191183607736,3.3335814116556186,4.030508557178532,-5.548823318070305,0.12176458769833287,-0.13184005485457817,-0.33362118689037246,-2.5638261091994394,0.6836439708607509,-1.1527743590811852,-1.1347010622671094,4.501278746577615,-2.581238015038796,-0.4202201679862583,3.8021462334900598,1.2957665037720076,-3.9075374014392743,1.811082847202016,4.09041973707745,-0.866290641339992,3.518781206774232,-0.8538733211246674,-1.9089474150981154,-3.9800895662895144,-4.232500008337855,0.653195853312134,0.7157220374266018,-0.16527350874671587,-0.39864768388130756,3.427503310227266
967,-2.463141672988076,2.9793543953824546,2.3446792126480176,-1.9761224317648782,0.14479483004325466,-1.0295643333209021,-5.345567174586659,5.237950407076173,-1.2148259789367843,0.622398271924947,-0.27490266568380406,0.974947140206389,-3.2622680511529882,2.1368561472354877,-4.011568194623893,-0.9862056078116375,2.8240693520302145,3.2991163543225817,6.2099360169582205,-0.07886083188944681,2.86282067669055,-0.9100013789618568,-2.2721373650624255,-5.811757117735638,1.9695146904059015,-3.3931850229953255,5.18685507134915,-0.42012138348038075,-3.6187002556068197,0.27563690032760313
968,2.5818045826599487,-3.4598769952966535,-6.16384129449818,4.718984686634386,0.9465206075041981,1.3764084129961525,1.8496074733222017,2.649183953342707,0.7198521435391481,-1.9844471823129055,-0.817946703901244,-2.4162496839896264,-1.9668828730125778,2.0725382152303844,3.0768535524840637,1.2583616014977324,-3.436115776558763,-1.004754719641106,0.5863045890713074,-3.1516394826210927,1.9105731094115121,-0.7791886034995965,1.2020749168604574,0.2318754707768349,4.1337371542917225,-0.9361198271112947,0.3744687378381997,-0.5984248570169619,-1.4862263905457898,-1.4874348174557568
969,0.4726659164166005,3.3791984971177556,-5.775473611068307,0.5578253101673916,0.7978722872793926,0.5679116000870241,-4.316651478278576,-0.5832659510843676,-0.9846103230243575,-0.4242773476462993,0.9227930693508446,5.386012030683048,1.9704922452603313,-0.8442025760314849,-4.239790867524828,1.6001682642639778,-2.2140423288828597,3.727375262914588,-3.1494667490922836,0.33755278474534123,-2.18805512525854,0.5826627631598171,2.005928184488843,2.4113781419562272,1.7951554718412126,-2.2068633297647224,5.889761591900083,-0.1442860614250563,-1.715703157936785,-3.618064514614675
970,2.329739233941119,-3.1551357299674017,-0.1544980908825444,-0.3845974728244137,0.7550259229151113,0.6094661368179821,-5.662598772695983,3.188947693320827,0.7629827999894658,-3.7229006338894397,0.8501160846890299,4.583452828586378,3.1303287931765063,3.068665603074269,-2.8737527311628597,-2.5321118181062587,-0.13477865930890687,-0.6583511876730199,5.306813360864442,-1.576713250510668,-0.6001809449783373,-0.5758387339924917,-1.8675503860547078,-0.686530045328837,-4.3252568067528365,4.6946152790079125,2.985394700894478,0.1941894583246082,-0.7718018075030404,-2.7771408239710933
971,-2.6823960537571434,-2.5736477901793045,1.0104021351976904,4.058160371336779,-0.4066981041497775,0.5941794415516082,3.4152399750407056,4.9347764110175625,-0.3272782277968913,-1.3941345507722325,-0.8967958172078676,-5.731807790280989,0.40080484726993504,-3.5393208674226937,0.37761642309558496,2.0984577927215575,0.42506288317339624,0.23737892116197834,2.767725994466975,-0.35920946652310803,-2.5900557202512164,0.973857638447063,-1.7847800525645958,0.9924616064243139,2.150467957493369,-1.1913611427151025,0.6406803044331397,1.0160239935351534,0.49103401744594954,-3.1068451301924664
972,2.909638431891718,-2.6266826583175025,3.548379922450117,-3.135767998000116,-0.6337056335112572,-0.06186206451309495,2.3796442153084385,-5.135373585686043,-0.10480163590976321,0.5677978163476105,-0.8726652581623755,3.1653984481024153,1.1861214762995402,-0.6207098210235316,-2.9548274569887614,3.3786138436259385,2.708321660406938,-3.697519702320367,0.6139433663299165,3.0445294648658354,-2.013892716413949,-0.008163111172592608,0.7598396006448773,-2.39625660425466,4.248085630682738,-2.1338498557703076,-3.2455559692751628,1.1699655121544223,-2.4440329604749316,2.405387642683298
973,0.823902441128018,-0.45357170308191286,2.198349315909457,-0.2520546889314659,-0.03283511280918794,-2.2837902522150584,-6.079571184026371,1.9198190142808933,0.9779357196675198,-2.3893983370058685,0.6883986326241196,4.882816154460009,-1.687040520702725,2.038554230324973,-1.9574018774500015,-0.06878146580149647,2.7197357542209097,-1.0450661205919314,-5.19667494161315,-1.2401424910671306,-0.12106057360018774,-1.194087407202769,2.5509985839408014,5.200966829541876,-3.7387715189736674,-2.1428559003346663,5.284972064282396,-0.012214992279242054,3.4538004786812486,-2.844930131375957
974,-0.26406808184773567,-1.418594884673329,3.6907897632602165,-2.0072498835501165,0.3237654222900139,-0.32464233547920607,-0.5711188318689189,-4.810541284177649,0.3976041513998698,0.2074909752243954,0.8949500729820512,3.8816149164405402,-2.03746661517701,4.030939914585982,0.7344869852389877,-3.710312538376222,-2.352927861118861,3.335280114846796,-3.1977293314833872,-2.2790191535175968,2.4727587747669872,-0.11042583609498813,-1.4195171478258004,4.5339326941542275,0.008114457716345669,-3.6629007204650215,0.9550257573063305,-1.0642173170029956,1.3572975864400547,2.4066802360053927
975,-1.7898111492300668,5.650175415344567,-5.032768386710863,-1.4337015915124844,0.2805947758555458,2.325510936253176,-1.119438208484386,-3.9722111587124935,0.4625629794174797,0.10524507079085588,1.1332626214549535,3.3905786955338613,2.7376477847365983,-2.1037071267733083,-1.0297749022286222,0.41051257549833764,3.1318374734036105,-3.1465158046369357,1.743119540739329,-0.9967580578775159,0.9277900746952561,0.8228207802444301,-2.5724411730886185,0.07546883528655002,1.7159440464373361,-3.9413892346318384,-0.8784891703785647,-0.563917384525725,0.49344391425388423,3.174407828845041
976,-2.5061595667510232,2.6251422287513932,-1.205798463552977,0.9772668579295534,-0.5720830917471125,0.681632035370054,-5.796452548432569,3.442846151396221,0.18296682303444012,-0.27889997367173436,0.14261140974917375,2.3069281379247357,1.249950312336484,-3.4396327522979337,3.5531202748592676,-2.367010175451334,-0.3131629046960924,1.3167352452493368,0.6025347166324444,-3.4663486363670053,0.5035244900835707,-0.38662888925872263,-1.560906556333613,4.307824875242776,-2.095989326506878,4.466520498589009,-2.3700095991454155,-0.7364577538979722,3.2772768511819024,-2.541340670220494
977,2.4530038749238763,3.924349816131361,-3.805572472256486,-2.253401601319812,0.9491262994209535,-1.2675059169000082,5.238099933335516,4.460137567537373,-0.5249777140726293,-3.6841567294705175,0.23995677839790375,-5.72905983572738,0.2594277596753649,-2.050856568951586,-0.4980067612665451,0.4164801611247313,0.5687086162362931,1.3042467931814379,-4.818304797472955,1.5619186487446672,-0.34396804484362775,1.0596961865579724,-2.0543975705263495,4.595055577539725,4.6352964380556685,-3.281658487904455,2.3838356812005514,-1.127738729960626,0.07658533483398955,-2.6863202362249865
978,-0.6759175062578926,3.3169261386765427,3.4955264705647338,-5.055509703740938,0.6261204127683633,-1.707145812010955,3.565061635278383,0.2016599058220372,-0.5030481563675151,-1.473629694224691,-0.6125176424379202,-1.1775260480700176,2.5898912234701292,-0.37937979136979294,4.219557741527389,-3.231546027938089,-3.4108132003841565,0.21229005469420237,1.801704954565487,-2.9217367742626816,-1.5282756135909175,-0.05284098007520388,3.0346694904218587,-0.3335210770591175,-2.554508525080159,1.1479569113751324,1.3661827370118402,1.1793908286894244,-2.1010843660788687,0.9620624140828014
979,-0.6699930707816524,3.9809272409864995,-1.7168309157218786,-1.9532017663652148,-0.8284445347229643,1.187543046605045,-2.100158402176902,1.5380696112825092,-0.021185378214258144,0.462084035555419,-0.14134833272228065,0.2625384662758137,1.1910351715740255,2.138975310581163,-3.596187381821217,0.09484098817555875,-1.5509291943739765,1.7222651058641425,-0.18281893767117552,-1.536619604041281,-3.9728400347185158,-0.05001772257370796,1.1771959445981306,4.565100354405967,1.27763313187452,1.3334213143182332,-1.5056432017312709,-0.22961990052695835,0.889645794805487,-1.7654371387398609
980,3.2639359644563513,-4.160548106253042,2.856570388647082,-0.221480929014497,0.4884496949026209,-2.2269270127386456,2.2903109382856,2.483688525520428,-0.37174184459297166,-1.121407320853045,0.8217661482050405,-4.102616446564756,-0.8022783783186469,0.35109447301362096,-0.7679832021216804,-2.401516362076249,3.4113704520288444,0.20931301747383557,-0.6912366768181748,2.100008277018727,3.416262738973103,0.27617800892931044,-0.1612655514016037,-4.939946796701946,-1.2921977389389454,-2.8318411844510685,5.565156011000479,-1.1908408286531529,-3.5020286719475457,3.251752412990353
981,3.5070387858374126,-4.569990975774008,1.7660314380036652,-2.754292376404269,0.5376825282148858,1.5135306001221842,6.13837115492306,-4.520638017622758,1.128251452135677,1.3809282785338475,0.478170636860094,-4.605083504829619,-0.2617235963286788,-3.101051882413543,-0.5093422802387622,3.0838088876314558,-0.9920749497534551,1.7803838211026708,5.073189253175556,-1.1162779721122398,1.345127289343523,-0.8699534208235375,-0.1469044683775138,-4.2851806812063735,-0.610439315806449,-3.2035309996123758,6.141936431339513,-1.1997965488941582,1.5786176303439277,-2.7067871973703532
982,2.1822319132695362,-1.619316695986761,2.5852051514191743,-4.285372319251422,-0.8734329532186926,2.0106849037680323,0.8581221183304422,0.7379009045567209,0.46535211348748984,-1.2370901708019257,0.04048192405322126,-0.8647668896256384,-3.5999964698665554,3.362814307838107,-0.6978275222060866,-2.427151511470475,1.020997948052102,2.341163247652606,5.710587460073416,1.0374735210639088,-1.1178757876404273,-0.7220990934041591,-3.001080358447714,-1.9070057416455732,3.7263251749117607,2.530691898895686,-3.4810561542314034,0.7077854142859286,-3.236765775364052,-0.24698055849780864
983,-0.09219009390731259,2.275226600210601,-5.028144245361762,4.522961170888387,0.752586888585292,-2.430440320415393,-4.009027283952733,3.070061454345595,-0.4096584577475948,-2.193190683061678,0.05540090301270073,3.4864140674040485,2.903627814785935,1.205898688783833,3.2087925453911694,-2.23976157661715,-2.137322722030518,-2.941234750313585,-3.9138618620084102,2.5553957622230463,1.0385779713509038,-0.5155356453016013,-1.2129109406950533,2.0483347144305775,-2.3091235504775085,2.809554710337437,-0.322621094166756,-0.5515187288200751,-3.1905257515853584,3.564234414712381
984,1.151505033709654,-0.7628868605396661,-0.18038404499823812,-3.18479115213956,0.7443772082057762,2.2321798157618353,-2.8046927916674207,0.02859495399209777,-0.9692765145771336,0.6004571018946816,1.1052231662301093,2.0396940841279836,3.162706681431633,-2.352341381988497,-1.3061631437726628,2.0030012692081627,0.9813110340769562,-2.488514458955949,-4.875546396874594,0.5487484944718837,-1.5804160443363404,-0.34688048636495683,1.7434592305651346,4.510635202538317,2.871429032996378,-3.439654253052943,-2.114534410228778,0.7324569207549265,2.5881533939055785,-0.6378506843750529
985,-2.7222913991273447,-4.384757796863106,4.5515620295414045,3.9424044312771045,-0.8050979635000788,-0.5818193013281885,-0.9045046203438467,0.6251345592552866,0.8693333873812374,0.19595503618054444,1.121956262749717,-1.9078746252225969,-2.866393585726499,3.6312766803241985,-0.5897385891353082,0.35435916267337575,-0.3994812761478954,-0.13002239198821108,-4.2661099867595915,0.046169330063298375,-0.21246964080554243,-0.10629225240704088,-2.0621855081960536,6.60088805810436,-1.4092702606431438,-1.6883493642338934,-1.4983002245841917,-0.48266421912871316,2.206709575296159,2.8718744932938733
986,3.420133769344659,-0.9626082521377484,3.7492878663116223,-5.634452582086599,-0.7710454587697035,0.19868465733759422,-5.692554788974878,0.959486417001596,-0.4087375034945637,1.8422604803906317,0.6489414611167925,2.650603933960781,-4.093302054581795,1.5613390079214007,-0.21251754728879035,0.6446719368717879,1.0619085910804031,1.0379000659966628,3.4874157866923063,-1.6515912199737706,0.5265418547742016,0.7314675478521622,-0.421744363629422,-2.6720896057160886,-1.5561875064763129,-1.2072965575529082,2.930383410057484,0.6152966336508143,-3.69752149759087,2.915325517911871
987,-3.6156315735177156,3.7997010113247924,3.598674492924186,-5.215141717474438,-0.3025739810721988,1.734971767815214,2.516624552012395,-1.5735354878128014,-0.16036955095608718,0.5927316515569014,-0.2801812647042903,-1.0952699000957615,3.8274994668191553,-0.2886355262026008,2.591443990107255,-3.8444175774901552,-0.35044074598711106,-1.9354496072468805,-3.4855225436674573,1.0610235937210568,3.419912480254151,1.042444960056942,-0.6424327065999442,-1.3954257837653685,0.733141267624351,4.950285132381779,-6.094918978449687,1.2399215363565235,-2.6903102040671207,1.8618812461542156
988,0.5903427517366211,-4.144705197604765,0.1082456209525482,4.745262872498909,-0.04603423310598109,-1.253111814477501,-6.037456875261313,0.5095081312373857,-1.1466326483788296,0.2237598122282538,0.24444169704539487,6.206379883129497,2.824806022378773,-0.6678360456189374,2.3656388110176536,-1.4301748261435279,-3.9244079048482554,0.8319739432139492,5.893615298298048,-1.1135924204341539,2.2760464214366287,-0.31284343933588854,-3.0809867928557235,-3.6622390671095317,0.9738425712827201,-2.1021550046247555,0.6315111577363268,1.086169294408414,-2.0450795530782315,1.4557115342755793
989,-2.03601139621086,-0.9279796536804312,0.012410415340482928,2.869221332471433,0.909926651483032,-0.8275673494038269,-3.9204578141142505,-2.4223197362900315,0.525536072246326,1.3812451196141247,-0.0002134342692743374,4.436209792813521,3.7662844393297235,-2.4071926500238394,1.9177274625261838,1.377936904159622,-1.6802147653073938,-2.9745413906845997,-2.7702424656502345,-0.29337689603167405,3.946607387749058,-1.059729737604739,1.6174669329101015,-1.4407252213731212,0.4082544257776526,3.9551400721838235,-2.6534824523727387,-1.1925876536766555,-3.166718278732393,2.6493938868204125
990,0.02010568140485347,-0.6937519412397997,0.27622906595964736,-0.9491668696542277,-0.3901762013737864,1.7367602649031646,-0.5849679758887198,-2.4695481711247957,0.08137952595179687,2.2646964552854385,-0.9733136461747343,1.6817538119514204,-3.4224924911195505,0.40867475717616486,1.9343956873860613,0.9397414993965896,2.628065804031774,-2.4883852568713767,2.943124729422596,3.405186840410259,-3.88297148324221,-1.1185042584325706,2.2279648096830567,-3.5748006378417188,-0.01919497339366316,2.0343699223461904,-3.863567428489553,0.557961650833958,-2.160309401360946,3.450740230064106
991,-1.4279254065662812,4.007917156412507,-3.0172971815125322,-1.6853678486670631,0.5342809406723146,1.5883923396609063,-5.499807222880818,3.114966777903952,0.5992296003424418,2.713642596026734,0.07020318732196706,-0.9982349387139067,-3.5689329287087332,-3.797746413905026,3.798043488197372,-0.9756886755866745,2.5641840999914294,1.980140430011307,-2.750762946661869,2.510631486841948,0.8555430062554237,0.7861004853908202,3.017015400219126,-4.418527432046059,2.388029871394707,-0.31878791030082,-4.021135575115093,-0.4874128017260553,2.925078641521065,-0.48577222577369916
992,2.2041304644113886,-1.6401893091614,6.179269334708096,-5.524975216168066,-0.7647067892181154,-0.45352848457206285,-1.6294142710107131,2.0519563306978306,-0.0653266563319308,-0.27206697520439604,-0.6170048318479813,0.531856403697585,-0.9368762225897278,-1.4235694290555827,-0.3143703781471494,-2.6096907779910197,3.8843722712869457,1.4001345364962106,2.666068735300673,-3.1654985117186545,0.7752424817717731,0.527047151870474,-2.2217677828642266,1.4189079256393455,-0.7241931076224013,0.3124764743960107,-2.4443891603149446,-0.8348360363105822,2.044982168406392,1.6459596614456231
993,-3.6141874263435767,1.0690227240933048,2.026991854296039,-1.1165900663186505,0.6752648412616877,0.9594980730110496,5.376954838934086,-1.3151943728083282,-0.062072087453099556,-3.4198099479283908,0.7296167141259442,-1.3094951448697927,3.786679876446339,1.6028035303114905,-0.7977622303712124,-0.39048227252364853,-3.39663130981244,-0.8046075940508342,-2.50002322132217,2.3134442550088146,-1.8459130233879684,0.285093154340581,-0.6494409803526402,2.3968398157127453,1.0594597726315023,3.4727548618026525,-3.2339903108421275,-1.0831257563546335,-0.35438513795227955,0.13928657071496353
994,-3.6695521763605328,5.253200046437119,-4.582011908768219,1.2013608143439072,0.17936926325917923,1.617633961088405,5.332348416847314,-1.229116630717506,0.46808189141381273,-1.6189571286226254,-0.6082820297209013,-2.3440745191996726,-1.9099223576755158,1.2039386951668156,1.382616443254019,1.0636672830895257,0.9368981717683056,-2.6771982356034414,-4.886003782983742,-1.0022014400101753,-2.3656801498970257,0.9205494375134275,0.8262412248071289,6.507094710569753,-3.57568002004054,-2.6872983606246166,-1.470523383774072,0.24939535355392728,3.7492875558795653,3.7348188550058268
995,1.0512129860193014,5.688750292859453,-3.59594702001354,-1.9120428285631696,0.8471865268915804,-2.079159957193781,-0.6655588431562833,-3.176780561063314,-0.20707743353807828,1.769053163612412,1.2193833781827639,1.0609802959629135,-4.192272888532125,-3.5250530010058085,-0.4681108636218525,4.031426913792362,2.6855463031198425,1.4684635362472598,-2.78462296057484,3.428142759147555,-0.8344846582071082,-0.8463757660155995,-0.8131104808913747,1.8504511065407314,0.15776241358513232,4.156287633829049,-1.928604692523784,0.690417345012027,0.6215839365023648,-3.697446636404708
996,0.8142486974364065,2.186156242660889,-6.026361339713862,1.8638976379370114,0.6754526895763449,0.48660607210302764,5.270194169439225,-1.9776502322428975,-0.44554483101377507,-1.1189117686175702,0.057143958939499306,-1.7852312965040653,-0.27090354224273483,-2.80350544580466,3.4639744806360397,3.126546423430824,-1.0135733287913045,-2.5025385872284804,5.838218921887293,-2.007643454314099,-0.5079409211699808,0.9514818655426849,1.0322490762493413,-5.306365488195851,-3.9128620818848745,1.9102243322660968,5.517810856554988,-1.1882820068778281,-1.759094037845486,-0.5677970622128434
997,-3.2019403619158773,3.607896787370805,-2.799091873178533,2.6573746280766386,0.6344498124925626,-0.8986889928457753,-2.186435309209976,-4.924946976022518,-0.3520293970428039,1.8969259326116692,0.6356448679695248,4.930840881694529,-4.23262855823593,1.5448268804373484,-3.677341429606715,2.8704739975590847,3.0605230752679766,0.43414603457790335,5.414753031250807,2.964696564132275,-0.6594772525304613,-1.1909833717569858,-0.34937456080378837,-6.179614410292469,4.4726189708351285,-0.3841418475883742,-2.9890945798888637,0.5550941517595316,-1.3321347024061883,-0.3223419927111575
998,0.7733533254991602,4.019333470411009,-1.6996308353946183,-0.44884628123753245,-0.7445526911744647,-1.8996569881037058,-2.184833454261483,3.2305304202346576,-0.4526605274927107,0.5442761606698614,-0.08183106465113266,-1.0554815344987531,0.04889655570109852,0.6625634875763353,3.344158189575726,2.118572977340868,-2.888116347895812,-3.286074862298511,-1.8014826005010995,3.2993969355685913,1.2877987230528198,-0.26885852380399644,1.9539411115262464,-4.470795645843193,-0.5165659716166857,-3.063324391284308,0.8266123530144114,-0.983196708668368,3.5976911088671137,0.13878360968795178
999,1.6028763568807491,-0.17476259827198248,-3.015161995546922,-0.6727853289507806,0.8576678464147101,1.4021657194740769,4.683093598813887,-3.563806237801316,0.9093434984853142,0.022390930447375723,0.8825520642804623,-2.9335738542252834,-2.4051534476865655,-3.17305275730261,1.560171914314175,4.166518399525145,0.3853480156049933,-0.5338321244554365,-3.579482550541705,3.4175313495541957,2.1583141801566903,0.22321630043333762,1.3125881148085927,-3.532167394411747,-1.0713476212845556,4.089701720346909,-3.049290765752051,-0.7278464722245905,1.5757940958223813,-0.8170109569079802
1000,1.3413561164511592,-5.620508667901774,4.022899327124694,1.621861992314578,-0.43655794981386764,-0.9290508181749537,2.45593744862936,-4.886042166400621,1.0238916380619836,-2.0596111080850648,0.32456411406607444,3.1412600737287057,0.07688750956679513,-1.11060300205585,3.584441101807432,-4.111685065141421,-0.5397007951362021,2.100660250958967,5.241707633570282,0.3897030666809851,-0.320931237317831,-0.545443609748407,-1.1216477887128296,-3.643388064472802,3.1251274123287374,-2.6884282143452474,-3.4075798867819387,-1.1367497858792932,3.5473561076416864,0.5602743670361789
1001,-3.6078015753070414,4.170593915428469,0.37510994040984613,-3.388940048794108,0.7218664768451699,1.729171291417499,-5.058430629273477,2.740763167821367,-0.16484813974028079,0.7106988514555255,0.35164744908213663,1.4201693006551537,0.2596266159073757,0.31118062737862573,-0.2574576857864166,3.847103468226564,-0.7514240454959946,-3.4090289802304152,-3.5160743138541974,1.5574066464019651,1.0760698570008493,-0.4581746418819108,1.5625651578371809,-0.22179270550449814,1.50500601690214,-3.965351568892199,5.571785917631022,0.9611700548594442,-3.576237799613711,-0.49637262088658396
1002,3.626152600352494,-3.235279451303697,-4.978138391065528,3.822814685610293,0.6241307953083455,0.14031976109793298,5.460460552747442,-1.2342307367398533,-1.0342383040188992,-1.9346143650645455,-0.6738230311478146,-0.5835541157759181,1.0306479032887736,-3.389985113969823,3.2462673931860913,0.09918273691267032,-0.22067555983371534,-0.7654373595842543,-0.5881835789070635,0.6426181860558486,-1.7289839755666438,0.09830137707491904,-0.26170911490304327,1.8379571062453905,-0.4360612626988605,-3.903048465320076,1.2729832965609944,0.5552223252825597,3.4637351184640117,-0.9528310122885291
1003,1.861659858525556,0.701060896781577,2.4427656476852917,-5.560090645886564,0.703240043750224,-0.14863580085627603,3.7308644392345265,-1.444926158406048,0.6034541084743772,-3.0677732577365173,0.43653343500315867,-0.25815256656906627,-3.0767607977288804,3.4810423222382347,-0.5471808816836372,1.5842438632043354,2.0355132323547664,-3.476857738385041,-4.988122762343057,1.1611513482693425,1.418987284542574,-0.33376324044293426,1.7076005829319154,1.0341467870415428,0.6149027266110814,2.8686323889006715,0.6334996213621018,-0.9348774423857522,-3.183271247836709,0.001113953348699681
1004,-3.0926509719355266,1.567936465802589,-3.5780572978688348,3.5234436302360628,0.46398842549133645,1.1153397482741987,-5.5387161108299345,5.435362455342833,1.0083281363498582,2.8857092744966124,0.8274717055159853,-4.618155460874917,1.2404346324798325,-1.431853378587018,3.2425142620245317,-0.7283938743666702,-3.5200069543546295,1.1973053128036995,-1.6528684254577009,3.0199561976015623,2.2637194412870087,0.8986640165183255,-2.3898056773008314,-2.13966555264901,-0.4739653690026522,3.967376196145615,-5.005753205604062,-0.7940187609608671,-1.3625570100168503,3.6689181494388947
1005,2.4975382022424526,-5.679724295984897,6.048893262787551,-3.9390724883698844,0.5120281737814709,0.5603371455431283,-5.590656202005778,3.333591192879357,-0.05003729788554878,2.859644859293198,0.25799069668496966,-0.8105332489657684,-1.8988645136767257,-1.1193664726642734,3.805801413969874,-2.2291725730060588,-0.7846301460014615,2.2262322913783983,3.6772785089617948,-2.810403408201182,-1.9061345498599742,0.8402115109593078,0.10005715817741745,0.09899077996196581,-2.169230142389587,1.779508167823824,3.2628924833642365,1.1371320765181538,-1.6732433520896137,-2.337059233226924
1006,0.6940491104431139,2.0513899891388654,1.200442305925879,-5.719182154596627,-0.05758433504949445,1.830885084138087,-2.048047385308042,-0.25436275890836413,-0.28884144604770245,-3.2135771746729436,0.1858505898090499,5.618978175128412,-3.4351951537697527,2.713355409227578,1.0920767880863984,1.1235921588095046,-1.1352298050958751,-0.3585993972581072,0.695935050385188,1.0850012263926043,3.683446225383438,0.4216492411455999,-0.2306372318722456,-5.655394511435254,3.9846679730447256,-0.30201294617511465,-3.762015575015308,0.5218381707324875,-1.5469063277434536,1.1044287051567956
1007,0.15042098107815782,-1.3965580494863516,0.382618108782804,0.09977517823731219,-0.08357849198127387,0.8473222733691692,-3.7282176723079488,0.6937919170966396,-0.22764141743611788,-1.7064340102579223,-0.48132674654568053,5.449827929451466,0.6048718949057488,-3.3715783081045068,0.8519050364562268,2.370439075570669,-2.4822128802942167,2.0265751814658017,0.8670974803741558,-1.3696342162867232,2.796011958603259,-0.6774411828616369,-0.6633025963013353,-0.9527314435283536,3.6887105981307045,-3.772119582129129,-1.6517781148154072,-0.6912708287484701,2.3457487001427992,0.0807092274196286
1008,-1.1005198036714976,5.726388779001805,0.8248133735321517,-5.037093758303865,0.28389872568071484,-0.6974873162395205,-0.13444175235678202,2.261988689521555,-0.9895999345325999,-1.868572919902629,0.06411767731633944,0.6665082399545419,3.6807765420284966,-2.241062551190776,2.7213929428695103,-0.37338786966081017,-0.8400659850951939,-2.947653078951511,1.922510524054779,-3.440884331429695,-2.5506393823931823,0.9719188525636628,2.756909602926889,0.340184734276896,0.5547248599421835,4.906662104794062,0.5835612128165373,-0.9545139836026824,-1.736902590470832,-3.3535316034791833
1009,-1.9588998075232844,1.7294337983121437,0.7094927287834523,2.1146612081998057,-0.6067147138516105,-1.9879732139207515,-3.7757931798232924,-3.6663912647638988,0.3866265028796594,2.8327537177686892,1.081298317270309,3.141505906668961,3.6958288097465655,3.7510277317222958,-1.9060035043907266,-4.246367388898543,-1.4984038727461542,0.20391822456622855,-1.9928849378710183,1.6913285277416552,-2.92797301515364,1.226655944353423,0.6913657027378513,1.3115077781910855,-1.7446679026980831,2.6870185601967194,-6.213999001551599,1.1140970630209077,0.8397899966139999,3.3177612844181787
1010,3.6560013039211015,5.270711975234903,-4.238090054298109,-3.147503592016367,-0.12559357774867497,-1.4155260550930961,-4.064297792302476,0.1425769059618638,-1.2367932934889732,-0.3972592950067657,0.3070662624363587,5.248707212400404,0.9104622520727474,-1.96470734294099,-0.6541401535074769,-0.5212667082543483,4.143292754245799,-1.9136408016160527,3.720532592681561,-1.4274624494351968,-3.3803938734396564,1.1498321965794132,-1.4002218609804764,1.337713394593699,4.3557964168867365,4.340555408369543,-1.662827330364923,0.3553159774299708,-3.6870184317912997,-3.7018220405299527
1011,1.0781826759003401,-4.987074279472509,-2.0614273095272075,5.237800022410948,0.6955108905008602,0.0370080001873383,-2.5885264097180993,1.8288408123377415,-1.0648416519210273,0.4160650825148462,-0.7679872434647308,2.176449410251699,-1.3480660537384406,3.820380394561635,-1.421976971442291,-0.5950335445802928,1.6845744232952988,-2.1398782480962186,-1.0321854703094608,-1.0346034012521717,1.9698208402396524,0.49552960585800054,-0.26187813613711164,-0.1366834383995581,-2.3845866940122207,2.3806080177321647,0.9041342850381682,-1.2024747615258793,2.597918805249286,-2.2955996524814566
1012,1.432382913317852,-3.3909544948989954,4.780618228253708,-3.7241058121914534,-0.20154549358553475,1.103604659104196,-2.8518114264997187,4.146972150825032,0.5469786333510509,-0.004100672236935665,1.1405979976015281,-2.978636683040527,3.3781324793336225,-1.0958346985819531,1.2865803149206378,1.5412012041400907,-1.48559227173177,-3.624487028080935,-2.6439800983233965,-3.057974929715769,1.2558108658994165,-0.37399717149862166,-0.5883827486801749,5.408524082317882,3.338640117534535,-3.436411504980917,-3.288387871054397,-0.3289954793753225,1.127878290934298,2.587276446941864
1013,2.1335266475230235,-0.9357939155979231,-4.427860268043695,1.4335311200216374,0.5413820824929281,1.255214333603817,-4.901488900639279,4.334256857754575,-1.1743259260695202,-3.3825627176973683,0.887051878286619,4.237068808365407,-0.8461370199036686,-1.6681061883730877,1.1160470634567652,1.9701860324207132,1.7976105819217274,-2.3696004695227675,-5.50622679560227,1.426305248513799,1.3774012921629115,0.047318476666628584,0.5478716741179674,2.1073301041402956,1.1790040664324657,-2.928747914523811,-0.808804584204708,-0.285394894738225,1.9662175930803798,0.8777257339539837
1014,1.6980348968875347,4.185101154720652,-4.982585146030804,-2.032824353453634,-0.2539569349360131,1.3862303828120197,-5.442156405009946,5.005828710216399,1.214686673694417,-2.826196179711296,-0.8085024960321361,2.856339696842994,2.0311487584992953,4.1400949637612925,-0.47247639722450785,-3.8772620959513304,-0.884596064732083,-0.936909164352965,5.974596623188955,2.998381157375942,-2.4669306797469304,0.7718857247463049,-1.8367012600051549,-5.4412315655598,4.747283618606215,1.0200750326536685,-2.6300842095807795,-0.9599894749967985,-0.977358063328376,-1.1999269033538376
1015,0.3677571930240955,-1.1139416578572607,1.1320319594495487,-3.383692792750594,0.9757598620937613,2.0220854360402267,-4.685519605024439,3.8723037696445246,-0.006172395841689493,-2.7716545009409987,-0.07339839005442528,3.6644411222174327,-2.4217296662070655,-2.6150072263164024,-0.11616833847370955,1.7051962258051354,2.7234471851328728,0.7242618200588531,4.112359943023019,-1.5607638831359552,1.901936789808861,0.5769131687331139,1.0035903420622052,-6.034036360491939,-3.268976896554996,-2.173407608091214,3.50602587556844,-1.1602164630029046,3.3213941449275524,-0.2248190528467795
1016,2.505282667115573,-3.2114927239275985,-4.806310030755277,4.620125818713095,0.41616512652211757,0.47622914233187963,-4.297863572799336,-3.0476465275625806,-0.27752199291797197,3.0281563504171665,-0.27100470539006327,4.865880448253176,1.1599198037430654,3.4729793005820433,0.465770318173675,-3.981490180879616,-2.0384731878653994,0.9212939462459069,6.052413386609931,2.9718177532942924,-3.7862924432148617,-0.2230650971838415,-1.0094050435370114,-4.005468555969209,1.164238465998313,-3.6637709774508416,4.073435845835089,-0.6077642891632387,0.3856564070044666,-1.3517954522236835
1017,2.767589105169858,-1.9261748849230145,3.877145230993019,-5.224948994262096,-0.19772742923120346,0.7041169722532317,-0.1756298266127274,2.527031787768042,-0.3739668864469863,-1.1698921161092262,0.968113116017939,-1.7756560746166805,-3.429982970193066,1.6544598077318469,-3.7244573488718995,2.683545148133536,0.6070925179463877,2.209342845252891,4.728131685720854,-1.3519051459326583,1.6623421033852033,-1.0276377211458612,-2.916516133037355,-1.094414788990882,1.2831614886823175,-3.828068171717632,-0.2831514506300117,-0.1063010320630795,2.2243531540607897,0.7100060116677493
1018,0.9743895251073162,-0.018330774897929558,-5.267093812779525,1.3587959791022968,0.7645134542879486,2.1877256291796936,1.3377408174681804,4.287909537061122,-0.37433338800001525,-0.6627496777425819,-1.0090598625099352,-3.579507426276436,0.03174731564895339,-2.290157881515025,1.2568230805852636,0.27185767533910976,-2.0952226153553575,2.8249524252967326,-6.1402157441019725,1.8153127470853985,0.30667712648713774,-0.5159840352362126,2.6228034193844127,1.9114064863805567,3.626714256143533,-0.08632421206234397,-4.137398502986901,0.09018137975785834,-0.044249947924020816,0.5510770270720258
1019,-1.1237444080299674,4.951182621037724,-5.065761162679927,0.6355252781534482,0.875794137821396,-0.2729964663028639,2.6521677010829983,-2.3460067337997224,-0.9458759532227798,-3.1496792354246264,-1.037784950885598,4.827179172250059,3.785066820804218,-3.142918926929692,4.2053971782757635,-1.8918721859753553,-3.769065115452813,0.8133922292775395,2.0409569802988585,-3.0879170212614433,2.7184408011120667,0.07916498409113082,-1.0710470716695362,-0.679598672571764,-4.802940329239966,3.3680113315099263,0.7612348069019603,-0.35822693680405315,3.630090093913097,-2.5981689662808023
1020,0.4370516883195794,-2.2225687706520496,-2.930314598708133,4.675363363043758,0.06336438914273046,-0.022896071146101704,-4.911101373283071,-2.086841208230563,1.002651648678321,1.2622393397036689,-0.21895623182042456,4.952007824952403,-3.2350984500310105,-1.8850353803524023,3.030724462878105,-0.7811929013766381,-0.06628206202029219,2.9368843309018793,-4.651008262979314,-2.003419866488329,-0.8578288739020632,0.016240773929809826,2.853400230011008,4.6426159994282195,1.1667080904751401,-0.6157295122223516,6.106210115608594,0.03323935108582177,-3.5047878699011257,-3.185640175045874
1021,3.2371691042546047,-3.308834276758681,-5.415287868140947,3.3683298859832327,0.5200281349736167,1.5985950196879575,-2.6771662206985027,2.697424623764835,0.008232829765058014,2.5639526034908826,0.10251855975554669,-2.6949623960774858,2.4368712610707703,3.2925942193619555,-3.681540738289451,-1.6348572412954638,-3.475610287590717,3.062542786742519,-5.675210607167589,0.39409394938082976,0.822383387847669,-1.2486612715925354,0.5415157318544583,5.165878809676528,-4.257187049995407,-2.283248424089699,5.342869328603811,0.32147815470509755,3.353116672424264,-2.4770286816478873
1022,0.9169286348796888,-2.984924269026692,-2.470274785600587,4.665878242833749,-0.6648116967229281,0.5372038736365479,-4.836113255084065,1.7794356304241745,-0.7645723650822251,-3.1217860467300955,1.1522479966855803,5.790788039787003,2.268702626625007,-2.5475702788450345,-0.45101968790356395,-0.2878406887803031,0.4494717420008172,0.5682562869026846,5.829704260415628,-0.13592275589451752,-2.902015427678947,0.22269009254568317,-0.7028076489565613,-2.311648520431927,4.141928186845259,-1.7387171881698507,-2.2494123158863886,1.0863583301343187,-3.0215549395676433,1.7813979266444981
1023,2.2330778846789485,-5.0873756533409065,-1.8704143304107,5.811657130621391,-0.3247295156428942,-0.7622155159060746,-5.829128146440382,-0.6455316514903977,0.1034846422765412,1.9468954268283838,-0.4912283515139686,4.915508080340157,-0.9528906337165743,1.466769559122369,0.8805352992669917,1.0324815335355275,0.49738812090308215,-2.9242838791117727,-1.4509684768059756,-3.384650376150658,-1.633232522681535,-0.34970827147827066,1.8048840410112703,5.013675606104556,3.5769464785417924,3.008291351144532,-5.443865513253122,0.9371938430288882,-3.52469934186327,1.4461331824013648
1024,0.1613807670120071,0.6488734669419252,-5.180922407993759,4.636738231563502,0.7254345613786417,-0.9915046189025496,-5.962122694808283,3.6161763379809955,-0.5112351483465334,0.8299809898375123,0.6183518073483825,1.4088487079882626,3.750130054817749,-0.7745586845595938,-0.12226038547450102,-1.5639262090762305,0.9046077730162487,-2.1939925487240775,2.591394476606922,-0.8972842262491625,2.4534432388921523,-0.04782721774610721,-0.3637617199529988,-3.7359645515514366,0.5079115176640521,-0.16579327988609904,-1.6471379754103026,-1.1067203458916706,-0.4197972558031413,2.8315373393273617
1025,-1.3966842642794486,-1.5841885568316947,-0.8459007380036923,3.410532462660644,-0.501924278086902,0.9181653745408767,-2.8831397683803566,-0.154440737251349,0.02332616310907909,-0.19835345259078174,-0.8277583788522405,4.040366173965989,1.5247044484646537,2.258476831494491,-4.106648193675376,0.5835279761301884,-3.996943162768499,3.7368821003541157,2.1236618715267497,-1.9397189126983712,1.1377491879235109,-0.06025549012791753,0.004593317375771733,-1.2660299740003893,-0.2523029232331879,2.694953658048977,-5.980346783782284,0.22609097621762242,1.9086039950623892,1.4030010776866817
1026,0.292512206309814,2.64718729118,-4.791205453423345,-1.5516267932104633,0.948832900643664,2.4542998485000904,-3.436262290657343,6.003357802679851,-0.1691775980507586,0.6978112543072221,1.0395956140582596,-4.13532478233688,-1.9968164806817867,2.5042989627057253,1.8206164720764342,1.514714013634272,-4.121510746292969,0.27869777855787525,0.9185324570426836,-1.1270752223651037,1.0382350031717564,-0.9275380314877975,3.052203900659606,-2.9543581070217684,-3.8239289859581795,3.0113256184026476,2.882969293496366,-1.0371874555302703,-3.6370091556156083,2.603830685205274
1027,-3.4882511280699475,1.5830019839179919,-1.4209589690287032,1.9435062287711702,-0.5632397658108936,1.9459416502201403,-2.6133273590206016,2.513381302531858,0.5653893008563076,1.7636367425154909,-0.18938169106149783,-2.039698295821232,-3.8895374378433107,0.21032306513616916,2.1458272085240004,3.4972745380062733,-2.5634123342709536,0.599524960447372,3.217124625951058,-2.1418817049676058,2.4455892928953986,0.06818969580774148,0.5726655829690745,-4.161687492656267,-0.39942980029374553,-1.7609496504402244,5.103684831081932,0.38701110663988203,0.05983860102471006,-3.3901550880123477
1028,3.534446161890049,-3.5259829154129534,-3.9892406267723644,3.4564070600769057,0.24534137392845645,0.2790289462896638,-3.1074348522765263,0.9425595754691933,-0.2744742724396829,3.267584072046546,-0.4855096360072704,-0.3427248867919275,-0.5935091568482065,1.5887712734757358,1.6650541391385367,-1.2341832337644032,-3.8540361834296526,2.4279031614275333,1.0753469942350478,0.9823451222267217,2.1208311979330148,-0.2349709399861437,-1.7616811337162286,-2.1818712406930203,-0.3555331043040546,-0.9647151466600263,5.64751969357825,0.0823837089682824,-1.0911955802015676,-3.3184595713807035
1029,-1.7657879820479518,-4.142266635294472,4.051501418687401,0.4299391934642216,0.6377932812768163,0.7888207239137746,3.301540817821902,-3.2360094433648,0.8235073332584975,-1.1093700605246628,0.51137615398346,-0.29104480117407405,0.26693751897760976,4.070489318922931,-0.7830834383484699,3.281921338344059,-3.381263908009119,-3.4550008298874495,5.737997134237055,0.3728375868904319,2.2470282919365268,-0.20495538679304204,-2.8274143261043694,-5.3254933001672455,-1.9082227014665882,-1.9325035209975354,2.589800957777527,-0.17973455164402008,3.7057195506798735,-2.275059734349089
1030,0.9284999006967283,0.9659261342470593,-0.3629795642264746,-3.7669390544253787,-0.21517362222964542,2.450666205937498,5.005157563345438,-0.06829967504175727,-1.2423737143193292,3.2444641884092817,-0.9083938441003321,-6.0305545182929805,3.5360410337013164,0.9095728481330703,0.3836482637137024,-1.2853845461051883,-1.4047848430473397,-2.1390927563959714,1.3011650474907768,-3.235523165801437,0.05741411241664096,-0.7342452003712223,0.6909108351177515,1.9202783711468783,-3.826701919106398,2.8355189723173986,1.258315554674759,-1.0379314826064108,-2.8638050806263387,3.6346039553471705
1031,-1.6393307757248277,-2.8652216211934842,3.1745116749889384,2.710079950267019,-0.945185400160033,-0.43485382817782536,5.793048929931622,-5.970600333298265,-0.18831654439031986,-2.772819655562948,-0.2942127045933196,3.4329003079135916,3.7362006546064954,1.3706065814337443,0.7487108865988397,0.18497675244972456,-3.6232597530742137,-2.4172351220150183,0.5230098302921142,-1.8932952024294067,-0.2838915937612949,0.21249963177164677,2.8347595202514313,-1.393082186125092,0.4574435127704781,4.444374639318504,0.24971358266771304,0.7307766598555414,-3.6926335492515268,-2.1896748453604964
1032,-3.4857817823995987,4.989624917127831,-0.9828255867354336,0.20333353287771416,0.4648610585391024,-1.189212139409829,4.144160031938654,-3.7479814846354884,-0.2560453178191944,-3.3404319037752384,-0.888322156697364,4.088620830989001,-2.4031253070072136,-3.7915264884150144,1.1576361036202059,1.701161711385378,2.7339331066638515,0.6019208737523449,-1.9106736755677787,-1.0173557603816068,-1.2483154605146876,-0.7831809300857717,2.1123715737453868,2.847154252803829,1.695030887211466,2.6401170901389754,-2.3927549782038753,0.9889979249780909,-2.639717540343643,-0.2916733837808234
1033,1.9534970078975284,3.5543342096906265,-3.19546052299183,-2.768405625698847,0.0990702441402278,0.35696468696209926,-0.48472721638493965,1.9252330486255609,-0.44843197133793744,-0.0026295407497531897,0.31961714055847423,-1.3090614607110638,1.7149460322634624,3.606940821236929,2.119506818880531,-1.4694916448083717,-3.6720826159397717,-2.2998194116332247,1.7008422515025785,1.657246410518237,-2.6285057823626925,-0.8703109387280863,0.8002759740839238,-0.6595479150145991,0.8994708941684557,-0.8526678230733324,0.18277290189607953,-0.4248054812069393,3.5617465281814376,-3.3665170199654817
1034,-3.021636982999132,-2.3821276139477767,-1.726586407344545,4.230255256524806,0.6304148287445175,2.269680919021935,-4.605985160666403,5.407567124104823,-1.1056067071011073,2.5749514720534172,0.26500700378031805,-2.5359337321707045,-3.091142814006064,-2.6189560300216055,2.335245241092622,2.8250302554867304,0.19732984812385013,0.3524934993240336,-0.32223410642949446,-1.6239184618570892,-0.9485416208114668,0.7896263712955172,-2.8447717476879433,4.949839565489835,-2.5521048724313147,2.1243118634517124,1.1805256787230896,-0.8812393307552577,-0.2304934797398719,0.35900014075187414
1035,0.22118900300462663,-2.5229641116904524,-1.5311088453322093,1.3942774528109823,0.6306310899062191,1.8079754113006246,-1.5073481648912512,2.193246731550474,0.7364211422859785,-2.4322946547432434,0.44765946400212897,0.5623154817962437,-3.440641626633756,2.0214111589431134,-3.157976334973714,1.6093385477368223,2.3228011732903546,0.6450670816367303,-4.213575459220085,1.015617556306493,3.3567401706164155,1.0048722732730653,-0.640920104295521,-0.5227344366810271,-2.6744545414132936,4.068410347760068,2.1683875419844334,0.250014649423135,-3.0811977456093445,-0.7311602521448002
1036,-2.094531582243855,1.7895545167285292,-1.7862504295621697,1.902432428410691,0.10267948561359486,0.08611558105301143,2.8045748084832987,2.0271545025835636,-1.1313997963403506,1.9720816538581083,-1.082298297258642,-4.590112871325662,2.728223654627847,-2.6495223258470197,3.368280889130343,-4.1492051360051985,-1.1585990975539495,1.8608220156475,3.823316017961229,-0.04884735995062428,-2.651113069314146,-0.06010883752213125,0.44436376847254344,-1.507610519647514,0.6502541932675499,-3.8518254424176135,1.3571889318653447,-0.30552763840829744,3.507732886318191,-1.35782293062495
1037,3.6633027832908915,-4.791236219139563,1.3892117098010814,1.8335525120735277,-0.7773664471508979,-1.3174643388752223,0.570032492890423,1.759378521184832,-0.6132582144056844,-1.4474752592953966,-0.04637727100954425,-0.22230026936435365,1.2416302403683694,-2.7413782224921643,3.6042188615455366,-0.4311652260966987,-0.9513168254996955,-0.7219888278258164,-1.959822564254381,2.9160409686216333,3.8603793399204847,0.1365290546896727,-0.8576147301788346,-4.0955120687992235,0.3336719163077255,-2.8020367991355144,4.891309290503216,-1.22778591663144,-0.7905545866748334,-0.4046039043689209
1038,-2.3606408587360157,1.954349716427533,2.1268380098932624,-4.20975923165437,0.7281272307808186,1.7610851332886046,-5.239597548823433,4.713563452018324,1.0874705215554439,0.8968860557711782,-0.5531651273904448,-0.9051573531308073,1.517937928701297,2.750884888531967,-3.4688825352598,0.42078881663644907,1.1703224231602682,-2.3910515217706543,-0.7904138153253122,2.5861681949599493,-1.4707253604118549,-0.9540462861711037,2.231736375934009,-1.6027191089863173,-2.4624736585994356,2.091723509328453,2.462058148666312,0.6344343473055272,0.7463949957050655,-3.472137342405695
1039,1.104938206207951,-2.5041681393411643,0.5689039199515555,3.661949544258608,-0.7458348687994674,-2.085788662277606,-0.3341435271026434,3.1237498639424217,-1.0845736730914077,1.0789245658436393,0.7205478572543047,-3.5045050868460415,0.4280435529614124,0.961919713671648,3.0378919657551045,1.2656141391830538,-2.6709708464640283,-3.0224985251076593,-0.7440560217110033,-0.26466058465770637,-0.7005024581598924,0.29084982307480534,1.3241603656174643,0.09420887583569737,-2.9468123479171098,2.667544990366366,-2.2724187967193714,0.0572504597181851,2.998112632749219,-0.5036769381970583
1040,0.1380661019935463,-2.5795697750832076,-1.6204957915310096,3.318389394825658,0.7278421825549399,0.015767887239935163,1.5457025683279113,3.003947876340739,0.9722842952151192,-2.999678771317365,-0.8760540529548777,-1.646201915611222,1.832453932073335,-0.8546496647294575,0.5731617467528309,-3.7443892887279535,1.7760698013657041,0.4173534732650328,4.505555984733846,-3.410320223741879,-1.7968965407166166,-0.11359408870430698,0.4758052389378591,0.3394496294904492,-3.2977522329982207,1.48983383232925,0.6025047527818437,0.19596607062746862,2.166976623570932,-1.1575290463110584
1041,-0.2157014501197203,3.019297365722327,-2.238728833898243,0.17746708199837258,0.681631960984574,-1.4239661246874586,2.8207614361679028,0.2658326150530783,1.169974451095193,0.8217335467111528,0.3219404718773182,-5.40024252090436,2.885054401233937,-2.506690639914197,-3.953914344269565,0.7918395843698498,-0.23746312925314328,3.0211741278326123,-1.032600616666791,-0.3532305283364945,-2.622299880219167,-0.8559985626102513,2.760626876682389,2.103502711149659,4.93753465185943,0.2830663596377896,-3.9847794373292906,-0.16238443583364948,-0.9841504213981569,-0.08928671693591639
1042,3.454735369557387,2.5614443929441393,-1.4965328043411574,-3.3293667364269517,0.7704517328566882,-1.9607319545902442,4.900558464268407,0.11931197225761991,-0.14339498286986885,-2.057326290099546,0.32242367835191654,-3.141572841908207,-1.879333515850492,2.723804056646131,-2.1157609661381347,2.7095629944502626,-1.120964989089293,-0.3173075800189924,-3.87724005129893,3.4204365557534686,1.9327414341716675,0.5017283210616306,2.813099110805183,-4.790765370493695,-3.675451136387146,1.3010176668214548,4.5529991354520725,0.832120316786586,-1.2007112881828377,-1.8099746944899309
1043,2.099498418485993,-2.5053948506765984,0.8412570363117986,0.6608540286498865,0.9646422521779932,-2.060856884949188,-1.7391049418451985,-2.0614432486167757,-0.6946016889632034,1.6332017605657931,-0.36782414888155834,3.229772267741282,-4.142735634687938,2.901809035208288,-2.3971049523252272,3.296257254695952,-1.6705294846904248,2.012303781798831,-2.482249913880814,-2.450436342055168,3.230079066728372,0.16576799304950374,2.330056403272085,-0.7932172071146901,-4.646458206345027,1.1738543597950972,0.1899649911225687,0.4104528915786929,2.361965177903027,0.5102207859458421
1044,0.03931281538550735,4.936984376477774,-2.845739057453038,-1.9504036431067817,-0.35556561389188324,0.1754111225883328,2.9689316972709534,0.6470533606036923,0.18618124840877748,-3.6418796732825562,0.12182085672877552,-0.28210748972930944,1.2956676573881651,-0.8148358375694329,0.5968131290684404,0.5826997915913132,-1.6432508238120356,-0.01709391666691218,-1.140091704694953,-0.22418321697252708,-3.799397466894554,-0.9698797167815076,1.8275560690566603,4.305996036286167,-2.6072283343055,-0.7060537099934017,1.6883905624027165,0.7316493327125011,-0.3556714524299629,1.2489136016138467
1045,-0.17610658475389585,-0.8912026639546404,-2.2135493420682977,2.2548123144326517,-0.33169385257976636,1.3577401289238527,1.100274737505373,1.672099781195243,-0.014390354065938915,-2.0322282175428654,-0.6894227354843121,-0.036333211607146865,-2.79374853376984,-0.9882675904311711,-0.6914434758851833,-0.4650937367652439,2.5873009184957283,2.351252418355287,1.6865004343074297,2.380944792322026,-0.7456501512903451,1.0524401588720949,-0.37821105829169355,-3.996024175920219,4.309837116920377,4.122481922339716,-1.528820217010022,-0.23904900623790315,-3.1405445821435496,-3.5239052338684207
1046,-2.970023673110216,2.650092127555933,-1.569571106218092,2.6284786716783657,0.024068601546057167,-0.7630446214521491,-1.9728215722582867,2.288285244581381,-0.5312927200475848,3.0155135721642914,-0.10982734721483922,-2.6898571772246314,2.6671607619286206,-0.9601306951268143,0.055825734032584506,-2.4531930365312107,1.045064139094368,-0.3547269033979674,-4.084588727901956,0.9849977105279688,-1.6765799181542107,0.3334933016205781,2.0907586638805444,2.3519189700263823,-2.208550093254672,-1.9115400268471525,0.24908700184225907,0.6077159333328002,3.701428992870486,-0.4381418079435093
1047,0.4830172333195559,3.376859953964736,-3.6339351175936336,2.0941697763581857,-0.00111053346041734,-2.319001312588539,2.86497019497482,1.7926505397494665,0.8505610006326307,-2.6396538048903135,0.1261079385988113,-2.994635869065089,2.678597047509406,-2.7718243362600976,-0.9205141169331661,-3.1138191667249107,1.402607143125735,2.7249534292826496,-4.932456076746728,2.508430423433758,0.9323241608593342,1.0817664215412641,-1.4763035820847534,1.8862386529964361,-1.7384663004804572,4.321526076618696,-5.737535491338065,1.2019870445775913,-1.437253050197942,3.3897417208203997
1048,3.3240817983087148,-3.512183580854302,3.8733359646241823,-0.49173587251861406,-0.8402313490084183,-2.3532669605516876,-0.3382343912454324,-2.7428506641396453,-0.5119032452842065,-1.8770981827104585,0.15606005296280223,5.314026430417254,-0.40963846538962656,0.6190039480948464,1.684163721157109,0.26453540552071075,-0.7206534269646063,-1.4374111824188187,3.443997632903244,0.27611654476600833,1.6002907299673552,-0.4045264334399974,-0.7472716992664754,-4.168606774930847,-3.3719142542311324,0.7074620473255209,1.8579439894980716,0.8196056382884516,-2.242064906135438,2.2289674852547705
1049,0.7025562238700509,1.7901882436797116,-5.790101040727318,2.4369667631550236,-0.7249944293736377,1.5853842393960509,5.206443539025962,-3.4257877591655834,1.1155437591124748,1.9221484034351732,0.5366665732298266,-5.355014515637556,2.9036364609301586,-0.2430345706633119,-0.8314497444630753,1.7796543746530276,-1.4080033674997434,-2.200803152957448,-3.1436488743654287,-3.2088086998832637,-0.3992922915886723,0.5911204937375505,0.8898620918224864,5.270767280276623,-2.285009959014335,3.4594229504615797,-1.2892445683004325,1.182969749281371,-2.9056737523089087,1.8375355798810098
1050,-1.3134725681056807,0.0779327071202296,2.471792644894034,-0.4345428572137209,0.46604365624564625,-1.26775358294063,-4.386151855394171,2.587491334499628,0.13132878696598116,-1.4989366097771448,-1.2327998056520255,4.399068149358072,-2.162830374319551,1.2939222768832899,2.2519327117973127,0.2403431645273706,-3.46849144648991,1.8451236676010865,-0.3800538279562602,-2.470981164267217,-0.8866256360462508,-0.24479947984227302,-0.3840330441557409,4.366493152267033,4.606497288155708,3.028493950185755,-6.021596839495604,-1.073902885626798,-1.0753618939030698,0.5358703806843259
1051,1.4277471130476158,-4.4856333429022825,1.738377463265234,3.5825598070464117,-0.7661021757004298,-1.4969488647566553,-2.2316540457761924,2.9932265889319076,-1.0405130025296812,2.4995870817520007,-1.0206376459008806,-1.2000089764767914,-3.177621623118254,2.466753007788622,0.15979863376849934,-3.609179217622863,1.201566327052472,2.9586828721310994,2.249465420192017,0.7529541554199586,0.31085290049390935,0.8094464165498731,0.31443229133502193,-4.437151183991471,-1.4183925803992423,0.8049473060805497,-1.6457742758812763,-0.30313538354374536,1.7711677582750696,0.7911871754689717
1052,0.005284411300600311,-2.7040796239967406,2.5640500281745453,2.8581907503842814,-0.8985619082596026,-1.8248836576032073,2.6352537489865036,5.221430531736509,-0.07343005352380239,-2.7606177595931154,-0.42699091871680217,-4.595645548888932,-0.685930801235461,-1.7528972167278098,-3.2130257156569613,2.265593829593392,1.990395012016478,1.3958648920099392,0.3199831887417517,0.7373032187261579,-1.1055253719977234,-0.6908571111781008,-2.484143511402877,3.2232395871100934,3.6401770056714575,-1.9212133237406839,0.3713714164225337,-0.8406555709148602,-1.1306856924172646,-0.11899383502084149
1053,-2.528075636357272,2.253991713792953,0.4009638900427106,1.096221350245667,-0.4388603408409386,-0.7842409768832397,-1.1882602118969814,-0.8999230853927891,-0.5707270538863041,2.707675550767668,-0.477414402323312,0.42864920273207474,0.8337972469348891,-2.9736285035217414,2.1070514854666165,1.4838039150782585,-2.896578175268667,1.445554031310234,-4.924164012449108,-0.2581953729423674,-0.9959344293456738,0.5098634289287522,1.454762612205684,4.213667773602033,3.3776879672859863,-1.8829194549146209,-0.07467791715901484,-0.2642399557722923,1.509033940293854,-2.664884579733556
1054,-3.4340220600739357,0.5816662902981591,-4.460749840189404,4.942925372788302,0.3357580194470602,2.034422217729727,-1.2887594681721808,1.4730170870784747,-0.6436253103433947,2.7945227105717514,-1.2411433186646397,-1.0940117004696752,1.3046297481937543,2.6741457457720337,1.365936860996893,-3.126397451733588,-2.0383111257392024,-0.18000377749030783,-2.9457318193396596,-0.31629535066939773,-1.421633282490749,-0.26549661429169724,-0.23147709237361447,5.180634159164413,4.397799648176168,-4.501087011818754,-1.9206834589256836,1.141122025203721,0.3782272631317696,0.5046215342331397
1055,-3.398023312582213,-3.2682112139343893,5.819937233696372,-0.9345501976162325,-0.3306906912435976,2.1115381816799665,-5.273979454896839,1.7112949822442438,0.7762715219042224,-3.1719212415227425,-0.05645062491914743,6.014784817190581,1.3873771903349557,-0.6813486273896601,-2.3887125185885587,0.47689894038052927,2.0128034136965667,-0.8070183984342751,3.297893212382821,1.1960710952718898,2.1358397386210903,-0.5555109594085179,-1.721843256051141,-4.352449830816838,3.7130610825676946,-2.146416989646955,0.5684627506547884,-0.807126566532478,-3.2449530539208276,1.9169727768781328
1056,-0.3530158392784468,-1.4129490352612883,1.6596561556180625,-1.8453149950092396,0.8580229629331613,1.0936007509976804,4.749533225965578,-0.6894885280345164,1.2020384090741958,-1.9302865953544295,0.9524692427889461,-4.284265754439463,-3.3364541294805363,-1.1593512660291498,2.289227023708861,3.8613640239064715,0.7522981204350145,-2.407083772541105,-5.938456015046587,3.1834064451138495,2.4515549119112983,-0.9096169295132777,3.2431604082806267,-2.030048820746618,4.639321137949565,-2.0976829643473174,-5.201734949536618,-1.0528181000028778,0.05969303750515387,3.6532218384324047
1057,1.9236843448986,-1.189691683180726,-4.710447293661293,4.626887322813083,0.20531853684791823,-0.8557512277176524,5.47291056476292,0.35191429796405416,-1.112461027097348,-3.1525403928483637,0.25545786743334276,-1.8152813102142993,-0.10689127669085252,-2.50502797194736,-1.416993620228519,0.9808419659680858,0.5811149445330805,2.466955958365098,5.996895725379581,2.2890174501334855,-1.6312027491034247,1.031967608613888,-1.867449135707881,-5.819228899316343,4.566435098853926,2.4097498567199302,-5.14109546233496,0.7750855977703841,-1.8463425616798226,-0.7638325293291519
1058,1.9306311666055507,-3.330356195373888,-5.744402022134821,4.225396162826264,0.9629187376597841,1.9558121504170831,-2.6736532934233033,5.680867535490897,-0.07508274995794739,1.9560176816372277,-0.7187207735207819,-4.1694284002257795,1.182307249314519,0.9226283544993237,2.5894381890551834,-1.389482107401177,-2.1844398398574096,-1.1204518456108747,1.9180703702209208,1.0236801193863538,-3.559016524372243,-0.25379014374539643,0.44472057188049874,0.4263356066291699,0.786841192587957,-2.0348469164163667,2.2701105808875326,-1.206233606580629,-0.6635776582214294,0.847706407743221
1059,-2.6072901426278055,1.4210715201227906,0.21688386693619321,-1.210391520624249,0.7129020238001709,1.4668242523928754,2.910439689298901,-0.7359209655222827,0.13155940205422922,2.6238728589977,0.3007797171491262,-5.230730701977361,-1.017673237341354,-1.400782697820457,-3.616700948739341,2.736618863031353,3.480444666455952,-0.1819066455865741,1.8361305872471014,-2.0794366060640925,1.3444278253713584,1.158130840006228,-0.3268325173390423,-1.9324201292222867,3.098366395177681,2.823623889825658,-4.75158925316439,0.45951481134185723,-2.823885062632028,1.1939692194514961
1060,1.5210654774877668,1.1869360508709477,-1.578060584523147,-1.0780059861982885,0.5605263189494156,-0.6124612765867035,-1.6043574848001647,6.134113743694943,0.8368777113268173,-2.507773708431511,0.04865958130746151,-2.9075198430971874,-1.6362710656285806,-2.9159146610259477,0.07531385971159565,1.6935416407996549,-0.39844900444333575,3.181779230586219,-0.6270341984894081,0.8224793206861971,-2.4254157734619497,-1.2317316397788725,2.9829051714576877,0.47879711958560733,-4.800379027965004,-2.5670055932100517,4.431252433285632,1.2191815001239394,1.061521182116632,0.6554295056491224
1061,0.07315266010317423,3.0206334745006878,2.285968834974998,-4.373771512118772,-0.9654430705282158,-0.04054038693187323,-2.77291759802549,4.627286835540296,-0.16745583601247915,-0.06361014584414271,-0.3494676502312233,-1.2738356054265871,-0.6973186590864344,-0.669172858356248,2.5857311466996897,0.9543462488514756,0.27056785483636503,-2.444153732945267,-1.6533112103662724,1.0791047480103568,0.5899088455564865,-0.29988397203674744,0.10439165162384967,0.17978993721159497,4.473932048088525,-4.267851168808999,2.0292378233747392,-0.6530447329235818,-1.768217169833246,0.18594320010284626
1062,0.986499602124784,1.85950233575549,-0.39516644626197106,-0.41367484002038424,-0.20363891886962016,-1.8335217327282756,5.033656486369942,-4.493259795509108,0.8848155052062054,-0.9535245395588188,-0.21386284336568462,-0.25782481314215033,1.7888937645561498,-1.720562801215534,1.1490493393236427,-1.2689781328529879,2.81133235112852,-2.759734520940185,-4.038871921204365,-3.4260570730550466,0.18001112574696876,0.09442569231554732,2.7380401370102305,4.452452039185914,-1.8140639936505991,0.3966952625601259,1.5369994985825706,0.2887134854297013,-0.9748901010802609,0.5665458481587748
1063,0.92213336118939,1.2298815607714495,-3.4702586465144662,2.312982217782892,-0.2018366336944999,-0.7929018595347586,-1.716730307209179,-2.4539796862235335,-0.8280482528030069,3.1170451937976473,0.6046779595877361,1.2770350928507312,-3.7674245828243347,1.7015623817403132,3.3823500483516327,-1.5539464781837005,-1.013193808828433,1.2506524397441439,-5.655671070776837,-0.36375945593636416,3.6652044786552125,-0.25678502407281556,-2.7261298738076505,5.337140945937676,0.841162497144019,-3.178343864006088,-1.1084613950611804,-0.3381232151521001,0.7186236216718545,3.065142355403829
1064,-1.0858572448517236,-1.7689874461305237,3.018257142265316,1.0352829224922893,0.8511079728173803,-2.0498033465927286,3.1249287044683847,1.6638279036751555,0.7295928344865343,-1.422178606883632,-1.0758128816433943,-3.0203579541026535,-3.48116268352001,1.585316420262167,-0.3042859169605947,3.816296051686116,-1.3783346872157978,-0.23782918425224153,4.714969840931548,0.32096583524633004,-3.0246538017462807,0.6783998130417732,2.5891481419934674,-5.278829829467597,-4.7920670845445965,2.6636851704770272,1.5203828166529725,-0.8916619663014984,3.7237480354167936,-2.2240869717003573
1065,1.9371675974000837,-4.946640524012565,3.6974580988928807,0.8392243677930225,-0.9177817770887817,-0.6094277629846232,3.336033201912489,-1.767604652817191,0.47865721133601724,-2.4596118966792293,-0.26927234142865775,0.6817984776769741,-3.813631723346756,0.8371958995919329,-1.157018508060105,0.19199517248234343,1.5693256357913796,2.3721335235408603,-4.853611031675079,-1.7956386253637682,0.49075276434018633,-0.03932060369603274,0.6725218491125116,5.525295647281425,3.1664145995025486,-3.535859377693072,-2.1430275016759808,-0.6045912944763705,2.3502943793341977,0.7667691950090312
1066,-3.094138614400002,5.016391891578515,-3.1725132769815154,-0.5387867435409497,-0.2953552725348525,2.0844020158788172,0.8690379068422338,2.1549735346245953,0.34157350007721465,-2.5648562078996484,0.7867742145080321,-1.5875029481520428,-1.1384841265688248,3.4958911235058885,3.801250918526602,0.4677680936373463,-2.961310430453624,-3.665115578647754,-3.2476522381264417,1.6145340776914932,-1.6603407604620788,-0.6968573476004583,-0.8708737724432396,4.861190040939974,-3.12752465808601,0.872054840235414,0.19497836967576276,0.7400474415859382,2.2381424593379506,-0.9176984527487235
1067,-0.7927917325925868,-4.944994113010292,3.5220529021181157,2.6526052912531526,0.548600965252898,-0.9854733130212914,-4.532701915980908,0.4075850215908723,-0.8284560230441613,3.432972112703631,-0.5964372748598903,2.117038079590845,2.141120230529193,1.7682053139305616,-3.6594807003949548,-3.5064864002202043,1.7628975466092136,1.4937440095457788,-1.2025365487706097,0.4269429960006317,-3.4966062034910497,0.03708468185320157,0.9372883688149045,3.2978267055921577,-0.4156862739664753,0.26513828555490804,2.9415983339887504,0.2854148088968529,-3.4444718870031057,0.3680067325294214
1068,-1.1173055873830648,-2.132091594991504,3.6983149237025117,2.583392143705961,-0.6005218035801492,-2.431788081453792,4.86987875954982,-5.359979986904694,1.1113993951674175,2.7185772320614277,1.219709713831218,-4.5595851137047845,1.0971853311914757,-3.393779766118243,-3.997422366374666,3.210663451854593,1.3117675799807316,1.7715857694657018,-2.6097078661312096,3.244007834975257,-0.9703843567959733,-0.6576163305804217,0.07182395839918776,0.9218767601323989,3.194898778823294,-1.9603452272765693,-1.9631549344715538,-0.5750413027206225,-0.6440914024519078,1.9477340880977003
1069,-0.6602633511660283,-4.545561104445973,4.4909389816768375,2.109037218384824,0.5816662531104835,-1.9758179975602115,2.518998432369557,-3.928606550730237,-0.28597411718443766,-0.9963792915230716,-0.1304228214350207,2.822384348503597,3.8042626503803447,-0.7405971224531065,2.6374121483453266,-2.3908576577074268,-0.6886985718067535,-2.621521446758754,5.191928449365097,-1.1500454217250038,-0.7603960637181224,-0.5145848701172158,-1.621897026942971,-1.1450050668625273,1.3324890723036305,-4.185900108394428,4.701529187818835,-0.5750339849226558,1.4202322776339322,-2.69331644443899
1070,2.527336680793958,-1.8745352088202232,0.9191524518972152,-0.46762440017635853,0.6377880754186065,-1.7421175991132554,-0.20793174609227805,5.950044622370477,-0.7552849691015275,0.5636337374599822,-0.4828078611551323,-5.067653783481134,-2.5426187085001253,2.0290376906188925,2.903203225011815,0.27246239145094364,0.14058785731119627,-2.802672455893111,-4.258354767048072,-1.383399431109865,0.20279063703561562,-1.0107407187325808,0.5096980996644422,5.9400061801897195,3.397087435503977,1.5892979000361116,-0.7969804890768124,1.1643610206036215,-3.4776651315615545,-1.8761007355050339
1071,-1.3153709149299218,0.6861200441710942,-4.431064513445051,3.3359455512319585,-0.23155122217856428,1.9559210551504211,0.7407411554072105,-6.189279082226431,-0.3732495272569212,3.557348971316678,0.26743884756221536,1.9969996351976214,0.7552453092528779,1.613749811425997,0.7558614399502019,-1.7795599918740628,-1.8256124723565978,0.48031590360118237,-3.9175398305538423,3.107494692602959,-1.004576599741565,-0.5582967052003296,-2.618931190335646,4.991849633227659,1.3214831212156355,-4.611838573837707,5.771732525756416,-1.2154095768626672,-1.6500973939041366,0.3841298976327536
1072,2.7126538857384404,0.7643795665074684,-5.092008225334812,-0.7569069920758444,0.5006571472445058,1.8712246179201681,-5.58801801897129,4.552785017785048,0.8110045268689419,-2.9853895048760037,-0.6656692681780925,3.8752872473717836,2.1063938962967974,2.7320680723722255,-2.6730038344422873,3.0709188782712644,-1.5111345019908224,-3.7252425105075453,1.7464440883940888,-0.8274405381259591,3.022040120868823,-1.1437451314757436,-0.6171486370152746,-2.1801499026467397,-2.828683337217001,3.7615166702280156,0.6234107029489913,-0.9898710710744041,1.0711647773397885,-1.637537742225101
1073,3.5014359781147952,-0.1279642148234288,0.04954599901088841,-2.547611587209328,-0.19408623300903893,-0.6813199420839631,-3.8767812628794474,1.4186173754684326,-0.567041777075092,2.4273076598912304,0.7063438487680731,-0.10844584417277048,2.2575785178209067,-0.6026002370016954,-4.126124377714069,3.2373295542865,-0.6060276247799123,-0.16015583261206245,0.8286159138049207,1.295842887526689,-0.24283184321341444,-0.5720723012013247,-0.08359268546092835,-1.2259619714567727,0.8420553210238175,0.6611223375885764,-5.974511802742153,-0.5739813049432865,3.696129861126444,1.3491855879469092
1074,1.3428592989487385,-1.0513411982479823,-0.31793862741733747,-0.07795429815347177,0.8571074010496642,-0.7527325761796835,4.529432622225492,0.8344871543154255,-1.0353990798136974,2.027321415860065,-1.210173145126796,-5.145668967460043,4.197056644378364,-3.3476998996663134,-1.2454818538897676,3.2318486654724374,-0.628703507984941,-2.207020048310115,-4.82655062543963,2.040745703988712,-1.5211502858911992,-0.6921503944607554,3.196661320639002,1.802444281163016,-1.653345346337943,-2.2730566037262783,3.704650668494697,0.38781472452702737,0.442371146530661,-0.608434589487814
1075,-0.5506815182792195,-3.4051028714950746,-1.512500548453044,5.070424631413463,0.974403240675632,-0.5765429338618038,5.559429383262522,1.4695310996318582,-1.0991885428259134,-2.6574271790143538,-0.11241931153042461,-3.1599254495232856,-1.5997230905194346,2.7313406592682057,0.1283365688219682,2.0367703525421277,-2.603040832650379,-0.6936836574628202,-4.443455628168117,3.4988434536224524,1.275624109715448,-0.6997879987341733,-0.3346465813426125,0.7034226449061265,2.0980011745308573,-0.5610374040081183,1.8324062457709651,-0.8088225386613912,-0.8108383241819297,-1.749709153450004
1076,0.3361157398683705,2.9902108684057396,-0.04492099618218148,-3.194985133169112,0.06065156262753524,-0.14707204155041254,5.28896494830218,2.2644709752091714,0.6709604625436292,-2.7973980071051425,0.5988374184866068,-6.02583579743597,0.12988862435055992,2.350545918295431,-2.6051549569886348,2.160396594269887,0.3709901169642009,-2.40666629689178,-1.7496933298951092,-1.8444309751006447,-0.862720292024294,-0.03455764547147577,-0.5199741635619848,5.011376406052634,3.6356112925145823,-3.1879638596061604,-0.2807091342993644,0.7950438965325919,-0.5562274176879445,-0.4057547774533088
1077,1.3818774930646036,1.9703012654315621,-4.593170536071039,0.8584313115040842,-0.05080623339827417,0.4333666994689853,-1.6707945461747755,-0.09677512869576077,0.3482130389886997,1.312250338907834,0.8503930533629083,-0.74328675638845,0.29342077972119185,0.41411155468047056,1.7643503929622,0.6984001295402464,-1.0071448396853313,-2.163138017219124,-1.3718682576554286,-3.2099919506707177,-0.7458575370979457,0.32107471619398,0.13108211205115516,4.875560917178092,-0.5430703282499358,3.585797090518337,-0.25538505426567326,-1.0776494636649638,-1.070690777295244,-0.6390014670421156
1078,1.4216664171645306,2.899306595885726,-0.7718829344422637,-4.311794153848435,-0.38899562310438496,1.1516996983447587,0.8006045679246725,-4.664830146031001,-1.0338006412481318,-2.096198771380042,0.8729251007586392,6.121299889976289,-1.6606904620576284,1.6293119749503475,4.175117852520504,-0.5978489729063625,-3.872858338894206,0.32696794638699345,2.772903824472902,1.0346836538347155,0.2190458787997649,-0.17959292521188264,-0.3973609053843088,-3.4496795265120923,-3.3355150783906353,1.7571963486566347,3.6747456931830484,-0.6531598315392557,1.2681906839477968,-2.7114578158571607
1079,-2.5859084427057013,2.4914784505021395,6.183922855953096,-5.9939321994616535,-0.7028277941606766,0.6072671298727617,0.2949758397122437,-2.096905466081548,-1.1834414743410258,-0.6394032007196575,0.826589246259898,2.7981850551705243,1.0699064298747203,0.4873102404218521,3.8715634109746446,-2.9394215403613924,-1.4356890076257258,-1.0536695332844452,-3.919157782497283,-3.1214510228811907,1.3202141880772942,0.583806776278319,3.0334822809687587,2.1031055600532227,-1.8923705200045013,2.069836626302891,1.9548302154073909,1.0583611925635896,-2.75889596845343,-0.4317615458155224
1080,-2.539540136490462,1.145329516055991,5.622062948243123,-2.0381636139936674,0.15882194004445793,-2.3485106538594467,-2.18696374469679,3.2826282209660214,-0.8925328492168196,3.7404165084858114,0.39190190160814886,-4.335450037145932,-1.314422089819594,2.857707438240631,1.5273297583521988,-0.3196016052017008,-1.9281012052555475,-0.822912296316332,-3.925043231856872,-0.9472239595405156,-1.6257235366340925,-0.21974683705977682,1.765746146729363,4.9519914183610005,-4.453855371359552,4.118642706820225,2.8091909716589143,-0.516240491745176,-2.3145873379622,0.356849522588206
1081,-1.2928874135080903,3.8407467886489606,-5.019196917494206,4.050631113991788,-0.1271726839891223,-1.4521208876493485,0.5225337897402831,-2.0132748642959406,0.38002852327035264,-1.378223398789622,0.9808379117113954,1.5080980383639577,3.7253557267156125,-3.836366022870969,-1.9947565315053417,1.8233838609446593,2.8094858444358835,-2.5271028777201447,1.0291589091404703,-2.6298534880366304,0.949655604946269,0.02392184653440399,0.3470979078111487,0.2800192196034246,4.287345574780044,-4.152714465107726,-5.628562257697226,0.8177888363604842,3.4801860253044374,1.195956286360392
1082,-2.4790672621694654,-2.005889636567872,-0.02229814094316751,6.2337745777274876,-0.05979504861861451,-1.6667244894283968,-0.9282958546425633,-2.6184696949148965,0.4554822776738616,3.428659164344136,-0.3965148982728648,0.05913900581273879,3.3116970606118272,2.179877029644068,-3.5853636652190453,-2.5969776607010946,-2.732496197417282,3.4232634330812495,3.5342115880548945,-1.402584628208345,-3.2261698813738153,-0.6380878565531543,1.32683272344007,0.4057980546394546,-0.6366079704151311,-1.0278752095434314,5.240915798940122,1.1617208175895843,-3.2222344051291074,-1.515919031441646
1083,-3.607336498826644,2.1743813298419177,-0.19651749237465665,4.1991745168075205,-0.5715271383133409,-1.9981747171348303,-3.7491875962568493,-0.7240614311779687,0.7847078585223981,-0.7286324980198788,-0.4497791159799682,4.86695278291263,-0.13295607688752042,-3.365279585537845,-0.5646056741284902,3.69454390036811,4.074393194187593,-3.7060957580021103,-4.460168523407674,-1.0053775685300241,1.1138115630608674,-0.609447313157192,-0.11267812025050894,5.073859962283656,-1.6982362804972766,-0.09374385081443748,5.2586493138043835,-0.004009667116550375,0.10468356369581144,-3.567343079071531
1084,-2.5567066479518203,-2.6377047639587374,3.0925672636234793,2.8121309909860983,-0.9205405548288592,0.2102537121298056,2.800693962974627,-3.2228305614945576,-1.1635502998974716,-0.3902873665891313,-0.5088774188970238,2.484851683903898,1.6033817189288975,3.999243792710338,-3.806568550985576,0.5350830621180904,-3.3246849737757316,0.9935449510036758,-4.271320154880929,-1.4892829698754255,-0.15763167708078107,0.29531870842717556,0.9052918085072985,4.717624284901799,2.3157805635427984,-4.079004246108001,-0.5134772708579689,0.3208885299219437,-0.8696733104854513,2.825485733987083
1085,-3.3112827693636557,4.92636098987235,-5.895546858436166,5.275957449347995,-0.6674115514801997,-0.32807725994035053,4.032508920213175,-4.279101605352594,-0.28958979652654815,-1.8247581191385471,0.16864923920663788,2.192291361598187,0.23498783037690174,0.35593992530228036,0.6344976877907094,-3.7275256205658227,0.5247829150443337,1.977317262051283,0.7097127629267383,-0.10222598513104764,-1.9158267159027371,-0.7181634021077432,1.932767498208369,0.09373584200556451,0.334268082561227,0.10369057604073362,-4.706049269453434,0.988957719452344,1.01374012227852,2.265392769121032
1086,-2.6829345051031854,5.6906657224107775,1.1100020534839778,-1.998125405948059,-0.8174302598736751,-1.3021776049698772,-3.2301737148107463,4.795245051204827,0.06871501482521847,1.304356875922732,-0.7787624785003384,-2.1593807486413823,-2.7856675570579394,3.606890107838556,-1.460364803781495,-2.1350562084360103,2.155586109686176,0.6186123517503663,2.931934631489355,-3.3623922790176017,-3.5461547056809852,-0.37309555349322565,1.9949134395784593,2.3547944671231136,0.7078483217991547,3.2902220558945103,-1.3901070051457296,-0.19265969535716554,-1.2481362788430843,-1.1671673983472743
1087,1.9822125383526874,3.187861155084626,-6.029279841643945,0.9976994495544709,-0.29967750177189334,0.16118420042406356,0.9382142059869274,-0.9349588515901814,-0.11051620516303551,3.010144669018988,0.927024777288298,-3.829908595540683,2.5699575491301765,3.108123923884527,-2.9502781618526086,-3.327433417330413,0.7961772231037401,-0.19654711693575067,-2.950506534620356,-0.8790258038011753,3.6765213999497135,-1.2127943716682723,1.9622141297070907,-0.596408819567877,3.677322246181369,-2.07349221263582,-5.442568187508591,-0.9050121999392848,1.5059127411322173,3.23783761277053
1088,-2.608795996273905,3.8882592984984115,-1.2176594639033738,1.0409742202320587,0.6684790557100051,-1.7712571142631912,-0.15021927123390455,3.082878124259583,-0.5118239642538791,-0.016581753566192958,0.6625715227490412,-3.0668246579543172,-0.0352321657406911,-0.4128979311475156,-0.3442216148222528,-2.8599152719378953,0.5976781810295613,3.0545888026184436,-0.06690428536941795,3.3022432989703567,-0.045943296836151504,-0.5758771839368535,2.0707226054902623,-4.684241138319081,0.4377031521439818,-3.825228980037899,-2.0298001352229953,0.16941389438328347,3.7446741022888475,1.5032379664452051
1089,0.7201071732930853,-4.678718085401634,1.7247220101418534,4.04668462050185,-0.504656272969477,-1.3081394455657112,1.6859028610734725,-3.8367913634496524,0.244393338753925,-2.2806945903972284,0.37598320889934467,3.8112065451204664,-0.5633188638006743,0.9915474751446283,0.7597788313708911,2.6834267506901206,-3.891736780544665,0.020302587139330086,1.064617111760672,1.374660734826433,0.2867569456933623,-0.3318371535077551,1.4508992596992822,-3.8450968984728675,-1.1304553734411371,4.781062590144444,-3.381461551027339,-0.6721057679415532,-3.203617250331183,3.606577352597167
1090,-3.3101847778062794,-1.2119261515738167,5.218875508530033,-1.8498414637465928,0.9410075541459899,0.21206933045063003,4.29229208992345,-3.0087151439551185,0.05187147716053264,0.08757440017162388,0.2713772347497203,-1.6944000580498688,2.824313163613759,-1.7682415555037192,-0.7443482645355886,1.5610514964375461,1.855945594652475,-3.7287204346648792,5.799343919394985,-1.1226196023841375,1.5070495237405872,-1.1996774511810155,-2.4380091471092236,-2.546087242462036,1.5371053280632054,-4.091787179568625,3.716263925162483,0.3469698184592023,1.946833160172833,-3.45538505228871
1091,-1.3855239793419507,-0.904531611133006,3.9244547744568834,-3.789125405029779,0.9435217074358491,1.2112045136119622,-3.9702564393890682,3.646916300328865,-0.37445711693078554,-2.502913114275172,0.7104857335493353,2.490224636717141,3.972809344287249,1.7653021663858866,-1.0918295038523311,-2.315749444360865,-2.734177268910564,0.403644706450244,5.516745916388622,-0.2873767784759895,0.9499278278057126,0.33102233464520925,-3.2104313304542753,-3.2998879699101025,1.5489145664492376,-2.248372652380695,6.095159002927964,-0.6622684687253146,-2.9279174426488144,-1.8055150056219809
1092,-0.34854198714306683,5.236451193695935,-3.1627355029071147,-2.7580465235952865,-0.7360063012203635,1.768879121169828,1.748345869300735,4.716678361488729,0.3549874783148015,-3.314248715608324,0.4419827482168781,-3.9477457417125237,-0.41075634668315075,1.4950254035827264,2.838076143372618,-2.3621838308397702,0.837395998792676,-2.3975573682254847,-2.280712305907553,2.0174046538201225,0.7666681660458607,-0.4628233492436662,2.577463541606031,-2.618000706321613,-4.325925056782774,2.2993422970820703,-0.11696662680261483,-0.4349768041740587,0.3192251047972281,2.2593010858805194
1093,-1.1010673244977855,1.1970226911437791,3.5546849662111555,-4.449145797206036,-0.9155213945039131,1.7140268588527352,-5.509522888302264,-2.8885531375809776,-0.9241710044978637,3.5847934821360425,-0.4808616502579808,6.218315198503362,3.697619996625697,-3.6942781965044595,0.18932110040071137,1.8718770533393574,0.6847418083453007,-2.7492817622070174,4.023663650781835,-0.6757956476112366,-3.1787418468866413,-0.7336264930311653,2.384945702020758,-1.8204453652743844,4.580876065807427,3.8251888008140966,-5.642126897366865,-0.9597599896368214,1.383804368213255,-3.187982347830726
1094,1.9461101772839022,-3.569208674357167,-0.8140098525841317,5.304525239797439,-0.9892431420230554,-1.8781737481170548,-0.8680527589079858,-1.0514149350024695,0.12255552450421536,3.600765085036791,-0.11423092517958633,-1.6896219904506466,2.5141254822116323,1.710716290350451,-3.6737932777331057,-4.126537225640771,0.7670256417402221,2.8084630890711786,1.9618080366402744,2.002579446951678,-0.32385359053450813,-0.15983993423780696,0.268627509381238,-3.7493214682016998,0.9888842635917605,-3.5244578925582353,5.279064023172797,0.5755772693953789,-2.486622307305902,-0.8324453562954357
1095,3.1672850425903043,-0.883687365776197,2.403081828607821,-2.8961823156853796,-0.4123758415428316,-1.3781213481937957,-3.3834428057859007,-5.315280150157534,0.08426399542627827,2.508667400591026,1.0497041277802674,5.056087432146121,-1.3026281537607574,-1.7649905055027428,3.1071101746060954,1.0287500065763915,0.10964321799938404,-1.1778847399187562,-4.044910948439643,-0.03423087791214208,-3.7085843640802683,-0.3913838556110312,2.4700765672247087,5.7090334788175525,-4.515864113901639,3.0158608230443313,5.250380495680815,0.7370298027098023,-2.7848394748323813,-1.7025675327005754
1096,-3.112388632028223,5.338166029399243,-1.4410204481026483,-1.7282265783197062,-0.023315412630959154,0.9667850416822272,4.81003824410249,-5.0088946271650165,0.10012731833694044,0.4250286727102264,0.8812516785840154,-1.2075512865684246,3.370371215387614,-4.216801000923899,-1.8954512429402808,-2.833885517762459,4.023511181426507,1.5522553648121011,4.516333515929048,-1.4265388186708083,1.7331934626333094,0.6632225834215015,-1.497942777882571,-3.9882679654313122,1.0498691175643913,0.22991649512256984,-4.618381166442401,0.35461078356420206,2.9970984150269757,-0.013113644835382132
1097,-1.4889751173745545,4.4412455474898245,1.7965516006893019,-5.075903648252428,-0.07822420709412414,0.4053058245419283,-2.4712022900223474,5.475130239223695,0.8538623606096047,0.9384082037853503,-1.0475254042559436,-3.7486731093401495,-0.47486356127632234,-0.22781691495910295,1.4402987827260851,0.37263043170749555,1.6572365015917718,-2.7674852397903393,0.07801919536666446,-0.9481465479377071,3.0623106524299004,0.1011068719600674,-0.1293411295659901,-2.1639490422537833,-1.8933523688414944,-4.4427716631995136,4.156563993296462,-0.9291042938876082,1.3025671784685642,1.8060971541639468
1098,1.9185103950589664,3.0664939566671023,-5.450977047896419,1.4125480737144507,0.285839763851798,-1.2324151413959505,1.6385312533868728,-3.0292276544654193,1.1782892817747026,2.8655508424867584,-0.06564748411679755,-2.587496239065917,-0.10709525934523612,-3.627041892915436,3.6712856055745107,4.225888784701933,-3.4799035952617334,-0.6831336427544379,-1.9429084713000648,-2.200912730402626,3.4487346606653944,0.3654968705727075,-1.136292583708471,1.4658822541722039,-4.46710556417754,-4.8830498142694285,4.317636515548788,0.44553420650628883,0.8888056171241292,3.6981790392681226
1099,-1.9693371585584387,-4.758504904215762,5.450902767571549,0.15114866426132423,0.06239735246987754,1.0633932784714073,1.4996984826976458,-4.579472557645651,-0.200782587173439,3.3143488330031943,0.4050405248379123,-0.43883269571947636,-0.4616141605331343,-0.2903766484248784,1.6548644717234318,-0.5799117720202105,-3.7174883867056483,3.394526495960072,3.5083762162461127,2.871703661623865,-3.8612066035572763,-0.4285827905232358,1.9598908295628643,-4.050181313353168,-4.716587461554859,3.6982665942032753,0.9081159034314794,0.7658298872383043,-2.2892804605744956,1.633655537256665
1100,1.8156783312188018,2.233627898050962,-4.247938607668299,1.9241563602658758,-0.04756155457467437,-1.6779624272927105,-5.674533312083618,2.462363885383578,0.005537293963689294,3.542173686484677,0.5977304538533907,-0.933272007601559,-1.5854801524821855,1.1113290686735127,-1.1511225273994778,-1.7347329491498087,1.2622774293388055,2.0977291310188058,0.39893287711866066,-1.1778895921754042,1.0977277037337991,0.1711013449885641,-1.6288390346788866,1.1389667010124676,-1.3721009957649848,-2.7481347368976046,3.6208811805449557,0.5793219000829737,3.2470207663923,-3.32698811435724
1101,-1.1318976063463548,-2.6883416636103057,2.207115465250272,-0.3489582209446276,-0.5123906749915121,2.4744727006425116,-0.5107338792334382,-0.7090456451890716,-1.0675045744926859,-0.44341805856866046,-0.18726537808717936,2.917967535571197,-1.308811287765728,0.2554102407301322,4.081740359961039,-1.7551594082563557,2.3774069283480976,-3.6505868330175684,3.330601565757412,-1.9433800438721196,-3.490584750838801,-1.0272746948161862,2.023539694451957,1.1070982293169394,4.326226519523178,-0.4608878134960719,-6.200586204377746,-0.8478477722432309,1.284273279437084,1.8988219911572024
1102,2.0055888609035506,-0.10721269716493254,-0.055225324870935566,-0.42063350329574334,-0.03768609369491749,-1.384831241877027,-1.0904783991110065,1.1126500064430438,-1.0306968414591573,-1.7037088405723289,0.09796795234354327,2.6142661223560744,1.9175311454346513,2.3297882661966156,0.26505417562609423,-2.5595636870104848,0.08325522013587516,-2.0360651203831033,3.8206699233045676,-0.38766801800807826,-1.6503653720877196,0.5436042953767855,-0.1674320953001942,-2.1588087332861825,-2.2899492432099358,-1.7742139213306878,1.5875658008192168,0.40728429706836966,2.5214296871103343,-0.45211662045686474
1103,2.34887105709808,-0.36180964534792537,2.3684514972560784,-5.0950815170999135,-0.5954913871577765,1.3350599952514344,0.9080138054569709,-4.343818680410731,-1.0907149341578206,-1.7419991774857806,0.8878368104585839,5.38068217613894,-1.0036848016684132,1.1525864326370474,-1.1915256287813616,1.1086628786163644,-0.7560201684186687,0.6899812876147191,1.648198732699825,0.44717944896716944,-3.5992474903967704,0.4247834187193016,-0.012815199412393952,1.0919010894220484,-0.5653348053329026,1.8822956243396796,-3.6404511048059724,1.113486426697186,-2.3154158154185414,3.5254196745210074
1104,2.543453107768549,3.124278711766472,-5.837135090794625,0.27042170911614605,-0.19235862970195972,0.09134019184539177,1.43751451782612,-2.0949469256359947,0.338242301596102,-1.268065024771909,0.5312685064112719,1.0559866245745688,-2.0602629036836326,-0.686881946702858,1.9283592923022788,2.0163716362095876,-1.6174616410563374,0.4198755629306721,3.2937507520984255,0.4947073888292248,-2.0470677709652882,-0.5440327464535901,2.736448609421883,-3.933806232931545,-1.1698601306274838,-0.3491618686840745,-1.2849517028118598,0.3847146366380825,2.547003758048028,-0.12774469256221366
1105,-0.9004400714507117,3.2563643374561906,3.870786996434056,-6.096597375149024,-0.44473564467995264,0.3146217573894283,2.6639814807104685,-0.6989834728460593,-0.18579494810184283,-1.2797338335891446,0.840226371895799,-1.3396955980690954,4.133636628675799,-4.035354385201929,2.1225956172653078,-1.763003023037502,-3.0054960028739206,2.547621165171911,2.18366841391812,-0.06424847411052426,-3.7719102813073704,0.8171625272149647,3.222759751933932,-2.3874319376500495,-1.002342609495713,-2.358605354413573,-0.20980321369755117,0.654077907252983,0.1193848832324953,2.79728838712186
1106,-0.13751807587297016,0.5828783977935856,-2.5120955756093224,2.603919585498293,-0.002820583170668911,-0.5343637486389152,1.9432440265251927,3.678410330201718,0.6189862938099253,-3.011684884565927,0.813521871077187,-4.0424776370479805,-3.905540828555221,1.3641178577885391,1.1832448806795064,0.9011654800155355,2.7684246821358265,-2.31141207206449,0.41241475700082475,-2.9631849734377163,-2.4776645013797687,1.243469026415271,-1.466085995652728,5.251051687053206,-0.3095971717258088,2.4831939840624457,-3.70220457066031,0.27873247802821943,1.304792584862689,-0.054917304566721725
1107,3.539709118333306,4.181920028949406,-5.423692687923232,-4.128480580013971,0.6236684725461985,1.206875648108257,-2.0408794789300764,-1.3532508179996263,1.2199824842367075,3.3906992853951614,-0.1921299933487539,-1.0244214793532542,1.8450990854247813,3.271417248270339,-0.4323923355720325,-2.4603678155685884,0.24254501276011453,-2.4663011953149017,1.3327183815229802,-0.2764241545125934,2.339791594845728,-0.02910402161475556,-1.0428016503875508,-2.3241801498547225,-1.8672344615166452,2.711549140294391,-1.0748041925883882,0.08035727423796857,-3.5301813227349843,3.680313562308175
1108,-1.517152448937697,-2.3322557129094363,0.2884015080881177,4.6339514890418485,-0.5145164273324729,-0.5584284079503856,1.329397206891091,4.648531377205398,-0.6520013901085262,-2.566170581988475,0.7033306980526728,-3.463087310052014,3.9201276172728825,-1.8841127452435522,-0.3519297877154841,-1.7562769485270877,2.8760803715801977,-2.803888507367189,-2.8025424853551684,2.8964933518989397,-0.926354320193612,-1.107050801780583,0.41879700502226846,1.5206572504072398,-1.152697884715586,0.19173564144242405,0.4595302922416735,0.14447846591502156,-1.8976716217295575,2.2546251068465146
1109,2.245411321835981,-4.9947709946586265,5.520324672588352,-1.802707225451055,0.5357894303312056,-1.5040472046458664,-4.798730500702167,0.10788573181286765,0.15972653854889796,-0.5098656412928655,-1.1010353397145582,6.142019211347996,-1.9903288153114431,-0.6664011323388088,1.606747218071149,3.8781673963789807,-2.887877938459006,0.05969327165889382,-0.7603313824399223,-0.8215116645121228,1.8108932498479113,-0.24764194513591242,-2.3467385503762763,2.3653302926154183,-1.4513731771094172,-0.08352826361265642,1.6641950303597142,0.3497165413843817,0.03899365774323904,-0.518003788764748
1110,1.0062418289891575,-5.242049766435933,2.9306202566647777,0.460621738921283,0.4949225902287848,0.34964335163190974,2.2030185821678003,1.914265775416741,-0.38603627784890815,0.4690742755874773,0.46787681896924305,-4.668199174292223,-1.8985684326732617,-0.32600418520420504,2.571831170148588,-2.683835219658441,1.5233043277618776,0.8132723396252395,-4.291139991422575,-1.3765661722670242,3.1766096104297326,-1.0422416396595233,2.6994997376170318,0.8338384553014677,-3.9862114472486887,4.194816675740359,1.9824699401698318,-0.672348583145844,0.5765379975609086,-2.0952645830760606
1111,0.08732527512379562,-0.746051962268659,-1.747253142117735,2.96798066030102,0.6992393688962935,-1.261240199934699,1.8187831701818098,-6.107824869986597,-0.9672634042846591,1.532948748291517,0.25230218420437467,3.4710541715936927,-2.506920470346687,3.209558801882583,3.6958869264071446,-3.019992278119899,2.1206945525613463,-3.499227532384671,4.716183012995334,-0.3552318876273475,-2.196056984912383,0.6617611659573095,-2.9533941367978684,0.12673883038403844,-4.828308048964585,-1.9933054397595313,3.2912075340314146,-0.4655678150970868,2.75945649953783,1.236517270252488
1112,-3.1938484402061054,-1.8281542931391144,1.5665433967032492,2.3244509343995183,0.25548826647889955,0.8755201357635549,2.2981665216525435,-5.040211031840332,0.9549570907125942,-1.8058583520941376,0.2408686667042348,3.352077104865227,-2.0047609784360603,3.4052497740891994,-3.7088713261268076,3.6561609119742577,-3.610130770329839,2.262352388829097,0.8329160966691305,-0.8870005454424756,2.871423363118737,0.8875584313317617,2.9608505006211754,-6.665747846299222,-0.9086615904978217,-3.6210917648582104,1.179698842611021,0.3385728901771259,3.3647222880676075,-0.3532406654991789
1113,3.348288827110032,3.1966555345072365,-3.6052016582516977,-3.725393208043645,-0.033770812734901456,0.8194213174129406,-2.262243912982246,-1.758335689693027,0.2608949394573763,-0.6613210323549819,-0.07888997834814582,4.49989567392117,-2.016405932962268,-1.7217841453531957,3.9195627446712393,-4.218524419446281,0.9429429149862258,3.094208838104109,-0.9130851198497574,-2.506962392021311,1.9680280648639155,-0.3799356023865661,-2.694194126214253,4.526149175607099,-3.7345985788637535,4.2008606388713545,-0.5259675286359062,-1.047561052305193,-0.25393124051909943,1.3611977614531376
1114,-2.8354003454220535,-1.7664503286870925,3.5587238255135887,2.8248526985258273,0.31597184194760075,-2.0976976918778742,-6.096714002903553,4.708952482234395,1.1784680514328967,-1.023039615663599,1.060318611271624,0.1720144736283835,-3.6133119578084134,-0.4798766711220601,1.8615605861088582,3.3272291329901726,1.460102520632752,-2.555703610801503,3.268910614626293,1.7270654526859577,-1.6420342404586918,0.606083623415465,0.7184343920114209,-4.678459842281345,4.775023997459652,-3.1775798893889515,2.031036881898313,-1.0033765700935535,-1.7214608007300516,-0.903643619144864
1115,-0.35398348776593735,-2.575629745861569,-1.3790336440765287,3.7415259034125654,-0.0803172579565763,0.6474382322480352,1.4857030401237026,-1.1459687694879221,0.07263867570670524,1.1357474926252351,-0.8684304193665646,-0.679690019601022,-3.81459332712042,0.24982444408882643,2.298523721030321,3.368487195440565,-3.4262984264292076,1.3240563929896787,-2.157710029168456,-0.9410898652681094,-1.3853920559533819,0.7619540952824835,-3.0204130815642856,6.742650936670842,1.643109020342152,-4.5751720768051936,2.866382194830482,-0.6057745189818231,3.6384178339287274,-2.966962453313803
1116,0.24658811531064373,3.1922449153546744,-4.2855502422930485,1.2921578238140832,-0.8925923401009646,0.4471517279145818,0.8946188718311916,-0.9693610429440014,0.9173232565172693,-0.07135663431331452,-0.6335136865705913,-0.1377107645204383,-1.0505461493458483,-1.799486258525116,-2.219932820237009,3.8884916483119802,-2.071755882853381,3.2532294626491307,6.187977273945812,-0.36020125555898375,1.4609427223950924,-1.2096803090726533,0.584321005003444,-6.663359436713623,2.4367735221673925,-3.0245392513434766,-3.711297474505674,1.1631945975652043,2.277330851282059,0.8585377548350195
1117,-2.606561302519726,-0.17491300371669283,1.6255282017620694,2.8550304688358885,0.3159096551393903,-2.0149940195009357,3.0651828537169763,-3.6346241287915326,-1.2356113600181287,1.270400906241612,-0.5136370554218308,1.0482887842730264,3.2651102514406283,2.720427680011163,3.827074727906748,-3.0766879442601685,-3.552948537653199,-3.182976177445438,-0.8419035418091347,-2.0973243803716954,-0.8373891765152077,0.4342421019011784,2.1757547002513284,1.1666202965425896,-3.8770451196044924,3.9495960983406846,2.3872665714054158,0.14164283021238155,-3.5562125177744015,0.954752137420936
1118,-2.4906876088813696,1.6774145713775468,-0.5667843774191361,1.8149326744277623,0.5634658913287272,-0.9983411508335234,2.095880070668901,3.2569315253264755,0.28644969812388865,0.050787198385942034,-0.38374610305686474,-5.306302389448213,-3.893739895020502,1.3683986511765802,-2.956176206728614,0.9754074176095493,3.914653615209268,0.5914564177534576,-3.895393417317756,-1.0966130080531329,-1.5421598584008205,-0.17467702878604552,2.8037857700497657,3.9050575425070413,-2.447278743587269,-0.9954956440018137,3.551004740546311,-0.5366213396044408,-2.838135395918359,3.2665263825661057
1119,2.7870975736970856,-0.7558158984380405,-0.035806994303811734,-3.8234808857696336,0.6951404344222167,1.132865770392181,3.3780956957598534,2.250816306618198,-0.010528092264308064,-2.4544386989846743,-1.149530276569974,-2.014414934559003,4.102192421249644,-3.103322875064464,-2.3773993637601247,-3.7838705746998933,1.9752329577109435,3.187167434563655,-4.47996455660731,2.4942431637159928,3.2551932665440724,-0.7853086172770141,0.8720032394159958,-1.3561664957926887,1.0966683327975382,1.0599085316476682,-4.776019145651539,-1.0593163256282745,1.8602954941930925,1.818463112642032
1120,-2.5174320755315076,4.810153463407971,-3.8139102913597185,0.046209108291701995,0.9468936473063754,0.5280861478851673,4.493153465587941,-5.113175893978358,0.6535375686958202,-2.6436036308954147,-0.5842042444398743,3.194292735029972,0.9249636511051413,0.7093732736797307,-3.8070030976408056,3.179015990060236,-2.191955333332345,1.185605516127822,1.8667343945148893,-0.020343829553519654,-0.54484203988976,0.502682842004182,1.3335570425738918,-3.13778840965065,1.012012645007868,2.932843535440007,-1.2711533474703387,-0.4729487913450541,-1.886133441497229,-0.31462060013472026
1121,2.4086149289010415,-0.5129794924902811,-0.6983398426644847,-0.15134881389189658,0.772901976685016,-1.8188487565393725,-4.146295773613112,-0.2866913505548929,0.44564115957749273,2.2498426950184083,-1.2008026762772874,2.938305945849507,-1.1409450060815622,2.7633274532445746,1.3292176128554232,-2.4261413203100535,-3.82327747410986,3.297818734401261,-2.3569189151051084,2.5110416679273975,2.282237128890099,1.0619916318262517,-1.610751314683597,-1.887600198856017,2.5255041298583407,1.2294344919494122,-3.298625777738561,1.1715646599230087,-1.8731007258580785,0.24522322186636636
1122,-3.496355170172354,4.819639287739804,-0.7017900432057793,1.6380373973356583,-0.2942124157162871,-1.9653190559810394,0.3855290452221922,1.1959664313162932,0.9607564891012927,-2.2563931945974556,0.12796999518529883,-0.41382876622746423,1.9530580068874137,2.3853304547810588,-1.685669998725425,-0.12366607385492401,-1.5657206019845624,-0.9633317871037832,-4.715707316501767,-0.6041088686458185,-1.8610953940762798,-0.11824556389505592,2.4998328445224427,4.799324298595515,3.9508052212604596,-2.6213491069039137,4.018983484294804,0.3021787098264399,-2.070058397501004,-3.580559910976291
1123,1.1086525835687375,5.634938853347062,-2.73936157867864,-4.55446852033727,-0.43259547580562185,0.9828341379057353,1.232439607390468,3.196220796257485,0.3534859916030815,-3.5077371998596174,1.1941963251482521,-2.468605520539544,0.23375311073018779,0.1863063628265884,-2.395287175020446,2.4318517293061888,-1.2818078552560728,0.8251838274133476,-5.295042821293439,1.6140203088934264,2.6267465664507057,-1.0616076141642026,0.22071396203590155,1.8951695980766132,-2.486391863449974,-0.9501662177239183,4.260748175342055,-0.9015023588425315,-0.7726876767283901,0.8499999414032438
1124,-0.19721541254913788,-5.004131463332332,5.796622631530834,-2.080439897024931,-0.18109309764710724,1.6662572390226469,-3.548334767767603,4.467660408011227,-0.20684168003639325,0.21738352776075942,-0.23176328028253845,-0.6981042076853043,2.292174134325819,-3.8226513514352707,0.7603481134788126,2.128551583852694,0.014634686120569285,-1.3730571663428215,0.27447361804147974,0.27924159608020105,2.1573479841463765,0.6300969447305409,1.4657311178003045,-4.806891260799915,4.348679037923471,-0.1875697816646742,-2.853056101278824,0.9111754328722892,-1.1946332023169965,-1.0245953855347754
1125,3.35567379588014,-4.070124633145319,-4.626140025666011,3.2791996949274314,-0.10415308552891078,2.165544253532655,-4.110616667477288,2.260423137191104,-0.8903132781203631,-1.9252505585876438,-1.2145784459689626,5.880335812963274,0.14818084022616418,-0.8691495743872046,-3.903954344272716,3.5503163005756235,2.2839886619421748,-1.209381884084232,0.947844389176467,0.30603259458297316,-0.455188289358075,0.3171291459905978,-2.3659706302297234,1.250152789836772,-1.9691853324287862,4.472517674183784,2.2274513191439915,-0.9657075547996516,-0.2973559928997318,-3.4677201131991158
1126,-3.3120687048662276,-2.7709534183737574,1.9718467984790706,6.053847924613599,-0.34810548513495254,-1.5945671147177496,2.6525644147160605,-6.160084870696572,0.1503035126942187,2.7247109853771185,-0.4299250583041134,1.0624310162133845,-3.080048749593532,2.373323068063499,-1.6204635113183166,1.880620432179878,2.5607757607063633,-2.1142070000380517,5.891621822351151,-3.304660550341131,3.0844040628065166,-0.46565334022354055,-0.08772064786954381,-5.1179913467244305,1.0936410882059064,2.4912579362148968,-1.111899996657062,-0.2389635992452499,0.2198403494019825,-2.4538757779199667
1127,-3.7103613329708125,3.397021387013737,-0.2880450740989282,3.1327841810443893,-0.2695870618669347,-2.261812099121478,-0.7429154361172543,-1.3406651742603657,0.9778248058257484,-1.4702095333950496,-0.24311773609612874,2.8190830740431316,-2.454982581150059,0.616594954164924,4.128830835426957,0.45581281363252657,-1.9593542297889535,-0.7869017922855495,-1.802834360804102,1.5482217279391968,-2.783250554545642,0.7233549530686663,1.439074275936722,0.8754339584042121,4.262522356679547,-4.280822059598902,-0.33295150781583516,1.0947042198088752,0.974827077377423,-1.7182800864505854
1128,1.1575972568005177,-0.5086912801749612,5.084698835913631,-2.566006942507464,-0.932435665146572,-2.235162204885145,-4.681719018163857,1.3200962429935892,0.9988056147585551,-2.2565276095172795,0.5131405247253591,4.10620424520371,2.5923930291944366,-3.084017429746046,-1.0433063117077879,3.7427635995123723,-2.4152917038570436,0.20745881660389642,2.990058232981589,2.269521391930571,-2.3382086252341256,-0.5488240009474445,3.1812179950076676,-5.553764993739211,1.966381433956105,4.417942713519494,-2.0358276253798806,0.09769053781001702,-1.232740730205503,-3.213446329699707
1129,2.131681384694186,-1.765947646011842,3.3426019076135027,-4.075238255139844,0.25824643940375536,0.10865616944025014,0.9865447733530814,-2.1141527797765605,-0.5540043088627247,2.465589307086379,-0.7691978288747947,-0.014779162925307787,-4.224567823787563,3.80747033753255,2.6828569898488865,0.1341694037502883,-0.23719780727304496,-2.162731100071275,1.8475030730917759,-2.0896558549934436,-2.997377809607153,0.4933523634189383,1.3648426496397654,1.3813355784491783,-1.878766226267917,4.605811229216663,-5.549493903279664,-0.454202364170718,0.3052589339365408,2.971392330565621
1130,3.5627055189277357,3.5639139230245185,-5.074213100461076,-3.2063460440298712,0.5329553943993859,0.6209843081393487,4.798037559424802,-1.6297518175366612,-0.8446787925787094,0.9231308732696277,0.40554208352914944,-3.6522799061081663,3.6565865725034996,0.7726726558149508,-0.11650667112958502,2.3392304571740397,-3.781550434352244,-2.8704325800108244,0.890720063652612,3.498335182373811,1.1208418602394055,0.14127914265790054,1.0425813985152388,-6.6937576474399165,-2.0714360745184734,1.068655177857739,-0.518305569950428,-0.8017248388144189,3.1700043985463786,-0.8471930931202625
1131,-1.2968401768173745,3.725498049312531,-3.3896218880784446,0.5977276373260487,0.9468469809527456,-0.5836106026954759,-1.2386380020447483,-5.462725808807438,0.559265109893551,1.5698621036428193,-0.5672754073044537,5.139512004620357,3.821378104357585,0.0823108953225038,-1.9466609947409363,0.48415679853596316,-2.125313183864531,-0.31587161961074095,-2.9829677515080952,-3.488608614306848,-0.9798559149728412,0.920228785667204,0.5677576650014746,5.963445830118161,-1.7262344585375224,-4.517486586816707,2.0381272906433523,0.2504287030624379,0.5799325316318455,3.3752325200171285
1132,0.14643199152107123,4.721405356616895,2.8057176340689445,-5.5648892644505565,0.22035329865749365,-2.3290190164138034,-3.6331109532051364,4.5854978312305334,0.6066685576378763,0.3167833634664081,-0.6364262409035124,-1.2394125582260465,-1.0605965823643064,1.4218346133729014,-0.8497110545343638,-2.87593644431497,2.877449265465131,0.4869602023754229,4.585708831536937,-2.381551416873698,0.6926701279364487,-1.1713780671651675,-3.115264024827832,1.3898145493923764,-3.2073643400845313,-1.8551476482213545,3.109460836264052,0.4818138472498923,0.8875819781012293,0.5836553266912858
1133,-2.4595744547400393,-4.987428473552303,4.329069901435421,3.9329347261205214,0.007645081097626516,-0.8226467803612216,1.9010242896695466,2.300300814300293,0.7386085992133893,1.0135576856251518,-0.27961576578562664,-5.673875623022653,-4.235130097636693,3.320716367962568,2.712316013874453,-3.2287933851992676,-0.7298790305391236,2.1607701315378485,3.061938980176919,-1.3473228274147928,-2.028640716902096,1.2248402363109037,-0.9304037708845154,0.01958809871264222,-2.479831939861363,-4.949133573958882,5.900583720758597,0.38679626919846566,0.22555621563493844,0.9160293082288202
1134,1.754675127113348,0.33499491625702404,-0.571664322797858,-1.891629780531808,-0.3224994168037407,0.6961234767630327,6.1164305263055745,-4.378607859385383,0.5699840040927908,-1.5844378378890163,0.1403210012224756,-0.8636898343463777,2.5599351897398996,3.8840737061107156,-3.027586446131984,0.3007552437181822,-1.01031436266166,-2.706863330775384,4.697954118752762,-1.4381376768771883,0.5478388654992266,0.006923206223502731,-2.0933402655080577,-1.7212382480912112,3.998917484687915,-4.456133287409191,3.3834514127816817,-0.6259107592839941,-1.8793170243999722,-0.42100782637586676
1135,3.3751276190531065,-3.1610284286797956,-1.080236133101593,-0.4614365262288729,-0.9013350256584154,2.2289084946155633,4.311055735428592,0.5291969121836182,0.8402691369975983,-0.0319509641746869,-0.571884619983126,-5.076686200451881,-3.730713606566084,-0.012601993920821286,-1.649141082974488,2.769122828343967,2.384771063071387,0.2385627920458262,-1.7394594882826198,-0.265614252437846,2.828010983159011,0.2821933205838567,0.2308861552492214,-1.3360167182725746,2.7571770621606433,-0.8713726835666904,-3.5273434839314888,-0.08604522176424112,2.4471452500518076,-0.7195609229494604
1136,-1.692787177894573,1.485299126464831,2.9842729675223687,-1.1173606349226333,-0.24914882552811513,-1.4102754556418873,-1.4940692311730928,3.051358845245428,-1.143059491526928,-1.929271758414174,1.2137486906013182,0.3012929452675479,3.664772918080377,1.610805147028291,-1.846197200909213,1.2795546052076574,-2.9616583845661637,-1.7472770848411994,-2.32095164315605,-0.5640750590004231,-2.2256068384692895,1.0558383371591198,1.591884069799125,2.4629111336665552,-1.5575892683744108,3.6975978283584787,1.9305857074823436,0.5503083182759045,-3.5675448331240567,-1.053357752617675
1137,0.425635083885048,-2.213942693101366,4.369072071741552,-1.721761907865094,0.9873777662287493,-1.8463803208888958,-3.1376831574400086,5.7458929313716105,-0.586677438198949,0.21323396430695318,0.963957908293124,-3.1987242083326315,3.9583700773700485,-0.542871794060229,-4.163265829139405,-0.883669661083637,3.152858898432143,-1.5214216915191585,2.165848857426866,-3.4870341019186597,2.606472125637552,0.6641437941457164,0.23935576677633996,-2.1887864420688032,-3.1522882628103304,3.3799623586356056,2.1730285010909647,0.8517865130741935,0.3937091102897998,-3.6461982202796897
1138,-2.6707882692228875,-1.9907434632205074,5.185130504798135,0.31210198361024766,0.6854769132854743,-1.521177669250461,-5.772512884730823,-0.6060563842070508,0.0795356724093681,2.5174249404047977,-0.47117169504179746,4.252780351165615,0.3341280551443475,3.2679240582213858,0.6494802356899569,-1.3337923243660246,-1.652287853594462,-1.2654521710954505,-5.143776272437716,-0.003119708499434992,1.1467571199322073,1.065616978636995,-0.39670965159102245,3.331231533957972,4.116240208053426,-3.4243018923528865,-1.0410819534351035,1.1565992545289916,0.0820892251912948,-0.8895448419851952
1139,-3.725233210746275,2.816978413413395,-5.067813499008864,6.10134221251414,-0.14364520407979509,0.01837128790739051,1.82665174287731,5.488313007786239,0.6265233630503655,-3.459733250331725,-0.055918829663977654,-4.42583603371807,3.2188280227868127,-3.2442138700378003,2.3341993394133986,1.80936084537025,-2.226181656366455,-1.8919926811664283,-2.688900348186415,0.7559081484620638,-0.4236109934092074,0.3111454100479163,-0.7690679448674782,2.814525727952109,1.1241497324736187,-1.6021849603163218,0.8253067403518166,-0.5728315851027324,3.509937088825552,-3.2843770162314154
1140,-2.3284160780035243,-2.8751641874376226,3.1890689174061144,1.923200844062844,0.5255932571222615,-0.43428275315010545,-0.48087030692296295,-5.775478513932967,-1.063859683356652,3.7059413382103656,-1.2386352956150328,4.8529024616173935,1.4107659604307656,3.0863227281910106,-0.9184905886621948,0.5892910092980017,-0.5478473330865903,-3.6200417761712416,-3.999057654150615,1.368144788657112,-1.5823094796540342,0.7441475843400083,2.5429079368643013,0.9261668239422001,4.918945331200547,-2.3787245832426684,0.2994612082355488,0.4645542691943785,-0.48543533512126835,-2.818800890266022
1141,1.609486702124027,0.17819910320234555,2.9998822503225746,-5.899767256996967,-0.26791425533206525,1.3801134566800748,-1.8206135196752804,2.044643598809234,-0.7098634574418954,-2.0891352743632208,0.7209854909448659,1.8539831617264468,2.355579535450616,-2.262213729832059,-1.2767251805538233,2.2387397900512376,1.837579133135801,-2.8929595482519765,-0.203768222416997,2.599184742323036,0.689610495533767,0.012913654378391648,2.7668599164417653,-5.864800586260952,2.5909658288649133,2.451488388405096,-1.1207386269401098,0.4527310860422542,-2.888066378682664,-1.4863802976889513
1142,-1.294179077107815,-5.407038150476016,0.3920398886084975,4.923279681926225,-0.3037229120810503,1.6896205691301756,2.757607961502824,-2.4203277580470193,0.5944606876068201,3.3558077446886934,0.20299361213674683,-4.490542247887909,-4.021384922435315,3.5574703865011195,-0.13630393308452682,-2.028258776626652,2.7468871340931216,-0.11840988844793188,-0.19618485716236123,-1.4822803096977832,3.983341510166099,0.9314703268246172,0.3992973818588741,-3.6356440519904076,0.7982330403220708,-3.4502075259093736,-0.09982242791099338,0.7269722728882062,0.561173603969074,1.4636510366415365
1143,-3.152644086668401,2.181405978325351,1.1440081550336352,-1.35763287401722,0.36078582481781085,0.8240770025088491,4.81990321833808,-4.674640892471324,0.6296828754408494,-2.643732817029411,-1.1781989988944241,3.046986614616383,-1.5035937378134339,1.1455311051186037,2.0263017506797496,-2.5365343733293173,2.1974621559669636,-1.3291669006227558,4.950337431450706,-0.08608947806919076,-2.5126295986702925,-0.9980614951107825,-1.6114958755033566,0.25793901590197876,3.6736535435153357,-3.9920462211119307,-0.38715710892142496,0.28923326651297643,0.37595607273799025,0.040360447267584476
1144,0.5071085935511981,-5.063898775859254,5.694637919145308,-1.4487071927713409,-0.2461444917152431,0.5570039476493829,0.10427316411298193,-1.6414502069596395,1.1878400856068136,3.4799060669715303,0.24194234003484283,-3.3725114497663675,-1.1092586476490016,-2.028676010278396,-0.054121689252511374,3.503705128800256,1.6887449224330169,-2.0003937040535593,-5.745580584302946,1.9953608942104957,-0.5618711627370399,1.057569976299459,-2.5418163547655865,5.796337231294679,-0.4387142628779266,-0.32876355885902697,1.6700321368429414,-0.6097193633977298,2.3514045555755665,-2.644239507283295
1145,0.824599012843688,2.345516835659705,-1.8463654501390323,0.16330287487920714,0.02082133072472203,-1.5078746039682365,-3.540788744851774,1.2697256858202621,-0.036222165879365775,0.9638110842607528,0.6436814127389887,0.6997927279112943,-1.5733875130009132,1.6175158570822212,3.719271914590152,3.6461601305074893,-4.014083938046195,-3.3954764511329465,1.82572184920042,0.5988126077795908,-2.7745190808718263,-0.3161236973409851,-2.0405388847772414,2.706647206009091,-2.9345710262280242,-2.1039522508739985,2.3179592105290183,0.3091241526411599,2.689865157424869,-0.27842524349251185
1146,-1.9282710609258586,-3.4239951593366094,4.473268530656924,2.751588335876921,-0.022542652420575182,-1.8500479938507368,-4.708980258038668,-1.0513466617174814,-0.34778222644115875,3.306519185421294,0.47352063400068367,2.328069326775502,-0.9480478720227836,-0.3873151912595141,-3.258972525230096,4.118183975267861,2.4990289342576553,-2.022877321013336,4.457251882617907,-0.9408386162168512,-3.8025072682459324,0.5060835311842631,-1.3858716019964152,1.1658820726560748,-2.730428224974407,-1.1647678706433844,4.900838166376996,0.7166837730835187,-3.186280198499201,1.4639543546570053
1147,0.7593752171249513,-1.6608381736915625,1.1370102124471906,2.7861272078659702,-0.5317859373000846,-2.4898885264464274,2.057218517941852,4.150174471797623,-0.9031500130811727,-0.812370598860225,1.1194527459273873,-5.611325123725308,-2.2077748574023985,-2.5341165809855415,2.6996827250247613,-0.16474577793904643,0.5936181837289745,1.613336307573011,3.7061102959091414,1.4574686297705135,0.12179885033921778,0.9188213897358004,-2.0461738022562272,-4.158025363499409,0.09166982198717832,4.55520792211248,2.488256003416801,-0.7530985285768255,-3.016708573246534,-3.3653266456925817
1148,0.8241014950304315,-1.5381030349942506,-3.471248574511172,2.375997359386986,-0.1298135461768506,1.939066301264873,3.0255477454140767,1.187020028919271,0.5773933360647536,-1.9205708908766415,0.6598739979764119,-3.5292642174977296,2.3750881742294325,-0.5893382079084937,-0.47257954412420133,-0.05255787947898938,-1.8670184795548384,0.606405936836822,0.8029678372324476,0.45313882941137074,0.3076977901410274,1.0102391093103673,-2.94007123834146,0.36602767224527,-0.7172213486856123,-1.2884970139930516,1.968044827260016,0.19493296853907527,1.9289113469603336,-2.086170780080238
1149,-2.3815859918868316,0.21976585347916355,-0.7208188648405915,4.365481000757189,-0.9725346052393447,-0.5103073922695831,3.487616644241502,-3.454275484242906,-1.1698328112396128,2.405559449675959,0.15644766378013042,-1.4255154622148787,0.20886682119798294,-0.5231560935834274,-3.485386878750276,-1.5567631174126024,4.187039065743466,1.1694002028046384,-2.2986635673386644,-2.4234081218714767,-1.0699027971242643,-1.1538365133513322,0.868777850318434,6.077033149366322,-2.80477999626779,2.0881353574286408,3.0422996424735196,0.034580180831669693,-3.4386913674828357,1.0784561830173303
1150,0.852458556701432,1.9219916763222926,0.3044882794307249,-2.29913992245476,0.8623489242775841,-1.64214751427728,-0.5416819048928723,-0.39736700871030806,-0.5247500348868961,-2.5410492356521264,1.1934913331605728,2.811356850981813,-2.076328952067813,-1.6481246607858768,-3.1621844023401273,3.6411830880677734,3.7778422866882053,-0.532387359562362,3.8062709924026876,0.6744625265588979,2.1514012334400583,-0.13188990275981816,-0.9726696041154703,-5.527575245527377,-4.953661181081568,3.9946014146768576,-0.36173229512258587,-0.45410944795253094,2.2250786100234237,-0.45017710054304594
1151,2.2915682804259063,-4.6477543630738225,3.6890579561301955,-0.38868119462885176,0.9058069971428098,-1.8499976759962529,-1.9220078233280233,4.900842206759705,-0.8109120781999781,-1.4593362488122352,-0.2286795577351528,-0.47990649868410884,-2.9420383838678354,0.4897857604690685,0.556524639741145,-0.6089708279470329,3.2007295049671676,-0.6960306933626903,4.972120163807482,-0.837507619171312,-0.21492667021714418,-0.08320627751881204,-2.7442679430070136,-1.0922116538942106,0.9059748681268545,-1.6579933180583737,5.478259508607618,-0.5656874433631129,-1.8507649766412264,-2.3097886386712165
1152,0.31295578448296446,-1.2565678134268765,1.0213324355917344,1.83846973707643,-0.40434687651313905,-1.5118432672110753,-3.196288558620889,6.24941957851815,0.6477076877432806,-0.7269245993553763,0.14343625042450725,-3.117350358709462,-4.009577598723615,-1.6522697194415379,1.3928302496871794,0.18070169669343272,1.4519878357684277,2.6363275360159584,-4.904044280806815,-1.5104341298260149,-0.5111790136073378,-1.244675859627245,1.854397541796427,6.315935742069996,2.6758365260733896,-0.7499513976010057,-5.134664001660166,0.25062195185307345,-0.35427350838082283,3.312430429716052
1153,-2.3129792820516055,4.832048994230924,-4.3496648616827365,1.4605729887268382,-0.3561126636804508,0.726134824457052,-4.200615813265827,3.6647668142818617,0.299507794668302,-1.6449987171458123,-0.13840146952706256,2.0197413909887594,1.9724575265259645,1.965248161368521,-1.8656243412082816,-2.252791597198632,-2.2985175100647197,2.479227760576972,-1.8062924595603782,0.436438010249546,-3.266122926882268,-0.6954068840924279,1.301860753358893,4.029523506925663,-0.23050003596118884,2.5767807062821646,0.6012092596185852,-0.7113233341825485,-2.174527551542088,-0.061639044214400585
1154,-1.2329017845997043,-0.9426974803835542,3.6301072567914936,0.18419490816459216,0.16748260714567387,-1.8061855071184745,1.7821488409216535,-2.950298869303758,-0.8117860584795178,1.1512242133674881,-0.878655122841554,1.7073669963359457,2.7978330297662453,-2.363511924589897,-2.3457766145900774,1.991258367598956,-1.2355568389490994,1.1557539807637056,4.150206879879612,-2.925068459540382,1.4430321091263494,-0.6242882913721761,-3.21745103931905,1.1735688012246541,-4.832705082846154,-2.5332398410413504,2.546228280631137,1.0805069567117185,1.1377816453750462,2.601428041170159
1155,-0.6387094343500372,-2.472249865654156,0.06341531058427563,4.647100105558714,0.2860137203359723,-1.8855698364747298,2.666768354452664,3.028426040928327,0.6086852148406017,-1.175829618196376,-0.465546940506135,-4.662503051518822,-2.083572591925499,3.8838211532683857,1.4784930375538963,-1.4343192572328238,-1.8689377706501435,0.0245154289859979,6.063304129637274,-0.42679050473837954,1.2630225750968904,-0.734016932957327,-0.4707300472360476,-5.694789219803408,-1.979489173553386,3.9227845157639933,-5.083452415631562,-0.2121347539250129,1.995279158942843,1.3570126684036765
1156,2.9354717052185393,-1.0706810026473121,-4.5086276538585395,0.9280794371753025,0.06389452538001583,1.6518629887320433,-4.452782776881961,5.179159951632336,-0.2271497430228262,2.922471778444269,0.8382570058861525,-4.259956216057695,-1.949468857047929,1.680218752620572,2.703369622917016,-3.4128746172382325,-0.18963274770649008,1.1683878464548805,-3.057689358118779,2.5188416039599737,0.9131453779402889,-0.6028770029162072,2.489081060763082,-2.2605016816293606,1.9230460427343559,2.3526605189445675,-2.3415294492623104,0.8116150381987959,-3.068197238530912,0.32240508791608136
1157,1.2081155280508078,-2.9195666367581268,4.256641556258508,-4.033215297705688,0.08349821479732,1.4045266353572217,-2.98355270239432,4.713783919552071,0.9512420693822525,-0.6989739163366124,0.7299533206935465,-2.7124526908966686,0.07395789975373646,2.1268259711401463,2.3627364885450604,-0.9996004742239322,-4.057305546333101,0.49338566111794613,3.855891222382404,-1.3499341961421383,-2.8238578600616915,0.9417811829324769,-3.0983505096956314,2.4744701605835573,-2.5538458000109543,1.7459613223329278,-1.1248611652679728,0.14417528493897702,-0.10884572731609055,1.897416085323723
1158,-1.4067605974757242,-5.2350068435089625,4.437990169247783,0.9897895095398219,-0.5809664046867153,1.7949541668838496,0.7470864371169199,0.9427578376877612,0.9893695041723216,2.189240424582632,-0.133063862001924,-4.7353903415574194,-3.754917107005758,1.075898382750271,2.7238022429066717,0.2355095533753655,-3.2865675615988383,3.0062744895721387,-5.749873685448584,3.4397831245266666,-2.5129988742059393,-0.08228529513061655,-1.156002783459165,6.061377513716607,0.9871314561161526,2.821443652172505,1.1256330254329683,-1.2221117397555252,-1.572079142685146,-2.140017251280346
1159,3.1992100997135786,3.091107828216252,-4.889326848553171,-3.098981266524376,-0.12070836652595007,1.818698553673702,-0.683109274182975,4.221631600481874,0.5693569530060136,0.9556201685528798,-0.9806024684276871,-4.082896979429837,3.475089302236057,0.2242255824755759,3.7410896445616117,-3.67431732574107,-2.212117020610812,-1.5539701829215158,-0.10290894092759473,1.8475263884200057,0.2105526377497391,0.11444192582741408,1.8847354891628534,-3.9543475002334496,1.6617448896025806,0.6518194727068867,-1.4406002725831826,-0.980354146152715,2.2405054383802536,-2.1331153819532194
1160,2.431114336950241,-3.809960909669737,1.488329487802364,0.07660999210888875,-0.9138173506722149,0.7277244434804793,0.5219137766344559,-3.3433075105172847,0.7089231767777404,-1.7013885928067118,-0.9595886757051009,4.773447825617136,-1.3061882993625993,-3.803399526417623,-3.0691474898512023,4.107805496578067,0.4216760568458575,3.6492537622073513,0.04665535345460725,-0.735232753157204,-3.550983367569998,1.1024011823255,-2.3332447258068267,5.470404310752883,2.2730639104386015,3.154117554873089,-5.30576020993438,1.024601074792467,-2.8260439320551622,1.6800216018859793
1161,1.4991418628313689,2.77533012007628,2.069798527127901,-5.228104055455056,0.4669162442781336,-1.583082698858627,-4.872066907210563,0.20961883639601453,-0.5669222031243581,-0.8350627615131714,0.004328479604456703,6.060104555847865,-0.3928540183870268,-1.8637661002030903,0.9922565218389323,-3.6481030862049053,3.767869707112464,1.144596975843477,1.161573634881261,-0.3198292554518485,0.5659355997860658,1.0515026555320768,-0.18312146412801056,-2.2760611706205722,-1.417190367327244,-1.9211632277838788,3.105291999687452,0.19271892246404132,2.2570400010893223,-2.21669732812909
1162,-0.11288908805051001,1.3210194394585315,1.690671964909832,-1.555541129353763,-0.8615533883506317,-0.4817077986134368,-5.190841287452386,3.7303055740194218,0.5967572873289662,1.9606609667719752,-0.12580766391171672,-0.9710748767560453,4.105474543356284,-2.5104337166681,-4.050844756984377,4.143798621589056,-3.844746559756633,2.1567518684636227,-5.48847343411423,3.094143873377508,2.009754309981009,0.8330195914430183,-0.4525140633932221,0.004069722704908685,-3.000377359280442,0.8764655352478279,1.964084540450127,1.1088339121246902,0.3432169788645343,-1.2922236074061377
1163,-0.5458561507684863,-5.238427215638691,4.8610101817164555,2.2896246576585995,0.2764922926690123,-1.6428437656368384,-3.7736628174309423,-2.2993531380199137,-0.5955879492478271,2.6862809985443548,-0.696786692539975,4.67910959869452,0.5169040703245855,3.1114936917719156,-3.9775077926207683,0.1922378919315797,0.9536903378822998,-0.796818199289719,-3.4715547357521146,-2.497386243976699,-0.33612326730601616,-1.0693547928572418,1.0873216686699152,6.287097371221144,3.0471543777063665,-0.1790862556550401,-0.9118527881823155,0.719105607193848,-2.4763771248852713,-0.1989438161769943
1164,-2.5431894567717492,2.016527017179719,-5.10674616334293,5.871630092999727,0.4738054838740018,-0.7120269739387073,2.7648159287288294,-2.380847113399689,-0.22930639417495247,1.9019512550109923,-1.2359773863164887,-0.8206362898485011,0.10783241068079263,-0.36376089421748503,0.2828522298549494,-0.2684779176151295,3.3223048323839706,-3.0807506610871744,-1.442427100937138,0.33152542570792143,-2.549085732882288,-0.5923906372007144,0.41822912799493217,3.8341489173162806,-0.9230246009764471,-1.568772752456617,1.7904600004663607,0.5261614637054928,-0.8400899144690435,1.0152658037308377
1165,-3.4592715053667824,-3.0084505334657443,3.2002182086732773,3.5121990318685583,-0.6611528359124188,0.41645763420315873,1.061450225953429,-1.1490325311868936,-0.3729759196959339,2.26229395219762,0.5987535922443259,-2.4004893195123884,2.7749868078466484,-3.710263831944534,-2.283572278482378,2.94844520112337,-3.221022209504916,3.4914263109617316,5.340083455166329,1.814903389377653,-3.5447357157237587,-0.29565534875666444,2.960722461725572,-6.275318241790156,2.596155062441486,-2.652567107947611,-0.10733512001687373,-0.6955354544288346,2.0416581757652494,-1.1823755558128415
1166,-0.31668277378183163,1.273084131269755,-2.1047412904575253,2.0212093721138586,-0.048380341601282906,-0.8244890975429566,-3.5675684198039477,0.3692613055027394,0.0901366029061208,-1.3773780438510617,-0.6368237852500176,5.122372340496344,0.11598990674336207,1.9795534113503948,-3.9699512488357396,-2.19114694654996,2.2667766464698644,1.7987782308219877,3.259179424812686,-0.8133145211211392,-3.590102869125886,0.74631837841648,-1.458494143684371,1.8564137307012025,1.7273865664824832,1.6933531700393871,-3.2250967697743604,1.0417473728801738,0.32338584096183887,-1.5607761805889613
1167,-2.7940312532576197,4.193893335347436,-5.654813913224082,3.758001075215148,0.9355530932364307,-0.4386023373173007,-1.791295996611609,-5.444900903315638,-0.014125120125449975,0.8967347096767142,0.9667438066824392,5.386843503693747,3.405719794975198,2.807287362281169,-3.6421466895811427,-0.4380507729068803,-2.2848778683560518,0.15206817358761704,-3.8846828067668824,1.3744273451477476,1.259972446436926,-0.382409897807074,-1.6435901077440374,3.2762830207322864,-4.471707491693097,3.598219363641075,1.8549696460037275,0.7834947125032672,-2.810305313637409,1.045329083183013
1168,2.3738742806388657,1.9407184718875854,-5.028459222420505,-1.3474498226044886,0.5086946708294819,1.5526216216690774,4.180152935312062,-5.551794863833603,0.8097997225031337,2.72246755766162,0.9380071784284221,-3.0986325300714483,3.780429071253746,-0.8305582348735783,0.7925372613433872,-3.6878730218673734,-3.4646153037922005,3.4100802279359286,-3.443881003347286,1.98261612896904,2.2179069635953894,-0.3448260559222689,-0.17982960368009948,-0.23198642961581584,-2.7218207098356473,0.026320968273775946,2.7757275071725154,-1.1458403178798653,-1.2599386626966442,2.325551214966442
1169,-2.746044434583533,-4.36064168696549,4.479651042806548,1.5922512162943931,0.06820999969952002,0.9665738627485876,-2.2035908734681406,3.2663151770455734,0.6189264690456717,-2.2010325568157043,0.538265381301188,-0.018883597108430905,0.012427035297733369,1.6596468148264485,1.8839451363464157,-4.075055836541813,-1.2634589810592622,1.7824958311304044,-3.1925116981312627,0.8149055622827319,0.3071702020916156,-0.6870320158904297,-0.8854402894694768,3.642908239115794,-2.0223483385777676,4.445538546185318,0.7178507447539815,-0.20983217302855994,-0.24703526596813496,-2.684173513364259
1170,-2.6017267741261136,3.0607018943696858,4.553456936688594,-3.6450363333426843,0.16558675896073938,-1.5329824825502278,-3.024375175627341,0.662595168903831,0.7663593978827894,0.2452912154686686,-0.5787543230827685,1.9288837164549797,1.9765679433961871,-2.2705189544278976,-4.064612371405994,3.6768896790456758,-2.741474211197973,3.423147914589965,-3.443989205455111,2.695074209231926,-2.0456173331024843,0.8904586115109545,1.4328548039860536,0.47121891382763437,3.538810470056479,-4.941858643789823,3.06528296817649,-0.8055936425479056,-3.6730004204130715,2.8163592685184113
1171,-1.7613151569446224,-4.949514860684445,6.060496998313454,-0.48925169903735366,-0.1544055709333927,1.2939902892863717,-3.3061573128144666,3.462625504766315,-0.7955621035773106,3.589068044551354,0.2365477770276998,-3.1865219099534237,1.174059981637722,0.36366450927575045,-1.5107113464737623,0.04380844199220846,1.279167943614656,-1.349989530046603,-2.157376667725824,-0.8889402501292629,1.8620808267915194,-0.8605820849049328,-1.5131496491698115,3.557967825137286,-1.432000176358823,3.6850400641395247,0.27804711630498957,1.027168749335119,-3.6759310115748303,0.11767525815458058
1172,-3.5838809889927656,1.940237498534465,2.9771831895727487,-1.995782374220184,0.9950338882140817,-0.3327912131083526,-5.290342911330896,3.1772678239445185,-0.24574877690938912,0.7063156675884308,-0.25200642038716303,1.9045146170946552,3.5640432168383,-3.907902208580216,3.1334797085388573,2.644543601696842,-2.208089351667283,-3.2260749668265554,-1.6237010712909026,1.9906353027318904,1.9954526351066804,0.3132334705652813,2.0863000142614467,-4.761920351375387,0.8637070378791236,-1.078471156101699,-2.257573572880389,-0.13993993653886072,2.1889573233074167,0.4233203043349789
1173,-3.230062544589398,4.743341549634781,-1.7034351991749155,-1.256954183153347,0.26904562312931857,1.1780647541535565,0.38954735073822633,4.682099182420856,0.18342479047419413,-2.8928394992911066,0.025173132398064624,-2.3874049567400704,1.4378807080070857,1.3306210368173694,-2.0873396241810305,-1.8135029477795506,0.4628928311277285,0.6694479960083317,-4.224458726026075,1.3852125418666308,-2.9176951263943636,1.1370615744616508,2.1989229689425382,2.4209567671486383,4.166475712102361,0.06868906678462494,-1.365480653476915,0.26450558619454245,-1.5883211252707952,-1.545868586333258
1174,-1.4957367737134746,5.047693850988274,0.552512449145091,-5.690362630773272,-0.7492187032919504,2.3351118076453083,4.8005717926635505,0.8127250769375287,1.179713641938858,-2.6619541862347305,-0.9607132105115763,-3.170343114793475,-1.4233225994625354,-2.503938719911419,4.026249048007635,3.375377342417039,-1.8263361039138122,-1.6480289671369803,3.4192138254981295,0.33083957651469653,-2.196449354754325,0.3095157478237116,-2.23955620848343,0.37643641340024203,3.6706431182698616,3.7573203748557873,-4.557829945654099,-1.0037926092148228,-3.509313137600463,1.642972199344264
1175,-3.3125228061980607,0.11365781743724668,6.12182845460887,-4.002454936802959,-0.1112628470864152,1.1907543180412912,5.911792493696407,-4.189523908879227,-0.28344237451860455,3.221850076138548,-0.14107584428990094,-4.519600442147073,-3.0297927810991148,3.7316403994417193,0.06453734553086221,-1.4609626964263231,-2.865042151822548,3.559619884375305,-4.531012144241771,2.1714847363014442,3.2066315781204118,0.36878298751865213,2.098140756126364,-3.3140279138260524,4.604280225274167,1.6533323051562867,-4.759191123456489,1.1284287805718156,-3.1008446813828066,0.47399449383756753
1176,-1.7619971855097116,2.8649944102472027,5.353625278639491,-6.0527605000994384,0.01043715364896114,-0.4142991569265053,0.6481931912954124,-0.15327178744310643,1.1512198700976368,2.573788410137933,1.1486706789168046,-5.368600363004536,-0.5801052643718165,-2.329470580033222,1.7329457731219797,-3.9609341496115427,2.8252806291210355,2.312283591773472,1.1042711335097515,-2.658953271153724,-1.4088433244424952,1.246453816045837,2.757414490765612,-1.040342844725906,-2.80352109832155,3.003817703466492,0.7701829644863274,-0.13134577673165104,0.16402517069391997,-1.0031589635929983
1177,-2.6425068638424474,2.14674477266189,4.505821638702258,-4.930673390786517,0.9808837678286046,-0.06026992456381386,0.7846580529341765,2.5283585617524444,-0.11126735880114769,-0.2642198633449926,-0.26271424483406847,-2.6748151477062585,1.3901126795121428,2.6679048546856095,-2.6483411497920955,0.08562385446062137,-1.801296438887423,0.3059962000210561,5.596130277121421,-2.1118395128357097,-0.3014633344237261,0.1877162089561164,-1.1155292313004725,-2.2550144075185514,-0.2991235155831937,-4.440904310938661,4.93198956387447,0.24003358204962666,-1.6876943566101623,1.2556990372084869
1178,-2.8465412522134024,-5.067785891123002,1.9926615033927142,5.534282895728417,-0.501204757072609,0.888587501287855,-0.02832283253168555,-3.42786587013887,0.13265396011208797,1.768900939815282,-0.29702769760724657,1.8516615003505805,1.4350225218399153,-1.0389163882333516,-3.677473989674951,1.1819380526918302,2.196304301795383,-0.09687449841892892,5.173040915041565,2.2417403055868945,-3.368357801026331,-0.9331692374207403,0.33359277675778287,-3.446846958940121,0.2505146816422261,-1.4966092791597454,-3.525219862723951,0.14612081868644555,2.554190927902802,2.0710027136528453
1179,1.765231339050377,3.7038557375766317,-1.612132539661939,-2.3866275564439405,-0.5443753221644925,-0.9259516583566789,-4.459999254918802,5.7683646187217406,-0.6182224588302301,-2.869484288188074,1.1436005961510256,1.0357407870644835,-0.006726784766453164,-3.430817058924827,3.3443704904477833,-1.8957986679069627,1.0382819923829203,0.9506900287674362,-1.0055637352425748,-1.4908657062995676,-3.4617972507083454,-0.35421441743737514,1.2090609227820739,5.1033801869048006,1.995889413926264,-3.7936571675026407,-3.7951850850835633,-0.5226350940358309,3.2115062735222857,2.9040816591741034
1180,-1.3443376893940169,4.076076195075601,-4.685264412601693,2.4857938792164944,-0.9079353997990267,0.37566742750259685,-3.1138218878143107,-1.1073792070048114,-0.36519838134083127,1.9972778074184383,0.4387503517812634,2.150371316960367,2.033926373291081,-2.044825834089787,-1.394484212662622,1.4041465296311948,-2.0606250221602664,2.061862165990302,5.0310292953759905,-2.862964336269039,0.04744759691809364,1.1545430395762954,-0.06638865751453338,-3.3036669380877974,3.1939857952082846,0.2721987238837684,-5.7870490811097355,-0.6875855101752926,0.5710759445879834,2.4373741276055974
1181,1.3284641706952804,-3.5276481131461317,4.610823194241913,-2.197883804166672,0.9411579468618294,-1.154913394486286,-4.278626822851255,5.072962417551878,-0.008543865123078476,-3.5985658422087745,0.3703886275833872,2.442385485047957,-3.5926006026110553,0.8200225547350222,2.987795724938252,3.3443953894068663,-3.036523280365289,-0.5230897861038546,4.209337495264361,3.069793657941023,-3.2866240415791825,0.520635056429553,1.1060103566636315,-5.619152524720363,-4.155825103281531,-2.8668210373584593,3.0920577019715836,0.04036189363038112,3.1615188829943968,0.7287076620442452
1182,-1.4839369269797693,-0.9660050598191461,4.5316698426238915,-0.65924758789237,0.5111062344102386,-1.9335865023429175,-3.9464272450644344,2.4897870254143655,1.1146609646013879,-0.6525514979312295,-0.3570244899530648,1.3515552429330775,3.7634707794732165,0.004257607097436278,-0.3960021054329417,0.621706615916306,-0.8998511657152974,-3.093581731338805,1.1041181054530398,1.2527972753340073,-2.797172451236353,-1.0550378834792564,2.9948661367479446,-1.4995711828203504,2.692913585367492,3.427353891734313,-4.190673703940924,-0.2754329052322557,-1.3221662963873229,-0.3319945715406796
1183,0.1094876052965823,-3.3208660961660854,5.111500176251667,-2.934982793022389,-0.15940452191657295,1.1942656295566998,4.190389903353378,-0.5587428664235219,0.39670322391310187,-1.1670228480528397,-0.656314783470747,-2.2050126293192847,1.5360793385121134,2.0411084029521867,3.0147120022999445,-1.4120261217916905,-2.6946498510783705,-2.4852237708942777,-2.5556714355548245,2.6728958815044734,1.0625441296279163,-0.6876258260208088,1.003998347019854,-1.4961410965776025,-2.1914091568377643,3.7628804207178703,0.6239514547455975,-0.1768400713529399,-1.6586860885919599,-0.35989655868015724
1184,-3.042075577012456,-3.232307270103558,1.515425648598125,4.307725355019183,0.24199028251014676,0.2092415609884526,2.0771787775487347,-2.4035215144904782,-0.5094301246531572,0.4369287925856167,-0.008093838210012194,0.4069379072193904,-1.3749380731604166,1.270016763014727,-3.3673955347600764,2.2108678488102953,2.4977319096329396,-1.236282913537572,-4.675241067073117,-3.2997179318460184,1.4933984906047115,-1.0989807273604666,1.47538892158566,6.105152314088244,-1.6561681804130792,4.262517355450758,-2.7434596908103117,0.18642127200232572,3.3416383389841258,-3.390949095213207
1185,2.2121736716367764,-2.7316297780969414,-2.7377811770523977,5.921022843447442,-0.544840407956295,-2.118945151978714,-2.268932679291048,5.519084245922844,-0.9580597761439797,1.0367467510469304,-0.36389891503378724,-2.9649396265008754,-2.491239681873415,4.076997129796187,0.1331057744703763,-3.2357593906972504,2.562008692190769,-1.0451125238867665,2.1974124251433977,-0.33018895171964324,0.43772346777836546,-0.5685560334054296,0.6833649838525169,-2.4197558916501833,-1.0281889663503776,3.6999587578800615,-4.823252043627896,0.5615553863628229,-0.5763643106695842,2.166291176405597
1186,-2.088363820981991,1.2490900960143527,4.587516121235204,-2.3541358767124336,-0.11142086070308199,-1.282685658852147,5.93626828030202,-1.155826273956329,0.46479996680210434,-0.5128919567056229,1.1513210744424747,-5.883671090884537,-0.047359079338626486,-2.345416023351035,1.2459901841171224,-1.701656668649873,-0.13078878072150246,2.9792303679438064,3.928269167870429,-3.263022098859608,2.999941234022664,-0.5762101197493665,0.012802250154066996,-3.1017804334391954,-0.4054796727953871,4.277954815134603,1.1341464884760306,-0.8101304713341602,-3.2471862992194858,-0.949304860260952
1187,0.6010359557068963,-4.821806750184621,2.789615881655294,2.2592283283642836,0.5751764333117242,-1.4032498488536707,1.0545429005395235,0.8427107184797542,-0.18134159703596353,-0.5652515934211753,-0.0758550145504504,-1.0748054140115855,1.3984832942706014,-4.209163120081506,-1.0541830583020086,2.0155747332125173,-0.46230290700511034,2.311591057905396,-4.503919366170788,-1.604822916744597,2.414158819145946,0.5783786373683926,2.716439963651812,0.39976486274823486,-0.0569971249307315,-0.5993559417037311,5.131791497775396,-0.6777316430410298,-3.576964705861469,-0.22074208223778236
1188,1.7400124523209115,0.3175411555483514,-5.9812456520536905,5.007550852719454,0.7692476050293164,-1.853106413564392,-2.9858159065397203,1.7418181562185673,0.5565086587893022,2.3293966744050074,0.696924592358668,-2.3388321752317296,3.9906426061362836,-4.167100313770003,2.1378870698695707,-0.7278738638419462,-2.354213813781609,1.1206583153875975,2.5451948484806266,3.166177979328644,-1.7971262293652845,-0.7824157497998021,-0.6676771719300127,-2.46415367671516,1.4453759024278696,-1.166795404193838,-5.646615685091039,-0.6237057149005434,3.2595132896025447,2.732227612155693
1189,2.5337598192550956,2.42837751070817,3.822956791687549,-5.716031322102111,-0.777922904336847,-2.291139895211888,-2.561083580768223,3.008379149676447,0.16421577188214975,-0.9847977806765531,-0.7121668522704434,1.0854532921567568,3.2626556424671804,1.891726814783219,-3.1122100322005437,-1.9151759774879018,0.3402441029518357,-0.46724055051387836,0.9460098977435116,-0.9173421767368382,-0.4989671053873046,-0.45522625473106615,1.874390532245581,-0.9488648931348713,1.3679392875298397,-4.702388749557505,1.8575746203731676,0.03634454403269416,-0.5861256906780703,2.0266559883005613
1190,-0.8542970201333784,2.6445897838608943,3.737270297887285,-4.7874989881061545,-0.6534201298900766,-0.08664394361859351,-2.791761285813301,0.06493439725349859,1.1337637041577322,-1.7017436308946738,-0.704170467517395,3.99897728281427,2.8574747970000196,1.8322898765394733,-3.1201178917406853,1.4257868140865,-3.579668159580068,0.5842345636946611,2.3260323794456284,-2.2082245510886604,-0.843684446289382,-1.0727584737509561,1.7315581683633834,0.06707692331902138,-0.07273720901028469,0.16170289208461242,4.239794008141569,1.1050208574560543,-2.4834389394315775,-2.9503416092396595
1191,-1.7190645930054629,-5.460974192307187,4.929830235284406,0.15221513944790743,-0.1385290993233761,2.2365225099036667,1.7258796968619379,0.2293340833998876,0.9296084407197291,2.30847730339568,0.7728337398888288,-5.966133264265931,0.23482400491502986,2.286744063886239,-2.7762563825787243,-1.6520947012278828,2.430220870927922,-0.5234378559226815,-3.9969520362207263,-3.237857776564871,3.9677505955691608,-1.0932156616328634,-1.899322692225244,6.259597571073563,2.944572782354733,-2.7566514926959798,1.3796993143756495,-1.2367103696099355,2.6039333074019275,-2.9348435418256607
1192,0.7674883697038126,3.810404503057125,-5.675068147908231,-0.6366234989739148,0.024612035885172023,1.709186738235985,-4.679822086144355,-1.543476046153394,-0.24326095489159716,2.604591382156869,0.48798253922098134,3.3739851658116216,-2.268916071808821,-1.4875034505137101,4.231868413739509,0.8773727950688048,-3.268547234625764,1.9157255481398963,-3.8166979823186864,1.3979981024509467,-1.7588550076133966,0.05823464511031329,2.9076397427601517,1.2116804996096526,1.018727333984497,-0.869432040075921,-2.3454293038074,1.0945935683802963,-0.5806125546864234,1.6821529962056943
1193,-0.9304520285509401,0.4154444290577679,-4.937401547190678,4.561442256382886,0.8828987970044091,0.008068093296484946,-0.36810394863539386,1.515750745201533,0.7608867236607102,-1.7299238652046203,-1.0114139447925652,0.8328042897704506,-1.3329960625143222,-2.256039138535959,1.9078582343263335,0.07043583516629681,-0.6794469768295954,2.2901881083871984,3.893722044504937,1.1288185508781705,-3.9639058827649833,-1.029102702767168,-3.0970528496794856,3.0675208398275338,-1.0715486323157926,3.806487068656164,-2.852280744202563,0.8174929647062701,1.4595222505831593,-2.1596729074265024
1194,0.770640871366826,3.73992531115141,-0.9983655178636006,-4.66973570764776,0.39013096352476717,0.7674040794682995,4.5076147640836055,-4.573194973841332,-0.40111721032692493,-0.8267604010561325,0.1318393307235306,1.1616184904173643,0.9265238684909249,-2.6153707921030556,3.217083261009634,-3.444893583729904,3.418509362826512,-1.5018521164941667,3.9960692291256557,3.3430619312176297,-2.9870209420268434,0.18276279769340853,-2.9247819039291176,-1.6100911120817294,1.0945707538460567,1.4732833444631268,-3.9797570755371936,-1.1339309922889713,-0.07277478466575182,2.6186087541834695
1195,-1.194936914310814,0.9264952535586843,2.3069570646470616,-0.18199887593781128,-0.17490276131969118,-1.6816137666374829,0.5329671145392396,-6.120223545204187,0.12089587646026523,0.22275374030293804,-0.6544792634269561,5.898086077328802,1.8775952914389435,3.9880952172156903,1.3272944679574117,-2.581601154152807,-1.5888164343762092,-3.022567388083086,4.940621564741917,0.8394329773172089,-3.6947987333073904,0.7330460497862585,1.7663721445773,-4.584674003116312,2.5474691776544063,-3.8190173009194126,-5.853213162286366,0.9598517157171083,3.548096361729602,2.616813208105402
1196,-1.9541292374740564,3.6530096684963347,5.109403277063578,-4.723671304099831,0.1412370977066626,-2.2258495016927,-1.6126267344779777,-2.665015074747455,1.0036427667067498,2.4272866187499424,0.10221986941899974,0.7444925543498471,-0.649967199762532,-1.9202727252409062,3.343067176955792,1.2582358318133906,-2.3005105089809312,0.2694474252151302,5.187502647518553,-3.1411602379577186,-0.3138783684921158,0.37193005497903986,-1.829391113443691,-0.27500298260511613,-2.2404102721575967,2.4899655944859873,0.20396178291890266,-0.03940288790319624,-3.1768383265196665,2.7627241091763075
1197,-1.4103361269801677,-4.735342338747593,0.41434577320007193,5.720323012338483,-0.9917339368751441,1.0027436170643327,1.2667902179928312,-4.754912697942064,0.08854997402266207,-1.2326789662144702,0.02624535367405212,4.606006118467086,1.3813241040032302,-2.4644604889156767,0.17561146023497187,1.9592911713372771,-2.532291742619238,1.4805254959593768,-4.674966918666282,2.6791392084013914,1.072022980265043,-0.8872997600889416,1.3799868686923915,0.4311176213953516,4.005714498482053,-2.9916456218873186,2.213157517107099,-0.40307700250167144,-1.5705154233408294,-1.2536339678585904
1198,-3.622512936751349,4.792455750244226,-5.161740873770533,4.020613802920849,-0.6547007907039766,0.6258850480607911,-1.1211462704564674,0.7555026026738005,-0.7726765619438121,-1.2330173066720729,-0.14657034972725747,2.5179078861259327,-2.2194170615172286,3.8122030698142275,1.632439406430926,-4.037863716399018,2.6079463530507816,-1.7953080513797435,-2.2697146759820406,3.3841881045345907,1.5531093342836613,0.5123886177969252,2.8481302832838242,-6.028101663918008,1.3238289134300487,-2.380949913393337,2.6522316169936886,-0.8678282695302428,-0.19302073229833994,-0.5342616152010553
1199,2.8260457009144666,0.9927250199031867,1.9963810032178841,-5.263303008724883,0.994868473169245,-1.546717188479894,-4.866872357606319,5.6994281299842555,-0.14219053657867153,2.555754370047161,0.230654783078581,-3.4767743889248806,1.4242474128467322,1.453514357195509,-1.388999779808234,-2.9092978012328885,-0.2546055302988641,1.6751413412976746,-5.728123410468253,-0.19848195002716018,0.2845982674574117,-0.7958237205343766,0.9984380280013401,5.4393927855699715,-0.7769795389957821,1.0586759077244245,-0.3744278942959198,-0.7575651792313787,1.8194573546856105,-0.9691606498861987
1200,-0.10727244732079022,-3.0477720770098884,0.5425492327532453,4.93266984087543,-0.42482333999805055,-1.8953512092999247,4.285742976764354,-6.059704994251735,-0.1396547361231475,1.5053009917995368,0.8949669496891399,-0.486651187877996,0.7756266313978735,1.6086475208820161,-3.790619092914344,2.1763088756120936,-2.0020391363837238,1.2320752014060012,-0.3780677394199188,-1.4742151108816781,1.0328145344906403,-0.8605175301768995,-0.23021601718479445,1.9102018631716113,3.8115121501321454,-0.14675063853586323,-1.7622219614131218,-0.7547492699276468,-3.0449938498785336,1.8972035696237448
1201,1.7865952118654818,-1.1670540275938173,4.409535804518999,-5.2896721726361875,-0.07037229362197306,0.33096747746747823,5.520142107219087,-4.155756486232409,-0.6614785544973927,0.2159921011817918,0.9202421077149348,-1.8391412753858525,3.085103034257944,0.23045172359826438,2.039946614644837,-1.685052039877629,-0.17904244566817695,-3.4914068869553425,2.34075442302791,-1.1431289488423069,3.377132907095607,-0.6864935230670897,0.2732163264055494,-4.161481184620683,-0.29277471496702034,-2.3032989129859054,-0.9773310237287589,0.9110219929073136,1.9556480301387253,0.7067346286364025
1202,-2.550818484536915,2.8777733825155103,1.2857196780845292,0.45736006145644836,-0.2776079178272821,-1.792426719692303,-2.3394526008335035,-0.457940313940977,0.6768179146036166,0.7715618185950959,0.9974617264255654,0.3515514551503607,-2.9108531760061176,4.117821124434041,-0.5358383632276151,2.441228500569455,0.43955522453358853,-3.551913310303476,-1.7990247336581824,1.5061626671260413,2.058824285384837,-0.8732127147882309,0.34673460875375994,-1.2394841128192482,0.07591367545892425,-4.160223486266478,0.3839040350888041,0.7939149325206634,3.098987580043449,-0.192496736844598
1203,-1.968805687670141,0.37084552837814044,-3.164421672838504,3.361745154672267,-0.9109909135986212,2.3116275910568334,1.6417581392389486,0.5535677985025735,0.5854511736747794,-2.1604727478405383,0.4694975406273274,-1.089801904202897,-0.24287199692537698,-0.08965477715013392,3.8542319501788427,-2.3460104617671327,-3.021482819230304,1.845788104894016,-5.055534982742543,2.9364826310534333,3.4738609390985573,0.841332823463131,1.0165288611899967,-3.2126702720636047,-0.7705039822997186,-0.2717095687140194,-2.961105014901616,1.1458424339444457,-0.640569314602299,3.498045446573972
1204,2.9885988830376924,-4.684648499145943,0.6477822651252865,-1.1417437220298687,0.7440581640032984,1.4459529090095256,-2.5099134472268503,3.9756724637799827,0.5392001623651312,1.2976485525894113,-1.017567480410118,-2.2850402510973353,2.4784409859064915,0.09841625776208929,-0.2136122112216441,-1.5089842783023126,-1.1876260366421434,0.333365282497434,1.6802374922751504,2.978549325593608,-2.682281523893254,-0.21380995028992356,0.3267008799031874,-2.089396223589798,-4.774944749241204,1.079492753758224,2.28964464450371,-0.5300324756754549,2.583513576431205,-0.6476737497757199
1205,1.423579278255712,0.1920102056609032,-2.647831990455991,2.2358733148864403,0.06276347772121893,-1.2663942860682873,0.8472352131472185,-1.0440652723548247,1.1646116758940472,-0.47031863773336013,0.965671157444981,-1.4631341363978372,-1.0642419250827047,1.5012297847579497,1.403686729458009,3.6514904396457943,-2.2458756441598364,-3.246289384619299,0.18839850793674984,2.3110789353716754,0.9466314109740459,0.8633234598220083,1.1743932224506164,-5.483825536556147,2.7107404328059914,-4.812829353894712,-1.101393587181235,0.8676224654411113,2.3942486849599156,-0.058388642130307034
1206,-2.5342909628033095,3.0658728972325093,3.429206124041407,-2.47963550814708,-0.2915526626106997,-1.1895998877128644,-2.6233212382428235,4.7789114644135715,0.3464126068743596,1.224552402308909,-0.6895556004693928,-3.036999634884385,3.9618312319225595,-0.6833675439564253,0.342557066863197,-2.9233673934919757,-3.7933450289580772,3.0956916676206667,1.1408841552505287,-1.2420398655937177,-3.7303096735667047,0.21617722224285085,1.4251047535724428,2.1901834080935885,0.6596661777344188,-2.5839717946581224,-5.7792473424158395,1.135519973063169,3.319174925076485,3.24885806120065
1207,3.4799021763328923,-1.2912891778051367,-4.795178442320044,2.993907793865695,0.9095490081415889,-1.2968913582150652,-4.999653614476195,0.5904855548934194,1.0007143020000857,-2.0574510774793424,0.7870205404358046,4.678884294626457,-3.8981482784638803,3.2721358598193824,0.5201354284611064,-0.36226056405458706,3.1578148149048637,-2.689677260666958,2.7891936074536368,1.136337956353639,-0.3241676304803338,0.7950977735437821,1.4995366283685136,-5.895998335240236,4.190018006638724,3.411978245372545,-5.049803902019317,0.7470869956878969,-3.209972228039314,-0.08930711763978927
1208,0.19182668227082722,2.8213834896905787,-1.0397673777022547,-0.8926507242326558,-0.6751848211489138,-0.4056072488776312,-4.449815557850119,3.8388351518769674,-1.0746082424142465,-0.9330341980877108,-0.7613645969624114,3.37998744343772,1.6023782901698347,1.046890866297609,0.08788774182926673,-3.9375380426827107,-0.8174075133576935,2.017788657743612,-3.1485308259164526,0.6440936439987546,-3.7800316898059947,0.7057641916010251,0.9691726800255296,4.609532000096163,0.1713731923182067,-2.147463248069215,-0.5817504637990716,-0.32544838681338817,3.5504095914527873,-0.6671206850885909
1209,1.7637808346948454,0.09080343625577925,-4.44569045790012,2.641331707196372,0.20565384113449747,-0.25587936138143874,1.2005324872473224,-5.544526170907279,-0.0805483114042822,-2.1417749623100644,0.39128804629590075,6.175028911078616,4.058752152940727,-1.837602349541461,-2.3479100503504693,-2.4702999594336905,0.26636845655720975,2.330691749827615,3.7476967994633554,3.0114629459720312,0.9670523217136697,-0.49252996736389143,-0.9885357193507165,-6.2451463804353935,3.4987852966755355,3.4394678387603257,-4.166532969476844,-1.0953788114512997,-1.2715460822811977,-0.4047952722257744
1210,0.6370309090331077,3.999314602444368,1.0037782204406192,-5.558835005355117,-0.010389678378535994,-0.07089904818452197,-0.7532930569604446,4.169455758757763,-0.43035320487893447,-2.1232294423157114,0.7170784146148987,-1.5796584692173745,2.361945580410051,2.5844729731273084,-0.6479719435995079,-2.6737949701726667,0.9612988823641508,-2.585950522129407,5.2544284840273825,1.495831024190105,-1.0252495999594178,-0.11658766616225069,-0.27178096590290046,-5.33664127619387,-0.8249438785375389,-2.2500182303165737,2.010084446191911,-1.2434969526768818,3.5429357732847535,-1.2345611579449027
1211,-1.4338571106029043,0.9987124177718556,1.61286668451935,-2.6286654913503433,-0.08301320337241092,1.5339567030343932,-2.329879370192508,2.5572249037686383,0.8954081350120333,1.9588305759102482,0.5208190017310574,-3.602403246229258,0.5823461126836555,-1.2752373086842184,-2.0844497302549296,1.5079150285202942,2.8534557395854776,-1.58402984185037,-0.7114084857415577,2.165556851454294,-1.7975424250390528,-1.1388500841168372,-2.1843959922041822,3.666640135646407,-4.992564146143691,0.5293734811882871,4.457976979207171,0.009186177242538562,-0.385939396135349,0.3819669046418248
1212,0.5776937288082085,0.7520252253747515,4.656967759421953,-4.145516342415675,-0.6689332803971724,-1.172237090792109,-1.802700919825753,3.8200749186637815,-0.044683872801388524,-0.926428309497993,-1.2002330315227057,0.15397121498427424,-1.906627059480881,3.9410699798724096,1.093418135779313,-0.2768903464471677,-3.7967608284934116,0.9457901187696276,-2.4011570823545796,2.2363490526099916,-2.7789249142691315,0.8171326427081551,0.8342383896300749,1.2923619116745648,0.9561612006503211,1.4545056182484295,4.004129082925445,-0.5953830436796066,-2.1956905882030604,-3.6237222699407283
1213,-3.339879785138139,2.6514579199742094,6.131494128005109,-5.53793087228426,0.5722682024226073,-0.47740959297956387,-3.161559847493315,2.2425988396006495,-0.5352521359195501,-2.0828222887676002,-1.0470860755960274,4.584121508176043,1.6473265378291337,1.5689622600156277,-3.027284154065736,-0.1597235481199668,3.0587712800987923,-3.08805237575797,-3.035850925756545,-1.4918195796318283,3.848329573022159,0.9819606198700743,-1.0994340400436258,0.7968143525388598,4.106750331049632,-1.4650107860815105,-5.658195300144591,0.22276966973944567,0.9156485954514118,1.8780374899863936
1214,0.8080414151472279,2.985649966833943,-5.837896851246054,2.63060610695943,0.279477444035487,-0.8658780817300862,1.1806175803520311,-0.08236016695688875,-0.8024615941615849,-1.9253966018727837,-0.9331012342034208,2.5627020168428203,-3.0184860455243463,-0.5825600332956071,-1.4976274125445261,2.6872782608747627,2.709360673567595,-0.29796544307799877,-0.7462472792985402,-2.792499012017654,3.359045984870299,0.6152946580031573,2.222505151077275,-2.658099502635448,-2.7605804570180474,-1.060269108116973,4.837751358778597,-1.0693231335849833,-2.29547476060095,2.3478961005431493
1215,-1.5822101260009092,-2.4376126436573635,1.3607415553819386,5.3264026649098675,-0.39181974109535256,-2.275501709538223,0.7823724393807012,1.571597989933455,1.0283996705004093,-2.3207706027959443,0.16824171631873508,-1.2298412133372025,-1.4436484126978772,2.568276425118608,-3.7176298757965505,0.6232483233954014,1.9590054997459738,0.010748040234318523,-1.6088767347910213,-3.1924215042840025,2.255532138482465,1.115653010824916,0.16343833121239726,1.2666747585543447,-4.282228078731983,1.0672453481820199,3.101063408102391,0.12204672191000387,-0.17865897010216258,0.1705315706405166
1216,-2.7018878369335546,-2.0774737799146727,4.991589353544249,0.07434111157945011,-0.7867393829569016,0.500170534681402,0.8121040783095559,5.669660914302948,-0.6139208988658389,-1.170058575054174,0.6046027030367842,-5.302388221729139,-0.4629577564327434,-3.6248490487215967,2.172792394509475,2.086362797693134,-0.7456395963784495,0.5742912093300703,-0.5032701224319318,-2.8716117757872937,-2.713211936876693,0.95044303963435,1.230907642988738,3.9067431524719147,0.6098065170574287,-3.816192524097282,-3.468053263878449,0.3614089601399151,2.6140197015433273,3.6990106092358666
1217,-2.2781343081335788,-0.5594244161146591,-0.5516509377846113,1.787050264829272,0.3137876793574428,1.2883717178460863,-2.0792808685998025,-2.5024065449055897,-0.8157883835414426,1.5793885167421742,0.599594115494936,3.2184931648098285,-1.9952342407354848,-0.7428824480088281,3.2837044323750852,2.133079845633798,-1.5339171146089772,-1.1447504746557016,-6.166315790326827,0.32125224779967176,3.506178215429994,-0.6252012792875394,-2.2733867256982254,5.237473332081997,3.1185211101544787,2.679097607102019,-5.144302229172457,-0.8534851593766621,3.541109502096411,-3.3409408308030013
1218,1.154007644964821,4.92625067605729,-6.231962365662266,-0.0187079978413216,-0.8017858019183028,0.9721978443997532,-6.104710806126299,-0.32565884364850817,-0.8335806632043239,1.744507758744973,0.9814941299037221,4.537948424330541,3.606143741366566,-2.3860540815608715,-2.706647519119798,-1.835835943124458,1.4537924661823638,1.8686013362561091,-3.649718084944716,1.79784764112798,-1.178238506440584,0.9953931209160851,-2.752721751946421,4.787437581286735,2.1027134728652648,1.2380737332094398,-3.072030785808778,0.7081018500001033,1.6324353201574482,-2.6092935904226966
1219,3.3859718387018276,-1.9085833957127925,0.7259094447505419,-2.0078518149234696,-0.9718580314751566,0.776411958659029,-4.105194671003531,3.5400418954072634,0.1674425101465582,1.5391385931392634,1.1867505743267044,-2.3281789020161625,1.4645124365246538,-0.723251111407599,-2.793367735589822,-2.0910999055514843,2.740508915031434,1.4026974009927073,-3.15858087446124,0.30494821140047534,0.43459890850755656,1.1890668087854914,1.428614800813019,-0.19864785504619675,-2.5960436641203906,4.78296264578103,-2.0409341373080423,0.7793470187539713,0.060300164599707884,-0.9856320277054831
1220,3.4947571152594037,3.0835401039458787,-4.377061508665289,-2.7185884445656328,-0.7855528878847806,1.302905621910421,4.318484075590948,-2.401866603736366,-0.6465836468259862,1.5219327751788612,1.1703390873689106,-3.962305687576279,-3.126442473483996,-2.3729918440908513,2.558717759840995,-1.0308490014082778,2.96350474052392,1.0080608186181053,-5.070815405542632,1.2334837447140856,3.0784988389202113,-0.0327458980996953,3.0702867669691045,-2.2787080469619667,-3.680596678176421,2.1998072160178985,2.1178748647456693,-0.9791630402872329,-0.5433272434888554,0.8854048811897357
1221,1.5959142906303008,-1.1941908473573974,-0.5000194719281588,1.4858380087889422,-0.9387478462823486,-0.44879413385134903,-5.538479228014495,-0.34815779637257904,0.9168111759538569,1.2851733425507526,0.7157098032938505,2.9689427025886665,-0.9943196431379953,1.4261973438534916,2.5998213321154573,0.9342169766720865,-0.8386445653850991,-3.1272714441180725,-2.7849276211885012,-1.9031662375555598,0.1652550640108359,1.0194920376392567,0.7814085959661679,2.7219381611268822,2.037622936073042,-0.48394285567636786,0.3051695309267828,-1.1362113361202315,-2.8041246431531306,2.0814863679507276
1222,3.545974863298813,-3.989183661771783,2.559773015081639,-0.48288096540943926,-0.2270051475907593,-1.4066781036085239,0.42489118632495604,-4.6633422140479475,-1.0788268224982582,0.4428575256535652,0.7319733762699965,4.142446948297739,-0.6625408142448492,1.7164053263672585,0.6610660702643152,2.1417570357433533,-0.520127768786903,-3.3365598493432334,4.570538332489868,-1.1905382890192246,-3.344049790030706,-0.40947166448721983,-1.6433544735202723,2.0168758845666197,0.7598246943809173,3.127333514055902,-4.120162783676648,-0.5869451697026937,-1.9444887986588153,2.764438543602175
1223,-3.181603271688413,-4.009673444226554,3.859454275026252,4.267892132324171,-0.719091997267916,-0.21697769416758383,1.1776537375299228,1.9681687700705908,0.3300583769033594,-3.2287333153521143,1.0848332138178538,-1.331980782969591,3.9568456159105736,2.4739564455125453,1.2584938802522814,-1.5352662466292308,-2.506087212798631,-3.6479424822476023,-0.263270298044592,-2.085523342242965,3.6006134783945143,0.21693023666502675,-3.1637356520271993,1.6949855772542506,-4.431678311065944,1.4208167245587369,0.37428559625907454,-0.3847125310353494,3.5061379313966192,-0.484849410112286
1224,0.6903816542350114,-1.9088631040206856,3.3271794427305394,-0.8119582265450269,0.9063901040825573,-2.203129870482475,0.018825756985368258,-2.640832082429661,-1.0577816444210066,2.5389752908004546,-0.9500759512338277,2.0908886302986893,-1.1298728115565986,2.029774203357391,-1.54596429851874,0.5077776520444957,0.03263452939989975,0.10565072527348818,5.852787289005899,-1.1901057803603745,-2.589624007301312,-0.5241317616479142,2.189618051736595,-3.738543791433841,1.5396479247914918,-4.263536145148484,4.436295461160256,-0.049411351954310234,1.8278673759618727,-3.49086326480996
1225,-3.6860089622238394,3.0338509609996116,-2.9906156623024174,4.953281583179468,-0.7199629300412982,-0.5905449896116632,1.9076143383535928,-0.6683522792404126,0.7277407504539246,0.2230627979119788,-0.7829521876662993,-1.4071134198127595,-0.4939096599040482,0.6821666090959084,3.225504539407215,-1.7789517246329307,-4.230904878126047,2.5960951141598265,2.204395227694995,2.179916441184325,-0.8619796856570421,-0.9937785127632122,0.17439358689274442,-2.7029470573527625,1.849690054539284,0.508668697161994,-2.259307805070492,0.7312287701748508,-1.8851309056249086,1.0548511888201482
1226,3.3002112399708174,4.50976384166248,-3.5405360344350356,-5.023714110391758,0.888548315624285,-0.13427325243092625,1.6044393922967046,-2.6763486231252607,-0.4326565580744104,-3.549997761728255,0.14901139401997288,4.905552156611286,-0.43497054909094146,-4.107182793244233,3.971911776593842,0.2994593358156692,3.1259825106412507,-2.8552002807156605,-4.262598265383144,1.797046733688509,0.24737675913781132,-0.21836417632284455,-2.8416434049522845,5.278182353831006,2.4202223090618453,4.658296261624528,-4.96910691179945,-0.9340105346738543,1.830313498842667,-3.005714623054862
1227,-0.448081354948064,-3.091093513625591,5.778712870399833,-1.519929658397018,-0.16117765906354165,-0.5584306843657334,0.9943375552907909,5.190000963489577,0.6333130190173701,-0.48618982625308327,-0.622180267763266,-5.709281443781336,-2.6795049233836483,-3.827210785621034,-1.019433005079506,2.498343972344358,2.6720950390940246,2.355709702645747,1.7119935453337618,-1.5189630501945306,3.5266257510272503,0.30135902658268066,0.6369720146023763,-4.657987287352459,3.708258631483389,-3.7628514742035577,2.5060938856735255,0.07276555025706166,-1.3884955374789936,-1.1357710557305811
1228,2.7745255796325345,5.248633632010197,-2.7221873717962453,-3.9758550601358706,-0.565377495312936,-0.759739284397785,4.020940086155921,-1.0224060073310817,-1.044961477541889,2.6873512903852763,-0.08728331533845157,-4.553640576329709,1.3336250501360638,-3.462180125411086,-2.5180791545108416,3.515396055311925,2.6678663484894507,-1.5366281740155348,4.37216608605636,2.0770546729328387,-1.5703410500887482,0.8294535786504671,-2.7184579675107337,-2.9898753200410653,-4.7930038416561995,2.983431540642048,1.7884643381463974,0.41131566436962963,-0.1542741036465376,-0.2359335978545012
1229,2.7407040892221914,-1.7701575220114734,-0.30768128949605256,0.40343906706098664,-0.023175894044292322,-1.0431284507314817,-4.2895571522706,-4.809735664618735,0.7899543323151441,2.3608893075777786,0.30141796680948385,5.647031210186984,2.1156122095193446,2.4032087346192412,-2.737906178497976,-1.3401126442906524,-2.2552627511005934,1.814460629750613,-5.654216493863501,-0.28283257582247145,1.1942950557386744,0.5021218104914702,2.6260643318582098,1.6145678715967087,4.461553344208685,3.1747826346576105,-3.1143660190722713,-0.38570257508954686,-1.9877110905645505,-2.148556294139059
1230,-0.7818725875394232,-5.662643112554036,3.1169921928686044,6.0888004207142075,-0.5192829560029502,-2.2419939574865095,4.166117505832197,0.5516298275496254,-0.8069050593793481,-2.3265978460468393,-0.923302568031775,-0.6609418599237813,2.1684600472434283,1.3843184293247859,-2.7539070220027337,-3.8359073345356407,1.2620721575980376,1.7749637223720853,-4.447378013581119,-2.77018530191755,1.240831015564229,0.5530279989536879,2.921849785313354,2.501854515666526,3.6190930093569804,2.9316501053325474,-4.087278291462443,0.7911262757317523,-3.251901915752878,-0.002689183205115242
1231,-1.9772589972294057,1.5892960841178976,4.306913232240788,-5.381354796372509,0.40581024110313946,1.0565942361399845,-3.2953164390059158,0.7952834294517608,-1.0176043814177556,1.553376263878942,-0.12771336058441385,2.091974487677472,-4.211628800369814,3.80440713795398,2.654693572365595,1.8434642070835032,-3.6009514900317505,-0.48998462700153134,-4.981831396559507,-2.0200501356415526,3.6752857361056,-0.27395504915221824,1.0282713635989538,2.572279481647854,1.1528472149266804,-2.4263836978529767,4.2564717673241965,0.8842853581097767,-1.8192184502523272,-2.0480021922545006
1232,3.0791680861005872,2.4488030369725244,-2.9126319695170473,-4.749211459507325,0.3383381653948381,1.795534140556315,2.8005018667111976,-2.3811491856577405,-0.004822870744770391,1.0929673787897087,-0.7501061292747355,-0.7573910598235827,4.134773204857968,-2.4190193003988743,3.4098367872362125,-2.038656023950729,-1.1353363329121322,-1.9515983348324877,-2.642226939456638,3.291067390402162,0.20945678234775045,-0.7199032006350548,-1.377332649711196,1.2389386170521206,0.12659804490873583,1.8512163131833432,-3.6392931421876398,-0.6223671183135533,0.7303730288388035,1.5534728735711916
1233,-0.1961390267210188,4.836420490283707,-0.09987489985314824,-5.776307749654812,0.44294815134637533,0.7929530345987974,0.3665894739102491,-0.24090444382536091,-0.9955360020916846,3.694174541893023,-0.7214784563423251,-2.102845113543829,-3.403791274331411,0.8518953406118968,2.9148551493880603,-1.4649630502922637,-0.13293919404011234,1.234943028663782,2.8808583246801405,0.6697565615341912,0.6229876190260164,0.3337823790759522,1.6847472834273454,-6.192132167744564,-3.423316069652337,4.510883193096607,-0.44057431936132474,-1.0069905061637332,-1.5131226723558964,1.8731203744375478
1234,-2.911807433309212,-4.905017368368991,2.574358706404091,4.339268752673853,-0.5889005778690435,1.4920979204691953,-3.0589882296602973,1.5605826531522666,-0.9062115795002645,3.570598277598794,0.7539236087206946,-1.9199047303111598,1.5557429097220563,-1.850511534412572,4.18506633342432,2.02346052574282,-3.812409818368634,-2.1013484161080545,1.580551045262336,-2.6955051688111205,-1.1765252144944398,1.1628513199412112,0.16203786249751673,0.9665901556035763,-4.552488371712302,1.466989185007936,4.609789944499791,-0.35303023961756175,-2.741911229399836,1.5706507112228607
1235,-2.207006357328126,2.4458714748035284,2.250313780244781,-3.6971251874999957,-0.5698046889588988,1.777750978738613,0.37227630954538427,2.2647282262086996,-1.0105127692815676,3.562581924263821,-0.07070437873048085,-5.1183693120058145,-0.6504613563923591,-2.8004577831137656,2.112576852512376,-0.3525345969874003,3.7371813772573894,-2.0463044932763133,-0.9501885361094402,-0.20247750721679836,-2.707529504120995,0.8690695677379274,2.422378326036915,0.568747653671501,-0.24432135886382866,1.515009876116686,-3.3814941532185685,0.8776959309811838,0.49669851060316716,0.7364111943822529
1236,-2.9159473482020584,0.42717843366240515,4.316205137403671,-3.295047859033037,0.10966779523667647,1.3579438409321973,1.1951584039287653,-3.525565249396614,-0.6448889147265131,-0.06189643869264572,-0.3032655221995251,3.3404577210865654,-1.315479178152211,3.1283353119190345,-0.6178260595465837,2.445539955025442,-2.864028298369089,-0.7765417308766889,5.151465050839786,0.23204071050383313,-3.0945888248286515,-0.9711415992347918,1.0008910926848404,-2.3186664299659263,0.8608653988785697,-4.650377484058312,1.252234049373051,-0.5180891505012255,3.054783634389562,0.00058355191925763
1237,1.7609109844480706,-2.9352596509055715,-3.2114330869639147,5.581850855645076,0.626817924658432,-1.8228870268822206,-2.5803895881191394,0.4096593578558725,0.7023687172715212,2.1239954093367253,-0.9521232587371218,0.2964893623921583,3.0968955191684167,-2.8530482452872583,-3.857365829387664,2.5749074643976932,2.0138887429478878,-0.9752776518391499,-1.0363851895088239,2.6475007845810055,-1.433142573397376,-1.0197746061700403,-0.14859827916550294,0.9903998636597926,1.9154579342628892,-4.7149835053120785,5.096108787415304,0.7069026415174591,-2.434128676794227,-0.5693571810884688
1238,2.6959353165976303,-3.891533185949939,0.10261624145194403,-0.5627287935976852,-0.6543940207449375,2.3101044422428494,-3.089026247017788,-1.4150081464165574,-1.1625188299004376,3.036525968886245,-0.9401274553470627,3.5701547097956023,2.596463503327648,0.380200886498681,-2.6694133179288073,0.6050973273341143,-3.203691616564683,2.2913432173329724,5.193931969212542,-1.663569836485964,-2.9665745719628003,-0.4409831429715023,2.1328051182899923,-2.255609536083238,-0.6623017352773637,-3.4276030994365776,0.21236168981038261,0.6344053605137239,3.1648972508239375,0.07824053356675087
1239,2.3246100032484094,-3.3089032331225,-2.551296537690053,1.85565187319013,0.6585749145136757,1.0213629798601929,1.0962232100644194,4.658933298091323,-1.195782695793322,0.582404285725115,0.7440297595832153,-5.885807857670731,0.10528504112280501,-3.149385741202625,-3.7879039251631337,2.205914723872077,2.7083438238272954,1.9177460775434945,-0.46562095913632007,0.0020942028614783226,1.8124375037022133,-0.6012159377459287,-1.7684056784917956,1.020710868809374,-4.570378119987398,-0.4654257740854142,2.1050110282729193,1.1305842163872173,1.2679253874350707,0.5322832619784563
1240,-3.273097064165288,2.9063592104600104,-4.4280671010522035,4.004361040951746,0.4412279821449454,0.3492159316606358,4.827027186283267,-2.922347740849716,1.0235936561690515,-2.783848461369793,0.9452770199443012,-1.0897016601770808,0.8312651323881752,0.37684904586369683,-3.3328218573066657,-1.1425795123445859,1.1973984719360686,2.0698887194632114,3.981822781961178,1.3106210718197886,-2.001854153655156,0.41647884772438726,-0.2411490920020647,-3.4659194558491144,-2.0059160356033843,2.1266414096146917,-2.4195849914031022,0.9714727941867674,1.7525872803062263,-0.4252004571003454
1241,1.7477149837176036,1.6090967416632829,-3.449145922467018,2.2455560905954357,0.10931064231503029,-2.262532535824527,0.05537318739279229,-3.2644969458245967,0.7441245206067597,-1.6435737077192094,-0.2819355331548099,4.390508478699104,1.6967088261687309,3.2310424997835128,-3.254520355115977,0.03061580603750258,-3.0007834547624945,1.2969366778886453,-1.4524512864419492,3.399555413521391,1.2591348347463374,-1.052624434639041,-1.209113386829479,-0.9445011403582626,1.9561405213907683,-3.2736284812799354,1.7402598840998778,0.1880718462355322,1.2215846778565798,-1.83242844830197
1242,-2.757031637402225,-2.704445456527232,1.104343592069835,4.3440604972483,-0.4104793681786869,0.4235523727898247,-2.534809728617361,-0.9474464652591514,0.5702873147199519,-1.7900303380832785,0.10141239460594242,4.6005868226339075,-2.237427059660943,0.1649857519032949,0.09789093458614673,2.579330044395597,-2.8150730990093997,2.2102934277852277,-1.6837755686078388,1.1511373023364975,-2.0567500253623248,-0.6709206044550848,-1.7384163464176705,4.9987252425054365,0.8586556031920161,-0.5015984037129613,1.1184068969611083,0.23135846131819804,-0.2636261220496223,-1.443196435707863
1243,1.9122503814718854,3.1300957397125195,-4.959650994300006,0.6811222405715469,0.5963072497242239,-1.3601246171803787,-5.814656800780359,-0.39712201776116274,1.2283163243035178,1.023740467748837,1.1011990413733184,2.858522985115883,-0.7850961492513449,0.8838461914356017,2.5565984376238085,2.6471946372607,-3.0219465347448757,-2.2805965823239394,3.2800035597512363,-1.4192159689399109,0.36545877217089995,-0.6924073838296181,0.42546606134931153,-1.9593050405028798,-0.0034571058966079704,-3.9691539122553436,-1.2287458979075438,0.9687857376656268,2.7860664188600666,1.4465047595346903
1244,-0.9303538575637393,2.9464280183534157,-4.123197359900399,2.8146653873129317,0.16988610059749298,-0.8774282887999139,-2.1112236650722522,1.9733839581946455,0.015124083374428388,-0.76335210235486,0.19342445054155988,0.6926432753164953,-1.907324844977655,-3.385147083794017,-1.2151695531085895,2.3177838963066364,3.4824957360992173,0.7073618494743439,1.6341415977170008,-3.2871792334952,-2.8346502742481103,0.7358565414091176,-1.6257367813040702,5.3775681499203145,2.3912896326323683,-1.2112797414499958,3.8839608812481963,1.1882147861998558,-2.8862930326923912,-3.3658925259371664
1245,0.06812578488151289,4.278940654521303,-6.023204498061595,0.18947444434730087,0.031602250986081604,1.4550613633251803,3.166148141980205,-0.41417631231667684,0.7300220113926494,-0.9530577567106757,-0.0100734161361693,-2.518862668209323,-3.43983603579057,2.5677522636504477,2.6209346262974194,1.8288873193872455,-1.609705372675318,-1.9680328008693042,3.7836147617611964,-1.988354389611132,2.6066988533260016,-0.517597744542412,-2.425262915639969,-1.4590985652946316,4.513570227534096,-3.0840726401946803,-2.578160866090876,0.1596839476114189,2.859078031958777,-1.8700987008178807
1246,-1.0336285032416495,4.195299597272928,-5.569977935106905,1.8005747729563097,0.6174014313950185,-0.00966936327591128,3.848109900326353,-0.6427773814728148,1.0992063395204434,-1.8564881891769218,0.02410169215068958,-2.4721523613477316,-4.135723675293592,3.0378227156867545,-2.1396928273811504,-0.8033089407869802,0.6064426543879868,3.4344600733869015,3.97644016214959,-1.7842643002619685,-3.1589303707938043,-0.9148666660925437,0.26168311360661534,1.6199380613911423,3.9862076475219403,-2.2273834354763338,-0.5192044253876276,0.7341306979503601,0.042693782394428226,-2.016444267001912
1247,-1.7921828705861653,5.716854279002504,0.4025859071664435,-4.458242530681876,-0.3578459388962778,0.4888311539951822,-4.714302221959635,1.9574007856855609,-0.26337114857059873,-0.8566331952199899,0.7236591035468694,3.1532466765178064,2.6641482927009434,-4.1296209992315305,-4.218438432699076,1.0532147871047286,2.1043257159195505,2.5263706362053036,2.8513630761249615,-2.3669920018468957,3.410640207455785,-0.8880678755638245,3.0197363374170827,-6.026679743588101,-3.53313556658874,-4.828191738432594,5.0973744912814105,-0.48964799748222454,3.075367631040127,0.6782331801828949
1248,0.33058912738273527,3.0852576077775673,-0.554653372180848,-4.295985289557418,-0.33070912550375264,1.7655010520814862,3.1857005291629967,-4.934763725246199,-0.18380505069565523,-1.9403646996207122,-0.5466693974913035,4.4199023438908895,0.9410180260169341,0.7082498362888252,0.8136153503973667,3.143317989863071,-2.303347334944384,-3.3028538676218737,2.080470010620399,-2.418136360553774,3.2361954639433,0.5163894357284118,2.899118372850566,-6.314036922589928,0.8351221330843828,4.114839017747478,-3.5969324940435463,-0.8809131975477191,-1.8746671335516147,1.4025516743119155
1249,0.08025552821534987,3.2604212980283584,4.1970704871854885,-5.895920524124424,0.30188215625830495,-1.9437089455632979,-0.22907371444710378,-2.0350861477610636,0.8091851194266315,-2.138931950738666,-1.0075704576126987,4.601477151132929,0.13495932273735178,-3.047035725801047,0.938324749170679,2.622130507357184,-3.0731642057030264,2.4247853522388034,-2.1602653243348726,0.14940988384903875,0.6672280919090134,-0.2368898434707507,-2.7449729318842877,4.325490123930834,-2.6836302270659935,3.276564276315824,3.164766331976235,-0.03211305111920382,-2.958942114852622,-0.7666452152533356
1250,3.466740137210035,-3.4059799449842707,-4.157269334451346,5.706010703939654,0.44533428915698137,-2.054835850871272,-4.692947064774444,-1.8485794652130743,0.2935986721736681,1.47593008205261,0.41696310104580014,4.355034674715455,1.936584042093635,-0.08790270621831908,0.9051705923738034,-0.6661393473008204,-1.7395972949332634,-0.34811528601510844,0.49447575658978593,1.0243034600990413,-1.8162938526780739,0.5948942978696383,-2.1071346386114325,1.8097549767300336,3.9941580809441,1.5267107676464668,-2.860666391521196,-0.9038940593491347,-1.4326710674923326,-0.3236373302269371
1251,2.6254338140980877,-5.736851015823948,3.6938922668178655,2.6104285382757446,-0.8145330506102189,-2.3783705527577377,4.307715197623722,-0.1593807492940229,-0.4830766763352461,-1.6654066012588693,-1.2296216940475793,-0.7702294766880122,-4.08249270660059,3.50456132692236,-0.8767047784184641,0.36141795548328304,2.857730932670705,-1.7645127300574028,-4.874041154070458,3.1064704784595847,1.7869020068903687,-0.45090704930978553,-2.559261265917609,2.9908369839469238,4.3515506198373615,2.108982121689479,-3.4750809982012925,0.07555036882401733,-1.6556460674114728,-1.4053560447371112
1252,-3.3062818194846546,-2.1300951104536594,3.4922031630223955,2.1196608181685477,0.649575287467032,-0.8250623387198956,0.6697638295446247,-1.4027379103202087,1.0212319398015168,-1.40287598008962,-0.8204835136449695,1.9351016347086407,3.151629092172641,-1.7980020965705883,-0.8940449924296736,-0.29748980431709526,-2.548014363795101,2.3859221649397,-2.4986713971665964,-1.57695703259734,2.952420572970251,-0.42027064955925386,-0.9891829676756405,2.5326614740275666,1.4196715311393504,-1.442767810187334,-0.7857804431866171,-0.3114046496307452,2.196720914870159,-1.076439543003799
1253,-1.7124070409481291,-2.2863869251118594,5.799428470204365,-3.7773595202048718,0.4324046185257586,1.5443203975345074,-3.1902509505406442,-0.5021228713117836,1.2315252592687447,2.2399079243842905,1.1550444903310009,-0.9341038521316207,2.395906069398116,-3.311663329376925,1.7555747218118931,2.167198194037983,-2.304674571997218,-0.7023410838739821,2.7794017909448137,-2.336822877826929,3.331072546267439,0.2822870745718067,-2.967534104102871,-1.0884044298552773,-1.7651432941284746,-1.6626107630224247,-0.9076498712526622,0.925106518161078,3.730227070242652,-0.3199296599991488
1254,-1.4993767610991409,5.309561498262003,-6.190766648999247,3.1063081628104285,-0.6043880789499148,-0.12133817202437491,2.416912762206209,-3.0757376000880257,-0.957760035531761,0.2865056875243006,-0.20619511844110772,1.5362743043303482,-3.3718834490823344,1.8948150346996826,3.8683959743871235,1.282730793250277,-3.819018781074398,0.1449604278195249,-2.0633767733777795,-2.7968503180127477,0.8648844075962216,0.24133783416633303,1.1363239927373812,2.617680856889546,2.576803598923526,3.1718359708386856,-6.166828553271493,-0.05714096059477747,2.0757441207193814,-1.6004141766143398
1255,-1.632581136381745,2.540757803204407,-1.3757322142839428,2.338528747621563,0.2822718460816329,-2.153245046242173,0.2777103492598876,5.202166090010966,-0.6182953949688246,0.11332559076859106,0.44199771877975635,-5.416904353850391,1.090116341300373,2.873745840457282,-3.7229321842974255,-0.41803075835835557,-1.1703809905730722,1.3474817514710438,1.8604615436648544,1.2098976683024603,-2.8351091726971624,-1.061190233400139,0.26772156427291627,0.5582186298560181,3.9678860361231756,-0.6969242513896639,-3.7145318058122356,0.840363317152276,-3.105557600949382,2.708764304876812
1256,-0.43690545189066476,0.9899046841651824,-2.6593368516580362,2.287168567246006,0.416249359757745,-0.5970803076205069,-1.0070999653559198,-6.013867122135764,1.0659086361636083,3.609683158809869,0.40530103075217294,1.940074261766025,1.288106513238919,1.1821371937540803,-2.7171616769123315,-0.3179248075455483,1.5037041641038087,-0.9388613866390774,-1.7792318751331244,-1.6406427357135271,0.6729448148316628,0.6135356830397525,-0.9480581776768613,3.081452290651029,-3.592705465452209,2.0329090184607495,-0.047909330171485465,-0.7709852549359253,3.4816999980600833,-1.1030089659602371
1257,1.3960864351555422,2.488002852362772,-4.606462203628244,-1.5979378028142932,0.8849014365047752,1.4354092824191564,-2.8418736404621967,-1.1308420961942147,-0.3490831569808579,2.3873874726127013,1.2196779571744143,0.7147334638501519,0.11610338381839469,2.7584421551287903,-3.5506423819947006,-2.456821988041323,3.114967210792603,0.017951620296058124,0.6086934365982835,-0.553588684047412,3.6363114961067033,0.5386336878021147,2.2304016766970527,-6.4604516131578436,2.8932685803460636,2.061234955127052,-1.9238769112065413,-1.1551013409851127,-2.5349056486460526,0.6593803653655552
1258,2.594093113761563,0.22702994483271866,-4.329319985292425,0.3435661851550904,-0.8274717978691635,1.9921025394118956,-4.421451393946647,2.1675788774614766,-0.5248963038253036,2.3354405949463306,-1.1908355364693763,1.6341637618335305,2.9615759009112956,2.0913564324568767,-1.7313682405106547,-1.1196808788582029,-2.7439018030445137,0.5420185890450249,5.21446572722272,3.024286295020218,1.4008092129628125,-1.23792832110767,-2.3180041471109494,-6.083628766988237,0.255865576658298,-1.733178918023171,-3.084155296894153,-1.2362451948355022,3.442511037968341,2.355202795127159
1259,1.6185784609713032,5.577179699664626,-1.3418138471287762,-6.101378165392397,0.6753624579324824,-0.42792860604754956,-4.250704274548184,0.104638981233375,0.9371227317432274,2.714863998825173,-1.1193264213380534,1.6134049840844717,2.328481892749288,0.9885871565979159,-3.645483164148647,1.6435922519686734,-3.8358654787648216,2.5206873415973767,-3.6214615125075547,-0.9502824559700525,-0.49724487931213446,1.1436419352963654,2.11278665633691,1.8125602561553755,1.3179974851975906,-2.4051014047788293,-3.416736430762608,-0.3901557276885521,3.1626169267967015,1.7313791512367374
1260,-2.130473205568345,2.932060961845437,-3.101331631172009,3.236706411654037,0.34260228524605196,-1.2795648220055025,-6.236195522966884,0.20599823653962446,-0.974830225177377,0.81474193626015,1.0177370805704093,5.172548494774084,2.2525665374679775,0.5371284436870774,1.3158169964329716,0.6275294100288491,-3.570407120457457,-1.162634267159623,-1.4744444859841224,-2.516065534647158,-3.1490143152852195,0.1953239427154223,0.2526582931402359,6.69154210005977,-3.123911571454343,4.706751623356368,-2.593447634186944,0.44873487901478004,3.065771051523413,-2.503898348252248
1261,-1.4783727899962997,0.9426715231420388,-4.7868293834254665,3.83912606471916,-0.5761820713694152,2.059586656929662,-5.116227415321642,2.2329105679447707,0.14002573240959215,-1.203877109319711,-0.07758304571086239,4.024751269997896,-1.1310243484211941,-2.6100408991410866,-0.48688941345875847,-2.122199208915772,4.014436781145335,2.3357170887912737,-1.3840521219713864,2.249606915411775,2.5211390487189504,-0.18658665373551742,-0.9953633333248924,-2.204743855099988,-3.5699241021849453,3.875889019181212,1.9820056037573792,0.6664869833105227,-2.5776263113526863,-0.3768311927104797
1262,-2.635486513376046,2.5819077840746623,-4.381728292351411,4.27752667148091,-0.943440077046972,1.1012204272185464,0.3426472258751545,4.782519508892708,0.911490800033028,-1.4044899663699102,-1.0551334149669955,-3.5770341534639236,-0.24847098373703957,-2.218879343974381,2.2052467506141618,0.7083162873736946,1.2865838184833187,-1.73279652875995,-0.4435857844066966,-0.2065523637467095,1.7431636010487352,0.01847499492829119,-2.1122727087596918,1.0007722609349692,2.2071533609250054,3.331659891641248,-4.660091309628317,-1.1355910145165176,0.7039766492055364,-0.4471075776259976
1263,-0.25050017962730387,-2.9551598533224563,3.0949646241803066,-0.12244781540814742,-0.49496167739608876,0.7281049015734045,2.2781959686951794,-4.132816121435589,0.46720742781887115,-3.60664634566975,0.04564805139373629,4.948411019197618,1.5752494260471757,-4.039786733499907,3.124422590613964,-2.123918422500166,3.490087075839199,-2.0260539365004675,0.06253165116851989,1.1006419357173343,0.17886751257623246,-0.24753135695892947,-2.3826758727239543,1.288166130219679,4.437556335774779,-0.8596003521066535,2.6226927721943163,0.06943467772658707,-2.843376543402192,-3.4267068901858497
1264,2.0990186044762353,-3.8736207916758474,4.003691040999399,-3.071729347342778,0.4731990001064741,0.369441493436252,-1.222899299089704,-3.7553904061479315,0.3077722770958191,1.2376954459360938,0.12084919808992023,3.3119727841158557,-4.028724966386832,4.15847009063571,3.4573302322775348,-3.83964606811365,-0.0785495992712022,0.33112031085819993,1.4843064502593322,-0.1301193309882258,-1.5102591507137877,0.3795495950287693,-1.7542998959909202,1.5308223324037193,0.5582831140531184,-1.0388464392358898,0.8439473287992527,-0.4544925215250135,-1.1541109290337879,1.245219446943338
1265,1.0656094582662874,2.0860444597632863,-5.3778477790711605,4.376859815955413,-0.2493712743499341,-1.901294680564087,5.437361639193753,-1.06850310136128,-0.6806636341429302,-0.22641403952718164,-1.0456482801751488,-2.4161325839871886,-3.271757454240939,-0.9335160272486505,-1.044379783981979,4.1691977001529,-2.0903586832844994,3.1708142486029303,1.7496313948484215,-0.0785126171816728,2.3105363480691743,0.23767284623522578,-2.336913414021028,-1.8824145579512397,-0.6878009900408735,-3.697019440751088,1.1144918454978203,-0.581567046054972,0.4088486431794962,3.4430469881706287
1266,-1.1996147579620846,0.2665914792114883,5.1138581403148216,-3.8415223981784052,-0.13377314173298727,-0.20553932165299926,-4.990703010821239,-0.38462437354921164,0.7008257192482699,-0.8226786267475408,1.173907579207107,4.323272712662632,0.9437547546084133,3.458707301548685,-1.843731108613028,1.555518548920226,-1.4589771266460847,-2.655272369818457,-2.431016896807421,2.363398458914073,1.9716220248704026,-0.5632222100407329,-2.774139356124378,1.433357979186944,2.0755717676695653,-3.888492951626425,4.4924783106362085,-0.21922460376054698,-2.117428584434771,-0.3429039384829995
1267,-1.4166323882244622,3.0940102721487506,0.6718945527958589,-5.309213638857379,0.9522690875713478,2.0076721145657146,1.2646869720640304,-3.4613211439521585,-1.0409164911343658,-2.4017231061727227,-0.3045882047572306,5.943861973952469,2.3186649462878712,-1.6775205558071136,-1.0097098163363967,-1.1134025426422145,2.38945867300394,-0.9074907045063068,5.2466721570322505,-3.0682470360456033,-0.3665750559856651,-0.596668779858474,-1.7563109661880745,0.5411296810444526,2.408298630243081,3.9505004351618602,-5.71557994191139,0.5521531799782453,1.6483526786851534,-2.843724982155912
1268,0.4075739095838653,-0.6731916156452193,-4.817894268020229,4.253807019215106,0.055597505667883684,0.7741074491984286,-2.383253788727636,-5.529960192712661,0.610457072303034,3.5055251397591896,0.8652630679039097,2.9319687014741938,1.7395754934352965,2.934342469180084,2.00528605269157,-1.1246592723758333,-2.6900362332478327,-2.864508509683498,-4.075248729180888,3.3823626453030933,-0.5210666342458854,1.1081015084888692,2.4145821432363554,-2.308730933602682,-2.878498877955394,1.6380867914188713,3.933484050352522,-0.8900635343428167,-2.143198449470029,0.3401900199978911
1269,-0.23526147925793062,0.8973633575545961,4.236179150389379,-3.055542064131302,0.4459221355756169,-2.2886611001305024,-2.1455891996489527,4.385441244511686,-0.7423587319149982,0.9054229857082845,-0.6813566484627067,-1.721559650193317,-2.288650170394355,-2.3510568009304613,4.025352959990368,1.256341834745129,0.7514934032905245,-1.3934812267014216,-3.1838701791303876,1.9896640031114323,-3.5963446136038844,-0.24373113856094264,1.3653513665468449,3.6689305616358006,-4.081926410709556,3.6136523239645655,3.218240606540327,-1.2212175740680582,0.021690162062423468,-1.5504391077886392
1270,-2.706221418313193,1.869781673296714,-0.3702310342017796,0.7367637994870684,-0.5406468092694576,1.010553789000534,-5.51547385302862,0.4951362245374078,0.6002715714235487,1.750109425926233,0.4838665265673985,2.1860901045740455,4.229165464624813,-3.374584913461838,-3.1191474293544097,1.830363219796702,0.685230253239002,-0.25102659484448964,-1.142891668729451,2.5083276124730673,-0.08033758596065788,0.2636536186525742,0.020665220758417036,-1.5694171971951079,-2.3498368136838295,-2.570595736971132,2.3044241046841982,0.009776875930443296,-0.35208080470296466,2.9583123747443274
1271,-0.768588431157216,-1.2056951378693057,1.7407827487918937,2.914734740608349,-0.7802022538087388,-1.9010316665650944,-5.281251944783893,3.246708937251057,1.1651200092511464,2.5692835023524516,0.543946505733718,-2.243807009804428,1.6011344934249827,0.9987749009195923,0.7553559577863318,-4.0326449175934,-3.0042395047979102,3.681619070260215,3.2249343013278775,-0.868249186713367,2.5528850850206304,-0.8094537217502662,2.622626697937241,-6.722743175823268,-0.529687020080793,-0.17923035966699885,3.5447124826642593,0.836957245344844,-1.0216146090370621,-2.651137739223202
1272,-1.125445190375995,1.6481780825618273,-4.162200698443467,4.052679628691283,0.193587708784837,-0.6067995312186056,2.026680640712126,-3.3105097930613603,-1.0548414103677421,-2.287347921981018,0.38079399724535,4.245224487452695,1.7999700885026613,-0.009779049157440767,4.160498413282362,-2.99276135465316,-0.45895790778831724,-2.4989701901862933,-3.394431480087558,2.9192403448981956,3.18983083615651,0.6742455980273343,-2.8491694220243424,-0.5397158769712966,4.8711328901473046,3.3980977424257475,-5.173501015997967,0.9048984980190271,-1.1693870598759357,-2.8312410547171183
1273,1.4700901239672923,5.50560539642796,-3.609631116099383,-4.3340429431813945,0.9987056448812295,-0.030727105995797643,-1.9538706316901404,-2.6764026589254186,1.1003794984449353,0.1293130480344722,-0.3597368367952587,3.760317580931442,3.9295073515410586,1.5819298068281462,-2.458510768894083,-2.5916534633843114,0.916932397905498,-1.37820532399647,-3.813573164323806,2.0456031627591216,-1.3923258213957155,-0.9397126923001995,-1.6326766308697849,5.732685146129263,-1.860925510627844,-4.786430071336287,2.219937828233622,1.239663578118451,3.5470382066419717,-0.3592840310288672
1274,-0.8784707460137664,5.621600537217031,-5.071142034530048,2.243744914744564,-0.6375415053427305,-1.2781911660751355,1.78946561559491,-1.2559169831231642,0.6017555237723196,-3.7494109574442547,1.241664948642443,1.3724418525577562,-3.2626662830875333,-1.04863680858967,3.3924455447608963,0.6498032525460111,1.9148446009848854,-1.6457903066147814,-0.4779323555453203,0.8175439820235102,1.0551689940657702,-0.915319760455712,-2.7412957424965203,2.2618348824071575,-4.337229651254457,0.1670482671619915,0.4321356673231591,-0.5251431571866068,0.9060881172044848,3.357100756752491
1275,2.0653377535181967,-4.387498445917984,-3.213222863469909,5.503180718620747,0.6448369658587985,-0.612634128609935,-3.713262435073826,2.242680927879146,-1.0517951606701699,3.514970319142055,-0.2291589063612065,-0.7634347449159691,-3.3670499722714577,-2.8561024220678846,3.8068867959005885,1.1651844056100948,0.19410727723353105,1.0569739155949165,-0.8401274381916544,1.9110880680889402,-0.7938810084960384,1.1656621763704758,-2.6666294839506293,1.223887686177786,1.5161682268171113,-4.818488030116939,5.743407431363103,0.7917644961916972,-1.5721318071206785,-1.6607203171332383
1276,0.881567684626468,-1.5281906258056992,1.2828979236062743,2.320452623798211,-0.9858007937001034,-1.970926812525251,4.182847148566381,-1.0335652408473095,0.9371106244413241,-0.15360425003747125,0.28527876442710554,-4.218067046550004,-1.9328713720051933,1.8554643569118845,0.4650321933755066,-1.8427331226264663,3.3218859941887118,-1.866778049844683,2.7377847857157676,0.5003327138755598,2.5990923365084555,0.4355135142918529,-0.8516574444403631,-5.421065905952407,0.3973524639365813,1.8815375983372817,-2.4373199280203046,0.35268119139916987,-2.432175624610892,2.237924298959239
1277,0.8479100164349198,-3.3215766007769467,-3.1373521491578487,5.746995632479962,-0.58768973600658,0.4517128370264043,-2.360889146364009,2.794697781879943,0.6611844089222636,-2.6513382083828443,0.47556631151773576,1.0807788524269277,1.5727648326699395,-3.960914382589884,-2.952055857054548,-0.28799280554450846,3.010876449935388,2.617321762583387,-3.4668837013504437,2.7796569454716717,1.906637336663131,-0.768840432427865,2.030789524857889,-2.4813596732154934,-0.34420941378500913,2.5373042854981556,3.298613664911148,-1.2074092907931178,-2.349435303170857,-1.934863942659259
1278,2.821268889281292,-0.9579171874965944,-4.060741603827871,-1.1429783636189867,0.9339520705241569,2.4064161951379344,-6.146539112340626,2.9675768276943515,-0.105919419622861,-0.2254419838350934,0.5510532197950697,2.959270468309189,1.9475772779373521,-2.0982466247338074,-0.396676395362487,-3.8642013332609935,2.188906913710529,2.222640161709151,1.8551341014109362,-0.25596729405342344,-0.34798210358090564,0.18251569418347557,-2.5732184070066264,1.1395180090454424,-1.206037542559642,2.493601335929185,0.35252984456336733,0.012109558218209138,-2.499051026370175,0.8468478302201472
1279,-2.3441857943863056,4.244971050082256,3.342950316856676,-3.585108066456854,-0.31052150372061393,-1.348106002375216,5.886466555557334,-1.5123469607000715,0.6346379770316775,0.43545436402154714,-0.9870424283710708,-4.4571695075393585,1.8654461691574795,4.20661585006366,-2.9096935131117228,-3.263396948432346,1.3591035218981098,-1.258075079575443,-5.436232189202823,-2.2610533502912666,1.734712423317287,-0.6136732518859933,1.3820000349404271,5.194246333121285,-2.4042197404485854,3.058138673480613,-2.3005515732659667,0.1701168763071932,0.7840703397212092,0.6924454242066265
1280,-1.9498376571063574,-0.12064084436587308,-3.6396292353280444,4.385721564332268,-0.1540467344330969,1.4784329069010376,2.063704724221868,-2.408667956526916,0.3084231488841134,0.3254339505909769,-0.19270045014403703,-0.09619341702594753,-0.8129689078495126,1.3920210100711117,3.27855592347505,-2.8859225092967105,-2.446540394039623,1.4748548776394301,-0.2352809365520514,-0.6326796683779232,0.5973844101346693,-1.242968743608054,-0.10802411402763923,1.6215690524299191,-2.1362206094974354,2.9678240711418518,-2.9005407487668116,-1.18500510249845,0.02611198659549885,3.2278304030264273
1281,-2.4798220611372574,3.6975006572906004,2.6785454174258447,-1.2068498583365432,-0.396416666915836,-2.2929574883268558,0.3510750075435496,0.6471614291681469,-1.0028728634949728,2.658799177564539,-0.46577169517185535,-2.18839105560933,3.90803302768402,-1.9596833742591588,1.0213913247984472,-1.8499063724901568,0.3186431446433957,-1.4384777503768102,5.192392773384313,-1.7256109656378342,0.8268330897905649,-1.019126890718999,-1.3324525236968476,-1.9420354831222788,-1.4632197482147795,-3.0433862849554423,-0.8803983932951702,0.13867276060126255,2.560560335689811,2.687771330175451
1282,-1.1056012683658984,3.264671423994411,-2.661612678352398,1.3830800341593346,0.8901832040882174,-1.7707207155237032,3.4956795547560375,0.9125409822934145,1.0699648710916625,-1.2431209491932371,0.21753354275139358,-4.4525980016992115,1.8130624156922721,-1.5803937228666278,0.7554504210380806,-1.1309379688368093,-1.3675427961307083,1.5103616511035227,-5.112007124818373,2.0710254768901066,-2.1685115423100285,-0.8157419739769001,0.8315946217873815,5.193640542426699,-2.8300755156039408,1.2949163048215624,-1.5032468629211806,0.8756366920157967,-0.03548753646497538,2.1982569181538594
1283,1.4858130286693374,-1.5010516793273325,-1.6037092052041402,3.360055086445513,0.7026833215433634,-2.4437905521267878,3.852175153164964,-4.308078796326644,-0.1299958570398987,-2.9935252017877154,-0.9418681327744354,4.521292834763795,1.7985984936059936,-3.440730720079811,1.284837752016088,-3.9526285794006135,2.876603872720562,1.4333191811375023,2.9965277294098165,-1.586126974635608,1.8955553813475383,0.6955935467815033,0.10925243171035248,-4.110802114614714,1.5079211612183592,-2.371094585698664,3.2392522672905635,-0.25883712627556044,-3.0911611797567318,0.9739194632231047
1284,1.8853831238100547,-0.6046782949783633,1.4753156298931067,-4.853708172499086,0.46532273538354696,1.632364978390699,0.9377636802084552,-3.0671746782204536,0.2767762487835643,0.5348178940589854,-0.014695869873412981,1.332512725042882,3.2242070869539248,-3.9187608043322104,3.325755814380212,-1.467363531371987,-3.1252192193963193,1.9613806537660743,2.2622455191947353,0.06862550887098173,0.9102821624844246,0.4598493523651195,-1.7321480903032036,-1.9688544526131935,3.8096580205094455,-4.536770343501486,-5.271848369304131,0.34343695098986604,3.238870661644331,2.416653079663039
1285,2.4799959642102962,-5.2357914889077755,-0.6035879803732449,5.1253121097509755,-0.96851605773446,-0.7974125469458357,-1.7450973364804305,0.5334406907823457,-0.5006132406315569,2.7024811958755883,-0.18411909509607494,-0.8060922144498548,3.7577894846989857,0.11391186502564565,2.5059714624773797,-0.953049531396438,-2.253457246942409,-3.1711660338634893,-0.5288981781867932,1.0711246401787626,-2.1239244851401793,-1.1271587980733,-0.3749378080484842,3.0837946292688123,-0.4417742576533321,-4.837573619634195,2.480008987071841,-1.0773902595153988,0.24498032714692997,3.631748822585198
1286,3.2752735491604525,-0.22365634017493718,-6.054340676043665,2.343696029927955,0.4760574073210875,0.18297002980906996,-4.649182683787288,4.576889381906209,-0.42714653052267515,-0.5437661580282356,-0.7381718635898515,1.7813778540218514,-3.446438442818291,-3.91938054218193,2.093339773463242,-0.1586919780978917,2.331651077602011,3.099520112032522,-5.247563516456513,2.7524675601936934,-1.3036241536784878,0.052979112753261504,-0.5832271932151816,4.328968190402062,-1.4259270976533642,2.6434667434366474,-2.673429630798985,0.2317084926508528,1.371183198760594,-0.14700170639470045
1287,-0.029250061190456478,4.957732262859992,-4.232484177398572,1.87625749804441,-0.9683288727210253,-1.603926649594424,1.042051122925887,5.733549531139943,-1.0754271707581675,-0.35039216369134074,0.837089400477927,-6.18687072009422,-3.8749749039164065,0.16172646471506624,2.0056119871741807,1.8884836546434585,0.6580626835885468,-0.8389098862052098,1.4328785722149462,2.8893232343763557,-1.1254820714398939,-0.6254088761196046,2.65559159255171,-5.226902451584664,2.93089305790782,-0.12639163556491084,-3.2604342429529005,1.029905399717494,2.907287390731245,-3.4812599698376996
1288,1.8584688376853222,-5.312197156677858,4.4331462749889425,-2.290757884420966,0.9604942516683752,0.3508456767561139,4.944435635691125,-1.255949631530978,0.013161460204556441,-2.958318913813221,0.820420098129766,-1.5637486486811838,2.831741181477991,0.8692750338199176,-1.7150800589652153,-3.376940208310666,-0.39059602771344615,1.78160007969106,-4.993764278406207,-1.7407187446004873,1.3275770491493937,-0.050176158325209386,-0.5288970816753729,5.985979213856723,-1.5947299562240609,4.302429096984682,-4.028573314542193,-0.766907503704072,0.4495674135468377,1.6382142639398296
1289,-2.1378508551914184,0.2872602677084011,-5.20288475185594,4.826872347612433,0.014154262526771433,2.212448729199707,3.8276079309394717,-4.5157712263457555,0.6228528191481937,-2.1192671052763856,-0.5217833955484137,2.7063609770829338,-0.8270017087174146,-2.6774958663077744,0.797876596321828,3.419453338064514,-0.7721721285664138,0.05933976920485229,-3.947214225876305,-1.156655710150746,3.9139617364154446,-0.5632819833302838,-1.45538695609274,3.20857713903348,-1.7044273671567503,1.943947767944799,-4.59920895824823,-0.2996948594499633,2.749274924702025,1.910108492209158
1290,-2.6657673595299585,-3.2297759996502187,4.879082496739727,0.29214332456970027,-0.9891936971769622,1.7135112350476494,-1.1097655768336487,0.7509832483937302,0.5189865684645758,-0.0881181303297538,0.6846678750006854,-0.7567539846955498,-2.044406030122733,-2.5334269848289903,-4.147761910609276,1.3954692652076517,4.166054383419219,3.1640712769337185,-3.5455199590641193,-3.2327826401993196,0.5085666937102005,-0.2651155648074788,0.010927564751868957,6.523923905607667,-0.22798381120427536,2.398961384411333,-4.310176388815098,-0.07007486742027247,0.5645033696168102,1.644770313412561
1291,-3.3200262107348166,-1.1213613754613903,3.8709264889398654,-1.3830413269916306,0.7340174754281907,1.2194849488196962,-3.26865672329264,2.1102490547047346,0.7969016968682006,-1.2054383524254604,-0.3316598703444358,1.8986041944896215,1.474713841202405,-2.7210588084425993,1.5934896466774546,0.07152922929885008,2.6735546457566066,-3.092228554493097,-4.986377582676965,-0.9105619311271909,2.651033050864129,-1.0832571593463776,-1.2114278811758084,5.540591503461037,-1.14373358100843,-1.0042450256899222,2.0405427012376975,-0.18482515970124602,-0.10375928749457941,0.39602035265755653
1292,0.2749835847294211,-2.3269716055096126,-3.6553994047300513,5.8057641505160795,0.7748727291288704,-0.8732494541348501,-0.5468368980741687,4.428041430760079,0.47387954461503856,-0.853956858092543,-0.1353548405929983,-3.3657723786153646,3.67757822361693,3.6966406994525727,-0.5140832946285059,-3.3242097989229897,-0.6027952824856975,-2.933130547032686,-4.178926777903875,-1.2168529062633056,2.9862430942912326,0.7254851497693116,1.7803676791680143,-0.09631623906259179,2.474560492513792,-0.8120813067255774,-5.084961821660237,1.087264476099465,1.60491001579366,0.7303081439799346
1293,1.1142926135208278,-2.203087317447327,-4.3764347912183155,2.6698759248435273,0.5399237082327555,2.255429862068411,-1.7433038174729631,2.3068573288483734,0.22386038074509074,-2.41966984864653,0.5327968468834916,1.099459109642602,-2.0405065723362856,-0.446710938245257,2.832551572800739,-0.9278614366289126,1.7768294497673054,-1.1943020753579638,0.0611394425186127,2.574664640550747,-3.3277386958628483,-0.5216982168993036,-2.8744950002532423,4.088127829944806,-3.7271884058848848,-3.8502626482220172,4.3574225026833915,0.25201039191351615,2.728833074867268,0.23918508464376487
1294,-3.4632881528610735,1.0374115863426745,3.032914020044945,1.1430421022933785,-0.021723383079869096,-1.7283561727401882,2.1325971837870767,-4.775170772880806,-0.49221563215076003,-1.7961864507786824,0.46411533310002717,4.466860338923226,1.266686898519481,3.5967089270845456,-3.118165898996585,1.1358537441467398,-0.7126730239841876,-2.1684106467703774,2.3773658237475743,2.129920036783883,-1.3829439113130704,-0.05491569038906707,0.05193479579623528,-3.1213610546267674,1.6990487235958973,-3.99422086473367,1.1336197688942597,-0.3225457174553865,0.5467939777821709,0.9373041119177703
1295,-1.1843539527939644,0.3186726587793238,-2.8335248795863173,1.6726372172983623,0.008051438603419392,2.0185175176990704,2.2989295902818796,-2.0901312597525887,-0.8134534450206274,-0.5327031505210815,0.5658615876935222,0.5714966773189758,-3.7632978128384167,2.116744491360844,-0.6211556324505167,-2.0877474476095514,1.6184879028024,2.7369684987348855,-1.3378647819111045,2.2762280185508956,-0.29278410499515495,0.5797076510775998,2.3494141714002996,-3.574700954123756,0.028396097535523523,3.926868655440572,-3.406972268369607,-1.17405141007219,2.518905503342168,-1.8931465778754273
1296,-0.3877552586809543,5.3169243879012456,-4.216789644421425,1.7341590117381749,-0.36852318708875575,-2.0780153094483946,1.2224472086894735,2.9710080852733114,-0.5369627925180627,1.225743241241311,-0.6208212705651359,-4.261414472120816,3.53948727378533,0.24070353694000346,4.208748952117801,-1.0196970935191665,-4.1244368366790365,-2.844805832645303,0.675129661319005,2.864271336426288,-2.0874222840715575,-0.5307165457348431,2.1023173840920624,-3.0235795520321673,4.605124939959762,-0.7396916332014065,1.1905144062784494,-0.058082503600757285,-3.1294068274779647,-1.8684583819570584
1297,-1.7041281062859408,-2.4935975408506508,2.5207521250079665,1.5488938317455592,0.9507416729094569,-0.8226619825265171,5.359317792206969,-1.9955400026351775,-0.4168303154632449,1.0658282141533526,0.4466084622249067,-4.459384150486706,2.9377456188013156,-4.090836989183673,1.9557193526773453,-0.9277226128431977,-3.1670591575199563,3.2921537880677967,-5.637884022381726,1.7242153966028173,-0.6934979600171847,0.21472960201480085,-1.5865646707298637,5.979001654509936,-0.45188201150505236,-2.6743250126937497,6.24570229873672,0.5068132974668345,-3.440550106991319,-0.18575846501239113
1298,-3.41968017895236,-3.116677502860238,4.494822864061533,0.5976992590644983,-0.060150972565019334,1.5039865312514813,2.5173126483256034,1.2193057235362552,0.3760265308358921,-1.5563833563824243,0.11177991722298497,-2.6680414635381986,1.3704345402442506,-3.1629567704102364,-3.002648082037183,1.6085143519451535,4.182930681281583,-0.9962747210239229,-4.891169957447879,-0.7897913053761716,3.026127530810516,0.7383057746353829,0.1426022942692029,1.7739256631077218,-0.814436251736204,-2.9606935779556203,1.8340680067208481,0.5820961893551448,-0.31879424501042664,1.6777598786273273
1299,-1.644240829334512,-1.4873831917956686,3.6299914971391303,-0.8296024999904539,-0.6206311371385076,0.95186616111992,-3.95787616002783,5.538232194414345,0.979211072695862,2.825076707921692,-0.8414787732181681,-4.543165041785734,1.6548765945687336,-1.507099429376165,-0.16493281567994345,0.0749867699822957,-0.7934882395650078,0.7356571200697317,2.31962549711875,-2.1808446979263785,3.042269605767885,-0.5765926696225563,-0.06533177865386719,-2.5391259566850692,-2.403496062391838,-3.1510796272744024,3.27227302399557,-0.3724803429513326,2.460007546524327,0.19477546209877517
1300,-1.2239162411633728,0.39612538362900906,1.6777191326317364,1.3390549065632946,-0.419393650080194,-1.7695895315805839,2.9076310544918442,-3.9190410562789353,0.6140797098075561,0.16877153482397134,0.18433963657192098,0.04421912058381494,1.954712784017044,0.029470251784999846,-3.3238575092836555,1.3667803861972097,0.8086558407430076,-0.8357617534589572,1.151739585591006,-3.100588427576888,1.7962938055975997,-0.9577036266792902,1.9049704618931695,-0.794711798826853,-2.442433321982662,1.6681981324507298,0.3462031250648856,0.3482749569823982,0.9024850615287203,-0.8227279540429322
1301,-0.08104033179319181,-1.9858732731366722,2.0034716777975596,1.384618412797007,0.8485387331410763,-2.16971521880589,-1.4168968747688204,-0.047998533297427315,-1.1568136926468426,-0.927111193884059,1.0312814231916878,2.517538871405659,0.309490349227886,1.1284001875733018,-2.14469430700246,0.9232412425147487,-0.38708840304525083,0.1706509307313837,-1.9531945679071008,2.2822662459458805,-3.4498149326637133,-0.21384401228535665,2.020568338130751,1.3140189287783066,4.973544593353694,2.215095220575865,-1.7261321824398976,-0.5737925465776188,-2.302292142663312,-2.5864229422476033
1302,1.0365075010172866,4.955730709493597,-3.514585638668809,-2.9537050540087826,-0.23479547370669573,0.7108479558732963,0.041706042543992794,-0.9636755324358646,0.8363921962491982,-3.2074883498492,-0.8648662457949703,4.157931889287035,0.6742101579412676,3.0701927606530184,-0.3367897488944429,-3.913322159727297,-2.734143770779502,3.239852760806574,-0.25450240829502135,0.027448766474432063,-2.185537542393835,0.8335689072998997,-1.699250477970196,3.2782727548834707,-2.49620657960034,-2.5755517392671443,2.368514724384756,0.763089659135141,1.9748267055455777,-0.034672770196847225
1303,0.2565199948646093,0.25555489811114995,4.234375847910208,-5.503660992963596,-0.8785747137657216,1.6357849658432375,1.7168484513986257,3.8057725066736836,-0.9711365864205064,-2.8631523584439638,-0.9771139873731771,-0.7112180258345013,3.723484126707568,-1.696534036609373,-4.012831036898431,2.6301909536331394,-1.359914021485677,0.7156040146523779,-3.3868050969375147,-1.6398481338307977,-0.16336693381149026,-1.1438285428293464,-0.24003725008084764,6.5738859574887485,4.677135363928464,-3.814785158398017,2.7283357024687085,0.1562351551924568,-2.26746925479887,-1.4794518083916124
1304,-2.063709356300027,-5.224836903719183,4.422574274794169,4.012933150970259,0.7340850796414058,-1.8810462453867203,5.398313885152067,-5.083929790006369,-0.6131390206436187,0.4491982349534194,-0.7998636004508608,0.6494202909955114,-4.093396337876321,1.992947164365951,-4.235439741519379,3.8649164757093963,-0.30308531450757314,2.7740577538275204,-0.31477716779942355,2.525298612943086,-0.5508334864742057,-0.13719508457780982,1.5135404147946208,-3.036033288887527,4.498343495278483,-4.685509357703488,-4.614805650017491,1.1984523507831417,0.8302573985526767,2.773261763107808
1305,-2.203964538768062,5.025061836216242,-4.979165136363854,4.273382248911606,0.05885569301075311,-2.174170103006788,-1.6332419348205853,-2.4577229610080984,-0.5534420657880785,0.8375136221287818,-0.13628031276621222,3.943173652254348,1.1574463672609063,2.361024240176537,-1.1690471914882288,-2.5438411824833214,-3.334523273362894,3.528941039896619,-5.960395768076278,0.6370424184223431,2.537705170314787,0.3716109106271066,-2.89848904914939,5.312526317860161,1.7736923066152777,1.3872264035101978,-0.6688055346132522,-0.47921090254974885,-2.3600254105928613,0.3471231376315309
1306,1.0784924408465528,2.10711036571913,2.844295324803177,-4.459562742045005,-0.8588402394688006,-0.711495149855141,-1.8641910006097362,5.654567573216745,1.179268237473666,-3.409767195506406,-0.08711800895588606,-1.4727596056182328,-2.8964525220056103,-0.23994744162758153,3.8495815035531287,-2.7805775552885645,1.8207269844823024,0.24666903088592562,5.144144125697839,0.4260300699889541,2.614923530451879,0.38379493631089634,-2.5340728462664632,-6.034819816184385,-1.3103634128301564,-2.9684581880845506,5.966476708997288,0.9132843639876818,-1.8273224970343964,-0.7736169750346988
1307,2.535192065971369,0.8061750391285294,-0.8003855695340398,-4.556340055119826,0.9076448415906024,1.1077136779632877,1.0692050029275961,-0.9513905972581469,0.44860563305143586,1.9248451897420011,0.13235412743555308,-2.6236193558982883,0.08303606020713517,-3.1038734436708584,2.846386396519776,3.0578066761064058,-1.6491320142807169,-1.2342236748821396,-3.3774574564357103,-2.6705436551522936,-3.025141442170547,0.9794391711720918,2.290548021596111,5.803155360989059,0.38368055670585477,0.7369345601985557,1.6806989109143373,-1.1311328846811612,0.5443244331347614,-2.2145055762711543
1308,3.037619076805502,-1.082969028122502,-4.987865658367625,3.497657027599775,-0.4494711099728306,-0.014970307942395067,-0.3564979848305967,-0.965002743708844,-1.1232061148486987,3.375671799203225,-0.40165660645606405,-0.5293083493588426,-1.706136805138092,2.1782956140565943,-3.8418173919009124,4.2131269003720035,-0.2465179377832385,-0.5969503796067706,5.6156433626967726,-2.6657784339368504,-1.833824930594952,0.3031603364558624,2.601791059694845,-4.020991394316951,2.090191549848015,-3.447239919873166,2.4505712871125667,-0.06892646464473451,-1.1430566177822907,0.1184601653407853
1309,1.1311956650578914,-0.3530763138100923,1.1564916023447331,-3.3774642418932856,-0.4338591840936379,1.8767124723943525,-5.353632987327845,1.80142647744864,-0.7021185122473828,-0.5921606233587546,0.5639073284339826,4.282578317051545,3.339691684161437,2.4653815834098367,-3.731113579256764,-3.964770965143492,-0.25145623998044897,2.1422675168090244,-4.766361880836616,0.5427011651737956,-2.6770398058161753,-0.35679885109700127,1.7092470688582697,5.5482523037164455,4.289126384334413,0.8469118932230586,-3.8248889922780727,-0.7842025014220289,-1.8647197383995557,1.3377729545433716
1310,0.2991268327322114,1.4879815173341697,3.791275797199976,-2.7515262724761698,-0.5001009392499243,-2.3267569355403355,1.236432939253838,4.0872996190583955,-0.09944894236214985,-3.043270937734313,-1.018726556491591,-1.162286121723966,-0.5779847112065575,2.3822308499059943,1.2763449055604568,-0.449553911851968,-1.3492059270113579,-1.2818312053969336,-1.3261696543906822,-2.2111220051062297,2.986932313186699,1.0374312594233839,-3.0373806977449043,2.550308784630463,-2.0570796954421056,-2.1728949594557214,-2.511088006520886,-0.3340130524650844,3.5097930332114586,3.5652826806735014
1311,-0.591172496846923,-4.761801217012646,2.7070378678632885,4.357429866130932,0.6139170578216095,-2.3254110779563257,-0.17619914437137396,2.9567743523042758,-0.9117193059225217,-2.862456534008855,-0.47929003609968746,1.4728906680983975,-3.7899112715260515,-4.027555536920829,2.446953932892452,3.9645317005196077,0.2541102682483576,1.151870906786101,0.5860970357382982,-0.2524402157187655,-2.5104983221465584,-0.1420017109594589,-2.2096207406096866,4.528463953694896,-3.9323181588167024,1.196813109498521,3.9431802989102422,-1.1568772925230406,1.4342823466891872,-1.4850803037570408
1312,0.11389415874158537,-1.5323970915557226,-3.9948117654672792,6.009164415157411,0.6726079905167874,-1.2684577073928676,0.922153860512779,1.1714775655152039,0.22580702120260376,2.6497095137843125,-0.6065537839258504,-4.362594177088809,0.14376645315907055,4.014482323757676,-4.01598626609511,1.1294719672421998,-2.170741213501813,0.8990067354376166,-5.937297093236857,3.007195373036623,-1.345192490770831,0.3389931249303988,-1.0019555307862529,4.93825661682563,-2.044415733096397,2.9291108393156584,4.48230905555846,-1.18887370380916,-0.44572687590139815,-3.7324035820659773
1313,0.23340309449172558,4.351922815901098,-4.060658078433246,-1.444398595095734,0.12518944426216416,0.7945413188739217,-4.95814193956782,1.2289868237527735,0.5939705162692235,2.4049543068672286,0.24301149072174333,0.4872188019570771,3.104760352164128,1.2175632520274249,-3.6514995287012812,-2.55281932624621,-0.5486883383112477,2.4306835890668452,1.5092749208214364,3.2075524497945302,1.6230050351817304,0.4574129888942702,-2.183215102165308,-4.614030292527939,0.8241565841436298,3.387276920931509,-5.841358455463194,1.2439980799611723,0.6458259374833073,-0.25989906705522436
1314,3.655996165053377,2.2692219961561797,-0.06025169485739923,-3.518603469126493,-0.7905231921931883,-1.5558398050325568,-3.1485066036517537,3.0876925892058686,-0.275590936561402,0.22994267273730884,0.5017084222182584,-0.39524614394806434,1.1959908115898443,1.6604774802401145,1.3528271912206087,1.0346971511279364,-1.6053842504050273,-3.638608383773823,-0.39019330422975784,1.302779417293685,2.3552697684365427,0.6740795974308158,0.2534177241704505,-4.195353203103,3.9463366132265776,-0.06736551519090739,-5.448158569617956,0.43829147051399,1.7270390873691746,-0.5961430862996782
1315,0.8402496126109877,0.188552988981197,-0.8726669503921798,2.1429254696248847,0.07834009663562336,-2.377401217460595,1.4731372290363929,-3.236926769401972,1.0277029457060216,-0.15893787519686597,0.45434022469290714,0.44068424516377647,0.1277133731254949,1.8526400413572048,1.0907732832185886,1.5688819744137241,-1.7257382564664336,-2.914270415648927,-2.9361399222181355,1.4948836225559141,1.8413181294830991,-1.2098111860571246,2.2193312603098683,-1.4095819040748871,0.5489591659210831,-0.07560105403706885,-0.24272468265188607,-0.8187557071026692,2.350830986594854,-1.7627087087231317
1316,-1.6861930028418364,1.050792495002412,3.3218594751314683,-1.5830684645654252,-0.3706839662068382,-0.7327065365198866,1.4607450738109549,-6.128796316573343,-0.47643229950454824,-0.6509136847577768,-0.02581004989449376,5.821207276919431,-2.6654969387522183,2.9638905267550193,-1.1815911125189977,-3.4743146456670697,0.7514897631093973,3.6060224070735245,-5.8727334870824315,1.0750794641737826,-2.443252018775947,-0.46669746142420365,1.8986008339465101,5.809002669160996,-0.1851706013404204,-0.027972664741671593,-3.560209680164789,-0.8326335166225665,3.742654397627742,0.8633320652428882
1317,2.888331247169422,-0.09010870244948066,3.031806412414795,-3.9968744883811524,-0.36795656759421136,-1.4651979011595149,-4.926656539188929,3.490641188451473,-0.5431409352620227,-1.2852875826397039,-0.10176500286698964,3.366208871506398,-2.3543320534243204,2.8054420346053313,-1.063099810200173,-3.330898705459372,3.5224018937400814,0.42048664073811537,0.9855493846485217,0.12651624974721187,3.7068805292660514,1.2128301577913927,-1.4675673231240243,-4.564208998330425,0.20316812336472978,-2.02791717755699,0.14160102858349433,0.9656964940370507,2.1260977969072385,-1.4086462653343261
1318,-0.41540138913128644,-0.8946446953987675,3.7376207424628447,-0.9136013876045297,-0.4314370152416145,-1.082536255086783,-2.198664801240593,3.4551981217120016,0.16787902860974135,0.43645604838496155,0.14481443474894107,-2.0056828322148057,0.11956648129835656,-0.09698974901142421,-3.8664993917618116,0.8733902723034852,2.5618387159376397,0.40869367123339373,0.6363738316275231,-1.3474107754997622,-2.118246389287629,-0.34263591551963657,-0.49008083779072464,3.6620000864689466,-4.396421034904829,3.9950289021531766,0.660922031744029,0.7933252642334958,-0.032704059961833565,-1.020151103262826
1319,-0.5881693380339943,1.3025853945507357,4.647960563495882,-5.730954985453057,-0.9760146867307553,1.3445930521710654,2.3135830842282026,-2.096951225954456,-0.02601729958232646,0.598913690765448,-0.41348883665567193,-0.3760394128009352,2.5507184314389804,2.214925726000338,-1.6291578929517385,-0.5193851440475719,-2.504479883641512,-0.11262123679884084,5.7246198693418116,3.451915935955469,-3.8700873814922616,-0.4695984418404251,-1.7977919741213775,-3.039058007844474,-1.773039907125284,-2.4278229943824776,2.3489826938066543,1.1925610081257476,-1.2248060055298513,1.8841252051064252
1320,2.9243771727367367,3.994888350886665,-1.188340780271112,-5.3593333068394,-0.14956850625980378,-0.22202293025319264,4.226293173588015,0.35003136882166075,0.7741616203659296,-0.2679756086357319,0.7926658853200141,-5.8751764394596435,-3.9671641851323223,2.529811356867711,-0.5201242862990796,-0.9340674722867632,3.704837165563333,-0.8132925787132219,1.2953208655883053,-2.819879800622733,-1.9965792123272106,-0.7497990720511414,-1.1262361486519268,5.397173368063456,4.648428042923655,0.681365983461113,-4.004009253608867,0.8328609239059519,-1.348789873386396,-0.8098558232942494
1321,-1.3451584811947868,5.2565752187248975,-4.729471476676938,-2.526941343911826,0.8720781575890237,2.4729179254695417,-1.6213047947891681,3.728147957741662,-0.5236998822397245,0.7858138055855939,-0.9107582689861999,-1.458198817311903,0.23001803781170693,2.5141790211327972,2.715243307728546,-2.9451782253893874,-0.6156558424842231,-1.8986062987997645,1.917316244358659,-0.9491500122673813,-1.5651359476029132,-0.3647348208620489,-2.6464927097338187,3.6081972461062364,4.435043000468369,-2.580117218207146,-5.156278981560984,-0.5484973418505508,2.536013978405137,1.3138365627464061
1322,-2.47454995182801,-1.3265439379528488,0.20492037960430665,4.110363837202563,0.8232476438457441,-1.3374379708718411,-3.1394671427864367,-4.137418189467645,-1.0185008438801946,2.940191271135763,0.8760102898678372,4.479184615130951,-0.6259660302588941,2.7453641498764405,-4.029712810158525,3.3153376746010785,0.15111296663086904,-1.556135950691326,-5.977548438853766,1.526093424599411,-1.2846866529804721,-0.7022647529164496,2.679323272930656,3.7590831472193678,0.8996051633377107,-0.4886983926922639,-3.6105706360861625,0.39667336872021863,2.127924992550348,0.675065504171366
1323,1.7589643711059502,-2.906003524990947,0.5496986211690782,2.969132697198006,-0.565495364597927,-1.8062967998842705,-1.2770047531144826,0.19320124842636588,-0.25632676702600143,-1.023417538199304,-0.41893177627331646,2.7824795861870015,1.1696056255172422,-2.5146376028245303,-2.4569313401641626,-1.2236509089442702,3.6674809065481355,1.3581333198672247,-2.6108105821248806,1.3596533693532944,1.5845391444573806,0.9206580193192959,-1.9390769672149535,0.6850370162085895,3.422709294760434,0.01568288966522502,-5.955946784407519,0.47283896090961175,1.419505029028759,0.6252106100447055
1324,-0.3173482305301185,-2.2320573710516705,5.231589675186207,-5.32902770778583,0.7514707994087293,1.895372834772557,1.781027636309819,-0.6726256165747664,-1.2395258082731995,0.8595606949462393,-1.24340639604074,0.5149694896328789,-2.599807620485878,0.20328333692646794,3.0058420430979744,3.978094547472967,-2.0705306879973655,-2.516881619014475,1.132033561182677,3.1518862867060733,1.450243009360186,-0.2818091657778572,-2.529317042634693,-2.9230366488376767,-3.7170780793390783,0.3559321035947889,1.652911427883037,-0.8262519968388551,2.9075160243128444,-0.37302947961154764
1325,-1.5056762460021549,4.942567015517131,-2.0960940941699207,0.3048138399551057,-0.17338185605687206,-1.4722286592434344,2.5682389847021376,-0.6313131641806606,-0.7093219213305328,1.7038684771012669,0.39050004951362105,-3.3219724258055727,0.6259312326003723,-0.8914523987875071,-2.2932453889988658,0.10817309457771529,4.065529189832599,-1.614935729224614,0.5849962335377192,-0.5075054908310488,0.5349066339929038,0.5850261921693214,2.5043084687480324,-3.701732037618225,-3.129469795545038,-0.8116288825292166,-0.5057101449225172,-0.42594433347307614,2.102023014209692,2.770730142261314
1326,-2.3474099536536777,-1.2343305416377177,1.70709903120121,-0.08056336501114814,0.4471668373223632,1.508037991778842,4.98497316222096,-3.3065316636895226,0.46571488257924987,-3.0012559573658795,-0.49881181695808596,1.3559113932135105,-0.7128814345244088,1.072991624973632,-2.0031605354391644,-0.15459356144998893,4.027686015050168,-2.2300421086105437,-2.9599287137220287,-1.6535316414976275,1.9870854868538892,0.7827505484319701,3.143798217222944,-1.3001738972904846,-0.11300661652939326,3.75012061372729,3.176579871941634,-1.0787951797980813,-3.1674754827325327,-2.567423206607767
1327,-2.793322640240687,2.0704717633154637,-5.81712227597108,5.861954803655074,0.77952891953852,-0.10151057029739619,2.3784214180242493,-5.509516158363226,0.5103909194046024,1.0773322537582288,0.5427023516063025,1.0006692155700705,2.2279297350687592,-0.9348074302917126,0.2469794378604071,3.3003046143306953,-1.1678854682262703,-3.6725208887421985,-3.16232039632526,-0.9002046521592231,2.2815470684499246,-1.1677030851390056,0.4595225518991306,2.489158513273093,1.7243901612868981,3.5843574254613095,-4.745131286286476,-0.030934396661171704,-2.81790717782504,2.2852252740256347
1328,2.625859933804385,-3.1583501584684903,5.611411404206173,-5.056278045472389,-0.15865182165839342,0.13600868758863704,4.084136465831307,-1.7625810196679694,0.82010501212969,-2.3935368870901677,1.1277655658781516,-1.875889137080776,-0.7246763353662189,-1.7061745289325696,3.272680024811482,2.179712024928733,-2.1329145213366587,-0.8886266641050984,-1.554508292901705,3.399211249128559,2.18704658191821,0.09574928381283154,1.5671532071299783,-5.694652029089212,-0.25055226852282075,-1.0412640805822804,-1.809504566637667,1.0841793462023661,-1.7042391410841606,3.7213807106257164
1329,0.13562508375536098,2.057149057450424,1.9322661638197047,-4.625118504263291,0.5050287171293104,-0.004950517891556316,-4.883068375240409,5.487441667567943,-0.24115131434212067,-2.904548896663046,0.3000515308270515,2.241275387850827,-3.4412884830192816,4.067309796198412,-2.905712868577117,0.16999772559145399,3.326148929733094,-1.2164550999268755,-1.872763055758373,-0.402479345726503,0.9371746870421305,0.044229965130074156,0.6506506265401963,0.6431871227711383,2.6565066555664103,0.5995589898721114,-2.8787982488909094,0.8824399367766897,-2.3666859247465997,1.1069785914234664
1330,-2.1717256359880803,1.0736968012012227,0.6155139475497684,-1.4118184076474414,-0.13269058550368373,2.027023880388162,-1.1609959815588944,0.0634121656160076,0.5064107634863593,3.6300457158622947,0.33293350683200096,-3.3718061702374804,0.37252216011089345,2.7247838975492904,1.1987929481898547,-0.37106120398783204,-4.036946301893572,0.11190850003102604,3.313718798125276,0.27924458950176145,-2.211667415069021,0.428585895972625,1.395412447371525,-3.2052943159034832,0.30089113764057984,2.222923708187892,-0.4685178177242122,1.0904823608140095,0.1782444186461678,-3.324023807563277
1331,-3.448023886368608,1.5475283498153587,-3.155966425921399,5.309454638308459,0.3655556012326362,-0.6185482770664787,3.8833953920229334,0.37167174713314566,-0.39727286029321185,1.796827901581711,-0.6594604557653314,-4.995161724678962,1.0779554382266845,-1.6322381183322054,-1.5283855893501386,3.610181460930221,-1.2576356354084925,-0.26987755606638864,-1.2241451108612615,1.8718233001499112,3.897738008766936,-0.160135607529309,-2.078681977377542,-2.3065986131500402,2.5630654462984452,-2.2088250556219826,1.5342225018322075,1.2318240690368043,-1.2010741647617458,-1.9192127967825652
1332,0.34689150771458444,0.8760691579411279,5.089188091988085,-5.580438947467229,-0.061490454154933705,-0.6702193560216614,5.018195065635513,2.813515790875801,-0.7126904150296713,-2.317975397588068,0.7684924225693379,-5.569537466462588,-2.8340231701651177,1.3528302541117228,1.484204859780295,0.14410194226769235,-1.0246145502474775,0.8775006642525724,4.098844614268607,-0.7087763632278872,-0.6923911036065995,-0.4312961215449116,-1.225256564277423,-1.0411244616131015,2.728967608787098,-0.7882563834398084,0.5824610909414858,1.1209655648064754,-3.7004865826849773,0.05634870159093808
1333,0.6247895178255103,-1.298245010044777,-0.8209580975259172,0.473393593617331,0.873745277710563,0.14727471841725404,4.521059339782639,-0.5975545897597172,-0.8513231362310272,-2.565187307162944,0.7804822408699659,-1.2874765474986063,-3.8605801987399317,2.3023630964137354,3.7206477485292737,-1.1998381216505223,-2.613509212493476,1.650916687940601,-3.074503956271421,3.03537841626763,3.871964531627178,-0.8124292996391222,0.2618089566130877,-3.2822186485986755,-0.9372097343504713,3.947889045885912,-5.075189883335614,0.8758689273008597,1.1991370685848217,-0.010495424084282945
1334,-1.331863504289867,-5.483507785765841,5.0961890362020625,0.4901140454939785,0.9200606258484139,0.3090075825112244,1.4666321604699952,1.5012454514327267,-1.210578411877497,-3.561624795062558,0.8518990819219772,0.952426513115693,3.4053710426091754,1.416679988629383,-3.706933335549005,1.8291158764870339,-2.814016372012958,-0.13021720016397076,-0.2484422903570973,-3.314537654444381,1.2331870422357625,-0.5293847169335981,-2.5749323395184653,5.434109959016467,-1.0320119558458138,0.06991859501568953,1.484024024476831,-0.7065265727315433,-0.40885029436447873,0.5934462034505827
1335,2.545909794143302,-5.744928673863733,-2.3663829094433844,3.103340679794904,0.2819737803496283,2.1800873290192353,-1.9335592383575992,-6.1846878658992,-0.5227755665176508,2.968859937965295,-0.20252767869055077,5.874690411500037,-2.021114378301883,-0.8404168950222513,-1.4815019161153735,-1.021226098734763,2.398601382647943,2.965657905525994,0.9490298507017911,-2.929987270020062,2.1014842385614827,-0.25557228023092904,1.6894475119324035,-1.5544020509459706,-2.237924918229144,0.0595205458805701,-1.1771459590292288,0.052776229318893364,1.1550488826134924,2.147725219446702
1336,-1.8060924442368886,-5.661829629054036,5.331116147433011,2.7590927132619534,0.9740748895671278,-1.596361676971222,-0.918969277007136,-1.3678253527033242,-0.7589744737592214,1.0725988338042782,-1.1859411971707656,3.1591114668365243,2.3674996463606384,-0.569453921749961,1.9817028674163737,-3.8414789237491416,2.6795666570400805,-2.617836325318292,4.267747378213631,2.0822835376526,-2.0714621313966894,0.22426329920660582,1.032527415037361,-5.535359498714765,4.5299606717180225,4.652668719739349,-4.731440712704433,-0.22749402087352522,-0.9156239336284369,-3.308070724249683
1337,0.11635736622894655,-3.2508373488233424,1.154793284008953,1.2917875430223305,0.5354460919519535,0.15245306361111055,-0.2541045330282188,6.007359201122746,-1.2224868951563495,-3.1711273396206323,-1.153437563665662,-0.20620286965155543,-0.587593746294619,0.16475377706015237,-3.5874735132287316,3.525413344440146,-0.3767892945460325,0.8616894325687614,-3.210098597511223,3.35686565751325,3.7952977488890625,0.4976248394523024,-1.0278462419643777,-3.4118434063802674,2.879526611374285,1.485461770902262,-5.081882919791141,0.9401293189419055,-0.4573350621794656,0.23410028075341316
1338,3.5151095669028543,0.9481557478032165,2.2817233482062456,-5.832232910289424,-0.5625989977926307,-0.35015675483032993,-6.090328169261674,0.6997647250191399,0.8574162417801219,-0.13284886260175277,-0.8595302457200731,5.525526310784549,3.103920796334428,-0.2825936408479066,-2.0786151657909855,-0.116403605291449,-2.4013022273754494,1.7749938429710603,3.7113595202340797,1.8948295893867417,0.2572524497190116,1.0188939132540993,-1.6025365745428441,-5.279798898052334,-1.6078471623910033,1.373385477248732,1.93174908922731,0.9185941435952198,-1.2586724840002113,-1.3572090636787593
1339,0.12316632586920306,3.3286017607795166,-2.4498094692206926,-1.132826682219786,-0.8301292962400793,0.9609973610317688,5.02709407211934,2.7786968709225803,1.124712987432268,-1.7990318692606397,-0.8925134218657869,-6.2389586393474765,-1.1215721216631191,1.7740054883709746,-2.092257921644432,-0.14698295652866378,-1.9437810820712755,3.5305885935361836,-2.2205073337364496,-2.6455364483574986,0.7252717336399463,-0.8732934767126395,0.8668284720552624,4.1472370531101355,1.195204742113802,-2.858378983136003,-5.170236137612811,-0.26581397443107857,3.6569756968956106,3.4422486561717953
1340,-2.269586260948218,5.056710684935407,1.8185411644218696,-4.813128215903969,-0.3752281346200568,0.5826907621149076,-3.234614126387889,-4.203277145370194,1.1763446434636533,3.6576823250523702,-0.3836073778938802,2.98747168113621,-3.248373416933866,-1.0860908353857006,2.253876421480193,-1.138391513179311,2.9902205892468565,0.22875875477150487,0.45768645804863795,1.1112553609796798,-0.8691562325233981,1.0873168245404523,-1.3594770880156286,-0.42762532303099476,0.8066197962369657,4.347019345599069,-3.431591402013993,0.73902532977365,-1.714924275453276,-0.7461487941410905
1341,2.826521442734684,-1.382611352258028,1.097026080476791,-0.8411436418534635,-0.9110008438104862,-0.7887916852895422,-0.9693597421103028,-0.7463685855553557,-1.2474990891852182,0.7492892893088001,-0.9322105231790863,3.1461486507214325,3.919201600202552,1.3250779603725817,-3.0135031427833425,0.18379020777864952,-3.326723499596296,0.9121568740255217,1.2718395395632776,0.4325580989994844,0.8021941215446482,-0.9960792793646931,2.051121681776909,-3.5616341625208854,-4.323943078474203,1.8607287137543196,0.2839908808659928,-0.4867134070095265,-0.5516040797402937,3.2175409706050253
1342,2.951230017215117,-4.073766240247398,-2.549913166159385,3.7163398415747295,-0.6518228769201919,0.6079324245370739,-5.655014660300797,2.229661987179785,-0.4526970772013943,1.6637784671614817,-0.9518621107327778,3.1661333938939933,-2.3264467618691747,-1.945170853612158,1.2562331247620016,3.509047207766912,-1.272101232917489,0.778438515869528,-0.41770181822672825,-2.5958689069436574,1.1143559999624735,0.4748961515700518,0.4936664805258957,0.9306520931107265,1.6589235317713396,3.3555535646760006,-5.676720123188762,-0.10611421721579539,1.7554193813642414,-0.987062137405692
1343,-2.948911288375225,-3.5064506017915953,3.4643040620950387,5.667256543775423,-0.5609195989264082,-2.1152791167773017,3.326833065431039,2.0136950941809495,0.9627698063033696,-0.6516491808625879,0.4241735331639829,-6.075822318216442,-1.60281906013633,-3.2126656528475515,4.182391269565457,1.673884004901872,-0.005165445159683202,-1.035625116324141,5.496009677720764,1.9801471708765224,-0.8503678061891478,1.2292462052847704,-2.868612699552596,-4.986422548141537,4.760392290663983,3.6878410090139973,-5.045713888851186,1.124121626014305,-2.9690405560302686,-1.5576004808094552
1344,3.3151572931100084,2.7644638306085234,-2.7504330714555785,-6.145620641016286,0.7991342125052401,2.017298376248048,4.335316514418203,-3.030843069417802,0.39435925664617955,1.1465479994651382,0.5253352624030461,-3.370715963514513,-0.16722405083273628,3.163458554153177,-0.3998879896093328,-3.184745025328006,-1.8738820574607278,2.4622805690772545,1.4997431626639468,-1.8438473901998016,2.1566759241872937,-0.0016713297309598474,0.5915477644820992,-2.402448131403812,-4.323006993214237,-0.6072917586902946,2.847225452339302,0.9885640392755191,-2.193199967514298,3.2877092278054008
1345,0.7205410605746128,-1.6857808750062304,-0.6363029905586082,2.3943233939131012,-0.9404486206025915,0.147668031679693,1.368353638441512,3.0853134012957213,-1.0903114215024892,-1.9848368462939145,0.9256471933814918,-2.3041659653220847,3.998503387826215,-1.6350168038727144,1.366629092245983,-0.6815317281619144,-1.6756015475739616,-1.3729824004639415,-5.243192607264351,-2.4472155024052444,2.8384770222288225,0.7095160248817143,-1.0822808359193328,5.224695898477158,-4.383892389267672,3.3822703773335796,-0.3764606790090177,-0.018939969323829686,0.16925777845889733,1.2277648818094278
1346,-3.2926069539283187,1.757155973107249,3.404197183857214,-0.7267459034064494,0.8629267423615725,-2.0049270419912775,-1.2518773678681079,-4.7004791086718605,0.8797790870915883,3.418998798377949,0.6445252742917775,1.009053316778889,0.6076498316149888,-1.0403704757346386,2.821120701547134,1.4017341338823144,-1.959582724136352,-1.8305514671737697,-5.800591004026444,0.6995038003811711,3.3727347061983224,-0.12097329728112793,2.8616655539019398,-1.0123397591751093,-1.6396362621240677,-2.291135345645049,2.912413349929256,0.3158637732720999,1.3903600750635228,-0.6878655904943614
1347,-0.1135726581440828,-0.4145206942092301,1.5629945624486226,0.3767560270266941,-0.9646149770020682,-0.44704226011993065,4.024891560841279,-5.660678417944432,-0.8055630527290498,-0.10467681910922266,-0.256983882318492,2.8030106112601487,-1.6359557684522024,2.8006209323806175,-1.007213341869651,-2.7242056350144512,1.8777508270636858,0.6890029858916922,3.488304200358968,-1.9523719515919282,-3.572070181591222,0.15975664426060554,-1.9680013713738358,3.8443826599361834,-1.738040071811401,-0.09050647411245194,-2.553016516429828,0.35832782047530376,0.8798448304056521,3.1433904114741296
1348,-1.6718645281043756,-5.502531735566521,2.754283039345662,4.25546910906618,-0.03127671436343715,0.19592082962248902,0.7229082230528903,-4.148417285097224,-0.36111497967388395,1.812637854636037,-0.7063208207094815,2.680307007791864,-0.6089693272285714,2.737248320782143,-4.117038973917564,2.4618463498221317,-2.9103818130628287,2.437295443604377,3.185942390917436,1.8329511411925417,-1.252807186549699,-0.44628858080479183,1.3063762592964956,-4.626174024053199,0.8516268599611223,2.6366133713099664,-0.4451491496234823,-0.47392644803696005,0.007703616401979474,-2.5768682500112092
1349,-2.4043393347607154,1.2759572814127615,2.3672249238114667,0.2541293335396517,0.7880059707458402,-2.2809781747489977,2.4889851606798388,-0.7751210207322181,0.7682140996175573,0.11900151533725634,-1.241804720934006,-1.3592750339682453,-0.5242092895414814,2.32406911924031,-3.9334649908327233,-2.2235048203733356,1.208800689038231,3.148309292468646,2.2601058549117745,1.047075379499649,-3.7227010025753096,0.633003560477067,0.24888763137704295,-0.4663714236914842,-1.3951010855344315,1.876612046278474,-2.2293397035592903,-1.2289449886300021,1.111157157738031,1.8656165737086248
1350,-3.1998193708731186,3.468815543793582,-0.06721125727104393,0.6341874813758395,0.9013896302857827,-1.7373620273110397,3.758595363083792,0.7704770922390232,0.6008458086040367,0.9298961143832809,-1.1931717437308023,-4.86664263457914,0.88635428635952,2.066067812177593,1.8602379093060115,2.3974562336906544,-4.153843941229113,-3.056272300305066,-4.514201325143993,0.10777565851583759,3.12474344792102,0.07590976979955677,2.372156403559906,-1.1663839546536074,-3.668915663275161,1.8216288739342588,1.262938856206631,0.47729845294453543,-3.459129446930966,3.5661789271221203
1351,1.497136942654091,-0.6959940324261922,1.2338342536173066,-1.1726049591460708,-0.754429154685192,-0.10794305001397397,5.556570835434837,-2.7160124784626873,-0.973716616414741,0.883724885078168,-0.1273155771014718,-2.6232510485338985,-0.7719456089458205,3.3393098226628126,-3.6293191799508406,-3.51373646232312,3.871002867980714,0.7046885605758391,5.721303410462312,2.9784491354043148,-2.64587945127227,-1.1374141990695756,0.586436495521717,-5.502895391047765,4.436611561623163,-4.157005181733714,4.016490857136404,-0.9823681992476319,-1.038685083101356,-2.275043954675418
1352,3.111343764703971,1.7909842684117407,-5.481844132754006,1.0403523502500711,-0.19186523360497798,-0.26897101700683024,3.0888984699971687,-4.717940775147806,0.7012667170094327,1.199724768883975,0.3577940164127149,-0.6297431971552889,1.7672844139012085,-2.0526590294215072,-4.137842663489925,-1.9072639949432357,2.8473862978548965,3.4830949760981262,-3.6171110406538567,-0.2585235462839641,0.052356946075470034,-0.6338734557388914,1.5121111635038282,2.9450399330961545,2.7559246374594863,0.7923745641982514,0.7844685783027714,-1.2365395249380966,0.5643877687067285,-3.6606160237276875
1353,0.9359303675646604,1.673082496490803,-1.230317235475816,-3.3282949220139244,0.5344294944074077,1.4151697990268666,5.601286942426576,-4.410122188238315,0.03604762084690982,1.9754283257523753,-1.2158438151175286,-1.9867968856698184,-2.645586763444248,-0.027165050064432705,0.962314160420533,-2.016189658145983,2.7929857423715667,0.9336415688621003,2.426455163061515,0.4659522537504621,-1.1977239234786392,0.7705297006505107,-0.6629762576588085,-1.8022369363262989,2.8053476490095086,-0.21840270826596608,0.8386410722653039,0.8570278139514755,-1.3797520056120707,-2.9028618213468
1354,-3.416668289758123,-3.9175451329780344,3.7496347566444577,1.6232349485852318,0.3687432988592252,1.5926004186472653,1.8348011100236192,0.8292656580411588,0.3220676271036984,2.3809753858264457,-0.5841932642145657,-4.782916516780158,2.1696893618073787,-0.8765527838453302,2.0648211591922916,-1.9088505452348237,1.8915565487101063,-3.340663740630042,5.147138517495446,-0.9642502557901018,-0.8712424868594919,-0.8534719955057009,-0.8493996784921478,-1.608774100849267,-3.057759110216466,-2.516871859146125,3.056001800909833,0.3160747564713988,0.9597875178726412,1.2427668941101402
1355,3.652090553832629,-2.4939469259145355,1.0166751786677537,-2.2567218200107426,0.5254192828048674,-0.4435162693799395,3.205552745741784,-6.030775608492046,0.3837587180835591,-1.127980615897556,0.2584830084451575,3.3109617521192938,0.8679931674574561,-0.9121035943025824,-3.628440949028347,3.7015491570995067,-0.8031239756043007,0.7741261943778603,5.966274218509625,3.1942326905566496,-0.47203406019554706,-0.13957281119846954,-3.1565291335708476,-5.392370904102648,1.3272029295097205,-2.945432024149639,5.838103878086599,-0.4963361895942846,-0.44257163678769373,-3.2809669570633027
1356,1.163268199873702,2.7887940416194468,-0.39927537665894874,-4.861844475522094,0.5500188208992123,0.7590387897887094,-2.2495157491103797,4.112897905363646,0.6199712991836268,-3.5545965052490978,-0.8202629910100852,1.8915060408224953,0.5155808783709084,-1.6181251907942062,2.0648839391114144,-1.3688886500700868,1.935889670027052,-1.5293406466454815,-3.3138483397415044,3.1805037081950758,2.3994309705177166,1.2234144330646615,0.27629718200078734,-3.7657979540379607,2.1523345526454065,-2.4234848634689286,-4.3213160164462,-0.6395903315146105,1.5499561998442815,3.6821004589414663
1357,2.7857288260805895,-2.6125273761024914,5.220910105828352,-3.433777388918134,-0.03720986298462359,-1.9231243039036698,0.06249951999527781,-1.3621385930895542,0.7991596709062474,0.375745926441704,-0.02882575306804469,0.15355922881457928,-1.448762870120543,2.210579391168782,1.7144647715092347,3.3511756647526667,-3.7012762992286277,-2.1261806580818803,-2.1961708642169278,-0.4241666118449423,1.8951876804696255,-0.8619327957043756,2.921106989741995,-1.3340243984466191,-3.4843620563338717,0.106169946689743,-1.9370660489882816,0.1792529710625148,2.163674478611391,2.972330708959955
1358,0.3142786038132197,-2.3878043720989695,2.9515366078049645,-0.5085707177347203,-0.962532392760747,0.5930922709762907,2.8439180172364296,-5.90606317864269,0.024414140301971976,0.9103357299809929,-0.5067445465649953,2.6341398376884797,4.023973981400918,1.4110373472228694,-1.4866512663085487,-0.15319238485975006,-1.3333133743210226,-2.4618543031348405,-0.846999524096816,-3.0624415340549636,-1.8174888774740463,1.0120775105876518,-1.4308269149429123,6.145679339979836,4.138453865728046,-1.6399936605007461,-3.4452297242676373,0.30102727955576114,3.7026353118303135,-3.056893072344323
1359,-2.501566686694993,-5.102745307209251,1.6516215984148097,4.150575077740218,-0.36088453111474106,2.1629998488639792,-3.4753654866947414,-0.5832228461322622,0.14921179895922787,-0.18849543470396668,0.06615588429448671,4.031716084277502,-3.06344044914114,3.4817679384822284,-3.573960640421932,0.6358811464539684,3.2671777664425434,-0.7474257618160589,3.4256363650561603,1.9580189316232985,-2.767792661062055,0.2123260825231874,1.372580264373223,-4.200768982515072,-1.7441475751382889,3.1902179616036648,-2.1990479889758348,-0.718622434477342,3.547455103342269,-2.0758550663530553
1360,-2.907535991007993,5.02239684945091,-3.887242415555029,4.503755734126109,-0.9181869241436811,-1.8131872528703106,2.9433070761544187,-5.405320533401515,-0.8003585254552696,0.13256834170043952,0.5057802181504609,2.624023422851689,0.0667990511740264,-2.685846490542847,2.6222323103058827,-1.4693752540235412,1.0841753020708538,0.38201508101523807,5.967945052647277,0.436848086551084,-3.1360257634966935,-1.0172228722316792,-2.8764932202195332,0.6249487167482641,1.649164724864285,-2.183456996159716,-1.2052799282102562,0.35176807069883864,0.6355762127920528,0.7522279160161887
1361,0.2331211347379618,4.567856709882797,-0.40555878409011115,-6.066909761857737,0.5680865888766222,1.1034041124504803,2.336718882485034,-4.63908441601075,1.1406881058769471,-1.176803186959276,-0.4467465441061558,2.7852271587144344,1.4964151112800508,1.6648090350341782,-0.4798782787186333,-2.3803503022461676,-0.9042514183482027,0.6032558529983696,-0.7381255012470334,-3.4635444558055823,-0.4384494741526339,0.6088238384869449,-2.5534291056695704,6.58472469838658,1.542301951167385,-3.5220262913364806,-5.48197524683118,0.9889053884491128,3.524983363604452,2.947810834948097
1362,-0.4819633780364718,-1.7272060218025445,4.764762826698075,-3.4897979547167672,-0.9998623502010078,1.9340668780587418,-0.7070847122824198,-3.28107542472042,1.0747170540464692,0.6358675100849727,-0.9129246265468005,3.1905001994184126,3.924721321555513,-4.234567466832138,1.5033453105205794,1.202027853278576,-4.168303898660689,1.7727768801377657,0.5120458406385637,1.781535114531474,-3.5238297309881776,-0.6124290609700722,-0.11096083105311294,1.9536386678400035,-3.4687216651447415,1.5865566001452471,1.3095409037633807,-1.0495006610522495,-0.388445341479688,2.010570163769451
1363,-1.4596675178683505,-2.2117212749514614,3.9077181861097863,-1.9346368891036825,0.37248039089217855,1.32582710492151,-0.19302123286502848,-4.026532931364464,-0.03438778704906831,0.2635338033631207,-0.18029089411370425,4.1706990420293515,-1.1030989678450425,-1.4859447664660124,3.4815639237149085,-1.7021150226647066,0.23475157022103588,0.5748432630394422,5.705338535537599,0.21988810416731575,-2.0922827041186327,0.036198579578823775,2.685394418930894,-6.554536934097342,-1.2668880154221043,-3.566651023594794,6.225629766791215,-0.42018917398328437,-3.3316667153151407,2.3597651615255053
1364,0.8912390485882309,-1.018387939316625,-1.4100725653528308,3.462311793883046,-0.06642785831090281,-1.8586624794909579,3.6363866483709906,-3.5466166749907977,0.9991396904974934,-2.548941762830699,0.3307119243315553,1.1293201746216859,-2.355668603163151,-0.7211950596795269,-2.0242775374567916,-0.3763455243467213,2.2920162602289196,3.185470464416902,-2.5176338115553207,-0.0888873973553217,-3.1736287257242495,-0.44967089350526734,0.9217231730714381,5.308097655067385,-3.9923623431399946,1.76384558014799,3.4854555479248326,0.46744620002232473,-2.0132419037325224,0.2888569187787642
1365,2.0452784892259217,-2.967199316092046,4.260662995096755,-0.8493912320344208,-0.3077684502425426,-2.1815824859537116,3.5591983693004963,0.7296991749543658,0.7100896448571081,-2.575015592402446,0.5159423717673324,-2.9399139684766205,-1.8357234830612867,0.9506410656752493,2.281504285236654,-2.8157848773188903,0.9313144966960465,0.4880485127718579,-0.9758586488347412,0.8920883116310563,-1.0063692066681469,-0.975967297679305,2.219464609284211,-0.15335776773439846,1.5414312062369397,-4.308341222168647,-1.7605152889506428,0.556895802650458,3.0129987741378734,0.9575307280953886
1366,0.28198385216659183,3.4258086067741758,0.03450040932689902,-2.5244818249370233,-0.23348189418208087,-0.9843291491486319,1.0621856915222807,2.249658915884691,-0.28155882614562167,-2.5736393725471505,-0.21251219564064527,-0.2441342130733375,3.2556325016508616,-3.421198969151563,-1.8527537868352333,1.8489019188246871,-2.522303138046823,2.6917214735576884,-1.2674889713022317,-3.2304836962135184,1.4367867790331523,-0.1363305084386477,-0.5666956040616355,3.764212000981523,1.6177781527457924,3.8049507473620103,-3.4704082987108613,0.9257541958389268,-3.4834649006507767,0.6053901034162834
1367,0.1689768965451286,4.846409168425954,-4.4883236398962545,-2.0051014436172174,-0.17833951031050854,1.656378528852823,-4.687082748889427,4.66852629240671,1.1279776822922774,-0.7298200861813449,0.41468044927414116,-0.7942815889021588,-0.28106937545874544,-0.0702988749995157,2.0907170615738266,-4.246250310531842,-0.5644128423825947,3.071314341798491,-0.8356676467524338,-1.5077468316906568,-3.676702378353257,0.5007497129925982,0.8930063162898385,4.626360827512528,2.5407463760017706,-2.8644998576526355,6.087587407056894,-0.7020078359940962,-1.7996135712103225,-3.2622125182002524
1368,-3.462258519773494,2.544888145015289,-1.045462167552607,1.0831292176173228,0.7426770574830606,0.13702626721033795,-3.5107524391392673,1.209460049996494,-0.05719110890769574,1.9277121145387497,0.1261413827278801,0.3046300007840017,2.371600763634927,-1.5104953919671296,-0.4683605191120428,-2.160294022330808,-0.7676104724773616,2.5351596422520366,5.661585875687251,1.8411347026658742,0.2709484897948933,-0.350529915027356,-1.3631874731063824,-6.059951680015658,-0.6890096293728689,-2.667239082119476,1.2725240982402823,1.0651983388328885,0.8530703227070067,0.16545595171351302
1369,1.3451415652619367,4.0753455452191965,-2.0611844636025687,-2.1974516354782736,-0.7824001106154452,-0.3794509007849385,-4.982058165551038,4.9537390113237905,-0.5819167705091397,0.6732628901350672,0.8760040804534945,-0.9390310458520013,-1.5851798609548418,-1.4588987217694473,2.3229745263289203,1.4894149692604977,2.9586382807009564,-3.726949193566437,-2.2101083578914,1.1777524611024752,2.510745925044276,0.49894996868631036,-0.6942620611692387,-1.2830779357738002,-4.209623792536377,1.6727015948589035,1.7008257378477367,-0.9064756383010364,0.09518555393043471,1.6473865442016873
1370,0.9002363231824262,1.9615465768420002,-5.223479251403447,3.5857505696872423,-0.8434193219035375,-0.3806348964048123,-3.1860306376620855,0.9822411368403365,0.5023141975637113,0.3905706590245419,-1.1508853377753283,2.4617899820089946,1.7109830839907971,-3.7374991405968494,0.2695658955792055,1.3736817514590314,0.4928562087889041,-0.10958779922143691,4.178994113504871,-2.810099992801245,0.7939915419108381,0.6778205674456714,2.4873544279902067,-5.328060658051708,2.311968834821542,1.6757812383003134,-5.951940092555329,0.14139943382115217,-1.5021493517664428,3.3249399373801083
1371,2.3982029555801816,-2.6221837374671786,1.2995458535993123,-1.2176360746699295,-0.9731994449867067,1.1152704479442246,1.6158584690884865,-2.9020052855905085,0.3643249261848309,0.5474467967777166,1.1752295088033495,-0.8008544152636752,1.0602356466735792,0.6644970962282883,-3.6386070583057375,-2.370418116000277,3.305938742949774,0.9783536884540442,-2.684780929815169,1.9728684774965473,1.0892360824548533,0.4436643229940911,1.8011444547444917,-2.6221324078761725,4.9928970088193125,-1.4936114150681838,-2.194853161043927,-0.8412639272235394,2.2742692385932806,-2.737437744075601
1372,1.547821907441211,-3.865749370272866,3.5282695989887074,0.020870807084811815,-0.3247810861980007,-0.9064318570439625,-0.11736629159558731,-1.4745061901772942,-0.27639183123311106,2.456843683966632,0.37593706826885587,-0.964516439229314,-2.0635213737993485,-2.8701440985485505,-2.225211948133257,4.0268732499039,2.25634359062445,0.8756605799524806,-1.0122390387068805,-2.2954395824635263,3.8499663927860652,-0.8381963299133659,-1.7615634701209384,2.057472028417294,0.604344863909752,-1.4010692864274432,-1.4616504268607606,-0.9003111778037738,1.7423353288254084,1.4163506983581726
1373,2.484196162300396,-5.094999332436007,2.582307483023172,-0.3637043312216619,0.5782730477140254,-0.18607302938000458,0.2930484083236138,0.24796482847980528,1.2216506802531706,-2.4010315041421304,-1.006231536902567,1.6445991239882751,-0.42222062581745234,2.452546960460161,-3.519660976027252,-3.2047801311368964,3.0841813708420105,1.6099334016790792,4.10836057848573,-3.452252105654022,-1.1052655484309923,-1.1304515214198019,1.9246574800393361,-0.34504888302160097,2.098804613071607,-3.280756936031789,-2.324751562241186,-0.27852889581075146,0.554127436218879,3.231105344794596
1374,-3.6298490702674737,1.60348663481086,1.3424881511779247,0.08872241601549646,-0.017810780348118893,0.6129626486112052,-3.240085986068255,5.5805292372456385,0.2281436910238659,-0.578865255240169,1.0663136193991374,-3.0560353063600765,-0.1774663012501705,-1.0984655826899026,1.6312496582120488,-0.772568669403249,-2.1171559822071835,2.5344068773380783,-1.363147897315386,-1.7610907068560202,-1.8711257364107219,0.727903212808612,0.8442398099217261,3.4232213178504196,-2.1308178592330727,-3.035747392672821,4.601231623015838,0.8984793136581466,2.940535376256637,-3.2736810610233604
1375,-3.5025015581887846,-0.5045157671976632,1.8249564056404424,2.1718869055559864,0.33346505245082136,-0.323291038260912,5.09468841672107,3.1287088126919045,-0.9141351277609582,-1.896566983113038,0.7281627111775837,-6.140857829716428,-4.10453690617287,-0.22106725020564966,3.6655340111683152,-3.6590552776474805,2.8875443398925924,1.4315810829647262,-6.211329231194721,-0.8615498627023221,3.792728801342392,0.8831270256098351,2.2635197234754525,0.1335035434679881,-1.8006712542154375,-3.141243766866676,5.881715559064322,0.12611701565918665,-1.5346050983856543,0.46868754474562735
1376,-3.3775498292210813,2.5647304523737198,1.3416564181155266,0.7506374887768388,0.7956593829239718,-2.075133912969079,0.5240139006235331,-0.4885093635008708,0.8075086920375076,-2.317668210894462,-0.32594542446993735,1.800600406204385,0.08869625133535664,1.6251922162151047,0.6336864999895333,-0.4553502399829945,-1.3037661917376635,-0.588458535819715,-0.12773963355950713,1.1768429336172002,1.7280192856974814,-0.5806113215723814,-1.6326619223220717,-0.5638493418621167,-1.2423519078823588,1.1384168768030989,-2.140797069072672,0.9419951821471235,1.404374586845229,-0.10163766883899861
1377,1.4928325261858646,-2.12871165068643,-1.7577929237821444,1.1169737400287758,-0.9621813024227002,2.2388796106765767,-1.3336993403931778,-0.6826294637874994,1.050811106420194,-0.7640856549749646,-1.1884632726871849,2.918066625422803,-0.8974466454730354,0.7201713999173123,-3.3978010666256644,3.4218305835852085,-0.8091766331865884,0.9624223617823731,0.4051376211128215,-0.3208298482255074,-1.9202822342904842,1.0808991691953898,0.7585735264414595,-0.003498234235074449,3.259756225581082,3.117884334993203,-2.311058439825569,0.09735994065377795,-0.9222706918546884,-3.2416713695464026
1378,0.3917693409329672,-1.3692897546388565,0.656516841950765,1.7959277127998767,0.6157719536409267,-2.0906960946857795,0.7585676370681576,2.3994907660331677,-0.5683855711932706,3.0074811428747132,-0.693372238408525,-4.903781736374057,3.5195196519627707,1.0252845349583417,-0.7422576185121343,-1.1096162211041438,-1.8524005093380325,-0.8405298379672104,-2.0895663903898374,2.5355418436749524,1.7687672625204058,-0.48487484052361207,-1.7010140193176753,-0.02885385596562884,2.695367894639162,-1.267666006816338,0.8552737939767532,-0.7290108124236916,0.8369134092742989,-2.3908782786488167
1379,-2.8795211449187725,-1.1633338225023628,6.1291885646759035,-3.0907036792509395,-0.18156966946790076,1.1859397514639483,-1.3847398527816246,0.9640946876572691,-0.1171890782776357,-3.5167398355317,0.9276969792000749,3.1268770997337896,1.913937972202124,-2.2051663953654312,-2.8921148075922165,-2.5764312967539755,2.1967952256112966,3.562979301897819,0.19058788128888438,2.325831202110315,-2.3091505137100246,1.1416614819685975,-2.69284955972757,1.3439195080683923,0.49816862833140974,2.5266874220271127,1.3991268647595838,-0.08680457735383573,-1.3292415177961594,-3.007936819966746
1380,-1.2477169665547336,1.7208868207388086,-2.54626101583575,2.737205204154378,-0.80184317616332,0.1377291336604891,-1.7582910821410032,6.1117325446979685,0.10423659212490399,0.782753462158313,-0.48359441149234605,-4.756837105347614,-0.4566319704384014,-2.475834723268786,-0.16966696247964919,1.1471212363898928,1.4914916470627233,0.4635207727338635,-1.4216965305686315,-2.9647496622129115,-2.1960681387078207,-0.018451888020680762,1.5780286450565928,5.02293757445203,2.44512676742211,-4.780731455151992,6.134877800796502,1.1279109856917477,-3.0662320072613554,-1.8609520914956477
1381,1.9167038953656572,-5.100632303560339,-0.9204130513309714,3.716848450403898,-0.495049257120737,0.8825422662423694,-5.962703423731554,5.44248313215191,-0.6421815259841299,0.8265705703822004,0.3297954021890712,0.00603584499272003,3.5949815141683423,0.4289118061778403,-3.6779337909698775,-2.488640722469407,3.300203402627986,-1.157522209535193,-3.068431230120307,1.0721697921483138,-0.1638392456057325,0.03298363513603686,0.6042728378754898,1.522844210564763,2.3327119124683158,1.442364439769527,-5.374608527765332,0.29489188027886026,1.3891019766169812,-0.08446168136699406
1382,-2.2859949597567493,3.095903926532305,-1.429266444367851,-0.1581961592770078,0.6662337117405519,0.11131992512864386,3.915656400890743,0.06411992259306132,1.21547201762818,-3.178573205655672,0.29104584777026066,-2.30772098322635,1.6394309099828206,0.36595655168617824,1.2905818342400437,-1.871276371002864,-1.949205695198657,0.5245127702921728,2.2477306662187537,2.5865195512880383,0.5985902478150074,-0.8551463271968203,-2.558205970559248,-2.019488167567154,-2.066165649848827,4.193720379712911,-2.4141072269948864,-0.8933900278201881,2.847788522426306,-1.6678459974739468
1383,0.7763084856456288,3.5428861006691967,-0.18679413911641163,-0.9257251778363873,-0.9001426001741741,-2.306532669187984,-4.260125940407395,-3.609793684836035,0.4107362502313938,3.370463894486033,0.5078788974784514,3.580840583047763,1.803930818126112,-3.537877845826463,-2.5554573681591517,3.7423375038169304,0.5825502404247551,-0.03548334838244749,-3.9130361126470845,0.5320029033681912,0.2973090035852195,0.06707310452284698,-2.148360181238912,5.165011282408322,4.517973124558971,-0.813705220508627,1.0794019442260208,-0.44292172639437233,-2.9960571800338673,-1.3446909418467694
1384,3.673182942848566,-0.6928581878831075,0.1445832213839111,-3.8489285048671356,-0.5123865393048408,1.2364070678224799,-0.5516711711535578,-0.7475941682356364,1.1574007955379049,0.19305872177518957,-1.0376680586240061,0.9864738807003519,-4.004578268050585,3.085283688230877,-3.4888301016788166,0.15231073996759292,4.085219793647806,0.17059414788285565,-1.4617417993224642,2.8156831080772378,-3.6454173760583366,0.09458009003508483,0.8927578179096702,1.304138159357393,3.2575064518958996,3.2350130676787145,-2.9804740580066387,0.5640052956005448,-1.7573042686674292,-2.3187464884997144
1385,-1.17166860470628,3.6899911026677827,2.613182424409924,-5.326510895997423,-0.20053732054452533,0.3955432941703929,-2.639453777977714,0.19571989315780414,-0.8431198992330629,-0.11465789430259576,-0.08614694942529066,3.487658627781105,3.7213404697797685,-0.3144170590637039,0.6729219017473866,-1.603523678018803,-3.031481791827682,0.5551601573827547,1.6742745303071835,-0.8811313487726959,3.68909737010895,-0.21741202740820498,-1.8597546564998009,-2.4050738677368884,-4.907934525648882,-0.10166467026206405,3.220629907181795,-1.1418320740812078,0.7972449818815974,2.1335563809301235
1386,0.7959066730582478,4.326331553177145,-2.2926343025922975,-3.8934108398620175,0.7684144444743013,0.2953924717445009,-4.019359734195639,5.623672931890212,0.48481737532829783,1.091538768244117,0.7612424058922862,-3.9419117471590255,2.220357428066798,0.7268467368278415,-3.7461201937237654,-0.9388845558886381,-0.45807802257298746,2.1958786072904957,2.7283414764533482,2.487600877909138,0.26399791024251584,-1.0437848228530315,-0.026773917980793982,-4.409381523772623,1.8712286767294302,-2.797722672824346,1.2195707522638237,-0.5173931245656131,3.6239740600600747,-3.399657691662009
1387,-3.3580451095522506,4.552933661865165,-6.007303429858741,3.447547044041162,-0.6446964509924136,2.0095642844969426,-3.509387580398318,-4.44061442305485,0.6397363394763778,2.54881937948074,0.7802959762784223,3.9811503082178774,1.258284644631285,-3.785339015294724,1.476333402934742,0.05939615017301847,3.1637941043963558,-2.1724692868409345,3.574763956542437,-0.18358086972863497,0.009674644180606151,1.2323716415333887,-0.31276900069461,-4.320460371834638,4.917312721887853,-2.2622836398587474,5.250903837143518,-1.0512768634535026,-3.6934782977588174,-3.1611777579589297
1388,0.7793550261985605,-1.373380948666167,-0.7627606922536749,3.2593600946335535,0.2678560742501359,-2.170429554162536,2.2054270846743407,-5.384449499805971,0.2599770815006801,2.7431667816243888,0.6730811731131503,-0.4972026211062932,-2.19165328980945,2.720241884939412,2.0896775458489785,-3.5215001866170503,0.3505199741414664,0.5527140714963892,3.3931691727666156,0.9878761806485112,-3.610234655594935,-0.171308224401856,-2.418155705465157,1.818653232045392,2.204245471146155,1.6046429630428136,-5.175519529039992,0.5794107048941379,3.0028116389943094,-2.2155912490360805
1389,-1.8368639451834383,5.381680742084882,-1.3921913821486633,-0.8935032467122284,-0.644326973077191,-0.6147951949634809,-1.7007469114572018,-4.332649041758817,-1.1527963189566233,1.1801621538216835,0.46667123872382366,5.53935887962745,1.1706113083956247,3.2101736758434356,-2.0709798220174314,-1.6998535757436048,-0.9593919750600222,0.3494403885817352,0.769547212962312,2.105343444408046,-3.3091710500902636,-0.788523554011884,-1.2564319224466196,2.479235869176968,-2.157563557665476,-0.019704014612585752,2.777695422099683,1.083043670788137,-1.893474036288337,0.21000251567992478
1390,-3.0176890158679264,-4.695616705547192,4.217340186863019,5.955335919714603,-0.1993543155068307,-2.260016069655782,5.7521151179110745,-3.6742379848474833,-0.4150024007191666,2.990268770030415,-1.0590504446686748,-3.594093057705866,-4.231282099570734,3.086326429307171,0.420594538376335,2.931654032140923,0.3401909090108717,-2.547483809264836,-4.143562198776685,-1.2260096417555513,0.5867979449594785,0.5549268971706836,1.1319388563083521,3.0959081420922985,-4.646954915152918,4.001880167691208,2.1833645819287426,-1.218169214733332,-1.7940945463659705,1.473973926633569
1391,2.8876825306476697,-3.424122272286283,-0.9297301028782705,1.8104805107242044,0.8617524016041447,-1.2060630678115558,6.205199526413008,-5.37869079650342,0.7969033555015415,-2.2193844173633472,0.15622806754895446,0.43974426440351877,-2.525073292529667,-2.7797725059203646,2.798315637879547,3.4230690429266986,-0.17193121215156992,-0.7446076702049034,5.51942060938671,2.3686091898200665,-3.1078695099946962,0.19965117639849783,-0.0006187461706854691,-4.979192719441336,-3.9778090814851375,1.7307491414706355,4.420652713673817,-0.33534445140836144,-1.9808901131112755,0.14264179086159956
1392,-0.2666663475972211,-4.788077626588262,3.265550021871583,2.031562717831438,-0.8797580436457968,0.6373892781281612,-0.32359282596304695,3.871585220931202,0.021686533981653433,-0.4214444078057529,0.9696391745647484,-4.11787369570856,1.2014077659622728,-2.0976308736608953,-1.9909614574070549,1.500793717381871,3.37640241428792,-1.9900115665643803,0.1885845378970643,-1.1511951056981395,1.4619674964652276,-0.36180914500699046,-1.8272132770041996,1.6896654933455757,2.9049893704134817,-3.4852488714380456,-3.2835589429084493,0.2670076874964469,1.6524910769319554,1.9443196795058846
1393,1.935421513385986,1.5964535764354046,-5.325790300016308,0.36331399130237685,-0.7843409624579498,2.2149421813503984,-0.6581209453379628,5.188112684580162,-1.1542123029381206,0.23151527495209656,0.951244740271525,-4.5585394515274515,0.7546485126321549,0.3053705716509718,-2.3152930411580197,-1.864381226790421,3.8271089840139147,-0.7074538003488478,0.8107558625049336,-2.5906839875583376,1.7986650687964385,-0.6144049364878326,2.450932392818787,-1.8552644000754697,2.603147104963245,-1.659834556573479,3.5288158407858035,0.34360400065058894,-1.241766319210214,-3.5739660706146807
1394,0.05306429249104738,-5.744095870898768,1.8658790059704344,3.1293539428392947,0.8871702816748388,-0.1913716520769686,5.632589913683805,-4.184216127683424,0.36048335363445716,-3.1327810174267245,0.46032650997518143,0.86359736781694,-1.0660829428397598,-1.1491913750962102,-3.0174623654638886,-0.8194834196101475,3.228921686752688,2.823298416257092,1.4591603002093088,-2.519512314043631,2.212035682365215,-0.7252783589559622,-1.0202906537601795,0.5938853441837715,0.47792488118326304,-1.276930847198976,1.6171375711720302,-0.3580699758842609,-1.0483938620316202,0.5883322327608429
1395,1.0784787122928066,-4.196865790600757,-3.4478673892187715,5.665153177056261,-0.11291056613827033,1.0140118566086311,2.01496655894028,-1.0419802724578346,-1.205310424491512,1.375286398095362,0.7691269744568796,-1.9120892345429432,-1.5058059163938005,-0.03621868448724186,2.623242137613328,-1.7584347314691993,-0.1944624914390758,0.8716796861758027,-3.0121025931785184,-2.8388751662657903,3.1779581089823523,-0.05755936362397751,-0.5707770892436574,3.3013561033281,4.0687719111574445,-3.0884676297277096,-3.862146814816427,-0.6570040314433676,1.5921969555825548,1.9466496092487446
1396,2.3542617310524925,0.7867347408464305,-3.6036515543392156,0.3131463408343578,-0.40803578560047415,0.5575445272063071,-2.0691466506267417,4.572411842549453,-0.8116825788528104,2.885380156821391,-0.6148594297944001,-3.9621033400966326,-2.691108770022055,2.3255437545128075,3.8959054784199836,-2.7217498662582713,-1.0031298809975073,0.1945392843448559,1.6299259505788086,-2.857199612284381,2.1215470130375174,0.46980762873680604,2.059352068071931,-3.423433048142172,1.2902316595595167,-4.247520036252901,0.8966260721561419,1.0594838360992656,-2.2416617239519,3.2428401923911103
1397,0.4834116044068004,2.0269808319105778,-4.555487713683366,4.517967558919679,-0.20827587862496966,-2.264596402928798,3.0134803599313074,-2.5409991523120503,-0.6573123094673683,0.34667595159982234,-0.3104114082915528,0.14856655854014633,-0.44875594892893034,2.478268330655272,-4.073868161172902,0.2377472862025236,1.716092536520872,0.09051595672296564,-2.126280682111233,-1.211957453052566,-2.8633092027543174,0.43736161023911535,1.6627322259941817,4.1014535016833555,1.7129433375447611,-4.479508083768085,2.8969498613806834,0.6981863451414938,0.029811232325052117,-0.8583826926226799
1398,-0.6824534818045951,4.754949043914266,-0.2512488824051857,-4.045815033078018,0.9011450552012503,-0.6765767018277966,4.590186411370322,0.8009747617752261,-0.3379689542537907,-1.7284439791376336,-0.502950964594798,-2.82179727515906,3.8613827092396242,-1.786229821877825,-0.7251520789474917,-4.196727657823589,0.7112312137739742,2.1354956356350954,0.527015144053518,-2.694876453908943,-0.9017333282028268,-0.11815414843053329,-1.7563777615200742,4.944126548007393,-2.1673586737511954,1.9464381661286083,-4.397055767062621,1.0756092536490476,0.016528431346966244,3.5258385896903945
1399,-1.8856320729114842,-4.251706739313558,4.530811475345175,3.0592693491097727,-0.745606621750251,-0.7071353904797331,1.7334032474537722,1.3671653820853997,-1.082919725921705,0.7903260925261861,-1.098729120927978,-1.7092458752154052,-2.2334987235202473,1.1322185757981806,3.6467935210001805,-1.856639727879342,0.9844543468784508,-1.6733279922774393,-1.8980903833031384,-1.7029204716351298,-1.3282429301896084,-0.2524886137436866,2.137166001751682,3.044576397118419,1.5319947590805363,-3.8174528618538837,-2.553075366745354,-1.1162365059809414,3.3278133799351863,2.626956595565648
1400,-3.510451429732548,4.479544143896899,-4.112301669209401,5.590474869200683,-0.0969865941270418,-2.3502793200286822,-4.169130074245992,1.3974651352061365,-1.203055156575588,2.824214452951413,0.9796135004911806,0.17089214217311266,0.3953522826973881,-1.0180579825765257,1.2157306769517682,1.3443794546673722,0.3332845691314823,-2.270689000871693,4.178976592574003,-1.2558286480993317,0.17505204695819998,-1.0672311079829626,0.11554963277302477,-2.1465185162243934,2.088512227563136,3.2053419579079723,-2.9200847411201885,-0.9246597582731209,-0.28257412735464804,-1.1665355587219643
1401,3.670182867507563,-3.7435608556921594,-2.1318569556175753,2.9171272021012733,-0.1697364543883968,-0.5421558039107772,0.3793606639640146,3.8922889012780466,0.12287560883675486,1.1683185764851558,0.5851576880636973,-6.148001438627418,-3.1475781856826153,-4.15879520280239,0.4349474623940104,3.370669280718797,0.7893316807693402,2.7114249646026245,0.30072643254225184,-2.993189277867092,3.8458427772195556,0.3974466278628199,-2.3162814947101786,0.7654549349511619,0.4971320203530212,4.06389462859288,-3.1194242729106882,-1.1858674037402643,0.2850069921734555,-0.5407419644672373
1402,1.3583039000528814,2.938346001673125,-5.1782116591119305,-0.653025747502614,0.6897267636595115,0.8448607412289562,5.940902383533661,-0.3065548377528948,-1.0936020463833458,-1.0482350727674632,-1.0221529092648516,-2.4703575173648424,-2.952720048636376,3.1091728161524763,0.9101599949508206,2.782049242059241,-2.0405126338185156,-1.80814937070787,-4.358136328611838,1.4604859145319704,-2.66888890142668,-0.44779604113490645,0.06342303980815345,5.9509123168318325,-2.1034639198790437,-4.747495196593706,0.47374027700874066,1.086326426563927,2.858787779260929,2.4321046336403036
1403,3.20364045158599,-0.592002152118738,-0.9434652814255386,-1.7351036018176451,-0.5492068675756208,0.6161374513515234,-0.24341950545608526,-1.4597582945975311,0.4434161213310368,-2.4360210186795612,-0.8600394120772537,4.5558221094796245,1.699959681387643,0.5034857805724009,1.8248138601049178,-1.2519289988973075,0.6710065418440081,-3.447336865011893,3.953702821870074,-2.763836339589229,-0.41878732612256364,-0.25053743240144044,-2.6744886992490677,2.153946975490719,-3.274805966355842,2.9147443352596447,-4.068652352856002,1.1345300083444787,3.2543702051090513,0.03981377049982804
1404,1.4574988685180443,5.401293958393094,0.3321047291014452,-4.777716661446139,-0.1486843810265348,-2.264496513539938,3.315676493772223,-0.7285108646058909,0.49448578453404046,0.1219913439601239,-1.1254529736929642,-2.078189783967293,-3.571792137771597,4.146341969329104,0.9861524999752795,0.997666587368542,0.6316513790920197,-3.190020297993593,-2.3846556262411305,-2.124256330116406,1.3800185707552544,-0.7698213251187092,-0.6452788442694075,4.543993554988912,-1.8271996551176528,4.514448837874003,-6.118756315219258,1.138320027576114,2.3433614445396387,-0.05017433965170248
1405,0.10420688753444729,1.2804868817204742,0.1626562281346864,-0.17897370513399835,0.2614260932126986,-1.6298023854683379,-6.071405571429821,5.840573798547716,0.49927516252850346,2.4227358907372363,-0.01982771498774838,-2.6713515653956748,-1.185540698534206,3.459539365132791,-0.2586537638055546,1.9771073959926504,-1.6952872579386309,-2.297165040847249,-5.442997650917228,1.4860925731657169,1.2353384648982981,0.8970105732427802,1.14894062024276,0.6756154193661636,4.642065601940772,4.6945193491684485,-5.178423727209637,0.19343364914369587,-1.1984063387756692,-3.153188534266448
1406,-0.6638992312709604,-5.42382715396019,2.953162732098882,5.041896770642843,-0.32724276786968365,-1.5800903496409298,-0.29194520930764156,-0.0272479132403447,0.6133393848068458,2.3970386222086084,0.8928454895356674,-3.584030374002893,-1.1224184400045374,-3.2667782568285766,1.616182348611268,3.362878387532678,0.5313444964704637,-1.1212085357815145,-1.7608490428499302,0.3488856819571584,-1.0079598868449864,-0.052215429299680594,-2.432053592486941,4.904192269522856,-4.1755156979309405,1.2438199702499837,2.0849573291598205,0.7154982661075486,-2.9699566870418277,3.1011968194566037
1407,-2.2862156456103424,4.0448120588711305,-6.180461942779065,3.2768359032156233,-0.4300065901415864,1.5750362164442144,1.5005653504656493,0.8714681582739701,-0.04097644394020605,1.0487529463252052,1.0216681100601308,-4.401478121184532,-2.1858134270286556,-2.670357136684803,-3.8322821786966763,1.2146074921404875,3.7484731362591397,3.7253721140102947,1.3285968484517028,1.8127091313633308,-3.5712707119907083,-0.952110818196986,-2.4220713245774608,3.8041468749485965,-1.6056822071838504,-4.87126030170138,0.07253251132219418,0.35642118830670544,2.5694239161613197,3.4785648930961806
1408,3.6229357935102335,-1.3646817050722042,4.83500911386631,-4.765431374536334,-0.04714855991745659,-2.280683267850593,4.214053687392745,1.8611413225910773,-0.0965768173948316,-3.681066586165228,1.2154216653857084,-3.5129732718092797,-0.4692189426453517,2.7092374679581717,1.9092704188742644,0.8760478383504697,-3.3519692090588116,-1.6733675734789504,-5.823574457693347,3.066741477263733,2.5422467417794614,0.23609964219633994,-0.1341439696418334,0.11263056609411493,-0.8728465148150555,1.9885331316534796,2.5711219675110044,0.2506982991299873,-2.9203710085258194,-1.0171358749524444
1409,-2.9946193510654755,4.516306897516081,4.772987169348141,-5.443366891747555,-0.331221005688088,-0.5200868183631595,-2.4163773001857223,1.9443971098144779,1.206311872830768,-0.7666026300573012,-0.7048608751396248,0.7371318227375951,1.1584172275986901,-0.8299626607372232,-1.1476242292001828,2.343023344220377,1.3193661953775724,-2.843219877259422,5.9523370868472725,-1.4467992104214815,-1.676143174637403,0.1889431073797585,0.46243682283568255,-3.4807746320053425,-1.4107113586226667,-2.28895437576438,2.453492096554008,-0.12981188937941912,0.043433393511588037,1.3325521337020056
1410,-0.6338521033848572,3.0152855501058866,1.7981048942734041,-2.2735562401445364,0.19836940692231497,-2.104351507772276,3.776584881079568,-1.8922753131623118,-0.41427677381523775,-0.080079927047219,-0.62341582758157,-0.7665370394730324,1.0478130547495184,3.565853604196864,1.724966293740497,-1.6014636397824074,-1.103499007606887,-3.633670305297782,-5.262446161988379,1.3855543029362405,-0.7235073724639687,-0.8796600686867331,2.8760327569260724,2.6040265432752747,3.107418458790665,-2.578158114738965,-3.6977852461545737,-0.6260411800347514,2.158706513733975,1.635859568404772
1411,3.709201018043448,5.442101740986075,-5.649940678417739,-2.1026969319276,0.9963794358665408,-2.395044584550802,-2.658948649228435,0.40490228196301814,-0.20383290077856397,2.5861381162365014,0.15375943711597895,-0.2820182853082933,0.6140274614933503,-4.02513544979694,2.6501059814650603,-0.4085877938028979,3.2731502368713556,-2.1035604362301275,3.2909495074708985,-1.5388391139665636,1.9894228960336484,-0.19086194030087356,-2.102575788089961,-1.448095561148648,3.0375122504386347,2.3679514293616286,-0.47715008605838705,0.3920287518447587,-2.2273579220938906,-3.0929844234916306
1412,-1.975655723100754,0.5765280127417434,5.427394841587258,-3.5604429867198775,-0.48080663241808663,0.012982487909665608,-5.466094824693744,2.884176586481569,0.27175706510822195,-3.6668297584713,0.5654149998694509,5.411575931705993,3.8382374193453472,-1.8500578009769484,-0.37208606891185525,-0.5556570675768775,-2.0119337044205583,0.9514972225406826,-3.5588797310081723,3.0337776997649293,2.067909735622994,1.2002121479949643,2.957283534722027,-5.70030338709828,-0.9650750594218422,-1.4229110678747752,-0.29519152250077596,-0.6014612075546353,1.489844013693311,1.7947948436598402
1413,2.955398928755809,-3.508449973879017,3.7926841533375892,-3.4848972168907473,-0.6677924347637023,0.9130565434400193,-2.4966185992915086,4.9040379884757535,-0.4744282004525786,-0.5225882677345357,-0.48527472725144083,-0.9251281937454827,-1.1704847435633052,2.219079589603105,-3.5318860732610773,3.0532186382476496,-0.5930089931361806,0.023081582109581333,2.243572597736737,-2.0875315483734056,-3.2503701903650946,-0.1751324516496613,2.9445099271737902,0.32495166547609244,2.7897456670150724,-3.200381477204548,2.1046342115853243,0.5581169086996285,-2.508201500585404,0.2560861904910272
1414,-0.35993746039689434,-3.6149791840338636,1.697826267901469,0.9591808226546448,-0.9202687112944163,2.2381782651689885,0.9252251521299932,-1.549810172822962,0.4323063525339883,2.063189553442463,1.0265284533071357,-2.897439338590374,1.121061763491383,1.279207308238533,-3.7193716735055222,3.5750530396902107,-3.0554271584830452,0.7994767205682365,1.0879298470798915,-0.42893473297080575,3.199929460486011,-0.6631595942511543,-1.7316728132360062,-1.464092167109488,-0.45576446526544956,0.042253852573487904,-1.8538996972417436,-0.9643005834363167,-0.42534973873825166,3.657060632109367
1415,1.08176349286952,-2.7786842020778444,-5.453904320455649,4.70153060147873,0.675093641767754,1.7742007864174099,-1.0198194503250981,-1.8552322864309652,-0.44849160137907873,3.7465739518216026,-0.17872011797328557,-0.24431049571293784,-2.661500153010028,2.9480780877362065,3.3145291712977567,-0.31875063600070064,-1.2740310903246232,-2.008325379698814,-2.4209756966131444,0.9604662494015201,-3.6800621572738113,-0.14392315298640312,-0.5380470870929805,5.822541844563247,0.6047809005657285,-2.0626060331960865,2.3136740651746983,-1.0595965109116472,-1.9825738067698904,2.1863213851382817
1416,-3.0549361727889224,-4.832097868024494,1.4059092714427663,5.213583377941102,-0.8689533153208309,2.1364947067503035,-0.07078225665292237,0.9091887458540988,0.4603448910800205,-1.893152350708501,0.753048633387829,-0.1586476629602771,-0.9321932537215467,-1.8647807460770824,3.7914617312736567,-3.3718122158704222,0.41253255844178227,1.9647919259533921,-4.270774690334655,3.1919798008054983,-2.7602569283491576,0.6223249937530593,3.0223036486703805,0.19442317545327015,-2.8489593079121676,0.6744323779341208,-2.4864019187554263,0.2893455115687562,3.664537258225341,0.7070460789404631
1417,-3.2676682735924363,-2.680198941666678,2.021154760409459,2.9137081957120117,0.8331936928102532,0.17981056632733505,-2.9503394044239286,-0.8339261193257812,-0.22513540886127803,-0.45944278782483394,-1.1165888561102317,5.585432576546317,0.5882202162648547,4.045617749470562,3.4499841458692124,-3.932127515929519,-1.2477319683593429,-2.9039626273159964,-0.008650055196614659,-2.7336857946471067,-1.8729938441360066,0.9048252060177733,-1.1741690864605392,4.884673574420869,-1.1800852197259992,4.938983103470164,0.45291059328216576,-0.7299245399220853,-2.3719224611532344,-1.1099614759499374
1418,-2.5693416873161876,1.8674007993811443,-4.234395982398233,4.8521211569695915,-0.8830369739378654,0.9672526873015208,5.593737787775776,1.047331353981729,-1.080197874429155,-3.7471387111988914,-0.9247017437028919,-0.8890308124263449,3.8858922847939645,-2.1909437733195105,-1.3588774877494778,-0.2029509961288234,2.3806200293571784,-2.513740056953557,-3.18879029985003,0.9600678061452239,-2.690047584460622,-1.0032088555466951,-0.7041638145565265,6.626142748267057,-0.7659459133397277,0.9955090363316756,-0.6329853426584897,-0.4252671827599377,0.35758927299401044,0.4711001294335375
1419,-1.8292116711575463,0.5944731238260417,-1.2066356297241327,4.142501028240961,0.5373539477395095,-2.2384807989249156,1.0399451126097077,0.23549372665679869,0.8704357044264368,2.6951242744427404,0.752281923646061,-5.593280741781506,2.489879454562967,-2.6824611367410593,-0.718065091919577,-0.1311204497010543,-0.6865658232261858,1.7283330470246767,-0.05409930316184841,-3.4656222168066986,1.513747684140558,0.9093325600158977,1.890510326670098,-0.7938690508596196,1.8975365583088077,1.5618743525964192,-0.2138667158542269,1.1660367612476064,-2.666707036170628,-1.7448739201268957
1420,0.059832191924380496,-2.4424391211592713,-3.4840790817115668,6.1746823986696775,0.2354454289691006,-0.5434418166923969,-0.4348529984779468,-5.046595580621087,-1.058605044262214,2.6438967787116923,0.8070465289141868,3.089110315735585,3.957722711278521,-1.4676031546617718,-3.0187248656889025,-0.32923274254384083,-1.778250002815943,2.6360880544316636,-3.4234253437966764,1.282108012060629,2.690177150288214,-0.08884007360733825,-1.6778856596805571,1.217865914734091,-3.232140667550521,0.8951774342152632,1.4809098533395506,0.7253802274741741,-0.1678899238545597,0.29856307637716206
1421,2.0153119136868796,-0.7131160903690414,4.622797380588448,-5.143417122682276,-0.6023196451820529,-0.179256436042035,2.841951602208102,-0.7987755979794819,-0.08655508454558358,1.4661144880428019,0.9601432913069017,-4.382878699032535,-4.171657927602485,0.49182847288615505,-2.5540118561348493,2.4183837013559533,3.902503024086297,-0.08704541459134418,1.8890582915060818,-1.4888645640401243,0.32973819906764135,-0.7347633457501779,-0.026585136891469574,0.03141655610641081,-0.8312215396980491,2.208318445255234,0.633803242133812,-0.5640529819962357,-3.1857634715567418,1.7389163058630857
1422,2.6766757502960274,1.8637172918006435,-0.9394340393922036,-5.579664882701319,0.967888290998324,1.0108175889984494,2.637208091805171,-4.342148092982953,-1.116890115770929,-2.3844253860945983,0.6036152722887822,4.602640230754755,2.724243064585796,-4.151131905786238,4.088072953591389,0.23563078475470434,-2.921513495155695,0.024698598009802453,-4.293398521227584,0.07104167473809575,0.13424692676553818,0.7192165509200077,-2.294902696004675,5.663796064806988,2.3524807003798642,-0.9903658654709631,-0.36572991912191455,0.3495834902499091,0.28741374975099276,-1.6333821557867712
1423,1.5367576831234793,-5.045946585254299,4.930805831300578,1.2800845368834999,-0.6339139969622534,-2.0677874690910807,2.9398297425506854,-4.6013699553644365,0.3155562148264819,-1.004148501470203,-0.5720361572428656,2.92216865670056,-4.230252319725864,-1.2471413449850992,-1.6365194929408506,2.8339413992836704,4.059376488053569,0.2205952703143641,-5.677109546153904,-3.095998533782671,2.7466981653940366,0.8234739475788553,-0.9364456636950127,6.139381630657056,-1.1769948452023442,-0.4752210704254587,0.7971851536525634,0.7536500438348295,-0.6658696627709801,0.767250380912536
1424,-2.0035518790504163,3.429851790175867,-0.8149961582893077,-0.26798657825844074,-0.902840553870877,0.5595233792931165,-3.145998800192128,4.8094853415443986,-0.17688372548841702,-0.2606798273901525,-0.7035897234448676,-0.5223332650286423,-1.169914626324342,3.304775968755841,0.1147743841874238,2.45953494707447,-1.4550615579963484,-3.2541091156972772,-1.0653570484858577,-1.0628480620218799,2.9727286117502274,0.9494742285006694,2.535138486416969,-4.329136216161764,0.6511871168779919,-2.9022835605593507,3.80710758175697,0.6851605893127939,-0.24754341107548505,-1.9936283163117352
1425,0.29630867441135145,3.44336077525519,-5.500849518859084,2.600566847671171,-0.6972103313902318,-0.1421764470884721,-1.4352607306081389,-3.1246412635018963,0.16484937062626326,0.9296906722554681,-0.36243201431186733,3.827793965540341,-2.0915628444031604,1.7993439102513804,-3.231351595672379,4.1881520948039075,-1.6109984630073129,0.946416898027298,-3.576782878908965,-0.22419223267041488,-1.2559578115136336,-0.20560050570025723,-1.2947312186732916,6.557264647464905,-0.31266242387263077,-2.487960395483423,-0.3958860713159922,-0.5179738062772996,0.5895009379331722,3.1249817590173414
1426,0.6766434997167305,4.883160559627477,-3.748804095357741,-1.0126632611804816,-0.8020043885050792,0.003667685699006995,5.976862818995258,-4.191799125057894,0.195457149751336,-2.4491947799358993,0.1713243563963518,0.2973495798509944,1.1739971042667818,-4.183989641873742,-1.777624896785282,3.3798871884343384,2.164227620678094,-0.7564973747204622,-2.2576396305896473,1.8018974993351868,3.047858309082997,-1.0431330944419992,2.0122562495392504,-3.5612393329274887,3.57235823040617,-0.963025451726697,-1.5959783468412105,-0.27133309031470887,-0.2446325108288505,-0.4973888306935379
1427,-2.2134499751924253,2.5216197927481296,-0.7922310289132284,-1.3123053985916933,-0.6829400540119204,2.4793066639610633,4.641673161766462,0.8531806747264099,0.6191906462867509,-2.743634021719254,-1.09250856396197,-2.277901897098271,3.493657053637925,-2.005824559351442,2.780173305152225,0.12151447918968827,-1.8946716029857633,-2.4948486756429187,1.3043889117820733,0.22427966252572595,1.1363716691821288,1.0891152458530566,-0.02629069074034618,-3.7278647986043403,-3.6878550320348893,1.3060298845026779,1.0898290256859227,0.49484349568533315,-0.7985159303206597,1.595668556482778
1428,2.518865925204018,4.8237082857547655,-4.498939007218482,-2.147751000053745,-0.4484930960060505,-0.24739110768058126,2.575273225747928,2.8992592684043217,0.9482337634474156,-0.915465578572471,0.35095265915231355,-5.858253338179416,1.9239962867121108,-4.203007159495826,-1.622879321490931,-1.4887731711107932,2.9773377635377187,2.41332560184744,0.46391149076892546,0.5546430376382769,-1.9687411103140953,-0.819392404775126,-0.8153192884807989,2.584898275161102,-4.455144733262372,-2.076141352027971,5.923859421797854,0.7262525075667909,-0.07931370825188644,-0.03951213582124247
1429,-0.8324142941102863,-1.8163304351840033,-3.6167438282589934,6.078101155292185,-0.5474589695833658,0.7348463718443909,4.613889316581094,-1.0071236111775725,0.9543924632808958,0.26066123244448924,0.4006888103591173,-5.2225082114879235,0.663244331894937,-2.0022076379077554,-2.049775772160574,0.12383756020018666,0.09468138010561589,3.1702201378673145,-3.2423494618724646,3.4181575279198313,1.7108772365604281,0.4027449153510414,-1.643131629779237,-0.6462985881813239,-0.4208438733886837,-4.840364939038636,5.606783069470705,1.1013139483184045,-0.7659859265925686,-0.6809022787680288
1430,0.919434976495527,-1.1036452920291069,2.225513277912391,-3.411293709603118,0.8250658281538765,0.5449249190703807,6.060578060002449,-2.9750522457041946,0.10261695817270766,-2.158999289561873,-0.7384479890888933,-0.29069549382011317,-0.4934356410583085,0.13458748275803956,1.9451210717709841,0.5281435589912213,1.0571325563091705,-3.1715490287714108,-3.2273926032652405,2.0577349140642625,-1.872003723810531,0.1997079453545343,0.6795144090308316,2.1624390586244573,-4.409471522380459,1.0335065023577457,0.5453283653075012,0.9943790463884552,3.2320091157506923,-1.395751507422732
1431,-1.8300174489674532,-2.3581867468757522,2.0278520682510575,2.4201319955348737,0.1693709633785221,-0.4291508313212802,-3.1186539673913884,-4.32650704450667,0.5805751830909838,3.3817293403490574,-0.17950845631095014,3.662364944769024,-0.5142425815047176,3.1416847068835025,-2.6209822147074107,2.276032201618399,0.017078321440955335,-2.299570433731059,5.15554358259034,1.8984075457148908,-3.756379406507669,-0.49835742825174734,-0.14297555403716622,-2.656238739510364,-3.935226632897791,-0.4171238199324421,3.2138776626334646,-0.7195600022218098,0.9627356894042656,0.8952971030155243
1432,-1.4126822229614557,5.338171751873272,-5.573993727959088,-0.6573955511409828,0.48443809891018796,1.8214616512780175,4.693773950694165,-3.6884892872001167,-0.4931660985779587,0.14856795608469753,0.3176650810608166,-0.9783516020615615,-1.1102531979140942,-3.0865882388075008,-1.6277216353244466,2.389498108731015,1.1606135763961518,2.2744513869185568,-1.0583769640041254,0.9566727372644319,-2.199408005583882,0.5634069615076029,-0.16699682179408448,1.904702092608364,2.9247629291362536,-0.09533619773619506,-2.475642049656411,-0.5781614488034919,-2.5352532290191814,2.759629996080278
1433,2.8924263717270122,1.069936654539216,1.0559818467304751,-2.9954463017394986,-0.9932460934417253,-1.0296524778155334,6.000108493770863,-4.879457189183036,-0.567302640551512,-1.1681952958708024,0.5959751889060225,0.0188714429284893,-2.4604881080304537,0.20256199673690745,3.8362134489135578,-2.201605751770659,-2.927395546331576,3.5507139604819145,-5.614741961858105,3.0588315497759027,1.561675716415298,-1.0297945425288284,-0.8440275651242892,2.8680568033183214,0.25056209165458654,-4.953918529522394,5.3229986620806535,-0.00933935435380473,1.5137669358644814,-2.124069805722275
1434,-3.615149618647507,-0.27820634165840374,3.418805473423774,1.9694260880837682,0.23268633937728778,-1.7275619405789655,3.2659225121418594,-5.248511220803685,0.9967916719353251,-0.7239669192162577,-0.4750564715636054,2.1848204275063914,-3.781704334041457,1.5883883108182495,-0.3187862534358459,-0.9449260687097834,3.500995233968805,-0.04396688860030551,0.19874639093401214,-2.8662337949779975,3.989979994540249,0.9404541846748957,0.6492946606925507,-2.912241435865365,-3.044797816439697,0.05575259159440549,4.843065333143429,-1.2112221116218573,0.658922576795657,-1.3017205734706554
1435,2.02273990288656,-1.7747725869541462,0.9555202888467278,0.09454548424272247,0.1157441328726021,-1.4137772218945113,-0.25620605607847935,0.5113360195267518,0.3189697134823186,2.828378144543482,-1.0663767000852427,-2.336101121388804,-0.1415025004910504,3.3794613924523382,-2.737922292571099,1.3791762212609093,0.9502573908318759,-2.8294702114832937,-1.934781168908728,0.6316503963810494,-2.4924550212903753,0.38732086230662244,-2.6097617645651745,6.018026696074948,0.7847642135912594,-0.6953117339966681,-4.294167962110151,0.9625008499228063,2.0643768580545583,1.1778377745395048
1436,-1.1685398838400047,1.3036153155551062,-1.5281394017933714,2.2641604308197465,-0.13015221312334058,-0.7409442476181685,-0.2124732088147212,-0.1480596781472414,-0.9102240257207539,2.6410972595129962,-1.2092471375265754,-0.16109320930365456,-2.619395332131308,-0.8834467225109677,-0.008007482379692732,0.7758320915323438,3.344745602163968,-0.6097281566746933,-1.403134551512423,1.802111947908898,2.9006093309648264,-1.0195921489946942,0.10909628392012749,-2.38909086228837,4.160350257477589,-2.5527270031169493,-1.5096294849929492,0.60333952163018,-2.29427182821534,1.5929385372187959
1437,-0.9026782220508078,3.552796643646989,-6.005391217511846,5.873595466865275,-0.7660272662829377,-1.75229540466667,-5.455358594102687,0.5139782770625274,-0.010805144482145757,0.5548687382818809,-1.03914769171088,5.436464414951388,-3.3492081099766846,3.318572317705655,3.2484017009457595,-2.7186730594573323,-0.701107427593282,0.20201457837551295,-2.4759120671042183,-0.7006337543314558,-0.47994605002747726,-0.9006475817031818,-2.160650636581458,6.717790089746153,-4.133165335492523,4.7404956559998475,1.1527241014792793,-0.41656328235278206,-2.42470376998177,1.081212630349274
1438,-0.7058891387262989,1.6891086224285772,2.5215258429166347,-5.832437165708942,0.8575720314531985,1.4701198076368076,4.928047499018717,-3.8945126480760486,-0.468067533060613,-1.39644540481825,1.075728332247306,-0.24475024531106016,-1.443575461217618,2.187916017162454,3.38598573537751,-2.32615828822437,-3.275610513370072,1.4714425102717392,2.1177254105175045,-1.4023957036494235,0.8377808927367205,-0.6020198487276449,2.05207929899405,-3.0031700498728746,-2.51285777629397,2.873783102979864,2.822335948624527,-0.18179120714376218,-2.976348994558675,-0.02512107360667315
1439,0.1947637533427038,4.931467888284832,-0.563226079841062,-5.847979173796311,0.5335092325673565,0.7514643794424494,-5.062428585868833,1.9898025779044595,-0.8711297968940261,0.9803446455850082,-1.026999956919695,3.990411116193144,1.5031524824747642,-2.049663415605952,2.4931261654335977,0.05554295517789143,0.2761665162466507,-2.278324703727302,-0.4754261514060012,-3.409707568668045,-0.041701421338192546,-0.7663460398885045,1.275657306095976,3.4175238752030808,2.3741457592471598,0.5123944528311632,-1.517262845711425,-0.6004554667533881,2.164808287753125,-2.9336301873653117
1440,-3.0298328307379503,-2.4756405385472036,2.1812160992746605,3.422739967073394,-0.5898853895807414,0.4914026925177879,3.346177154152169,-0.6506602033417082,0.222920070350483,2.93125691872363,-0.17713558943015784,-5.672558350454366,2.5858159720647613,0.30351364672822,-3.6353504554517286,0.8897300676931295,-0.7788712014447903,0.6351619704100315,2.5309078703153105,-0.10094519650327172,-2.6085336623059696,0.17479161172689484,2.505334134441199,-2.501554757675809,-1.6087648321139234,-3.726153775147665,3.362789074188921,0.5395236463554518,-2.266808383257679,3.6994142699762307
1441,-0.35484593731489156,1.349163202971834,2.6225625942211153,-2.2578862148532757,0.05162433640990338,-1.4106179814347541,-5.311836866494033,0.2513898062040312,-1.1123602511373507,-0.27973538953554034,1.10615265659096,5.346390044371951,-3.0919032744458246,2.2558489214076864,-2.716314493381926,1.1403743143962508,2.0819821799831715,0.3300123520402476,2.16222390709191,-1.5188701501871353,1.9459469732076826,0.8852358418095303,2.6533987741255363,-6.127935346049142,1.0245973396848242,-0.7057523265624468,4.128885913155116,0.35031640192326563,-3.6251893111909794,-1.1728580170084175
1442,3.7212664514566534,-1.9499984277868592,2.870468231273616,-5.894313800551185,0.5880946299198797,0.6644829156878131,3.9230561584391985,-5.688943065912341,-0.9185529950064923,0.4313540813043524,0.5733680720155476,1.6797177491597388,2.935096583738975,2.8357745309960976,-2.747411320641298,-3.574417809879888,2.7224362922618184,-2.171478276476094,0.418764162658146,1.9299752725218688,-3.1501586771370995,0.3991575569989898,-3.0506948765233197,3.45295656147983,-2.36230578099595,2.482217882634295,2.0313233975631455,1.039403129667706,-1.1269559359915817,-2.0636826928762684
1443,3.298605491547697,-2.1201740077481617,-4.372541966340798,5.294765000329267,-0.809434105863065,-1.2912204119249981,-3.64438226762843,-0.3819605366383527,0.9337856874215005,1.8295519957121336,0.7416812175954988,0.521323903537656,0.6638053199361877,2.9063910055233144,0.756841947466107,1.8369400488577874,-3.2532975858916977,-2.9106807358920364,3.033072240267579,2.499671520199108,0.050069106250415274,-0.7098752978207896,0.5710320799150921,-5.443969648812949,-0.2205423043025867,-1.0184875250889363,0.9997568622087698,0.007919290691273062,-3.467324539358936,3.698678215851782
1444,0.4161506467973428,4.856587433820817,-0.39739595203987577,-3.300456136450972,-0.6102903203630725,-0.9645956717642719,2.964559077200967,-1.4925303506324283,0.3503612329993464,-1.0370091416318452,0.9029397538210171,-1.688320571757039,2.385923594175921,-3.6662306451780022,4.138366632858734,-1.7708985487439222,-0.8704331261842313,-0.21672790692884547,-4.550289566697206,1.3086315199584817,-0.21592337097776237,1.1277766796651463,0.5526237132140679,1.7771810248357376,2.430994813438474,-3.106087535560995,-2.7519114836591,0.6819295265966412,1.1275505843237568,1.6175240948625635
1445,1.984918312477756,-1.6155881200986144,0.9487450080505262,-3.091469967391067,0.32964977133801643,1.4437449956233248,-3.374823582938312,-0.8438262821599771,-0.3845674368358063,2.1645274961015453,0.04442277488747326,2.3942670309451444,3.4978410876139883,0.9828783838400348,-1.249728822317616,-2.3321314357736753,2.8097527591069635,-3.7086119724700506,3.9383601352148823,3.134368206726844,-1.5654476470167218,0.16935607372997552,1.025399847271597,-6.702036615928041,3.814670240186814,1.8063809640186754,-6.193788797464318,-0.3860423964240969,-1.5377280818958123,2.4965080715800845
1446,3.650678614855476,0.6739980986703245,1.1125125421281012,-4.747399623252463,-0.6128159096025136,-0.07697372279900172,-0.21650375459855198,-0.8752452209454944,-0.3461547927741524,-1.0395374591257625,0.015735773885388937,2.4617054535586256,1.077016095920694,0.7631722325431554,1.345173085103081,1.0412613567421438,-2.817426797625343,-1.4091959726840937,2.23840316035907,2.835437384660164,-2.2863287645230006,1.195013213598263,-1.9985167250366995,-1.9840082690592524,-0.9791397600426421,4.071938879361031,-1.1875601167213894,1.0781520097349935,0.08626289356567973,-3.0696539058963435
1447,-0.9852125976052548,5.7146032472059325,-1.372323992222789,-2.8924170995741427,0.5601183195190753,-1.0247678773228888,0.06668440887465721,2.986123451506451,1.0787265782140505,-3.5424190425189295,-0.24283793167761392,-0.3462774643985611,0.161797392858265,1.0849325143944526,-2.4151231928348125,1.2938566442405914,-2.0924469191613007,1.9669835605024488,-6.002112657561685,1.4684219786202242,-0.6949963759906819,0.8858990045597492,-1.8171595845526411,6.15994763492354,-0.017941137225953696,-1.2813739499165955,-0.07684654393851886,1.1162339452008148,-2.7759133445257085,3.035841030407319
1448,2.2314656055668998,-3.3385961476434005,2.588326612730526,-2.049209397899464,-0.6975424021631182,1.2655557294084847,1.116785453345539,-5.004338027052107,0.9255860733763441,3.645297958214506,-0.09310993886543617,-0.5902215190187796,-0.33290134937460536,-1.4812754352594677,-0.6140464240570438,3.681392646089183,-2.6604406542427963,1.407271216844375,-5.038559017394842,0.9841787370786594,-3.917479301130557,-0.8530031186133833,2.1476114407102784,6.677251259348367,-3.9692209081012884,3.189190314479447,2.6014190266459742,0.5777570579187072,-0.44533403272823513,-1.953811458213261
1449,-0.4720602823820137,-0.5994157053195046,0.5174531727667286,1.6472438807633196,-0.6380043432088143,-0.4552167226198218,2.060082098857002,-4.176615793832379,0.29308102806911496,0.9625517019396099,-0.7284956350132807,1.5893965999799882,-1.178233936730619,-1.342134738699425,3.0133810910656678,3.3402367944909095,-1.1619058475778736,-2.6713433625490257,2.7399224644011255,2.9882480965493308,-1.8866226376507402,0.4683197734148985,1.2381305671556184,-5.54799826387174,-4.886645253646469,-1.9456967445645894,4.651225428408463,0.2795825737511217,0.7406200306218942,1.1609139654309075
1450,-0.666430785716063,5.358384334067953,-1.1808308346401049,-5.713016363955749,-0.13697960050703117,2.338873250750904,4.274367893569746,1.207607539408201,-1.015235324692266,-3.1705119324336533,0.6629904084989491,-1.9592185843509107,2.2246136087786645,0.827366234221504,-1.686477168796813,1.7798962465358912,-0.862012530845714,-2.2833863898938525,4.738843150712267,-1.8645377776951673,-2.055142963838618,0.9746187495479983,3.1853325713503153,-4.9791137300783035,2.0112884500601496,-2.601752999342267,4.615286240915044,0.5418912471618791,-3.4708575937797974,-1.0958553450136765
1451,-2.1458420383937415,-5.2685085889924,5.550457159121294,4.013126745997809,-0.45946139095116,-1.6897718867819052,-5.130761895451403,2.796233996476051,-0.6326079111652501,2.045866451077284,1.1055685209965072,-0.18429916193311513,-1.7832041631195388,-1.2942562133243527,2.6058136039087856,1.7919111915266512,-4.0483464519250365,2.728082032933152,-5.501823816478101,-0.31065692866472894,2.1709496713730907,0.24476188854803382,1.8603742475993972,1.5363949376207877,-2.0275038073541793,-1.0748124501509544,3.270795918171295,0.1730453100729532,-1.174838522599261,0.8333135518614707
1452,0.9774024049116274,1.9749584861022669,0.347649628399779,-4.997109987545553,-0.02307959537464921,1.7201790635063965,4.0513827422987525,3.0726438483617002,-0.7785590245737941,-2.840482656769426,0.44418107793302664,-3.949165987250172,-1.3617402529014058,0.7160154984609868,-1.8069874317344663,-3.313663658203833,3.142700843444292,2.6236750009340852,5.519482308702322,2.8218234003320326,-3.031687765585316,1.092607638725724,-2.788518583353996,-3.6137069988222876,-1.7190794498709394,1.2700198124820332,-3.018145666005072,-1.0549256010733723,0.8010305589534852,3.7211003455151577
1453,-2.365198766859246,-2.6692825265028866,4.101274679270176,1.9635522407644395,-0.8446449918396142,-0.18570063483299393,1.384200672395611,-0.08382701762222311,0.7579370052225594,2.81111151729937,-0.35417633042419183,-4.515245846871064,-1.84724693986478,2.0693787615486166,-3.720672591797509,-0.7192336309429841,2.6861435741974233,1.5316308268588799,-2.2413950543702192,0.4233182309396355,-0.6846211159759896,1.1152400539749747,1.5953561395770528,-0.2078982541469543,3.127624537687826,-1.1219433158339918,-1.0855295658572643,-1.0580865291755925,2.4438920805564095,-2.3059572073760997
1454,2.3180983322715747,-4.026581702023773,0.28630838636985345,2.892151116151286,-0.47153752014114625,-0.9984386126279272,-2.299648704114748,4.4822880507699665,1.2099045092487186,-2.6330852075642674,-0.7100409534930474,-0.04941769484655367,-1.3962507676448617,-0.918589800588876,-1.8619877400288782,3.8586257964310917,-2.528485080990203,2.8466875928213895,2.9599321504169964,0.4854102994932177,-0.847047703259971,0.044190398627163674,1.3827786065904046,-4.025263751869289,-2.679393745495446,4.974286862138779,-0.7248398070283635,-0.9295127123501254,0.7535074231491592,-1.3940480204127095
1455,0.5533825737096603,1.9670058875881296,-3.217830183198352,3.0342593768893593,-0.917127356008705,-1.4196902989802211,-3.2105814901610437,0.9601117609385241,0.3067318982102929,-1.270087645720638,-0.33142289223540633,3.545248368968309,-1.2381376122888597,-2.6726629388195153,-0.8408235434398605,-1.436207878500511,2.597372120981724,3.5904598520666866,-2.5382100457263235,3.096925279495032,0.2551249021363411,-0.349000133070299,1.2973509262828316,-1.7621909291190612,-4.338917502843687,-3.9624598567205105,5.123600254936591,-1.2364647072381043,3.6776047317867224,0.7366370800802873
1456,-0.3554146303533674,5.5253898398176595,-4.67472901192334,-0.9119933391192134,-0.5191930743235682,0.9359402159016827,2.328020280726019,4.102939704073005,1.114404464758672,-1.6712060670064588,0.335140777056953,-6.209299159608143,3.6077830416522794,0.0001370345446325416,-3.500804791458309,-4.171246103076172,1.4130741934279882,2.651056624909227,1.5521775159328008,0.9046006935023243,-3.2573830424981196,-0.923050069820663,2.317795695299086,-0.5941407924169084,0.67556142611501,0.37620301304739456,-5.892730899875609,0.5549358267629865,3.556706447810324,0.7293241861412039
1457,-1.5694904110749146,2.8854300152292964,-0.6011031363073762,-2.9968594913993947,0.5163193800244601,1.7657036435278002,3.2212751881913384,6.107623070252604,-0.942125018183205,-2.526185138313954,-0.09600297136662128,-5.7645851305800875,-1.555029359850268,4.072254806009354,-1.8016865302515779,2.195997047469863,-0.10761506960405143,-2.803920893773645,2.021690848850316,2.1254117128736,2.514042627767111,-0.43572302947784625,-2.036750505126145,-4.188671654888509,-0.8999900019022462,1.055085211490585,0.653247321538629,-1.1943125895141256,2.6029604429128064,-2.216990384524351
1458,-3.3272712749548674,4.737112677574501,2.240569988291682,-2.6174091282730494,-0.8488282976747552,-0.18417396496363914,0.7481642180648542,2.8645050346768706,0.8146335290886606,-2.4368170076464786,-0.04286648007374705,-1.9476192941100585,1.493379873666779,-0.12593562772675426,-3.0632560745276436,2.555883466309414,-3.0436274255178084,2.1835557877956653,-4.130053148483103,-1.3967233330682447,-1.126612617392441,-0.7064324430452729,2.4646189919069847,4.895202550080601,2.8048531152727065,-2.0799070889027576,4.1590271939981776,0.40673780524316605,-2.12352074381033,-3.1671902817996624
1459,2.992883663551595,-3.044359106984288,-2.8212241467721064,1.3413511000329699,-0.23270207419900357,1.7640505643707183,4.055315003090307,-0.7913278419529561,0.8469346122680248,-1.2767206626320835,-1.2423915158861334,-1.5918095948870459,2.9176368661080687,-2.2541119392608255,1.711903154973598,-1.956596561191871,-1.363186283005696,0.944354762376383,-2.8259120634822743,2.99457950914222,3.786745579973804,0.7452364268243379,-2.4291851438474072,-2.2714643086121598,-1.6081459092412977,-2.7138806756764247,3.7657985799328237,0.35831003471701806,-0.5813292558476597,0.7792472261168353
1460,0.9139145175467274,-3.433988866968658,-2.652876583294752,3.8031184845397448,-0.5631239528077883,1.9329564009846525,2.762215798835335,-1.4810858887077636,-0.7196870202892658,-2.0669315815592935,-0.2882016468793571,1.7936903386004381,-0.4195336281734221,3.573115278699472,-3.6396891502052657,-1.5380326628622516,2.68261850560539,-0.658478343064246,0.005321492617440526,0.7703075375863015,-3.8855925577202886,-0.39174994156238085,0.09029684448657171,3.4114166245909026,-3.8247079024235404,4.2167333072629845,0.4004405164415701,-1.1055704733845282,-2.189529621596259,2.5026341737010718
1461,2.391461704044051,4.290605262273136,-1.3926983305695835,-3.401231792614201,-0.9711774010276273,-0.9169594421058758,-3.159792347798991,0.6128332145203252,0.8425061022522335,-3.0579370866767874,0.5284387491685134,4.233951368534807,-0.5478877368383941,-0.17614579055224056,-3.16722774852523,0.4108381368412566,1.130802073843121,2.3496210652311866,-0.16778417823745784,1.7097367737373066,1.3295223040033903,-0.8567074175624985,0.3428421564277109,-2.357609638369876,2.651517715025978,-1.3639562214778564,0.5001886715482691,0.03466283737418241,-2.5368449565751447,0.7144319541058817
1462,-2.797429483020471,-2.8874531331662006,1.5898856579705978,4.101607107380097,0.524785043508575,-0.5313951926727469,2.4756126553989404,1.3682454293431299,-0.5870826802153406,-0.42259972773508636,-0.047062440337530376,-2.787113236453969,-2.991516166202924,-1.3849421184671105,-0.9836110186828968,3.589902964997883,-0.6108701928543638,2.381036531209105,-1.6374861311126914,1.4083886456466068,3.4797411782412127,-1.200992075437402,1.4544200608860702,-3.5040716782252375,4.227663826643887,-4.995328808594614,5.259634403536978,0.1108540748851059,-3.702226374622919,-0.9005971218471274
1463,1.3399711504019507,-1.1807691991633753,2.510124415811717,-3.8514479378385893,-0.6890717680830631,1.8711933388711977,0.8853628814102947,-1.317967659088712,0.9353812927387279,3.2653264005258613,-0.6482595381526792,-3.1198433774333623,-3.6649304187291634,-3.383919728686111,1.0167267677381773,3.8380590906719405,4.134109476891769,-1.9400451878869003,4.802496137046635,-1.5353749910616283,-3.0651207407839536,-0.555581717309372,-0.5322667305746656,0.8858480426815234,-0.4364863744402925,-3.974982911152974,4.55187813096115,-0.22424916487424795,-0.7818990965367707,0.8657394160444518
1464,-2.410856325180733,-1.4022414137499375,-3.1281247457764607,5.638279383861576,0.645161913515063,0.657781187330345,5.795726101705231,-3.1745071341480866,-1.134144753212496,1.7745695166486577,0.5417363444721213,-3.803380075465281,-1.705318053266426,-3.256762559170605,4.058776468004506,-0.16974256742372873,-0.04091772254049175,1.113964434396447,-5.437553990007423,-2.8292270617710837,2.519418776332767,0.3419890117563593,1.7800672768499837,3.625305986837958,1.5804173271837278,2.2256954530318325,-4.559452688610644,-1.1638182498316851,3.0812870612325938,-1.16412890300451
1465,-0.055241076550684554,-2.019609019981477,-5.364231285079281,6.0503271948201345,0.8045753489611025,0.5841788378300965,1.3899318382733092,-0.013077475419603246,0.43505364573745187,1.5685633800045125,0.2663122704588936,-3.6467836590543996,-2.033831205116682,-2.5233704991804924,2.4574734263624727,-3.2552021773628006,3.052555888997585,2.302374566299612,0.48082855458402207,2.4881864171126686,-2.7169600854486333,0.38161916778111404,-0.9460879422397621,0.31241388820916427,-4.40679935337837,4.856438752388076,3.102298619379688,-0.8050818221110978,0.8834182470204563,-3.6302744432974734
1466,2.5191774556831845,1.7751147726829046,1.217964811586178,-5.779574032929297,0.6535201790750476,-0.38620318609810234,4.642488617982028,-5.223368582170966,-0.48360780564049577,-2.7898199686247995,-1.0080907260887706,4.862398464543155,1.4622382258057165,-2.1612254533950566,2.106125360213106,-1.9126610630546157,1.7074421453359712,-1.2019192149054483,2.977406632719102,-0.13929351228147802,0.13360566915277872,0.15286864496855923,-3.2021316452359674,0.07754421067554418,2.6824064883664462,-4.757005005599165,0.38106701815279465,-1.1334342259241446,1.1041185913341103,1.722847133671248
1467,-2.0518858335908696,4.800584606623929,-1.5229479385388416,-3.1102397449033994,-0.1121442023887036,1.9966331127977917,4.989557697841324,-0.8899005309746464,0.85110028327591,-2.4666998614315183,-1.139970918531998,-1.3440866701789176,0.06917908111561388,-3.0025910756022096,0.3815189265829666,2.502747552700768,1.921120586049767,-1.8719750708472045,-3.9991105874461574,-0.6613436396359322,3.6119174925317097,0.792761813272655,-3.11965666974406,3.375431591020323,-3.156134818714598,-0.2931243272435857,0.7939246961867426,0.1601906462499123,0.880478793792701,1.6146650097301176
1468,2.0275908672039087,-4.04361218822487,5.983627056891073,-3.518200243513043,0.4781517050256481,-0.9275571973828161,-3.208161610008947,-3.5845460410949386,1.2144846820243798,3.0613633522131884,-0.7627466990635599,3.279606315930021,0.6353041710659753,2.9502167862589417,-0.4734815610978771,-1.9732550071005122,-3.756768098442098,2.61798370931524,0.6800287290044302,2.3193510688103913,1.3752272284586944,0.17794254615327,2.040241759381612,-6.592791331809824,-1.6392012578368949,0.7695827342603003,3.9914699267649567,1.2201036317795522,-3.151027113072381,-1.1909279218942608
1469,2.161890222324086,0.46040850234865616,-5.411442405805701,3.2550253179822732,-0.10664914461749686,-0.3592324922319179,2.405496854227085,-2.290562071820986,0.3974375947127191,-2.3646856482339675,-0.571461771938746,2.423775043054036,-1.6843573835136372,3.3908239630790966,-3.872095779563198,3.2128899841715466,-1.2382427765103916,0.19098199233625834,1.2832392333928304,2.8153519325525593,0.43166121027122273,-0.6132078603813733,-2.2355393108513653,-1.6815052049853243,-2.7215080705919625,4.172837226747461,1.5876610049688935,1.02756249294755,-0.8087446763737116,-3.257807977696949
1470,2.1042413872409576,-4.595543594476371,0.7123640805541385,4.8088067600988005,-0.6303133957452991,-2.399555237672365,4.556573932731002,1.9800920899342032,0.44461341949620525,-2.0387648724089473,-1.2102833400450237,-3.7322312297072777,-2.6981247467893095,-4.219165606581235,3.422732593741493,3.866658319542495,-1.9223120619809624,1.5502115020671923,-3.0232274532742984,1.4727584840754773,-0.9728148730026334,-0.013070053221848177,2.9239621940470464,-0.38760829862517454,3.9667046004100364,2.2903568501007747,-3.4921837750353966,0.2059359621137613,0.5396076691676281,-3.5104213067555214
1471,-3.42072059624253,-1.5042622382142739,4.760402991950063,0.07341171840844396,0.6450715972889709,-0.5539034731908146,-0.3313195877119419,4.0803937158862595,-0.9100348368532751,0.7576681197519779,-1.0877272606520583,-2.508980150420758,0.583085513623395,-0.7863911995340125,-2.83809728457417,-2.757406206393183,2.051427838213101,3.747381338664546,-0.5012488008283,1.5020282408928622,-2.4430645288972492,-1.2279371431310566,-0.8257751887816571,3.4959974207439757,-2.557700626745728,1.5514183155101513,-4.2924392504195765,0.7989735777127898,0.8107578429758071,3.6889901409678316
1472,-3.0105353394995777,-1.671531793064272,-2.443270314309931,5.18214328866069,0.11459714369480878,1.8285970145181683,1.8957767097046272,-2.134085337655062,-0.31815506509369307,2.806324052469808,1.0727009816640143,-3.3225613410894788,-2.811046473643634,3.407798691257046,2.2537698412583644,-4.153433427681906,-0.09163773170687506,1.3945491005166915,-3.0898494982102065,0.6471369842286094,2.521605655299709,1.0059778247107358,2.150618841826054,-3.235489807856311,2.5505041374739434,-4.609344094918857,5.4300089900881865,-0.7139629252228534,-2.4225461777772956,-0.2346599296418006
1473,2.0169878658381997,-3.3310098451431536,-4.824524339127187,6.121930248340824,0.11932642851868813,-0.10271035842746556,4.342674787466873,-2.878224102661502,-0.35798266513710963,-0.7819495716816469,0.8435112850495319,-1.1680297330359046,3.214996140505164,-2.3264981140068173,-1.8631216638908832,0.09470534556422905,-1.4903862875908889,2.370304579418864,1.2192931075448712,3.017406075433673,2.6897516079790975,-0.21285472563719665,-2.3912716552541777,-4.322324410067658,2.5924609654059516,-2.381452438614982,3.9588461827197605,0.8842073439481197,-1.504758759513523,-3.549303293944014
1474,-1.9930675193687968,-3.8405809800274753,3.368423903610605,2.7898267214867047,-0.9919405323353248,0.6673384066341832,-2.4795026647309264,4.3280066593640925,-0.8249644232404858,-2.60026256992076,-0.5521070236558225,2.128830022184186,-0.8004789976484865,1.190743698263848,-3.351498477721899,1.1211099711419834,1.3579765602341496,0.48214724573007217,-4.628876409748241,3.0768668576634006,1.5000436697411104,-0.9107911464660532,0.2573049898301818,0.7054520389782262,3.4076242015720553,-1.1403638559032636,-1.812176252453984,0.8833346194332092,0.8543907519105289,-2.192809464557243
1475,-2.883029487906539,0.6193725399286656,1.4192302484555448,0.642957004484817,0.7047853043007155,-0.5033156092632947,-6.039539818957504,3.6971163971189434,0.7810445761356037,-2.0900869620360556,-0.5203784049088851,4.171844212648175,0.6592377794566815,-1.509854364802658,4.1251836704661216,-3.0816270310719354,-0.7196700455296785,0.5267299914811225,4.3270460758919675,-2.476028114288292,-2.19222602534815,-0.6332843735010076,0.40165993283890344,0.572832504405195,-1.700333983994831,-3.541733281016434,5.458874474593685,0.9864648882814766,1.4848114773610561,-2.688083575223679
1476,-3.3867200923994165,-1.1838472554445865,5.214732504081038,-2.1598611769249594,-0.24364293383805125,1.759338954525882,1.5121535934586134,-2.118363313633335,-0.832705763157664,-2.5374486069134186,-0.8155457836545956,4.791909873900661,-2.180157221932781,2.8390141874661197,-4.214268902253249,1.4279380741015295,0.0823137303879804,2.045160132230059,2.411236853478261,-1.8979547811990205,-2.264612090079508,-0.053089090210807655,0.7886226895183093,1.0157964184913624,4.0135892123805945,-3.5538848380180106,-3.1675941872465785,1.2464644368187177,3.1926836017921936,-1.73125822572562
1477,3.285212718913968,-1.6885241172290328,-0.8918077379494775,0.3142689193472208,-0.34250322646429177,-0.6766465566184845,1.2805097365957607,-4.641140528113109,-1.23389002874108,-0.47646836205000476,-0.8559619230513444,5.926951105360047,-0.14269645494956507,1.549393872804199,2.515504392857288,-0.7732814842855618,-3.2269447355614105,0.07802440913464181,-3.488222405047839,1.6485162156036086,0.6774966990372704,-0.1377650405656805,2.120452073729844,-0.8204775427585815,-1.2679748197109468,-3.992826905425396,2.9188616080609613,0.21167246250541805,3.341263525041189,-1.2109958704699366
1478,2.0298888331256855,-5.14774639347776,3.0174457778297565,-0.17272020285511402,0.743642724280146,-0.4705107389027887,-5.158644571026489,5.740168587970743,0.617282813027245,-3.1818257984042813,-0.07581093760870594,2.058829906041776,3.6770035853672134,-2.5621202283076876,3.76684032707443,-4.172143730511545,-1.3759549195017104,0.6663749658789087,2.4681896842016045,-3.3644365048147282,1.2698877489833258,0.6911695019711903,2.675850669595089,-3.7406610999378636,4.5797783433019035,-0.8175840357576156,-2.0590934991587275,-0.858650029991427,-1.9780951076906383,1.1336443292977911
1479,-1.5210112293838591,-5.636634186070818,3.558416548344727,5.403728009166656,0.1834312791908248,-1.9879304212476026,2.3432693612715987,-0.3766861057748798,-0.29607716695768893,0.8697511533836391,-0.29078197965443575,-2.24947526226795,1.1468968191919409,-0.5003443661089761,-1.8536801217471695,3.0233735306192386,-1.876192954859082,0.05994709290367872,-5.326377802397488,2.6331997390219755,1.844570165290353,1.0070865641324263,2.0779761615393664,-2.236454827588066,4.190123795167757,-0.20510151611731686,-4.651598772408818,-0.3210558490710431,1.6152380658611243,-0.6276057234304382
1480,-2.865424593671623,3.8167147927527267,6.016791721595748,-5.7432131966967646,-0.030392206875986538,-1.1944765171041656,5.866695733874277,-5.029421407130471,-1.0994381442751373,-0.7670816090282262,1.2182169891482193,-0.18897156258838876,0.7669144833771,-0.3665028211490551,-3.451036074642568,-3.8248968683117397,3.161228317502406,3.714292963223489,-4.3764575717452665,0.7792549623416978,1.7510453133055002,0.20601194615800988,-0.03469730766545709,1.6748426576040636,-2.1936845926548685,3.5031732982853327,4.467446027821875,-0.7258593046275035,-3.2685101867262727,-1.7825652420973075
1481,-0.026588458885807853,-2.014212581246209,1.4974185286878345,-1.9413661335562828,0.9511429376538043,1.5336057073466094,-2.7443368329060256,3.2064921089000507,0.0727251376906981,-2.6436634839185125,0.3006453527625803,1.8081377174714781,-2.476880794584593,1.9762962454127404,-0.44586114869314386,-1.5455985073800953,2.4891513495008297,0.002892855743914069,-0.068702980543204,-1.4180946919261874,0.7382328397184317,0.01707423424721277,2.197293019181986,-1.465802420679676,1.2301593629533905,-0.054640428092330495,-0.41488090350795304,-1.230706780796607,-2.248618444125997,2.71868719357078
1482,-3.2862225744300133,2.934469331327737,-4.870359889827771,5.510629495907981,-0.3071508211263423,0.01863445814837661,-0.04332815715907046,2.793053162753587,0.4303916307150466,-3.7354108267951958,-0.1262130261165222,0.6815072166024052,0.9732822086546769,-1.8512943003358195,0.9089180436008881,1.0364572640215926,-3.697702219233596,2.630339003291901,-3.7925212092472336,0.7752011416013289,0.2665471446592207,-0.8411002885843004,1.338266859057077,2.253606352512474,-1.2045957888512007,4.268260339124538,-5.418066184844353,0.09087244467293054,-1.0926543208042823,3.35618351070363
1483,-1.826939674646093,-2.4790411772986047,4.126258511200131,1.9892224643345777,-0.7611455941997485,-1.0483545293903163,-0.9359634028172223,4.862026391945037,0.23824350251788395,1.3397139613784113,-1.043011833227431,-4.461008619796434,3.4325221810903557,-1.0877207441044714,-3.3677553812355505,-0.1706177575899268,2.7258298737196966,-1.5322581718804358,-5.051083519965498,2.7437063274993676,-2.8429992294506974,-0.704395436440235,0.040044647464609895,5.814727210891036,-0.522354939789647,-2.3264460361409256,4.4485030714314,-1.1679045202376832,0.07870076093912282,-0.5104983362010138
1484,-2.5044704316852506,1.381937088376091,-3.232404744020119,3.85376164286604,-0.4312917821542799,0.9324682266174413,4.388893326414699,2.038138638026094,-0.3177652461228817,-2.4457651671701868,0.46565673981743316,-4.129158290964945,-1.816953048014648,2.6404765185857713,-3.7143203784126424,1.1865874047339737,3.01318948680154,-1.3089799836943339,-1.7389448341896276,0.4323300633345859,-3.1184376612498284,0.9391335729679229,-1.1390509943783638,4.62496985351391,3.3868305967266146,0.2551721613271134,-4.543291152925061,-0.7372677703943307,-0.9665813250639292,2.605137490330822
1485,3.567298279496022,-2.5582940727284793,3.8895003299266726,-4.023287864935092,-0.10855398016499462,-0.7666626915942185,-4.583297331941743,4.65368970963792,-1.2135794951970502,0.7563161723107186,-0.4396502498617707,0.8265211950521341,2.774240793535867,-3.9495595225393174,4.217771802369057,0.9629735060016422,-2.5024295315244203,-1.5029970478431451,3.4557393225750523,-1.3899954609999874,3.457660517399706,-0.9747482690231264,-1.782350046911425,-2.766306063041622,-2.438051489556287,-0.026149971834847463,1.2978992022112514,0.5763305528896412,-2.6551787182267486,3.2451504245182505
1486,2.815769841939975,-2.310891409156305,-5.37899134491397,4.3272940437045335,-0.6496927618446171,1.196511630270308,-0.5499660862785447,-3.091812510673133,-0.6805735957485579,-2.0779682946367704,0.7572117360094976,5.643108751327684,-3.7415497138308247,-3.8492597805531954,3.866379487492388,2.9834853508543517,-2.581652221833078,3.3225968778700476,0.02007229356700435,-1.6965124105439848,-0.8503900803693423,-0.4488576829686144,-1.0457766049754955,4.021464485289062,0.26873369416379234,2.7874679561772417,0.28028781034880623,0.12284378495109838,-2.5439689171171977,-0.9153643285224558
1487,-2.0330816266600067,1.8301819750565684,2.6283238868619314,-0.4596493753682047,-0.5802272431150672,-1.3855476167752876,-1.3605504974618903,4.3336047912987645,0.1248213728991141,2.232517941109407,0.6659712533929278,-5.996364861238163,-1.4745940118767926,-3.222782785805343,0.7798508273999047,3.674285104339969,-0.83894096024056,1.08218182618252,1.335820536400668,2.3012988513887684,-0.5698290677256619,-0.2859955522185036,0.6913533757437342,-3.472648143590405,1.0087910940350255,3.895863468039508,-1.7893094621305394,-0.5560669209764626,-3.4936842071383367,0.9344060281720967
1488,2.6052708466386854,-4.3257256033582685,3.668802472663703,-0.9602420627907904,-0.9193638793515546,-0.068741773801829,-3.2335345940068585,-5.505392342106433,0.622143887218253,3.5575235100689753,-0.9231255040254975,5.482385042851735,1.0706932999705252,-3.986889658794592,0.7858772206254763,-4.021488836360209,3.4689186925323376,2.6828892820261743,0.637420999851134,-2.0779134589370845,-0.5760299032550744,-0.41313970646570386,0.0811658070264425,2.3484962617788874,2.678511434379267,4.105593093619142,-4.62575224115826,0.6732162316363306,-2.0269146093194035,-0.804653909155812
1489,-2.002499042534252,3.008055808572223,4.850569016919575,-5.626920880964381,-0.4202815501872501,0.19107664819401116,3.5364666250866286,-5.798439816243903,0.7236717190796353,-2.3458945237375666,-0.7328998902686914,4.617095886084044,3.246384859515384,-0.29163839835215555,0.15643811376761718,2.359794948888876,-3.2534157593072273,-2.2175637645127804,0.08568440560986446,-1.1663008570942672,-3.2125373234017687,0.8669003607657295,-1.5741352425449424,5.000388656663979,-0.49950100562616484,0.43316057560944543,2.1580264007928065,0.04084254887444416,0.13983072025562393,-2.2723592399048975
1490,-1.905454424774863,0.8368846357311419,-0.40490709787811596,2.393882223396325,0.7870515079633194,-1.7074568444378802,0.701663771898474,0.029882770470081255,0.10515003562546621,1.3918952723159776,1.111445662406422,-3.3400375127162505,1.7586029254065956,0.47861871166555403,-0.2892724961706854,-2.0853015229892,-1.7840903003587982,1.9214426824462514,3.3000378982993297,-0.764024134962332,-0.5110556415011693,0.9734739676934048,-1.1431789434491328,-1.8552531460815302,3.0081746729836745,-2.754249193077733,3.528132839217431,-0.22592607431495093,-2.303792631409518,-1.25233961339762
1491,-2.22358109503328,-4.5325802111277405,3.843335973314044,2.254478774771865,0.9864203015479287,-0.3280737434728689,3.5187864113673086,-2.798444052926584,-0.9633319512418126,-1.7321339182827664,0.47474727346740764,1.500376237616642,-4.239060116841337,1.3566752883459223,1.0571000059515399,1.4817456691654414,0.0010212448776414362,0.34251790850053254,2.441714342545019,-2.766086028184546,-3.805358921364716,0.750663040404568,-2.4497838784505,5.828851445048741,-1.2828820920502189,1.1500929876701846,3.6115369665124533,0.6030770836854691,-1.4227764576460693,-2.6590484881704874
1492,-0.7283040368821876,4.8971102585346244,-3.7584983054074357,-1.65989434566227,-0.7937098671820753,2.0432962965992765,2.3893769870515733,2.9488930212765254,0.8499785632733818,-0.7999254738361685,0.218720751493775,-5.6070438492589325,2.9979800252023416,4.150768678826054,-3.621672593481353,-1.2139435673290535,-2.0587187030955896,-0.254413840122675,-1.169988664271937,-1.9366487627447793,3.7448820462315595,-1.0215939697024092,-2.819171538017603,3.202520888503745,1.4174529396082995,3.4082319711313964,-5.341217785288588,1.0090063310132305,-3.261176767455547,2.7677033109925375
1493,2.2452810587278194,1.4468456763204784,0.39601232959547517,-2.1436669529613326,-0.946187338676906,-0.9982847730055724,-2.5959591292048145,-1.1212494862950209,1.0951685134882752,0.04388292271533878,-0.8264726060528149,3.4046297853491936,3.8502505448146884,-3.1710178711189965,0.8770686460858599,0.6566935675446395,1.2966235865865734,-3.509618473913042,-0.31782752887573196,0.29608793961892665,-0.9964776132096667,1.2414674055590202,-2.9762212368884633,2.752971033794541,0.9031024236390941,2.8992940887466006,-3.399498530910133,0.1252541803051619,-0.5667793572195539,0.038627195440207984
1494,2.1324233704125213,-3.374024945693602,-3.079386728779184,2.653295001637076,-0.7319502034790841,2.399643505902219,-4.546736932582284,5.831585152694238,0.9424974215845472,3.39225927143087,0.4726326105316865,-6.092237523658916,-0.13943231513431797,0.6314693999541916,0.7322500965561964,-3.168622712057619,0.3468530999004251,1.5974824307808575,1.529209924255074,-1.6941148188725101,1.2310905423645302,1.1662690982106136,3.184817497244083,-5.417272243203154,-2.890257243990405,1.0553165180442754,1.1842148947133389,0.09210748787450473,-1.84544493471593,2.4040632780755864
1495,0.9390491703141848,0.09961296283991317,0.7370935397644054,-3.413311618843373,0.8850742921789028,0.7524816537459085,-1.4204871407842674,-1.1249009759112596,-0.44539868403673033,-2.5600995399591913,0.31132462633113267,5.2395617143604625,-0.6613462903162599,2.2937390468946326,1.684441909149669,-2.902113083368688,2.647057039896584,-3.0617786222562025,1.560792480447187,-0.40953505483625463,3.291552918448655,-1.0454437570900552,1.6527617075378807,-5.050128294508767,-3.872924368255447,-3.24231964812774,4.320060460643052,0.8761746177214693,3.1940591662296107,-1.2750502282095812
1496,-3.331672512724211,3.768480438929817,-1.718935980714825,4.296822799723593,-0.5369499801898834,-2.4777447650245437,-3.40524034849005,4.030686903111562,0.5805085079553374,-2.671987390578167,0.8684370911046484,0.5975952368968009,-2.9483183469995247,2.5935651429809568,2.31232391804048,-1.2524641111003731,-2.40001315904442,1.6949065561226178,-1.558558454174591,1.6306466093465115,-0.4043422511092185,0.9363196429976632,-2.991306983802099,2.387241436740382,-4.751212610883169,3.5574724595877107,2.7177063679454037,-0.7336635419891628,-3.6866349338616775,2.896332259202268
1497,0.15461655388191886,2.3565007507072515,-5.8281371881055115,1.4759168025485714,-0.17285809234774963,2.0139611733154794,2.6408613947065156,-1.292223493518474,-0.9923439453949205,-2.3222243364384507,-0.12851754749441735,2.0944479281398927,-2.1843940409461133,-3.231221810536953,1.8137843177784738,4.192018904286925,1.7345474845206859,-2.3247348551032445,-5.148561726120224,3.4267636618215853,2.503713029033605,1.001998709914199,1.1473322841063567,-2.9312459587568718,-1.1861053169691615,2.4680691569111453,-0.4406842578374608,-0.9019360349275933,-2.539183424293146,2.599839877117585
1498,3.1094855960772776,-3.0639090431529077,3.5771785789673736,-5.3972426628789485,-0.0888711074164239,1.8633586384035787,1.7108085911471171,1.7954155611995475,0.04473443193150928,0.07866067061428694,-0.0026060394671443277,-3.627013215425144,-1.8422277848086814,-2.468180377744286,-1.7510184047641832,1.987495663834281,4.024738664184159,0.04919223929850958,-2.4428079605803994,-0.5671235803279497,0.011947506805647379,-0.600276758651134,2.7334481217002278,0.8648126710522668,-4.270144021583736,1.3564080673760905,1.9284136350462546,-0.6784756350329744,-0.41665499071987355,2.080452944915603
1499,-0.6524587631794478,-5.524354121221506,2.1104675842048835,5.539775492104948,0.21639365590928383,-1.6898238478182197,-2.6499726314758583,1.142915019496975,1.0335880729399465,-3.61101023957994,-0.45291407838722453,4.537393857006236,1.78319170053296,3.09293246943475,-1.4244153921866882,-4.133651909794265,-2.5974330313911693,3.2793761634042298,6.073049095328539,-1.6859095810401286,-1.0089829082556712,-0.19209273298783724,1.5935726008888356,-4.7796364739350565,2.065617004886917,-2.551760401014594,3.681397952292123,-0.8679941711613672,0.6858658100637118,-3.013126195065407
1500,-3.478703841975273,-2.814701177579039,2.58796653733674,5.984642324158617,-0.775215055687819,-1.5039887862532861,2.414061651816308,1.5231631344028251,0.464276685174859,-2.585909656991804,0.722301992057977,-2.53789380646003,1.7754400869715852,0.6258279226280514,-3.4282595139854877,0.6864897813963111,2.905879589027002,-2.5653778660376236,-2.687718306570048,-0.016460345668233956,3.8758094158864758,0.003583420956403849,-2.039558202132845,0.864344017526907,-1.8709154646404755,-0.34988189030142536,3.647926105977863,-0.04658531457852533,0.5950129089520395,-1.9755563454081155
1501,-0.9048796357857523,-0.6689762108733888,4.223734601602363,-2.208140992446726,-0.3581508963830482,-0.08358686611350485,-1.8676988703607975,0.8837661745802272,0.1601747720668838,-1.5567261496719862,-0.8872136569934987,3.267697730379286,3.5553717129279896,-2.1624232797426775,-3.3675156638351265,2.1864109707914388,-0.6381152276350868,0.4262714874932776,1.6400336363019363,0.4947281808566064,-0.18424484834489796,-1.1527797001944,-1.4763962350644526,0.6786589664438516,0.04785573301293766,0.32805754018484734,-1.0376091961658602,-0.7255895182361387,3.2281268466168243,-1.840841405411238
1502,2.6262192035576497,-1.995576140985591,-1.4396823778117387,0.939909780432373,-0.2993669448885643,0.16849647969582193,3.6741623342955627,0.8364849210304008,-1.1080160936262513,1.6105531681742242,0.03491774068096465,-5.0481020705547905,-1.7212438385746722,0.3294390492068864,0.43238797072146795,2.6583471506503678,-3.1564364309716897,1.4575060989674427,2.4048754041777194,-0.39195325798862335,3.5467972403279866,0.8098817175921198,-3.060553158999344,-3.3090479451111854,-0.521298295752441,-4.455064218324454,5.301971035629705,-0.9797227777620803,2.1759072053451973,-1.5217929491345465
1503,2.037976279853769,-2.67377335266875,-5.324780256795485,4.736314449010845,-0.6970214139012956,1.9212842945008912,-1.8960334003692267,4.170616780315527,-0.8219327732934563,-2.922006174584512,-0.7780466895754952,2.247402257507261,2.4728756625477857,-0.6922365889756392,2.2326514455488393,-2.490397765191947,2.1867339047778174,-3.7096266587070694,3.641149344161832,1.0456665605787236,1.9555650302074845,0.36309883259832354,-2.890711581208407,-4.1147681863392656,-3.777041773025452,1.6713772340808788,-3.0726845587576683,-1.0455925537385635,3.7054121222046916,2.518529529237483
1504,-3.0831333785923256,-0.4622649950767439,4.220209910262163,0.3284097673603732,0.2806569424885219,-1.28387824644199,3.733761736219936,0.9352418256035975,1.1821313076878077,-0.08199383984284836,-0.6867594002034574,-5.082381629464944,1.9719213174029946,2.3750747597351385,1.4670918683062233,-0.6103256710742677,-3.2248412429851836,-1.9789210313851324,0.9529823357701552,-2.8101721665763577,1.5810459325688377,0.7954438762964919,-3.138919467270277,2.6196194892098603,-3.716512804866891,4.5607102927304695,2.950064408514418,-0.4372411438701862,-3.2500953671149713,-0.10692538539145247
1505,-0.4446487097140981,-0.17114819050392427,-2.710964775232508,4.223753889719763,-0.5437971822229635,-0.3531950320462709,2.5559424185110835,0.7093772212115432,0.4493555406174554,-1.9053441609286903,-0.9453705347718326,-0.8639604846394775,3.9439277648371167,-2.0073303137144745,-0.8424521066597777,-3.0518609538903707,-0.3079610125802219,2.2656766220074935,-5.647733628707808,-0.4682330686870806,2.936787129853464,0.848137515148867,1.619086500175099,0.7119555522162031,-2.098927943314166,-0.0825202000277514,-0.7114419573209432,-0.031020197474521893,3.271683980549888,-0.3477736824110611
1506,-0.7121429288457044,-4.002226964661265,-1.0643987966524406,4.389013183433953,0.3670748814429734,1.0226806252824598,4.705809388461859,-4.929458482739186,1.152383459465252,2.538353274689694,0.6738332115010426,-4.140920851378617,-1.6892706538470303,0.2629930188475704,-0.7077956881777361,-2.200156276583769,1.5418923348649471,2.7923372648957745,-1.2650851501395977,0.73522125653332,1.5483967507326533,-0.5508186466994731,-0.5900813260078035,0.12236711557964952,1.8163763729580538,-0.38012814361178826,-0.3580325009088128,-0.3135049320364729,-2.142321697334401,1.3776109009348438
1507,1.8080020278906197,-0.935769077563652,3.687269404429639,-2.660353086114288,-0.7886187401617861,-1.1105305284805453,2.146373898208431,-1.4783881636963585,-0.7541352726192532,-3.0136479197540993,0.7092779623652294,2.390519495496079,-1.9404464655633138,2.957289062320555,1.2857166157792044,-0.6385785370832409,0.029258765388043173,-1.693239440841543,2.1108815685558824,-1.7833158690366115,2.020340805054026,0.9517115701098664,-1.9852538768855794,-1.3143641977988345,0.7276049912671212,2.6352379071840453,-4.7850573946563415,0.5842832824586273,2.92397480682914,-2.086043593081193
1508,1.4690330772889553,-2.860350611544348,-2.369481129241496,5.393657558100454,0.624324773783123,-2.2571836683867366,-1.285995294688373,-2.7094421302360914,0.8790063091912979,1.8318657784676695,-0.18449278422558546,1.4690581214910914,2.027709600958495,-4.0718530873064935,2.04347443631519,0.27694384053456744,-2.518754191335427,2.2424794008333784,-2.90465110377092,2.7091256569290465,-0.2361876020824205,-0.0963489538616562,-1.1347283301881301,1.6627903329728468,3.038947854068031,3.235101177667346,-3.6932538160737955,-0.9496621602003454,-3.4420373468568783,1.8109042913970264
1509,0.9223516750795717,-5.120211920584648,0.7413321652764431,5.442870147485941,0.21222342226836188,-2.1985654895257394,3.9270269277671837,1.0694048170124724,0.6292192513132022,-0.4504374437312091,-0.386095206806937,-4.789118345554694,-2.0412210824763903,-4.191626422221901,-1.0673501641138028,2.117291287862738,3.152966808955373,2.0299395719936584,-2.3015277553844555,-1.090053924985078,0.9895487033888131,-0.6748603878854809,-1.5884552979759654,4.665348662840941,1.84383495125142,-4.695667853281762,2.7167267867035854,0.26424035710708793,-1.9336447460789064,1.8045105042999587
1510,2.838283442613644,1.0087836376765722,1.9412215018773722,-5.424092387320528,0.41016712265390387,-0.7743633175010132,5.250944301063981,-1.436600069822699,-0.33920702431384875,3.1431663682796476,-0.5660910880192338,-6.052212487187816,-3.234408748989022,-2.3447315707443046,0.878612872961039,3.784246934126031,1.6031698887342465,-0.6868893760883061,2.162646610844604,1.0836870617578356,2.6235784433197438,-0.341537548670388,-1.6809897152717532,-3.8473848519812783,-4.547636682996567,-1.656271990618226,5.9675691033202085,0.611255991344513,-0.0036761586671332225,-0.3712402623813986
1511,-0.6424341877001769,1.9114149553497626,-0.649274712854659,-1.8166883900495705,-0.5967971813695145,1.7937795166241042,2.1583109657458905,-0.310971478588975,-0.7507150184112037,2.92146948787121,-0.5382521630872636,-3.4798417935296406,2.9299335994194315,3.817709427413135,-2.421369564240001,-1.6429097014014982,-2.796845140262324,0.11348137907095257,5.08592766547476,-1.1250045195659268,-3.3920630078927534,0.9747618918798446,0.7244440478112981,-2.2680660777084682,2.951097051641163,-0.34917173700000603,-1.4916912365412998,-0.45116825114746106,-1.9868053438079638,1.3277395168569548
1512,3.511149150983485,-3.1938519979212607,1.1398875646801976,-0.3141335062127766,-0.6240065474249075,-0.519044664104813,0.18371357705853342,2.4384712998650997,1.1579432589938232,0.1686987194352927,1.0898979940165656,-5.038724849369277,-1.8501374736771616,-0.4315204840314948,-0.5441964107783619,4.21169942651024,1.7888478159363785,-3.1746928739599145,6.14482677343117,-0.6170625996172596,-2.7557421690744484,1.2486348819104505,1.703830343271548,-5.724487229922694,-0.4928921433193132,-2.710132041347986,-3.073392375890819,0.6980269176816618,2.3396837511857314,3.2387058916921276
1513,1.7353077061081876,-3.0654309068430265,-4.3534616541130795,4.025159377672502,-0.6954141739079869,2.353839651083341,1.8110765512486466,6.116069685626499,-0.6308576085363109,-1.114466932510494,-0.1228793905564265,-6.0589423052718665,2.1008706981022627,-2.116877543882268,1.534775586882411,1.219020305615647,-0.14603525198542044,-2.5917537947329556,1.8116484680592038,0.37236154871046523,2.933038488763266,-0.21830529727142078,1.2773424764857069,-6.176085684748443,-1.0999890082405415,-4.261341832438896,5.6676004943997,0.8264767302892837,-0.9332134677873896,-0.19953291622074332
1514,-0.2872061079496824,2.48508680403679,-4.785603546351062,1.9256712390470625,0.5978719597915219,0.06417965142531834,3.372501217742297,-2.309981462860762,-0.9335082502723306,-0.5932420901835318,-1.2491377922350617,1.7133683778094166,-0.6852457220239181,-1.0916159443807203,3.960243704308507,2.4350180364950518,-3.1849385712371117,-1.433461503162107,5.092399544645385,-2.3167218211276506,3.575720721301966,1.1215836200780736,-1.6896137127933581,-5.78336835210564,-2.179491122691225,4.291025952768035,-3.272020402307934,0.9537004969202663,-3.2694873908357422,3.4762724661480284
1515,2.834269861857223,-5.130775863884377,-3.6099025386692176,5.223299163146642,0.6532750529288984,0.029834324620802377,0.4401224611302901,-3.0172071843864074,-0.7722453396145941,3.4016434734155396,-0.046005169533780865,-0.006308241011041105,0.7266306623297432,-0.5507049510900437,-3.630843569388473,0.39699136714477135,0.1710885575272556,2.886837933476464,2.5528782910532968,2.806262510173994,-3.1885485100025335,-0.9967662073727235,0.6394828671014903,-1.8133089509547595,-3.75841157224432,0.8145261331533824,5.868031600068537,1.1962136682230877,-2.5345192410029576,-1.5858405881963087
1516,2.1712146373006718,-2.3407261727920208,2.0724413032290165,-1.8178342658788509,-0.12222489174708295,0.037129389888221453,-0.04659323953887906,3.820803764504202,-1.180883863237387,2.7969113165863,-1.0201092210949927,-4.370128757219284,-1.4688355775162876,1.538405138601103,0.1468087415434347,-2.8506860754823276,2.8104187225901356,-0.176110949736362,5.437898812554767,-0.19744946475311131,-1.0059784373523364,1.2223551121542222,-3.2110951887478887,-2.2457308338568858,0.9983422881933919,-3.210139601902249,0.911699441275239,-0.11079754640419903,1.0433749733287634,0.3675204455104808
1517,-3.3718674281853644,3.95611464909274,-5.349634387687896,5.101281001314476,-0.14111828366186185,-0.1947755508721567,1.365620842764585,3.039505306264843,-0.2841220378611595,-0.7993482613918506,-0.5499421435153229,-2.771713706261121,0.04587542221139884,0.6356290028638973,1.2237499680541823,-3.8469799515410283,0.22608444902467895,1.7156411093865245,5.5921491895127104,-0.13718541786111516,0.6917107987101865,-0.42252196025724853,0.13107347007004932,-5.855226080175804,-1.2667880799419784,-4.141320315235808,2.6312998858477066,-1.148821813742039,3.5999492302417053,0.3256810928318554
1518,2.7734866194367704,4.243965797431844,-3.7751312978076186,-4.390393693380869,0.07701622231271754,1.0710563520071243,3.0893132615269927,-4.174633795665919,1.239401306857359,2.0957466996431577,1.0415394367738386,-3.2913669091354585,1.1724614270659615,-1.5898286370347101,-1.8406479478866036,3.140714115350697,-2.6551752906137818,1.7724763331181101,1.3231274494216798,-1.163657213736295,2.7241572919299486,0.5883722195467858,-1.9492765005302868,-1.5227232466330562,1.6919131209854577,-2.0950487937523086,6.224898867128761,-0.36472012717555735,-2.398248358402979,-3.058794708781921
1519,-3.3570764160443094,4.865352401033096,-3.388750919312699,4.312510488281955,-0.5854003636287777,-1.846635190329284,2.4058690139492356,-6.217132858666279,-0.22629467354851052,0.6632950199633907,-0.6493065068899222,4.023570005192045,-2.1320445441404985,-1.0379863846223394,-4.004451841257865,3.324053269588177,3.0512490752810564,0.7991804251511496,4.021437680174088,-2.445842807065265,2.5861099139815273,-0.1401913123788212,-0.03561309991116879,-3.985900374801595,-0.2755083205266402,-3.5252468093016525,5.307130838730185,-0.292257295135407,-3.2960009988421692,2.0818825850771603
1520,2.1955728578773446,3.4672565177697727,-1.6789819677305466,-3.45648727785181,0.3708350692598743,-0.8981951993246717,6.088876464201164,0.13451959101507427,-0.4279640405346381,-0.4711046079616672,-0.22152610400724004,-5.10280130271277,0.18399216294724852,4.00614544404397,-3.9481588414969817,-2.9634550641215434,-0.8726056515242959,3.5940819501512777,3.393613098491457,-0.9437897854155093,-0.7416141822898084,-1.0773848586913077,0.9292108618683415,-1.5600351339643872,-0.127085760759595,0.8528222438443969,-4.214712865952041,0.6165370640653665,3.632795808095487,-0.7603564892921106
1521,2.8262439871440037,-5.675866446574059,6.075323344927735,-5.249719566045304,0.9253101291247949,1.0987085514227815,5.005584156481479,-2.031387353371141,0.7613649637748692,-2.6105270620707195,-0.40018961117791463,-0.7248450936366382,-1.2117675091901958,2.1435249944115995,1.7436176612962804,-4.199094616783416,-1.4773029366999673,3.0010224069653724,1.323531989392773,0.8114047299123648,-1.6320266842225202,0.5479553470173686,-1.7477349534678623,0.6968695713666619,-3.4819491753365703,-0.04837944954415008,2.8784916332738497,-0.4702588565509789,3.6371989452685085,-2.5151030971091526
1522,-1.7489828028250454,0.5078130758284232,-5.513380408870962,4.118957006149177,0.29751074212666717,2.3380823875917045,-3.8923038106414083,2.9010317277022892,-0.26601120375613796,-0.7842590745791771,0.5638095531354184,1.4777328081389456,1.0552481986610545,-2.186700586195002,2.7373970617425947,2.344325159193261,-1.359143551163287,-2.5911262822389816,-0.5264134737877555,-2.3193837731911326,0.5511377674477842,-0.3859036926363961,3.042335330966459,-0.3617721588001821,-2.907615336821358,-1.304503516742109,4.340811973845106,1.0810174869505067,-2.6142129123486875,1.404502305118072
1523,1.8663797237193904,-2.6786906641878723,-2.2675303362177033,2.14346431334652,-0.9417625392446587,1.8781395025842702,2.2674800403697475,-3.3053419711645446,0.15401818404190948,-0.842610909390622,0.8089255431082911,0.9175291130351013,-3.426720731139021,3.6252790176179985,3.2587049878697734,-2.59494792944475,0.8023275207080545,-1.6646428656124108,0.3878584586079583,1.6699181140204278,-0.03588637774305781,1.1024474280904117,-0.4438554509128654,-2.6804821720640994,3.844977842672673,-0.5504245892718167,-3.405631094442043,0.7324200810561381,-2.754696722922194,2.133354482908789
1524,0.7626404239336431,-3.6417504726432455,-2.6897022515568842,5.559066561375047,-0.556924089684339,0.5666698285757263,1.7953902776584094,1.738185569549767,-1.0324709237919878,0.3185017009076816,0.7628771452227747,-3.5824837695467444,2.089585504792776,-3.111312008583562,-1.7976824569749201,1.3916370361087083,2.2645189643243278,-0.8367470396676602,0.5242462773829253,1.7131563708053967,-3.6580108737746784,-0.7347857479783126,0.21491534054772643,1.940478633015708,-1.648320455552053,-4.3213935213051435,4.0658362214412165,-0.18996485577155653,0.4741670515462424,1.6196755596428751
1525,-0.47539163782560045,4.165963649201746,-4.691966801940168,2.589725667629164,0.8682367950878005,-2.456567672153006,5.0266612186036,-5.964675725058218,-0.26767155795800246,-3.3357446269830238,-0.9338867151089172,5.475317406504473,-0.8690279152414497,0.8504941234463814,-2.1966786676029173,-1.2245676529910359,3.295103011911607,0.14467710047707172,1.3617239175284261,-2.031175946460243,-3.3716444171406543,0.8040603988548911,1.538421164198148,1.6986148830181769,0.859442206266614,-3.1485562802317375,-2.013524259587495,0.6476456290088901,0.06516655826576034,3.589826146279517
1526,2.8384036447329315,5.5615813892372685,-6.130422161547493,-1.8432740547700028,-0.6734986655587136,0.2472098479059177,-5.493636251679227,0.32573052393781055,0.34570553171947527,2.9848413630769492,-1.0052172939359463,2.8425761268808465,-1.6875739180079101,2.408629334373007,3.778946040530464,-1.3763166432981855,-4.093263278901954,0.9695784653042452,-3.300622581201207,2.233253322657056,3.306021998705024,0.3913761060030696,0.2636661700488645,-2.8936950162140427,3.2618397998226953,-2.331987289986337,-0.9539845888853442,-0.4833844993147167,3.501324208035541,-2.99380762967027
1527,-1.2702992783627263,0.569852285048114,3.052318507674439,-3.4499954032545794,-0.6428278251175588,1.7409517140122297,-0.892621580438572,2.1691538774746597,0.3791920539018747,1.4534840479882298,0.5859138395076631,-3.695122238433971,3.4916683343907167,-0.8354356962630867,1.1807719256152396,1.874621232609698,-3.6611683485075392,-2.0504574478453694,4.86514026045894,-1.2725815656415431,1.7059967786865897,-1.1408256860745647,0.3752692329567644,-4.532999020387415,-1.6386722331404755,-0.36782740475842957,-1.8620859812071835,-0.9852459784669945,2.597436665701597,2.2563949318730536
1528,3.09161839662773,-1.7753958873610607,0.909085189963978,-0.5225070279473059,-0.7817444036863888,-0.921056267597038,5.883462960554027,-1.4384798315437273,0.6766235613461689,-1.391741059424561,-0.89044498402163,-2.8394206469104155,1.993282518862049,3.2925546955946032,-0.3192562974747979,0.5415214725478563,-3.685387829674937,-1.8227145598551306,2.9556574880897344,2.9125673116060327,2.5271682772777275,-0.09721085462451207,-2.7994665446371183,-5.498715677713093,-1.442996621342182,3.394489333358358,-2.386200571691429,-0.26831517094104296,-2.8685847342862782,3.571607764904151
1529,-1.9646816119524697,-3.3659519025275557,0.8012892579388868,3.00610219321522,-0.8299932900308882,2.353235353356773,-0.890466700738056,-3.289522454281162,1.155428577310568,-3.3199689411233493,0.9263373299132169,5.418192188918638,0.6084271018980836,-1.0661626190074696,3.583220659678787,-3.996402774493413,-0.5488103549010717,1.4197279868247463,-5.7262173629236734,1.168295778664568,3.291136227435125,-0.12616815944386062,2.6447316301480637,-1.2517781138814144,-0.6526430728106867,-2.0332617099753065,5.665151307889133,-0.915490999832385,-2.011714991900366,-0.05204053336882808
1530,2.594222171028864,5.704223554519032,0.11320445043061866,-5.405597211838696,-0.9706672574738486,-2.0353857066660144,0.159357947900844,5.5252798537022585,0.5751369993371513,-1.7733356879395785,0.123150086164304,-4.609589199165121,-3.382233186656274,-3.9762683277223836,-1.6180581092005522,3.911115251580526,2.501431530717003,2.5640128412813468,2.646365325271738,-2.1875460898753065,-3.92069144012342,0.8153896459702441,2.000249810026544,0.6462327487290196,1.9035331138204263,1.1359109551157438,-0.50520751827532,0.8035808364159394,-1.9223979136716451,-1.415419473403567
1531,-2.756122680662786,-0.659574142975778,4.559137403779022,-1.12423162691303,0.7202373655259051,-0.7394463187533447,-5.130201870865413,0.7775696133229779,0.4186231380737997,-2.037067384592202,0.5923415871051665,5.378734916955526,4.001344051708461,2.204490594140047,-1.9879152305348846,-0.8445097725381956,-3.5502237224344846,0.17681407965869766,3.8336562832499936,0.46145537893086797,1.1559734263788854,-0.0014250718248369765,-2.448074143705318,-3.0015858730307627,-4.3850811178646065,0.3254261353715684,6.179135610564639,-0.8933092065616721,0.20096219303676044,-1.4271336145451166
1532,0.41061525193641657,-4.9639164017463315,2.2324276518764066,1.481415820428829,0.19085356635117856,0.648604111153519,-6.060908050512776,2.853269454091329,0.2682762894855717,2.982571677991217,-0.41581512203091364,0.37260575097545967,1.7898912196297374,0.41407967237643106,-1.5911210827455378,-0.8594075057091395,-2.8061394739426895,3.0526971703908075,-3.3404110471993533,0.5194993206584879,1.3979608542297406,0.2799989481491849,-2.5794436421087905,3.7223955662695722,-2.0139102289411817,2.2235632848836566,2.0593592463107733,-0.5732927815210394,-0.28924513360556325,-1.4064743871250602
1533,-0.7299543499681249,-3.5556812982745676,6.157645224617319,-1.8044767036967535,-0.5079419500066005,0.4404090773287521,-1.792346602549415,0.24716142833541,-0.542685221797111,0.5080654575823953,-0.018013509698886487,1.5978184481275015,-2.76165628765256,1.8484718531958393,-2.6436917484702107,2.350866454704704,3.331625297997416,-2.1256155697755688,-0.4130882807943692,-2.091829989867003,3.903366161669549,-0.14872567035736228,0.43367951506405156,-1.683401735716057,2.230873254866413,-4.172746007264623,5.702714716375333,1.041670976988038,-3.7449130532356225,-1.057599887727953
1534,-0.48344066236464833,3.452618465101544,-0.6038120130811677,-1.192043104576662,0.2244781562130469,-1.3978008412920868,-1.7871327076637797,-2.7586999144441364,0.07515017921202283,2.8143326101869235,0.5077804376086803,1.1485693951001785,-1.9806609633608954,3.807527652897985,-0.5877751502721473,0.3043756112296272,0.730230689796052,-2.2736978402910015,-4.316307734887939,2.7845637959170944,0.7317091616175091,-0.198001793053459,-1.7020820052619303,2.700118575667517,-1.851999861123911,1.2809616456642985,-3.0976784003601914,0.2777495024369392,1.3596656385101227,2.0313014748743257
1535,1.1197888228269441,1.945414956064102,-1.5652563475814958,-0.6593451241333561,0.8572416625601047,-1.6978439697362848,-5.296523214795794,4.655807317464564,1.0193958642356353,-1.2610595178266308,-0.7375517352948862,1.6199312862170494,-2.325506381041615,-3.430706227340714,2.345381277430704,-0.7360633099748384,3.696300419316536,0.4505942216095278,2.9649114795604987,1.235311024212404,3.6131472132174878,0.4167264427148174,-2.9370148695040044,-5.29308129020243,-1.410502096567619,-1.979518269881119,4.867449932738339,0.30500418285922315,-0.34045927155514555,-1.4419744775920709
1536,1.5195570355135573,-2.163368436697951,3.8844477194109643,-2.9996938333603786,0.05268348582525251,-0.29362597069144947,-2.8335898602739604,5.418434212882367,-0.4643089248708394,2.6100528065515043,-1.2257389565641992,-3.504849277724926,-0.5209412572948793,-2.8778433492560698,1.7959189520693037,-3.6500488424959308,2.494426750479203,2.758487746497991,0.11372876180363889,-2.8002270108159557,-1.607671975591762,-0.511398404580417,3.0506492941752654,1.7549193350080152,-4.2649659053582365,0.14055233285201751,1.9077543023211163,-0.9831930962136326,1.6077162000806595,1.592136166319662
1537,0.3766341044685664,4.47020958670085,-3.237601691755689,-1.6292842761414157,0.20559825298378342,-0.18555597625610432,1.2767459465097666,-2.478179385804289,0.8658289333274487,-2.1626487655014763,-0.9679643859112659,3.466217657379758,-0.361189663338628,0.14182269657542435,1.2917650367126186,3.556812390565508,-1.0165542722493903,-3.6126561882659303,1.8032989294505093,-1.77912160246769,2.1899085716104736,1.1531727280485402,1.1496297311023742,-4.516888357745401,0.9279929689358681,0.5634696931364616,-0.09832131973904623,-0.4538973544115752,1.7919368632755592,-2.731180851195676
1538,-0.6545266946988892,0.819555943891185,4.232240192963779,-4.465855568682056,0.4976302230781542,-0.42904409655216647,-0.3259397277298106,0.9625847540093417,0.804714830437983,-0.6075193876818474,0.7206264996935587,-1.5544669687292583,2.955513546138878,3.7817619052015843,-4.246160361634841,1.0064990550724922,-1.362334048044314,-2.135280096734224,1.6066493394801107,0.5430884735862893,-0.8436001977667011,-0.020072179644984978,-1.2444139528078146,-0.041651482848060084,-3.217909554750779,-1.751160629505513,-1.070921771444624,0.8087780232378403,3.0930647534058693,2.138149179058825
1539,2.5882912990132567,-2.0117066312107497,-4.773021212579248,2.5550077170691097,-0.5027150188778067,2.1441438465854628,1.4224267951311127,3.6849292058897056,-1.0249926557010687,-1.7021248672150264,0.22758248874843723,-2.607820966853186,-1.6656003364829672,1.4421719495332646,-1.692127563096225,0.37919661519415016,-2.028818714984425,3.565178049835783,-4.632660296191624,1.6462796598367238,3.3536309592287594,0.08124270510670772,-2.7297765120594217,2.2812834840776794,-2.2096061989382108,2.8818010129270917,-3.823545226133632,-0.36079218969073423,2.5492716754169003,0.9628709264202122
1540,-0.6702130268092237,4.633517414682707,-5.182444914087402,3.164278309615181,-0.41275086947774087,-1.5323869139235136,0.3241590169300501,0.5514551549904283,-0.6781144967561943,3.4762546706230424,-0.3443065050730034,-3.3294478407143373,-0.7075131881085888,0.3163165578300777,2.1379296551400877,-0.5867853992710366,-3.970308562170075,2.8103609365790945,-2.6079762484539124,-1.9139459711955489,0.0868508960767933,-0.29978102529905915,-0.6733808536166066,5.408233202487146,1.286398403213532,0.9887748017632063,3.1409520617534454,0.24836510643809984,-3.68244521018838,-1.9820451629782863
1541,2.300019058097739,-4.823322804067697,1.051004384255105,1.2986968678345718,0.49800833464869587,-0.3244058407683781,-0.27402849041064314,4.077907657192242,-0.9680927425993184,0.4763151032809194,-1.1931320078955685,-2.118969519567635,-2.082724418534143,0.9639335788242569,3.049691924697555,-2.8821690470617494,3.8829043583838008,-2.9316363963101466,0.2962770922601905,-1.2251621611081216,-3.971181038008817,-0.8628726201936505,-0.42003649735852555,6.182975224407734,-1.8857350483886997,-1.7091228807728598,2.5389630759155857,-0.022598201434780307,-2.124755123048665,3.203248177731041
1542,-3.1904516449540754,-4.316106102792187,2.0198322044755344,3.7261192725904024,0.21851491435737325,1.542091356323029,5.994747926233654,-4.051506892543777,0.998581901133778,0.9840829318570012,-0.13705853697286408,-3.7888473297078598,-1.3382180675560758,-2.5608315212760537,1.7823098819792378,2.729175782123228,0.03104083530384827,-0.6434769105745719,-6.230313202724723,2.216703550181336,0.17602367562755106,-0.8425878807980807,-0.9267910275468036,5.606964885259529,2.8532456993015956,-1.5179574480745863,-2.9929584447306965,-1.1214912713978848,-0.6284658056995411,3.407627270602706
1543,-1.5282248775663252,0.5776256301060059,4.47185792783948,-3.411087439384378,-0.014695764501714503,-0.09547547649300903,-0.19624578272851778,3.1218419512799045,0.156316474276454,-0.054323659060179,-0.26317139007106505,-2.7644175936966633,3.0037071075443684,-3.9961806381929073,0.9263604799519527,-2.2496985016073037,3.369751875591799,-1.053940323288323,2.8172228019231547,2.346620232246771,-2.386386800983747,0.8082797735931022,-1.642751537633325,-1.9429844691471807,-4.28150238765226,3.1325915944141336,-0.9311282742870262,1.14036601924046,2.433955338202537,-1.4942822899162493
1544,1.3643070778550275,-1.1277240299639715,0.14238792112490017,2.1423394197020045,-0.5195075429148619,-2.0018028458030175,0.426522775976661,1.6689246858151705,-0.07281805619869886,1.1569693121610811,1.1203342949942385,-4.299933012748518,0.6098153198660654,-1.1569403365485762,-0.2116404701234167,-0.9606650749076984,-1.6772368611471737,3.3966674228604035,-5.914437496071493,-0.21136840484881247,1.4900209838650653,-0.003541543761905963,2.4149219320945683,2.224404528721351,0.8010718863377697,4.209963847055491,0.37787466665603375,-0.6230217371356046,-2.5438697260456635,-2.2220189368664265
1545,-2.2034845156125478,4.812641693984059,-1.717846283802409,-2.90976182781802,0.7900659759437434,1.2283849573052414,3.0509997575296346,-1.6986176738471457,-0.9938631382803003,-1.8335775691512008,0.9399465073588704,0.5351121163900459,1.734762249725577,-3.0959185895327845,2.0912915196623167,-3.7009752820472634,0.6984486884617382,2.2723914137300305,4.330424339081905,-2.124992029760186,-2.3070930716208657,0.33114662480145807,-1.2392292417570427,1.0097433792534822,3.9504759251256942,0.512875695359174,-0.29756007111346605,0.6516472439967824,-1.1844063306916777,-3.633032462674878
1546,0.06847303487210965,4.230426086783652,-4.891531890274763,2.3544478223754908,0.7292958637914015,-2.491110917547844,-1.089371128604519,4.118460694005758,0.543840793859319,-1.719769865545981,-0.7064546157537066,-1.1467058779609616,-0.3589311976654841,-0.16100723874871647,2.5555749677381314,-1.934093861311192,-0.40610045777941295,0.30455778776625664,-3.551720974451019,-3.3737574134329087,-1.844708975558376,1.1005053048990652,2.7059189911677155,4.963763067374238,4.512537730183137,1.10247556735564,-2.524192754640307,-0.24980490190892812,-3.4769058019251755,0.6358901609372882
1547,-3.4766875620008957,-0.12575388232116325,4.781010556260743,-2.2374399963554588,-0.11726265362690036,1.1761335380437252,3.6344136372524005,-3.307703759910172,-0.2624096340908242,3.0336030713137454,0.5646334656769634,-3.662536780242206,-0.4436133470708974,-4.093384449496089,2.207709192438596,1.9379110349188693,3.9802874932353944,-3.588909924026307,4.266281483634788,-0.28353247604495024,0.08795480820575463,-0.6469109714244619,0.7075804461660873,-4.131373290538505,4.7700731737155095,2.3090984902138274,-0.12802975861185217,-0.9742967598927406,-2.6856672624508757,-3.2911778829721907
1548,0.5775348161832454,-1.2308653310205493,4.66699495900437,-5.415807355295126,0.23290434170942653,1.169238569418706,-6.027097481479537,5.3171829037007186,-0.7507640087583649,0.4212452964335096,0.6117382542234235,0.427695035880177,1.983659793308373,-1.487575702838539,-3.8766631248974885,3.250943142670181,-1.5017684305789771,1.631404322335971,-0.7259794005823643,0.6914340276158271,0.4720964969794146,0.431229404682238,0.9637713662289329,-1.8325518949253272,2.9145714200782074,0.5228745745173455,-1.8717882624646762,1.0127192375706766,-3.0354421896080837,0.4570652199082055
1549,-0.36158030022630605,-4.068247205199537,3.236154044565538,2.7588197149199054,-0.7025894240744011,-0.8625568299851203,1.9261303515435877,-2.044052914485121,-0.46813317427508316,3.300895213612673,-0.18711595315969642,-2.527723523236446,0.8276264759919485,-1.2111833794659805,-3.164506634673181,2.4381755801102933,-2.3905533329147044,3.500441290951102,-4.235478431491295,1.4394854367342678,-2.9813685227531384,-1.0898412653489222,1.470572395196525,5.396630387661304,3.54711474541509,-3.3639386489136456,0.2657171991785887,-0.9420984249590196,-1.8586484401115264,2.3518535693921834
1550,-1.0111639445608809,-1.0178413421067063,4.145658455929393,1.1798226812998784,-0.8648675164723438,-2.431608334089278,-3.853822843469672,-2.9308733616354417,0.3330107963157065,2.3982913802768984,-0.8706112284848269,4.924005256997269,-2.731766004642889,-1.5086698082732592,2.184700781016609,1.8491634788489968,2.8409004230778976,-2.634328870027888,0.7619638443755292,-2.269734765148966,-3.4999610923921214,0.8825156104851883,-0.3134430922758682,4.4386594949549725,-2.159275287943032,2.011063738799045,-0.13407286735164092,-0.9229966794881488,3.120824044887197,-1.9155429489017557
1551,-2.559071935583283,0.7443645777278824,5.8726415481031715,-3.0846697883987915,-0.057804140285120376,-0.9154602615637923,1.7299302966614896,-1.2655185573368826,-0.9381298988301383,-0.25732701655238444,-1.0944647975517632,1.825509973609595,1.573117975981365,1.1794733957784942,-0.3601270520428379,-0.9894512317412314,-3.375422026271547,1.9724089382952492,-5.935993678819887,2.293229358062966,-2.604522103879038,-0.22504548264971103,0.24022335227574132,6.232108555008665,-1.5835318520981048,4.870571911006412,-4.902019103312799,1.1387692817839623,3.1418628555843817,-2.6656530929621933
1552,3.222006778466909,-1.311061558777478,-3.2726706556245553,2.1391994782294432,0.49154436240552046,-1.2690184046997448,3.221120860926323,-3.4108512523106853,0.7531317493500556,0.5751665370218824,-0.4844230089403556,-0.6541448860473302,1.7927199529296125,-4.132159776821311,-1.1079438813963556,-0.6744967321483415,3.4050672769453634,0.7168131604905277,-5.9512878075730775,-0.400572157831661,-2.2452355358922063,1.2495820352601985,1.026385526347358,6.3211279396881395,1.0721203347408554,-0.5406625542190007,0.8690611537181212,-0.023900411162414592,-2.1629385249335478,0.7863200018576499
1553,-0.9775914088621978,4.929560136957633,-1.8577700373579304,-0.07216978955385045,-0.09273215071357366,-1.929296750469998,2.582926520879834,-4.188294365496304,0.04759139998309614,-2.509100465342824,-0.3565266281520536,4.423403538128163,-1.1606931235620195,-3.04422549830133,2.8125365657417802,-3.1503016203292216,2.0070858388890116,2.5355978375612622,6.205018038340029,-2.4526898956774073,-2.483336496570857,-1.242822932016034,-1.3516391587098049,1.3254704446328347,-2.1920811324798706,-3.7433541211494727,1.7643349873416483,0.06550664852598498,3.6918520463909914,0.41374157137238576
1554,0.1006103749336642,-1.5115619162039309,0.11201270583182676,0.2138451335168412,-0.6961279881167923,1.7812216900385032,1.118823040111458,-2.119980821071543,0.9154950770213999,0.6527688305875436,-0.48892595283020324,-0.07818017381875109,0.9545503396936219,3.0126185112908566,-4.221132616121205,-2.5491247137379798,1.3911882267137656,1.4119002521603896,3.5451456023644674,-1.9851080669598797,2.3355087981383527,0.6704055407090044,1.2815818258436433,-5.84753370009679,-1.5038108230669849,2.001647935981417,4.092640554280777,-0.9486447811472969,-0.7325824708388762,-2.909250415207371
1555,-2.73581303632157,3.610809129842373,2.923128133773222,-3.0710793472994524,0.09559447513258812,-0.8226393551270661,-3.438396939493707,-3.6042354208497436,-1.0484359187847834,3.2434981528755955,1.136326794801124,3.711243331451403,-3.2001027403996254,0.3407391811335252,1.9403538374911378,1.6046759410039577,2.949602014496758,-3.635268233726304,-3.210077947089772,-0.9631676483509324,0.3398693975169387,1.1445650896474895,-0.6106438802064655,3.299454988481518,0.2726428656603801,-1.3884841112114472,2.326675405667185,1.0305945396861311,-1.7912844726134907,-0.4501442271870939
1556,0.9489233106118213,5.0095470030557046,-2.177113730084848,-1.0695222361107248,-0.4902487739834578,-2.2215855734884116,-0.3282416967843744,-1.257519677430249,0.2806719846123533,-1.2629620415012202,-0.374885373033095,2.942936804136462,-3.2089945179262536,-0.28078456239706284,2.20320229472399,4.092225529153101,-1.021967111026827,-1.783681632527502,3.5773904998165165,2.1183722008557666,-3.697720675322582,-1.206966400416567,0.15741377665268885,-0.9484894015870005,4.249682705449793,2.8493460601529286,0.1638265997411672,-1.1505277556353635,-3.664278830969442,-2.4480487787374052
1557,-0.6776238043822005,1.7894950888535313,-1.0079551648251908,-2.704421310389357,0.21806931525802886,2.382435875485262,-5.133333237950989,1.8700473545352878,-0.7709095646541426,0.06646131454923854,0.9757196409415396,2.992014492578935,0.03880837839423634,-0.9971005525110463,2.0161156920622254,1.4294971027479484,0.48492545630882944,-2.972246077002758,0.12471283969640723,-0.11852179443995325,-2.902309113642769,-1.130421572590437,3.069695289678549,0.9568443512970184,-1.2269191002896669,4.282957343981561,-4.445528788586394,0.2002713349478764,2.820195720791819,-1.6309765108435084
1558,0.4928636522201302,5.3217390570721435,-3.3114316448771888,-3.8376650490945607,0.30749254186872843,1.0270014428108336,2.6663664603644968,1.2006261896105848,-0.00670956791334909,2.1190506828093447,0.11757919425999397,-6.096912959131174,1.3625868731856272,1.3421416504164938,-3.001775828023625,3.8909996038806014,0.050089902155836086,-3.644042201615509,3.8014437088549933,-0.0939943423024765,-0.7911905193942363,0.7342711266743382,2.403078541331343,-6.053608515165141,-0.019758151378777455,-0.3815743764735018,-2.9905899132634453,0.5852681644529696,1.4114514747141271,1.3952028019503153
1559,-1.523142865739164,-0.9245328243426023,2.4205853606408674,1.6755354497756407,-0.159686478439115,-1.488758641895533,2.8129038726421385,-6.002920037599633,0.648614607841508,1.0066599471841364,-0.50528652342991,2.0400281333616803,-2.6732243765329464,0.07504667819247146,0.011900857728882386,3.007134349518285,-0.9421948839768994,0.5213373750696348,-5.685474202172962,1.2739204639482402,3.283005788998093,-0.5007480748116926,1.321552545988256,0.3077434780488737,-3.4268011757604633,4.912751088630145,-0.18267969235296988,0.5831170728344395,-2.7939382605030367,0.9075509671535738
1560,1.4980727530516056,-2.15551464269225,0.7800775557408279,-1.2804169733690678,0.6811800248580782,0.47660128241089694,1.0877550475413038,3.897992952938015,-0.28481744585965174,-0.816434760782732,0.5157030912125524,-4.400198885049591,-0.667755166879175,-1.3433524475307568,-1.02399389515071,-2.918809202052973,3.7872694354889376,2.1666412761241034,5.31827694393224,-1.6996327036435552,0.17211407063708606,-0.6555803642973927,1.4054073479542257,-4.540585294583796,-0.42407163826584693,3.6276564308221175,-2.1750569276789697,0.03125393719460501,-1.7910390133048484,0.7312572112346096
1561,-1.223971832171678,-2.6674057466187513,-0.04997927090969867,4.0537376909466225,0.47063065522728387,-0.583011496473695,1.9343287246834109,-1.092692324146455,0.9477948218434973,1.1478510282419698,0.20136003867709817,-3.138642289299625,-0.8807977526742938,3.2749451141376937,-0.5977391888003325,0.886804471337939,-3.59261911493077,0.9094064709291736,-5.908640433518791,1.0130783382372481,-2.489090450203186,-0.9588189688325315,2.0340980437721896,6.309373470543868,-3.6025918216313713,-0.18484569962608788,-0.3088130651019618,0.4236672150833467,0.10002196340819758,3.5725614078695287
1562,-2.4710679786716128,4.717650113301065,1.7649726916875927,-3.5377578009457906,0.39990822885394683,-0.8737052542251273,-1.8697149066066778,0.16924067139770926,0.5843484797836096,0.2312214601560374,1.0045933666374536,-0.11968907136824569,3.0709451680289668,0.9818662973651833,-1.1926724196001306,0.1513753957161974,-4.036948003125106,1.0254335616143315,-4.2337493552539875,3.4065709313040244,-2.8373184073685103,-0.1841996468074285,-0.35530210515074145,4.203998583275428,-2.413123455835933,4.774103924769186,-4.884353360235348,1.1443158176292192,0.3769291325622497,1.0021279411122705
1563,-0.750353467912225,4.5347323985346115,-4.934144015248812,0.48446640788983686,0.3926457715247489,0.27265290521188845,-4.803416248278445,5.099631483117911,0.6116549550184835,-0.22676889349453333,0.19079542784946302,-0.8718967242129914,2.1717167329354687,-2.2923606831740884,1.8841093816225793,-3.830045516069074,2.2604371372521648,-0.19385705256762265,5.306893048581038,-3.3294382485041396,2.7835947496945828,0.2886694156244154,1.2884318508301167,-6.338150816227259,0.020232638620701238,0.17375623286405428,-4.547138248338538,0.19569492615494344,1.101484503683519,3.0559699470169797
1564,-2.1344928060688257,3.8881723965031867,-1.5257829031030639,-1.6977532289351345,0.5257466845848326,0.944109857019054,-0.35479149666563714,-1.668139248613965,0.07796444085998555,1.5360409522845053,0.2186416417842416,0.1902837103507551,0.6090722837808009,-0.7862051670895305,-3.695991552779363,4.012312711652125,1.3524696972664216,-1.4916579728310655,-5.506635939107277,-0.8813652913720489,-1.1766693760358837,1.0615182119868853,0.17531769652832097,6.327834697998767,-3.7085452538577464,2.646193274342849,-2.5996594711816385,0.1803401895970893,2.960282617934702,0.5213886431664037
1565,-3.214290408475806,-4.349921697663969,5.737938564731049,2.114080971624208,0.1279198007973732,-0.41572723101275955,-4.660490920000274,-5.543126197287002,0.15931823375373266,3.201886899492262,1.1208760603382721,5.721535923702877,-2.543714477082599,-3.5627068235037473,-0.8872280848134366,0.7767079864982733,2.726601943961107,3.490339454939811,-5.974071762362232,-2.2354659714042437,0.6349987634609668,0.8442192639520805,2.4696743103404906,4.260645396011714,3.071500646444793,-3.052010534218315,1.7683139540386215,0.5001354795170911,-1.2834382368224198,-1.0045013089580745
1566,3.403093365348422,3.9577785532971568,-4.402568626471258,-2.853384367094293,0.43471548738648735,-0.5396344124664392,2.7399210821199915,1.7990110545297497,0.0718355652030862,-1.5454862580260986,-0.6213314858818535,-2.4439499579449873,3.2182737008288314,-1.2256059579692042,-3.7012467237503017,-2.139497819311595,1.1352505714578953,2.71282622874379,-0.6463653830467067,2.0692277742079206,2.6748521894044437,0.5645422459007383,1.367162140960641,-6.029418967428285,-4.8704694611801855,-4.8650802664308,5.470734574085213,-0.3073855070061242,1.8723900712771844,2.6998105892564155
1567,-1.1803336877204949,-4.803836450828808,4.364418404585457,3.143115012726412,-0.023028757030703506,-1.5003345217317907,0.7394151218785225,-5.6988298726924995,-0.1938977028480684,-0.032931080867971474,-0.35806221250676185,5.544305747036656,-2.514194775375163,0.09066213788344513,-2.9690517620915085,-0.045486699245635975,3.0672112309871835,2.3708598678410873,3.4116663574058386,-1.6645809311094943,1.9705708301434086,-0.22721596322192728,0.005274034253428539,-3.495714327472488,4.479221553566447,-3.197408692711054,-3.5336367740757098,0.8307485312564626,3.684506765614419,-2.263431383648838
1568,-1.2594978080435801,2.5108501844204945,-5.416646201143809,5.500817466919667,0.18167464786840215,-1.517198290021133,-2.445176754130422,-2.031910766556255,0.10162302438658077,-2.124734580109891,0.95161592692242,5.548583149487435,2.5810644868599333,-4.2256740421520345,1.1486981256863125,-3.590569044941807,3.0378530942720374,1.0486273802749722,3.42583169734484,3.0706106087327143,-1.0597147797198687,-0.8480373985409075,-0.7904959292724136,-3.798194198545609,1.3567295972333469,-4.310026748040421,-0.22085365019512437,-0.28167344214265455,3.67123828399545,-0.21541404084889493
1569,3.456753862071718,-4.2398424439332985,-1.8947442744844736,0.8830977332423089,-0.628389580753447,2.4231247038571837,3.9326816260600133,-3.877921656710079,0.5320600392075576,-3.0618626173207595,0.7320064897772296,1.743036118985927,-2.9031334677007123,2.064833852519179,0.07812554369782987,3.565508710420513,-0.719560584276671,-2.0857740546607246,-1.4009842206559533,-1.4174326084313584,2.4961948850625397,-0.4850715078688568,-2.96599218912864,3.773285641021026,-1.421539602578374,0.40214711740881626,-0.9152127943660879,0.4861747773527565,0.5820787607650093,0.8663517414195798
1570,2.1988281743176614,-4.698975660903248,1.8172635332889229,-1.114960546660953,0.06364306853170465,1.7342014314258698,3.046527695275593,-3.7108784496490053,0.5833601472220158,-3.2509189275793595,0.562971683547258,2.76893785118337,-3.8190920865547895,0.2561139048997241,-0.37822146838222537,2.4119633150973705,0.4211134011206319,1.1081229338186631,-1.6672317967812234,3.3062471953317925,-0.21785049077628926,-0.18984363046038766,-3.1910931996307266,1.9597719223155785,-0.35168576049628086,0.34802320394538455,-3.1787561027249325,-0.9809002573094636,0.7452896762355117,3.418029240351448
1571,0.3608025545241773,3.5819008970090316,-2.100518422496066,-3.7694357494541713,0.1075566425838419,1.8196940778331516,4.306810804408997,-1.8387371919319655,0.5775953177667486,1.099919487335356,1.059159533476575,-5.204747951055847,2.4228753784650223,-2.6527372904583615,2.147115531060919,-3.540410686121316,0.954963966533338,0.6681931005197708,-1.6052566052981803,-1.0669753095905357,3.1507393588539436,-0.7789617526211314,1.1248740079665094,-0.8244196993118642,-2.131289520582637,4.2084029445450035,-1.7227780866801794,0.921285931341453,-1.6784461492580505,0.4028248806360768
1572,3.5161216931463457,-2.5078641722822397,-5.231932610803543,2.9046277611596913,0.19078443043354554,1.1282628983461631,0.3421470497387986,3.0406264016810134,0.46652177468779765,-1.7935913605916998,-0.030452188858453688,-2.0252516766575894,-2.081177315776534,3.3100183579476337,0.8242341819681585,-2.0324364771102843,3.5166524715336998,-3.537291218563306,2.9548382393533963,-2.1904495897275034,0.8534618960677136,-0.5323250419689192,1.4077545414129844,-2.4932800451389383,-1.0798100806889295,3.3457085023079216,1.6438538470606936,0.9501907203001156,-2.6283524303952817,-2.2315905585829015
1573,-2.8222368146063825,-0.7882232938096685,3.622573613769422,-1.4522097100996056,0.9748096011049774,0.4652866036412213,-4.5864824334113194,0.43229349529201144,0.9992741867647208,-2.1659321217538263,-0.9154728563855663,6.236319729493836,-0.6267637930068481,0.9846110451492116,1.382079435813015,-2.8516880824656177,2.7187066130675,-1.6069452185579287,-6.084553931986143,3.2030918312698446,-1.3932037490105404,-0.36448038279852035,-1.9236377841450985,6.56278401666917,-4.843956868013457,-0.7700983759220534,2.0971811736805748,-0.951953447282186,2.776333379318846,1.6924941382198888
1574,-3.377044564307722,-3.7561988191055242,-0.15450221722777968,5.427085699158013,-0.16407237707714972,2.0247322785601334,-1.5641331735663933,-4.648507888587652,0.30631067017877545,-0.9424450557778687,0.671854009557765,6.176921438195237,-1.3415746857390936,1.0512745733782864,-2.8254286720558586,-0.7019690476605973,2.27219591853283,1.5455019135437382,2.3785400251666857,1.3101369444444355,0.3098511191762512,0.8350271038339354,1.6689212414447692,-6.50247643406739,3.75886850651867,2.02309643831099,-3.669946603753786,-0.1532702149331957,0.12574118176907234,-2.0844893079101396
1575,2.0640049450538847,-0.1655383742691967,5.591087499717684,-5.491002396850519,0.1960156635672088,-2.1945673372190715,5.580815457773912,-5.016054728602445,1.06636236471486,2.459007018340447,-0.09587928301839366,-3.9942508292085392,3.223611229386716,-3.1676671871834596,-1.6733981128571145,2.665903768212324,-3.5202197940791855,2.4717700965200358,-6.06971698822764,-3.061399615276029,2.977304273754676,0.9061971204774366,-0.6168140067710102,5.86442921604128,0.47915290385377673,1.5788961348474544,-1.3817414414106821,-1.1746801229002637,1.9964846725615963,-1.498112146950275
1576,1.5864108563835835,-1.540632189013131,-5.595949428789449,3.395063482558381,0.712527096927706,1.4425801819328825,1.4696584989102703,-0.3325825970500986,-0.5489877582933698,2.7180917139645615,0.0539362757979287,-3.3601161333294662,-3.496158720938226,-3.0720002363652146,2.155857477131079,2.8676536372878942,-1.8769984330027238,3.421646275886527,0.08042221687301421,0.7808802406009185,1.5662700936206804,-0.08719715474981093,-1.3297330191157393,-1.0106423772303295,-2.6525578005296993,4.175170603838726,-4.184738214035651,-0.2687904701690611,2.9498307282614995,-0.018914847364195353
1577,-2.2840385961653755,-1.517826499572351,3.7075316431735175,2.886295626593906,-0.34338152139771827,-2.448580652632006,-4.7739340616565435,-0.3582699337430917,-0.26902814539178177,2.813823719986445,-0.3677895153598243,2.9551979361646197,0.8511607637451135,3.2584111395461477,-3.563440567687749,0.5107858831706906,1.3508837190102199,-2.4078009377851295,-1.6438534614735332,3.3171565884624137,3.787449423567441,0.4309100000631325,-2.3175694575191628,-3.5740930931015598,-0.16438063323343854,-1.8890968998823077,-1.1222132992379699,-0.5860809920939012,0.7796149209040415,2.9821569035452278
1578,-1.4339602933356552,5.599997808724055,2.155293671860754,-4.982585409100505,0.8330794774370922,-2.171825255585759,1.1788125918610248,2.943455643415181,-1.0018836920435579,-0.5184119653903458,-0.4364434422071408,-2.1655291356353494,3.368355270939041,1.5206435189602558,-2.595297711682969,-3.54904833574291,-0.9987830383838876,2.2541302959097678,-5.618253627703435,2.505679418951587,-2.7352034443145783,0.3810103087763892,1.492910083169857,3.9738572611188907,-4.183118797238228,3.8888938967796527,-2.932992599775506,0.439232991321866,0.40262282245492287,2.3853616864589497
1579,-1.4039374589999447,-5.390374288540471,1.0297475923826234,4.393050308426901,-0.913188686964961,2.284702533695837,3.0153640124767414,0.6396606332194885,-1.1717971580693147,2.3404693215261894,0.4218534958517779,-5.245550305005068,-1.7471235393062603,-2.119293134867471,1.1060809871614516,1.1683014596087702,3.9350765012694993,-2.3430422738667165,-6.147700262563312,3.0726308339089883,-2.1784359831884377,0.40267546836533796,-0.004967344667019091,4.855797288143172,4.052063717317175,-3.38278834412856,4.4182425120343005,0.25593651667419337,-3.7046080924191305,-1.638846309476314
1580,3.5375503438676645,-2.360724996879842,-2.7795883030382527,-0.5553241440838264,0.5596607849152115,1.598426315219049,2.289364241743023,-1.2085397063517895,-0.18757018574206175,-0.49124323433649764,0.7497132309157379,-1.151724346228594,1.8443196872691487,-1.34184036168101,-1.699467502026529,-3.3491137355506346,2.2955834054553392,2.250518506532959,6.005978916547427,0.3732589421554753,1.0086827542240115,0.7292029383006904,-2.166167667582318,-5.950955883646547,-0.2982447126374197,2.1578391943808803,-0.2500062258439506,-0.337362695131163,1.579114427392902,-2.8513399881595944
1581,-2.940173799890406,3.9340801838034025,3.8806479028355483,-5.437077598379336,-0.53099141720684,1.093514728837615,-0.29529842693101926,-0.8822954040238571,-1.1639870165680528,-3.4637246878424754,1.111450256060082,4.693855279305144,-0.33745663105247203,1.4409755200900989,3.5481916075609696,-1.1881313720143396,-0.4059286482526403,-3.0576504763323147,-5.839569874154449,2.814308491015879,2.2580286480812575,-1.1728984240234706,-2.600104172815451,4.540235331894994,3.6637097974655255,-4.040066199992733,-2.0039447615272614,0.21652138400212984,3.657526307552878,-1.4937465274988728
1582,-2.044479590069514,4.28096070808656,-3.1638608455333,-0.6083293739954527,-0.5943355573475753,2.130044658859271,2.356735599072856,-6.004265743288226,-0.9256769076959825,-1.3845293180546285,-0.13693684557603536,6.094673215541835,2.8565021317119843,-1.5499699354071517,-2.787672999275024,-2.2103018257424765,2.2256584232060206,1.4657842055059156,3.4753664408463436,-1.9650384799250382,-1.1032136582259344,0.9574386935944537,-3.1174809501628644,1.7529279538717937,2.891895778450195,-2.0901466887527036,1.4454043532840402,-0.3520760416426798,-3.53822911463792,1.6431517133007176
1583,-0.7424178745683978,-0.30872154421947684,-4.49089946005158,2.79016724606511,0.7782222183973038,1.973649414377011,0.030982349341702076,0.25883337492799185,0.5252561703654095,-1.157728757308675,-0.6758393926204196,1.0184962552938295,2.772211059994895,0.44543793037239254,2.478012286348399,-4.0324581918803375,1.2215560714863365,-2.8847591563224295,4.498859240362375,1.8722409743008885,-2.7115644750698333,-0.11578745121672718,2.243209964912044,-5.78695825329002,-2.565940600226032,2.5350577276490753,0.5142210094091837,0.9988772750940633,-1.4409972335752688,-0.04121817834935371
1584,-2.3221345434832585,1.125793594730382,-0.02782968643067818,2.907029275203186,-0.13132756740816287,-1.5515310726114464,3.9634687930944885,-4.939023653381856,-0.9699313132955938,-3.7219445233139137,0.9568407220220276,4.710589974874708,1.1273815252231891,-2.253113154728881,2.9167666166333994,1.0551437111837743,-0.004772501535594387,-2.841406196776589,-0.10594800691179174,2.3107927322858544,-2.2088178605522195,0.6423849259735759,-1.501891314673216,0.8634795238765491,0.27658981691766016,0.6462360002022365,6.155231558332581,-0.24723566634604843,-3.2733872595487146,-3.5574344495560197
1585,-1.1446813655718397,5.533483877503581,-1.6473764214095716,-0.6134935919617526,-0.2435760855136806,-1.884356413046694,4.5313500936338755,-2.7191625601872182,1.1768204282540067,-3.629174602324479,-0.3471602011179762,0.9873268417416483,4.033389341582097,1.3672944805453469,3.830610493813733,-2.185603445303075,-3.29757235323223,-3.748118517406578,0.09392223143254697,1.898052974375986,-0.692658296978216,-0.4161227540833856,-3.182661984876331,2.2994678301281404,0.25530291541122097,-1.1124222251121623,-0.21642423560218305,-0.9548357002130041,3.130781144139881,-1.1024018986220305
1586,-2.0490416800471625,-0.869342539026654,5.524444645329368,-3.463030697247305,0.3206210588831748,0.5363492121086288,2.378983078881209,-4.520925464844602,-0.08704702839868617,3.3125771606117063,-0.3621712177964591,-0.7214165284533252,2.4361639477969135,0.06925646195626456,-3.6576387140261932,3.2635878428156886,0.036000370840511664,-2.1473699093838867,2.1435617394307975,1.6168537363248792,-3.9192281821777986,0.9445256556038828,2.760258658859234,-3.5459716080422865,-2.423222261713331,-1.3830189463559002,4.780050383202571,0.8199462418399026,-0.786664139784417,-1.00709127718706
1587,-2.8984078666860302,-5.39135984642234,2.5435691615087634,3.861756068106711,-0.42866588524016547,2.313108368733106,5.34451087969758,-0.8355285842318807,-0.6975824689419072,1.0006230588104579,-0.22103339530784627,-4.590989490026573,-1.11809854942552,0.562338433931906,1.9637297507789278,3.4564245378409524,-3.4142563174839236,-1.4501378556430744,-1.3207137845088823,0.44996280988327264,-2.905218228744044,-0.027298567697155995,-0.1343286317107939,3.9375964027762898,-2.7637254809967935,1.091234864229282,1.9235098653358094,-0.2713528938835248,-1.3480678540891393,1.368401499406115
1588,-1.8296550224094048,-3.7996554403197997,5.526112241043666,-0.7830953662770099,0.2295093059177078,0.6567842820448888,3.341817387837267,0.8614659919299683,-0.3516235909021015,-3.527979988726063,0.3189707483955795,-0.6426505485347818,1.3590416426812055,-1.6508881834404754,0.38262943304383157,-1.6902984061355717,0.9376946939391608,0.6618208199111031,-0.6897233316387776,-3.2750949581170996,2.973981835750539,-1.2032261065308503,-1.876304804708317,4.0703673652431505,0.569976397479838,-4.983905939260458,0.5826441814636105,0.4227895945905944,0.8560809005060204,2.5524148652221044
1589,-0.8084527416443947,0.1870108410423832,2.167917507231021,-4.578601677445782,0.6888129909574867,2.3433130798593282,5.5445368847686325,1.369104300071129,0.18959932960933212,-1.5175786775024793,-1.040756659960214,-4.544905176986539,-1.7685341068813436,3.267081798815898,0.4355653001051678,-3.0928676897630876,-0.8134128822986568,1.9721675800213063,-0.5057694246476814,-3.0585673407297858,-0.624175726886099,-0.010716415022405279,1.8256867111838666,2.373542196100747,-1.038982618511767,0.30501003396559057,1.939629926580853,-0.24262842913118554,0.319393191363309,-1.2824221042650823
1590,-0.14323879865296796,4.31280003428947,2.810097737967329,-5.400222412482982,-0.5533686427416289,-1.026067918379196,0.6529847401775086,0.09832157523889506,-0.6196524543863777,3.3160453795728024,-0.41216458188247884,-3.035534658720504,-2.8365022875161365,0.3059376904086548,2.1558228089574065,1.6125848105435878,-3.673011086754462,2.4351680643602656,-3.620622468531476,2.746107477336391,-0.8583619424817268,-0.6747643575138893,-1.2518253861115216,3.6594666773008626,1.9887057829339412,-0.2254780235746665,-1.7541438111096568,-0.7315744025022823,-0.826369062461783,1.5488595167161847
1591,1.8481398893590004,-1.0363440233586054,-5.561213727868889,4.358795767240771,0.10427626903534959,0.2863458255923863,0.7008082745695283,5.53798983204322,1.1508254939968259,-3.044654679047653,0.29527213222869,-4.640241053790792,0.24789797255803592,-2.4845363984554716,3.160145696164296,-2.354725707626706,-2.31583690564832,3.747055343007524,4.216203137860202,0.9582849562623963,1.8393733456310706,-0.6448416117230424,-0.7972916502152856,-5.571728177816709,-3.2692780195686986,2.334733050882381,-5.7399704815962735,0.6327190749845499,3.1912017363991403,2.8505946389005956
1592,-3.7201681469811874,2.601161871547326,-2.277691162957481,2.6901136939039887,-0.21169409003466666,0.9182778345220228,4.687098933389684,-3.996712280804058,0.1251662779196705,1.1398606973902936,-0.2779798255996031,-1.6774338022961537,0.7132137071756048,-2.891986085361726,-0.6174438829211688,2.160110706790352,2.208482712112449,-1.5723771577961578,2.81102484880288,0.18048241687273503,-2.3398432761573176,-1.1149531463422706,0.45244289265001925,0.010846264172592157,-4.042783663368802,1.3699243075923917,4.587981341860932,-0.8386816750977584,1.9958745869314463,-3.072314897916515
1593,-2.6200861325625606,-3.740914560394799,-1.9040863073231726,6.104505452831056,0.3705048985515802,1.790076648897907,3.4922561668856993,-4.743751365094706,1.008074671437603,1.5454547511539687,-0.9702290349854712,-0.33180518939729,2.4167260436519022,-0.01345977358505479,-2.9361409437634247,0.13278606762476386,4.052636441763678,-3.6525478356925163,1.692360564956651,-0.23036141081874817,3.1908580953010066,-1.053482206945343,2.8089375150031284,-6.40831255749805,-0.10437963333395572,-0.17533391234119122,-3.520730312005327,0.39380031370744817,-0.12551102565075212,3.5321545696254866
1594,-2.1869973688358773,1.1793903689772414,-6.0394828714336946,4.944536380825664,0.3080585561649225,1.7944949343017367,-1.3539811149994776,2.8518486738201325,0.3159043589170967,-2.9739492282994497,0.42918703175711403,0.7309902788043665,-0.7264842701626719,-0.3213617123226342,3.1300507526690566,1.0947918865941801,-3.972559025357663,0.7955623685791018,0.6315680099303869,-2.8009204102930116,-1.6382970612274335,-0.4608700942518231,-0.024591408698043438,4.293110964538577,-0.40518706090691836,-1.024620784889997,0.3266711966140292,1.2281854369496639,2.187399097731223,-2.3124478854962938
1595,-0.4772703475207756,-4.09295576930969,4.827654921683198,-1.388651027325352,0.5187282662570154,0.6124939562155785,2.10788958036699,-5.786173631788827,0.4635612873270816,-1.065251563592719,-0.6373603093951488,4.917334637082416,2.4389124812339276,-4.238479440871531,2.080723735478312,2.021322327171667,-4.244101270987176,1.9416221679740993,0.42629083855673144,0.5386086068943978,1.3442355221471445,0.23298417033809393,2.768567391068302,-5.310686529006027,1.1766737828728608,2.766573735019893,-2.5282555106634135,0.6454749102617203,-3.013909300813923,0.9534423833245711
1596,2.9492915344910635,1.5388944452314561,-1.1085851269108993,-0.8298971486931386,-0.8968514520762438,-1.6528522520422548,-3.8062996045755426,4.161905676581213,0.18925280739977435,3.1885055093848074,-0.9035368026533401,-2.8298275861371387,-1.543040406438255,0.4619717157576737,-2.638832781312642,1.4347931005854768,-0.8016460190845436,3.0867543904915884,-0.844025560892657,-1.9341400073534079,2.4185179439303255,-0.33681528276125405,-0.6986827890318956,1.395145696107555,3.29324042799475,2.783177800760452,-4.044542909991208,0.22000918734088248,-0.47199856231828363,-1.7798859437848336
1597,0.522918475489929,-5.7063971660375685,-1.4393376799422768,6.178671478299851,-0.3386551553799244,0.7828000475699657,-0.438762679838856,2.1060323686885702,0.9791601943342219,1.4398773652703767,-1.0947038627721835,-2.9916033856823567,1.9636992335851104,-0.7195736945815092,1.7764784199223485,-3.99608242739502,1.8475256004458984,-0.8720471319775456,-1.7396569408637106,-1.5525776634124497,-1.41595861106034,0.5678605657909506,1.4436103267898055,2.696722322754418,1.3708274755644148,0.5859840274529873,-4.51821235730851,1.0861708266743966,0.16910257171988263,1.3061274558985723
1598,-1.5532800880821558,4.892341952526664,3.6082014700501333,-4.9405177054430744,0.22836489580695796,-2.235110524858545,-4.422122393232598,2.4664893421896643,0.37273934282874244,-3.0218285329226546,-0.7777789434885962,5.382501184625188,-1.7673804338505619,0.9674346949217565,3.6612242574706286,2.487012303892403,-2.3118704875844713,-3.0364203348504795,4.478097723828949,-2.23744803242138,-1.4400567108342912,0.8587466727265864,3.078307395252736,-4.737647048553935,-2.2188225519028,-1.492786804228679,2.7981490645701257,0.6939593642506585,-1.1339002502246025,1.3534011775370338
1599,0.4987202502055528,5.304305858458342,-1.27496646760504,-6.246934476407056,0.9946442371583402,0.7242305981898625,3.248337100265637,2.9683909492449914,0.7663186100124877,-1.4445530523225703,0.3163192581386216,-5.854812865339415,0.8652395352142612,1.8703089995234379,-2.6889836952879893,-1.6810840026069709,-1.2728939542899962,2.9074131174465627,-1.3757765602385952,2.691461085286214,2.361278317819231,-0.8761966824250003,-2.890053961572816,0.08928780112962542,4.540161819411306,4.085665704255785,-2.955247888759498,-0.9244461710592358,-1.7269312028344999,-3.0192022610121256
1600,2.867826455940847,-5.739611121150617,2.5262697564669274,-1.725823042086848,-0.2427603451809377,2.31409829601062,-2.8023783998515164,1.8111009378488845,-0.60251936766441,-0.2202181795371594,-0.04386434081064827,1.8578793500146062,1.157359847668019,-2.4293945124624763,-1.5810494758405866,2.7784394119807345,-3.1321625282412775,3.206807256894848,-5.525334200493745,-0.6985944317237447,2.9554766804442494,0.4250643605281921,3.0419886357971784,-0.19860104455347738,-2.245549300513037,4.4874174507715345,-2.167998571797881,-1.1894958116323395,3.2066009678218386,-2.090974734648391
1601,2.3139845011275355,-3.143379202548868,4.490419203881878,-4.377162089987927,-0.6117807953562786,1.3279183828837198,0.23032004339669498,5.546270989855518,0.2113620665015663,-1.6335099756359917,-0.2744280633666074,-4.080015060751453,3.7310603451635593,-3.4948081905588424,-3.3656512679180803,0.5484554720702555,2.006340146318891,0.5746034949234673,1.7062783796438552,-3.3043689698072143,2.889146681524334,-1.243914864121976,-1.5178449908247025,1.470703763584357,4.18177114663067,1.2861153698714247,-5.023018342710358,0.9945762589810494,1.9253167858948963,-3.3647612186659828
1602,-3.5014485442417804,-2.020323344148707,-0.2237000724329299,6.009671772743928,-0.6555524542842535,0.3913526423638043,1.9835833419672753,1.2378987080137307,-0.7333329426480324,-1.2559188734164284,0.19209215313979833,-1.424322387056634,-0.5923091014758377,2.266186036237869,3.0408752542191912,-1.9971627773451601,-3.112487172968521,0.39489776133173393,1.0779376373687803,0.09116301793407011,3.2642229625748342,-0.6041347676345961,-0.1346521600915782,-3.694536690152873,0.6322381561759656,0.9499245769773168,3.012095423502384,0.28295780346578514,-3.489143013116104,-1.3880729470036606
1603,-0.015691116628516966,4.575751823134343,-2.7246330563549215,-0.8696775033281412,-0.8510755486048496,-0.1146745982178512,-2.3931102642541724,-0.7746928878437913,0.46495779866526643,0.8779263986072987,-0.008306578665758124,1.8332255334908787,-2.57093570916407,2.469517857970704,4.1932886981680895,-3.8014768403852397,1.528496189086276,-1.818890195676481,3.0111812023560844,1.993218926269666,3.4510655238996506,0.32061020648031935,-3.012502527299345,-5.7635733317077325,2.7606061255996615,-1.6250718563386748,-1.4534050603057338,1.1471692152965316,-3.34444109134159,2.5151426670915065
1604,2.008053754210625,-5.188662548159741,-0.7784132441279787,4.349442284749003,0.18524476555822655,-0.5756650122300968,-3.6048503843688593,-6.133737562985594,0.6856958373144275,3.3131620215473703,-0.4704442321269111,6.210174320619274,1.998175773615369,2.911354211408028,-3.6741564655205927,-1.1838072104411488,-2.85825436331705,2.806688054254707,6.141624143392846,0.17462384148218746,0.9124301175858598,-0.7408320291159125,-0.38340992608555347,-6.104436147260781,-3.532322627876418,1.7344036876426259,3.157998723216263,-0.7767018581259464,-2.214358536990666,1.6309806121358257
1605,2.889495540991067,-5.111052957090379,2.974184806604768,-0.5206205278757885,-0.48053432195772583,0.24852745932808773,1.7474121773428628,-6.133302808865285,1.0913900944849155,3.0906394690432535,-0.4956474891989888,0.6995085571929636,-0.6062395169621553,0.34530988852831257,0.057260162669777515,-3.2915494697451653,3.977666431062815,-0.48244749555424526,-4.219172920703279,2.2503767967859467,2.469483447743176,-0.9422315343595971,-2.4152818536776,2.8568260642099688,0.3206704105747704,-1.6446762368274257,2.0494646390851585,0.5796318584235705,-2.363992171586812,1.058901500332457
1606,-1.502472636977732,5.067910984389179,-2.3686226729398037,0.023052920254862386,0.07071246398267306,-1.2905810587091402,-2.758033132985144,-0.3882210903056773,1.0571502330317504,-1.0085774558491014,-0.6836490770928005,3.781330523200701,-1.169511789337303,-2.800028745530284,-3.3612280722689682,2.9379387760085933,1.220438169443053,3.1723916616842125,-0.5388019715000212,-2.9591515265872452,-2.379506155436381,0.7631659659360066,-0.5512846321387137,5.665578319724965,1.2780553947820188,-2.1760434892549796,3.755665538570991,1.1861734816554428,-2.6037110385791387,-1.4401398871726414
1607,1.6674405013965448,-1.7756690874593097,2.762796420081223,-0.8440441579162012,-0.5780936217590218,-1.232430054343176,5.974904838624727,-0.8897354883347468,-0.8364822034362538,1.535931372256556,-1.0863572240145478,-4.698261295096028,2.439837060236176,-4.121568618277401,0.16544282695058854,1.2417661588588054,3.4891971743027277,-3.2146746020715504,0.4526147138181926,-3.0968365327805287,2.003280821903253,0.5149653979321371,0.22744721920086697,-0.10147162007532984,1.5521151558309079,0.7823460496936079,1.2882744444546042,0.04155249302020092,-3.3964667341790715,-0.2678214088185644
1608,1.4094384402931368,1.3273472704036067,-5.076203044991416,1.9417790762853144,-0.16308759990147137,0.5607258579108834,-4.0241227813595515,-3.123997725966678,0.8609196340985275,0.9777541075517107,-0.3134465262127861,5.622893291888463,0.3719659075110471,-1.7833645246235932,2.081107260435978,-1.5524002133027235,-0.10453989359309901,0.9872314635717636,-2.0174164660948044,1.7101191535027649,1.866587707769657,-1.1626760361336306,0.5620920772180718,-0.958706436263487,-0.7783525887844647,-2.875464034383395,3.6678572653584283,1.0512759900121509,-0.8620073390198861,-0.20330929318115665
1609,3.650260948127606,-0.2638368528270263,-2.80305876958165,-1.9350162210460198,-0.29035394008938353,1.6420048354165662,4.096383623410436,-0.04703801021139853,-0.7485523891559209,-3.373405219640947,0.8852604046274477,-0.8126484090299044,-4.099930487529505,-2.5893099774467068,1.0178591892153754,1.1101309235989092,2.422624063045042,2.1386262891162886,2.1554114826574775,-1.5313045338254234,-3.9429835516509915,0.5170508575035546,2.512011429683671,0.2898143156303057,-0.9415752574688803,-0.640399554606617,3.24116977586354,-0.7310832447432984,-0.15713196625762116,-0.7709797527854381
1610,1.4683470594304247,-3.728835855082277,0.07036626932183054,3.8874465101227926,-0.6925546659084718,-1.0047693178841648,-3.019974672473939,2.2831800279443613,-0.0027931775677449977,-2.153336911002601,0.41118009475812745,2.4817446383414854,-2.429999078299126,1.5750306741938793,3.201969100614086,0.05993144018821184,0.04080994149347106,-2.447742078191128,3.869167104387593,3.2857946881622233,0.1735804623966537,-0.7757184581911929,0.06065875012392219,-6.613482546880604,-4.980816415330059,2.907235378302488,1.0654212984530353,-0.6189347962847567,3.221810893490069,-1.5947163586290927
1611,2.22259813684294,-2.314608181225566,-2.91568323972837,0.1814584433609312,0.8820319702358574,1.9442028705143457,0.8646186876952555,-4.03459457768432,1.1835811024531555,-2.36607019806479,-0.18426943422289277,4.536734419823258,-1.1186815687014455,-1.7796835392679924,-2.369055982717569,3.329680904133806,-0.45507623626378546,2.392816422816349,1.3615580130170528,1.94219026846541,-1.875385949048784,0.7672798094360775,-0.5450438866667877,-1.6505982552043612,-3.5366648853313265,3.925062753379496,-1.7774221329386997,-0.0628459013713929,0.277065376090869,1.1748047901727645
1612,1.0873851892914104,5.089884381814478,-4.045877660442926,-1.8825703150674364,-0.8846941561754782,0.6358725605801023,1.044241331856984,-4.410130805447331,0.6256960583078595,-1.582813533969885,0.687475346258017,3.635531602994007,2.2285533690403376,0.24130542862990367,-2.396595995839874,1.2155486849675192,-0.17762657221513933,-1.1111849145834096,-0.2169857965472346,-3.042067764400681,1.0146563344249415,0.9506452686041085,1.2792607105885683,0.014491247328912493,2.9652169515304863,-0.17931434004762536,0.14644267176478465,-0.4616683499632792,0.8387505226676417,-3.309427455950315
1613,1.6032075863064676,2.718712928514954,-4.4111424514733315,1.5981373509920864,-0.6758832350873571,-0.8330321792526671,1.0270863292044972,-2.03721114208901,-0.9109705860242867,-2.119700453773259,-0.25577801661157373,4.296573869293276,-3.545125925700665,-0.8677977568688249,4.006447396197213,-2.77638241673222,3.1586092194019955,0.024249483701829888,4.00396222920989,2.435270300099692,-3.157773367485399,0.13562035526261607,-0.8829380368048074,-2.5341414802834024,-1.5209406666548801,4.050586307519151,-0.740905478739684,1.2167113742373257,-3.078849181293485,0.0733976449332836
1614,3.162805282606854,-4.373961592119798,-0.9252190168300416,-0.19261703049483714,0.8182815723292993,1.5107107845086905,0.3436963891936635,-0.4234801880678951,0.5322491360690735,-3.379203474622953,-0.24749676519882158,3.1742349026265835,-0.3244135213752877,-3.0934261200769324,-4.138278700442161,4.077152484293826,2.2998543430218525,1.1791115145780537,1.5560039580100735,1.992124243312686,2.844675031406247,-1.2327428672987284,0.9474014396993091,-6.107461805130992,1.756684537082979,3.3433671171767863,-6.220200354700449,-0.2509626221920733,1.1923368635608576,0.17877445907357803
1615,-1.6826766331686933,5.029985844177709,1.7371442070406857,-3.0750475451587533,0.0777012272910298,-2.0871071001818464,4.521429468001301,-1.9020679844682853,-0.49571492469691414,-3.2494684610686733,-0.7323308120544292,1.8581527142866783,2.1276230575612054,-1.842561995715414,-4.020861198084166,-1.302438351435267,1.5036232226180246,3.534615265054974,1.3779026018460492,-0.07101797936325838,1.2468670787486005,0.3195586789182103,2.035895007656313,-4.909205387807319,2.9451774844333514,1.1137331506260608,-2.471988111310697,-1.0513593349532022,-0.27153373831567507,-0.2640294504781444
1616,0.42877082940405664,5.337432626275479,-5.21321986196714,1.2301853854115308,0.1537098384256348,-1.9368788175494398,-1.9297117582690184,2.839787790443353,-0.08290250983075076,1.6043428535762665,-0.056915870983953454,-2.3746005049362395,2.00206433282505,-3.5387106875461125,-0.09486809501162696,1.4228952537139108,-3.442192380933184,3.650811576951316,-2.0306767734231634,3.1465166501648945,3.191069684710026,-0.10452410533140277,0.688051318143561,-4.890436774265314,-4.604442648696978,1.4763740611859042,4.91496246222048,0.21120473712907906,-1.8661623100202558,-0.1319363018165518
1617,-0.055270321612141515,-1.656380042749884,5.5796922429730245,-3.0182771766919068,-0.21419738505592045,-0.6355673168630727,-5.818223010016112,2.622845893637578,0.6674835129840035,-1.4226585663093143,-0.01896237191053629,3.9695145416140214,-2.491731747912718,2.8321490351505147,0.11895706251976179,2.2971975026451723,0.5849576394827878,-3.3415294918861758,-1.633162470684674,1.118962993313657,-3.9018756986249237,0.8648308757952448,0.1330558845343912,3.418188415664897,4.607228560483236,-0.42327589822725287,-4.461593519224401,-0.04620009186346952,3.6470429939989373,-3.323202045165356
1618,-1.1013263749236923,1.2575103586655558,0.6705872468605136,-1.1442196013317698,-0.5721867804675995,0.8896351511970977,6.246192477267911,-5.554422211166322,0.10932182884963382,-1.6273595527122495,0.08373808690645923,0.7425293708542284,-2.437634056909232,-1.4147745271631287,1.2138435376474952,0.918800475014411,-1.0765886537324434,2.796353225142269,-4.870892814829325,2.419942827154369,-2.8160320394055294,0.3739326458414043,-0.43243689566990184,5.325486276907583,-3.89633248142027,1.0305026716281844,3.7732262157035024,-0.5894812603793795,-2.4198440164583737,2.101928870928056
1619,-1.0855842443845845,0.38646833012294124,-2.537477434505007,4.066109693767199,-0.25071222942902827,-0.578804115571387,5.320677236819392,-5.2345485680893695,-0.31349640985044935,-0.10901766261965484,-0.9264815937496147,1.2628669974893505,2.6567584438702028,-1.6441396421266372,-1.548532319381387,-3.345135453707348,0.2093978021263574,3.6716511692182117,-6.01652162251877,1.900117056725552,1.405666784300422,-0.5363953118424458,-0.39086906497044005,3.638002158304264,-0.8663236403074741,3.9910032156511477,-2.429060205720649,0.030280082807206732,-1.0742076747036684,0.3483082222751186
1620,-3.2391886135728143,4.541892746866349,1.9551837605238234,-5.2856004493893884,0.462694423021758,1.5650181325503993,0.7821077432851418,2.619599642373455,1.1010255237897928,-3.022570081905613,-0.8942857188132498,-0.5858771087298962,-3.7370332256807313,1.0157500801491288,2.773454808099629,0.05090370825323376,0.9970507724741999,-1.1001261432960625,-5.574578035054714,0.6749540227717343,0.8835450607427653,0.4763528154252663,-2.6533829773556015,6.1931091134691485,3.425506286745854,-1.8329441049915367,0.2168174633589075,-0.8971081885756913,1.9335361410572283,-2.845807597593085
1621,-2.9072730230901858,-3.200332356264102,4.602742460733637,0.4753146238510624,0.04569136267634821,0.9838569320933885,-4.771558352854569,-0.03765181650655691,0.9217978308629053,-2.2073646866706724,0.1027331486662062,5.992043876502315,-1.20945011043524,-3.5078829065151176,-3.0465068892937825,3.4461857576607535,2.0793516487165213,2.238302499866279,-0.9295387666021853,2.8593188688603206,-1.5167423756851832,1.0012538986365316,2.8277421948887955,-4.242033820099682,-0.8351895686420931,-1.6142737955128688,2.228444730068869,1.2258675285749652,-2.023582765865294,1.0187338713780534
1622,-2.847378911288734,-0.8096632940424762,-2.0566849425919322,4.855801003260801,0.35239928134215015,0.5055268633203305,-4.094401794411642,5.140021924710005,0.09986845713007231,3.1369650519439496,0.7698178196355547,-5.05227145900832,-3.85355446558229,1.6932581854745905,2.9077074913521415,3.700974836883013,-1.2014427216233905,-3.246943326504624,6.1583796108428785,-1.6985304711372962,0.08864077761274558,0.4583000722402595,-3.0791922085824854,-1.9275977809775142,-2.7519264225793663,1.9146093551598256,-0.9245435583000727,0.6611414506918152,-0.2466582768212735,1.3473774518506616
1623,0.04724505214896091,-1.5502925053053573,2.8039220163894427,-3.499498904556674,-0.27679830912738046,2.475422650451179,-1.716778260506235,-4.882873051457008,-1.2047262829348435,2.0146114040493153,1.1619465923634165,4.627819598484972,0.5894921796516428,2.7050547317527425,-3.614825488386588,0.6948840253156767,-2.794576623719646,2.4199711753855837,-3.4742373065909753,2.9995716707235864,-3.365580975108305,-0.6372864393987197,-1.4941566473112644,5.971689697684283,0.2047698528081554,-2.6148917016212962,2.875405687459338,0.9707678453559714,0.21536205149550547,-1.6514137354961065
1624,1.5797631730018828,4.5161915993314246,-5.795751236216439,1.7239396345412743,-0.5997142423749344,-1.4244289282830174,-0.6233451217052988,-2.1311694906248064,0.624128282142439,3.025249323885106,0.7258728705642872,-1.6207358642621195,1.873633329075048,-0.6183801989762934,3.3574310134957415,-3.8842648369525907,2.2828395702040503,-3.0112588768465365,1.0006090658691704,2.896371929718896,1.5962301601326594,1.2460083700545903,-2.4697181398820955,-4.2695013858946105,2.563163189506202,0.1775853323100023,-4.117385801750604,1.249874398508462,1.975391077152306,-1.8486281957248032
1625,-1.3058142786522868,4.571072730502024,-4.216707976998062,1.2523627703749654,-0.3483378262596344,0.04742458103317837,-0.9651823762576335,-3.132163531937625,0.32216653443125676,3.377540404127707,0.7351309191967355,-0.3374919495608282,-0.9712043827699581,3.004237810119804,-4.226896861123237,2.859532166956466,2.4481549893300247,-3.1138237225137146,0.8958869036851311,2.7205478899241697,-3.8195519617575684,-0.6075862365107314,2.7158381267490945,-1.9051347220915034,-3.423634892298086,4.999147011318019,1.1985960025213203,0.7351793639963047,-0.09024056083464949,-3.4190469247013393
1626,0.077367794571499,1.7557255725877567,4.954198377839287,-4.964395827070085,-0.7002903296342682,-1.1226055882940287,2.445456744089938,-4.199004079645611,-0.3311069794903583,0.5217557213475619,-0.18210725364953095,1.7450058473476204,-0.5487252176068722,1.5863975158790282,1.4911071327203196,-2.4359353543527575,0.09788292607620974,-0.19072700271649978,3.342776824041291,-0.42251102012479436,1.6978063908114152,0.823831390957575,-0.5942833685220243,-4.847620217164867,0.3482583897045082,4.5867054384782655,-0.6412953742188563,0.6798202931836625,-3.523430860405009,-1.4500578867410017
1627,2.323027089626656,-1.542920994205847,-5.222756556343516,4.498653856535579,0.7886304456100839,-0.8446338412227927,2.595095559647344,-4.216174035823396,-0.3990605099431157,-2.4308598344407635,-0.5434932055135206,4.994492026073061,-1.4529802596625565,-1.3341017956972578,0.7243393695957465,0.6083846287263164,2.8263731733729998,-1.3720151163358185,0.8830604534425994,-0.6460520469342317,1.0594995408977823,-0.4613119918075048,-0.3667783374775535,-0.4684176181225226,2.986004085247604,-3.8075355231516568,0.8638275871878172,-0.39900837983798443,3.5597071635840365,-3.2029949330282435
1628,-1.3419878207832898,-5.138078021609459,1.4636692686595616,6.124198264398892,-0.8555362835135469,-0.25226540715200585,-0.10140349559008754,0.9631536632921254,0.31935794296710096,0.22504955982780395,-0.7180159401852553,-0.6881417303120827,-4.208354679999573,3.174943126441189,-3.1186214385693525,1.6679639586867836,2.0195837166954433,0.46448531674493054,-1.8106873723538968,-0.2559600866273435,-2.6216154049171045,0.29562947766320136,-1.180989728043194,5.573623114276948,3.203208079072926,2.0349749476033203,-2.9673972343579997,-1.1640425022510636,-0.5879929637200529,-0.5187503263455646
1629,-2.083304887164509,-3.9018017816970527,4.137065534883423,2.371729115751805,0.774928924961189,-1.298616906734697,0.7111424066478769,-0.14368977376156522,0.236758229861449,-0.31409027593532457,-1.0995321140042922,0.6094115271914404,2.4820261925555904,-0.918136378229736,2.7809795213785122,0.7034636069022717,-3.3934483766284984,-1.6548845659787084,-1.1110999669159085,-0.5213663307957983,-0.0018407582822099755,-0.06003078046133492,-1.678600056773666,3.3729378932275615,-0.24597056904637427,-3.8390904052358046,6.234436752990611,-0.7253547411691041,2.2506508966941468,-3.674671934231929
1630,-3.259503607801756,-1.786973560502478,0.7043135111955365,2.7613001024866755,-0.8714970147710555,2.45236056939326,-3.563172137876336,-3.3423379996461584,0.3183637134823316,3.3338519306513135,-1.0197030986668834,4.272997592055312,0.37592824414050696,-3.584506789761246,-0.9023669512808858,-1.1975790628644667,2.2699164795592637,3.038608080206288,0.47516631825125444,3.3917476875669657,1.3948401280322535,1.2029608466926156,-2.1140148789268043,-4.350700101617647,-2.9548683393239585,-2.4775346965338336,3.3756377649903513,0.9352370645354453,2.902227773108091,-1.7806995667745138
1631,2.4280586276662817,-1.806204633965617,0.3555866133949408,-1.8887560760476205,-0.1631344635250742,1.0744499324773127,3.292762147877543,-4.1808011559029445,0.33165473608072205,-1.3595866903395333,-0.5780240256678484,2.4939949879516483,1.8133545012457652,3.0198856555038915,-2.7327628354754907,-2.334190642585524,-3.2053438445138553,3.4390571658246643,3.9861404538766507,0.8469650922813905,-0.745511325640754,-0.8156353306507622,-2.6168867823183763,-0.6550721075495325,0.7476484104574403,0.8020330157871243,-5.511313979791126,-0.5926293432972765,2.57010790553716,1.9841539913082542
1632,-0.24103924764680684,0.7487652817035766,0.7358854713873484,1.4553713225590528,-0.7881979555390723,-1.9107848724638892,5.888676433148554,0.989544354776065,0.038482600246620535,-3.6376821880488244,-0.8921586845724416,-2.3868625155504084,3.704552868625804,-2.6346160739846862,-0.5618201359226163,-0.5251265965388541,-0.6563806943778694,0.6733906321976946,-4.71292002360579,0.0351518326375686,0.6293957616852417,-1.1580477980347528,2.4051513791777666,2.8012688481385943,-1.4981612359296115,-1.344554745887887,1.5393952974478609,1.180675925739063,1.6594837340873774,-1.5368389754551863
1633,0.6316363371926563,-4.97407078293859,5.82030549758424,-2.584936584418422,0.3248731707185266,0.7821923618618136,0.14078360488232278,2.7516943640338702,0.6898484217352232,0.2370897345522014,-0.4042076854279326,-3.4152084397761477,3.9588841002996666,2.9355324607507747,-3.478178093751719,-1.182964410587065,-3.958221851291773,1.7249477945795846,0.17222807464370504,3.3416020436406733,-1.6626129813828232,0.3005446079025944,-2.7982999014489636,0.6465381566434374,-1.9470787116077304,-1.1047063393981098,0.76128381933475,0.8087596064288789,2.4427149063192815,-0.960973281075459
1634,0.9120294682692993,-4.454061209771083,-3.6118310989618756,4.8607496015760425,0.5615878775514229,1.7315253613364696,-2.7508049349557666,1.497953357539373,-0.5353323362768974,-2.1814033608074794,-0.186441070334741,4.156028344835043,0.25111814094871576,-0.16028995255284428,-3.8608523214117554,-0.8804627482433389,3.8466628457681615,0.8038240354905248,4.3769767572805485,-0.6759356319634833,3.13797604155123,-0.11261851530650446,-0.8716351839936998,-5.854763467569462,0.7994908908692153,-0.5087394062628157,0.4811609412714617,-0.2667526548245185,-0.7212891380960489,0.21612936704429409
1635,3.3934629466951307,0.18845794200940702,-5.581525431257603,0.9093758256306401,-0.9756312418925261,2.0658599588152082,-3.7231701081692563,-1.6008321024093064,-0.3634698098278628,2.9408080063073676,-1.2340269838303137,3.980690997928903,-0.851755803720561,1.9708952947705853,2.51124682426601,-2.553584003995134,1.7915087663218294,-2.8683110776432965,2.3771282237598967,1.831289758844532,1.5093042472186902,0.8785529513606143,-2.662477437571928,-3.9337977436131766,-4.80270968398745,1.3723296944364627,1.747638692276837,1.0774739019311657,1.6650904713941443,-1.05982307604957
1636,-0.7302193263748809,4.218684661167906,-3.137308608362588,-0.5188480892873422,-0.22192686885002044,0.3896182317071446,-1.4363979950388348,-4.924094398682222,0.24147830534193915,3.4196169059266417,-0.13326345681151963,2.832660639263544,1.1156075664727219,1.7818799126206422,-1.5036066303321896,-4.14432314579445,-0.6866191410331517,3.437061438065875,-3.124893733308973,1.0457072528378397,-2.7760461906057348,0.0570383178144418,2.843186798103824,1.9550075551572412,-1.1593318224543019,1.3271451821806153,-3.6054393908872164,-0.7668503365449357,1.4965792439317873,2.7078971237756697
1637,-1.2540692580356563,0.5080325708440157,1.0246077128663806,0.47397962509504055,-0.14486617962204118,-0.6076844711474934,1.0936365649474666,-0.31700965884060395,0.5449590539851634,2.0795609605939553,-0.15444903389249998,-3.246697886793939,1.8339666214630093,-0.9551821264334706,-4.195143015362303,1.1352308057065201,2.7317940301885137,-0.5506663155628182,0.03552303735390083,-1.8420134277164326,-1.0187994292054015,1.166522232341749,-1.3962094314571356,3.0549770186819494,4.612437934915022,-4.894874310797928,-3.4561740843674826,0.7661251543137029,0.577125111673336,2.395360194264917
1638,2.5838686126324966,2.6765610334851964,1.1048727282894895,-3.731570869611488,-0.45643901849852564,-2.1772924862969356,-3.7456382369169923,2.020942927097206,0.1382281675860133,-1.183994369485882,-0.7760662410987536,3.5465277528179584,1.7707116573327752,0.8874946840083631,-1.2446163140919602,-1.321937865425701,-0.2826913679817551,0.19103920615775216,1.8959217569643947,-0.7621792285222178,-1.963566251817399,-0.10707194335256887,-0.23269019417896963,1.1695858609053928,-4.053934499471817,-2.4355669413727803,5.377014057377998,0.43502136722152684,-0.120344823070063,0.7978108393166874
1639,-1.4910636716114354,0.878364291180386,-1.010361223248033,0.8807910565917467,-0.23752084614514501,0.9797903932327241,0.309722786425926,4.5663126056468215,0.3646420933017076,-0.24845177648650107,-0.17796472299756871,-4.814260985890812,-3.9808302853648243,0.6490278829155827,-2.7669093773096485,3.5966561038892273,0.07312278311174936,2.4289328927574125,-0.3422520979092134,-0.6261877880090623,-2.367385778450144,-0.08872587940343113,2.549225097895045,0.8753264458754622,-0.26574716656883624,2.639537296506081,-1.3845593727831478,-0.5831844511060114,0.9621391479883865,-1.3681854540349043
1640,2.4731612124505986,-1.604881714117976,2.0688624256267367,-2.0906703570190786,-0.46945147764459794,-0.37702008929546693,-0.8058321774376758,-0.9900110106567759,0.8381684428299563,-1.4207876287173526,-0.368570624394029,2.747032998375442,-1.8135323687856033,-2.8508425825697543,-1.2401239153585202,3.8430572327255277,0.7216436923317247,1.339797941656112,-0.7943451773953107,1.7033286048438043,-0.1358340718513915,0.1859259718400752,-2.574639013183269,1.6155636857447462,-1.8972923439177158,-4.561002460865657,6.044472237584387,1.1710866537453875,-2.3874490672248356,1.63018498068001
1641,-3.179152044626541,-0.8145775278167413,0.5097464632228146,3.856544459270765,-0.5011797364592974,0.12861838640921874,2.755814663953039,0.8077431849370527,0.1734148213972455,1.3494348702666734,-0.991732390659477,-4.0946751498949965,-3.7589491756137416,3.3257075265881255,3.6958717861189285,-0.04020472478016046,-3.4519855803595068,0.22956016804583257,3.6067711398066926,-1.4116759124296845,-1.332526412432184,-0.31334671478946596,-1.6932429138415976,1.144020813684886,-4.300184577322675,4.1722405328058905,-3.220214912069892,0.8155691883489968,1.2797196151803085,1.252870153058975
1642,-3.4980540671566906,1.972841954506535,-2.8369431627471577,2.6580835386592128,0.24877736295016506,1.455294373788151,0.9645282779954236,2.418382935249248,0.45421120016871264,0.6474624540459644,0.7132551145375663,-5.19783998199739,-2.172326333864616,2.3729743896367452,-0.4076657202304901,1.0024203738514927,-0.2980815500026779,-0.4973211593909248,3.4854907605117944,-1.4757769592913696,1.9547723072837115,0.36223685014325824,-2.842371765625284,-1.4843511930234499,-2.3854297876901,-2.6531863769716786,4.925216669078299,0.7012792942331636,0.17412308232665552,-0.7620028809747215
1643,-1.4481444604011404,-3.4324429430734895,-2.389095153880149,6.093673505463556,-0.7338445757077876,1.9098536275992846,-3.0675828149609927,2.8276964520076433,0.8048656822375007,0.3012424099764299,0.8948813927788475,-1.7611031220398736,1.1690820492204779,-3.79920273488408,2.720043772147246,0.209177689842857,2.7966488874148396,-3.095749663741797,-2.169399749666109,0.9200052135310806,1.1510928485017828,-0.26828532450478804,0.4121681667663175,-0.04558115462965873,3.512638777117271,-3.145759507386586,-0.054591897877472206,0.9483337218943193,1.7927219822507539,-3.0533430759966347
1644,2.0424239922702263,-4.04205783917844,0.09825638829882521,2.8407517767585517,0.46769918653304954,-1.4070735046819305,6.0559544367541065,-1.256872733603732,-0.7625715903153845,0.15033858204712125,-0.026319862206885425,-4.160528832675691,1.1801758099029804,2.6440128047922045,1.4101234765792299,-1.2708930327817782,-2.229051746130514,-1.734367312362572,2.6127377517850476,-2.1800209678280194,-2.6878010529372673,0.26411184967815515,-0.4811928291798644,2.4721652484805894,-1.9141288448087117,-1.8394441222814315,1.8586229612078888,1.1014429313024312,3.0810396144578327,-2.287532539876363
1645,-0.07808937727419973,-3.7768866648497514,0.6142763388631529,4.535215212968886,0.8164229764451472,-2.1109384861529383,1.4823344967474519,3.9949750968016637,0.6641974568515554,-1.2682415972308512,-0.07006389424080961,-4.803201558929441,-3.963304441705157,-3.2229901382684485,2.3030146937813534,2.2238990305341986,-0.41686048371903084,3.076241339376619,4.046391000685794,3.346447531829078,-3.1319432132556244,-1.1345353387335786,1.269212637319729,-4.395572617846764,-2.033508558726563,4.4553383688254655,0.5857057267019705,0.12417824357109097,0.41051024677057235,-3.5422240271409002
1646,0.8973223486866431,-2.913211830105112,5.100430129836742,-3.7964621859211967,-0.012781085885703591,0.7247026233889198,1.4856809975328957,-4.822830688132086,0.3720847772217768,-1.2211457507782466,-0.8942128402202112,5.080423504375414,-0.6915718321032251,2.45819533253761,-0.7731784235986403,-2.731754664512959,2.382580542542758,-0.6442709548660215,0.0128918623252261,-1.070767891170087,-1.4355761323811311,-0.036161575930473866,2.795117707073201,-0.26550396991812164,3.696788755127912,4.713771256665357,-4.013472951508,-0.8530631918550116,-1.7807554263031449,-1.763268442125483
1647,0.683434800692309,-3.742356342742763,1.6395777834358114,-0.12293947418537599,-0.24126401633985806,1.783547249140165,-2.7944730550578036,5.431727249308015,-0.1898543915762243,-2.6162271781207913,0.7842162173025136,-0.6153888418561557,-3.315655861284595,1.8547056083995521,1.5432012929452306,0.302250440753685,-0.9324667777352218,0.5479652969208679,1.2887826811472536,2.979021027630548,-0.10122504520026432,-0.17353969628082933,-0.7079756560235477,-3.2850633112745413,4.1927008326004085,-4.288048878544162,2.0405771866430342,-0.11218012217598794,-3.1330269193266655,1.2999779008050254
1648,-3.0029484347943285,-5.092613339049812,3.5521866699446747,3.492500407935477,-0.8046005116727706,1.8554752076370065,6.079692677975313,-0.06134743040178492,0.6184959819456033,-1.6875887918777686,0.04313270088270027,-4.99238513852449,-2.1414231384738436,-1.9387621904023948,1.501632089865037,-0.8514876901114867,3.0563268912282595,0.37371403789393476,5.014324720828693,-0.684114514492201,1.574573149837839,0.39706620780582824,-2.2414692520599715,-4.060380311921616,-3.786398554804631,2.2551811599458915,-0.2355034156968756,0.801907761304264,-0.353795948215776,1.3186089974687647
1649,0.7077363506238203,3.387929448414617,0.16990665188755472,-5.601526424168853,-0.48134117325220327,1.8172951464952742,-2.483431259067874,3.2945212546455664,0.2855531191490739,-1.421670612045034,-1.2003350255849283,1.5253625229027783,-0.44584203934606137,-1.4342080716077987,-1.4392425284913237,-1.1547961847639954,3.4558925139534296,1.0181963102552416,-1.0091379322028118,2.211790306858582,-2.661617322297202,0.6623301323326523,0.5707329199137607,0.22590189539360495,2.3203671220953623,-2.950692912595393,0.5023726215174378,-0.17154050559612255,-0.5907116508037085,0.890205325384029
1650,0.28795732968637466,3.002427143995888,2.4480744195808732,-5.934368473282575,-0.21970379513083715,0.41561337515044094,-1.2582511872184092,-5.5014380453495875,0.46147671639045473,1.779294854659689,-0.7920358202975564,5.310953481814977,3.744410862895318,3.7642232930536146,-1.8683455730371534,-1.9673460693388325,-2.613667796524723,-1.0592747170487335,-5.486404515758036,0.2071662029988559,2.482255758870913,-1.0926897946188805,0.8929792437588464,2.996693104746896,-2.035396902291783,3.5522849958104956,-0.4401986563657374,0.552107501148555,0.17591365985536278,-1.8047105981552907
1651,-1.801834199417014,-1.1734971267152083,2.0476536445149414,0.9020275894233514,0.8354011149452489,-0.8097510227511915,-6.18371559635289,0.3130472877394581,-0.7182603240653096,3.595364914895409,-1.0217690370447898,4.015332754827654,1.6689293448849831,-0.16138043340914976,-0.8010700532492976,3.0052223388983457,-2.396798186403183,-1.3149030107221797,-4.325654726770409,-2.5333414156995353,0.5957531945703458,0.7401974608337936,-0.13051642128363028,5.653561908348031,-1.3625723398149496,2.383941089581114,-0.1058926696239304,0.8339363086135831,-2.784158729675898,1.0347463409216537
1652,-1.1151162204857368,0.5982594407564292,0.4868203502695678,2.0616696974427846,-0.2444896785077384,-1.7871435894751695,4.19796487155789,-5.9469129900200635,-0.9016946867115774,3.08257760149883,-1.0228831024775236,0.5909483061519651,-3.9715469957765706,1.3411272845455358,3.887758716167511,-3.6449673161062073,0.9011723048905651,1.486456006278658,0.22206022740915898,0.8649418004962683,0.9611401910209381,0.5971343382077166,2.9088606674846638,-5.554137224620156,-4.8834603150343465,-3.406611016354983,1.9142913941679858,1.1445557409743747,2.9815843400557327,2.249639856192804
1653,-2.4101756036799546,0.9493934749246158,-1.4136038120693932,2.308658999615105,-0.0699150534388715,0.635641994648628,2.9932855714382924,-5.214313593120284,-0.8764609386504034,-1.9819980292567099,-0.9928299303133468,6.072316919901983,2.8972920680454557,0.4161858501870057,0.16089682085721435,-2.2264778751676495,-3.6891797012038907,2.44128283728136,0.9186293175634717,2.463761976295462,0.12123012474683392,0.5068207649580527,-0.7575992454777971,-3.2528429380874435,1.694070989758039,4.1165720656297005,0.1346394635237509,0.5985102496256633,-3.1391794582094157,-3.404613310326173
1654,0.17921560527668845,-3.8804366709106155,1.2650834074900636,0.5424778944421256,0.7780403163281182,1.1156194473737635,-2.8080161551653404,1.8358672200275201,0.6458770960816835,-1.6536118002024072,-0.35876773935989625,2.3386513786179677,1.7059728864143224,1.3206573464844418,0.8571112875230824,-3.688390233098181,-1.2726483719017256,1.077297084577566,5.20698381061991,-2.9494302011175293,-0.4582859106690602,0.6450732541926625,0.1297197539931858,-2.574060707020621,-1.5798532619850683,3.3493250139943562,-2.035108497156262,0.7778203028384736,0.41166924219467305,-0.9238527998846227
1655,-0.483848351058743,3.7547464587394934,-0.18831685482463456,-2.357767576738631,0.7633406848186794,-1.488154360936024,3.4945231849246845,0.41571679894996194,-0.08561676251871919,-2.905183518166581,-0.0029429043103306185,-0.9164967988794572,3.487973268061147,0.3020533306650002,0.3088443662121172,0.13447940587007778,-1.2717000879018343,-2.961650282906998,-5.109638235965107,-1.9025203021048434,3.6779229998580796,-0.7415141826819793,2.0920320002548394,1.9837177206375571,-3.078617068608075,2.9542792309642216,5.450395604625516,-0.15107072760560047,-3.4462698813884494,-1.7287171579860434
1656,0.6389828800311701,-3.1575520757241904,-2.2247597075835692,2.0140918658795144,0.9098881765528688,1.8193488608443182,-3.595712540456759,1.7597219067615235,0.18411411544961442,-0.9157384585658477,0.8597122434296223,1.7079027333813812,-2.614662077630687,-2.267208580279652,3.947891157852787,1.2100811559212268,3.0431878150238667,-3.3192894708880374,4.258688409906085,-2.584595420388064,-2.5737918878019403,-0.8048587329678281,1.1482303122327124,0.5563273190175728,-2.20870984643393,2.0560590605007256,0.8328796465445087,-0.8936299139361026,-0.5392191996392057,0.7526202529655635
1657,1.461482012926723,-4.482082583720604,-1.8710296736038252,2.5848012121987836,0.31552093864706565,1.9913080935519627,-3.483912098545943,-0.46662850538690037,-0.5243982069679367,3.475761854500938,-0.41595469478715685,1.4151316511865488,1.3329302117806954,1.9513971304972308,3.0727536080608573,-4.188802099712186,-3.176526122093028,1.0082472714659119,-4.781841099097143,3.381269891254103,0.8175105315640963,0.40100539368359556,-0.27922895394085145,0.46128423653471273,0.3858192774368838,1.1167105185739743,1.4295481818844173,-0.7964749317908035,-3.5934494735429734,1.4578464274400815
1658,2.0349261344799103,-2.4303944814149183,1.685157009171789,-0.4871525337150544,-0.841249329904957,0.03871320138330603,-3.213403695530957,1.5090918823513384,0.857570725510139,0.9907555138031139,-1.2375779850697133,1.0935635589356352,3.93520520290717,3.8820281274837214,-3.0439083278433365,-2.250966593124211,0.746319443996466,-3.2686778534203107,-0.07637292295088116,-0.031207758083986903,-0.4263129761129534,-1.0971775026193624,-1.2724468082949532,2.903517968060637,1.0193763596276462,-0.2560796444365998,2.8673688784719396,0.724563286075913,-3.001198651049439,-1.3540302286878703
1659,2.652397019215858,-2.1859837294331754,-4.603314992320062,3.5342207179223912,0.9913364495923758,-0.38865546497730463,6.15318896917486,0.31042603284583237,-0.7163740845167332,-3.664193675801698,-0.04606504584358628,-2.036982195859114,-0.9876116531627197,3.8469395699555697,-3.018526285730273,1.0049178129250471,-1.8875853089314294,1.0418658649433148,-1.0932800820843909,-0.10916258714174809,-3.52645216073509,0.17167826212184245,0.13171527927227977,4.425501288565602,-2.4424849962250477,2.8961844228011735,0.39931883283266245,0.7918146175951355,-1.2477253307075653,-0.39710754629478195
1660,-2.266652989743905,4.56275746705505,-2.1752587152247784,-0.8197709397356512,0.368142283222868,0.33078289442650544,-1.265090728372531,0.2984268129155545,0.7835473069224426,-3.5985921221851704,-1.236635906163483,5.018344636882741,2.2524303838681696,-0.8832625880443175,-2.496289825300776,-0.9633476864530799,2.1785737389690496,-0.088104023039552,1.2300227413178675,-0.27756453709864637,-1.1726359536686246,-0.06683081330915996,1.9349792345024603,-1.6479706717454263,3.591341566788529,-1.3621332296138213,2.4288211102439625,0.18783879923489089,-2.7803334284785564,-2.0655348181734343
1661,0.04765399154944916,2.3742789155395023,-6.221731127682666,5.062172601262436,0.5354930291730096,-1.7978674098416807,-2.464263129430357,5.494744085676778,-0.17294616965914322,-3.218098401199464,0.3214548126642187,0.03910880194752053,-2.9692364515556537,-3.3955071014452987,3.5812849110022285,1.5167963823821822,-0.06952693344057082,1.3361891930565974,5.490731402727427,-2.8226601246024714,-3.551520170231047,-0.02303162972743067,0.3092559747630155,0.5972245470689614,-3.1182810169068134,-4.374835856008328,4.75395837262014,-0.6661434864359919,3.3290521999629163,0.07624978676963678
1662,3.2221340409175205,-2.2624005684185597,-6.149641153470231,4.7699502482782705,-0.7279387217457987,1.1478961544388184,-2.386205628107323,-1.6899511850145643,0.9637558503654011,-1.1170345328811848,1.0316461291164574,3.1977893665207553,-1.260271553469817,0.15053757969382175,1.6737151609835585,-2.527975224810099,-1.1271832460190616,3.091177283621061,-0.041698974161427316,-0.5825828236005162,-0.7707257701799115,0.595796395196956,0.1490400360570021,0.6501711366863461,4.420932392298031,-1.9115103828016267,-2.4021468166040982,0.05322693624886732,2.6696312956429544,-2.8301334247825203
1663,-2.1799972510270536,5.70003486593037,-4.079042697750001,0.6801364315936738,-0.015343652312622247,-0.10578769643436026,2.520473583753855,-5.81884402844118,0.7241311181754568,3.144694352473479,-0.577918975389176,0.007463949427130245,-3.5055712402221637,-0.6940793717109415,1.4268299280136887,3.769716858114439,-2.288544594417143,1.2916484202216054,2.7768898990915396,3.169034073590879,-1.366162480861929,-0.07759059645418898,0.47443119316361226,-4.976602088531479,3.273244269000948,-1.7894540546150672,-3.486435095824696,0.6160446891197893,0.9747973396705554,0.4118028526500819
1664,3.1250511617132304,-4.880207752500041,4.9127964637635095,-1.537164612357227,0.7925554582121594,-2.413030718831596,-1.1094572003049379,-3.18242761914523,0.883560225244099,1.4828919361959478,-0.9959562047833286,2.9213888627930196,-2.6057204815970554,1.0846480576966009,-2.0038261673388664,0.37403813458249147,1.8276373063278015,1.323223150328488,-2.1838287997261396,3.0961954337280737,2.955816780253283,-0.6961985991551876,-1.0449002979605346,-2.1270845171410535,-4.569449075280348,1.4787745186156052,0.13279606241685116,0.5365450706348822,0.8941370290394097,1.5271963945752027
1665,0.8102349547495553,1.895511626181431,0.5833378567924434,-3.6021206863041293,0.6711200567929483,-0.3580838082122302,2.3494346472012957,-5.073754433893747,1.1556124325656647,2.4423535191507355,-0.9606636930302113,0.08701752800587315,-3.2200884393010263,1.9502908937556604,-0.6534941544024271,3.8405042274602863,-3.2611335703909123,1.3439210428778665,-1.5751031944293068,-1.8877595936682283,-2.9435427508178638,-0.1099295663196802,1.0030660981466415,5.513269007086862,-2.548112930546374,0.3787451731668696,-0.05922604279392729,-0.7246279500626125,1.9665957546318182,0.9866259956058396
1666,1.1620391902053235,-1.547561845096876,-0.8534326669878709,0.22367366550889756,-0.41084426503592697,1.4261259214064541,-6.108603388250756,4.68136815627313,0.3953821696926969,-2.8393226473219553,-0.22914907005475715,4.100324779661257,-2.547155640035852,-1.7510367611072617,-0.46828998970928026,1.913258736793427,0.8300015618621721,2.023222092196228,-6.013485241320328,3.1821135036189467,2.0687008495205284,-0.06255499031471512,-2.2317577909825648,3.0569836694765513,-4.249097411006664,1.0197019706976,-1.7776864797489722,0.23798746026275275,1.296298107533275,3.472796352263636
1667,-1.0088369314013335,5.745172058795571,2.3218429311173807,-5.850491520047498,-0.06305668312700363,-1.1446298553370937,-2.4028312764612174,-2.706708945466378,0.3910488444592639,0.5989706030862063,-0.3066276997692219,4.426148474150988,-2.4614403904680646,-3.196448642156369,-0.6158335061949174,1.286125431276833,1.9471023972563621,3.0404947102855786,5.1719136305389775,2.2654926529915294,-3.9624845850308095,-0.428333218593302,2.169660434761358,-5.216248914669361,-2.644838227496628,4.869379757005191,-2.8441016160182,0.8208359818619488,2.8062588773883235,-3.0075347727390103
1668,-3.1215032732947545,5.435604489846952,-4.406270832250467,2.4808785124441357,-0.638948304593518,0.2502394078476957,-0.5673296457022019,0.3182536150822166,-0.8174002628238108,1.308377100893292,0.2476707601634658,-0.48957156761330367,3.049000057590572,-1.3889905257735613,0.550361210360375,-0.8662759165365514,-3.916534097287009,2.5724392716455995,5.692510404700265,0.1269075736983698,1.3462994430894852,-0.8972609937265119,-2.122922092871157,-4.145534334892069,1.2244614052584808,-1.15463644192452,0.5686506206010371,0.6576901462842129,-2.3869772516675987,1.0908115214499858
1669,2.4015831714222173,1.0857791519384214,-3.492405818205185,2.724420536516295,-0.8405801358431559,-1.8787969058285636,3.724268184406398,-5.6071134512385115,1.0685703460810734,1.8020649371076942,1.093775063366147,-2.0815650797231413,3.1119436468425796,-2.2724346212247575,2.3492311015010756,-0.8501926089584089,-4.079583854355736,1.7410363361946963,-2.5741317039073905,-0.6333205623875813,0.5904172170344992,1.1346583630968219,-2.4243177947870826,3.906694480949117,0.8668593689886812,-0.31277807926523593,-3.0550075872833276,0.6877078563686139,0.12502735195803538,1.6881910892348557
1670,-2.320540880527414,4.756888593486572,-4.060857148619377,4.409221459267499,-0.6754526604905036,-2.109259363116778,-5.07303070726314,3.2165840766157707,1.1208471899618626,-2.808596481952332,0.8585651555009628,2.6856307671365514,-1.3018584106936792,-1.3699328340886954,2.9143672450890286,-1.0682749475074367,3.667260276245326,-2.8415613290450885,-5.8890508458946975,2.2859095098962,2.5596758760843663,0.4967387639436964,-0.17690698149767492,0.7236336774664949,1.2381641638985137,-2.054749336997098,0.37588955285281855,-0.18721484563499136,-0.8050593562255681,1.4329698221079532
1671,-2.1381581223922694,-0.16672979405542776,3.1074313127213493,-0.054976204847495325,-0.6151151044994487,-0.13245208692674204,-5.294994501237088,4.8154665024586265,0.07452202705153699,-0.20331967697662812,0.29679563603230097,0.3115300126709357,3.34135766739783,-3.4186276607953996,-0.28156249989736537,3.135774105498651,-0.800320304203197,-1.976621308001052,-2.4535640205306457,-0.10867568500772329,3.538420519472627,-0.005768047602602522,0.7114026001813851,-1.681815366514659,1.0184204060664044,-4.1715905662459765,0.8299570405514061,0.8884359563870934,-0.036119209286987086,1.4708963725296798
1672,1.2133509661140387,-2.482322162097752,-0.2725376441234886,1.1189215085477997,-0.9114646187351823,1.3340519502945636,-0.2333452323679559,-0.6376764429666437,0.8040253706977776,1.9636665434292482,-0.21790152090542847,-1.6787687178873298,1.3569711342585933,-2.711874826560523,-1.8830618034856776,3.4397716181822986,1.5875398858531113,-1.7893460082483728,-1.9710654926692186,1.6842306257387563,-1.5483155983975507,-0.5208283804296281,2.154767683171583,0.20121116258439642,-0.9824430375540274,-1.218732962781516,4.14321586848747,0.47228355330651617,-3.577785148949891,1.1634617274930577
1673,1.5258419803189511,-2.693986113138564,-5.623237922417356,4.498294310438265,0.871295497277536,1.4217922475211395,1.5978155394327196,5.449291632612365,0.10747929722491989,-1.169827059346268,-0.4446391461298713,-5.540120263794197,-3.397221788310162,3.8341206860729002,-3.0137804983047793,3.72163249549709,-4.048197159657489,2.90344626470187,-5.25842001862884,1.7992342082576211,-0.1270924154110169,-0.9212363393963434,1.0210446224875547,3.4864699426893537,3.4631742384933375,-2.2151159818175046,-1.0945405675923396,-0.5026770681946919,3.355575834137049,-3.006416455024265
1674,-2.726310701476491,-2.8995199987107796,5.943391514459968,-2.8154086912771277,0.5700991079417723,1.927748769062644,1.6966382669223137,1.2669595040292378,-1.117854405327678,-1.305373046498909,0.1023634522754131,-0.6427337714007315,2.111756243282919,-0.6735487632168073,-2.2911915347945833,1.757801025886188,1.495474782561537,-2.400291753719795,-2.722704567546085,1.3162947366364417,1.5546146719776779,0.6204833169983814,-0.08165517586498439,-0.6870329822030854,0.3438645478584377,-1.9460924480071142,0.04375030867948482,0.2109905647159689,3.5484155629825587,-2.200928536227769
1675,-0.6477234507469394,-2.883223083658688,1.5994674320126485,-0.9014504864917221,0.6503121161174619,2.1826174727672214,-2.85388284412241,0.877515766551717,0.7537214598415822,1.815034410023653,0.7652845680786644,-1.3576733603735676,0.29538701479705054,0.7152856820132527,-1.282101615410479,-3.677721560839945,0.41536458145570876,3.533785897983897,-2.4075492756783987,3.248846335523492,-1.0607861347321812,-0.8561230312378401,-1.5547661546531621,2.6303782607764603,-2.059994201938146,0.5432536140524995,-5.094549532006127,1.1234397485655165,3.252282941201628,2.235567430126167
1676,3.5987666836605925,-2.7668006536821643,-1.8049917743611275,2.421950073747759,-0.8673528438359905,-0.5815714855290803,0.767379712164967,5.347339233939408,-0.8986681338249403,0.9645816545943102,-0.0005727230233931735,-6.180059743850716,3.324984483502181,-2.7943229173422104,2.058746932889626,-1.4346289069402296,1.5196557775365704,-2.6744353696464493,-3.4039651295704196,-1.5411881175844542,3.2439854480340387,1.0204634473798473,1.3972507945196142,-0.7165464427802668,1.30296354792614,0.49291575177357316,-5.138793999259377,-0.2715132911110345,2.264710716861746,1.3497172738104588
1677,3.0615142500185435,-2.6962778911801557,3.60518340533962,-5.8302523207104,-0.4077550216588308,2.267587578191245,-2.2164487616620363,0.23643731447640448,-0.20004308349578892,-3.3929871351312144,1.1531773798368503,4.419864285975418,3.6010303222944557,-1.43062394831529,-4.222870814426704,1.0859318164166503,2.1417716791958874,-1.1752390551654948,1.0838580612151425,-2.1230315269024214,0.6308490057113652,-0.9006395373087122,0.07214765146710356,1.2368163458158996,-3.8842715071632057,1.979364431450879,4.932937162120474,-0.16692971637536136,-1.1636311268340993,-1.6974692431972045
1678,0.33315689670121174,-2.169704106712114,5.8846204891472205,-5.577974402640205,-0.9571089157876411,2.487010039291553,-3.416695966537162,4.311521654694335,-0.9654790434931941,-2.252957944830376,0.14347610687831658,2.180135193287711,-3.900183948067024,2.0371533318346273,1.522508323506674,3.7019392133454936,-2.7735735699171205,-0.587843350703114,1.0256188785610654,-3.4962518838281635,3.204927646416987,0.390953733987617,-2.4154358155105733,1.290187440371458,-3.47231239073011,3.2137082537478463,2.8920674184936495,-0.6597841974237895,1.4732650845834598,-3.4469441686696083
1679,1.5275551340339888,2.3689914526317324,-0.9301251950153144,-4.501593363628132,0.1646229628405078,1.3705490091372567,-0.662141206344991,3.3661762794360257,-0.014843665722680477,1.4478914804566507,-0.2277079800631734,-3.9093749077622135,-3.661589667994347,-3.490803844068516,-1.5335071987121598,3.0951727010071437,1.9509256729278768,3.6398023368395584,-3.166903348801835,2.3913492519910875,1.1745803529699508,0.19647627537147905,-0.3506775011883434,-0.24482503034394298,-3.890433527496512,2.2797170351412817,1.7393418611267677,-1.1830456432456748,2.79134379326797,-1.7369235187923806
1680,-0.1365385519751392,3.2903074430024404,-1.6359826983595553,1.207026726278034,-0.3169087389337404,-2.407904180012041,1.1350032597464583,-0.11713684110662115,-0.27333119852553445,0.4194525749886644,-0.35322663437162394,-0.8107611607316976,-3.3736474689749265,-2.730066571444219,-0.6436697145338037,0.7874934431725116,2.457798223996299,3.5020920877837227,-4.59702738884317,1.3434541231963664,-3.3840478736773694,0.6700881085199235,1.1346984089849919,4.832834621817668,4.475201499592671,0.5747770590505432,-4.8636937185208176,-0.7333007503364737,-3.1971949433245754,3.744210853540107
1681,-1.8956859557396353,2.201727622175941,2.8133988873099653,-0.8558565792646249,-0.07472938421099595,-2.188854590270652,-2.5823290028622736,5.458957054424477,-1.1971274813063237,-1.697122777108195,-1.022381172419934,1.0400033792718872,-1.1389202547943338,-0.12521920005000808,0.7130747389469683,-0.17920761003429675,-2.3304646832631715,3.0607370091944084,-5.0783067130497415,0.5733387172309765,-0.49505024984350143,-0.4275498940517357,1.464992283953844,3.9625758557585478,2.9348103346145713,1.6750395607695552,-4.597887037395886,-1.1024459577217418,-1.5646046383271077,2.6550877380620683
1682,-0.8182319100596231,-3.017527377511392,-3.762851813637244,5.436867661733306,-0.262262029520709,2.4240054689956345,3.110554168629637,-5.820032843956845,-0.308395938301012,-0.18761025498735684,1.0908788385432446,2.114606030071961,-1.8328631970990497,3.283108350552535,-3.736010882767026,1.6257630029868047,3.5610884371767746,-2.9010857108504933,-1.8232707024830397,1.5584738910010856,0.1765090632702524,0.18806686118341176,-0.9789823413829026,0.8792032284095725,3.1007597180806634,-3.735432577318562,-4.177209869921331,0.5087154448096554,1.914202153570507,2.388965130780491
1683,1.3161031303228299,-4.146946741222372,-1.75673729059028,5.826847918492149,0.30284200691175256,-1.542109023914108,-1.383720812459078,-4.691341762183253,0.8955868737323112,1.8934992150381547,0.3811312135258884,2.9048452723456073,-0.8542627962101008,1.5270677334524159,-3.198592790055258,-1.2578042232769349,0.7996967748328743,2.983895301256563,2.0184472121449595,2.1011656402460623,3.1181632953099765,-0.6466881187814293,-2.47213992297414,-4.118948105947041,-4.6007866421521,-1.785163119859405,2.576440350922514,0.45413876747659376,3.4272798034097427,-0.07190915979587764
1684,-3.2134481205683123,5.293210588147836,-0.7173653649452199,-4.658608175921582,0.9713641348723345,2.324846938414918,-3.063869372381088,6.00799772512514,0.26922317860496037,-2.018382575048536,0.8114133400935684,-2.006382296394399,0.30427284438659186,-1.4110446979588538,-3.946189205910496,3.5449708865512335,0.7592159194246655,0.7487742535064204,-5.66505798860414,1.6673455521455622,-1.558087856961608,-0.9519193018420058,2.7757676359226053,3.7319519593379944,0.9524373778567217,2.7002137931991257,-4.106202164413784,-0.6207900190204905,-1.1541220190034363,2.2284630313833347
1685,2.810381635952904,-2.1631949608262957,3.8973842839141355,-4.529661567330933,-0.41956755853799144,0.404658166828181,-0.19956682949212023,2.160591191658707,-0.6005214489792481,1.1152165408875874,0.4058548181937516,-2.8815742722690487,-2.7812845660311662,2.7931820387176103,3.2993776546564,-4.073710064750053,2.39482966713166,-1.6323947297248385,1.2090761896919417,2.626331131326186,-2.7599683424670918,-0.019075292598804694,-2.9403555426370502,1.8839918566832097,-3.3825840299419525,-1.6281781030459932,4.782846451726982,-0.028729495426157214,-1.2516276287192039,1.5082728054077954
1686,1.9427422795940892,3.7819564931747536,-0.7621710086083091,-2.282767620394498,-0.21228893717609498,-2.467471206589944,5.757171300997211,-5.11600658868808,1.0973298543077945,2.4648525811436492,0.6204981514279861,-4.823845299188903,0.22647272143635533,-3.836007935478113,0.3411842066469326,1.4447594417465588,0.6224302065349434,1.2011613591129198,0.7415718327971277,2.8350187417302735,2.629908263850286,0.02877546212818327,0.28241741368731255,-6.517691714194822,-2.912473512711493,-2.544256208346141,4.863083935113167,-0.87460936052398,-0.8747028530297758,2.3429579994996956
1687,0.6838395803434345,3.101656656990045,-1.1723657794444584,-0.0002793787005614945,-0.5862402972832923,-2.026610781905185,-3.1268403668987084,-0.04009911678091882,-0.9123473078346747,1.6952948711768556,-1.0021678622425392,3.3861597825796395,-0.15659161841478308,1.7331685515627235,0.38119326613774973,-1.9864353965258985,-2.5808649079250205,2.609530105164847,3.1558369220271416,2.636245427895471,0.46569692844865074,-0.7138042722618891,-0.2745820546463147,-5.269392951464674,-3.127640269283816,-0.6858125168842548,5.009908928743236,-0.42808357441981215,2.7352119265985095,-3.5035844947523778
1688,-2.7171384439754966,-1.7548833956873118,0.7859105762029444,2.5078891135525083,0.24221599861948073,0.9360061512878382,-2.1322359706515996,-2.999226653802115,-1.0819609207510785,0.7895066567423239,-0.7721787571243883,6.196095645586514,3.662558984751822,-3.8134759360954806,-2.426902953112956,3.3609905849364488,-3.7284546896091193,2.9452840091288905,-2.7366805467900264,1.7798674140864392,-0.05873521260728687,-0.9205944048174999,-2.815852139285443,4.751994889412206,0.021349265773753956,-1.9733273729580638,4.157168325586198,0.5153155265276403,-3.3109060862358817,0.5904003413078325
1689,-0.6320039266730273,-4.104926747450904,2.3827565688716987,4.094090783636297,0.7029874912390697,-2.442904169623098,3.986732638821014,5.0970221292850475,-0.16034159068067133,-2.473829787352111,-0.4810790919653387,-5.9685042981082574,0.8225564424283149,1.4409744661627748,1.036145090109681,1.1232831348705687,-1.674912936223329,-2.7480461973483834,-3.448251865084419,0.5815129019468532,-0.319651832197426,1.1700769043036914,1.797591680822828,0.21872221020680982,2.0483748915525446,-0.20494602361368663,-3.616955215499086,-0.42929329185942144,2.4987539938775782,-0.2959343544564117
1690,-2.019277663925905,-4.787106719664312,2.1522171775763006,1.808551768809398,0.3784027281732296,2.467212709031296,-0.7089792128916415,0.10931499365375075,0.4759889144750886,-2.2294840080504112,0.04077165697977314,2.3123876558331524,-3.10414930936199,3.2260924787509353,-1.810523538460476,2.749908780792474,-3.3437697216895756,2.28244130996827,3.9742667427384717,0.6854437969651936,0.28842273065870927,-0.6401472656346066,-1.8237692242078865,-2.4842167805215887,-0.23672701193440915,-1.7748690645515168,0.46134589281025384,-0.10435174458413954,-0.4912896277689125,2.14589155603025
1691,1.5951904137914106,-0.20945198221415495,2.1904423930504713,-4.370940830695183,-0.4248160478061953,1.219576053873629,0.6674970245676946,-2.0018197497984076,-0.3895410314190437,-1.3537651831258621,0.5746029139219866,2.5030260258533694,-3.069018136080272,1.9607826565756596,-0.6677779349841053,3.9869418940849606,-2.42105384944602,0.21012536984944497,-0.7159885620287589,0.7863561028141337,2.5691697744122592,-0.9707579535090547,-0.4535308178171018,-1.2152485438731837,-0.03198206460223574,-4.567354456979848,1.2956407141901778,0.621928631412362,0.49918187479978116,2.1825853011812697
1692,-0.7634180630130203,0.3214097407882157,-4.463434977949987,4.738793704948012,-0.9249554185025359,1.0916050137292945,1.731203411623948,2.3990363976332283,1.212613868568564,-1.3862403843063458,-0.5482451666522667,-3.4083681268674155,-1.5496337299597567,2.366508393302272,-1.5293782356165249,-2.142177331690702,3.8420613493175004,-0.9873804453530912,1.840387844340107,-1.1650547029832872,-0.7486126437980172,-0.6911787282718178,2.1682647528854897,-1.4038065221741753,2.183239390865541,-1.9045360957053816,-4.026643035679946,-0.0006211127841462272,0.11491390537836033,3.6336469479270583
1693,3.277315117950181,-3.647635532250419,0.03435416283053527,-0.5041485908369694,0.7372594923759532,0.10285534993074918,-1.057343183518622,4.580619750154511,-1.1502371821641169,1.2527767337437012,-0.3289265541415256,-3.296889564074231,1.9130619168269263,-1.9363778141305712,1.3194811372923105,3.637191703839431,-1.504259544487498,-3.4290973993408933,5.7255530153939205,0.22604756143844362,-0.19766701824969424,-0.5674339838001856,-3.1067364335448975,-2.0797631412392654,4.840732215381145,-1.8894459741052536,-3.5617821194560797,0.40650151790077427,-2.9037442658732626,3.1077386261541804
1694,2.2916300236711926,-1.1067738574427146,-1.1393146209737637,1.1638337148306093,0.3749787213657223,-1.5843539814510201,4.774306039255272,-3.934348530861481,-0.6499477076956373,-2.42785817592163,-0.627702365422194,2.8655507406453964,-2.047279356408783,3.098622121523281,-3.0641836440838777,-3.571013240269828,3.232839607759722,2.3510145114791996,5.475134014612994,-2.746679870281797,-2.5381326834209244,-1.125608105687192,-3.2066110378066988,4.141897682581934,-0.9951010502381834,-2.7223645224196957,5.425913360004156,1.0411072980561,-2.806811002218616,0.05725591681773423
1695,-2.85757465016113,3.367497286655375,-2.8100498862531325,5.051022965055196,-0.42932419498319074,-2.3215715203130785,5.603282262350213,-4.667096506045475,-1.1931011786649344,-2.8177121249966888,-0.9404892993333931,4.015116846689967,3.2906565557111023,-0.07819956870029188,0.07638158652965643,1.1689369740381181,-2.2141906819425685,-2.243584865636336,-0.34581062761844805,-0.3056122913665469,-1.4866227907110048,-0.6490744931601871,2.5799797230475647,0.20714047980690964,-2.1594149514474275,0.971431153033226,1.2845255549840466,-0.7234830141633593,3.26098170389297,-2.6340404462979023
1696,0.17306756957407998,-0.1741099340902572,-1.7950892094148188,3.4721277850346226,0.40067276709035093,-2.076668978193938,2.5886428840803397,-5.6229841698101595,0.3864261158729443,0.4334424978061744,-0.5017243950145831,2.716197067064954,-1.4382099526878243,-0.7173759810687805,2.4082655112394633,-2.2655646004699648,-1.2402348166753274,3.2531198396620837,0.9308860374719714,-0.12361367109003751,3.650348289461924,-0.7927849346532367,-1.6781027302968763,-1.9867329908954794,2.5041524813450735,0.38712740477222596,1.3219122694163623,0.18384883773882432,-3.5889022016381755,-0.8081387916327571
1697,-1.6791120378212518,5.365469650129821,2.6042427306063836,-4.146148341651049,0.23630124730636348,-2.3807532485702314,-1.4547322618556784,-2.8515289250623006,-0.9745542358622767,1.978781405698701,0.682795429197383,2.6192385878838103,2.799270220429875,1.4900942292801282,0.2063130955476744,-4.1969776260062055,1.9512259417134032,-2.2499258609652006,-1.8857176956385686,2.1416441044627454,1.4827057028664044,-1.0318179921449717,0.9741458686659872,-1.68095998821331,0.8771587060028381,1.8372836907530328,-5.81429064268897,-0.7882846159874726,1.9172287755223216,1.970904086399834
1698,-0.2626306529149769,-1.7824612007126177,5.629048627607183,-2.1067491064434236,0.3693646628897911,-1.8465723304259303,-4.563903442222287,0.13564368408984961,-1.0183199414117334,0.6467338723940976,0.8287596642979338,3.971086162851794,-0.7365799468237029,1.6464601776677092,-2.8243896585319614,-3.529846181700359,3.9464428992264438,1.4979127101615362,-3.2422323238662507,-1.966280798086137,3.6197000243319017,0.27294244910422005,0.5099156673029519,0.8059549812116558,-1.1257278786068206,3.5865479132176823,-2.7477165433282593,1.2063588971117314,0.7954753374356258,-1.7149377258283636
1699,2.8808193520179195,2.5167715555239702,0.99911443721534,-4.579525265759234,0.2297536229336412,-2.0469337019316116,-1.4307810919624586,4.285070802368743,0.3895951408381917,0.10668178792849048,0.0805674619496477,-3.4311341011229466,-1.988283491886003,3.4012934619670894,-4.101113133918886,1.7910192247575516,-2.0457618539101325,2.9428457929900276,4.591921760944846,-2.340252135565825,2.2371128077817524,-1.0514133992038364,2.2440608349231557,-5.6814298688817715,-2.8647757299796304,2.931923116334019,-2.954240334257573,0.6409616158921372,-1.025075676752964,3.271207008765611
1700,-0.3096725732940726,2.54809014287893,-2.484679374678901,1.6847630128215805,0.967196433485614,-2.4056976412131137,-1.0002685598042298,-1.2110521423854124,-1.1887918321205504,-2.926003304649715,1.1092139880621312,5.2169018508974325,3.9484477959344346,-1.844748117445718,2.6514575264830604,-3.1461576026503746,1.451521530090936,-3.0605211324127115,-4.691837839616596,2.5054307501465196,0.13086166502113983,0.9517221556483824,-1.629371320965781,2.73319458976464,2.1605074711384162,3.8874125515412175,-5.125132715505082,0.8925429740727013,-0.4506951029027384,-1.364635178342951
1701,-1.8081876058717317,-0.4258976485996371,3.9005887861412987,-1.8679141707847755,0.6533190910735511,-0.45190845195866913,-0.13485844211732356,2.433040088743578,1.1651994646075012,-2.304354311570453,-0.7258034829209432,-0.43322331674267645,3.3669387646020006,3.1079858395823017,-3.7689594065458856,1.8752495905043212,-3.0316511198874085,-1.5495636682556757,-3.547200610940461,-1.816885964913567,3.428456793702047,-0.4935851401301514,2.7346814860215147,-0.30546656374106007,-4.232646519094008,2.6597136950657863,0.9682799513065063,-1.176633563627711,-1.2577264238562265,3.0390128602072437
1702,-1.4035670876999014,-4.432494475458434,-0.8916033968666746,3.5433874802171097,0.8376875964017665,2.346589883406189,-1.688816371323064,0.34869141862572306,0.8531483042897676,1.432876049726115,-0.9784277368420389,0.032528335523181795,2.190615223800087,0.18992970532557152,0.015135399516957193,-0.49825885946327375,-2.6376589918230877,0.7402375226434277,5.740440894081267,-0.37536187422920975,-1.4471649839006027,-0.3426771232228809,-0.8833387186452288,-2.691898194085038,-4.245653961228761,2.9697863497420656,-0.411487091021975,0.6507453189998271,1.0048410556435279,0.031768327866899426
1703,-2.023244592208931,-4.217218056937817,0.3223846596619069,3.7935952661902945,-0.13443119139470538,2.258913914689323,-3.3215504182635414,2.8252757323395628,-0.04331144111276952,1.3275637933297482,-0.5169566869002855,-0.2710209793930467,-0.8506965961138526,2.68198607370984,0.7433961039483528,0.9525125735063291,-0.7048494213325043,-2.8223487337184867,-3.872165329791997,-1.1031632894655772,-0.05202016462445869,1.1262416123465702,0.1891031581423519,3.712004013391436,-2.6547019106115997,1.4025029922771743,3.17547900508006,-1.0837753089126436,-1.1773778562445916,0.33787307841317826
1704,3.283955418144334,2.240150137510277,-1.988084666733318,-2.0427359420591387,0.7873538812795138,-2.280638828141594,-0.8898903783267151,5.030205481826414,0.7755765150561533,-0.3772673757237097,0.8038323423892964,-5.342456585221754,-2.392478256678613,3.7801279502141085,-1.9507455079439442,1.5250407832191044,0.281244477814969,-1.243189446625923,-1.3585699846844506,-1.571791112111173,1.9183340436231404,-0.8759081100778943,-1.4221909382289546,3.3101261014776924,-1.7921186272137,3.608059374035836,-5.208161082627985,0.9999477869326601,3.322802461058707,-0.9305299121839283
1705,-2.081831590567141,0.394941286018053,4.659359811435259,-2.6308976254746064,-0.21527225115763726,-0.12629963025383262,-3.2256246796576598,3.320305345649839,-0.0016375845563274538,-2.8158600491849892,-1.0222520602389316,3.7450690279877605,-1.9035120945355697,1.0385104820314943,0.43100094916331244,1.628371363520536,1.567645704264045,-2.762016404444106,3.1220564155036286,-0.9956060605582113,-0.43988736351605695,1.167366480338286,0.6780177739186843,-3.5319472456879772,-0.0880297523514102,2.8901550178370847,-4.5893865865021155,0.48872743119639583,2.8734071994289216,-1.5748733096072982
1706,1.133173984012565,2.4044272930104853,0.6887626432198175,-3.3956754586712314,-0.806802146462958,-0.02388631510861927,-4.4086819618048345,1.1213131438950867,-0.8787425065002363,2.0090032735278953,-0.9359149535529108,3.0930230044346914,-3.7419452212238475,2.932776804878987,-3.429376644724213,3.5187536018848604,-0.33085336769951823,1.0506448268834347,-1.4569900366898914,0.4119711968261264,-3.604392122660917,-0.7470940865518791,3.1131531296272428,2.2833519194477248,-0.048624482905005095,1.9071276364061376,1.3477987002348257,-0.45030419301464164,-2.3843280126691955,-0.3716696480505153
1707,-1.7264285961893666,0.09588139720458955,-4.3952606705605,5.6725178998479215,-0.19118046280636825,0.5444704325037915,2.6500241254028722,3.4623511462543064,0.33540635116350437,-1.5786861965641261,0.6557627886322068,-5.524858214889093,-3.7639998072831773,3.647608991440208,4.199672556130565,-2.721217436805306,-0.11313277630550189,-1.2489315271770938,1.2101856857340394,-0.8189462095371223,-1.2337790082381606,1.0074644497672356,-2.184033258973045,2.0191083412454773,0.2443377204342596,4.05062338689417,-0.9360044651869366,-0.29518552151446986,0.2598397954467053,-3.323610916072113
1708,-1.1006785547077254,4.572484311269488,1.5453795758510722,-2.469910621414016,-0.9339154560517604,-1.6133592549469462,-4.715665376206033,-1.9358324847342452,0.3049468886361888,2.4276454492095425,-0.7996204510771516,4.718525974171371,-0.9454490435078853,0.8745496609205574,3.7722646234806234,-4.109766187911465,-0.9199324145583176,1.3283333615761528,0.10541144608925279,1.2069417268186786,-3.3632224617502366,-0.46741268780565015,-3.096447316296281,5.61472929294267,-0.5277323519771571,3.04836098124208,-3.1492494879830275,-1.0256089943001907,0.4986617847027812,1.155568068317109
1709,0.7662193438466911,1.8507933639622962,-2.4158952705347048,-3.253753514722927,0.5559142681937144,2.4967218092550194,2.7300978098924205,-0.7757160449260567,0.8606532614818665,-1.5642812066211604,0.8821345271255536,-2.132888346952946,-3.0447880811552306,2.3512756789297207,-1.4127305359766016,1.6724780441658105,-1.1555935304582405,1.5893584244942467,5.349076211975909,-2.067341895178135,3.4598849941714462,0.6574690973702797,-1.4050077235867704,-5.994080684754302,-1.431874381455966,1.8420565373292312,-0.8549875180068511,0.14130236776437233,-3.0814943441298173,3.3849973385006358
1710,2.3116656115395173,-5.456049304360487,-3.819531992573623,5.597731498110743,-0.5227177790232103,1.888901966307163,3.1822878301252118,-1.9942348286486116,1.1026656898437839,-3.2570809669812206,0.49459035358529135,0.4717719220752201,-3.3838049805743697,-2.0783004690103173,0.7065975517513579,0.5021979050969954,3.103367828260044,1.1499421644759913,-5.280919616792964,2.225510206410906,3.5445893950545297,0.17333090912997484,0.5043528554530319,-1.166863749257022,-4.069573480585589,3.9418356844344444,0.18797666421019343,-0.8520313031168989,3.2725304591480366,-2.4807380240886143
1711,3.137722579364553,-4.842718682088812,3.029432778698208,-4.204907719814944,0.7852084308869482,2.095262612954171,2.1235879572432204,3.0063226575586164,-0.9119713567064105,-1.9528592829377622,0.8420406552969206,-3.107120630454908,-1.9284422676367168,3.757921937355917,-2.1247881024147723,0.2526295041552373,-0.06801918961459563,0.1106981181546356,0.8347339799221771,1.2775960491436287,-1.9102472140259597,-0.3247884048735381,-2.4227884502168138,2.545494040048979,-4.217624534104543,-0.03696473500485098,3.8092142699790514,-0.9522849628574965,-0.12923377421272342,1.5268937362021298
1712,-0.8060427030588304,-1.3820770702688208,4.562839970894416,-2.816010418390743,-0.5246336113633874,0.9659238321874763,0.7526533563890432,3.57417536239128,0.5779336905735395,-0.18459983290124526,-0.9152076360280121,-3.8049549404249134,2.7988187514025675,-0.023958717900104176,-0.07686230886080381,-0.09014302172601418,-2.871184387699522,0.2633296847835638,2.692741223561171,-0.24327611018856743,0.6905632213516313,1.23982257375431,-2.1693525439205086,-2.2104983645595446,2.3450915256821254,2.365694522964894,-4.545454152531278,-0.343012463442502,-0.2066679461074017,0.3843485134357483
1713,0.16494768939854332,2.901481659422849,-5.976614224153241,1.6276639652368772,-0.35406177172164965,1.6365826818167353,0.8512596027599777,3.078703318414618,-1.1997589447736035,1.291538970712427,-0.5464517519139571,-3.475291195199773,0.8807572789929168,-0.1826554391933115,-2.7655858727395213,1.06437134745115,2.3079299284989574,-1.3048172430104987,-0.6674423138311418,1.869738715146763,-2.2225674358526017,0.5897161372780486,-0.1122771364219286,0.5428320336793604,4.866757470711679,1.7584675307184305,-1.2938380421953788,-0.6803297788522933,-1.8506137702929095,-2.800443410087924
1714,-0.15814391147679885,3.360601613885912,0.5559707714848443,-5.099033658594514,-0.18842469337090373,1.5290298780715617,-0.6376500016099023,-0.9706280230712565,0.42725027140946814,2.0320933962227237,0.6473360186848378,-1.4984016616361906,2.0165573191493245,0.6582630020878497,-0.3213490303692801,-2.1120476758536793,-2.7330886131545764,2.4916649981401022,-4.651485994338145,-0.008353394754479382,2.839260712371093,0.7456502794574549,-3.03626948155682,4.1111978788193895,-1.5014743380785802,-1.5620888828768038,3.2489137729321484,1.1870151453145086,-3.5162469588715997,2.1438812615819245
1715,2.137841897665915,-1.8884897972657413,-4.579177481952108,2.0668860125662363,-0.015164977026932869,2.278104346012743,2.2952332776336704,-4.881314913027786,0.9463053279122278,3.25081365344753,0.08806954854964211,-1.699106894515598,-3.270102682088572,3.503123789270095,-0.008964126877554435,2.6095857446667665,-0.26618174419900953,-2.5674609807719957,3.6463120257445603,-2.9429598017778975,1.3506370993804424,-0.21550429907368596,2.9731813707195958,-4.811666394994514,-2.917743808645106,2.0098851855525623,3.272037385380365,0.8222996864870256,-1.316309273572017,-1.8701691752012355
1716,3.1257331300412226,-4.982244215295278,0.5059488498504834,0.8308633152147991,-0.8972669760569101,1.4169658962458254,-2.017302816556043,-3.616041687883275,0.8181391818187933,3.4686379171455215,0.49405841056680266,0.8525089949078968,-0.572955072100779,-0.6316171241449204,1.979327864213797,1.7187157075846287,-3.5355848715941374,1.0421134960411393,-1.1539265221910036,0.5220913376027454,2.6849799470316533,-0.20232724416271974,-0.34328900378464056,-1.5075285144975226,1.5422461085629031,-3.1974529123138744,3.165222873775214,-1.088386949576853,2.9347399095520323,-3.3563690299978184
1717,-0.25660231557305124,-0.5769551157578796,1.9707510620225577,-1.6196878319035903,-0.5514576383924674,1.0339518396045886,-4.464506755035369,5.172119904520958,-0.7250223142529277,3.223541478120051,-0.2030339619271544,-3.0030983514258693,-0.5886200252837703,-2.4821218820881406,1.380435455332087,2.1285231249504903,-2.717332594410033,2.2791159214991126,-3.353458509040429,1.761407249139582,1.2354773693550172,0.7024945905465012,0.514715923207655,-0.8606366232098246,-4.37209215984719,4.709730296269484,1.662134910733446,1.0760565059852727,0.3620405908275668,-3.437870143966988
1718,0.6742402249147013,-5.032777311490225,3.6504780130598107,-0.24487900001891205,0.8959426923287657,0.056995381206018436,-5.001208552848794,3.9239054493551784,0.2948509820454053,0.35016466987799255,1.2384820189354349,-0.8061945673655408,-2.9112664606928558,1.2891195677783251,4.099733506131862,1.6411520850562162,-4.102043357500159,-0.016695340773630107,6.121608656222957,-2.058656581900131,1.8821280683588206,-0.5187125361788798,-2.794001535614953,-2.632366070889354,0.7014882480753357,0.9725897566004562,-3.8703156508835974,0.33940095034184026,1.4220523251588304,0.4347843707087371
1719,1.6264684224284096,-4.576020859165411,-0.835151365744693,3.2389492956060018,0.8317964876398456,-0.2860419807639989,-5.255652232305586,-1.2588778357408508,1.1961892770328397,1.79032716702811,-0.27668734497571723,3.8047009689608693,1.672078907408995,-0.11460599521833004,0.35689655324909353,-3.985693550357439,2.812286514897714,-0.7409624299803195,-4.768619444534924,-0.5893915022699154,-0.03664986082228339,-0.00388564175884909,1.6728487557537939,3.7256976936306074,-4.75602154296257,0.2306531152632303,3.5021696900452035,-0.42832241940110727,3.550992882210924,-2.099471725154075
1720,1.5451005637949358,1.9917023240523406,1.7136107003630379,-4.098149094246512,-0.43999172215423177,-0.7122727718093724,-4.0039610155981435,2.9464571062879372,-1.151734688865862,2.8204247788433285,0.07233489247121838,-0.6835210731388237,4.059153953537994,2.542021742705103,-4.1545521409027515,-1.5544925020264664,-1.5151349563545065,0.6230039030403542,2.4240276233987643,-1.2274151184609945,1.1229109009727374,-0.21962625876531483,2.4020972687444395,-4.501994415891204,-1.9144776588663248,-3.938284009928889,5.489796380833603,-0.04121889515069466,-2.65360841969869,3.0577926028125546
1721,3.7493408271427064,-4.693683354430242,4.225840717096691,-2.6464007385565154,0.15417821910340868,-0.7892756703558401,-6.232541289761375,-1.069255958839296,0.9914664899180874,0.2779619799951121,0.45342929838299817,5.578939480304143,-2.2901795453974554,-1.2148193974472008,2.1141685996374093,-0.06289455576003888,3.459584964576777,-2.005860065609749,-4.824287264798063,2.158183978673577,-0.12174592006101292,0.9099155606043023,3.026935913208085,-1.1490022676284362,-3.9990848986648047,-1.8116382310628083,3.4623816812904202,1.1392259263138094,-0.9233342946175771,2.1324498167424792
1722,-1.1240417442645043,2.7628832253197153,0.21547009303059284,-1.244463357791524,-0.24042335790619918,-0.36942485838783234,-0.28163067282737586,-3.8639193235406353,-0.26521767210557634,-1.5243729070402452,1.1318489276305677,4.8032916478829115,1.3308104986954667,-2.5203673110399496,-0.8536601243120643,-0.0994405429393197,2.7315350046729883,-0.5888775250773737,-1.0664423621183232,-1.4907585872209026,3.2649304919864726,1.11504931888844,2.99351191207392,-4.816290773611122,-1.8546138870366136,3.7150783668093688,-6.070218224687871,0.5063343767586383,2.586773008292205,1.1166463598658005
1723,-3.073956440127164,-0.3975074586627869,-0.2912082245474501,2.1602718594360333,-0.06112857413575812,1.6635288380373883,4.552068261557807,1.9564569235267335,1.0716475190509254,-3.484531783797646,0.363373488575677,-4.459014408913866,-2.7773699659089335,-3.076772001169795,-0.16510164906148717,3.379559155574814,-0.5721497858432478,3.211834246408383,3.722410934937489,0.8633512754837103,1.8212946411444548,-0.3805134668899903,-1.336273298006617,-4.69027008667058,4.915616568615238,-1.8130741702754491,-0.9330312404733334,-0.034669869528438646,-2.809578610598189,0.6747373222616702
1724,-3.0465461169701396,-4.625742739096946,2.0165365398290263,4.958138694775897,0.4841874905983996,0.2134261308639811,-0.3860365172308349,0.640523761783875,-0.0791227934745784,-0.848526915020436,0.8341938975386709,-0.16103143359705996,2.076598041439972,0.7045524054376848,1.8166633193896402,-3.342133412344401,-1.3485165185307455,0.09283616460757926,1.0675754577203023,-1.628578019289888,-1.9769973322828243,0.7430866937063954,2.3496710276156687,-0.5547578274711924,-0.0881885178683639,-0.2413563328280759,0.33456692002508603,-0.29240599932381794,2.495307764950386,-2.2079238349537285
1725,-2.993822076035242,-0.6179527654125181,3.1649631702694805,-0.9566753181583998,-0.4541986891767147,1.8576856785136044,-3.5120514918745513,2.412298456909859,-0.21258934986360156,3.558240125109549,0.15403774866659248,-2.39993548894822,-3.727966396517475,0.6861884881033014,-0.5370018482750041,3.609391963074671,-3.4703950228235687,3.4397828164378375,-6.121222794648368,3.056836774855306,-3.486477846944222,-0.09728883261927557,0.10430931442303581,6.543843384931996,0.038639925218230786,4.6509992619639675,-5.698052543847499,-0.43793357633005403,2.9910663008014815,-1.5447193678046407
1726,2.659027102189892,-4.964144286163815,0.30970316451945124,0.3426426867488743,-0.6710835508601365,2.3238548835659554,-5.1575712137943235,4.889680436861376,0.5344956366667786,-2.621757286065307,-0.2546307133055752,2.609783139636665,1.9125249685607102,-3.9473430654992168,4.054808558961728,-2.478582608574955,2.716149642237969,-2.257557495686436,-5.643568272076347,2.1206221053342738,2.375397169638614,0.3545039314549365,-2.652418096580025,3.445463162227007,0.5514828309985695,-1.747245963971828,0.8663012704810953,-0.7089605103477776,-1.7661717675382,2.804594140379617
1727,-1.2033552097916544,-1.0830254773639822,1.9095247736089398,-0.5472455616007252,-0.33314172486340476,1.2572432000110005,3.608771385829513,-2.0132614204685417,0.144736561814943,2.107904594953389,0.6082960671170268,-4.456447189246713,-2.7803273333635588,3.164714580671255,-0.2518427410079269,-0.9362779788752214,1.6218306079409146,-0.8180971353656563,-2.318053552262487,2.9277448514019326,-3.8868478087724334,-1.238576475382835,-0.07307997535909827,4.588812960373389,-2.8722252494149494,-3.1289361875627613,5.748820970814087,0.8269821031353182,1.8323868296639816,-2.4070284666341806
1728,-2.8128372538497217,3.3708441971570515,-0.3568490433146536,-0.16725695553656195,-0.25836655629395167,0.2244656118379904,2.5554306449596034,3.2241196421828064,-0.35967794455064794,-1.9467526447234942,0.43335791675609414,-3.9064776146247056,-1.8813813054828348,1.6870794722072908,0.31605232879919143,2.7615556363498577,-1.928344826481485,-0.9549613053922137,-2.1856081762771318,0.1321645500295201,2.070233591611231,-0.7333993218020023,-2.971593906926156,3.688203263363004,-1.7745168576093917,-1.8873292337823209,1.6670442046587617,0.7391628460709834,0.38202953737488876,0.8736095032885753
1729,-2.1392827375683297,-0.5467579207227011,3.4620328823356488,-3.4494687449583097,0.7100355670930507,1.9634409538208164,-2.8951348917542603,-0.507292953780162,0.018098078551861185,-0.5894217694530486,0.7560465750855796,3.2177049613496926,-4.051880628387941,2.9818863636707427,1.4318027095808148,-0.8893824104937949,-2.688933719171308,3.2165076848012895,-1.3899073936196515,0.46446652553173173,0.8055028639032678,0.7163400103257249,0.34918580403791744,-0.9455878101805233,1.94653559927038,-2.1190848959754476,-3.8699774235092903,0.8514501706460269,-0.5108185051226055,3.701895054692443
1730,-1.6687776092618556,2.148214054063022,-3.4885110226314175,4.810809150317063,0.6129494024525761,-2.4146839749392095,3.204892126619505,-2.324232617665043,-0.38018018912739926,3.591484191496768,-0.7398408934510563,-3.352122617873082,2.820212664054303,3.011388265035116,-2.2000076014344803,-1.1360184018783617,-2.2872006799330897,-0.2083742458437321,1.7148035806492565,-3.2789622379846595,-0.23718857060200627,-1.2120583117021968,-1.7783606357757566,4.791766175413809,1.2723038599951941,-4.466600728372059,1.210801782554661,0.3108420165444379,2.048900105588018,-0.37624703630874734
1731,-3.447532200251352,-1.9786804391464123,4.04597051193376,-0.6210349310945027,0.6914024118847633,1.3098746466739524,-2.132706266782897,2.056348704628597,-1.0883033225581995,-1.687403912971181,0.7499838326469099,2.1020809650364747,2.192006232164495,-3.418190679289692,-0.5228445010103933,2.6741710469067606,-0.5138025761380725,-0.4113395226333374,-0.5073409442839036,-0.5841427568745452,-2.676917080047531,-0.14878314702399376,-2.2288363338247468,6.146020262053206,0.0893025173887878,-3.4257194111149865,-0.09843695837149014,0.8400613116886797,1.3464208278231418,1.248371712587371
1732,1.4916581440896444,4.057277886707819,-4.429639355319413,-0.891480052417446,0.11236667379052312,-0.34018329685091686,-3.045742482733239,-0.668360999160285,-0.6843318501966289,0.4771145539373567,0.20545662034150425,3.7158641578109872,3.277322777992911,-0.6897066144146606,-0.01663829023020469,-2.1664680512231005,-0.2975043072232353,-0.10700551490194954,2.5350184387455528,1.8351304356933902,-3.463884923122176,0.42087958277581716,1.3292153716438015,-2.656358905737921,0.035716958520406905,3.273955280303163,-1.2567895650718164,-0.3894342779976627,0.30524459707402407,-1.9686929928266412
1733,1.889763518764454,-5.1882092324696885,0.7394198620121273,1.4606173979546284,0.46049069845301993,0.6379177552856987,-3.940500695673883,3.3727655837378414,-0.9288099185481435,2.4593474761870517,0.3901896062561496,-1.3529920519593368,3.7127141368982812,-1.3751657447989967,0.05530038501293788,-1.177612429749411,-1.7518037311353591,0.5365673837723239,-0.4037483827026698,2.428085642299667,0.31324232255815687,-0.2924043061957411,-1.710893224542808,-0.3342820514181355,3.647956986487813,0.39407533887339596,-3.0025242673284147,0.3628028453272867,0.30297501539626204,-1.705285918754825
1734,0.17876683485931544,4.031400639565856,-5.200590875625718,2.078457520055835,0.944060023803079,-2.0320941426581642,2.224509190157697,-0.7784699983350016,-0.2844557894437223,1.1140436170179946,1.1154073790257009,-3.3910343984229883,2.2344142657057446,-0.9645040182844831,-4.247325577819945,0.4521059657951838,3.7263249131318155,-1.2010155485285416,-0.767133180399469,3.3430598159780374,-3.8526349343359048,0.4082125301782913,-0.3983732876190018,1.2668690561965228,1.0006561662238695,1.9771552031778157,-5.844627943343024,-0.8929977274567529,1.3694309494250305,2.390383351974613
1735,0.8905047568916373,-0.9128205547531927,4.487725068410178,-4.1310634239517405,-0.2928056037257716,-0.04154024287092106,5.856620476406228,-5.436264953918382,-0.011844574902622362,-3.1635331979361307,0.6940168575590757,2.061005392791529,-2.2251669132452765,-3.5681700222756376,-0.6877289108106446,3.6858123545441686,-0.8410617340052156,3.6363152257923694,4.958944921734048,-1.64654196820514,3.564756435398003,-0.5007977802840227,-0.992640042881126,-5.383721565763285,1.1090784493354704,-1.980314221903523,3.712924391767338,0.40376718051829563,-0.407402611791845,-2.8380531879241992
1736,1.5590406567806454,-3.4819636237242655,4.100454239020557,-3.874049030578785,0.10239578648076719,1.5941219720212576,-2.697927054391993,-0.30556019050738215,-1.077834195819611,-2.068545710709701,0.04038495224251726,6.1094821991858765,2.4942038525165735,-4.06526676456034,0.013668687687715675,1.435862971716034,-0.1392228607892143,0.26075411342902655,-3.1967090059828607,-0.8789778143657827,3.7120096752618252,-0.329075513137159,2.314455911996543,-1.6217032537740934,-2.604427262032626,4.5728174952093,-2.8855572060126065,0.16751589615635076,-2.724570981319596,3.4742220580007803
1737,1.2187721819893333,0.820290637425579,1.5906873400429653,-5.941906930532074,0.652799781207607,1.6593569898667546,-2.1656108045121982,4.0527775954587035,0.31919005393493727,-3.7493435972798856,0.2854395015676161,1.2575472508305374,-0.1903895053180662,-0.822156169462513,-1.5389931832654913,-0.4938465134873731,2.6667505915560596,0.37863477997717254,2.146555890363828,-3.4410397603305203,2.4773186991798255,0.5718779787783426,-1.233384747495327,-0.5213280604976909,4.571552426634817,-3.2788474956686606,1.2348588921411547,0.31176216218043074,0.30608962807522566,-3.1454156133613527
1738,-3.63061218056591,4.72985008385378,-1.6537469555329416,1.4596556197745443,0.08521450190405488,-0.9903610694333427,-3.4974715746798104,-1.29218526973931,0.16426751699534226,-1.2389033177981421,0.8190561766876723,5.045236468533972,3.99112321358875,3.5880591582851764,-3.3153337087995105,3.015586361968431,-3.5645221754820238,-3.7149128495610295,0.8887157217383219,2.0848071416492644,3.10642881435858,0.3737390880795237,-2.38375503429571,-4.069935731531505,3.520763373763071,-2.8475044411021173,1.9827053332644056,-0.08112640515767122,0.12966566072235786,-2.704503521488416
1739,-0.6101687185598976,-0.09696277696524902,0.4883626233253118,-0.04185019231868736,0.6244233841674465,-0.3638043196487164,3.2016562846084717,-5.012863629510374,0.9008513003497001,2.581468744380526,-0.2558226273472126,-1.4152900724813477,-4.1363095112123265,-3.364986804694478,3.510081878350011,0.36715000272641873,0.3625442444103619,3.261520190419777,5.3918533736946195,2.455096041709087,-2.0286275113279597,0.6083320716426819,-2.565873820860869,-3.8607801548590928,0.4292439219857265,-3.9712685538304235,-0.43054539089528987,0.4403117006792474,0.12706611605656803,3.4051922060058217
1740,3.061117714906967,-0.4311904901097172,-5.294965599768986,0.6161480065472809,0.5220065035436106,1.5268838648810696,0.4907624207960666,-1.3459250265576976,0.896111049694281,-3.3843874231572517,1.1322667566032942,2.211172222621048,3.95655849274279,-1.6044211674412772,-1.1986877936105778,-2.9363823689058837,2.160045073812576,-0.37711223659783855,2.6284283015399197,-0.8000696490725652,0.6951365567501746,0.12809340885169718,-0.1878757067757011,-2.4637129112950475,0.13125120405662827,0.25038750055945513,-2.9540200257210145,-0.47060545638484275,2.42806123346298,0.6149255440284751
1741,-1.814657056450283,-1.0274239901511528,3.6338769836437947,-3.855501392596107,0.8092659143951306,2.2544395411588116,4.000083606754394,-2.287570870979895,0.11147281775187512,-2.3497102755526225,0.9868071148720201,-0.4610823928460128,0.4397058550090023,3.835686140131326,0.5230178971697228,0.27684042972261835,-1.907052750598261,-3.1681975714346358,-0.32017977955896626,2.397971187745487,0.02845360078153547,-0.798910274312953,-1.8616526299160103,0.5543178952593699,-3.7034597614696025,-3.678387211216158,5.366303028803209,0.7592681198141431,2.854316572734234,-1.5980407486640846
1742,2.3310560582563333,-1.3578198847029732,0.9268750884149419,0.28127809333604503,-0.9686433273453174,-1.2127460279587936,4.769529831493735,-6.087390880532084,0.9569842731501836,2.7485665639058148,-1.2006369460612003,-1.1870528419566888,-0.1449776402886691,1.7415340502979433,-4.061113260433734,2.137259349352764,3.775833251475067,-3.4485357504036234,0.48147923091931943,1.3440490440967423,-1.911457297954378,-0.0856029248587662,3.0429910522489436,-2.8714591044533826,-4.494789057592602,4.904649995692878,-2.8865472783099975,1.039269443256023,1.7642280114949038,-0.3268111145394883
1743,1.8926924663354896,5.557613332669085,-1.9454371476015204,-5.343240648259538,-0.752312318840723,0.5906843156974357,-4.478268794304778,1.7874800214119624,0.5163239245413376,1.436673462379595,0.30862672206889386,0.4291646639027711,2.1359516393491127,-0.1032481792896327,-2.6469248370427874,3.6731418731122005,-0.010205051511753993,-3.048715444617409,3.24543572359212,1.7536733097138093,-2.9772715485109185,-0.06531665851333734,-0.5343074266025987,-1.4222133996806043,3.391568184498471,-2.1572617033312724,-0.8264710104249389,0.5111334340350435,-3.0027505422353418,2.083781637459758
1744,3.104634651673212,0.22355936480249383,-5.402897849514229,1.6606711221915234,-0.5119630758091764,0.9259957866564026,-5.400414923357605,4.533420103848915,0.750178998370651,-1.711870267898549,0.3183342595587604,1.5103518294775746,0.43985635714650684,0.6901432527075784,-0.332575133972405,0.3863283094269718,-2.4891600328240457,1.3054072475151308,-0.7420901526439678,2.3009589167604148,2.973692755534273,-0.6148104296778181,1.1781395506729737,-5.095890640647404,1.759840270551937,-1.8361583103476136,1.7294184414399894,-0.8950766546483537,-0.5097691864850837,-0.2482545605091726
1745,0.09766326990045293,5.626204808710916,-3.764944668784562,-2.5336041890795435,-0.5849429119569374,1.1596236912099123,1.800152080504482,0.3645388606696045,-1.1252957654406486,-1.7413096473587721,0.8714753097488677,-0.16956083812380385,2.4778835675330697,0.5830223758548883,-1.422536848558721,0.7257291022977128,-2.56732122380393,0.20322302667675451,-3.9517831319677796,1.7507020101186566,2.8073161590431255,-0.37112825450998965,-2.8794608763027263,2.6443540936171672,-2.2703350232223336,1.8995101337660643,-4.433602208980982,0.007283012902671082,3.595082449765677,1.2020616357706047
1746,-2.539930265802081,4.007978723051906,-4.25647771857788,5.630612721610948,-0.5046708438155916,-2.337512616467091,-1.0973014349089993,6.222621112414608,0.656061236475356,1.1597382572095292,-0.7063938724466645,-6.234725298744102,1.552534972771472,-1.514989507864767,-2.8350043849413353,0.24640865010804802,-0.11302019066059543,2.664070460586995,-4.476332496762662,-0.3207193887218196,0.19749773082417477,1.1537132852804781,-2.68615674957697,6.131997618955239,-4.379266047182181,1.274314729328907,0.5875514298229518,-0.06342530514150013,0.09629475189526815,2.484530441278263
1747,1.8204927942447746,-4.752006943466757,5.797558711511247,-2.805615612330648,0.05368601808355811,-0.11411496804192289,-4.653074650411881,0.8853103097512367,0.6592614204712266,-0.2233747979610925,-0.38733145662024704,3.7192091747704907,1.857506724496016,-4.1084621981008915,-0.8629953549517566,2.7268695663864193,2.2827516955994156,-1.895670433429368,1.7462499136523562,3.3105764661981816,0.2506478530549856,-0.1309679794064369,-0.36961231634820635,-4.806893937152456,-1.3703735487753832,4.519331104095013,2.1224130776741035,-0.9547491415197262,-1.9375575004740249,-2.379063990998226
1748,-0.28048839655270363,3.1577938807685726,-2.95087549559819,-2.1832656528223175,0.7578806386902155,1.4989550255146806,5.633606643294364,3.428841035502508,-0.2358339413486279,-1.9768184071058297,-0.7228881494601165,-6.1269071808825615,-1.490555506908935,3.6511178228922176,-0.9862944883063562,2.1628062197567566,-0.7609081350128086,-2.57616591242102,-3.461060402462941,3.4613920724848946,1.7126299494598918,1.1955917675816101,-2.100886914678,-0.8076664723870266,4.892118398576965,-0.8094339044745027,-3.7155910888938237,-0.2401928451579094,-3.739985342761047,3.6130847827120576
1749,-3.237921597000202,1.1022606189873514,-1.6836836510408446,4.3547393636421035,-0.8037866688185835,0.2683919342304204,-3.156671912548674,3.9264375799913225,0.13074671876373323,-0.9345875061481017,1.1500984691205591,-1.1160233491791267,-3.269840122182087,4.008132629454003,-1.7677965128369681,-0.886155850038719,1.8655076966845066,0.050152158919090084,3.3407037594059403,-0.8524615112029803,-3.366224430422138,-0.9783558105885142,1.0542301598170774,0.8021078329890194,2.0900245636346213,0.19457761483281288,2.538386329052816,-0.96968391398467,-3.054193682948176,-0.7991109105856342
1750,3.570802046863875,-4.445042546024922,0.17525134929050878,-1.1863562620350692,-0.030870938910128043,1.9162163508160148,-4.4611712801142325,4.593780953396273,1.12235159299133,0.7826163999447981,-0.791517855503967,-1.246059810714499,-1.0660628120885214,-1.3973894098049726,0.32947757701157343,0.35999181044768847,1.0849022827782626,0.6890805516558132,-3.551305930319028,0.11825168794316099,-0.29022832136216437,-0.28144807065568767,1.1359662402764545,2.868764394115672,0.27579398404750677,4.859387704883268,-2.44332497906494,0.002586809407115531,-3.436483539018491,0.7420400197473178
1751,2.2840309930779554,0.6056320110729594,3.9204533512691704,-5.414915381507587,0.5589941888713743,-1.9541951627836234,-5.625282528123272,3.7474735644062314,-0.31970225940168095,-0.44727148851643506,0.7042110673035369,1.940571644331314,-2.166100228847208,-0.7667086342811373,3.4680197067683736,3.1391410835627838,-0.6274643741499126,-3.046887553053052,-0.6642278384248854,-1.9652029566554692,-1.2531088528055925,0.6227270775549449,-2.54550932090255,5.805321891231976,2.3976329451526652,0.27418899623672743,0.677592778190153,0.8138382493037728,-1.7474790074306217,-2.4157739614509133
1752,-3.0598538684647973,4.101384378599366,-0.2879677518263293,0.9002940800483259,-0.2621247630130079,-1.3917320753432918,5.682884718052588,-6.155140351023231,-0.3587252590441281,-0.29709872082186983,0.9221019108506194,0.20597770198570586,2.14076136154479,-1.1143960663353933,-3.046603404110499,1.1665752651699322,-0.2691596005769732,1.1228224443079995,0.4711028600439029,-0.7085542084018837,-2.9734448697283593,0.3952865450450975,2.9282051158908367,-0.11259544285117684,3.252611066813099,-2.7978034476318463,-2.823399558364507,-0.7900451441404703,3.238254681257388,-0.07961759793186296
1753,3.704391888639094,-5.0389314535362715,2.659911033529088,-1.7729521313901735,-0.010707375179446643,0.4582880379379368,1.7844333807152282,3.3787647926391315,-0.4295061476725994,-1.8104672910301165,-0.5433937452761244,-2.3798309893758436,-1.7721101811228213,-1.8929063751032214,-0.6640343154564086,1.5725963929978128,1.167286661705912,1.589167816978577,-2.5289793022082137,2.5599574545177006,1.0276969446434165,0.9049041564349318,1.511091678754127,-3.474670932143564,2.658112177120934,-3.16720604356804,-1.3202262596320544,-0.3596059974079173,2.234641665476982,-0.045715541988101904
1754,3.6214327591021522,-1.5395238959003414,-3.9368983183666906,0.28138193670922007,-0.6182715028995924,2.1918790213554686,-4.609407813037556,4.566779010409391,-0.4365503764521854,0.11353168046871609,-0.11348838821283813,0.47913588682411046,-0.8038994695463053,2.045258573888759,-2.1061710510162293,0.4987299137144383,-0.8136964164954961,1.179778449454659,4.709552126088518,-1.7717454417549572,-2.4045214396556496,0.8426509640991808,0.28376941516261134,-1.659705623941317,3.980834400516308,-4.382103889334312,0.07585448530808492,-0.25931123418025503,-2.7686572088572046,3.353383446549163
1755,-0.7832366181735146,2.158612502552643,0.6676471446324612,-2.3314584035122614,-0.05040516431459863,0.33884053881549114,-2.0344579507519462,2.01510726970173,1.1039778477944804,0.08256833762383842,-1.1568335925653215,-0.010361911803123292,-0.9275652698415762,2.062920721387659,-4.229135465035954,4.0228892623940595,-3.397031343550795,2.4679220946464184,-0.9502382515024586,-3.4309245534822708,-3.545534750109427,0.1587170079123572,2.3063566270195537,5.461623920160626,0.0653851435042192,2.3959909447763827,-0.34325479549507065,0.9747507738616923,-2.9710205097462055,-0.1218515568992391
1756,-3.7299328951787594,5.33127499465753,-1.2582702038061342,-0.15377462446432943,0.9654931969290388,-1.1547904681371275,-3.779890400495887,1.218449548459759,0.513005285839931,-0.19378883950085424,-1.039154727688676,3.2813791333853786,1.3695806134731399,-1.4977732464699862,-2.865241304635491,1.7490446386609833,3.9355364056682625,-2.6911471066971284,0.8045376255223964,1.6349602640960352,-3.342340602646434,-0.6240666351907578,1.1898284171578162,0.3370809310593117,-3.552235501473067,-1.3819694947146033,-0.7959844423895817,0.7668769580655406,2.9513287730702054,2.011983707443253
1757,-1.1830410800162081,1.7832126705487674,5.043219048145257,-4.128815273160843,-0.7813072895869952,-0.7332680759297752,3.45240187319871,1.8608539598384262,-0.8783840719902347,-3.0091915953359116,0.5100202305180082,-1.9357003962293753,-1.6272307355580224,-1.1119374071988801,-1.3440360084928589,-0.6456516365056082,3.3351772249316234,1.3936785628235029,3.469305082000293,0.18788776549216202,2.443777783000943,-0.2119908273272637,-3.2271567426883543,-2.661823060479385,-2.116689965599928,-2.547016248835501,2.538144001726902,-0.46097324827780284,1.7276528673070182,0.8588825936810469
1758,3.390082921831059,1.7377869333631892,-2.797177910174547,-3.677198460039957,-0.9988721903437994,2.345378705364256,3.556841088039821,-1.7674228240410663,1.0478845737815305,-2.515544244545115,-0.6183134956070919,0.2965549023715113,-2.5309000154527315,0.09436400531917499,4.058003526104002,2.2538137015470667,-2.1231045657809204,-1.7521766517368462,-1.1161161312803038,1.5152058646183875,3.2138201007596052,-1.1260284453141116,2.988325481022901,-5.4752068698080585,-4.181868812286881,4.703938511255963,2.2306902576319523,0.02565116431361414,0.21985198477094237,-2.998263105683842
1759,2.5942030043789828,-3.0527738817577976,-0.14119471166384656,-0.9266794454035328,0.06235648969260632,1.4640885447538086,-2.8875205797033736,0.0004693454811075526,-1.0665197268730107,2.9362785193506973,-1.2030105611238593,2.2203030028680324,-3.4156550601048092,1.5889044337863503,2.4063595695049216,-2.7903966366218107,3.920013015846397,-1.7092253224113207,4.437723022508745,-0.0019736000115315733,-2.6786606602626257,-1.1558975301136267,1.1874487249246286,-1.7886399570471703,-2.777322596699193,2.832429813289746,-0.5234366766094993,0.796612572900921,1.9775645112249656,-2.3058476241051427
1760,2.2438510673394703,-0.6610406071657202,-5.142061011871224,3.5338675885955126,-0.41990110284693993,0.44528406594913683,-0.6685574003589458,-2.7775065452729955,0.8232446460456009,-2.424847542126317,-0.003641489268399134,5.0513083309806746,2.360229890357921,0.3057382968148872,-1.2923975751363361,-3.047122693797302,2.158260620993783,-0.4847085392332122,2.809177979247867,-2.154933576871473,1.8544263282023792,-0.4660418201509948,-2.4751455514977145,0.43251664106833587,-1.6904731842611476,-3.8061030335344093,1.7523796705586463,0.4499871349122708,3.293102564868036,0.0011068474584057242
1761,-2.513378800803661,-2.8601401029558637,4.2714038141853194,-0.19200788652872802,-0.3274863021743757,1.6216092782775426,-1.0251783462568227,-4.990978613172228,-0.9291838834748116,3.1868685766882017,-0.7799917751222996,4.538464041337551,-0.961720584151724,-2.3556618274715646,-3.619974731537754,3.857347133742909,2.7097839702385436,0.3702260391793448,3.7115194728269962,-2.259044720111529,-0.2250258238033389,0.44743123616706093,-0.7383244500004551,-0.9365557150803596,0.6107956556387109,3.1999524011966045,1.2784010330902156,0.7776492743676036,-3.4023273468057127,-2.4644710174855913
1762,2.7242536653098135,1.4014103393072155,0.7829217514919407,-4.093981492611807,-0.9764267274790455,0.16182246398210687,1.6652578909729563,5.320918053635605,-0.6006217869546493,-1.9628941962177127,-0.20362670644323,-4.219033254993395,-2.315772715291226,-1.3162539417552797,0.18729970691193998,3.026424846411061,0.12916227247223588,0.28913983125101694,5.019467800656244,-1.867843790669152,2.185465137645423,-0.3585045870371957,0.8798839006973562,-5.858468461294301,3.262450370296971,-1.0814279794713642,3.4743711285882384,-0.7847833339051098,-3.102452396159178,-1.7681577893477343
1763,-0.44010999400650697,-2.58444719462247,-1.963634903639477,3.4630006763031354,0.4735273744905846,1.0516640414750054,4.509950770025888,-3.722332657341447,-0.45375271112814186,-2.382276521509162,-0.08496243523149882,2.1333735551839688,-1.7006619683021995,-3.434449465972646,2.8671413483449584,2.1450053140094845,3.4676122265766445,-3.34464745465651,-1.5198531249033778,3.320118225534994,0.6155686346605194,-0.08820910975239471,-2.1053625332952617,-0.22226209224607985,4.780930973043166,2.1230102562646707,-6.230799590763247,0.4705472401841222,-1.826294141468626,0.6826052627417436
1764,1.3730521277702614,5.129062622294725,-2.1625472407174833,-5.505881781611976,0.7008907266673883,0.4654235455973428,5.069548112779945,0.7596008169717621,0.8632249833836605,-1.9914043554606007,-0.6069513993580378,-4.094018158317144,-3.279185210461451,-2.140604993119089,1.0868405707317947,-0.3761902592516222,3.623014022700904,1.0861258693992113,-1.1892838852501555,-0.6536003832885147,-3.12075478829021,-0.9311183091394506,2.6517622300372423,3.242995135929501,-3.455005917269741,0.35609007238528534,0.3148124353602775,-0.6867004536568295,3.0001061542893233,0.47069770889351226
1765,3.5380321155184618,-3.19341135641492,-2.8334468635185566,2.562341348204818,-0.9871325059869613,0.9136172621974303,-2.5914863319013115,-0.10093418682343014,-0.15510129151161411,-1.691824048522534,0.5327870926804597,4.006558766077994,3.463206817210768,0.9548671929565664,3.1513025799319045,-3.49027773306943,-1.631425867437546,-2.4476729895924976,-0.6224494252073427,2.4045344221147253,-2.423381454304163,-1.1206083431864156,-0.030573406522494295,1.792478207104093,-4.065083520431685,-1.0696891906782753,-0.5972584529135929,1.226124776385145,1.7074164930894753,2.798489894550773
1766,0.42972231698427166,3.398673380925345,3.3776956597794943,-5.386487186209276,-0.05597631663921332,-1.7636278548403688,-0.27149844975407333,-4.32559431672324,0.6261603072514781,2.833893782392394,-0.12014401354579185,1.2571826903787908,-0.1158349956215865,0.9737144081676803,-3.5654985452061094,3.742111376185971,2.503953844582849,-3.538446088109019,-5.86946162271742,0.9465247528433487,2.805560511682838,-0.4568308881723464,0.5169665346329957,2.0572407117289977,-4.239585604788649,4.844731692132289,0.06540841736985215,-0.7754162817250592,0.17500350073624382,-0.07014172372282346
1767,-2.8410616070762664,2.9526752794817526,-1.3804899994618722,3.6301608857207377,-0.49225066717589194,-1.8690338914882183,-2.4904146883195395,2.589583346568734,0.6921337562239707,1.5545848523121002,0.8384710194317773,-3.184358286217467,-3.2570413090938644,-0.6335267422275983,-1.4366693243393147,2.3505774091465277,2.1551332226694484,0.8215267438446165,-5.4064747628396645,2.0132117715605773,3.2953120711134325,0.863926536873735,0.8170480352926557,-1.5830236520023426,3.8568490198296814,-2.5217282313340235,-0.6206568257887817,-0.6844077555491461,1.906100803280573,-1.9361570104364283
1768,2.642054794300556,-3.1035447712174857,-2.1433256250365815,2.7890705965774316,0.12815979757660845,-0.31241479220024004,-2.7637768666059266,4.066717790557451,-0.3838103886668671,3.326759269958007,-0.8818385116636387,-3.3640512935794824,1.7002148438366262,2.686628184056545,2.318324589599225,-2.3206907967487176,-4.0272482630483495,-0.35722855769551387,5.0501057309688555,3.241418066895733,-3.634180988270211,-1.0075661502632918,-1.8917365884094561,-1.7580400709232258,-2.1679244354769587,2.052259569431193,-0.4451080083907897,1.0693621775118345,-2.4841985872328696,1.9756092841594253
1769,2.0352366977787852,-0.324686118301841,2.22675968943674,-5.645754539553597,0.8429566530780224,0.8654876175621506,3.5491584764073387,3.8660659556168078,-1.0414204906398634,-2.635816501601372,0.2120235022166881,-3.950010942000052,3.017411598686177,1.253547934254538,-1.0167252930527653,-0.18584732779359214,-0.7338157957389022,-2.3345711163556437,-1.0326217883835618,3.4557286010638286,3.770394899730416,-1.1844542494931334,-1.2646847067112397,-3.744362756207863,-1.1883115546253649,-2.3920472007325486,4.844968848041134,-0.7930748246002981,0.39003179772033825,-0.8615670658014434
1770,-3.432836537139684,4.640033456320243,5.087786582846306,-4.648151237065878,-0.14122987772238016,-1.5056023872383228,4.09090171896235,1.3682069463167572,-0.18737956235546083,-2.1117773125925083,1.1533752923955305,-4.313327082727131,1.389612560126949,-0.3767928857627112,2.0230945144354777,2.0281652009770923,-2.966345266083705,-2.0977341236932823,0.5454029944543421,-0.5819022478369433,-1.2344889304007012,0.771947903788309,2.3029510566395786,-1.803910776646191,-3.662652359681296,3.2081876784692867,4.00127070245339,-0.9444658271531363,-2.05527167175633,-0.5470685223301057
1771,1.1504970729416435,-0.061760118845587186,3.7284984916036734,-3.3534236842393206,0.16432132137693412,-1.6281330828370422,2.1199233806613798,-4.156611878058801,-0.9114327483051481,0.6265638813006813,-0.09253745497062393,2.4140948193720675,1.2053058604446498,-4.181832874895607,-1.1588207010084588,1.083560404284249,3.7438036345084384,-0.6920163233334637,-1.7181260454374652,-1.2885623253398606,3.685485013801273,-0.15264003644089907,1.6127544566462024,-2.13891106323085,-3.0079696905866378,3.637016910019284,1.627862447907546,1.176976393417907,-3.2478671579011245,-0.18601890285515665
1772,-0.30780027599094417,2.0781496060834073,0.44708853596753073,-0.15435615426421023,-0.035379472247487165,-2.027702239547998,-1.5835335993063815,-4.157694192487142,0.7552980386224508,0.5603241330192876,1.1332369318819744,3.2923686882693914,2.6052265200410147,-1.7564018891234774,-0.9366698101369586,-3.0899453724031254,1.3265777640035843,1.851212787618774,-0.22516661512394265,1.2396389290443874,-2.609784757819403,-0.24193182974753213,-2.2076114137075518,4.0448556873524275,-4.880336346782908,2.175127324361867,2.544592800763752,-0.2620358055147287,0.11718745372184536,0.3054645734519923
1773,-1.1747619053127387,3.801412631546203,-2.619526418538509,-0.34962019414258094,0.8146314054524777,-0.4721355190045937,0.5942617193463988,-2.979991968403894,-0.7735045106635177,-0.460316709171833,1.0874802177896186,2.5320712511028276,1.687037756746772,-3.8940613010485947,2.8909475109757707,1.607149043162476,-0.30246290891960825,-1.9886101009170325,2.099908540687725,1.283564116961708,0.12451541736151484,-0.17478171102863804,1.0979199289330612,-4.431126292916979,1.4423897017331413,0.5644832983379118,1.7408840385246371,-0.11514711439404035,-0.9730921434844522,-2.6595177807153707
1774,1.46705693418982,-4.969747139092902,4.869269445520633,-3.9558946127662225,0.36551061741348834,2.223804754735438,4.284900017936625,3.025964275560284,-0.17693389144635052,-2.9418123141569303,0.5345415335264834,-4.72665962142052,-0.2489369975326099,2.841700057234167,-2.6211823260354556,-3.7023823403763636,0.3197311493045447,3.411070457405529,3.013686919546714,-0.15839161133868096,-3.3014529725028954,0.10168206097105248,1.905797920119248,-1.5613223167970673,-0.39435444543422093,-1.3665226457597264,4.112679358399237,-0.4371240619062764,-3.520296136451492,1.6056179311542955
1775,-0.7367740359234389,-3.554868853677114,2.84260956908388,-0.8924827928931443,0.7298013569402917,1.611714756469775,-5.391045958556386,4.268458197354857,0.06503743733635581,-0.20695978920891278,0.9362546556434435,0.3282554574302452,-1.2773188016606891,1.2932135556828008,2.488545075427144,-1.3776074780517042,1.0243948166404877,-2.151227168038208,-3.511710872585031,-1.904768052362348,2.6109551253914702,-0.7068979469713996,0.719929995667183,2.7924917508585274,3.688098167939188,3.8277404857122406,-3.288764630418914,0.5380551887159024,-2.434301691104558,-2.3308275208420515
1776,-3.213959329752063,0.5685463211556865,2.9984587225336483,-2.854603242486757,0.13206091879419146,2.3694966097555437,-2.391537482971941,1.2570652722879778,0.5050138681544283,2.8525849506465377,0.5197636166317876,-2.742890224749189,2.689299130241899,-3.4787739645103315,2.5628185136553228,0.22706312046894794,-1.4828519574718424,-0.5175548423841239,-5.785652128369371,-0.8284676220824458,-1.3059754484556212,1.0190734743635828,3.203199042706345,3.697822681835923,-4.12015603991915,4.5937077827994415,-5.285614372415083,0.4050598671965835,1.3518675849759596,3.055135177364086
1777,-3.014835201070696,2.3864337436074976,3.169032850294524,-3.8758914441095342,0.22821269716925752,1.1070473541092234,4.4608218584782655,-3.243658215553726,-0.31309078111775257,-3.483269858187496,-0.7192545925682978,3.298451588948634,-1.6110493585832444,3.548888988282531,-3.9343857142991148,0.9439232077800774,-0.08745523897697893,1.1400781157965767,-0.21381286579111958,-1.0041706290488968,-0.3559721212716589,-0.7185535764724698,1.755558939818446,0.5369502527641075,-3.509792311616387,2.8798922919475345,0.5543367014423133,-0.35293990989221946,0.7138287431092145,-0.28532551498859426
1778,0.3909637138372286,-3.8487660932129515,4.935028532603489,-0.03537049560046768,-0.5026494835770563,-0.9392061740499731,3.3214558411243296,1.4595782404326663,1.0697252216727646,-0.23606392465233483,-0.406903156451051,-5.207792222126756,-1.5211041866652781,0.17109683522645014,-3.420617784463209,0.06163454829573922,3.446762985482014,1.2622276021240992,4.185437516595563,-1.1153236519235357,0.228939945530783,1.0797346972096493,1.7500593700269604,-6.128847877441011,-0.5951075357089657,0.48929367669158097,-1.941464864962402,0.8321272897147551,0.9537080296403868,0.26144340462655435
1779,2.3045137438465524,-2.1213902235618427,2.1936543607784564,-0.376151693870888,-0.5354741921389823,-1.4651519950530734,-1.196225490897465,-0.03264393360030482,-0.56441069889327,-0.007705049837470668,-1.0256406881250335,2.826625861353161,-2.5118726634390285,2.1400258751294814,-0.7132926528481818,3.871850002457599,-3.8218879493859745,1.0351773880859199,-0.0342822631794526,2.096449682911512,-2.057286997487557,0.8181049814524588,1.8486433097457553,-2.6716287134443313,1.7266901151693048,-1.9986212171081341,-2.862038272838479,0.1306310985629624,1.9132601261586615,1.0900781500576002
1780,-2.1404505126536915,3.569960274692061,3.5444530499887605,-5.988627995451591,0.848572564322092,0.16609261910258688,-0.10575321979843721,-2.0659773048081647,-0.5602584884569817,3.624786533698007,0.3540960712851806,-1.2468935919199922,-0.5144421178559959,-3.807622780528259,-0.6239765554698913,1.8195931207607217,0.2588978404862523,2.867550492607009,-4.851109195056619,-3.1838484492371713,3.4090970623321404,1.2323236095803747,-2.806684595653815,6.200221568033456,4.243120541319282,-3.1912467064602836,1.4193734157717692,-1.2290264372596806,-3.1287606674358077,1.8865398540666654
1781,2.199977055299936,3.9607818698912673,-2.7316458666369883,-3.046769931366594,-0.9148376557215008,0.5324945285340679,3.925167322089564,-1.603901730990959,-0.28897572141236605,2.59808325499127,-0.3696518593560345,-4.260721265321894,1.6803380336395044,2.7730898820510603,1.6364842710118914,-3.930842464334768,-2.5042152182987785,0.3451454959309359,4.091032637268839,-1.4113291588957413,2.054326954582155,-0.6312053529301762,-3.214873247356742,-0.8879518326699731,-4.201073415907327,1.9529695335560326,1.692566806613776,-0.4772134890934714,-0.011739867194878073,1.0444904320277928
1782,-3.4184506475735734,-0.43059581832158855,-0.8073385555939403,4.853232717695594,0.6934059332242652,-0.8902536294305907,-3.9492782494396614,2.7484099645259654,-0.3514331447619732,-3.0712140085009683,0.4531161969776871,4.17039924119857,2.60435522345956,3.500387841202233,-3.2291340222799167,-1.5924314302031295,-3.6312700201568173,2.3480924079779015,-0.6605786349921772,-1.2981617872245756,0.7159429466220786,-0.4052327034784753,-1.1297990194553122,2.7778291985267884,3.597516350833537,-4.2861056666098865,2.455300986049785,-0.6466062518995077,-1.797600929352555,0.6774955109805862
1783,-0.27591576302324583,5.631459859337522,-0.3475458680446053,-3.727734276927901,0.7814107300139059,-2.061674681355486,3.361614785803585,-5.5140985265595965,1.180325521861108,-2.690295735291498,0.15879655755637767,3.503657396629638,4.2324485191587655,-0.5486090163475801,-2.2356967851924825,-2.642166553627293,3.555342261825956,-2.3613184258175437,2.6227237141487265,2.1157442293151227,-0.3453233225558421,-1.2077240356602617,-1.2275247728379899,-1.9578958124114045,0.7738337439165335,4.941372677255746,-5.404809366311127,1.1031168911676952,1.2390057858292884,-2.652519731856213
1784,-1.1041333588395208,1.3073722651623711,3.3644757555904725,-0.9731128369264113,-0.6025248467660147,-1.992076978220732,0.6508681154479632,0.4517357903572048,-0.4881468782138345,1.2924619701622575,-0.11644096271436322,-1.790478035039616,-0.023831951919664363,1.9823778971050707,-2.24602061301543,-1.47252189891989,4.221624579800668,-2.4616280130509285,-1.7600670358837576,3.2587741856484165,0.5597117084180283,1.053480251341849,-1.6747659827824535,-1.4371331267437277,2.8073453990988355,-3.231907460944889,0.5978354158566965,-0.1136639919176341,-2.666173461148132,2.6065640990570316
1785,-1.0580436805574411,1.437694790876904,-2.5393509757234227,0.1720193928667193,0.6030027993890008,1.384677673148401,3.2187360659272883,-0.2679986142010975,-0.9947008268327773,-1.4434651453055771,0.38691918233153366,-0.8994906619197636,0.21818686596578374,0.5561425883738664,-1.1612979323479902,0.0043365983946443976,1.3832616430741211,-1.0006297634606227,-0.14320374414971937,0.10596194183466778,0.9689570234536014,-0.4188154694670789,1.1066790608010653,-1.6195788124741703,1.0537792598353484,0.7012998459702722,-2.4746948207269277,0.9966677088782578,-1.2657574334279538,0.988705439472886
1786,-2.6868597093051516,0.04268993453182901,2.936591237451445,0.6739248312803454,-0.5180901469117949,-0.44825614704651073,2.1802032647024667,-2.1988421395152677,0.8368477310679037,-2.9275531444835394,1.067119050835334,1.0422252373926995,0.6954213709302657,0.43383484227461366,0.34715519935279815,-3.070777452721318,0.8300655696325805,0.764300470530868,2.4577304772681288,-1.6828191203439253,-0.4510880616743478,-0.2008498204229907,-1.3988430631704123,1.27586958834193,-0.1768798394253679,0.9763927522069693,0.6879720552533151,-0.3546672890141753,-2.3859642489925417,1.2531465699736621
1787,1.479607222217453,1.76351315164791,1.5251777047923696,-4.538368926274554,0.659438695157657,-0.8893678475406865,5.394754488314426,-4.854184974111579,-0.4712315610325586,-2.5584998732197466,-0.8304938104831061,3.3196557305321726,3.6097064334354094,-3.954449189205018,0.716978398806301,1.2832199589307578,-3.897402910944887,2.2419473089772275,5.686556673863823,-2.105729013835603,0.7630849932383725,0.764588998519593,-0.04833584446336481,-5.060165807324424,-0.2368596744745055,0.2108984435345107,1.136025359466693,-0.8547826439918778,3.289606378582839,-3.54488786311582
1788,-2.9680594969919856,-5.495714817553591,6.002267646346112,1.7283060709357443,0.9727895257378543,-0.23958892847400293,-2.620830829758056,0.14855150799647276,1.149260192304327,-2.835162246042575,0.35187912383885145,3.8063022516606146,-3.9648218833937907,2.0762701964508423,1.8367782638295331,1.0091185637342512,-0.14245098631061381,-0.8148941543104264,-1.0581951369323797,-1.7330187567368505,3.074572214334516,0.6262192867902154,-3.106515792541506,2.196938185084388,-2.4346804141132914,4.462678492240503,2.533132665007738,-0.7690521209839805,-2.763974894788893,-1.0281037273602642
1789,0.5725083018887105,-1.5935396028840714,-4.399541705664319,4.325796312034594,0.46109251693227193,0.6336841776929383,0.04413502956413495,-1.421540448316584,0.6911476058206709,-0.31770342456706757,-0.21551547797945592,1.2194767154779136,2.3750196896945965,-1.949701930102405,-1.425795053569889,-1.340681465008414,0.33727506073780233,2.00388369824811,-2.461301449113815,3.209815443361766,-3.8487849459956713,1.0205885857091337,0.9795288727199232,1.1001534933170127,0.05940181316599791,-1.6358737077703083,3.138028536451827,0.09857411325562193,-0.0966041194071181,-1.563526635694231
1790,1.2331696964931993,3.8588669046624524,-3.7731930127635778,-1.2151169364899275,0.1678318423575167,-0.2715584942595388,0.6984891359481971,-5.013094596867262,0.11937143077514456,2.973766697032751,0.3336178282334359,0.887849504877348,-0.9839640006112873,1.9597659855960643,-4.177674360574876,1.4771202540493036,0.16349489236588965,1.5612572291746858,-5.192600489497032,1.219975163029817,0.30413293410435926,1.0182229423557922,0.31085050998746766,2.339418940017932,-4.544052110059864,-2.6316441980007035,5.2594833642197365,0.43096267474992445,-2.172303476779975,3.6575537458726863
1791,-0.7726325867313069,-0.25969466495687854,5.3412921577598915,-5.678812230405931,0.03601853777410957,1.3338287865602183,4.776445671072054,-3.906557587553543,-1.197297734888175,-0.710550210931002,0.4810901630811024,0.5568696992191349,4.125480225187147,-4.184469699508028,-0.1488083152989077,-0.9057048146841744,3.942061252585262,-2.8285586482814598,4.023593692942697,-1.3137944394252905,-1.719508396940478,0.36711202704591894,0.18820846900171162,-1.5456113526262243,-4.353231827600942,0.2477354541586969,1.38324733753673,0.3895395114134521,2.1660269065483533,0.16668261794553807
1792,-2.5628967453465243,-5.6289043433250505,4.996145188580723,0.18690490282335048,0.5117023047011942,2.497048692566418,-4.881922505540672,2.0403640173536353,0.18063900274992672,-1.0678640092694813,0.8228064713547472,2.905977023351408,-3.1328441493829864,-2.1293916049514277,2.9625637239788425,2.807478653354952,-3.913994690893137,3.4061880678935594,-2.8422922085108944,0.6410271169985027,1.1265654189431267,1.0166109924664166,-0.1124691980926329,0.17055787819381862,-1.3605602291791996,-0.16726825094870534,1.9422080121188898,0.47411189969429834,-3.5698774249615646,2.681385993278127
1793,-1.7451739899047496,0.6707738163625585,4.449189289036681,-4.176638401445793,-0.8593745180986787,1.6612238040501008,2.48258414966374,-5.373158374178509,-0.414602818827996,3.1213990513487104,0.5529049077750701,-0.36912691578144674,-1.8652471301562557,1.751236552453367,-1.365718950686425,-0.11283488492918181,2.58037120181886,-0.9878067885005528,-2.4815753974793004,-0.07304497826829248,1.6355422298472106,-0.9157096178947883,-1.614534308286995,3.449322072080488,-0.8058574428232319,-1.5348890919351135,5.42030877934917,1.2369814791849727,-3.577658993512337,-0.7388847302616259
1794,-3.401773499064305,5.55290495599575,4.769141550805777,-5.9100502696762405,0.6744228072159402,-1.6846455452768119,-0.15521066708038944,2.538498228720993,-0.1622182354402142,-3.373503309230612,-0.9292406736151158,2.0816746566448963,-0.6220492629548176,1.3794134661257864,-2.8646771223699563,-2.280040441589396,1.0395983800835005,3.3477549807046714,-1.171447516482118,1.5515118824404261,-2.5387335590415407,0.7726547264588373,-1.2313601849439912,2.6173746515667453,4.2507523434288785,-0.009126755161670275,-4.428915845496462,0.5398422037531123,2.9438344096096003,-3.2963863561316753
1795,-2.203731548504546,-3.9639080057732983,-0.8556917621726718,4.679105614821431,0.0326990343185507,2.3115266673106216,2.8459250654682187,-5.497566560504161,0.35413032074020556,0.9521191227634969,-1.2042913661111911,2.5496834176429637,1.2891303163711179,-3.5176597098309497,0.45922058116277853,1.541980126083196,-3.416136670625608,3.643465356839254,-4.376407619609733,-0.09236522805874259,-0.008219108258005647,-0.5322558520764664,1.4098704807993219,3.599377327201985,1.8684815607297018,2.55365127696842,-4.043367212192624,0.9143386869943946,0.7416308561590732,-2.034735168657159
1796,3.712851030706986,1.480921881664976,-2.840617245684342,-4.793172751437787,0.4424867215495172,1.997530363200699,1.2660813137624025,-1.2238954653534684,-0.5826541237286103,3.6548247295253695,1.1299112212592366,-4.244267675465391,0.6762405004160925,-4.062320225967595,-4.136789610385666,1.1780005793102752,3.7607518494088197,2.584116907217876,-4.302780223554798,1.8421337752124138,1.4482526371243978,-0.6295533412923859,3.090631500436608,-1.4486843479278377,0.010639636218098047,0.31856136621895104,-3.037922114164992,0.8816393157601858,1.964719073533864,-0.13763727756429667
1797,-2.0188654631442002,-1.5218145424374327,3.251522043998264,1.964843145733365,-0.0911416147422297,-1.5845435694077086,1.5819672327037608,-1.1130675440815878,-0.08724231247851488,-3.064249875924485,0.4190756404286553,2.2635168593517037,-1.0171930647571301,2.2641392466101706,-3.4519644538700422,1.2269613651449163,2.0864542067165317,-1.1083972998446256,-3.4362784691921,3.1602375769983766,-1.594443212952223,0.8068172913285077,0.26400741970814323,0.7996593941076853,-3.0558732754822415,-1.191729695671306,3.110386080484968,-0.16246198162741798,-0.3530862664975487,1.6527651387953668
1798,2.665961793320694,-2.1807494743124636,-2.5034449927245355,3.6564947856704713,0.40841868497002043,-2.046680796924144,-0.37043787774068093,1.1163779979202317,-0.18666604777555307,3.1613631842331458,-0.834815451693844,-2.885821804943749,1.2020229984552238,-2.0855034557703664,-1.2586421943920367,3.111118810805909,-0.8303828959601987,-0.13861326313868716,-2.237272492334366,-1.2016529469634811,1.8489809915873145,0.15376694945210634,2.692306353813761,-1.2561288555569377,-0.42911472878628487,-0.13327903526600338,-1.2291937779028643,0.4984615683326945,-0.48389752493950233,1.7770234985637927
1799,-3.5010810937312407,-4.968239203079904,3.5060047165364168,6.171198822474558,0.8191226816100032,-2.027005923809753,-3.49446105798809,-0.02787236107710811,0.28824069420842235,2.5995774826139915,0.9125808959360597,-0.2780656536937407,3.611477683034792,0.38028106835466247,-0.1326662408443866,-0.1513904375888977,-1.850322066301315,-1.8573800066549708,-4.996135245793408,-0.5663285951969446,1.2736032912911952,0.9142418614658947,-0.803740739237039,4.178359427468688,2.1894022864839187,-2.7660057854848716,0.4381937202563826,-1.074916502329276,-0.6626361320241401,1.8759624130998098
1800,-3.296023859095687,0.5449669687571479,4.457359471272273,-1.642826293524294,0.5121469131528658,-0.5756232005622195,-1.487359909517341,1.1145015543669103,0.6972644127021539,1.6778084201447285,-0.6447612602518582,-1.357453217445066,-3.8982871692470784,-3.465413966619966,3.444844413674126,2.863797141440166,-2.2163881696545378,3.2714477504072157,2.0512361179527296,-2.3370037061823883,1.2673143514422875,-0.05840719776187253,2.210895629554784,-3.13403519500719,-2.1857713345967973,-2.340576155278381,5.342717175925888,1.0076516742179624,0.05118406340994319,-1.8752054236768085
1801,-1.880594237217517,5.020477596258921,1.6522138829000568,-4.315254428289045,-0.49580187563511346,0.018959061982789294,2.1888394667182496,-4.82511459144591,-0.6960523527711544,0.6619217182038231,-0.0038546769082810073,2.674260436202779,2.2425833118796916,-3.112602995528505,1.6880545123631414,0.7500031047841347,2.13463223695188,-3.702670170450448,3.5037382108226467,3.0020697965967535,0.9944510978766345,-1.0765662267399612,-2.5809755210407097,-3.842717357517035,-2.6524468836292066,4.429454463218402,-0.07667227943056432,-1.2420373428202005,1.921160040206125,-2.3794579975427457
1802,-1.388067895283605,-3.2255934700406605,2.3380850595048948,2.9905426723012383,-0.3596417013296105,-0.35532466515214445,1.8107357509531177,-2.2360935778844144,0.9919221481947433,-3.404368285990163,-1.0787566307135457,3.9165605954397904,-0.7608058821076646,-2.8984757375017054,1.528711896332858,-1.0749727562579654,3.4431422913856515,-0.2375998118512399,-3.7752962876645633,1.8752231230767915,0.00966814677472172,-0.8432214418253876,0.08991510868539976,2.6437113509513637,-4.893269835840945,4.508410652012536,-0.575159402182031,0.06416784572122314,-0.32937791013001494,1.2252286504210694
1803,-2.2739155342889017,-1.169372333981812,-0.8127853654094572,4.688023842301469,-0.09949488242024707,-0.33245572620091934,4.66356651884772,-4.167979925826604,-0.3872552904130169,-2.0710182569404765,-0.2232872498811842,2.185974204213096,1.9018271444563801,-0.820483832341111,0.21669917497848346,-3.1400307494469573,-0.5331370487904046,2.375125311143563,5.3031882782864805,-3.335733451244037,-2.6676236840288006,0.29364216663011167,0.566061496885915,-0.15953480653134733,-4.66357682224279,1.8892279389402091,3.859559194951313,0.9086125720252198,-1.5895874288005896,-0.4042354548715359
1804,-2.080427859783537,1.788071705213163,-0.14526606799738317,-0.24027605304456756,-0.5614448722955587,1.2393431479080093,2.9234630621130364,-0.7278621560767498,-0.8803413726936995,0.4912766366481556,-0.5125463577373237,-1.2939898122538587,3.4403998597759156,3.4067080850595843,-3.1554125575863203,-1.256358364790712,-1.694880246923132,-0.7404567755354012,-1.5665735969335408,1.1952382111004667,0.7190023573368727,0.14961048473928784,-2.9115084059661953,2.414230949721432,-0.9778664659819825,0.9845597965771873,2.6247967747123013,-0.09577021174802791,-2.9377469797566373,0.4020270861989914
1805,-2.42214347555986,4.649201090504743,1.2657817073318292,-1.6600046551214476,-0.2501830850488753,-1.5826515821062568,3.935664773596134,-2.557810661785215,0.3819448501483045,3.319392805234557,0.6652651714759994,-5.7444569386702256,-3.922858556792953,1.1612032763975577,4.043960828114848,1.24536393274213,-2.139132549201598,-0.3885369312600844,-0.27955291712013164,-0.1158464708393101,3.4615324802917833,0.17428799782606674,-1.194555076712259,-2.0458660134478173,-0.9647530751170308,-2.2083025220525982,3.6535879351354232,-0.96437731508348,-1.4567278464706899,1.9405728235902195
1806,-2.2983572162355514,3.0040090186000263,-5.838125715527806,5.408128299125199,0.8222225593693735,-1.0978769453311266,-2.765851644154804,2.5243287372532883,0.0036763954086218575,3.269470080647885,-0.5724930451840526,-2.4591305239713677,1.5142621350946932,3.2476021447756054,-0.6008412830506202,-3.4609633481427053,-2.772901362812066,2.072841714135013,-1.5598103559067233,0.49160203236293043,0.6696650992033284,-1.203458454597163,-0.04681877216903452,1.6488204511049709,-3.958200292172581,-0.6384335305383324,4.429429534454009,0.13782476254378473,2.3276604780898644,-2.2982809523748813
1807,3.604152507738995,1.7017336648250918,-4.827209671313398,-0.6251336846187066,-0.6065407830632501,0.7529979664314013,2.324998277608767,4.031403994156122,0.3242969259937194,-1.6851804482478308,-0.8440815292225734,-4.1514372202886705,0.15641696922721948,2.635957138247811,-0.7776719310285856,-3.6237563094975,-0.25927262352990255,1.8683267565809167,4.63947265078065,-0.7641980318344341,2.8081358520482453,0.9431179424048732,-2.219248962126642,-5.407279451274356,3.951554038703893,-0.14058040242009184,-0.8484451187684705,-0.36763338089346576,-0.4780830449837943,-2.116812091636218
1808,3.275158529164923,2.2561669610322426,-4.11097199319634,1.3325228589139968,-0.6629878852303599,-2.089888470684336,-1.6395617482423148,-5.534241631648829,1.2230710644429257,0.9851907097269201,-0.6812739347244143,5.646815540445271,0.8721250849482054,0.04180286677586409,-3.955008872026612,0.3165217123370425,4.159813955631343,-1.4352547476658852,2.109313700786359,-2.5178348646711743,-1.0176943162257857,-0.6783529881639119,-2.968926067636545,5.073494535909404,0.9289861836455806,4.411336451613533,-6.125080853117069,-0.062176437480840896,-1.2288255496492706,2.075760204989894
1809,-0.6840924880225696,4.595841155451932,-4.845179319298488,0.04635325178888294,-0.954289054930701,1.8413664550110784,-2.7393185312671804,3.7440304313713,-0.8742869937684139,3.183247268028989,-0.16676782660174627,-3.146904347763396,3.166075282995809,-3.768591133904591,0.8849317626405089,3.891992981407867,-3.280654588395329,-0.8937543047442968,3.3155687450285,0.24522480979540795,-3.1587659565739674,-0.931509061284058,0.03177140362807229,0.4977100594044117,-3.9063991957433757,2.7360060542988798,-3.1510712433635106,-0.3570377477779383,2.811699355442915,1.8668027771448799
1810,0.11315598893135892,-0.6073151735685052,-0.11814430140485399,1.3740178906778873,0.11585569259671669,-0.877570097232443,-0.5498204501882178,4.729460382434201,-0.5673257244289971,2.724206525234873,-0.4377518593445586,-5.8987688737077555,1.1908537693160923,0.3624424890748301,-1.0595602461684965,2.1469288263575486,0.25178484898883013,-2.892449687568865,-4.868291151532134,-0.89878440835197,-0.0606910015610822,0.8040556031502248,1.9636087980424684,3.060102160250846,-0.7478008054309022,1.0980585454709981,-1.314705935618246,1.2157572847854157,-3.258277685744355,3.006968596538929
1811,-1.6364832237102789,2.5316917185918015,-2.48336149780787,-0.22745380151279804,0.21482406151928313,1.6007827429200052,-2.549541832290327,2.87762821498292,-0.6572096792649846,3.707613841682541,-0.5285207561627372,-2.849969788947881,-0.4885943368890544,2.204812066830115,-1.535014000848122,-2.3687406262501547,-1.0811323983584682,3.2686692955156467,4.5955163579026355,1.0441895011101767,2.023589232888714,-0.18361363998948832,-1.3548730995520568,-6.124808352361626,-0.05615244946676512,-3.992997093383188,-1.425119113996935,0.5865136094036822,1.2841290466516817,3.603626000793348
1812,-2.362396232136339,-3.212514454310419,2.388934317324914,2.7699740523854075,0.3685607202142718,0.04744159652231339,1.4540094036677758,3.356489855861156,-0.550154163268175,1.39165974804812,-1.132280532948442,-4.519724311360882,1.4093485809340827,-3.9939939969153766,3.582727919952905,-1.4776174658101109,-1.7689231651891557,2.248458127027604,-3.0517019709117967,2.493056274143992,2.3430462587962353,-0.3731121388259737,0.9675433945125764,-2.378831817716648,-2.4964337230675007,3.3897177315887106,-1.3948617886667698,0.06914583325949142,-1.7203754346432305,2.152807381531069
1813,2.1398416733839767,-0.5199159395848483,0.034416122770725366,1.6241640005002864,-0.7844045225652789,-2.4941013345047462,2.9489690235954527,3.166321596682593,0.6397138571069965,-2.324427130688232,-0.26806886216952996,-4.162508484527724,-1.836476149629732,-1.352468081048677,2.703936461706899,-1.8484889892769374,2.290907841787437,0.04258891646096785,-3.782040178605861,3.103816754096968,-0.2132275625976945,0.18029549159381908,-2.7024885541065355,3.413644049617684,0.6140871485594666,0.19888941337112698,-5.442631199287312,1.0382411117735675,0.0433258196228401,3.5480877059620717
1814,2.4402186928588527,0.9290983161985871,0.7329247467648017,-2.6937068382267952,0.8330982156902924,-2.2416331332856156,-3.5899900824323616,1.9684766299970597,-0.09413090480872377,-0.5625131400974475,1.0823700004742136,1.1957874968668207,3.8955682900017123,-2.5772916187395474,-0.8474113480541909,-0.6532242062231646,2.955116177120761,-2.772757294105608,-1.6025207783642124,-0.7011122555490701,-0.2527103027788762,0.7427709886393332,-0.6053095276773099,2.4188818757285233,4.3998253493272195,-0.6481481450697402,-4.54161606143651,0.06320758637182244,2.334192485917992,-1.607461215109014
1815,1.970828197763982,-2.6666795982620215,5.377094015706717,-3.4473214545861914,0.3986631171849879,-1.632584277807318,-2.5791283382982613,0.3406830169625614,-1.0694587026743805,1.0465730342135124,-0.515379623165293,2.776710612961441,4.135158305464401,-0.9620356074898169,-0.23947815900387326,0.0009062826726413675,-4.099997629257107,1.165446807613705,-3.7073904985492874,0.3447113099937873,-0.5487362638270064,-0.9236631052977611,2.895783184548444,1.939295373130193,-0.17613337543572882,2.6104202874762876,-2.3708348741457925,-1.1130846049727916,-0.19609649908733928,1.2457290661671472
1816,0.8490478051204704,-0.5955383460469861,-4.890188979812475,5.776575521377698,-0.41938100107914167,-0.7205149995594109,-0.5479691183096804,2.2966065096932873,0.9195370825958138,-0.31746396421988443,0.8908613542879964,-3.2415718640479696,-1.5512876100691155,1.8575183476077726,1.397533177752269,-0.42034953955242216,1.3098918336552998,-2.5933062093938695,-4.499201280902653,-0.6490607651777438,1.704043652287524,0.5152156061283595,-0.6198731306243204,3.5488759182872123,0.533038495156763,4.009535776426919,-2.0643469063529416,-0.5394028106366484,0.5583629609757104,-2.497187515567994
1817,1.5153352159271485,-4.7311316816050315,5.476163499549983,-1.536663606096674,0.7797042698645704,-1.5034076976398207,-5.166267460729905,0.09918205496909849,0.10280288768992119,0.9839460252567296,0.5742634597120251,3.40607303310167,2.4361534264402778,2.673412435511562,1.8543828168545922,-3.5039759187960033,-0.09742017282605886,-3.3625525871844264,-2.2980286835430412,0.5656742367216196,1.2491960627924215,-0.11289298553868576,1.3774923919921598,-0.7814410224260797,1.641961719648787,3.8042864609956553,-3.4524923770554707,0.39782190621297175,-0.39890929244749707,-1.9926684173526539
1818,2.215839306764515,1.6882119845961618,-2.9940456036745537,0.6687124159688835,-0.01899410729730744,-1.5597239963574872,-1.3329533047537225,4.024557840163723,0.3341388775086571,-3.427291118999296,0.5515734031165138,-0.15002569703630186,-3.4400740750366516,2.940123859717506,-1.2608798547056974,2.645441151124974,-0.48985487308047126,-0.39475620801972333,-2.6156306692337026,1.531191692910836,-2.826200710967301,1.2044589933129597,1.9617466530609526,0.7444340409146619,2.467346336455009,-3.7944259439430184,-3.3485818119094155,-0.1703562957808904,3.285885095256809,1.5601326199233476
1819,1.6519003589156398,-3.9514728393875878,6.0311880858643185,-4.942190077812171,0.3845013265080319,0.8260731459120247,1.5753422577109752,0.9370028017137777,0.7711576719218591,3.1664266940117187,-1.1724036970930585,-5.277525728265719,2.50053007933834,-3.3825086859114926,3.2916058145480456,-2.54960847333796,-0.1591853608309215,0.29916662619395495,-4.581393148039734,1.6033722169601266,1.8580783102604954,-0.5197097553277645,3.1766468314866785,-1.5369944553414179,-4.056222598461055,0.19785435922453942,4.741864622849647,0.5034927233139186,-0.3054636472301766,-1.0815254596950457
1820,0.02553702846197936,1.439317741848651,-2.3796885484831662,2.469110844117143,0.02730577617580776,-1.5815828421201612,-2.0781503173713425,3.033086894586255,0.008773718879877102,-3.4040535140850103,-1.1375094130139876,3.5778526310037257,-3.7449169475804727,-3.8203088202605695,-2.7447450630461994,4.029669824412256,3.738607010767822,2.5416939957071243,2.693097365776296,2.5283792696254643,-3.9024584516471723,-0.9363825549853928,-0.203366629193928,-0.1792689995769159,0.37270930427452953,-3.555731438075135,4.908128715310564,0.22436820114734957,-0.3575167430783104,-1.5919580395771806
1821,-2.8237143422151565,0.9542995127736766,-3.610456277670764,3.16654664903799,0.693544440393941,1.619780017680565,-3.7213721671185276,-2.741059649149406,-0.6201661379753798,2.853839545485773,-0.7967880307017099,5.0255464394587825,-0.10320911295598023,1.8521469694672952,-3.196811199478894,-3.9606545632413965,3.0139537794046873,2.394574126804258,-3.8396366720443496,2.1975341112699773,2.8141290919380957,-0.9454470799609549,0.3376423840133427,-0.5642218352177544,-0.810179396430545,-2.797830981592945,3.5393428806008806,0.6495751638456149,-2.1314580407791954,1.5505503743579752
1822,1.912861664924602,4.360671657111581,-1.2623033984690686,-5.850229437535603,-0.26397480428726827,1.102974318256008,2.787903568139729,-4.830617603925283,-0.05314521741514611,-0.38702198179999847,-0.9314468044337962,3.414328039433993,3.85765818094497,-2.4720396845672425,2.4088629148991494,-1.6057818342799042,-0.900961396419504,-1.287738180577504,-1.953594045805211,1.3124277956866024,2.8700800097490777,0.18870613136311754,2.955602865969473,-5.373222756964694,-0.47502458731997166,-2.6044216634702266,5.699283980149044,1.1693168014649107,-1.896562775726096,-1.892591755095907
1823,0.9806180150534232,0.4375353461129343,-1.1667714955381605,2.352897573825782,-0.9049007678573713,-1.6993786715963584,-2.8369564593223515,-3.7733832090337174,0.7945930659506235,0.41876072355896987,0.8290293739599042,4.567956504886062,0.6463924412163635,-4.0427356556753224,3.2760935833359746,-3.375811014158513,0.25840762711961673,3.2376530181618755,-1.6750083335844934,0.29218604532525205,1.6579307222259523,-1.0745502538745093,0.6820866152025573,0.11735520470361038,-2.4480698517399233,-2.960557981531643,5.808784994364899,-0.43499239641403875,-1.7815499984589227,1.8163852337813928
1824,2.1067819045371934,-2.1155369211612474,4.4232640268712515,-3.801897382857465,0.9488478782270655,-1.5614595056165204,2.433140500967969,-1.6933142572229798,0.7559902095474627,-1.3474271142516265,-0.24638548520097636,0.09799614615965524,-1.7577487665994944,3.625289138419358,3.019964991001398,-0.7065462604845045,-2.6471646847520685,-1.5337944175846498,1.4063030988555063,-1.4129752336239285,3.0268148964862682,0.9490489936499324,2.1751625302134716,-6.14435428558286,2.4675387536018007,-3.0212911351308165,1.1696485134969095,-0.6585273970388723,0.20459783352937144,-0.16196656845663782
1825,1.4689325718279314,-3.2647156837265108,4.5944145756328965,-4.1994747504775205,0.8471012536953189,0.5537420330481684,3.0701562124837665,-5.457860138741161,0.19408360279473147,-2.653450536412924,-1.1740709748863045,6.021141834761405,-3.5431556658635373,1.8811371821649878,3.2367006080755196,-0.7754508674693881,0.5215498771168185,-1.3207811340243385,-5.203332078375304,2.797489508553742,2.2104070866431726,-0.5999187461275337,-2.486956562895987,3.282310792200292,-0.5526588137434558,-0.32016646575705465,1.6290693018012021,-0.2205642851058469,0.9824123221559837,-1.5180920593490566
1826,-0.4112068123232433,1.5133137063900541,-5.363101096232178,3.345946800989438,-0.46902201978244773,1.384069420958662,4.455004674950967,-5.807842380843006,0.827222017794897,-0.09980852020719944,-0.5496343454578243,1.1750585537616907,0.2437565932820398,-4.11798374524014,-3.9404002434855254,3.8562772077716048,2.296975394108525,1.6613747935635423,-3.341556919490042,1.2042802945896636,0.480573646837815,-0.6056665452581935,1.3343950403073777,0.9279744830117558,1.7481708643925096,-1.7544753073570263,-2.1986726824498852,-0.8946118288420486,2.6282256340742585,0.4713633201839418
1827,-3.64240190540788,3.943563749897482,-0.6035556342383437,-0.8408901499047303,-0.5567748550628489,1.7000587947166057,-0.3741079674716339,-0.23944656948363274,0.4405419293344419,2.0810046586741144,-1.0551965238808698,-0.852795527172912,-2.66461718006758,2.084209684547499,0.9854027421494997,2.391708639344497,-3.609011387194281,0.8123075012204062,-3.4576350437887307,0.6539286828370336,-2.017960041817389,1.087785769910294,1.5843778835105962,2.1495027493465635,0.5593948987690958,2.4954989600349613,-5.9338715587177155,-0.17406027536456303,3.4100010945903847,-0.35696311931042146
1828,1.5303421793177527,3.6574076249871013,-5.578960817686756,-0.42063411231135817,-0.7440233206290687,1.5558684463226395,0.40530912711804135,0.3443104280084306,1.242266925267856,-0.7332815367810763,0.2652427121660379,-1.523847655779786,-1.6026579627061555,3.0678486362669872,0.31852277287661934,2.643892116769532,-3.4765048027900747,-0.9511007604168036,2.093908339486287,3.045651364807906,-1.7861993376990348,0.06548083573748809,0.35045114139722955,-3.7692923437314896,3.4930451823261848,-3.9576751560564567,-0.34618777848651305,-0.8208909357459735,3.4229977162273215,-1.7912890282628506
1829,-0.8389063601666074,-0.13446595530261618,4.080836274232983,-1.4603198213834823,-0.8674629530983691,-0.7796811842815945,-0.7999477937705528,6.169431540634985,0.15073785984852606,-2.404698515340522,0.008567205060809435,-3.1240902964337387,2.3667227197882,2.693179497881591,-3.9069175205366697,-2.2672004803982766,-1.260951296511383,2.37516707977667,-4.440468853524692,2.2375225788269475,-1.0679888339801291,-0.3041704494180477,2.9645070283143884,0.6105985297799563,0.5668096895623052,-2.1615717179021416,3.9284465311034573,-1.1833124257531802,-1.813129534973461,0.6627574579647391
1830,-0.4345565995967231,-0.32726718821949774,-4.921516158031501,6.109742020426715,0.39322313582526736,-0.8196252104039417,2.112775542787361,-3.944716268920601,1.1303867736746627,1.5704676861853777,-0.15088999098779876,-0.7180237427395078,0.5229446702339402,-1.271665929557459,-2.0343024615678758,-2.1446680858451934,3.1730799094164226,1.7546118973202773,-5.906270051994806,1.9083870409443673,-0.46417716366809536,-0.2905213550015944,-1.8253139279432826,6.57789545766186,3.3751115403090957,0.0015382575302389512,-4.334749477272382,0.07640161718529193,1.8584133752846803,-0.976715313035232
1831,-0.08430002039446904,-3.127573091517778,6.091634381498491,-1.4495873032252256,0.9048577031726484,-2.3350316695333886,5.852134847675416,-4.226835957589049,-0.5651019495033944,-0.9136273180550507,1.1398682307369778,-1.286437853265415,3.2070595881739123,-0.2776119214195134,1.7078153149751785,0.7727455601075874,-1.9122672259550946,-3.4977413158819814,-2.7462033410197506,-1.5401402777175672,1.0771109330038122,-0.49325135136470966,0.9809911045501103,2.7214929325465604,2.157104319779801,-3.433085257172987,-3.3643170993416582,0.1895515364786986,1.6971534932220536,2.7535930070357786
1832,-2.68832617938744,3.8031190169791813,1.775384421345617,-2.2793898342057375,-0.5845565618887276,-0.026230862842608005,1.3504919848641777,1.2839002213712973,-0.9213499054409144,1.7779699437440541,0.7922109724534856,-4.283223216992621,-3.108031795061084,3.6289555616228526,-4.172597686361801,4.027096687879052,-1.3779836673634946,1.0025608992845605,-3.298467042060661,-0.6119690314918422,0.0440209863722707,-1.0354171576491171,-1.5386065403556266,6.44043878518346,-1.930361498518689,-0.8603820009649361,5.054270654885727,-0.9689889436640726,-0.89276703341916,-0.40177117831721354
1833,3.6305379749118103,-4.944190323729316,-2.2677747324927218,1.4888503353959806,0.8744337569378078,1.2181429889767141,-2.3638186553213103,-0.12105351605917036,0.5039695920654346,3.4332388883326637,-0.8171637483492367,-0.6351725606688525,0.4964077669549063,-1.0957228610014642,3.7213455510701188,-3.7797909198963744,-2.105663623198554,2.763424086071442,-1.3228737818674539,0.49280542098829194,2.8645146114561832,-0.121812045726168,-1.4474962112166505,-0.4651379936357003,2.3679518140450178,3.874292816925802,-5.412756946769658,1.2329827726207538,-3.3009016590506715,1.2384312022303945
1834,-0.21912425488340403,-4.31189366786721,4.552724086118467,0.13873463890957893,0.5183027260630166,-0.6787435283401901,0.3676991765423452,2.569362632108632,1.164265010313028,0.28247524926828227,1.219890117418129,-5.6036921856509,1.793426926000258,1.5378039650446809,-1.0587737334843972,1.2945653324519348,-4.238949832565616,0.6719273425532144,5.968965052331431,-3.31685095860189,-3.442501142613068,0.535262929055051,-0.037121994349808674,0.29224611417676627,0.824717393137977,-3.584616187996449,3.9042170562685463,-0.9601809640089689,0.5637363665899073,-0.7478736639893864
1835,-0.2805383584669485,-5.285528280130951,4.663515060353461,1.8694906515052914,-0.04384420475977224,-0.9230948685007974,-2.6305343885689325,1.827831773417234,-0.7748252363262189,-1.5205469815614396,0.560600296841792,2.537474536197088,0.1576839731979902,0.5838418386793158,0.4289443040852241,-1.3953247563778373,-1.8061126484762156,2.0309672888915955,-5.5015040226274365,2.6677586039998857,-0.7886202697814628,-0.2500379805375825,-0.2891891797197914,4.161592848664839,0.5558853630809146,1.6529808599981841,-0.5076033368210879,-1.192588434255304,2.9011483074952515,-3.409822759496331
1836,2.220499792338277,-5.479519213999083,-1.8090564035945178,6.1049814446716475,-0.19837886660316162,-0.8385267528128555,3.100106634463909,-1.9462853189063196,-0.5218061940660448,-3.2538811890392854,0.18503301643283354,2.436833051114487,-1.9923372485865176,0.8630554459888842,3.2134461705537234,4.218828242370044,-3.958882608239641,-2.3441100020863903,-2.0045687536693215,2.384051305639886,-1.2488159940744623,0.3238278943922124,1.594638700496576,-1.0491331527864496,0.7824675110588615,-3.5325870386256533,0.9418557558575955,0.741598689940596,0.09880587729785262,0.9678592044723668
1837,3.15251528314986,4.613939854765835,-1.6375253507752348,-4.814974898391014,-0.956913203739282,-0.35704168500984146,0.8693696075706505,0.11587171685993525,-0.44896654474520226,-3.5890719001329305,-0.5259944368320619,3.57879155727921,-0.18352680484432327,-2.933086535789533,3.6044422626869626,-0.5275565853619568,0.8679504798362281,-0.8282228165272869,1.504771924393939,-3.4123383386240516,-2.6452552583708844,-0.13856809670110692,1.6601753213054593,3.031214447995133,4.053229350817915,0.21027022681981578,-3.348480726437618,0.781635592515749,-2.7143056925929816,1.0176512488787033
1838,-1.1728078491499616,-0.8430162047199268,5.054417693660408,-2.0462978863097767,-0.011424002383471965,-0.9808717510969487,-0.7282664917758765,-4.330483927280024,-0.6528487902704674,2.3804640174079736,0.7678824725737812,2.5632527193441916,3.1436955065087595,-0.6723110834060648,-3.061598134693707,1.4077844793744667,-0.3646219466955607,-0.45294882108780676,-0.8009618359182795,-2.77597180260382,3.035994781480632,0.3574866617389496,-2.1315642431835595,2.315016438484591,-4.801218628061303,-0.6397520820612996,3.756296107396416,0.8634871593405471,0.41975361401061306,0.40143382937656646
1839,1.792893866703544,3.1669562074604016,-0.08572532016876622,-1.9072033135262991,-0.6919911222989139,-2.2749303181696554,1.4490768839189379,-2.5365618468149727,0.7840228037553629,-1.2312718963493463,-1.0013536033202977,2.536087658809894,-0.8008992420765715,3.75344370055927,-3.0819003819397466,1.3977228545395164,-1.6005173533708223,0.33215042228844815,5.12669215115179,-1.1217682287029263,-3.132615603756383,-0.6105658848871709,2.6168646771146733,-2.8786071109215072,0.8249323215855107,4.170886893105898,-3.9892606106723107,-1.1766846145626038,1.023260416388979,-0.853134405843937
1840,2.1770580723716257,-4.8764882457208465,3.9278421098992204,-0.7330823021159105,-0.40566591836166355,-0.08966371607209744,-0.6561926133148397,4.275057675637985,-0.5922715372515528,-1.1544892433474097,0.032515510441919915,-1.9046197921665389,2.193486243527321,-0.35546740852517544,-1.748687377014262,-3.834590476487257,1.4927407319661619,2.2525182865332702,-1.1543438986967658,1.4537951323539886,1.324925142187876,1.0337481176477858,0.8027704084035534,-3.460894901897948,-0.49892261969850793,-3.216908148202865,6.183698032733709,0.559164088558127,-1.4464972786835268,-1.5805340747053869
1841,0.4805512782539676,-5.396122776798823,3.228766160820932,-0.32978542169064085,0.9992701013458034,1.0173206580690834,0.642731555432384,2.757702671077073,-0.3796217233000423,-3.2618358821295654,-0.4227859875839215,0.6638093665036315,-3.0715553208123865,-1.0257617927649036,4.220667045769918,-2.577326051063185,4.196631292292558,-1.7426551734219498,0.9258677237162054,1.9836685706220418,-3.9061786897756896,0.4267518987767973,-1.0443698438955344,1.6142603405546794,4.11197737294059,-3.746920033255261,-0.6531941977478901,0.5338360067058217,1.326617023866941,-1.572316172508632
1842,3.484465011653061,2.1229223502066112,-1.571372149662821,-3.821904016067755,-0.8028788143748344,0.5887676182460719,4.524369374446973,2.1828990340295853,-0.8747031217816081,-2.842630146367588,-0.5934070308183301,-2.396528109509436,-2.0188492252417873,-3.481783527529398,0.8399195856815673,3.175138897336783,3.698302990913785,-2.212728721160884,3.6602141614316075,2.058732201186924,-3.5325161125848243,-1.0153188070854164,-1.0177137546862483,-0.15339768826352795,-2.100829919928337,2.167814937044234,3.831192994376945,0.43040302482459225,-1.50821014215372,-2.8203708941621493
1843,-0.7484116560542677,-4.753758003724862,1.2730459666077216,5.767534857982213,0.11060320160853454,-1.6490143664190064,-3.3809453020094864,2.639583084212898,-1.1684069842501734,-0.007523924812987914,0.8327338730988849,1.0845592537604531,2.5640882390480115,-1.5051107575679659,3.492863996560203,-1.7568428881668723,-2.995788583132901,0.20078999325959757,-5.700753969394757,1.2650974609667678,-3.1217712344828517,0.21176245645868885,3.2073581823738877,4.138307104076766,2.827743422753727,-3.3697895309782915,3.5557448651065506,0.770104051508623,-3.1602128401183123,-0.6235899682707355
1844,1.7633543819946311,-3.1567651031928996,0.47534817627720827,0.3076409611738846,0.5940177191071818,0.016403864640299304,-0.8617950054868118,-2.5839052845347332,-0.604739675397596,2.0040211913165074,-0.883329490345198,2.9297482644474115,1.7933489795675541,0.8904209804979573,0.20851236245123062,-3.5749578799892223,1.3270102537401698,-0.6443346962675935,0.20329934168419328,1.9108057910619607,-0.20978406562992546,0.47654504417608834,-0.8794716127610371,-1.501394498532754,-2.164125579235769,-2.793532903307863,0.802945090821563,-0.7105192514763434,2.575454945261413,2.2897776979385576
1845,-1.0877240428615096,0.23540878635234463,-1.483272660283827,3.6945656638784428,-0.5906868019770468,-0.768290945108081,3.171530203308258,-1.814406513120666,-0.4628938382368082,-1.1244268142313913,-0.9911038543844217,1.2213008166645984,0.4525039339750734,-1.8840633458776193,2.7944421586193293,-0.6529752138635452,-1.4636813553741277,0.7537738225209853,5.56031231617882,-2.8282198688465954,2.412293370428724,-1.097469432006816,1.485224761475159,-5.532141147230753,0.7770769704936065,-0.7875153129510117,-5.79249149812027,0.8522998579869583,2.2498399274569074,2.7007900551353465
1846,-0.17312664346923867,-3.6400566071451905,2.607394276793169,3.3713558305786044,-0.6677555867836467,-1.4978112699733739,-3.35207485725072,-0.4757408446288487,-0.9765698851761719,0.013162860938608745,0.9534741247805032,3.8377486013361946,1.2617762055464787,3.5529681357034093,-2.0277047988294097,-3.0150275311430317,3.7726721111606203,-3.5446841224379337,-1.4465974517851414,1.1976098959967612,1.8772985783636535,-0.168583427322349,-1.1186957401270643,-0.34103185512732637,0.7309962828686523,2.8357637132416045,0.5198320437701831,-1.0610032821191684,-3.187641286328361,0.1620525285686174
1847,0.9888680190993977,-2.6913844755853873,-1.4266293454058818,5.14584489677123,-0.35310762155675124,-1.6635914733222528,-1.6098791145895923,3.56510283306255,-0.3282599226275842,1.0599770550162617,1.0272316377153121,-3.7141724885773932,3.649533911190641,-3.177430029632937,-2.7186070834694593,-3.578937949965786,3.6408418951081707,2.1845992567694914,5.6992283447437195,0.009159019591544748,-3.027771880318964,0.8362376786802344,1.8215171515570354,-5.338370314255055,0.5044934431025823,-4.911420347554948,-2.2793740073565303,-0.017459763919853266,3.1281159346754634,3.575644741054809
1848,-2.6956746317332296,3.028998554154711,1.2454305605767324,-1.6217502382671967,-0.34815047726864945,0.39114623253797376,-5.163154576317453,3.1362094170197317,-0.48552655959403257,-3.584534870385948,0.28835905386721894,5.808647535410039,-2.2066019127974403,-3.7206626420907316,-1.1322334493173702,1.676478958563962,1.7713466045799962,3.611672441061696,6.189061020034412,0.025082144173856236,-1.5392537773525703,-1.1895146341165947,-3.043598521403304,-0.4417762313372897,3.2374646315541895,-3.8997289812763434,3.376789445988962,-0.5041857473182363,-0.018175205740295297,-2.19216414320673
1849,-0.2178619645982156,3.6712989920894046,-5.767511229870205,0.7256004409597736,-0.7321889617153672,2.320662723134973,2.810462725115304,-4.708707559636931,-0.20813538372135643,-2.0773017496145254,-0.5400262637276985,4.7237082315847765,4.1411345918469,-3.377293790489203,0.2053363602672995,2.005662188094938,-3.174692074487332,0.19985272476751348,0.7085988260128815,-0.5551923501316836,3.076046503028387,0.5291170829660308,-0.20061306468505435,-3.557956997192072,-1.5866877924240619,0.14879438759321673,5.287232531921909,1.0404021283722322,-1.6980707483557058,-3.1916705071060374
1850,-0.498016836765224,0.9740750011580097,1.425924413106877,-0.4030243348235203,0.014930461113300986,-1.5138887037890765,-6.0049202321977475,2.6609827214001918,-0.7374346937210676,1.0504844091420722,0.542340507734334,2.4885472876417793,-2.159480821502374,-1.5695501493644919,2.088322630233961,1.2598901163007028,-1.2477380919261716,1.6285563162584857,-0.9613949590150312,3.3459039943451323,1.7792961740885893,-0.9093427254227056,1.2503838985083853,-4.504846382505871,3.464984810585694,1.0529534636640072,-5.766152111990593,-0.18531247654845906,1.9308624578183213,-0.4973361435274164
1851,2.961018113732713,-0.2757834561105277,0.22805380197525693,-1.5516552072234973,0.6491125995813336,-2.0107458519549146,-3.8793531914997104,4.525946673289791,0.16237886545105695,-1.6906663956390915,0.8780316313073557,0.0036624170901440323,-2.035006050631779,-1.3337506197122782,-2.2530400751765445,4.0942706077498805,3.7744019927830017,-2.2468758550121954,2.8460191307836666,-3.4801890093546852,-3.4160825524386578,0.8362081988942043,1.3703132020333317,1.8437310300806615,-0.46751708155635185,1.3242772984331097,-5.543189494070202,-0.4267724935140942,2.370090967815308,2.743110802893799
1852,1.0372314437604437,0.44007568517168494,-3.4170962224863004,2.4144897439632977,-0.8296137216887334,0.35491307127998617,-1.2509770134778222,4.966845622985208,-0.9726287552597199,-0.37574493947683507,0.479470574404262,-2.8469654891755525,0.06843648378817946,-3.3079093112952993,2.471902654315894,-0.6516452902304763,1.1017958513078732,0.31741961211390546,0.5028934731149732,0.9508720689527852,-3.7136101389026805,-0.5902628559117078,-0.14480666274259235,2.994914115487738,-1.3997960816716422,-3.5002528809425897,-1.371464353192664,-0.3616471828718355,3.1458479139239692,3.4873125847563244
1853,0.9471759735317846,1.6026548444588258,-4.500013483479055,2.1045960603981086,-0.421029678918035,0.26661628400874093,2.690053366897992,1.1523046536687254,-1.0028874576857931,-3.401778280695506,0.47341384090802574,0.08889387690610562,-2.2394705341744583,-2.6606959079305064,-1.1860695642556998,3.3714272505503473,2.40790535877559,0.30690339703482117,1.353345853574094,1.7287603246531074,-0.7266756978560718,-0.7009861724927973,-0.6824782285279554,-0.971966079351855,1.7000076857370132,2.709008460971255,-5.935028688382033,0.9042038381847552,2.7533086235477207,-2.131499920057113
1854,1.9959410373156388,0.014840316523798691,-2.373191998485563,1.5020659479522145,-0.41439905264610544,-0.7252562506595925,-4.353812012541113,-2.1515540591358437,0.5743856012269317,3.0902444450244495,-0.9942012798859254,3.8349373053110547,1.719739781168503,-1.3796161461838015,-1.2314527208474342,-1.7681832038672791,2.617256277675086,0.042256012055045034,1.0850440699523354,-1.645756823326689,-1.8338438161453965,1.1827044525612669,-2.6739484866360907,3.885800603593104,0.0849581246614477,0.8157665756198753,-2.8139992189441188,1.1604433606256483,3.5953246954003575,-2.842493537361605
1855,2.6052570599245684,1.4505691136434429,-3.2848875794853107,-2.0966949632855503,0.6853205950662971,0.640435774136936,-2.9003665087650994,-1.6902867833376867,0.8684430616153778,1.4414438989881866,0.04882506766289563,2.231941263835882,0.5581715258284596,-3.0849395923731535,-0.11562303244674155,4.098124498533082,-1.9097488332114718,0.4540154336699409,-3.9738597398001083,2.3952286077521023,1.4747843607990845,-0.3391901984689625,1.7557525353346577,-1.3127155656182552,-1.9137740967104193,-4.3978966611658805,2.8369300582244428,-0.1383835358167893,3.1858985606620394,0.4272256748082359
1856,2.134592685374507,-2.3634451863697237,0.7074672460677398,-1.3926852302625647,-0.1740794318339005,1.0881499170242908,-1.7591351298753644,6.117252387063257,-0.4582166118016886,1.1060333233209114,0.7486672967841637,-5.754601265491736,-2.79241371027339,2.194382482188054,-1.5477403191247898,-1.8263086929556653,0.4688280732542296,3.5032521669116683,3.7858009042513103,0.38809162350819904,2.1914393582582044,0.9622335355043328,-2.0611853965870193,-5.266380024936563,-1.8873709262992833,-2.0894548447771015,1.2826284165895814,1.1311051833764605,0.6239010551018005,0.939191116010182
1857,2.157183900976655,2.559588683135267,-0.09378414778270994,-3.6365540146157933,0.984998483748273,-1.9714329054613522,3.8900742122836327,-1.0780792453127184,-0.8398838011787326,2.1616898917026575,-0.5647156686027861,-3.5690853888925282,0.04311460956360591,-1.704178557940871,-2.7722086086257622,2.774778333655732,0.14998325566935833,1.5085109676780277,5.278399741674761,-2.695443124903898,3.904391081271662,-1.0531929212304743,-1.0530625242022822,-4.381092252611328,1.3777128948697275,2.5887971244639516,-3.590753171329915,-0.5084190640613331,-0.11340647850995644,0.24606869456914815
1858,3.1787944242538764,0.8447022125665811,-5.9490371612606125,3.286491021377241,0.10775099982816494,-1.4687014967649024,5.153388611422528,2.306155433970254,0.6492045489464555,-3.0290697526134416,0.16958294287123366,-5.249261784597511,0.11892026568182956,1.4941286308494455,0.010757217195912716,1.276224060268067,-0.033186035998880925,-2.8668441379962974,6.0907370973034425,-3.0327314022361254,-2.1104194257124895,1.1569474064149254,0.9926103355650842,-3.0971440113363755,-1.7616534165250854,-3.386099142232222,6.2339192436490976,0.9365318746432516,0.8941943423840701,-2.9168929019174996
1859,1.8447474932009875,-2.507789787067175,-4.351194387422957,4.798106205879289,0.1279690708678789,0.08816140454228716,-2.894902858487942,2.704978967376075,0.5717729660422926,0.7842890537999931,0.08942123344843722,-1.2555593621793193,-0.061475109545266804,-1.6640475340557899,-3.9972544408781125,1.2475356259903734,1.0507446847022983,3.424496773786572,4.990268207198916,0.4877488064993898,-2.883274421767135,-1.1678297225673928,-0.2884670570658834,-1.1384458122994232,-1.131773312431438,3.1978065683335863,-3.2426409739214,0.28486757729970247,1.845977229136249,-0.954237088415109
1860,1.360374679199463,0.1475186718153232,-1.1594710680962095,-0.46221156997099655,-0.36387633289619115,0.4776656199489029,-4.141345132079589,6.115261675423273,0.8943643929973808,-2.592837610629683,1.1845403694266867,-1.4599836951385576,1.081086869625846,-3.9089053687426887,2.259461117969156,0.7563670963698748,1.8578486346417478,-2.0458583498638756,-1.8948005507241348,-2.2733839464754073,-0.021660280949692634,-0.9986274714035943,-0.5465050242796341,5.734977273830921,4.701149589854481,2.8057213984792924,-0.800249591283297,-0.8069737674004758,-2.9508924282401914,-2.948755201408243
1861,-1.1908909289126246,-1.1968652077266064,4.670453160201124,0.278075038994416,-0.3451835104340233,-2.2155885521219894,-5.109332628287671,6.147340253114123,1.2135508298486437,-1.9317433160874966,0.3813641461342838,-0.7011792847223788,-2.329443735735749,3.0697919988042557,1.6261286066395648,2.1465202941467005,-1.4948412881669189,-3.0181558756878406,-4.919632827273016,0.9800025870309721,2.0828012844757353,-0.936144281823923,1.6269896804224029,1.1659835571662818,-1.5443548061642467,0.5500011859094514,0.8334336504628546,-1.2454815471683762,-0.17894845904908863,1.5853499760109742
1862,1.5488886103665251,-1.4912546307212864,-3.044966517912151,2.914637839259722,0.11015856865737916,-0.037463869649867476,-3.209700327397922,-1.9382282828841078,1.0114223365837454,2.602767577989585,-0.9698150896527817,2.5035537853610172,-3.0697804332452137,0.11989580920402432,1.3259253611473838,-0.2186897868442621,2.491098108654498,-0.6484490589164196,2.3850025629472285,-2.272293345971528,-3.8914085001011856,0.42667372172484797,-1.407119217711923,4.759144779111022,3.6581057447672904,-0.2882608554924033,2.5574583731937572,-0.7840895908502343,-3.1703700266347763,-1.9728436449820315
1863,0.3098776719279357,-0.9845751523402875,-2.2873454689880255,3.0026853902802024,-0.7380570725686177,0.697414631689119,-5.114529188594407,0.32160178958670826,-0.24347868890686541,1.3139349476455102,0.9837096230570701,2.738761517211554,-0.5673820999805663,3.3718476419818053,-3.716012555165481,2.361945444258968,-3.5962537789263163,2.1458553478316205,-0.174114425730302,1.1024795701762802,0.8003285347074574,0.6495141787258767,-2.5400172424700997,0.1618093845892652,1.761290350112798,-4.425465468918114,1.6857714794658563,-0.023000855874817816,-2.506605760572228,3.5080102557880757
1864,-3.0229255904166816,0.3402129949249115,0.5257574975224912,1.5137020839156108,0.31896811536384373,0.32428489869016985,-0.24171644388205848,0.8485342239254727,-1.1536391771672543,-0.39484796649113285,-0.2514505008678558,1.1931198644824192,3.0253287011089824,-2.2025920634591376,1.5482848218764502,-2.5498357766742252,3.725508698804923,-3.546694381656952,3.938170603948599,-3.038203879838786,0.06676580008873856,1.2339979592533803,2.411285986780003,-4.6120164702334385,4.512157580106777,-0.45877225268192134,-1.8646570523223112,0.47648144570067075,-0.44697268603386675,-2.2182370347677782
1865,-0.9853760853195599,-1.6416622880189138,-1.5888322222145135,3.4301002725824503,0.6862179524585836,0.0995523705123258,-0.8686596296940259,-0.150919138102509,-0.23871095264642328,-3.5708087101435577,0.12164837321687916,4.7074500573692255,1.770857723407694,-2.8180750901277207,3.526007694677876,0.4620323891805995,-1.5186531355509718,-1.4221695815874469,-2.330800239527335,1.2268233738536267,-2.9012875229698345,-0.5788311512517925,-0.8361119562852064,5.420207496179081,1.6500741591252215,2.338265795264814,2.0873445156631902,-0.8454021761228772,-3.4622057728866142,-1.7680765210421594
1866,0.3300681407502104,0.9237730989181472,5.926309772209205,-5.073988265809895,0.07307801655384871,-2.1792407626211663,-5.704313590534305,2.5781730898278923,0.6402523692132629,0.5098748872470384,0.33034783038128523,1.6456654138644105,-2.2844223213001555,3.2453509425496208,-1.4002934479401858,1.2229223223806152,-1.1501647979184337,0.3666073022285943,0.1787250649499228,-1.444809614362324,-0.253277842406856,0.9765267802751243,0.8310298586634879,-0.28819424712080277,-0.5016602101013703,-4.347046580588222,-1.390983763775644,-0.4428812853632538,3.5472686476791644,3.1353031921509036
1867,1.9638875123771378,-2.9178134112016743,3.9731873100154758,-3.2361162329222886,0.06900729143236228,0.14784753029930897,5.443723908266033,-3.171882366977151,-0.7988891128514579,-0.6148313033413686,0.15336960460513094,-1.0114907297015954,0.9532557467115765,2.46550229644793,1.4955030517432917,-3.2752873978530754,0.23086265887134516,-1.8698363559209845,4.596169592035572,-2.6311780406937615,0.032539446723479415,-1.2311474258733153,1.7428807256319256,-2.5092642978253714,3.2938647284168923,-4.595178578023811,3.4070155903602277,0.04149155255381576,-0.3241451576372487,-1.8230481356683228
1868,1.4170284365544212,-4.226260242054185,3.0767561596919997,2.4233250474819776,-0.9163179786837556,-1.7745314229901243,2.093701728669661,-3.323487058153379,0.9988458130518829,1.2272190329734656,-0.39083351336246164,-0.6054460031795799,2.98287944546761,0.39521221134873485,-4.133239558052425,0.8163451198349705,-1.1393676453749144,1.0781704267760865,-3.953497444568395,2.609397656693968,1.587419272570319,0.42407938682056656,1.46140873188493,-2.1288076034028656,1.3708109956796086,1.0898331797920164,-0.7516872628199174,-0.927826583846171,-1.2344254817019813,0.45329515289796696
1869,2.3074308088610707,0.22273852812000783,-4.517197072059947,1.456647398579051,0.9104702573494783,-0.3800899208493753,1.5986346009196595,-5.868424808029673,0.6791000554206699,0.7069312313050098,-0.26633292005296916,3.150091840436879,-0.7652920049985354,-1.926878062123535,1.2279324558339901,-2.845485908959354,1.103848915899512,3.205874604348022,-3.767405337652715,1.0110212757142225,0.37805657320056696,-0.4488798026273404,-1.3621305932329832,4.189337884596771,-1.3677260079625277,-2.583966836779876,-0.745258472905217,-0.0992860694244726,3.5337833967254255,1.2624539903482237
1870,1.3177472893161735,-5.136137595638637,4.731703908049649,1.4525562243366217,-0.6697019774910904,-1.6961678485724487,-2.0129137535218184,2.402590411864523,0.20650047120589932,-3.1471636341873808,-0.48608652964083454,3.037073034279185,-4.214151242667404,-3.1986059635323763,1.4144828803354272,-0.6904150463208722,3.0251324140143048,3.6635569581709966,5.475934149061622,-0.00044822574166936135,-3.548188414615753,-1.2112513520945005,-1.4987335147351732,0.7826873581240008,-0.08939820851170666,2.255594198666401,3.336527605556242,-0.5179447064402432,-1.4186899902725099,-3.5660888989966484
1871,-2.5147287704798043,-3.4011573375899395,1.9972688613808032,3.9182573467337924,-0.5525856009266514,0.5529455008820463,-1.714528396374817,-1.3961580364545298,-0.2185435482275624,-1.3184083497320316,-0.5842531024708393,5.231891433259346,0.43302893255435393,0.22508153343907367,1.9033861505030565,-2.2190192320947624,1.0296663781523705,-1.3721437625540123,4.2478727274747285,2.4338547020941057,-2.831035417217805,-0.11436770353001702,2.754127406750861,-6.490451715573361,-1.5320696738922663,-1.2454915891523939,1.6785380861139352,0.4267162208173092,-2.784096213274509,3.4564031693894535
1872,-3.301672891622543,5.459424573281197,-1.3019008764197757,-2.1003304107268335,0.8350780940672271,0.4094015114209544,-2.8350453399073636,0.705308958723446,-0.18064634922093692,3.261520099409889,-0.06260313624350289,-0.8885342327619696,1.2659877937167288,-3.1323540250903097,-0.19413788404027343,2.292851540161454,2.848359322648122,-3.080706747395629,4.180478816494958,-3.455013102739313,2.102220003866993,-0.1699674544423866,-3.0943960902188916,0.43667782703714053,0.2344412567070009,-0.9801100407266752,1.1422160596690176,0.059841608974097404,-2.3420280814036563,1.8856391967817459
1873,-0.3847426064757009,1.5689314435783217,-6.005950875190596,4.460325792386644,0.4709764835252366,-0.10954023782366917,5.438179689821585,-5.053508188137698,1.001452825722497,-0.3341378651644398,-0.34858128899075425,-0.7034051732516389,3.389246787262273,-1.396329450491617,2.747693547916004,-4.212747926804017,0.004128947951894446,-0.5319919058344524,-4.059072337774705,1.7364835407290418,3.0365922584227967,-0.09261106922121609,1.5942049312240503,-2.2155973233814663,-1.944420532619855,4.722947323023529,-6.140595196699337,-0.6727079045276296,1.5438215449417214,2.4909547658831066
1874,1.4500946500682588,0.09129569515903668,-3.405147984634212,2.874325218745227,0.975823947727247,-1.9863915270653436,-3.6689286800993024,-0.7565353758680438,-0.07624689935303763,-0.5192168203247043,1.197556951647175,3.8233708239974717,0.931134180278157,-0.2839831900067509,-3.453789671933732,3.830148023273697,0.7572683211629077,-1.7807776627742058,-1.1577880334927002,0.5697287039880905,1.2875430862054102,0.9986912985691605,2.2739289692012346,-3.972104024472703,0.43854903211852303,3.3901901697461305,-4.033936147997139,0.9070381353906347,2.8505754512869714,-3.5524166405435924
1875,-0.8918253678350219,-4.554229873038679,1.4787513625434698,4.97785637222572,-0.27445473863927417,-0.7360977552559689,-2.8612061996695424,-0.05050352448744633,-0.11898715154761597,-1.601975372337657,0.7070191601321785,3.925653087909609,2.9933210274636117,-1.0077306416970462,-0.7439361686354005,-1.5650451402114012,-0.5062135436523967,0.829604466732718,0.7843037315560437,-1.6694704869639025,-3.808152270242795,0.5358470308161971,-2.210617322614169,6.3680893174471365,1.5344748346453478,3.6377742802392596,1.94122129834615,-0.4445043673872915,-2.977201856711794,-3.6917641891301365
1876,0.01582307433505825,1.2623067625809483,0.9243913539381907,0.16039321530531936,-0.3394233109249929,-2.023491095234273,4.379631796614792,-0.04666762660474433,-0.7542873625826667,-0.924554993059715,0.06285468218685608,-2.7169764965549916,-0.17899129392150215,0.5947265433615492,-1.1957636177037596,-2.4505339932810166,-0.459808783733358,3.690371145278185,3.563475592511594,1.863343964274053,-1.1534340810232777,-0.023640519758885148,1.2653792786392675,-5.515124234644233,-1.4566315336496025,-0.06908001489832216,4.154278088157223,-0.34279448627819775,-0.655316253537432,-1.630455799792177
1877,2.5827699555582058,-0.6487605714515077,5.403746306852163,-5.649852088233793,-0.9115062225128163,-0.7763973802119928,-3.980087267533314,1.7037552196517538,1.0910721601328088,1.9865375251527908,0.9525411646054653,-1.7538188020099703,-1.1027765955180566,1.0870639135061069,-1.8287408857972665,3.7079374975621704,-3.156633552669577,1.2931496229167188,-4.947678748389475,-0.5700430401808223,2.6460901196177957,0.2319002536418564,-0.45719253868736764,3.096923953996548,4.8455976116598585,1.9659467787776705,-5.463876757899211,0.23836474130680152,1.5726428262588819,-3.1586752001024987
1878,1.4807212470149622,-3.9851380451370275,4.234111752463804,-2.0467063121784363,0.32739119907307,-0.010379841236110465,3.773045121305742,-1.4901438233792241,0.5422691922842313,-2.4573686908235945,-0.41522020353984423,0.04741840415222498,0.2656600557380102,-0.016002840168990673,-0.6103263325236554,1.273973584587143,-0.8688980729436011,-0.04440639468882068,-0.4468837412047222,-0.527802450991917,-0.6169086562563901,0.23629105895860825,-2.9250729307502894,4.280376720243236,-0.21742935380738615,3.686304196508569,2.0412437264709027,-0.4331217383757746,-2.0785366672383923,-2.9984601635564037
1879,-0.6657521124809556,-1.3931248338802433,0.9139255830114621,-1.1905066105845457,0.08563448050961275,2.2498234934249375,2.1752278225469013,-3.835580472031303,-0.058577298499678854,-0.16294789870390147,0.443667773764993,1.4382100729225158,1.5689844923447538,1.9696790713105976,2.2989628730367855,-1.110114809763017,-2.95463868488493,-1.7728729420440672,4.008781644830002,-3.1909010686391728,0.6933845304741517,-0.9509860655825353,-2.398229658294863,1.8379506172109217,-4.382209751967979,2.068667463592327,3.0186013488093195,0.18428868755083005,-3.3935908455807144,2.5042430975977403
1880,-2.6568742725341323,-1.3872915681976146,-0.3516393140165519,5.947011966840876,-0.2625099765631338,-1.2886968355291852,-4.162115396979313,3.391072195373699,0.13885014310753707,-2.991736457901167,0.5523765575112778,3.071552958887466,-3.688107979934859,3.6385232550769118,1.0374874660429079,3.264502425689134,-2.1783962882216557,-2.07400887865235,-0.2299908517934206,-3.4340458959844753,1.032959887074469,1.1646868492554114,2.2411530190682143,-0.7747630076217007,-3.9135061919376426,-1.0262874520769998,1.9120732123633886,0.37200434982422603,1.8300272080922788,0.8256888737362988
1881,-0.3964528791598809,0.16395726536283206,-0.07917875487961012,1.7700522720326184,-0.5421895983707068,-0.9161883049850044,1.7184185386108624,-1.7560464857790699,-0.909227624568242,1.8879628851179575,-1.0655086176346074,0.12440130425259,2.736365013959553,-1.5799349912007798,-2.012261641339114,-1.211762649794478,4.184031193010533,-2.1164369246356376,-3.138330781670188,3.4640362742133277,2.340999767468567,0.4523812524335975,-1.9611375745349378,-1.1579489379118613,-2.362622014652043,0.48767487536776954,1.743396999850038,-1.0110060151294178,2.4958206239806913,-1.3532644694154907
1882,1.3576051489523557,3.059405974787566,3.6450477053867267,-6.003865006326812,0.39248753137262193,-2.4506813541721897,-0.45497223117337526,-3.388694772383019,1.1770943595706997,0.10123175579006016,-0.5894309184270234,3.154771806622122,0.005659572862942497,-0.5502005961286329,-3.515005105003956,3.6917779967008713,-2.5422498526827297,2.9100179842515885,-4.00951532762851,2.1761097022634637,0.01971138054894439,-0.7027398162671679,-1.9157378510648133,4.432171912146579,3.1992399923050456,-4.743260797760444,-1.1208946400389586,-0.3638558314924847,0.9739884778569081,2.054782799131459
1883,3.089502904791143,3.5192499817680023,-1.6983714966525731,-5.6486454225265454,-0.07056655237163767,0.8088305849918633,3.8965992325827052,-5.155762673910935,0.3776041032653614,3.444559384552587,1.0255796988258838,-3.5885797453161103,-0.10637829780377928,-0.6177852024167336,4.129801058060512,-1.0160077317036933,-4.14026074346021,1.7506309173239814,5.042131594680235,-3.003292139733359,1.077754668869357,0.6422057048147858,0.9184355836923501,-4.677235412324876,-3.170028519544733,2.911460766308519,-2.420868873615806,0.49194146410575623,1.9888941869454477,0.19860097580233926
1884,2.7806308577636827,-2.709762268874602,-0.12968509922850302,-0.6514631997294309,0.15334246925456174,0.5569372408145767,-4.831429873836406,2.7816482055737133,0.09297628291325566,-0.17588030659425336,0.5229629505262734,1.6097227414169133,-0.8722383085768612,-2.239822325144182,-0.6053373032950304,0.28323731098928917,1.6802581113993966,1.753902514627466,4.264511962444903,-1.9925972338859612,-2.0447845745625894,-0.11021889059468304,-1.311454362022637,1.1945430986194552,1.9578352881459757,0.5445317843462121,-0.16717627341603958,1.0120656253086082,-1.38266261722789,-1.9645938071553317
1885,0.38216799548398406,-2.0905169897790756,-1.1020281673062087,0.2163501610109293,0.8082533201957167,1.785773680394966,-0.5626934358938662,1.3078209706994741,0.9912991541112319,2.813017661403066,0.7426831472065025,-5.292127497526902,1.0717704669002188,-0.2968563884467912,0.13139496634087067,-3.604388970220123,4.166496375856983,-1.4684164504310733,-3.482922719251551,2.4926186224109337,3.1843705139966083,0.11966781575034524,-2.415409769591859,0.1016755366840485,-3.7469968730229652,4.343107513989018,-1.1373812950411732,-0.8652470372352727,3.1028670565707266,-1.6963493652588078
1886,-1.1402084448007983,-1.7359703421449169,5.972682516213226,-3.710475037958375,0.5305062375472267,0.0834650711439835,-0.7410976812078296,-6.015862602503475,0.9018289408063316,0.9407841072919929,-0.22437654471917412,5.138723780331674,-2.505148588765822,-0.45770562414377025,3.2744428493248563,-3.378559989385794,-0.543714966560632,3.61068631953124,-1.6254406745995489,0.7819867886353418,3.100803249333623,-0.5476546888197991,-2.210082800107962,0.5003881255568672,2.045491293015413,-3.3296419819567475,2.2438189585851447,0.062053092909145846,2.6645048975198478,-3.6862262600712903
1887,1.5366426263462998,0.3847862023078328,-2.374633175190752,-1.5809794413991405,0.03931251040689254,1.994871277529203,-3.806755514025248,-5.24375641025706,0.35743325020632355,3.213107608418742,-0.34109910940049737,5.821070175057258,-1.8716024388304486,-2.0251116250309575,3.537387518518223,-2.9290706054366424,3.1182483475722407,0.17014880320766324,1.8020933409238893,2.835766757777094,0.0725267689687108,-0.9273218815537696,-0.2518315884003073,-3.531233397717102,-2.721104807348567,2.401602446444276,1.0178147338915728,0.34605006646185643,-3.4827989169095748,2.438436477461906
1888,-0.7052266899713686,-3.1235717221050976,2.6949796058854396,1.791841480030353,0.687938001580779,-1.345960675419775,-3.8403103181658516,-2.2443895182358737,0.6496349250326494,1.0976932555831844,-0.9077864331418404,5.245158088927219,3.52919543970582,-0.35004711305621683,-2.7855866383802823,3.176015963440779,-2.6063892826686725,-0.9631883690413581,4.12383705595742,2.488492441260629,-1.9261917297099966,0.17891000879510788,-0.9883633972481256,-3.876684379056531,-2.4360527461997386,4.326994415510121,5.712873235392415,-0.6894549611543894,-3.3008531693140455,-3.6135067742329188
1889,-1.119857788967531,5.360076066155575,0.21523141699117687,-3.759084361678191,-0.0739723725148358,-0.6223929599858558,3.238752145113981,3.9708440388290107,-1.207575527534325,-2.5387343097038926,0.046442444237161595,-3.5097287909424786,-3.130951487707822,2.378835468701485,2.1268305683404485,3.5270205523297697,-1.8177718917791381,-3.083963209884626,-0.4933200305679648,1.347315343116799,-3.4203833918244744,0.832689129541416,1.9313038858603075,-0.19760493612757557,0.12565596966720705,2.2480117467130327,-1.828557005127383,-0.6925119088077452,3.695144952650484,-3.5477437550941566
1890,0.3290693751435523,-1.1944230592476863,-4.0098943843245785,5.118343143399052,0.2977375629204704,-0.5408326378904729,1.3009117078392407,3.8061507131747554,0.41758691030795525,-2.5192766177697905,-0.31788631136387124,-2.6874864021888243,-1.1640461497509413,-2.179972447340589,-2.8511276443562714,4.0019767650178295,1.9083515368540311,0.2848179395760848,2.2713936806339774,-0.7998173235393757,-0.40327248749593103,-1.1305651584402017,1.4829023255213638,-1.420641036681321,2.763985537448246,1.3042267620479109,-4.274083106142626,0.9919025832378372,1.5868415073745155,-2.372873283964454
1891,3.53197824524322,3.3256127322180866,-6.001955976028036,-1.947686770918878,-0.4161798355380688,1.5082316050240188,-2.251023661597369,4.250058640554268,0.3785504455274573,-2.869863914679323,0.8799272783171475,-0.3876487881227675,-1.8755128446216496,0.0485984320004178,3.7712656968731935,0.2052170426578641,-0.5787610324057049,-1.570807294503954,-4.627513907125756,-2.8955145427776596,-2.896655072390896,1.1306137802730234,3.1540985285817484,6.134971213438057,2.9005423346151105,4.749594952226971,-3.109481772145589,-0.3018242797153192,-2.114246142505758,-2.1245850924740495
1892,-1.475114887336293,0.40542097807544053,1.487095704506391,0.5949129680755156,0.326649411939707,-1.3389641752604025,5.849057257413076,-2.0194320741830047,-0.13594571594180493,-2.2614772433494004,0.11111078754632242,-1.5433130114857718,0.160462432446149,0.3468920973166796,-0.46517103237843926,-4.055931566040872,0.6706326200690071,3.343115448587646,-5.844246328121088,-0.48829456662066484,-1.6838669465011833,0.036976918389600044,2.3539780569051203,5.625452865946706,4.96082151020509,0.5532188756632195,-3.1070025947476267,0.5152597731501869,-2.5013064914063285,-0.4209910728631936
1893,-0.20575152818842746,0.2811771032709025,-4.445856891342437,4.109796186401958,-0.3125023050773794,0.5731374349357274,-0.19902430936300064,-2.117904331504068,0.2829373331459246,-1.257784609159799,-0.530837007530077,3.8226129244104214,-0.35051674283979395,0.8269604377351527,2.8732356256324074,-2.215756213059331,-2.341411562193409,1.207488454725155,-1.4106160169022104,3.3755264270866157,-0.38279242678661696,0.9349809301993739,-0.8649847726100024,-1.652114140988676,1.738386669212879,0.7070434198239219,2.827688041598609,1.0543931273318963,-2.8914105458796406,-3.4361007120863363
1894,-2.090811169937284,0.05791963303472514,1.70398127644156,-0.3730207866478388,0.5953698874657443,0.10656115964346746,-2.0659069025361028,2.8759907177701045,-0.2008360766617301,2.278902003867856,0.1765858863364942,-3.0647356287772034,-3.212676175858867,1.5819916878464966,1.580147616920108,1.3958435528674045,0.9177780828555555,-2.2630847646305234,1.519271102798946,-1.4256103815571208,3.041823789244873,0.30091987939365694,2.39063971412358,-5.8270441040054415,1.5718955276547177,1.768843557432394,-4.094150914655543,-0.3948078763800389,-0.13714934426763037,1.2853690502174437
1895,-1.2293485245026847,2.1463139235138122,5.358451511910449,-6.004354309266596,0.692207451944415,-0.9632700535989969,-1.5289482550734235,-2.763887935658957,-0.5479905109428538,-0.22118338090342604,-0.7859267993104924,5.847936881888586,3.113189260667884,-3.389754892646568,-0.07786957656878712,-0.17961026648763934,0.4016941766633657,0.1323512983719155,-3.0793354393956776,-0.4028528439051797,-3.370421250144835,0.4173837938396048,1.4383803150404795,4.9968454245641425,1.632928453051754,-1.940855304962156,3.2812292054532115,0.11299902348642199,-2.147111678622517,-0.9391896984053769
1896,-1.7294443371395545,1.0632128041587983,-1.6593051802398548,1.199646987423236,-0.5531344107127218,1.6790241365105416,2.5842011287518467,-0.16091897775841346,0.18206715459898692,2.8733130652980137,-0.06423336653027256,-5.4144290043606915,0.7326163048789134,0.9977888881815282,-1.5223319204070247,-0.2851724846768704,0.2560834244337009,-0.17898421241005913,-0.6385719875423206,-2.008418002951334,2.559296788024767,1.2383860958450645,-2.0754606296314737,0.924767736253834,-0.3042867105832556,4.55040595404542,0.1574313781662653,-0.3086465765201547,-2.636273567005315,-1.4586304781016093
1897,0.3477089624218124,3.897846893046278,0.6396739512859781,-5.4475523161400865,-0.11962211539305945,0.6819446247795558,5.32520386439602,-6.248806471648564,-0.1783152768828442,-1.507262475739056,0.7326697168689975,1.8765106430048988,-0.6305684528380446,3.661002401204218,1.144024862759828,-2.5984418350758034,-3.6344250718306217,2.058408095780621,5.918030005978949,3.075294624183538,-0.331254308969978,0.93245384555909,-2.999712745022034,-6.594811421731002,4.214146216813582,-3.876767722611092,-6.013971542851042,0.379571530345455,3.010448396054926,2.2865731222495
1898,-5.08577589535264e-05,0.8829109456187076,-3.2172743078879016,2.2984574999078546,-0.9786463626944457,1.0146030828152188,3.0086499391310717,-1.801756743722418,-1.1354411552169323,0.3990591952185749,-0.5805702279631371,0.11005899255229679,3.150103095431227,4.137452572187293,-3.6271851079597184,-2.0920515917665004,0.06868787692408418,-1.6370068448162094,4.071002816307168,-1.4304128900473856,-2.4590054628099907,0.14575512149571335,-3.235971505862759,2.9086319209158127,4.090359600123691,-1.876358413176085,-2.5176392190554004,-0.11811002504645529,-2.6931511770941263,3.1148992342497053
1899,3.729526322127743,4.566286651424559,-4.689029572819688,-1.0730777844713018,-0.630734774606555,-1.9029708416542448,-1.3903337982619774,4.088456986024401,-0.7995936670591881,0.9929317369178339,-0.454698251251922,-2.43676300636972,-0.968384638051834,-0.7811721777290188,-3.0926380681194914,1.2016967923144115,3.916812838135936,-0.2763147465498488,0.6323738934314278,-1.464485713324576,-1.5902870317690763,-1.048584426777583,-0.08399734281949556,3.5549806212578687,2.7779229420267235,-2.8058573069400836,0.8338235805445109,-1.0825367508479404,0.9557770616035874,-0.6791295263854842
1900,3.6605782380655363,2.055717513828615,-4.3637725223802875,1.4838067725364255,-0.4509724820655201,-2.3853575199842334,-5.03549588405949,2.016902469230086,-1.1221250094001953,2.9386418812460136,0.5698401759960268,0.6322363669869624,-2.4730378713373344,1.529007995328893,-2.3949399866166967,-0.32657411780979473,3.866042686356611,-0.2004987059215111,-5.237685470395835,0.9587841687022731,1.8751143821992677,1.0181177266865298,2.1528078847958234,-0.7671386919895014,2.402771536637406,-3.8042122048766274,1.635692160144167,0.8370960907660265,1.5088433727576458,-2.580190955427323
1901,-0.8731702125750207,-0.35142272853465073,-3.191426350625129,4.159908552775626,-0.13641021287913868,0.3925209518388382,-0.6442751838375926,-3.5774221705854714,0.3340133931933833,-0.3570305559075013,0.11071984971888593,4.133994667417703,-4.051128180601715,4.048647724203114,1.342420009809402,-2.7092015534974507,0.020614176949393936,1.3486478231374193,-4.796966941984721,1.1324152282851632,2.254219634960247,0.4036011311017669,2.3805638862821557,-1.37383293864605,-0.34813807294210264,2.7166561465902035,-1.3407108442188616,-0.6247025923295357,-1.280861491211752,0.8777568541133629
1902,1.087824924624325,-0.5923588169667404,2.8736459843518993,-2.325917693718093,-0.43386409868357,-0.6093302996072882,-0.5734505334359312,-4.1695236955788,-0.8718153443610595,3.748728612455249,-0.1711667180186529,2.037227678938603,-0.9056172886436151,-3.0645444671899114,-1.881157711711916,-1.2043314183831964,3.56189235190233,3.4937585340264974,-4.338513737576882,-2.8642583422888137,3.0719372871127746,-0.0869856203125039,2.8653468722003,1.3524735408636914,2.4020168984258135,0.2680096604651716,-2.6481063183001403,-1.230538817891321,-2.2101764268304596,3.4187950041322424
1903,-2.5622049701927807,-0.8511331924888133,3.747179681276222,0.06379817388350872,-0.5860206584355974,0.188380965958018,4.6533982711696105,1.556006782745765,-1.1888653474873006,-1.8287431867595316,-0.0036769979083919324,-3.188119521760715,-3.757640200365067,1.8003598595902872,-2.3883463948590276,0.923132416207995,0.03325586778743528,3.389238451638576,-1.8234212570050694,0.10833041794162312,3.939967985664481,-0.6413370040147495,-2.258243634541488,0.6747034919537747,2.653310721321688,4.09596968320017,-1.5086826064911243,-0.846904097897446,-3.388870051158495,-1.0048236489734848
1904,3.6004902141530977,-4.957335161396223,1.2863747670931858,-2.2357892131767407,0.6143202358019502,1.6919391575252867,0.5103466266963999,1.8209666001763658,-0.7442454526848561,-0.6144569281731052,-0.48584612695153684,-0.4867647190638529,0.49149938325664877,-3.9405212607092857,2.38915023457562,-2.9757913453801326,4.244950006843034,-0.209287018585675,-3.389290461340032,2.328166277935452,-0.3408755105887291,-0.18589967885966185,0.45601625293627635,1.1318831199152584,-1.5380570798258084,0.9455969994770967,-0.20197239149192825,0.8591480670357248,-1.336715059470313,1.2719994642764938
1905,3.38621668884997,-2.8958176196034735,0.7525511493393999,-3.215927009289569,0.8552474737721747,1.1177293169320315,-1.4816184033714208,4.360143196263618,-0.2834292633280251,3.369625327159657,-0.40971704420413424,-5.555003812520265,3.169169183123195,1.7007361247244752,-0.027321466082184998,-2.912000712718804,-2.7646701366440816,0.8340870075976401,5.920677639855857,0.41998412963227416,-1.7468639676889914,-0.6193254773975347,-1.2930558660211968,-2.681416458381836,-0.2986846686293596,3.5930474386749793,-1.785850099566872,0.6365874135195462,-0.9501885893782003,-1.1949114946188129
1906,2.471907629554533,1.88264533417966,0.6131446654653061,-3.74804383445818,0.9165201789466315,-2.13617397368741,-1.6942777507681726,4.892641586696964,-0.1865849468790799,1.3279765838613926,-0.5334516541740868,-3.8063038187376037,-0.17483438774168292,-2.302657182157537,3.331277052799738,-0.657880222189462,-2.3810686841611446,2.1851634234503123,3.8470151347085917,-2.80468298651871,2.832260504445049,-0.171434602532762,2.6785460219024646,-6.38170407200608,-2.074299266373991,-0.32524897857533475,5.41213003806784,-0.3893029062180977,-2.3301220523539374,-0.2931568345451758
1907,0.28633471819001954,-3.7184289338658942,2.5614831834770797,1.3174307247939367,-0.33076627661563984,-0.11605341597896768,-3.5730386177900293,2.2577124979283774,-0.5852140813546649,-0.3911527771021497,0.02012519717878991,2.2715677811390833,2.584895312534286,2.2920739337025253,-2.569019168084921,0.974378278580712,-1.348736482423206,-1.9335918743091725,-2.0553270948171054,-2.9208373165611903,2.345891193689525,0.7454494076754097,0.7202533283791173,1.1645704816327864,-4.205917850734256,1.9848520310758389,2.881398401195156,0.6399571411526175,0.20482147312307752,-1.5051111958111463
1908,-1.9728361377775094,-4.3793554194636926,1.650946816654347,4.813534319337716,-0.2006929948409064,0.0884034160905447,2.94391913317029,2.389482432718193,0.26245521805653826,0.5596448589553074,-1.1683623974458643,-4.987139245455051,-1.6992730689755131,0.5656390816239707,3.1928945646435096,-3.259608795040604,2.7455856845374846,-1.545237466788624,-0.6817994489527841,0.8647689551799349,-2.035464084763767,0.9068907091542959,1.4366253868376226,-0.4910215174567334,-3.5971549685448956,0.633519120113025,3.9922168761083974,0.1864610632063215,-0.263831052756327,-0.9512110381252441
1909,-2.9703977315205687,5.069955555318234,-1.023287863902084,-0.7829028471697512,0.19221032433591834,-0.4855774370612753,-4.760677803230912,2.1525444300128243,-0.9490581951010117,-0.4034453105781104,1.1520113068877498,2.808625572008875,2.7871695704693735,1.3745106552331627,-2.3521036000342015,1.672368359542169,-0.8296926202189319,-2.6522523649913587,-0.8768029159928012,0.9574935382830319,-3.3231288706950064,0.20751022558042198,1.097147375717185,1.9377806471057397,2.6600910041402983,-2.3139024473095766,-0.1523773877887571,0.046147876289683865,0.22569268658586594,-0.46565173191621057
1910,2.490755747125327,-2.7870189458985415,4.852383092591076,-5.066567219496186,-0.4428789147927499,0.9533262404715259,1.5544797178481744,1.768928796051,-0.8594318444285634,-2.117921175922554,1.2255950353081655,-1.5716505288568143,-1.731409484474998,-1.5296576973408804,1.9401022736626885,2.1692385487029426,-1.0834226488797896,0.23514900833027852,-2.99127869481066,0.03432813525418155,-1.856452099041043,-0.4829088935830885,2.948254710627621,2.3480568415515286,-0.9320652721485452,2.451864027077562,0.3417431218350977,0.39723239133082977,-2.151644559919001,-0.10712970817463585
1911,-2.4749147952810464,-3.4347077643525274,5.4354388236088695,3.551547194324044,-0.7282672232895935,-2.3490962350093305,2.6974935761591254,-5.0627602198197685,0.8896156058346909,1.150540401648179,-0.8459266620472512,1.1710372982244337,-2.458037378181004,-0.5956778165146694,-0.4909255977861733,-0.435187203981652,4.156948049842889,-0.17712005337910952,-2.5567302842596256,-0.004026349850143163,1.6555321481180272,-0.489601570863873,-1.5624611989082169,2.957287255762374,3.187998753830545,0.6201640332457927,-4.009714135682568,-0.2559241817743114,2.6331631046610156,-2.175687574279168
1912,-3.517729895862768,2.4319575177009582,-0.8779073748004933,1.0336547273425687,-0.6518516621873403,1.581876687807478,1.6439105512625645,0.09492899169848101,-0.5486343869990709,0.6035186149930496,-0.42055859082330205,-1.3731651801323146,0.21598339997708393,-2.9172310183502645,2.156371675755363,-3.888551699113515,1.5463765146238657,2.8870511271077213,-2.882852056782337,0.19143638183112976,3.1017223260689164,-1.065098565460325,1.3210768367311214,-0.6662849223899983,-1.098833461342931,-1.3075027400977213,-2.8043841701964354,0.8594199206430773,0.6656554832480186,3.685644967747308
1913,-1.1225528192963807,-1.835067271084128,5.707445656591997,-4.726601375727867,0.965179224743757,1.011596584773006,-1.0469272456926255,-0.39020001575210017,-0.5463655409183321,-0.0734904860204253,-0.08361125271208536,2.1405945410949805,3.6697056806857056,-1.7920617192530575,0.47196628395766993,-4.210023980910234,4.042798261918602,-2.1823845263984136,-2.2188310658086223,-1.0772882496892677,-1.3730786529587018,0.5925491102568552,2.568602491450285,1.508046366747955,-2.267613026138193,-0.9207533384500088,4.533251790362687,-0.3098389387167524,2.1598010926806417,-3.1948475797370612
1914,-0.7327241712376473,-2.7332266693069123,4.100506639806099,-1.0553236643237653,0.8656675339287445,-0.4448996688661513,-0.5918239104668217,-0.586370276072369,-0.17648935405216903,-1.3974938105853543,0.8242285361584276,1.9279488150177215,2.921977241641322,-2.1670358793397906,1.9469072742901972,-0.28579044428522593,0.7796752341506163,-3.195733426456842,4.357706564137594,3.088950691581271,-2.009037170707673,1.2231934932256987,-3.084807764353446,-3.5760058138849757,-4.954402270631157,4.433781303983135,0.9490814528565892,0.5102731670665133,1.1066048182322383,-2.0453384715060086
1915,-1.3333643140286906,4.696695059994557,-2.367701067349895,-2.404438718871525,-0.2054877622335971,1.6142968024894984,-4.972437668931995,-1.0296171533269813,0.3889370413479343,3.4504582713378227,0.0006150385946606107,2.162044470978003,-1.230324998324603,1.313760903725857,0.6296437073307146,-1.2931574069377643,1.7921763921978027,-1.2120985979917211,5.4238333289191445,-0.11222960580969676,-1.0641012327591834,-0.9777249397498906,1.2660460903051387,-4.535823640907076,-2.684824000779976,-1.2363400993622164,4.212683418013448,-0.37106807035782197,3.265900867373606,-3.186352114885729
1916,-3.3676891367007826,5.075817649662298,-0.06623189164925236,-0.9479932205224699,-0.9131914527093841,0.2192880519199374,3.278789682084156,1.3826113200708292,0.7618297071080189,0.5709095733147809,-0.24686286306908567,-5.747277419509228,-0.26298117604421023,3.3082472398719567,0.44324032140449177,-2.5680322855914657,2.4386385146066942,-3.359112614247195,0.12530372460437178,-3.181194849541347,2.2524129945068196,0.5085570106696036,1.9301866611655782,-1.6352655414065715,0.03137905909864003,4.436807676082349,-5.71653711790783,0.4097014081686101,2.5507809492892726,-1.7121319747297026
1917,0.0763486432100482,0.7699314614173041,6.019936849547552,-5.223732842053419,0.7563235019486312,-2.398807614069762,3.7114377095894575,-0.7787059559192642,-1.0189682098556343,1.9528087139834973,-1.123917396561854,-2.7426548612367334,-2.8232593701061006,-3.3591904020870462,-2.406345636771647,1.726258471537335,3.734048085130542,3.1284888522972025,3.0322066998305957,-0.5021119938643075,-1.082303115640503,0.2415548339683511,-0.9694285729188703,-0.7199178513768096,4.486743709286998,1.5674829424554524,-3.9464453568990336,-1.1815842314997704,-0.5063074981844995,-0.4198895651578187
1918,0.9406461067955085,-4.106042400228279,2.4604099639662245,3.849961725753815,-0.833968806647172,-2.3110065896397476,1.3964634144760595,1.395228221283567,-0.5729557987296143,3.5185852425885855,-0.7731040921079009,-4.964216987511229,-4.066217562952648,1.6590191707680937,-0.7656523573981744,-0.31812496354259423,2.309844475957526,1.1811312371681382,-2.6607327936528797,1.905634136260641,-1.4977350337701374,-0.20714503877753998,0.10211849087412261,2.3578602390642516,-1.9627468316935612,-2.0271713840714085,2.2361961186467703,-0.23439338062074455,0.9423073129045996,1.0458081648356519
1919,2.3774318150492064,0.3957892982126019,-5.776973191752532,1.4619514706221608,0.7839333188350821,0.7578672890338467,-3.6339388411517923,4.951319789608387,1.225073758026709,-2.415921860419987,0.7073373398047655,-0.8338701858686512,1.1523453215336055,0.41457241021855396,-1.7753974665364645,-1.1060370343740953,0.7103143665851483,0.6042024025735735,-1.690596175614644,1.5296847698530236,0.6430819528663569,-1.1454848231595096,1.3437036095988901,-0.6803893335456692,1.2079003462876194,-3.1772554617011437,2.600942715812895,-0.6083402163117748,0.005450094651466841,-0.028697478737761628
1920,-0.6815530694362657,3.8196813668930467,0.2671196155524065,-2.1321093921194176,0.3314189079252836,-1.6045574288146796,3.0188796801525726,-5.095056096756839,0.26924002135791447,-2.2716186833964045,-0.1433932124527857,4.221948291094964,-2.635253901026056,1.0946821310229282,-1.3453072007595797,2.0423593181969792,-1.9297078029654813,2.7732274555315577,-1.9096297712751067,2.7438328551273194,0.08553975890747978,1.0275989470539475,-1.809469975744065,-0.13787181407110083,0.992213306954465,-1.3176677772831518,-4.439745486174374,1.0886659020132656,2.5583645041896617,1.1181695503014026
1921,3.165039335987334,1.499469954185713,-3.2344397206473836,-3.5622166372347124,-0.3658115758821072,2.497958643591538,1.1297006048400426,2.4881905046753197,0.19380917518791207,1.3487778893942632,0.06835854693908239,-5.228836721037215,-0.5255318472430943,-1.8583084666110263,-0.7572887502818126,1.4255642044483885,4.228894144094362,-2.5133292844064545,0.686652846343847,-0.23166605617046265,-2.0485195225120147,0.5178509360128585,-0.2016563845664816,1.2773381808907054,1.335735762703532,-3.721895386107839,-1.0001067505197625,0.5994637237027964,-0.4219882180576562,3.208790868280172
1922,-0.7940959531252378,5.152171060743761,-1.459931788980029,-2.326009728701216,-0.5994158381651093,0.02728224822825709,-2.6751962560316755,1.5352296233215235,-0.9578128806911064,-3.5572747755836573,0.5007460894189721,5.154308199565353,1.572026025786883,0.2945994157971832,0.3484623093605741,3.8157853172497553,-2.414827432191327,-3.61604563600277,-4.319124639883199,-1.3984540210559242,0.6960356351962176,-0.38880415389892864,2.1800691767804494,3.2302780028598512,2.5187578259103347,-0.7673015828239862,-1.658504556363603,0.8960227014461051,0.4069323520616468,-1.3959067402292415
1923,-1.4552593500541509,2.8364737838293763,-2.6713555602341827,3.1669796103209364,-0.34085781572545315,-1.5359806681360908,5.1672716242147025,-4.334288708077089,0.3779205997269095,-0.033299519016694035,-0.7861625039026441,-0.391441492945809,3.7975387564969942,-3.1254760022707,3.23224519796047,2.872272747451767,-3.6018543360904633,-3.1747263635477516,4.9795189466583345,0.32616166687067505,0.2884241362111126,0.1608951719743974,-0.6385107098800198,-5.116489211836026,-4.737707196015444,-3.1388332448237293,5.152731827255007,0.8632319996033733,0.860582526939913,0.9999940870421433
1924,-2.642833091068244,-0.9652011896341577,-3.4495552451959917,4.146006590207001,0.4676577190640643,2.44392521662782,0.46326513631680655,0.8118852798037999,0.5831715283206993,-2.2409724050850155,0.7927366280614292,-0.41008616741835624,-2.2898386165022053,-2.802104482459143,1.0444435133079395,-2.335051555439936,3.7291212406260925,2.653429900467568,5.18762324227027,-1.6620667024928206,-3.4240679261604665,-0.3722207116079339,0.3874855280508118,-0.11675343006137595,1.5549527768644715,-3.0140934468337974,4.086763245320611,-0.6672088738347801,-1.4471054710281575,-0.5133082304870875
1925,-3.114181952551352,4.833407927999822,-2.029545294747109,2.271019898112101,-0.03354616262143573,-1.9271544161915486,-5.960932400150181,6.077676711407435,0.09907808010386177,-1.2694816952718302,-1.0710773857481182,2.124736689658228,3.865908201333095,-2.0242384151380666,0.4284955327625255,-2.7681895989371945,-2.411018315309205,2.9090425952891508,2.6770578497073956,0.5098754961975072,-3.6531531333026006,-0.8860991240893954,0.30417293684248037,1.0481459746430701,-0.03050104879562099,3.0304545687781292,-3.091206378733734,-0.5886331858290754,0.9603514492203864,-0.28046540463880376
1926,-1.1359065349726976,-2.4374660766144203,5.059551015288832,-1.9356406487460767,-0.798589839895647,1.248052084940534,-3.182682233656756,0.6185719492364363,1.022660883492466,1.0109372539868815,-0.049919456657978145,0.5804316035982993,-1.3684655263137255,-0.3575805359283173,-3.798712795259675,2.5832503341488504,3.78091884739057,-0.8394103240374342,-3.3361739413947404,-1.2895548859264832,-1.6823224347612626,0.4695245411888127,1.4259235973874027,4.412603123504734,0.179771162684915,-0.8214848248445108,-0.5726560578313595,0.6921601773595167,2.4868866811357435,-1.9646771385029975
1927,1.8755258582410796,0.026697277027317057,3.078962642296485,-4.085336098581202,-0.8814031488932839,-0.014446530089873733,-3.8506966343220697,2.224779657035235,-0.8637628950198604,1.2185152875164427,0.6407301185849246,0.6304344662046972,2.565728311791222,-4.071998442425491,0.8911182873177985,2.1641087711696443,1.225036205124571,-2.7739931329774805,3.542960310570674,-0.20220686821788014,0.3305050063618751,-0.33037896415155465,0.37164331107541315,-3.71252279564008,-2.568717126091883,4.103717820574051,-3.9444079708530815,0.603439211267955,0.2269887271908697,1.5789793379133776
1928,-1.4628180974745977,-2.7493944988910286,4.179958300746446,2.607333838157473,-0.4076974822062558,-2.167382060331512,-3.8287347087129113,5.959558190146435,0.7384679921732662,1.8103711078670521,0.5039352177400618,-5.183597799214489,-1.0025607505400718,-1.0425053697647062,-1.6955012369481128,2.251113165048885,0.1344791992415928,1.3549749929626884,1.599949483879243,-2.968465049223026,-3.312131102944024,-0.7655759048647521,2.52683152029854,2.9193910528525038,0.06558080702159685,1.8806470681499832,-1.1798565280871536,0.14093121941284625,2.1440985218138557,-3.051401088309797
1929,2.368151952969594,-4.844400752429198,0.43073693400767255,2.682295780593847,-0.5406147052115546,-0.0961692099298439,1.7795018826821227,3.4442220783188446,0.053403850188281865,-0.0911898692030384,-0.9562456553246648,-4.229692286662097,2.4276528669475788,-3.515840673252738,1.524718658375832,1.1399407322996673,-1.1380606915239522,-0.43841089284610213,-5.499446348247371,-0.8690419846658486,-0.20277450873111746,-0.13493383572903817,0.9218985701801685,5.784298107191681,-2.2716740970489617,4.369845820238616,-4.485431406278568,-0.809330048709346,3.5836013948731704,-0.38701166307360424
1930,1.0469858930424785,-1.0246655426206495,0.7124656603489328,-1.0629671167498564,-0.8311701876426125,1.1593512936222101,1.9589438440544669,4.937858287547492,-0.4463073158360693,-1.29175501578597,0.013631798546447804,-5.172371598526922,3.622224391913761,0.17259669035632896,3.198067508164865,-3.4739577206749566,-0.9714360523602217,-2.5474948173995244,-0.2441075212272139,1.2567719502361072,1.482506381701647,-0.880493321516032,0.3527965457669229,-1.9674740349629687,0.6109298253627777,2.9493327756767798,2.1199700407359785,-0.9893047568796645,-3.131260251152538,-1.5596676337420359
1931,-1.4473281392979622,1.5321754529852996,-2.1315957163263306,0.3643180676258382,-0.439786446238982,2.12221678125265,1.592083063215732,2.7378752667503043,0.7078393076674772,-0.8570249736077873,0.6948106606318047,-4.875583324658063,2.0698600170607087,1.8875957426794443,-3.7134573844098497,-1.4111118056219514,-1.3743511451928878,2.541464575484799,5.654289807746327,1.9653506192480439,-2.469922438137578,-0.21192021220488577,1.5729761114166028,-6.510773888070073,-2.2185394183109644,3.2305843652386415,3.5210156988196815,0.24847136574975792,-3.452471245538856,-1.329060765957001
1932,0.9332008500449032,4.491759040231159,-2.3624349098226958,-1.362140538457286,-0.3147405806511536,-1.3856438613443967,-4.889526460717136,6.238754774597901,-0.43172544836596316,0.07977818696402039,0.5683463253943382,-1.5656273778736747,0.182926105866823,2.6249950487079516,1.2271380343386085,-2.7790060117104574,-2.7966970081935028,1.5406438309908346,-1.8842440567777423,-0.5297145561766605,2.38882322575974,1.2372962468169026,-0.6635045431699407,-0.5486563164538651,1.1748786490341736,1.2563123617743877,-5.125533929388958,0.8344079017102679,0.38885177719566855,1.4710832396757034
1933,0.2823615913827009,-1.786448976618825,5.655350929118061,-1.4300855256693552,-0.2909872252143977,-2.4301907929976396,-0.3756777396878732,4.954671454191914,1.0561819225443108,-0.2399944342031084,-0.6754012833705829,-4.719779919475155,-1.8763043702841085,0.03682453923330442,-0.1921768284547518,1.0472045425877674,1.3089887524922084,-0.3245366355741677,-1.6565617071598524,-0.5930531469797167,1.6225691368770931,0.5011499562731352,-3.006654741113202,3.1325505021009583,-3.3302473174084746,1.6988274025854757,3.1048801251536524,0.24122392883822474,-2.7711158260883444,1.0564316869207104
1934,-0.8837856550249512,-5.284547798455279,5.575883367411233,2.031754617158885,0.6748851376169891,-2.1141896687063015,5.502059745705552,-4.007093611067454,1.1910762982216632,-3.0230291813493686,0.5208967632784764,-0.18391001478936175,0.4336341012352882,-2.056380112256301,3.292357046187014,-2.805306206343218,2.7638711468916064,-1.6281759757141874,-5.926505793729156,3.0867602810394494,-2.950997251039942,0.18488897801845994,1.1758064091226608,4.430047376586941,-1.3818379312182145,-3.156552628438316,5.149835556781984,0.9742883655833925,-3.3095592110466487,1.723825848339036
1935,3.4346298305702128,-3.20586756505471,3.4607116512731544,-3.295504740248621,0.9969169318666626,-1.3908861084061392,-1.819394759767853,-0.3912011896522003,-0.31570387349213735,0.5187200487485164,1.1554029130330878,0.8521768611301006,-2.921276848426535,-1.753926688989596,2.902570714207556,2.277530233921059,2.608385264728586,-3.1132826754408462,5.470712641025369,0.23694918188257752,-3.309598523917863,0.7836578886667915,1.6592436283664007,-4.840964816024851,1.5862269475421051,2.271639646215057,-2.127149368095587,-0.5885889622701193,-1.0132119285130283,-0.12891633487716803
1936,-0.7315439903813381,1.2638942082386606,0.9241500108575309,-2.719279872759955,0.9876718562643667,0.2751077877813035,-3.1209435762367406,0.6385863631180122,0.6541260064628025,3.2242113964142476,0.3184632640394618,-1.7144434537982853,-1.571787439143666,2.932221894856969,2.8544687458210767,-2.3081496672323407,0.49745115231613113,-2.4042046866179305,4.8598772512832085,2.4993928707894497,0.4790971649808995,0.20149697280821321,-1.3329115309170358,-6.706952728946302,1.9123830988256465,-1.8770039366283662,2.8452082554150806,-0.9394657516508103,-0.2558139461337614,-1.6853077198265414
1937,2.1117201844038114,-3.0433562825823373,3.1959113593296884,-3.1860383981064935,-0.8671692480466251,1.7889323850025747,3.5708915399973513,0.4757803630691093,-1.2235021930805225,-2.488322704359904,0.089687259501531,-0.4245342651280808,1.2366876354507355,2.6462794348948364,-3.1213330260108414,3.287873862738465,-2.9608956123799928,-1.0886122946929628,3.3264635590830025,1.7148774786259686,0.3011953686825244,-0.8511129349713853,-3.242817573500462,-1.2486058979212231,3.9345251420590515,-2.4320066682872046,2.30427735639293,-1.2307736298909866,-0.19675142660289602,-2.379270773669653
1938,2.5812410895808924,-5.620974586393242,1.4794704658549094,2.794907965154234,-0.3585130518399313,-0.8761318823562636,1.4741343171119432,6.00412282681803,-0.4572096167874333,-0.9736613145890036,-0.7524646586489689,-5.294921553905063,-0.699032369967302,-0.33795558091266287,3.8073447862498213,-2.843212868507754,0.3593133461004605,-0.2864573129622858,1.1088463691710118,-2.2192797371068913,1.851428120731331,0.3896266793372112,3.0764638459492915,-4.207085278083532,4.931579777903572,-2.1140723483721615,-4.7383157811553325,-1.0498791492196484,0.9887163281124494,1.9819711727323508
1939,1.0285369864953111,-2.7617620456506664,-0.6375652585856528,5.147165491832837,-0.5931324330536851,-2.1832427410375184,-2.8952350374417364,-2.339858764726319,-1.0564624101399116,1.3682224787232151,-0.3937262380949349,5.3170599716792175,3.4885197117665605,1.9650659830356147,0.940601625712862,-2.7154782078456616,-0.32442102959652175,-3.354288083072589,0.10675537623928832,0.8512824904004148,1.9699436573016271,0.8011475448064092,-0.7756444197297938,-2.9534846490194973,-2.367929896460055,4.353590011032718,-2.1769811528649896,-0.0305426007001115,0.1804341850256428,0.04142945396805686
1940,-2.0980705558081834,-3.647476567064615,1.6293677458067677,1.6544886564260217,0.8965196088287697,1.5651711118118516,3.0436986832869657,-3.1885144259997382,1.199914930603457,-2.79264955906333,-1.1611186782278993,2.8986690494000307,-2.2804786462279605,-0.9604952254531298,3.144229245131065,-2.9944186818188676,4.121381837438051,-1.0302185290688843,-0.5716861265685651,2.057393262026764,-3.0114737039988384,0.7463208792670377,-1.051357858355951,1.8308035476280011,4.526649959237172,-0.8775360913729386,-2.797700426598979,0.36691711259396076,-1.8007668910581884,0.5824363372002441
1941,2.4500380883170685,-4.548072984550817,0.06294380556501267,-0.17145011639396301,0.3258153589121138,1.8807258481511653,-3.498193447425617,0.5173515168359941,0.9793809325106535,-1.2710979308763157,0.5839238179978539,2.688635110956934,-0.3078978563511079,1.5913048927266793,-3.294550580020582,1.3323960346906318,2.3668304402425306,-1.6880829312878678,4.50393820005964,-2.203580038576959,-1.7382664738658633,-0.8268953338844032,2.2742689767770425,-2.009465330511002,-3.1590955673619554,4.069193691426658,-3.457415002389265,0.5654394818420432,0.9715635302089698,1.010313866274796
1942,-1.8789542604037486,1.6485134031249444,-3.9867218918550122,5.563223568888066,-0.44352653014960874,-0.9025342896040538,-2.7966934914746737,-0.13485364900028785,0.8388166718251249,-0.32690983544089747,1.184082817189493,1.235557486900749,-1.2477102957860478,1.068595586501587,-3.1124149476770224,0.9071675184402359,0.8394310126342894,1.5449311258872456,-1.3704558381169853,-2.609547751510993,-0.8190075718015777,1.0597478899684694,-0.1853726366692996,3.924635908128849,-1.2702307868857865,-1.5587913673140008,-1.9746474934888703,-0.30832046819693737,2.6174576508803327,2.494532465006497
1943,1.1201580668693616,-2.6146165746366883,1.8315227464022108,-2.5480959115627186,0.3243010787671414,1.886730594161243,0.4974362984836773,2.6113798240847643,-0.4664444721548957,-0.1541709438388228,0.03564920367506108,-2.523849910250295,2.0097832046801614,-0.25892870173662885,-1.3619007039145732,-2.7938871544560477,2.5783619606780555,-0.1734286052506988,4.9420087280497285,-1.2403011801552388,0.13464254114036933,1.2128921092589247,1.1763819880527517,-6.225624186348099,-1.161154594290295,3.706065396818321,1.717581910154319,-1.0700845170081683,0.1103318989633042,-3.302740094636219
1944,0.4471383883103037,4.5523556001835495,0.21977587808410703,-4.149458744409891,-0.568111780496916,-0.5016993416706104,1.6693126758755703,2.8545202909401404,-1.0651430369020538,0.9736819720399748,-0.6512932712242394,-3.7810786307299047,-2.906454385124734,-0.7854757373343197,2.907286324520687,2.303525096245675,2.0309989988738835,-3.5498802971809322,-2.360010059704159,0.8702720078294153,-3.3638468720416856,1.065374647543214,-2.117267191523796,5.905477467895452,-2.447904123306081,-4.685819661267665,4.245648404236821,0.6518239889671973,0.4800932035042873,1.7561581878667027
1945,-1.2698759577988028,-2.919342878609193,5.349577440021466,0.8558091159045738,-0.4605707395724743,-1.5555969799450207,-2.2532482296067364,0.47351360519469665,-0.45870627558245225,-2.810587876574729,0.9566355820464336,4.092393194522266,4.060737655557187,1.2566633516375667,-3.018043070713494,-3.4966761264982296,2.411583139281273,-1.2142649492640434,-4.180989984953442,-0.2893586438639648,3.0975249826884443,0.9839505055463169,1.6916857637010771,-1.3028126231199728,-3.4757443914883694,2.9599617247390526,-3.581115949495505,0.5798095553836964,1.2200752648915412,2.2970137959708374
1946,2.2748357695648416,2.0620307174165866,-0.6848631732083561,-2.7982981059854772,-0.5740632021418985,-0.2796420056451474,2.4523455978176223,-4.683523013918975,0.27541246768327277,-2.6721938297808663,-0.6541745245416921,5.282133302740117,-2.1949370979737974,-2.1365257000134843,-1.1924002991711884,4.249668861769049,3.2208067456447473,-1.9466125102550755,-2.98752951095101,0.9414879700524974,0.19288086776751356,-0.178971807691096,0.11042692682464228,1.9217055539959098,-2.392292622808995,-2.083963132829499,3.6657467340153467,0.020650431610049758,-0.8474748942250088,1.637333484239349
1947,-3.6799044792024524,2.447650170094427,3.426380511269418,-2.70372013028841,0.5091430931493623,0.0004508349782277321,2.048158069440074,-1.0351537954969494,0.9189366550227458,-0.4584568264544373,0.7751759943163599,-2.2486600968283383,3.593979698323725,-1.676911748932218,2.8992127741098592,-3.1422849609128622,0.5986615842746836,-2.272657346862948,1.5307031550061971,1.8883394037879402,1.036475201495314,-0.2070003862904084,1.084206934174162,-5.332724308174711,0.3724661237613738,4.875352532773459,-0.5408211390557938,0.14782794243846453,-1.8396247658972555,-3.0152006940190006
1948,0.8444249759774713,3.8853600846513423,-2.768268387331304,-1.131115760820574,0.728104303271047,-1.5585052157474166,-3.183510938738614,3.670499975937428,-0.6344709903366503,2.5414833668561165,1.1149384703584513,-3.508939884077243,1.9021447263001008,-3.261920345796419,1.4385384568803445,-0.858664709196109,3.6887414301432813,-2.90883955833098,2.1416376942530455,2.048517102054575,-2.5534438252998264,0.5058570306556591,-0.23355848373436672,-1.9090095179306061,-3.4249047347945414,3.3845932321973464,1.6496901329862652,-0.09167347362765987,0.9885017768488602,-2.506206933608997
1949,-3.2976111388559364,3.769366178450362,-2.8808148116197785,1.431158122155427,0.785122064811576,0.19277958505891668,-4.333274625416497,4.213195857616476,0.744628567296096,1.958514001591702,0.7622901575057064,-3.345353958593982,1.2650912175761349,-4.023260844127613,2.5814952204279393,-3.0795121891548085,0.20750310405690442,3.0486834912216665,2.6979886809574687,-1.2993724420988144,-2.500256060907134,0.22913980824844504,-2.441266979159744,3.3137669929582962,-4.579095147966825,-0.10110939002969133,2.9709574360422515,-1.2297242188327724,0.45279418318514963,2.48617713760315
1950,2.6072439568833374,-3.1388052317338193,4.140783921995119,-3.4989592183161946,0.9203991939686929,-1.0306626227965587,-3.9210656329810334,3.6645032123675705,-1.2259214066233959,3.2094864602468434,0.3519315035808992,-2.0789341365913394,2.69084785305418,-1.3500218962526933,-0.14685156190886062,1.1353573718223018,-0.804789795411093,-1.524541971303579,-3.0163018981610676,1.4554309655466842,-1.9864591100385383,-0.7788354165346059,2.036903890708956,2.2892615684770554,1.4977753001490406,2.9487631688930698,-2.0606592204996055,-0.8953297069261055,0.6301056150494215,-2.120655156664565
1951,2.6614062398024245,0.25632058577386374,0.06129291431220807,-1.627279416911101,-0.5176541435622046,-0.8340861794146157,-1.0685826067946387,-3.1591645067047516,0.042661489167635125,0.006545436331469645,1.2099829267402606,2.968557261259541,1.7651715004157715,-0.9122347921009606,-2.7747491279112158,3.7508514301532223,-1.5600094548058223,-0.2690295557507234,3.7178870432997257,0.9084867632859748,-3.6571785742006266,-1.136346812474982,0.5577948983906964,-0.3906433183022813,-4.377526455866864,2.892990950028544,5.425591865128521,1.2258252296946024,-2.796039443680799,-2.370842145302765
1952,-3.175665332425581,-1.5954635974668,2.7814542612888857,1.3929694371498513,-0.011403751582115929,0.6081089830363453,1.467757460315493,6.178735056695128,-0.840750663968894,-1.46901687722894,-0.7416129656624681,-4.595112010150775,1.8902398120916146,-4.078865839230614,3.49912916730959,-0.21924444220478279,0.042767022775610286,-1.1340257207411373,2.9501291686696227,-1.504613986835663,-0.5638731058704103,0.6028683253841587,2.3402207095100653,-3.8247311108592754,-2.5156718482774387,-1.9612141056430623,6.037884222940935,-0.35326804393573585,1.167654714485515,-2.375384939568958
1953,2.505306391321902,-0.27179056430141557,-5.728628736391386,4.904444664386233,0.05354607911176057,-1.462877834126484,1.6443158525510135,-4.666681215513453,1.0427213806448874,-3.160548622630058,-0.5204858138636705,5.660678418810839,-1.869792660234399,2.4438709006394426,-0.9648344064823249,1.1854482717171209,-3.0403140098094426,2.2456219041698944,1.6713745980211456,1.644896357064905,2.334319945214798,0.7007610222114105,-1.969547599974442,-4.381804322539299,-3.250409604894113,0.9590759553709667,0.1810539322603013,-0.8174091829008967,1.6190039828766096,1.3086849172883959
1954,2.0718334020566402,2.3795021453087735,0.20200894112876,-2.778040387357425,-0.14773919461123697,-1.727564906524906,-1.1433731637461584,5.269136613926921,-1.076912395497505,2.168164019378125,-1.0079378316082872,-4.209077242453517,-3.7175322076332584,-2.3220645777988675,2.1115085125503974,-1.1315602070842914,2.4818476080922096,2.5778008718741106,3.5100006239701784,-2.520338886761479,1.7207066643096347,-1.2218586286132913,2.262992860648424,-3.7515026335549457,3.249262012218203,-1.8929981545418713,-4.214821307164115,1.2171463982250197,-1.469446606149294,3.110857657413316
1955,0.20880171453438123,-2.342762675430105,4.369290123157747,0.10090476942770721,-0.3731762711296882,-1.9630576605594534,-2.9873218495189278,-1.5204880084667458,-0.9420185910263967,-1.2506247120841607,0.8903515916064206,5.8101015694894045,1.4303915690297764,-2.584081136051239,-0.8905469812301021,0.4969300118411546,-0.4060877251472945,1.9533942615579925,2.165192140210973,-0.903753149301453,3.1807802842920587,-0.5466690140014068,-0.34071876083617525,-3.5548315003654807,-2.270905653576804,4.21931915684625,1.0598118154926972,0.2829650699390136,-2.443995151843753,-0.8471952368561233
1956,1.2563651388703256,4.0794270839475395,1.7563290692301656,-5.719372559020311,-0.22547967948007885,-1.1472690535470598,6.216879375267993,-5.288679321362636,0.8381486899972508,-0.9788429573097659,0.9952600378253367,-1.7827658244185862,1.4897273227820378,-3.7810206253089422,-2.993087620383518,2.694519225591499,1.841997976406617,0.7478637209126333,1.746985300612799,2.6623919820410507,1.8723547735700379,-0.3921230444674153,0.28148992502259773,-6.171098936780524,-4.89304979763428,0.7291045871945592,3.3260795539805805,-0.16938690127951883,0.044105788690588454,0.9631467690493718
1957,-0.3888609593764265,1.899295093321662,-3.9674081212400445,3.2425747274407613,-0.7672988383923602,-0.018301901753003946,0.977452359612748,-3.3637116319007134,-0.6424593195027981,-2.8023060034045173,0.8622704710812865,4.968754124113595,-1.3705011958220705,-2.7675869717806556,1.6049990557589595,3.0821166585315964,-3.8547507017774993,3.3057231550899857,3.7167673903902134,0.3280803140790933,0.42647069014986627,0.9513709755965163,-2.6993822941969725,-2.7233070760201663,3.605611963658781,-2.8421801699770306,-2.006283589416622,0.06850799892054482,1.3817075070626927,-0.20736371024706912
1958,3.691155403925517,2.939761047685593,-4.653036902333724,-3.195211070722422,-0.8804234943526095,2.0977550157982137,-1.3967114032640815,-3.928136515332607,-0.11240605223317068,1.3451094969999602,0.8282722145009362,3.263872259328611,2.1792918802523715,-3.6400113945951595,-0.019919472664451376,0.8269194208588821,1.2994154302076986,-0.6456958640590145,-0.690566327566227,-0.6423149907521637,-0.6297982288932662,0.5963521626695298,-3.1968406004545304,4.563167984995175,-1.2033055015724798,4.020083589260036,-2.9201323912078223,0.8569342779480351,-1.1327459513706657,0.3791659769442024
1959,-0.43391004433792624,-2.5796977063729116,0.4574708406602781,1.5138223179431662,0.28972903440155306,0.7525855577064036,-3.4882441931130934,3.767752419363976,1.084224445922212,-3.574974541830821,0.8781936834999451,1.3330481861574164,-3.7123454674917795,-2.5160275983942704,-3.4431231137155187,2.651291929298779,3.4173180652204564,3.602886185082614,1.7395444975895167,-1.4401856808885967,-3.7740439406949857,-0.10148186597375286,-1.386639696017868,4.962806685984194,-2.621732988952683,3.2755157928707916,-1.4451176318122698,-0.9729496332057908,0.9981880128813501,0.7660964482198906
1960,-2.2870745807895947,-2.6612007832141167,0.6333331977492129,3.417425387190015,-0.3820614052858702,1.2795781843509033,3.62694898914042,5.895182448605198,-0.35160721353324753,-3.1128219906272303,-0.03142616192759462,-6.026276071657929,1.7615276203682093,2.0794936859156046,-1.700900296478352,2.807836440871384,-3.963666160565353,-0.9842912901111855,-0.36974863840893946,-2.187477785448923,3.745768762606822,0.6797480686594062,-0.33367454281589204,-1.534615864593956,1.1642208773247127,0.8805613159053216,1.3180597716075155,-1.0750103223249137,-1.267236036717069,-1.0205956057943233
1961,3.3163621364615032,-2.2047136069268447,-2.7483925387306343,1.2200468955604222,0.08905583772482029,0.32764127591125813,-4.663687037450568,4.3958692152268135,-0.10517552490563453,0.9993697966413482,-0.021826803105870596,-0.6045496464064684,-3.479605880824643,2.1822707990859556,1.5372300175560198,2.6547513899149493,-3.2334909406324606,0.33884461490046824,4.157760174313246,0.8159211886352224,3.292639739759821,-0.6028255594581822,-0.9432194228038604,-6.720276120447753,-0.5673367675771956,2.2387400237710935,5.606963901352486,-0.9417240339754596,-3.2701280045495498,-3.066515119020167
1962,-1.2699870871708434,-2.1946749150143923,3.752682814056353,-0.6378771125667804,-0.5942985590249528,0.9441548597211629,-3.0420409839633926,-5.861726177590789,1.1177723128530195,0.5664860565196754,1.0639200252674668,6.155588766913645,-3.2522523716443352,0.6447182593762193,2.746847864830709,-3.60696607212901,0.3746805987289257,3.0929717208377916,4.570149539642124,3.3747449389126416,-0.3616576090474517,-0.20293622209431206,-2.720663080452727,-4.659637566961802,3.4428702809608964,1.2935718804747651,-2.9680240828772604,1.0511180370568827,-3.4781205359879195,0.6585844203738365
1963,2.5285457795418367,1.9891588083589937,-2.9181445050627204,-0.4300250650428019,0.7228909369673997,-1.8924259547621958,-2.881131638852974,-0.1784338155131806,0.1356323664493697,0.9532531054340669,-0.4856940163993162,2.4563739988816735,-0.6814031862221981,3.0452947103916266,2.0342456699248572,-2.3188249605778903,1.077477177406685,-3.156789410922796,4.701044246170834,-3.4283113502473643,1.7850672372132834,-0.15317603529063817,-1.5673443012072639,-1.337279796640356,1.2635016088344706,0.6019905924595719,-0.8307390297050645,0.26314822708479824,1.2951885428914345,-2.5930899415639885
1964,0.08537701856176838,-2.3148347937378624,1.8513949062796904,2.3721516774351983,-0.7030506561085703,-1.2910381524297367,0.3067714029390203,-4.309769764935115,0.5417000934363978,0.8744814468203614,-0.4971113923419912,3.08392821408097,1.202068335527727,3.7676683362732355,2.2871969138566257,-2.8501308438853385,-4.063931677181733,-0.3428710645902697,2.1700993176716956,-1.7361535715251968,-0.9260887567376681,-0.9679368652261724,-2.4114206070148683,3.871500482830715,1.924359679229532,4.6326466255539565,-2.155823338051544,0.37793692261050893,-3.5598932127267915,-1.2192266766144613
1965,-2.5340323177257833,-3.371797000486641,2.0065525845399286,2.0474659903921726,-0.2889758004077214,2.140786543688499,3.229621970471893,-4.3151221247679175,-0.5108792695266473,-0.8445943056444225,-0.6566021709877212,3.0975759004544443,-0.7009487681909583,2.7287941948021874,-1.0581282062618875,-3.9993506702053523,2.9695667157415997,0.0600667341146508,2.400821954363103,-2.235839720171766,-3.019106443819341,0.6513961129934591,-0.8599588224222501,3.062686919055306,0.17575892697704276,0.5084873166898696,-4.072351413908013,-1.049099433236659,2.6137467263897847,1.8234578770891865
1966,-1.0869085920414818,-0.6463348236126016,3.96234628838166,-1.9727686905171602,0.680675454211817,-0.9370096364217595,-3.601269511337687,-1.6700885185547776,-0.10034625415858311,2.075032837807246,0.13040756075397475,3.166263885489464,3.879216482249724,0.13701265414350772,-3.4430202753686903,1.7166446661070651,-1.1361570630278184,-1.1536964641036107,2.273479941461666,1.918724622248714,0.638736655322969,-0.37097190697678517,-1.349058317726458,-3.110910994331583,-3.026738652535929,-1.4442893476625578,2.5143510234285316,-1.0464672371788053,0.43944472259673084,2.5636994913532547
1967,3.678113248077743,-5.603782861581156,-2.995758816956805,3.4053581995351365,0.9670282134100421,0.5490420175154913,-5.0245270506309225,0.6541113096295561,-0.7646092716646677,-0.913904612343428,-0.11513234107167847,6.164061966080812,-1.4998789722366883,3.6342363348813507,-2.352750153004992,-3.302695518783512,0.4622465104247979,3.0588417987192393,4.233965001649462,-1.9170596116301883,-3.9885889019361986,0.5186367683057655,2.2909467333206273,-1.1378999897109345,-3.2920522989166408,3.7359951399099707,-2.254391163290098,-0.7883452131687001,1.306305022003368,1.2924885134633222
1968,-2.301004193471117,-2.595548118669452,4.012542345024766,0.4204542174646697,0.5549898383722018,-0.09143408872061443,-4.286647552254294,0.5602331709549944,-0.9228129230155133,-0.873294712413113,-0.2320165417079858,5.754538558435588,-4.1169443006946125,2.1103378126034045,-0.31964480037279586,3.0618820473928956,-3.9947105672901912,3.2590798083614736,3.5313540405947386,1.4641642414698257,-1.6482572108393931,-0.609803511905092,0.4332432268552946,-3.1707007861767984,-2.445143057094697,-2.7059867742016834,2.324295635050351,0.012322591596618082,0.4547419837931823,2.3597696208574455
1969,0.03282927328486096,3.6203077214247408,0.3216291738762749,-2.2201250629798572,-0.42449634976110207,-1.3301447558444597,-1.320208616523761,-2.95271539009763,-0.8659605515337843,1.1124962536769196,-1.0903184588121722,5.116706763290093,3.9412381604664617,0.47033637653510496,-1.6204250082180423,0.538454689495584,-3.4606895302009555,0.1310853119220532,2.5367289561719986,2.1070440641897434,-1.7308195490529386,-0.9702294578963855,-3.222241406992943,1.2795173935791126,-1.41421307406101,-0.22703132603579235,3.4407664090264767,1.170775555124922,-0.721667089353053,-2.2486304747003434
1970,3.6977001442609136,2.832344604409073,-4.991016525403083,-2.0684414540249705,0.45892229673412555,0.07049093402444129,-2.115855653046623,3.5291632871237937,0.0928670394535871,1.7216495135606031,1.1585738660636284,-4.3863980531553,-1.6745502566042205,2.7143934096279914,4.118030047628903,-0.765599570868563,-2.3621044802122135,-2.0301691495717,-3.3017586739103457,0.14845290580358927,-1.1590657082181846,-0.26298349391786413,-0.1317482386577442,4.707103208899124,-1.5757335169807511,-2.320528999192071,-0.07855027388063007,-0.7548926981896784,2.1870805872650863,2.5426249009792308
1971,-0.5071315372955407,-1.4756065034772838,0.6357848417648704,2.316181165318966,-0.8245781853051817,-0.14464978100533976,-5.800438183701413,-2.335140731331517,1.1015118175274585,1.389432436404622,-0.2115122609770017,5.856146922077556,-0.05935137878866925,0.37390944521701996,0.601352219278386,-3.4299550997269392,-0.5757354277368911,3.0897802417572926,1.8977231742989886,-0.07449405390189234,-3.154290731994653,-0.07424302039696862,2.2302132454786605,-0.8249086134855297,-0.8090201524344103,-4.64325264387738,3.330838096182287,-0.4708063232190609,-0.6541903278465853,3.2464313511963567
1972,-2.75532498594227,-0.48453200951419717,3.195521781283837,-0.40355628384515896,0.1518145872547363,0.2960769107635759,3.3110792574003476,-1.8773604064455434,0.6952780053895644,-1.1130229044199371,0.4571169927852212,-1.473090944709952,-0.9954397199576164,0.43423919120123955,-2.876687031492237,4.1698673604464425,1.260142136903056,-1.9921219371006842,-3.1445891473142495,3.447917076608501,-2.185589217297789,-0.760641164209849,2.013960581084403,0.62894187112758,-0.4466152317512275,-0.2881652674754953,-1.27680326246373,1.1584323080409415,1.949319359270909,-1.0961679056202023
1973,-0.008450694383174806,-2.299949876456239,-0.5569212014550615,2.7321886231317762,0.1299633868395178,0.003169762323697256,-3.28954599232949,1.8712797834970338,-0.5235721451022268,0.4370926222117433,-0.3638120911832541,1.868557822905892,-3.3608770173002345,0.007913317635598105,3.4368827436749783,1.3190602678661456,-2.542667730060632,1.1396884181843383,0.6002994885351214,-2.273811153034785,0.900732835372704,-0.6839899309507391,1.8893127169174573,-0.4325439568411511,-2.6963413073437295,-2.7573909147916886,5.960846792904405,-0.6862146775065456,1.1833177036793643,-1.0042175969406273
1974,-1.3401430753473846,-2.245032257267397,-1.4251570472405959,5.977485406210803,0.5518499317565899,-1.519002958111514,0.10458616660660525,-0.04813916840318555,-0.35922355152897634,-2.932258444984731,0.5273569242097622,2.707678074100208,-0.555736350119826,-0.12850552566641227,-1.3520329354366503,-0.347020906034345,-0.5406561277218671,2.923951844979271,-0.16826926981753232,-0.23238231493161798,3.025414878825746,0.46532132147542704,0.9499982882985893,-4.040082903852028,0.3900454642530953,-2.8296145567411735,-0.14434142947306228,-0.24659037584242505,1.4186747874434253,1.4118261103613001
1975,3.196846026946165,1.3844284994644092,-2.566845020958773,-4.647685345532025,0.2842764761661405,2.3489793639145766,1.6977476676803462,-1.5498226626580944,-0.16859131957295492,2.0545018512413016,-1.0894257645317937,-0.9444097721591369,0.4082918882503641,-4.158895076195117,-0.16312419708628312,-1.1396247641136554,2.8008608892408056,2.252491259904069,2.431937547160814,1.9973568224575367,-1.184692283818464,-0.40171603854992455,3.1029725636408436,-5.945858610892252,-3.989227918489231,-3.2499411036667247,3.907484766060108,1.2149817498879987,1.4389780314411666,0.6777244747678299
1976,2.646889943090244,3.8726903101072487,-3.2781761005479986,-4.860109849627797,0.06756953786602837,1.5511361591127635,-2.175160644631358,-0.8071106285864929,0.6104269642625901,1.640956002884483,1.054546365216182,-0.3236580591457958,-0.6905723753368527,-0.7579263460120345,-2.4123751082445857,2.646182959321415,0.22939197360964414,0.985298896662627,4.01643771979008,2.486564280692807,2.4287973140992847,-0.28638767609951454,-2.800664283783812,-5.844747354700299,1.6318699210698533,-3.483472601090412,-2.099761307955749,0.5998991888907854,0.06066428989228889,3.2908005091943657
1977,-1.7367142577254473,-1.7259749717654458,-2.177388936389047,5.998480529514914,0.8818608481818102,-1.2402632118163286,0.6111494911507727,3.548909807762623,-0.6275612580705348,-1.532386586090043,-0.024859290975663306,-1.9752521637775367,3.3998960259568456,-1.9455732601575928,2.6781757423129164,-3.5125222089709514,-3.8939519654165,3.2739756662755006,-0.29922324784293863,-2.6017004141362996,3.521658609364902,-0.6852484264884584,0.6359173874383188,-0.57140390833694,4.544018191501909,-2.0327958370516264,-1.794863045798195,-0.4130030403922271,-2.6932263327113404,2.3898700644526443
1978,-2.741986476917001,2.1481923781338104,3.517759834463245,0.18822392830944423,-0.8507983258725154,-2.2613913381165247,1.254699380197291,1.716227098356022,0.8415208871157862,0.19274515612471887,-0.3237418485570345,-3.6814506732371335,-1.3720258599481667,-2.4614120993880544,3.046176404053952,-3.868006209121532,1.3553877460946246,3.299880018309409,4.965777440028948,1.1598532596492248,-2.868678407436324,0.8906322877279775,0.26396217173129877,-4.411546751702513,-4.486293549713416,2.2890740880674763,3.222954323145469,-1.1313826461480643,3.0691596091729174,-2.963511824523245
1979,1.8978821411514133,0.333049303862726,-5.826570506241172,3.8502170875213366,-0.5131035049355062,0.258525478641646,-3.0012100223051625,4.6403705713517205,-1.0765018009293446,2.728467879215099,0.5842729051227833,-3.875399532455475,-1.3843771456678464,-1.5054848540057026,3.147723533049046,2.7285857838960546,-4.09162433245433,1.1051770151830027,0.4653607386552423,-2.2716898608621854,3.972858417133292,0.7862651818718982,2.82337905329989,-5.776173530099534,4.4555782482649136,-4.412391247827452,-1.7795357955381412,-0.4381996052145789,0.329478750991516,1.8450696493248948
1980,0.2528423244415947,-4.646340608343596,1.0949290663570324,2.54071104502426,0.13559614013203403,0.6222620323891288,0.6825115526843355,1.8852756651813891,0.8717676512983941,-3.14717584402862,0.28058657513610186,-0.5729656002719885,-4.180377306232295,-3.6168187466487325,3.144608711559659,1.7843602097852518,0.8100742878208997,2.058152843715437,-2.5820243123401028,0.7572725697577525,3.1577360380644066,-1.0084158490767425,-0.02999842913890305,-0.2945700172678194,-0.6829175265837826,-2.3327986523976705,3.1953018941238547,-0.0549011016043055,-1.1023721409091518,0.9776875273722236
1981,0.021602637734785546,0.8047428287139482,-5.89567481433409,2.7103291822546254,-0.0119186772558586,2.3709188428870274,-1.7311625908580694,-5.079646284119498,0.25163013343718443,2.0659421508024316,0.7046655827549397,3.7885710079826502,-1.898480877440452,2.828644106645079,-0.962838434672328,0.06459500121060557,0.7239108714975444,-0.7558306672402111,4.285749264363563,2.1346481821062184,1.0380194264079208,-0.9444554853410363,-0.1515999208342702,-6.362361466703764,4.966153898353205,0.0011527018770962627,-5.180990016068165,0.40576964534635795,-1.6142255014730402,1.4221392719657153
1982,3.206981028785979,-2.033996445201801,-2.086039050542766,-0.7110895611943526,-0.5474024781691802,2.171546506322567,0.9161044161902687,-5.455752821834885,-0.5444063920611022,-1.0392601634770013,0.3555152568064637,5.767799704375921,3.767446167050551,-0.35068410169364483,-3.2554662160657646,-3.4973343049073566,1.2669763861424386,2.069062069474036,-0.4609210665842909,0.6829234112324691,2.5142602251026602,-0.6920183748217594,3.1999342700225135,-5.244178464952963,0.8100187200211266,-3.166592022567947,0.6516698146283915,1.0703837109455083,-2.5530707831020507,3.187590560076128
1983,-0.4565216212077612,-2.182682516304965,4.352855846332876,-0.6091957260367629,0.9622542605068127,-2.0667102432897497,1.8662856401878294,3.699815854772254,-1.067927307144104,-3.5745460358876553,1.005244765372348,-1.9288729173010388,2.0017485097940337,-2.4357796309718935,1.5027801032482024,-0.8855944266694102,-0.531153277337129,0.3479987219364702,1.663338625350704,-0.023677567203838734,2.6803431382440337,-0.832289123918355,-1.5071857063146776,-1.9805293661592103,0.9137014870050457,0.3127616781548923,4.95821320894294,-0.09122302298986895,-2.7375235643173994,-3.355929786794457
1984,-2.067637860166508,2.0364115088168795,0.036470128957407866,-1.9059586910106603,0.5078385182234646,1.3928763951798935,0.8973805162199042,-3.9016040544489208,0.8045801973603144,-1.9353251345625484,-0.7637773265885697,4.8987458020194445,-1.1898797892999813,-2.567458707401247,-2.280714758931108,3.9799275691866143,0.8521827329304479,1.2059429535155353,1.580381005775795,1.7081089503484321,-2.4510591626887788,-1.1406588448604844,1.4938101233958978,-1.1905820719722442,2.3994680277338425,1.0663973885508113,-1.3127789510722394,0.5519662666835305,0.8249746820369417,-3.5300274139317267
1985,1.5487136293962145,-1.9909199556147001,4.040495463845357,-3.987604225402279,0.3803616957431961,0.00895339203268719,-4.644082126651906,2.9581091081818265,0.7808454837056304,2.980454093141624,0.2801672931356203,-2.3554938515131525,-1.7671302143719867,0.6920639541586873,0.3506268724430761,-2.9369341644179965,3.4633849517224817,0.19798860046599032,4.576851386656877,-1.5908623965773785,-1.8583639575202646,-0.4314631564997118,-2.9564707641328507,2.2603088880719504,3.478431363104228,-1.3855249018624285,0.10914757209938131,0.219987122661502,-1.9698385237227551,-0.45220263227878377
1986,2.0191794609508804,5.465670526630699,-6.076192861171506,-0.3435331667274859,-0.5473039063551752,-0.5178200533269539,-0.559269804937351,-5.42712121687088,0.6825425288072573,-0.5226668670174668,1.1250704473872828,4.701444912630791,-2.9636610636965752,2.443741230629353,0.7548117044397138,1.309536438779645,-3.506491481000703,1.9620631708488325,-0.8643537681517692,0.27922632189961405,-3.472858249410617,0.2672812387642205,0.3631931743275594,3.4275112825696326,-3.427019113140858,-0.8035902996365536,3.364032238938492,0.50219003943932,-3.1868936166599475,3.5512807510606805
1987,1.0344248296081986,0.13388825917738245,2.8114804978565147,-1.7162651410646461,-0.5996626657994046,-1.663865779777586,2.3309590003891714,-6.07972730282674,-0.8351079326572126,-0.14797434772879114,0.6561433531124496,4.075707229710769,-0.9681965056312052,1.867961126102724,-0.528399656608773,2.5374076394221596,-2.233967963255326,-0.6748046400292846,1.9034076618299558,-1.5519339103470493,-3.222257877092856,0.7168636193642488,0.4209957376763249,1.7329247685680365,0.6117418094063609,-0.5435320628499483,-0.16958247344318167,-0.9947300511036161,0.6408292092380954,0.45527356875343017
1988,-2.277280332958222,-0.27302002143730064,5.970803522110419,-1.8570991012286733,0.2544715683408718,-1.8178756348266436,2.5779588890839733,-4.501589407815995,-0.020153212143251054,-3.003461096566115,-0.6718641976303461,5.619109025071392,2.47257074743014,3.47096653921745,0.5379813816332089,-1.4841644649451364,-3.0435420271323608,-1.9538121762029874,-1.9908875199838185,2.4654063846252185,2.2228102948823256,1.242433795308644,0.8804550929490631,-4.820218047782774,-4.993726208706359,3.6789494850208477,5.207049229085204,0.10237127522264178,-2.199356889987431,-1.795286890633749
1989,-3.372625045957914,3.018948843504802,-4.229002612207072,1.5972285420002983,0.7850263982692542,2.200423874391097,-0.7284825702574587,-0.626395493402967,-0.8868902239873782,3.0353626917087126,-0.5546482408491009,-0.23894616321213036,2.2032808086240614,-1.9353298548952989,-2.2841701151442724,-0.62835464285574,-0.4921275250842143,3.136701329355784,-3.0406562316453076,-1.6347319796547666,3.653716285863652,0.6297433150301286,-3.2417347605867857,3.6336633709917336,4.899245689859146,-1.2439522972197494,3.3321567095094125,-0.9417218877737588,-2.834627648896099,-3.2111005654777927
1990,-2.5658298156082093,-1.099021128869957,4.679205475830965,-3.8991085869297244,0.8791521951487704,2.0056018604286354,1.6187849639625362,-4.190606494913322,0.010302639000886238,1.1593954637238895,1.1006764365571735,0.3014469916684952,-1.2873423410598388,1.5352123707227854,0.134833707572394,2.858106280132027,-0.4201646749277721,-2.820645342439274,4.46468250186992,-1.0367703677847437,-1.9586487112929252,1.1027932099473494,1.430502525595875,-4.002559158336865,2.3014716621981037,2.4924050570562137,-0.5801963835590911,0.1290622840601321,-2.5830025079449097,-1.7597401118093359
1991,2.603570475952761,2.020698444471936,0.5636895877320001,-6.059325705441026,-0.12610015803688523,0.9974673553216835,-4.8706058763069,5.666704651185388,0.4913237993514068,2.2906386003425006,0.23114857954888013,-3.8092097541216496,-1.6343406993839835,2.7715964561646054,0.954162283469401,-0.49899191959329414,0.16151934958652348,-1.7539454702429254,0.19645910173471393,0.622770719866633,-2.9525381486975473,-1.0241851146786507,-2.7859395823664315,5.943433024139942,3.1088038246488985,2.2951306495727657,-3.2563775385764764,-0.6147886845881132,-3.684102074406283,2.151333823350331
1992,0.518271243951709,-5.38714676045679,1.2969581698548502,3.4305238854138977,0.6008071860004698,-0.4594137247637189,3.0052398883766145,-3.5814793865683043,-0.9242637400843732,0.6220788347526511,0.051168447019358965,0.8272559565036808,2.4968449043267285,1.9235439137209873,-0.24802148265878543,-2.075933577002072,-3.8816137707351928,1.7851800123486221,-0.5776128238895666,-0.8069833300822395,-0.7448569468126003,-0.2290954494935038,-3.1814306383697524,5.539979188646335,-0.3914283924763602,-3.6579490492316893,5.444358464313197,-0.9874792823003773,-1.230462006082229,0.822960265778601
1993,-0.9620415820203689,4.448411868569124,0.1453963544154142,-3.862030259909485,0.27133870033242813,-0.041075081386674483,4.375472949382637,-3.0093494175550077,0.19020604131593988,-2.911053125069813,-0.37751145183038837,1.732235003756255,3.67194668556575,-2.0886880387055378,-3.5385395677122258,-3.4196767776336205,3.8524499388206124,1.5225077596653307,3.6694435584174094,-0.21458534857061373,-2.2833965278285486,-0.3009006111598964,-1.919602337077679,1.0490412662179942,1.9609668195218326,-4.297149780949383,-1.3619462927989474,0.9564237319501805,2.1756654733934866,0.5660400488839734
1994,-2.0805075886571966,1.1206022263355884,5.282672079567387,-2.108999035570136,-0.34536594893246253,-1.8684017327427522,4.639234561090472,0.38139437880276716,-0.18247668698494213,2.3270327842112657,-1.1766248777942567,-5.988560159325651,-2.908468666401191,-3.17465146226065,1.907216233504169,3.4512377819854727,-1.050389247463496,1.7750553606359993,0.9420684383793692,2.7417809147273715,0.2652650060068851,-0.5897850484969984,1.2724547417148973,-4.631784052332883,-4.936324373270763,-0.34230368933017985,4.7262868772359,0.2986480915551111,-2.338524229133222,2.5922173229442826
1995,0.03144843520830776,-5.541344034969448,1.4982959388120811,5.341887827125511,-0.15582801371713728,-1.1744601524588827,-1.7505012003265321,0.7403383840807187,1.0989722300041107,-3.293066462943086,1.1638079328634214,2.040449116321021,0.7740882913312461,-1.5256167562122034,0.8656212410946118,2.0873259905078427,-1.7180235790534013,-0.4833951876677691,0.9413499498812214,1.2114606233078753,-2.2498309422260725,-0.03194005990818383,-0.18106644467767197,0.31002687362149217,0.8999145979646777,0.6860185694631724,0.39038333481568444,0.09780191917127468,0.015468038720387156,-2.0895864601340506
1996,2.4179665228446225,-0.2197138415713802,-5.811118425115268,5.9272433082661,-0.7273435239021502,-1.5870340405214822,-4.784053907058709,-0.6827206504425654,0.6152575914784819,3.2815056498043162,0.9756216384843839,0.5943896777337372,1.2259769233337394,-0.5764221729634542,-2.327418339291466,3.9368906794510607,-2.178466073461392,-0.08056101706813656,-3.0283019469175088,2.8885213714103024,-1.9783932566133249,0.1452057686996957,-0.7312539245052108,2.70422198792469,-0.047668558558413565,4.452789805065059,-5.991556484034515,-0.36969624738347484,2.9534101345438444,-0.9972786496313617
1997,-3.097126691858378,1.3680466801938067,-0.17231167253554247,2.1934952051106613,0.7903127791643576,-1.082416300074458,-5.529383986527247,-0.023269142061714376,1.2019739091968198,3.0745645242852433,-1.008835252309725,2.284949947416301,-0.29250617474634666,-2.1501388118363156,2.083595754634814,0.6958922268570582,-2.1409136892211187,1.804070694312287,2.2202838429786063,-1.4718033196471527,-3.935635392044839,0.656517749194026,1.221486599929225,1.309150519588794,-3.3885666631841787,-0.2839338458513083,2.913770452324183,1.0420099328161214,-1.785492622321355,1.5022127462176726
1998,-2.4217368956508256,0.44188933486984183,2.219015941988637,2.362016288276859,-0.9015711694116615,-1.6996135000724024,5.884598141634726,-2.765769109737491,0.5558724173123997,-0.3277005315872401,0.25704337337556193,-3.604044290998292,1.2121646735087772,1.9767069314295753,-3.4304577840811454,-3.928164460955177,1.0610755504966676,3.108675089601661,1.2629400752471085,0.03206675432830508,-3.833324056589655,-0.08650544607877109,0.764390747545237,1.8604319255464397,-2.381890331957994,1.6771871803676603,0.8786313402356853,0.40686184379503487,1.834420656696679,-2.4152106891359217
1999,-1.6688882197025627,1.1127994650156054,4.376369237822235,-5.0188349529197644,-0.6890929720417431,1.8876474418266582,-0.4937652995048474,-3.6409776320475657,1.0783325527363434,-0.7318171017484367,1.0687120604916815,2.7195154200725113,-0.41795381344357807,0.07572600256634843,2.9847437026792214,1.5285554645505748,-0.5703010235897139,-3.600770332762462,1.872848627419323,-1.1086122827946312,-1.5030451932353,-0.21603779474094154,-0.011071586127469502,0.9659182294776762,-3.414662616104991,0.3290680714636771,0.43132586876954804,-0.21577276676550206,0.4386910444586487,2.431350398179749
2000,-1.665825673786335,-0.6296778609722651,-2.4882118061763627,5.081062979273856,-0.08263617680446012,-0.21471146153399623,-5.005466576783622,0.8776203984933346,-1.098512595295571,2.967403045424728,-0.7919699187455063,3.050925646906311,1.7030028566455329,-2.707866618795226,3.279455378306814,1.5672781836736362,-2.0610127793555684,-1.7808570204747873,6.225108201711148,-1.9871339040044145,1.500820081510021,-0.265589482493227,-2.335514612121548,-3.1376902846033197,1.8105100834203292,-0.5783770963468342,2.0538697934735204,0.6094722927343241,-2.082404856558787,-1.813070216721437
2001,-2.368213296980736,-3.6109109651802527,4.8679385665141055,-0.2265219742645641,0.3726394160447182,0.9650682538671749,5.025236257514795,-6.184917250146555,-0.4033407823615063,-3.584981147432499,-1.0419239826048532,6.189926905030294,1.6979838723454392,2.3308884567442405,1.2001122875186745,-1.2086835155713942,-3.6956734324065845,-0.3246276686299492,1.60612762626144,-1.3853533616743263,2.651968906138478,0.008001175466081811,1.9497463075613268,-4.830490653754342,4.501763859208488,2.0565023836487413,-0.7965417050715757,-0.2151304314618585,-2.9984441760055596,-2.5481499303171518
2002,2.890985761113061,-4.833549347922265,0.24545774700444056,0.6735608125057126,-0.8464744220164524,1.8700194493159632,1.992730562789962,-3.591495699180083,0.06326056899701715,-1.0257531000326754,-0.37082405745605307,2.932081724881506,-1.7293087794218476,-1.4000314046503028,-0.014755001618084407,2.9916406483905433,2.5242486386508602,-2.371794101350714,5.214201811918212,-1.8202242886859903,-2.78137511099618,0.9725388190782285,-2.747392910293337,1.1622516789777606,-2.088829885179539,-0.6979304778351114,-2.959879258079937,0.2565129671592494,2.5952319138020066,2.894894740134429
2003,0.8070899719270983,5.684707576462699,-4.6570235478212325,-3.9182741711027482,0.7973997813132532,1.2861003892213674,-4.018788516149563,4.023723199616239,-0.3861931823147797,-0.06752326513182538,-0.23255582200838187,0.681337585987972,-0.5593602503384361,3.6446819913899944,-2.3403667819969503,-0.8702683839790204,-3.423818412411455,3.5491318373363647,3.0880595390940684,2.5839741958545943,-3.1314832083565243,1.110844228501671,-1.306968203268875,-2.344426551826224,-0.033352529265496145,2.957804251208575,-0.29065474270725744,-0.15417583171361837,-2.2355776122644606,-0.24404353525661193
2004,0.35858866384358024,1.5448529111707678,4.0108225808350575,-6.025182254161212,0.07986017366553444,0.031057924646667345,5.050262858465164,-1.5227734069270085,-1.112640661100583,-1.773498287103159,-0.33117258625069024,-0.3101779170840899,2.6791954628919044,1.1327120893763727,1.8175560599610137,-0.43353870416648377,-2.447885541567304,-2.7480393664949805,-1.4979379158627886,2.2170379699297307,-0.5818188394355435,-0.05907036088782913,2.9608184939110753,-3.0390293476559407,0.5079525782601451,-3.1478134075063195,1.7433097543537137,-1.2146031306693268,1.2043288211876266,0.906825384375276
2005,0.06160335257283833,-0.49712326971887677,-6.134234086181184,5.783566186451793,-0.9533475655396999,1.7395353824155055,1.9011054552840498,-3.678621344060442,0.4447369056025865,-3.131315193143692,-0.5068548160372925,4.970948992354419,-0.20151396360762774,-3.2004878433505155,0.5127342599056988,1.740367396540087,-1.013255162106729,2.162155312619589,3.6784777755313556,-0.26153853537805993,0.394777706574871,1.1717958314154897,0.10243498538496532,-5.085947763529923,-2.8666312211749414,1.6495582801936557,-0.36204208403426463,0.6424952882849979,-0.9706617484125442,1.907281485144214
2006,2.8492786400627566,4.766231744655613,-4.142871021325806,-4.049072279960743,0.21558028755982583,0.36085262900872905,-0.3317295020552429,-5.398356497058035,-0.32614649543170326,1.882657586408456,0.5029623019838958,3.6706126061522646,3.1646084266896892,-2.858396404761578,1.4751946197222772,-0.7369013214636126,-0.5772009791864932,-0.46730434099980833,-4.041835336747379,-3.1968467934060065,-0.6318380270381283,-0.9313737566732785,2.7375296955260406,6.064364218337474,0.9260971748688931,-3.0258536963851945,-2.7620302255825955,-0.49602900501031666,3.651110393232667,1.7067053588776417
2007,1.2713393962752733,-4.782189970806396,5.815094156350309,-0.9141955836774827,0.46971854521189815,-1.8597665433532438,-5.755129862437531,3.335821895364216,-0.052402832858505555,2.4877312115358663,-0.5891238085431398,0.5731033969387553,-0.9023004082075907,4.159717618101979,1.2819941870347122,-3.580325975670368,-2.3120651384816693,1.3529797172233984,-1.81457179875758,0.13961841866746205,-1.186187029080397,-0.5460615956665666,-1.6419363350214375,5.04913833985723,-2.57374377582088,-4.411026727377063,1.219350220385472,0.6237227744389076,2.3881812931280173,2.7535162152466377
2008,-2.910405405081937,2.1065629264417005,-2.7788136017547878,5.497200237306892,-0.25906682013519,-1.6554773367763111,-4.1704135098642965,3.3126847762881084,0.7057117662104595,3.071058371150393,1.2297105988997217,-4.148752002684709,0.3656625244191396,-2.2883452996645435,1.163279085648675,-1.0766854688791803,3.5392849358392056,-1.7031957773628292,-2.2839782037549234,2.362841890325207,-0.6870392667829819,0.3324911473462837,1.995510151149542,-1.719825718284394,-0.8052661351382788,1.8277806140161488,-2.708546078169185,-0.8535193297556027,1.3793413151023977,1.1602096139456002
2009,0.09448695176996402,-1.3422075046111956,4.32180492318485,-5.805488856721457,0.36358240067948655,2.3678220856986947,-4.674283695577213,4.793161400555999,0.26664889523674695,0.5533998482717344,-0.2750688756278503,-0.6638575728597473,-0.07039102749844162,0.49641440259110325,-0.22557636831397332,-0.8585998435018531,1.5443682886144394,-0.8862154518908003,-2.646885466699441,-0.10582895399893388,-0.16538200823765692,-1.234318602428818,-0.7643803641587734,4.916795395522364,3.2656126846279747,-3.224699698590733,-0.5027589166527555,-0.6295477315358404,0.06897357543045679,1.0224200867219935
2010,-1.8849064360954237,0.5523172355253081,3.2587339149920425,0.18441734803898413,-0.11327843165792162,-1.9972836308026647,4.2642155111161095,3.436976529900317,-0.30000800345877554,-3.274597846920109,-0.42439236477869446,-3.702193825859151,-3.812175838246594,0.8822256441601724,1.217598556810227,-3.7041447400472656,3.702016095281074,1.7144802820428353,-4.517658165636025,0.3778941084027654,3.0095605714791773,0.6316677450121535,-0.9234497523017993,1.4219854930424738,4.679262293429897,2.5511075926723272,-4.060806175766796,-0.7013001934651699,-3.0700635107549026,0.6017999938857592
2011,2.6178123830517848,-0.623066400371691,-5.504449605505151,2.6716640136222587,0.5326857597826566,0.3053538494204524,-2.0756199290714896,-5.062887880175662,-0.42452548410370383,2.606512194814556,-0.3546851415435386,5.3112062400795566,1.7005528253229052,4.006307744997297,-4.218282239978729,0.3576634831031953,-1.4594898846081215,-0.3867519288361052,1.393706442717086,1.3724302709011305,-3.257418118292046,-0.5190660748826952,-2.119719879268576,3.130067358823865,3.6847079148457347,0.15280666832890688,-2.8443489093784855,-1.1714994896928186,3.0752338444703007,-2.896900028572526
2012,2.6871580722982173,4.690382571369536,-4.99374501157444,-3.0169392192965176,-0.010228240658577192,0.6433718278620866,-0.7721493025332826,-3.245128538995843,0.6213609127175914,-0.4790684455485916,1.1610248719100351,2.713960502449808,2.2583570672054094,-2.9157964484161827,2.3417570049480574,-2.364742838972502,1.2618386645560413,-0.581413449320408,3.388516595466779,-3.1615850327189925,-1.6966695522922617,1.0727869021322833,-1.351753236892657,1.7487043243036169,3.7697548217040513,-0.6628808779625466,-4.120996579604576,1.1093822362010135,3.4755940183027185,-3.570853618639582
2013,-2.9032915362930876,-1.32802920059493,5.773745155967937,-1.1519104097926558,0.7644316997899918,-1.1549457090769462,5.493280118040904,-5.309944315673874,-0.11286227121582737,1.4244096684450405,-0.9246352949455217,-0.5702479046509907,-1.0081199478732152,-3.237432548704737,2.669418875898458,3.609914940851297,0.6356800216619973,-2.6694613418333546,4.132848335271888,-2.114887503474824,2.9872271974326736,-0.12853424457708318,1.1440780289199814,-6.020731813573857,2.153876995794125,-1.2378174776107365,-3.3832800346672087,0.7320433178775758,-1.2646412870454853,2.9998184856527885
2014,1.6667480505610648,-3.618950252005984,5.512232978971159,-4.602296623297324,0.13431537443101593,0.9079504713404347,-1.0407600650339894,1.7037163576619037,0.7788910140910605,-1.743991797536685,0.9936946751306746,-0.6915501843132112,3.61288352062326,-2.5721533734788427,1.1089017292919294,1.5092369656010973,-1.2546744823586167,-2.4041943596783995,-4.921488865013561,2.987962870816297,1.6005362871833242,-0.38535206855219517,-1.0676070405926321,1.7859488161575534,0.059481398858487466,-0.5098343481222329,2.259779880772033,-0.5846034609103787,-3.034647454704583,1.8098239841077408
2015,1.1664692970787982,4.578470326294763,-3.9027138590409685,-2.5435085792834258,-0.6847399688561415,1.3860227838073396,1.394252459887383,-6.11394373807898,0.86050591531286,0.6178954526821254,0.10743493050287345,3.13385497969346,3.2988612774750443,-1.272415255909964,3.131551863238645,-4.004796949776166,0.5114412462886015,-1.6646421813156937,5.204232328098168,-1.3779829614921848,1.4869235750012528,0.2735610857744337,-0.1273517380280591,-5.459382289354828,2.1125477884276016,2.090791399630895,-4.186907917954009,-1.1905093518484868,2.286596322842751,-1.1125182410976784
2016,-0.8834030242436999,1.2042518363250174,-5.0306109898928995,5.742744595366641,0.8135877551112785,-1.8465701726659685,-5.502294111869411,6.180509013588601,-0.5712432469545039,-2.9143660093096297,-0.9576954482605284,3.7650898028051465,-3.085729647038157,-3.826998896031041,2.4176910873032753,2.6242353906458575,-0.9787927265484555,2.8495947916690127,5.777117249612935,2.0821395663897704,-2.292722631905651,0.6310280944789595,-1.5736666027515422,-4.62389567582569,1.337810911924553,1.7633732076978959,-4.7700767137042135,-0.8900499298762261,3.235208104382785,-0.6762655804237188
2017,1.819047573199306,3.0143338327031586,0.1610722056170637,-3.6565407813406097,-0.8013685805638568,-0.5365442496147068,5.955293336050673,-5.813225496285735,0.9983695113750066,-0.8514348356325385,1.237303431170722,-1.5263059466784696,1.406450823561105,-3.9959857780230656,3.125449330671035,2.2256634770947166,-0.9670840152239677,-1.7944938380793278,-0.22043195745641952,0.6290631857899172,-1.886889007458537,0.47849610034400936,1.9091693314871598,-0.9094076527073511,3.8332901756440663,0.8957106169771833,-2.903406408276652,1.0864697505161915,-0.8770562916097742,-2.035007843249936
2018,-0.3184599991048138,-5.375463219785562,-1.0519315205604265,4.246370608100392,0.6127758257410156,1.8867083056097549,4.728981807789534,-1.2907535080223944,0.40485834279998123,2.241750191535388,-0.12910806319080592,-5.955728770912064,-0.6398266764907596,-0.8387171359828685,-0.7999840945543468,3.808702585423422,-2.1694948463083463,0.6393201679134499,1.367850917955419,0.03392016643629603,-3.735324602682466,-0.7951580356636381,2.067719583972373,1.0609919699808081,-0.20969823011157018,-0.6530401253210592,-0.36866025919307077,-0.5908444008074838,-1.1981191852739066,3.020362200708142
2019,1.4376656007661843,4.175270017776803,-5.959101770771301,1.0471149005512785,-0.7415057812451287,0.04055703292251778,-0.5816225046144758,0.4129721420138779,0.6817402373461778,0.2265173173759063,-0.5011016129692649,-0.23850557915258364,3.5905695014123324,-2.2366393864728966,-1.200022648522486,0.05673607150641402,2.5062900697437662,-2.7169336076665775,-1.5209357604481504,1.7260355123259572,-3.890204111252107,1.1285468535473369,-2.930710194448027,5.487267700273769,-0.17840288246121005,-3.6587533893257067,4.932711151705064,-0.9732010887706259,2.482495560626713,-2.6048493517732076
2020,-2.89043863567057,-2.3239548633527036,-1.930800218482343,5.53872017743215,-0.018907585731528398,1.6253811258053297,-2.486680349013117,-0.10836381485033897,0.20926915620848163,3.004787424744613,-0.925647327658516,0.30663491056856884,0.6298168506137038,-2.013486932892576,2.7975043643115463,-2.996436927919424,-0.1486402316343387,1.731242877521634,4.368766320043733,2.4161598938479223,-2.7491016199216443,-0.21120384395993952,0.19993383259327935,-4.024554582604562,-4.451508027585705,1.0590289165536468,5.495182553896271,0.07707534817645545,0.5435581527324072,-2.7233369437720345
2021,-3.273054301657588,4.013246620281095,-1.165608439183341,0.017265803261960144,0.31060672269087863,0.09754359460731443,-0.319667261778136,-1.2361343979597237,1.0434529691960543,-2.073026945175908,-0.47434023089346944,3.0597158666108513,-1.695818941493144,3.6860754200734327,-1.445122822607697,1.0799565146653975,-3.5429035124254575,1.9178133417880048,0.527661851676303,3.1547884925837693,-1.4159253797679696,0.0001278175564154438,-0.10594665057667285,-2.160706131473006,1.899008596378394,0.05189743272518044,-3.6258223103614604,0.01620553457766416,-1.6931703479940712,3.351881094675349
2022,0.09570373827518175,2.1413237000267955,-0.5892019402583593,-3.8449305432487755,0.9787233522448542,1.218381692960632,3.7208879172579508,1.490215391761211,0.6974080947075141,0.9340977942585376,-1.0852688299760853,-5.757340368009441,2.7588882999273103,2.86495426304489,-2.286476006412279,-2.8007410546135123,-1.8709517378833151,1.3343262359374144,-1.8176461508924717,-0.4255497470073877,-1.2900494649899095,0.005465170704965772,-0.05590635904263053,3.583686551226254,-3.2036858935681103,4.841144019444943,-0.15205048644015307,-0.5927123364332543,1.7651865789040073,-2.6578818819063788
2023,3.654120057292104,-3.751154617039834,-0.6807322694358504,3.610842600837632,-0.9725496484469396,-1.8605261232067924,2.520358413839663,-2.7154157517567796,-0.8980311300554735,-1.6363780305896292,-0.29385381351764206,3.023320312079562,3.538064877867665,2.9747752585553933,-1.076697919459928,-2.83971284360781,-2.1229395082880558,-0.47348986506677804,-3.0333812508232647,2.710264549631308,-1.9177898150133093,0.650733987584001,1.3502579419102219,0.23991458670986532,0.30666501741740504,-4.311398843978441,4.880228528785032,-0.31857849126524407,-0.5206452987842489,-0.03627091217344969
2024,-3.2940022941175684,5.366293426668097,-1.2965026911927566,-1.1229854400208517,0.9727721092740769,-0.6255751106106775,-0.23484112273783353,1.7072365630379522,-0.005018454025694119,-1.8524517735895483,1.1630193375843323,-0.7779445502694955,3.0363554955359398,4.002338377484623,-3.332701205984817,-0.9186686217802347,0.16379417834851395,-2.9511182236035296,-2.4747277228367537,-1.9470213544524562,-1.4713756170174488,0.0951462639902223,1.4949335022751118,4.303044928040158,1.317588780432576,-3.465160192043186,1.2568789638603377,-1.0237091937412224,2.738284187527178,-0.8238825460346408
2025,-1.3023043089908146,-4.629478089925158,5.66595263618548,1.7445937893925567,-0.9237377997693377,-0.5550262268924016,5.339942876703439,-1.6510164166439338,0.8833007451185244,0.9848304140837758,-0.8559835634323063,-4.701074055829789,-2.203519995568671,0.8055042316844414,2.459914860611377,2.4648295959913895,-4.105488623843161,0.5787599311251483,-1.2494823697098063,-2.751978346000204,-3.383669758255188,0.9438349570414708,2.3120511205650836,4.1292443963574925,-3.864147099670191,4.324959741918242,-4.5557503849539,-0.4604362645472406,2.7654313543853206,1.7899426528688274
2026,2.8647522818356492,1.9894566207133302,-1.8935714370114383,-0.42335652559914294,-0.11796300296433104,-2.41931793697378,1.5483472937014646,-4.9561339722305995,-1.0391672284504572,3.4098490488968984,-1.1221349298137797,2.159239787896208,-1.771573220783715,-3.575981156204236,2.4346022609943105,-1.4765831872964235,1.679480488456452,2.7100548148341694,-0.2516204323119311,-0.7235600622229121,3.3857915599140505,-0.9755021894049101,-1.6869515417456835,0.2518426657702477,4.1748616574170825,-4.935969397849945,-5.328878276916342,0.6295210266467652,3.533049606029646,1.9274153846738429
2027,-3.2800729682857543,1.0696731491911464,4.612030697867468,-3.5410865572527115,0.28589742109591265,0.8535582573842166,1.4721715645296882,-2.3989165184839187,-0.5334588413841379,-1.545320681351381,-0.616900428253957,3.622424904943472,0.7428688581195679,-0.6581776876209737,1.621764698698854,3.9008075288876363,-4.153705232838332,-1.4535581652461875,5.453651930376665,-0.5738412709765868,-1.766418027593481,-0.7142309429736144,1.2148563797604215,-3.6140180685945538,-2.0600079042011537,2.5953092067452914,3.650695273215039,0.15516553439768543,-2.162744201523708,-2.1784179086320705
2028,1.5049393120141623,5.297976223164948,-3.244883363368281,-3.3895223115519215,0.5046943813730698,-0.6732042416316926,-4.576978906798036,3.205593031696843,-0.9559943527193262,3.0873453865000506,-0.46195092534074966,-0.2980142333389928,3.3933022173934546,-2.980363318185846,-2.6793432802962194,-0.7562364897852518,2.3141021671033357,0.7085387037710635,-1.0971953008832038,0.32990319270016144,1.7380095510944358,-0.705358265653139,-2.179692922828252,1.9143337455688538,-3.366642598879956,-3.7250645232625104,4.3204200137632185,0.9644080208394854,0.16126209230222877,1.6456169952386155
2029,-2.9216660080866657,-3.659528514215907,5.950648070159712,1.578285949086883,-0.36798631915559854,-0.5797531777881542,1.990709144012481,-0.5159672086705953,0.8058706900295105,2.2869721947473707,1.190567577573538,-5.758152397692509,-1.8124087493123895,4.232675838103425,-0.9068794496940988,1.2590172519397704,-3.67004058378933,0.8976356927531217,-6.03795430720259,-0.6464865399751076,2.539091807716453,-0.06369885633604166,1.7947617956242006,2.4142861001719247,1.4022732323095504,0.4132436460998292,1.0617202629477553,0.11399032808432441,0.05331904636289586,-3.0445465158032743
2030,1.56140119444116,-5.589220153534509,-0.3890605320417855,6.229532308478905,0.15368069781600902,-1.9663335151595174,2.060215651779533,-3.090482643908743,1.0972385218581167,-1.271243387660995,0.6058258545672395,0.5984460033646535,0.012974937481686766,0.8222594921793451,-2.945491315175291,4.092631482707851,-0.28079193837481853,-1.7015826588182676,-1.0380772394436306,2.553385874554639,-2.322943373597635,-1.247064500326648,2.180758820739035,-0.12605958192692768,-0.5739472966276615,-4.835239885346811,2.0386648122045763,0.7058493274561748,0.19239349087430568,2.472279551440483
2031,-1.9524472785792142,4.442780208398283,-2.069110917314873,-0.686140682868178,0.9650338081443368,-0.7001151377800579,4.596211687666667,-1.6982843876489255,-0.28786356346226505,3.3790365647076257,0.13679862397641696,-6.125898925239763,-2.287295491431111,2.544206453680271,-0.3342212496693975,1.5502117957513022,1.0884581309620849,-2.5613596392926574,3.081233922698619,-0.6551656895654681,-1.9757300729985872,0.5254817423970284,0.5361422597567387,-1.5119621622894535,-0.6417490492285687,0.5211608674459818,5.333290512898124,-0.5417982488477016,-2.151447520619188,-2.5194565616475995
2032,3.590520276940687,-1.184839836108459,2.7508757792784166,-5.693149949478766,0.14833885447673278,0.3882548748916914,3.0541521916558168,4.929326649517677,-0.24277732724045542,-1.1138352993708978,-0.8676805989377705,-5.759185615624617,1.1744388335274643,-0.06357411222338527,1.9843103387710777,-2.6822074045542017,0.7928951941217548,-1.2058628496421537,-1.1715666277469658,2.8489937013112936,1.8865460694848792,0.9150217969320504,-3.231237726964652,-1.247757213017703,3.5212349564303516,0.5053801625761984,-4.20928478418756,0.493817872609597,2.1203991929312984,-2.43154740035882
2033,2.963956935131627,3.6086733374257847,-0.002231898956011946,-4.942228131971348,0.7428437172080868,-2.3710139588378567,3.367921017447248,-4.444671278637205,-0.08658282421656249,1.1474878091586653,0.09877361961028974,-0.08292834336267063,-4.018007895022446,-1.768435845455695,0.2868850850620497,2.2205114379323163,2.03652870520202,1.2425185122823201,-1.0688284781191406,-2.4818201344552584,0.7806358871134584,-0.3792999908100967,-3.069986256304455,6.219298972574407,-3.7691872967128752,2.2639570051489386,1.0291733433225758,0.28453575349178095,0.5733074469195589,-0.3817862521689399
2034,-3.699402983444651,0.2236198965215621,5.228295683602255,-2.7742296907111346,0.17183913143052898,0.8498779626017186,0.9892354743420455,-3.5479039346416883,-0.8416420362142221,-1.498180369217181,-0.9752341674723368,5.873725033203144,0.9483886092013805,-3.9539763973202504,-2.257909346581508,1.190820455967149,1.9421124132892444,2.130564265444523,-0.821124152945437,-1.7445462944309966,3.2661511761481314,-0.3216624046792331,-2.7473600331881,2.368541709094547,-3.09851792601048,1.4988252528669967,1.1201837299941424,0.4808332070345003,1.3124959399553227,-1.3138202038394429
2035,3.5268003912434907,-4.1803803082766535,3.2536558721154165,-0.31019724240159263,-0.015628289343345036,-2.274250423337037,-2.4436291486188537,3.621155511044897,0.8283756891520717,1.4890466587528017,1.1872047520742557,-4.682153462405395,4.217184814919271,-2.153070729391443,2.4237082577051012,-2.1839827210971166,-4.026953368661376,1.7231137465260815,5.101354044369263,-2.2342051206282605,-2.0591856915847337,-0.053353293138150626,0.4823409916111281,-1.2369509306303499,-3.528340245309227,2.8869425171455525,2.2605200938588723,0.17473808250634892,0.04018713176176725,-1.8340475799622897
2036,-0.8316628857148451,2.3377650376758474,4.838410413747862,-6.084493441438553,0.9833154919764362,-1.243334616246436,-0.6505888911637783,0.7651662197654865,0.7136099809674237,2.384557828217524,-0.1749264419510208,-3.037818695835856,1.6586130300448154,3.426841572090016,1.980332745965523,-1.0750025947880157,-3.862977428139274,-2.1278073251725615,-1.6808696252535604,2.9198599736207917,-2.286183019861987,-0.4981108000738592,2.3147611830872865,-0.7694577115197632,1.7916980952331905,-4.507292251114173,4.196820976385254,-0.9575367757493236,-1.135357387942916,0.6116673431890103
2037,3.0643489416865997,-3.6101052866621934,-2.4960542452888745,0.1891106316395188,0.4982788756548553,2.354421082970374,1.0276560504947199,-5.28185274050842,0.05346085011935653,2.5910009991243683,0.7564546261085301,0.8532802146612397,-0.48962360782990544,1.5229774591737808,-0.6777758566502783,2.6198894398328747,-3.058000487175322,0.08253305264935129,-4.10208739807538,3.0849327612879875,-2.052479470889077,0.14140434487670017,-2.7376211816753155,5.665850944474002,0.7603008928196928,-4.8871992082690205,-2.3231494256747744,0.8297258685882634,2.0515329959365687,3.5687888766003084
2038,0.07082541105515183,-0.8258689252010925,0.7192734407385544,1.0973048282489515,-0.4676010641844681,-0.5939336906568098,4.137827000183499,-0.5976047423677926,0.1052349422571357,-0.3723682401464661,-1.1455325158794598,-2.127556444047123,0.028181386601033864,-0.9853160053503203,-1.413766643225621,0.3282950624152754,3.0753865408039793,-1.0327803412438268,4.296444145008611,-1.7534078177359778,0.01587202048543901,0.32210931642701635,-1.0690608977209664,-1.8119567664652223,2.885042234074131,0.9996814321070033,-2.718263367183898,-0.7081447302436246,-2.718652231758261,2.260336663005674
2039,-3.652705150093267,-0.5780120857930733,5.107278647673844,-1.4188921831873067,0.6227953112882361,-0.08046453988814761,3.280191218079544,-3.0659047727604936,-0.2692647929583192,-3.3596868293411823,-0.43395425346468564,3.8486194304449413,-1.5795412516939926,-0.2510395598626154,1.7289004885535917,0.42713593075436407,-1.412459981300211,1.0870043735494157,-1.4650604197109125,1.664401186931471,1.0419479199908181,0.8931176109380692,-3.1244149394074565,0.9900086412569067,-1.410237330944227,-0.545277476986012,1.3182662264693406,0.3443654498587936,1.0819302913639284,-0.7890471597607895
2040,-1.7348276501334166,-0.01903080617860553,-2.5373209562278802,3.7844957734189606,0.09562017281976543,0.41106346630144763,-0.3048390962386449,2.3580778270320906,0.4641615432840336,3.506392785867437,-1.0636322139610397,-4.960160845984085,2.4769738166747004,0.1510179496688302,-3.016345723388099,-0.517146981622556,-1.5584997474305418,2.464000686098224,2.733930253766026,-2.5376586620618298,0.7369131053761251,-0.23927923561195286,2.062631790486373,-2.7565372519558338,-2.2072186501451974,-0.30178658076804155,4.503249005016638,0.5072432965658287,-0.029272967969303565,-2.4722141026989277
2041,0.4899885601362577,5.213556378810978,-5.576518969157252,-2.2548907950035115,0.43827219612852897,1.6895926290852987,-0.6964033902257754,-1.8793206804026994,-0.3757464803145423,-3.166765735270383,0.1284769016491909,5.989759384564021,3.110091045281891,-0.24912855537505507,-0.7470889241721679,1.8749780864797607,-4.21806235735489,0.2292107051410195,6.171712542262593,-2.0452278118759537,-3.4105052975370285,0.7120600576200404,-2.7239905029399214,1.295951012469196,-2.9432661142984884,-4.115780002447334,3.968819115611545,0.2465177152711222,2.4219033543862416,0.42180593147792855
2042,2.702666966742015,-4.983872405625995,2.321799448915961,-2.821577256702138,0.8458964960447863,1.935086750625711,-3.7985774126923246,1.3212961063074786,1.1369402632324332,-0.19426339161195472,0.3576444341425349,1.1769600006216656,-0.5888811206197815,-1.5521430543006307,-1.2684593194682137,0.7872979544522529,4.241706574197199,-1.6195210342603161,2.0241217423364724,-2.763879124704367,-0.4650307893590959,-0.4242106738707534,1.2917040127546233,0.33729483284199446,3.5621726005584122,-1.9634713161572819,-0.1092468047408488,-0.3847106873770727,-0.30467753266738384,-0.8000662596148391
2043,2.094803466086674,3.6627582854242853,-5.244018320750605,-0.14736923325855145,0.598192142150221,-0.9643663396516686,2.430289757295167,-1.070983662011578,0.381580336495154,-1.5492536382020443,0.3359194265243648,-0.5275522201012564,4.195836924822505,1.1004548908195417,-0.6018831598114929,-2.4806273240505625,1.1282976355459517,-3.3420789673254543,-4.607907801956944,1.8432653924591502,-2.2723116934189296,0.08247040635368297,2.6628216274657266,2.2916620690962013,-1.1732207744318899,1.5186564128247397,0.9658594965839526,-0.4556482148950458,1.8325650248001502,-2.6882119448809103
2044,1.8345199082873762,4.619817419721535,-4.847562983567332,-0.6816882101101349,-0.9802684565348159,0.0551823222036969,-1.2323683959694023,-0.48598294701622535,-0.406135863713482,0.842008092802601,-0.9870647679693105,2.269543881865623,-0.15734939813559734,-0.7010819012058995,-0.7138897412865539,0.18104043996899222,-0.6217020844453032,2.0129826851048094,-5.663698243560347,2.7367932015431258,-1.2699471814500551,-1.1127385638924063,0.4149297643129657,4.894661023045604,0.04080630953798092,0.010706216575322003,1.3228347973450667,0.389202211479283,-0.6553721206905685,-1.1081774142460574
2045,1.9070439621955764,3.142347618532334,-5.283710361871968,0.9076281974753968,-0.6106068540371918,-0.06270256229385218,-3.42687639371162,3.343710429511084,-0.008262876355460413,1.5481688924277641,0.663775631330088,-2.120515683202065,-1.3787335825722113,-1.9407142284913022,1.079201265930152,0.19653392412193682,0.32288564332963077,1.7208269776822647,-4.762903344994285,0.38447327190217884,0.482055662956256,0.42653907769069477,-1.7946968454960395,5.264532177940133,-4.143271315716097,4.458398495247746,-1.556134827317905,-0.6592701944919668,3.475193926930089,-1.574916084650841
2046,-2.042930461431304,-2.221733867181758,2.346009155021079,2.0105070815749144,-0.49550511756066573,0.4036532095780174,-0.19649664962366842,5.9868733305009485,0.31290017993071206,0.2532038307205742,-0.6062285897501303,-5.750252101778624,-1.0648708233538855,1.8762264818600833,-3.151755520130777,-2.5834724611291495,3.2219359452236382,1.701936377530604,-4.390812681690033,0.8522175746978196,-0.9378615758420814,0.6900963531181246,1.8279953614152635,1.9583649682998399,-4.4047002259741745,-1.9341362151050383,6.003834797585565,-0.021344769607209102,-1.8681354949262179,2.2244819080281033
2047,0.5383094042353562,-0.9270933595647968,-2.41575934938324,2.3724347234554557,-0.13463985660890243,0.5667484378664032,-3.9065191622392845,1.5626649595946773,0.854057386086442,-1.3622353675634837,1.0859720425020418,1.7660601416193948,-1.4770164370740844,-0.5658972686264896,-1.522061292921153,-0.5193060329761181,0.726009257439884,3.3582717741584887,-3.406593490194858,2.2541451251382227,-1.2501422386778795,0.4532807811408759,-0.6532618442669644,2.6025716668595713,-3.3659057454215926,0.722549679237428,-3.2570398962153604,-1.1606549771150974,3.5082757604526513,3.552775179063005
2048,0.10440661604926404,-4.670059118082097,-0.6862576555557744,5.6955489646862425,-0.9766192009778101,0.5329803938804325,-1.4722290794958006,-1.7970364936231036,-0.8324423140051929,0.6844370574886245,0.7032219408403186,2.7140488887949203,3.3106593737988455,-3.946272804566533,3.0226681787236096,-2.2918379414739025,-3.2117292759593052,3.1165124694778115,-2.3673112310134776,2.7963872802090073,-1.8623337022123074,-1.2260758590564165,2.620081170695757,0.03925234137640743,-4.072071035203203,3.4632395799290947,2.0812929380342737,-1.0413218535145257,0.007979081439517088,-0.4391187106841432
2049,0.0692932883970041,1.059083054007985,6.1409509823563475,-5.885462183135893,-0.7644766608736226,-0.6193884807515744,2.5368394198740027,-2.1458120266039806,0.5678798743508029,-0.4845421121411846,0.314950303356043,-0.7893154588358833,0.7840590006848771,-0.1653729429882418,0.32524209504531854,0.8759718502727516,-2.4347238904010755,0.6148238873868515,-1.6677010640852536,3.3204055837099773,-1.4367908848386683,0.6885027341594379,1.041623088591491,-1.9460394575380455,-3.3629991201518905,4.770459854302867,-3.3768624432085836,1.1375508566004715,3.033123365216614,-2.2012725127584716
2050,1.413620411284107,3.3911274829092726,-3.9337533530897133,-1.4232150684935725,0.27719013846869434,0.2750303889214347,-4.08067006348676,5.959484219476568,0.6910130455034649,0.1436683634252116,-0.40621221745798586,-2.3072833474606647,1.8644317559094752,-3.8575679656214295,2.6139000848585248,-2.0941537855246057,0.03962575317341788,1.4337641572051183,5.285343608192051,-0.8838456816710458,-1.2978721352257434,-0.4534896021177186,-0.41848677423352143,-2.2316494149450925,-1.3860112380380976,4.354208504849346,0.141075144871877,0.9037496369612485,-3.0583133675701983,-0.9547086810731553
2051,-0.10909420981648843,3.1669918279742078,-2.102937755069874,0.6462543161970729,0.46217049686506284,-2.0633846761497283,-0.34556982963454885,-1.3376126920175189,0.481233611494277,-0.7376839304015945,0.18627575570980426,1.7533570848494548,-2.208610806509814,1.5513236528950145,-0.3285948771077152,-1.9991876264657087,2.1969799522295936,0.78808970495915,-4.132897755847466,1.0425921686246369,-1.1827045616700484,1.1468221479786553,3.0194437221463595,0.1067442787668007,1.29075786756799,3.831552688012927,-5.153317909769736,-0.36674898103402587,2.34378124394269,-1.9460249087187993
2052,3.3820488656014938,-0.13343139749115807,-0.8196408700722273,-1.5159223820801557,-0.40208497305241275,-0.510969242905265,2.852428698062063,-5.076268990661642,1.183802422207659,3.3552280611307594,0.7916469510360331,-3.1068371417749887,1.6865934275167085,-0.4431308267200862,3.734038741358436,-2.0747864993808225,-1.9275237571106594,-0.9751910856630044,-2.08028833608574,1.054935010147048,-3.4858856662607067,-1.1756177626988142,2.5893524197001305,3.097504335197023,3.323543577295535,-3.3733812498584186,-1.7503698303654076,1.0823442843450621,3.664514561881166,-2.9466513432968995
2053,3.352209096232098,-4.999291938859642,3.8023807529691602,-2.0330821686137277,0.45369585633529264,-0.5759115980628948,-2.368606542729218,2.9776187468278223,-0.565224448781505,3.191871094938975,0.5971958176579912,-3.8328546679142335,2.767319200879925,-2.2418568554153264,2.9613830606293803,-0.26182294326864053,0.2823666797931317,-3.507389142617896,0.11893076702281036,-1.1405457824085357,-1.3083535063125122,-0.9325805535094265,-1.1415427305545052,4.404091805761119,-2.266202466545664,-0.6740209547881548,0.18933979347013974,0.7738285336242186,1.577008915697185,0.40004617854335045
2054,-2.4148092289621417,-1.916493476981156,0.38700563599343596,5.691254624340573,0.40898271902347316,-2.155940273413865,-1.8035752785900279,-2.5362038307380494,1.0797823137500515,2.9076043843973594,-0.32825112184773,0.6806435330282774,1.7236064808722489,0.6637143960320024,-1.2059331689919706,2.359363527401001,-1.5426429492809905,-1.998108286031739,-3.811825905075686,2.958397506389286,-0.04480376340631409,0.49333397552756875,0.7133028479644619,-0.30840466140031,-1.9761984564105362,-3.456109216651466,4.856282248614065,-0.5077186297834393,-1.7469470094446766,2.830691063677154
2055,2.3032046964598294,0.1393379661921479,-5.305663744196423,5.516408882076238,-0.19996892161412383,-2.4533188789173535,-0.63275801182618,5.141063119651186,0.2874161130463424,-2.252922171494115,0.2102099762138252,-2.7530090255911617,-1.0543169120807185,-0.6986065006952593,-3.4441035683494867,4.1729354285508755,0.6407683777295645,0.383323174845561,-0.45162915731782505,-1.9818673609571196,3.458259324213156,0.8690827249465851,-1.4825478009892148,-0.411297729896571,2.053018720189975,-3.275770510476761,1.3867217136991314,0.4035855029900812,-1.6132421510801773,1.0456867246788732
2056,0.46448115559121383,4.5961708317990215,0.2576972214544071,-3.214942967518663,-0.8882544263029597,-1.2151518150226845,-1.0605036748245062,2.5490494782493016,-0.5006124967429928,2.935569710956905,-0.3516246783414916,-3.5718783392972853,1.317219206618777,0.9323872904891424,2.753227565787096,-2.8436795015396914,-1.9621786780267527,-0.19697588332801708,-5.180084541105003,0.8930050773179925,-2.778289923569039,-0.7053435496241045,2.270620019825504,5.500092917153637,0.9616802310326129,1.157681055364609,1.7215169192562314,-0.776922663574366,-3.543666258426459,0.47971071634847817
2057,2.1215283295612366,1.5122099983758233,0.6870030884267848,-2.012182367227588,-0.5391407367093646,-1.7694183124265628,2.0587351315600735,0.9319914052736742,0.9306458853734867,0.7250100918656734,0.49251580776652126,-5.1388983218395055,-2.5369492623444962,-3.8465721990752613,3.321638652332158,1.4178321333433033,-1.3492297942276448,2.9932804699725217,1.5546766455224983,1.5800050363299292,3.2637399897661687,-0.4134656165648751,-0.288030414659012,-5.696925640395708,4.2930830951735715,-0.9155171885740394,-5.152616135653368,0.33070252256100474,0.2647053118568703,1.179642394637085
2058,-0.8633407482472073,3.6316079737702296,-4.269844366069339,3.4363111261920167,-0.2552714791065207,-1.679462506538865,-3.0519344717653567,-2.048816894787489,1.2063889511203767,3.649272447787407,-0.1907622818169008,0.43585224946187395,-2.3243220615178686,3.5746057619161427,-0.20803373962586846,2.454105966456627,-3.015776191710353,-0.4805797355180932,-0.13812073255414248,2.064365688947621,-2.4742728493517863,0.71451893594746,1.657842335133438,-1.8243333781235762,0.6671193302806415,-2.8463057473567908,-0.978198632213843,1.0681625219223925,-1.0715504752779559,3.1607730026466356
2059,-3.5826830866544874,0.08484489547056384,2.9250804897422604,-0.7605961019294512,-0.014745045376987953,1.3480988487484158,1.5757201709298378,-5.457710852766091,-0.15518694142990075,1.5525855133194852,-0.825003345152008,3.3095954550985667,1.7844583395770641,0.2579805913582902,4.1484156728061485,-4.0969679060177295,-2.804055271298095,0.7101685735748973,-5.378380150782817,-0.8677655538544773,2.4799600659126106,0.8323710694465358,1.5459455920623046,1.3878689772148434,-2.9240395275658635,0.08618254462944464,2.0487576140909987,-0.1515855189812232,0.4628113454022369,0.47787354242549185
2060,-3.5200242320412354,2.285644724508103,3.304272295994771,0.14698819800262086,-0.3817037377242185,-1.8351772487397362,6.086628931868809,-1.6337037613038525,0.2947721494502922,-3.2003642118207427,-0.8937419845748922,-0.6535911236197514,-3.838009236085812,-3.7628840570892415,-1.169431736982414,3.8963762795747705,3.022327106210433,1.8516216443728233,-2.767274496743699,2.3329902285360973,2.193832678526789,-1.198498158031971,0.30555200040922514,-0.866602252697426,-4.536100556542964,2.5283314049542724,-0.16034028546984302,0.7664264451737486,2.7437439971910678,-1.3420610053052364
2061,3.2848822512650173,0.19038316321236337,-1.312326596740597,-2.0964692534989453,-0.4834052945839713,0.41693573034643805,-2.338299645342623,4.842853988787173,0.4495122128287594,3.0876415420847714,-0.2207177902762565,-5.820990308081971,2.5744746789599624,-3.448751235703355,2.947189817269706,2.236938981715028,-2.8055320240948767,-1.5043202181458888,4.745961927952511,-3.3409257410804827,-3.777165994656402,-0.9333720622883952,0.34311336510489987,2.9623885049669205,-4.475141636887061,-1.0979922033373128,2.02391308538029,-1.2331029242662872,2.9749088441804297,1.8074148349309773
2062,2.438324135869351,-3.17886208514512,1.109148360642564,-0.33833356298975303,0.23886886225024195,-0.26914571062698833,-2.917606576245028,6.200385331703902,1.1872079834986975,-1.3927420622319016,-1.0011187544127633,-2.076125922313036,-2.2540421598127427,1.5183962287659298,2.406822266582985,-1.060072636266021,1.79227980768394,-2.4033835069535225,-0.8062104239350099,2.294039963616722,-2.5940850136420597,0.8250145482293938,1.5464665671081317,-1.265225641378116,-0.6399905546677083,-4.240593269065133,0.933266493267304,-0.08741509458652086,1.48748160067273,2.5472508243803773
2063,1.662306936429676,-0.6321502704801532,0.7802753041518962,-2.4184370880019834,0.7251599760189378,-0.11715485811806481,1.425425762864812,1.1191426184905175,-0.3024460337626822,3.145808948646863,0.0482159786524079,-5.436147274892054,-2.4633041084775957,-3.270552987384365,1.7542386527267375,3.1524893084757117,0.7558669485787952,0.07126218608128987,3.557103484632279,0.7396761237145242,2.9854918023765897,-1.1916558205035463,-2.7033434863296915,-3.3872721038911173,-0.965010057986273,-4.42499328247416,1.3674327948192335,0.4488109255581998,0.7922579614169614,2.7815016586670787
2064,-1.2771768705377724,-4.220939190812736,5.040061335175068,1.8439241945280784,-0.10500371008887455,-1.2808657582634488,1.5810307471754754,0.0780568120395202,0.08745409142514493,-2.6326340670127752,1.2154140509346982,-0.32932163456221986,2.9801811057921803,0.34498325128909,1.048866309431979,-4.05233262322972,-3.2744824698156414,2.9527844265326912,-2.838990019590579,-1.5357146344863022,2.122625276914519,0.9401616010290255,-1.195890250010974,2.507808026143355,-2.949014380733626,2.8000619457904428,-0.7353294933255441,-0.4989954562641188,-1.4051097728032609,2.788387157337155
2065,1.5942933003375188,-0.7258850044348613,-4.546533628662257,1.6236110653879052,0.2508598599927603,1.8036544073792538,-3.020281089277333,0.6736992097833436,0.7997926919159104,3.6644180119496497,-1.1883807569453708,-0.9292480674263359,-0.22901983900316836,1.6446328043833418,3.6058692804474504,-2.672576283724947,-0.24638212043702623,-2.102523841665068,3.098168431701147,1.542600848162527,-3.2406405421718443,-0.5192652091402516,-2.6240103886976485,1.7431468601451137,-4.792327979418761,2.147483460716778,-1.4185229659058756,0.8909092034788308,1.6021847500869661,1.5702735310430924
2066,1.580161955482481,3.7683915707562505,-1.5177294003840984,-1.597702226701088,-0.3220960922686835,-1.9110258068845063,1.028272065084881,1.3960206053095305,0.28503609384074746,1.440467077451416,-1.1580929607639177,-2.991702880922773,-1.299555991729715,-1.4845401346433462,2.2577292141424685,-1.304382253181526,-1.7302451392064917,3.5609943046191432,3.708932881432716,-0.7897055456589133,1.0876904411810422,-0.8885551023079197,-2.6438120788754524,-0.474550595772417,-1.1075004015836782,-2.578496457574488,-1.5760469954223773,1.083168933920418,1.9407935284754707,2.238081392185684
2067,2.0459873229088608,-0.28673920577104894,-2.936018500668858,0.4466284848411455,-0.7070338554445625,1.437175754134799,1.8140725625957295,1.560234122756551,0.6707694425359598,-2.7270794694157363,-1.2050522333852882,-0.11294442508729574,-0.1315539451692942,-0.38582586095463967,0.4491535214530771,-2.451677864801953,2.9924891665064486,-0.47258501703312916,-2.2761441051516904,-0.7488416140953706,2.8442965307059005,-0.4245381993207431,-2.1212749095614445,2.7265022974223747,-4.92511137558027,4.020458169909716,0.04334412974236912,-0.5582601661476136,-2.221284516762662,3.6408537588394836
2068,-0.1916512498408256,-0.0031982301496178422,-0.20776486005994244,0.7438294473110432,0.27656814066683477,-0.617783247927159,2.3395162043543642,-0.18779574987144798,1.1722530583420756,0.15845618333588618,-0.8170478152121454,-2.6653818809488357,-1.8121706229770904,-3.5617989981279816,0.6610007568036735,-0.36020457191332156,4.052985711872079,1.0201877243431383,-5.509503133393185,1.281154635201732,-0.05557327469779594,0.6283539748960951,0.7446793346349949,2.9108884633571606,0.6555599926153377,4.287619846637494,-1.573146920659422,-0.8014589512245403,-3.648331498708897,1.0797575313410626
2069,-3.1781359426304405,1.8904855111801524,4.6683120106596725,-2.9403728633517865,-0.4635695724033668,0.023280856546096018,-0.892008698768155,1.0093524346026506,-1.1145873089068838,-0.3276032365309245,-0.36788112187897504,1.6927279314821746,-3.3650863327104226,2.427352269171532,-1.5470173519565673,2.030632927410359,-2.8770299502943573,3.3311484383799232,-1.852087803250516,-2.6484725518592267,-0.3648305012029489,-0.33064788630791586,1.490663139156018,3.7053756034635725,1.6934437122042176,-3.8337633075181685,2.7230518994552426,-0.8454333027669838,3.468959868396716,-3.206258869769975
2070,-1.4830470005976775,0.47734967480049306,0.31560462097316844,1.1221446366773336,0.4970051242173925,-0.9290570560703539,2.5246034356140754,-5.2365285564773565,0.3194445771522627,-2.9124674171963623,-0.0626818652838379,5.367629826191084,-2.4139296267601473,2.7145063091163912,-0.14551065634394433,-0.0815140633634428,-2.706332817163517,2.632780854515122,-5.16175433810082,1.973544279933515,-1.5055376297819638,-1.23553434059348,1.4358963286177424,4.493385699924001,3.1663866425276517,-3.372540336890115,-0.42168656610457944,0.47613927056511773,-1.2051405352704503,1.3568415251734223
2071,3.273183317626348,4.643383803209339,-4.30893666099491,-2.1885767790946105,0.5991682221445651,-2.0182219028903887,2.08656536285282,-3.8555539578080555,-0.22393969544087167,3.0932491691198116,0.35149441926299474,-1.4518152979868546,1.4669135101623212,2.425635462113938,-2.2729023612196553,-1.2952393672081381,-1.1540576580495134,0.8296504142015237,0.34118149082979343,1.5543008297617895,-3.6866881930619044,0.8004309064876809,-1.8114547993361523,2.8022297653177795,0.7306231446537623,-1.5932948711264068,5.803973429868844,-0.5496814394763865,-1.8007109976340843,-2.5909092662846653
2072,1.2129361212090295,4.363787605514808,-1.170737192951723,-4.542803750472725,0.4564227896334603,-0.3196055729325469,1.4465627653111817,5.177918348574547,-0.9672987376712303,-1.5037574013203958,0.6758186040347294,-4.829243578928967,2.7626752460410025,-2.8856482873964193,2.2545521206104056,-3.933820795885909,3.395868887618679,-1.5936271709873182,2.198376833937438,0.9198668173302309,-3.5657020383177063,1.1079041197391355,0.6896798972988432,-1.3501256299889164,2.101655353643608,-2.6745642654302237,1.734449149578623,0.8987371371561697,-1.0935482056218664,-0.9667291693252782
2073,1.0111140168226918,-5.45467246258859,4.244195190208899,0.538907477068193,0.4412952651560911,-0.7808394866669719,2.8709112978910873,2.487109161448952,-0.306381854773389,-2.4207012874570584,1.1037291434484757,-3.7346664605582163,3.503460147069827,-3.317370248513436,1.7866572153546656,0.3396996425791521,-1.5153715285181786,-0.7970752279715612,-2.2282046270927154,-1.750503457275931,-1.3724770255676404,-0.5331714939851935,2.0205029920537587,3.8638536118667446,-1.0739740073903548,-4.809982704845794,2.646227929231742,-0.4137708486058731,3.6208322985358166,0.030667333075534486
2074,-0.13038353835825944,1.4395139842097358,-2.721465765863954,4.01730671266461,-0.25827996468963765,-2.3466914279621456,3.2620011011001466,-0.6957917987430164,0.9666966124951495,-2.262393870366175,-0.630616597173435,-0.6398954473128029,-0.7069066847362677,3.622219281365119,1.7387951194449762,-3.776571541752965,-1.0712269057597386,0.19369073143936255,4.654343732757077,-3.4298909390155217,-0.5233381561256358,-0.585579271463879,-0.5808167386556988,0.4652813725027052,4.250764122973564,0.32161978787794965,-3.7272233206447467,-0.12345537472049273,-3.0269555306749325,2.3052503151897135
2075,2.1652399951089123,1.667509047493386,-3.5306695255514704,-2.097467227764483,-0.10334557474575123,1.8987332854597394,3.7705295160785184,-0.9838331914308824,-1.0192495830241457,-2.8030194572659504,0.04984870831924404,0.9857240073230962,-4.179788447446105,3.4127651837246304,2.0774997462505205,-2.3543922591563557,0.3329523322381007,0.7109634443896855,3.7154752164298195,2.6187247485167866,-0.5153872396218269,-0.9376824780429898,-0.8775436132420769,-4.0035866340406905,1.9913961012094674,-0.5739373920564539,-4.918243356827208,1.1053879585381061,-0.31704619705414316,2.712442886191244
2076,-3.375622249471622,-0.5214787211363081,4.965681917422568,-1.7467395459944157,-0.6769556394247755,1.3551142386048678,-0.35551124218756414,0.32210250018029285,0.8914037410732956,-2.820472838156867,0.30344530271395787,1.659032536376749,0.7649206131136417,-2.850443439317381,-3.4080874074712817,-1.688009623141447,3.551621651590281,3.6299982052266913,-2.396406916657728,3.0752020433910694,3.7998399122980793,-1.0125905287082744,0.4040052869247628,-3.870049797248882,4.766788307230087,0.07248551076744647,-2.7400499880836726,-1.1735169077439909,-0.559062203277163,-0.3666447188916582
2077,-2.865751144191549,-2.690331507385391,5.6150563050235185,0.9656464805487772,-0.9529530518139921,-0.07166708218105633,3.776194414691112,2.2007194227118596,-0.06772774958597516,-1.0482983793840184,0.2346444633793947,-5.095532171812515,1.4600309651582393,-2.4270017086471576,1.0440707165869014,-3.2891570099558987,1.4817973906805335,1.7302596461779132,0.37916824434223173,0.9742003563784625,1.17985311577592,0.011758196429273227,-0.48261863609315725,-2.0623612768336947,1.8882227755957466,2.991886745871742,-5.162017654372111,0.30273334607966884,1.8708730486785328,-1.8916982618525235
2078,-1.7816951592738501,2.849528694548951,4.41231813070095,-5.959799801511995,0.7052032362095804,-0.22555510067332563,-4.121118952120451,-1.9048093751170931,-0.5548709431861063,2.1783283773622166,0.1304032684559573,4.272067624605317,-3.8710497364981844,3.6780177308232176,-3.1992208486327467,2.487983614685909,4.130911191420875,-3.226641951798559,2.2242559212908866,-2.8414690167609375,-2.6869268415893757,0.33524829729751104,2.945401158114475,0.023490481646440742,-4.260159253107696,4.30855857559402,-1.8666626636860357,-0.31862020815544145,-0.8972022495892436,3.0340857989454726
2079,-1.5185254569131281,-4.135343078442695,3.4746630383390276,-0.7687958366214112,0.6597335179397943,2.2882678156987506,4.049676135050891,-1.2588044677343326,-1.0918176205492145,-0.26779220446864294,0.28018666764502687,-1.7114485099439065,3.5551817837975825,0.02405743651937442,-0.2510745178972904,-2.9994951646641166,0.9880776412951775,-1.316747179050175,4.700810113394944,1.0851300312743426,-3.783197040386181,0.2645554982498135,-0.6388397720111723,-1.628458830522753,-1.6578990356145056,4.26613039198142,0.7793602312075834,-0.4890039375737114,0.5530557817299684,-3.4516434317296767
2080,-1.374868289105935,-1.522117077822756,0.39195635638427717,4.657599579023849,-0.6336786461545088,-1.51889192232459,-4.509114291274901,-1.1031561134420471,-0.48383378397325494,2.4617450112250587,-0.814884058789457,4.449243236254425,4.163772174495133,2.608671480645249,-0.2416085782358124,-1.8418750912957123,-2.1071694860836168,-2.5817904995246987,0.9035964005220904,1.0356670619305746,0.6353048968388109,0.8631362180168143,-2.966802345558296,-0.47090223175102963,-0.30284256191326975,-2.144426107201916,1.001053070694546,0.030697834365760457,0.2270178321927414,1.1884999318632197
2081,-0.8528381478608935,-0.9895850885983073,-5.015388149356358,4.532384057415307,-0.09032980208101327,2.415757130481568,-3.540726383497862,-2.799750265188756,-0.7615919988716762,0.40882016347489625,0.8515881770349072,5.841660307048308,0.686680838324385,0.6747704800040069,-0.49655196873258944,0.17558125177653494,-1.7062164645069142,0.6657358631351382,-2.91305248459334,2.139098159405382,1.0070121267721994,0.06649304695535907,-2.9000085482292857,2.600457699688665,1.5078144085546192,0.2535343737182316,-3.630754149047025,-0.5804312142136716,-1.09262228900214,3.542458869991041
2082,3.58830490197899,4.239533915037118,-4.274020318705073,-3.2613956541335156,-0.9025744178268142,0.6101515736495902,-1.408703561381671,5.271873017360491,0.050240037191090714,3.0016288308959957,-1.05710601042927,-5.85793231363683,3.2215146413862996,-4.229129634701355,0.8070837088253171,1.5408292429358887,-1.3731779758175016,0.03288001737193191,2.7712241797708224,0.011733424147449156,0.8983102319806946,-1.029978872980898,2.0662791207472626,-4.717568083666322,-3.6093924785872353,2.2520007687679495,-1.6094672217845414,-0.20341374615286956,-0.30478721806696285,3.475059895824728
2083,2.9905200465489905,1.8443733019149136,-4.586591601819233,0.05168004221022926,-0.9303880728544414,0.6304062839998146,-1.5349827701224896,-3.741171272612121,-0.49278332653601264,3.5631044862133407,-0.5155956041564504,2.7214284872135543,2.762298481890266,3.9851881835708056,-2.206460627901947,-2.1110699350809643,-3.7675457596928936,1.3375896572153074,-3.959452020697352,0.34682357698064514,0.030779378827038073,-0.2877776654468107,-0.9687175178984102,4.838344248233906,0.822189783853041,0.8929200295186206,-3.7695833624135275,-0.07684648179906262,1.2639623883365765,0.8673576425054392
2084,-3.6683816980404167,0.23920122549991873,5.861804534376269,-3.5286746513848612,-0.11196874317830341,1.2080193327277016,3.139895486132456,0.08589262955110044,-0.38996696625062643,-2.7650099755142463,-0.6151782723485111,0.5443670984296709,3.9085557628057295,-0.9055153225547166,3.2417034788207992,-0.1633168552525497,-4.156584918989468,-1.9248421448291797,0.9744937408663077,-3.086220574560919,3.525336000810114,0.39726158755516394,-0.37786358847713863,-1.4330071661945283,2.955850881774918,0.7503352072030829,-0.8309230887564567,-0.1950381401454786,-2.3419379177105544,-0.33828694236443724
2085,0.7431941420562218,-0.4238281369635608,-1.2781379489897873,0.23517874809087758,-0.5783480160903303,1.3019412118969207,2.3666894994103203,-4.727020690002572,0.3939307196247537,-3.4693421384741754,0.7867427736589967,4.648999835782526,-2.5722439913204713,0.09942161157954033,-1.595737786356473,-1.0886280475148347,3.1407020505958947,2.016486163016978,0.10186906557387232,2.6466787924104764,-1.1272535961621877,0.6552016946757462,-2.958217783466546,0.6817218269676744,2.9291891610750582,-1.4597253972238846,1.643105269882433,-0.9339067947577249,-1.019137603232851,-1.1595246357419526
2086,3.7452913250313706,3.552605246044191,-5.74112896764343,-1.8276942045294078,-0.4097488816648278,0.6806754827624442,0.19340687949027213,-3.3713464079736326,-0.7038747911149486,0.3687895977167095,-0.6233441007714751,4.136368822652901,-1.6240735750248785,2.4537411160635934,-2.5890718117518094,1.5679473269229405,1.228243976856973,-1.0367870330661813,-5.340725397339387,2.178978789561352,-0.19126164814906588,-0.7334278333835265,1.7895443016023354,2.296891787707306,3.9993036127104062,-2.3988136898013757,-0.10861862544248879,-1.171243812648385,-1.6996250406242215,1.3789975558071568
2087,-2.4620574671092594,-0.24397470997664428,-2.086706022865151,5.224593142548208,-0.9142776430619899,0.4824227004651753,5.877780476447416,-2.976354833689303,-0.09786660038619921,3.1768368004914684,0.11162623729879062,-6.092022080162344,-0.47870955716182095,0.316948025037032,3.3530386615739083,-0.697702178037936,-0.005113109735273014,-2.488461841675317,0.6947540655687376,-2.740832459730317,0.28005089252139825,-0.7193528383533847,-0.9628180335601826,3.4481983735527812,4.506397836403245,-3.81556308404355,-2.2702161876863087,-0.6281348973598071,2.025701961313402,0.18181437137411827
2088,1.6046010836838427,-1.827949520927298,1.226209207248452,-3.5478012053978105,0.4038624096014023,2.141078025791728,4.907840746337701,-3.231399186341406,0.09801049419057684,-3.4326374218912576,-0.36359987120681225,2.0217852389109794,-2.7237602594140196,3.5584036317010685,0.790229441121042,-0.7073806185407854,-2.77017276096465,1.8526805660979697,-4.923666817864255,-0.897773520494642,0.7149649795151873,-1.018070687876648,1.7562675376510466,4.368278509068325,4.866112105286039,-1.6420188632587838,-1.8029922170500576,-0.105459725113632,-0.39341708323941127,-0.9222242166230714
2089,3.138842445237316,2.554136521338698,-2.9623691800401097,-0.9653726992643428,-0.9891523827360258,-0.7760847045352399,-5.418231434035924,0.7800901477090143,-0.5446729279969045,0.6574225851592228,0.7016742004398466,3.823717428724539,-3.5891505041878258,1.5715808404984948,3.59605572253858,-2.8180648210698376,2.5195731614280454,-1.2799943992068457,5.737079716393769,-2.348676853263502,2.55751461139846,-0.5567739174628379,-1.7410634252823982,-3.6480801317844787,-2.171160997358644,-1.9356392403294684,4.620585050150865,-0.7788253270671568,0.5618489555207411,-0.29680844091524783
2090,3.740379688355027,-1.891260962416716,-4.441507656954968,0.47464122343313875,-0.22609331821641732,2.343841025800266,0.45501655644578065,-2.7998231391187183,-1.1966712906842187,2.522896681638759,-0.6528059424109092,1.6713871341291373,2.8446145134560403,-1.4768113396024045,0.48058377488954207,-3.022852786896131,-1.9900902245561696,3.1645560627097495,4.976700963599949,0.8710568326056336,-3.5957609723549293,-0.011625427775923569,-1.5243253160439654,-0.7160460800317487,3.366073191235479,-1.1672299463768248,-1.7538364695428115,0.6110177335096152,0.25442686479828325,-1.3104513736226604
2091,-1.5792271606781103,-4.001266264043792,3.1304134889816524,2.9522981362125122,0.9917446730266581,-1.4939628734985675,-3.1484136040852917,5.263313157691098,-1.209061076948628,-0.28320355533239017,0.31327370747977135,-0.9359086288047394,-3.0677677178724867,2.5807666729239997,-0.5039272002150668,-0.47516401976929146,1.6526183190496617,-0.18652605411621437,-1.5895960865764742,2.366420120181729,3.295384274218911,0.4544833733389577,-0.5412268820970105,-3.98546479906706,-1.877786184460433,4.371011409232771,-2.9201974966474396,-0.00477344654858225,1.5956099374540855,-1.163864219029314
2092,2.239398507189332,-1.7098663553868292,-3.6337519058809917,5.353488115753269,-0.45666672511688544,-1.792601636557535,-5.058421423619578,4.914430857453301,-0.48053651287912036,2.826347338229244,0.6997692392985018,-2.901589498482526,-4.197354252211458,0.8782976449363744,-0.9672221074025167,1.4462912025651917,1.434954983653384,1.4050325284596141,1.8295737616664525,-3.0208541009437546,-2.3718128791427144,-1.1669889779701426,0.5688897658518961,4.161192430537337,-3.8719624380627238,1.8818177626251895,-1.4320117413616273,-1.1953655461674408,3.2750286646220594,1.3424932983456372
2093,-3.651568656649099,3.8469943956212624,-0.16180779734866135,2.3695090828217147,-0.90885638402317,-1.4942706404216501,1.0177038743749947,-1.9174919419398826,0.40596765179793426,1.1385207401290351,-0.8555489297653338,0.21084860540305783,3.3530697745647977,-4.12277658212785,0.8994029431791439,-2.8879220644985857,3.9739475440336243,-1.2157216151505406,-3.2043402437418465,1.3165227996126614,0.8432654195393212,-0.8473875053279869,2.9879691027022783,-1.0960295727853548,4.575094219742397,1.5276307952384194,-5.535190250781113,0.5277985711453219,0.22262793585929685,-1.3179612712032522
2094,-2.800822976997349,5.06034217948384,-2.834637287327844,2.984821866505502,-0.5002398661928948,-1.9094639154708393,1.143181498695892,0.3157999228032473,0.267943052815963,-3.458176195262329,0.19703162348542413,1.5342200974616063,0.20331464324808834,1.7514720259263648,0.8147796115018835,-0.9627917662830789,-1.778866821676603,-0.027907692716096832,-4.872127935577364,-2.9747454138015534,2.8069438703580367,0.9424479354729289,2.3289645171205695,1.7685170264264833,-1.7182374429700182,3.5488885903669747,-2.455417650830949,0.9832849835432791,-3.6252186731690497,3.2667001930608315
2095,1.8161888920010618,-2.101764787280029,-3.2638803777306755,2.610711804273137,0.7379346767113639,0.2008097920255505,3.477135540592709,-4.74439274344558,0.3508175438560297,0.5169277218543726,0.5534938643417444,-0.15398192719946735,3.7126196113552687,-2.6570995674792126,-2.554254198466394,0.775202159409087,-2.9219203948388763,3.645452390020669,-5.023021648960587,-0.6760398652425472,0.3556525280375311,0.5121767123664895,3.226416756068808,1.604815517729417,4.915058909569929,-4.4165170154444695,1.9122588220712764,0.7663434240156377,0.13894808863770436,-3.3160922288490102
2096,-2.581472741597983,0.7712786903007682,-1.9480077065712642,5.32018379584019,0.8734562288360324,-2.4354382668073393,3.789697864957919,-5.112076890666643,0.9507378200316632,-1.0786482091059337,0.03695176339512507,1.4133376513876819,0.6210999595947051,-1.701513510512516,2.49947836351868,3.8150495740978556,-2.387488826177284,-2.8466255605208985,5.354325174421994,1.8704013822339434,-1.6391631927738803,-0.8309893594117179,-2.653550778597147,-2.10102322587408,0.6565528011633113,0.2829438820987775,-0.7812826546618581,-1.0084119283647603,-2.24797144225108,3.098169342016682
2097,-1.9104151306529378,-3.077049485436838,-1.7921007589946782,4.290941374771762,0.37603620076904676,2.112587799544027,2.734452547315705,-3.6586759608724577,-1.0261422156782873,1.5652236221713807,0.5357445982398197,-0.1506025911763409,3.7354302646728392,-1.4074393446488802,1.7150340184582404,-2.811699722127864,-1.0668787057996685,-0.16444651055414106,-2.5941691984320983,1.264794260978416,-3.5885998600335096,0.000381630343017747,1.146513580369433,3.771079586773869,1.6823607135675829,-3.564590167433675,0.7793458818722776,0.2793972434590559,-1.2479685022172067,2.0714548307530336
2098,2.5691889996023285,-3.4678078317606875,0.060187101049582026,-0.11360683489534296,-0.6052469225774353,1.5572854885819218,3.7362787913669884,2.452905432909258,-0.20793862409890806,-1.8529059987462624,-1.1275813371705512,-3.000758264260707,0.6288849651267618,3.52800878895955,1.512339786032328,-2.21572220362839,-2.5677993638665075,-0.8857119726231844,2.1118945527989155,3.23503828340559,-3.372895770398216,-1.0924467116899024,-0.7207659501406791,-0.1608244039765836,-0.7637028106201207,-2.930963577013621,1.4050850008405007,0.6476448526309291,3.0657529470702016,-1.4238164129068007
2099,-3.465700318736248,-2.871170461616053,-0.13354842425751556,6.183624979080779,0.38071500279870074,-0.09392077726930914,0.11609686091629001,-4.579123956501384,0.9633913834722465,0.5917778926757116,0.8810045958276991,2.026853223609262,2.773469269437559,1.3975129767255332,-0.2999167205825337,-2.148354759259149,-4.08393179121569,2.361221024894874,3.1347112049248587,2.4137302882494893,-3.7726455286497007,-0.1286583068106344,0.29094576367860725,-1.9380834213935074,3.1074005343573283,-4.306223042238237,-3.9371079777871145,0.5330885699138683,1.9908974726507083,2.611944443104555
2100,2.372430173046297,5.0631529859171245,-0.6588002257794017,-6.231115988352482,-0.04750570777657992,-0.4981612370546067,0.23161329327393432,0.3919765493513587,-0.08251254320530776,1.1765882288680487,-1.1896735250977946,-0.527992003190441,2.701513790368935,2.490736901338643,1.184551679971154,-2.98196396058721,-2.3898740516127557,-1.0049643594781976,-3.6436611559492356,3.238836821664428,-0.4054772803856892,-0.011401110332827535,1.9632656119707725,-1.1415628869683374,1.051776843024001,0.18214004854893773,2.478654385276606,0.5750082241136987,-1.4075982195031838,-2.87998128145896
2101,-3.1565585968350067,1.0037474490759912,6.186449439589108,-4.656279092426878,-0.5937606084383926,1.2164014090355302,-0.6765392468397593,4.0458509549529005,0.47321741617924573,-0.9256732137541359,1.0831675191278816,-4.000023429666356,-1.663124780829472,-0.39853618423198256,4.0486801993995805,-2.388033883182578,1.6552493852889576,-1.2542347364439035,-0.22476656914070503,-0.14531620919142973,-0.7460055473447298,0.3485627845973225,0.04841039703229022,0.7191151440463805,-0.3680287423697486,2.024271871337664,4.604531614841047,-0.042906968015985036,-3.1523765531444745,-3.0654912226474043
2102,-0.03750406277598728,-3.6862136807904946,2.3183111208937532,-0.20435649364807063,-0.03558296412748807,1.6453460804486273,3.363475214168556,0.8947111130623355,-0.632664410022576,-0.8604367304285869,0.4190111147637392,-3.1840963015437254,4.094894491454287,-3.2875377531068235,-0.5813338481098356,0.054932906651192326,-0.930205925795704,0.6492501289074735,3.846730565393276,0.7971302208111517,-2.4348161913322848,-1.231434978962127,3.2048738600772033,-4.182483475988107,3.9980840902811394,-1.402431127348958,0.5705497987541897,0.08648299620981614,-2.250357712044689,-1.0023280458503976
2103,1.2021637888641443,-1.16083200446149,-2.7135380724308575,1.3488682370677587,-0.0995888835587957,1.4229269345195465,0.41702872451947215,0.49657669691289286,0.05339210569154318,-3.1725037752913003,-1.2417572662558127,3.4472635144229464,2.2236806237567883,-1.1721490548231674,-3.3074901426639656,1.9068986575113556,1.355313498106792,-1.0062535818872131,-4.121798802552529,0.46577468500908203,0.5255736415890659,-0.38313330285986513,1.7712856910381145,1.7422980877752394,3.0104214938072253,-2.6868359184956887,0.5356399503709,-0.5674484043409089,1.1723638536395242,-1.464140974979946
2104,2.35329567624823,-1.8569077349117826,2.6581123624556824,-5.516231555051139,0.44831421775956315,1.9134170334997584,0.578582333201016,-3.1761978283799976,0.7170928437807103,-1.7704075416467315,0.7411478427297933,2.909782350314959,3.5531436396529728,-2.620715288958383,0.5343534614814196,1.1958470388225457,-0.24797127283442677,-2.414657578163542,4.010004260847683,-1.8447017939765527,-0.6448436497764316,0.24613943513934533,0.29750322049368094,-2.064101472728602,-1.1917793663459726,4.8283205097746205,1.9895241123744611,0.25943616372536216,-2.8884989164562587,-2.9970025030710943
2105,-2.6295518891313687,-3.849284241758717,5.425614939752002,0.0718857181256034,0.9551504005897975,0.026185072423007938,5.969626828296956,-2.1451610115361,0.33087645669270316,-2.9175616651993117,-0.5794518985087969,-0.6583287097456996,0.06524992488054693,-0.35976114843904483,1.2124111801525856,-1.8831532991566693,-0.2117544796720594,1.1770078222352325,-3.565672755923732,3.2708528803748393,-0.11846079615576777,0.38113548098293926,-1.1954445619118577,1.227589752632678,-4.019111779132579,-1.1287835200443936,4.524292183695643,-0.6959743699898002,-1.953678185748828,3.2732556712210332
2106,0.11997074978853028,-2.2626882454282793,-1.7961440097897494,3.5546483347319864,0.9200968332504544,-0.5358836625526031,-1.0572075493026496,2.826657890436504,0.15401762963265853,0.03674533688172943,-1.2000745328616254,-0.7601387747868387,3.700826087132519,2.9317745305203076,1.3180171647069479,-2.700990375638865,-2.308234587212267,-2.9413928195079997,2.8710573013523124,-0.2919708446316136,3.1559393463024925,-0.9873276521245131,-0.8671001334105686,-3.8805980174890387,-3.2649467478773566,3.1669664222632576,2.9044330547798474,0.9193029498869025,-2.7777615251511243,-0.947994153900444
2107,0.7441019220150054,3.612908033842782,0.8810944623472423,-5.1517931981709495,-0.4071394069812997,0.32082818694755844,-1.8568127110091908,2.2377190451233986,-0.7603691200240723,-2.0668927140215096,-0.6716260709318291,3.1179815708630194,1.3195074119774404,-2.298287583825834,-0.7300546195225763,-3.141112445465403,1.5688799226827363,3.2810673141543134,-0.4770128815643204,0.04997364741681665,-3.5109568254269696,-0.01681408548607255,0.8951877420286873,3.059622403030936,1.678312046525729,-1.561766838382077,2.3698635619037063,0.47599252616826515,-1.1038361186754262,-1.858565177539102
2108,-1.3464500003522009,2.3422036975871343,-5.525232367703495,3.320649523761034,-0.7389762737188641,1.9478054204267323,-2.4276505451108434,0.19275425694509707,-0.3371158807847472,-1.1122312581466733,0.9832424604246865,2.701000966672293,-2.541266520103873,1.1992731834708756,0.9227097230531989,-1.892814248133984,0.532795829892116,1.7793020318223292,1.8653943740558354,2.187102598564298,-3.3909848148749777,-0.94642085919061,2.883312426655678,-2.5984037252111776,-3.31415710986904,2.2066604487863515,3.65441624118705,-0.14161021769758975,-1.715634134254799,-0.6896752281508576
2109,-2.7955578153567213,1.3792877894702826,1.70709705228467,1.0391075438386217,-0.39198694246738874,-0.9379476277691179,0.9651157470065357,-1.7241219853923155,0.35140201560649853,-0.23411460472558687,0.25565813679133065,0.3860606907133679,1.2707013357145591,3.9628196020124413,-3.641363195044244,-1.1750683383045324,3.0771771934572953,-3.4942665978348284,-0.07843599028180037,-2.933857504505138,-3.433780331140701,-1.0258671134253898,1.0332085055468134,6.4387324338052565,1.4077281776323503,0.6172889470472569,-2.791257739379944,-1.0677484209167458,-0.4847337623733168,2.31872279799153
2110,0.5638145897936973,-3.4126908437815935,5.363741556588469,-0.38956667380328724,-0.3514999128897274,-1.773798715907244,-5.6085634219539315,2.149313322149297,0.16172344542364314,-1.7124589721443382,0.1089710292393633,4.901014597285805,-3.004477173031521,3.25121567312792,-3.900804220758454,1.2241439428438738,1.603672810732867,0.8262489670860003,-2.7925483396805575,1.5352428174814357,0.008054492232574262,-1.204599997020043,1.3923542303454806,1.0614967966401423,2.663280448590019,1.8519018973701833,-5.3149763427597065,0.9862576186448431,2.922099373832051,-3.108562995676216
2111,-1.219083659074693,-0.8357874561334313,5.089818254767618,-0.9046646367116864,-0.4640678500457094,-1.6662146528017754,-2.4183812385475356,-3.667871372471268,-0.14770335749018848,3.2928751137612906,-0.6731470455670294,3.614227900314603,1.7117437664393584,-0.6205878987338345,0.18016236429446053,-0.4508098007051764,-0.956707029721283,0.13619859842710724,-4.980856024159536,0.386531744636466,0.7524312047868982,-0.04232835333997542,-2.482460194144476,6.366681622219637,-0.8257729552470927,1.851839029487195,-2.9163197347941434,-0.3183648068354028,-1.1865028523652725,3.395121319755848
2112,-1.8041639496407047,4.558916409743848,1.6694014138681013,-1.8652260123306768,-0.6096554378073977,-1.949272423832868,5.054347312721369,-4.456212600827044,-0.9881769432920864,2.6928284313057027,1.0850032536614354,-3.3877894535695,1.9420021430279206,4.018770654571107,-3.64783577760274,3.749096974795883,-3.593521694065581,-2.46851230072596,4.448944919930529,0.30403885311948287,-2.4876654691850764,0.4026249797047763,-0.4097488843464614,-2.25819439922423,0.3101460127566362,-3.5524349060008227,3.8319524996779606,-1.0268088318087232,2.884274737272918,-2.4471295118968115
2113,1.4584453093498162,-3.440963497839718,2.53786578680376,-2.6728002953565557,0.6101459450110327,1.5073067520319885,-3.0545925241674468,4.4195995453635355,-0.5645840982512684,-2.7474547631116177,0.890744053988552,1.0562877861781246,0.28351668271973907,-0.01618741560844228,1.6396838542570542,-4.241498265980301,-0.0036371955424066016,2.338122340154964,2.8698398344819296,-0.4614867573697232,-0.9608654277081055,0.3773369720628539,-0.6742422977824596,-1.150582323685441,0.5704429086209046,3.433117881289377,-3.8236864938319286,-1.0444239237189685,1.7988112388742792,-0.9342616112325111
2114,-1.8434349416427587,-1.892912816930636,5.303284188698861,-4.656778281034981,0.6582155968062118,2.431626254103616,-1.3894313380569052,4.3438179292717685,1.248393181999134,-0.9090310377246702,-0.08630146332773503,-3.2074472721616907,2.4941541582099482,3.634777594919001,2.2256510552907116,-2.2810989093229335,-2.9354265375470376,-3.138057361549107,-2.734264875548263,-0.5913142693303399,2.7706024418297126,0.48444619028451097,2.517294890216471,-2.446764377453025,0.88374590201337,3.614585753411152,0.6381792023696278,1.1068785620372354,-2.5619073479047145,-3.681482071925549
2115,-2.160729451330985,2.0015049652882055,2.8129676792665492,-4.67214103207586,-0.0990791165534417,2.117476955405852,0.7566438945352445,0.9090352791505367,1.0777908791113067,2.086748074999793,-0.7924396095732726,-4.037778518223718,1.3210374964587857,-2.070195314772837,-0.05574913884581534,-2.735659563970909,0.5311893576833526,3.009377163448022,0.7331591035270328,-1.1607002664423476,-1.4908856362230303,0.917979522492951,2.8480566684601794,-1.8476093918157162,3.73602279716561,-4.699252652099112,-0.7767106621706468,0.5565379002151563,2.0487168564174034,-0.8653142395273008
2116,0.5707607649074564,-2.952441040514909,-2.1451043879713723,4.830291972013477,0.752792828815489,-1.05630013724981,1.2168069472826062,-4.6713018004520634,0.5984810565351175,-0.45179059809518485,0.6869487432238133,2.6208556515056394,0.2819154138332962,-2.3834101177975384,0.922815642987171,-2.6441841758426268,1.9675408980045361,1.8553223388157924,-0.43788645734094445,-0.8994821223772291,0.32970728587767795,0.13973277078440738,0.7586686285618445,0.10925989449331297,2.4713785757463818,2.0789617514537895,-1.8220618963708048,-0.7426329131269691,1.072018328995842,-3.057663846697155
2117,-1.6275504703918493,-0.47285125805963446,-0.14134870677374423,4.33068712041338,-0.2000479512798674,-1.8888887339079083,-0.27866890186820825,-3.6579694585280365,-1.0966031422380857,3.674969664247218,-0.04704187503019863,1.4053137134172076,2.9092538637547847,-3.4381751603512036,3.8901599170236487,-1.0019603640928292,0.8028948268030653,-3.1621730831368264,-5.031888556788189,3.1010704154175386,3.4418949079283614,0.023748600110993223,-0.9301729336489277,-0.6046524330206964,-2.224571279760738,4.515272680636347,-4.936133059240085,-0.8927910424043644,2.669050086842141,0.8691726139278035
2118,0.94231066514795,-1.1202757391643168,-5.943412603169278,6.191500894318516,0.5833167257731651,-0.6534399429056936,2.0985367639778865,-3.049824086483234,0.9492603914307232,0.9992271479321282,-1.2078335286613826,0.2106333118037753,2.5297696463742128,-0.6172421404892425,-3.0178308912834844,-0.64172432544526,3.749333711083274,-2.00230600023891,-1.154781427148908,-0.171246424808567,-2.6974758277992112,-0.046401174021136526,2.565814453256749,1.5040904005201519,-3.745572766518279,-3.3883898447101686,2.529067372941242,-0.5770331162649214,1.4431407941846146,3.738787560368692
2119,1.6921015952068892,-1.0895540865175306,-6.103647236048104,5.008969471806875,0.13367093406802955,0.3584593214841476,-4.771379522741604,-2.900516278290155,0.5691707445670939,3.480192069320026,-0.14570656984177166,3.7682395569862948,0.16182242787581558,0.04511361102112943,-1.5476638048419016,4.092997681723691,-4.111037307452026,1.3587673916738083,4.585228354427329,-2.4735591459458064,-1.6741020202829517,-0.08493228705568612,0.6183538679700789,-0.9709887691138945,-2.9638557104760253,-0.6421588760373922,4.821086227831874,-0.10393904421945432,-1.5578170112077618,0.44668441410996884
2120,-0.3579718233651761,2.1809891898690665,-5.3796117133514265,2.625330241563862,0.542218319305158,0.38904578597880857,1.6613153052068448,-5.091812022987256,-1.1150992857388542,2.994417210566432,-1.176053582800133,2.727232375752859,-0.9266602661026049,2.222814069202311,-3.7076737417786703,3.7147477464347674,-1.2452301447266478,-0.05799766302857989,-0.6254770436660273,1.6939061994286018,3.8340696037511535,-1.1008190540325726,0.5388904676080752,-4.3405701730901605,2.5579096048597805,0.0430650210783341,4.141290541098865,-0.1862953727808785,-3.265201981721324,-3.2907678125335664
2121,3.0831339160162656,-3.4978954414533447,-1.467237033016172,2.584021737398839,-0.11298470359113644,-0.5890384753541618,0.9188237770968293,-2.6359209836672726,-0.8930794869963927,3.0316422853176945,-0.3965953162924203,-0.024870275458557245,0.9856560906624736,3.258047285750699,1.5688158732572113,-1.5580307406812182,-2.0687651179647304,-2.185723391023922,1.869691460896263,1.8115060450466736,0.19869377393880328,-0.16155671787741976,0.8719862589230907,-4.590320820928344,0.0699746547435467,-3.6676701860713834,4.971845914364543,-0.2363982336887016,0.8818764970422066,-2.0196286463889876
2122,2.780257420091562,4.439513874594979,-0.5061651236634503,-4.118654269802207,-0.9793923422030446,-1.615559559017548,-0.30661662893686525,5.775786082646011,1.2100204838604771,-0.558376134517026,0.07877668928942061,-6.199590492342132,1.4789491286072938,1.7209140193735237,1.473293785331613,-3.1849299870273065,1.8508822612418534,-3.339109207526448,-1.5126641405399148,-2.662348473438664,-3.8115248586883634,-1.027684770785235,3.1538333213961707,5.860388922055101,4.471256777389982,-0.7738054775684908,-5.628001433827944,0.7320828955974523,0.34292785425452443,0.8555393841556995
2123,1.9948694673161818,-1.6022112644488402,1.2989994663677749,0.9560176879387186,-0.37787059773622134,-2.269804759437333,-0.7913352432285166,-1.8706932416004811,-0.333735200330171,1.1361989162301604,-0.4056039470829971,2.265168716011914,4.078617240830649,-2.3211182306978113,-1.7154256987628322,1.3938249423225706,0.02255939396516382,-1.4584576476571787,0.2367207122662407,-0.3440255295420691,1.6941412553207442,0.7122193042614393,0.5820091681645607,-2.881064910471853,0.14044927545661068,-0.15814257363176765,2.0529749185268074,-0.6185317371169106,-1.6745294917298263,0.257779608496298
2124,-1.3249964080556698,5.491529731523411,-3.407630965135617,-3.060107449031783,0.23070141922825194,2.0705036714716893,0.9306180027793083,-2.001148815569845,-0.29301157438909886,-1.0459841395816927,-0.6015881638601988,3.0111146906214543,-1.976082679862781,1.9131863557764852,-1.5080402873857555,-1.7544081661701796,2.66778457478204,0.6575602028607719,-1.9164946246681396,-1.1561178213452656,-0.7649285378260338,0.8963272622352614,1.5110278235939631,1.4301858980092916,3.57692107890961,-4.911726518382109,1.429569383674881,0.4733060907035682,2.913336105163385,-3.4814061400681346
2125,-2.6016449514287263,3.1338469015754598,-3.668891196849607,2.848325925809565,-0.17763391980526122,0.4659972406988544,-5.9071678129070335,0.0662381838603352,0.8569845554410849,3.124028367470668,0.32834582223137243,1.5315708839035018,3.8373054149600136,1.0685800230351887,-1.9188582516234778,1.803644717730478,-3.189924000881181,-1.6007479032204586,-3.734241831371545,3.0247055664110647,0.5141361704592136,-0.39317769030196903,-3.223478199131849,3.8120559839341794,-3.1572430133027716,-0.46155521811807176,3.838174055148528,-0.3040865935880621,0.7672165223928751,-0.6825057525312861
2126,-0.4370020238151593,2.8416435334776082,-0.28701487236738643,-2.1960891735610026,0.4979050281968509,-0.419442491930635,-5.084536546585856,3.077822086352846,0.9099264256481243,-1.7761374155792211,-0.565278946537366,3.4382043967014155,-3.3913310544029116,-1.1345681162077277,2.335628916877596,3.7262970701535316,0.7347792063118739,-2.270806022731797,0.19945397613426863,3.2895679810708884,-3.6783388001943766,-0.9240542141512798,-1.2211471115911383,2.334518168730707,-3.5213964285994592,1.6597860133697395,-2.155355889298413,1.0999321025189772,-0.7306629088610048,3.6476971108713556
2127,-0.019650091059174812,-1.1234755941367638,-0.6567867899276649,1.1595148073820098,-0.584296309783289,1.2246939775251384,2.650789503626747,-3.4596954949985523,-0.6237148111259998,0.589628676685086,-0.018216242298929153,0.8612083681116189,0.9663074315361406,-2.3012785351959035,-0.09025535654686578,1.269359166893011,0.47245026304021565,-0.3165829697260403,2.401581133928339,0.03868783579819812,0.20506115313270712,0.3410866501488785,2.6692488276106765,-5.655665600619706,4.59109865493323,-1.8725897266138674,0.6270732787679805,-1.0816596888084944,-3.3539989371940866,1.090076418916457
2128,0.9549566040184772,4.83039379883634,-0.635407423935991,-6.083632110667629,-0.7338957028264994,1.6675848345755693,-3.6777966861427487,-0.42505243585657837,1.1632069842445292,-2.1063362470268796,-0.9974366272205257,6.043415012002175,-2.5930649396500147,3.393667787607626,-0.24103064982397981,-3.998899937394542,0.21060090965021772,3.2287268296112366,-0.3205584803993453,2.601206252675169,-0.752069230933186,-0.9546367490705823,2.7746372365585508,-3.3485790288314874,-4.809906409364666,-4.587872755433898,6.043993188169324,0.8430992549615484,3.378951609242783,-0.8682648875738987
2129,1.7487237465027157,-1.0616610255774646,0.4197636869547985,-1.7264274438206897,-0.6665872340102335,1.2861882699511185,-0.3219392934833749,-2.9362643634306913,0.42453404402956707,0.3112371862629306,-0.34047418009167885,2.862906606713242,-0.5220209603054187,-4.161112215532343,3.2722679696137007,-0.03321301315241243,2.308959664558472,-0.864881445181453,-2.399825069637238,0.5337833086952397,0.2557467270433733,-0.02247138175000618,-1.9642181535504637,3.5969845691982094,0.015198435343965144,-3.81769748272362,5.14625514414832,-0.929569572364751,3.265041434452229,-3.6792279588549377
2130,1.5092639141979483,0.46088497794426786,3.474398736739179,-3.673251614653193,0.6128612481257765,-2.384157262353712,-1.1632880309054343,2.6104747951654055,-0.37494745253695516,-0.5001726585410662,0.18979057871581873,-0.7618572318977499,3.4470263043997953,0.6005142909695813,-0.9829948034849352,1.1673468330108392,-2.1532025118102354,-2.078690113084523,0.4270483961448903,2.546420911545745,0.5634660635452775,1.2401054378737904,1.728644622237164,-6.505685431347732,2.1127280193352505,-1.2699247348189324,-4.273214690745153,0.9215939535558642,0.3026256620736998,2.2061917906004673
2131,1.0773518240940234,-1.767596466326598,-4.080855590242006,2.2723269718274004,0.5631913124763361,1.9355819481711478,-0.1565748465346708,0.5807537110506615,-0.7637807254729738,3.643448361171359,0.0012214703302113605,-3.305067970544542,2.750773362858567,0.19157025554864404,-1.7240919640852397,-1.1200870145143504,-3.4558616301089167,3.3576969903018465,0.20212535413443078,-3.3498343435620157,-0.10422473172698865,1.202077625107477,0.2857913337357889,1.7640647623104293,-4.90021185241161,-0.8342364576563668,3.5203231529822254,-0.26217170416403324,1.4179405438975898,1.058356317353386
2132,2.713220467816818,-4.030902473604566,3.783045588984475,-2.5141359690807086,-0.6930310904102097,0.7418034762944927,-3.8383112102882713,4.633274857046214,-0.1269862792158456,-0.8573717935529839,1.231103538113822,-1.0417091121028434,2.0434588242831957,-3.265353157166361,0.4961885922937803,1.6909374569867168,1.4552567182677976,-2.4204884346646196,4.528764635699005,-2.119663263335406,-1.0341277360716,-0.42647013690343094,2.3030191415709194,-3.2515226409603635,-0.8566913816638717,-4.851174135073196,5.913879846689014,-1.067262368273509,-1.7850237260415582,2.6462717643642932
2133,0.12538138288249456,4.491480146760715,-4.641570560699229,-0.8502796335215166,-0.8899151413789967,1.7649038059568198,-5.164394060913672,-0.9047799987801177,0.5542472259996458,2.000773875711257,-0.43725029295499773,3.951403250937929,1.4093898266142126,2.38506843274088,-3.9569507779510342,-0.2554183442553928,1.941572339070465,-1.523661476218619,5.10541423840283,-3.1329054113379566,3.900810163411389,-0.9530542617265914,0.5845794822438695,-5.504844210994399,-4.891480709076724,1.094931570576648,1.675983539650879,0.8345345749154447,1.2270780735060605,0.058952950428851736
2134,-0.4592670487955477,-2.746558804399001,4.258052676751323,-0.33252753475815666,-0.6744304139386763,-0.04526887485968878,5.332233168101883,-0.06250583477507732,1.0082484531800828,-0.9989835283152626,-1.0946061538776348,-4.184386104313955,-1.5248516394050586,-3.0710894897614,0.5317493719321007,0.49972555772131244,1.2684693426435416,2.2959968568699978,-2.8535092397071438,0.2670202653181022,-1.4236518529520197,0.6001002302539238,0.6371763113809408,2.7728642857053316,1.5855761846834717,1.7221660543995583,-5.697401604361573,0.4754334390956618,3.0068061570119546,-1.092580230827874
2135,1.3564652231482839,2.82549099199467,-4.196174644806877,-0.5121923265013812,-0.23530205533574056,0.7617128115013063,-2.015901285295296,0.0180847298533493,-0.08520381648690734,0.8251379413314144,-0.5807181823445644,1.8386006129420203,2.3748521889925414,1.1108754126546572,1.5441379457330804,-2.9330555136541996,-2.7405505417939047,0.6437405080683103,5.014989425422225,-1.6482289625390507,2.6821820264409872,-0.26784301578285685,-0.7555125631224939,-5.0255869104196655,2.2642974977262185,1.1799764212030617,-6.150730675650383,0.2852625482772906,3.6766340957167856,-1.2554398872717805
2136,-0.4931473174397212,1.647076532357147,1.2957531570673062,-1.9266342077567664,-0.7864606792089084,0.2634125149812476,3.1868000959591605,3.5378240503100287,0.6126545619424428,-2.9261933607207897,1.195579839946526,-5.606665187437354,-1.1297205068346923,-1.7957505643440186,0.5098651461433761,-0.6722366796909895,1.0884712883233583,1.999371316403444,1.882598430363398,1.2803375642747117,0.8950888960307637,-0.09360937342146425,0.3625433178885302,-4.326958835136786,4.225623514181546,-3.6023350899187214,4.629893226274461,0.07969646659637508,-2.877297195272007,-2.4555809218604754
2137,0.09069132019247839,2.196473750843438,-0.9044689301673223,-0.9051258320506754,-0.3192972720814984,-0.15827303673611048,0.7194393318963606,-0.1842771188600203,-0.2872179518069915,2.3385231116031093,0.2477602054815744,-2.834227578313982,3.6831159163002596,3.599960039210252,-1.467708422970503,-1.396265896534894,-1.9028077558964007,-2.5162938801082166,2.5956765848835417,3.4515374938548007,0.32271868373333135,-0.27435125042929176,-0.32315147161576974,-5.772430040427441,-0.8636848276541542,-4.7640096889183,2.3092333551937756,0.10529055748920868,-0.4795183852965277,3.6926889891871895
2138,0.9427336027603026,1.9112214761085866,0.9037888864153594,-4.2301837192128495,0.43342993886824255,0.039009815060678577,1.7877620402645213,1.4516226628792523,1.005175548463706,-2.4977331097970357,0.07056278626726264,-1.817389928077617,-1.3490305175129294,3.079406773939759,-0.3359313956454919,-3.433144529524709,-1.2674084364434428,3.306108105187324,-3.464814808159442,-2.553049579289473,-1.4126995647016045,0.8050444447172573,1.7471064213409306,4.878413086091495,-0.9225045707087354,-2.0076785445106964,0.26528829741030435,0.6584823424696484,2.8453712701576386,-0.8389587948169712
2139,-2.3496259207965444,-1.1706329250600476,2.476112788083114,-0.604678991490708,-0.5188185237707448,2.1676435730352566,-1.8495073927494232,-0.5427870600625795,0.025700318738728356,2.5147089025933553,-0.2650315667110519,0.11691679819103484,3.9862877402193426,-1.7062021432934529,2.2119551812218567,-0.27533624456448536,-1.6206482903603394,-2.596056243222396,4.177212667984747,1.949493198506012,-2.8142675021569517,-0.13935416914424792,-2.915042409423341,-0.2580417857670234,-1.0754709770898216,2.4744677768942793,2.8946686871880267,0.15654821639722272,-2.87599659276691,-1.5742171106216176
2140,-0.44612323140200516,-5.151962393833347,5.652981352005092,-0.16267124054594717,-0.9714763125616974,1.0792518263382327,4.758224456482125,-0.9432581725981812,-1.1269122559165838,0.6819426066766887,0.9274459761285199,-4.297442610772528,0.7798854267169517,-2.6091843339289795,3.035137642915327,0.4770268346216504,1.57013995213714,-3.253005522461587,2.4085765504335654,1.2330990796970216,-3.5634726684992817,0.6956547477893755,-0.47036876818085815,-0.30348894124063364,3.4839683164489585,-1.5089406081427796,-2.312077716621566,0.808206469752573,0.99402575381243,-1.4651822152483973
2141,3.1013975760020216,-0.7956974454332695,-4.309964113960522,3.861196679916933,0.5884923832142617,-2.445425079739092,-5.960166466692748,-1.7298769644697458,1.0565701106925616,0.9865182743771008,1.110980656570388,4.535974389522483,-1.697328465601979,-0.41999965305439346,-1.1977503843273745,1.9403086690340636,3.7089159642416867,-2.3341461302914706,0.21797149550295813,2.115878528156056,-0.5441000597119494,-0.9348459880840077,0.2695002078144295,-1.1244041836783119,0.28053587649763756,4.248161743911201,-3.6290538224777222,-0.8639151864918562,-3.6376984250920934,3.6019698136540583
2142,-1.0317502639834046,0.3268599938561678,0.7249596584295226,0.20528396202468358,-0.3363429291447817,0.11098957881814897,1.7995166469200754,2.060688969582049,0.2949969001457635,-3.359404739245285,-0.20961394756220297,-0.5861838298403264,-1.135661907271329,-3.60843177272608,-2.452241704420553,4.149005740356948,3.496689491417623,-0.44935984735609225,-0.16002848520816215,-1.8795689978905514,1.5586762128119567,0.9166073534236059,1.8861528518308806,-2.321838934968582,4.595099740930777,-1.0728654024745623,3.585101953021944,-1.083713088370712,-3.267081853309147,-2.756541349797084
2143,1.1704581006612251,-3.7076945929099736,-0.5014240954227667,0.48193237001109424,0.966718952935449,1.5900092647253121,-3.8068598074029616,3.9319635626883773,-0.699740442758646,-2.179137732594363,1.1525989656925564,1.6011754543751167,-4.2017794109079585,3.241109787698825,-0.5205332228405979,3.865398726407861,-3.1850735617007757,0.8008776813431524,3.3220685693673566,-0.48192637583574793,-1.9114131532118748,1.207218537705284,1.3319392271001256,-3.467886805125982,-1.1876578178782076,-0.06612207907401313,-1.0790133341970005,1.1785832665273253,2.0598485815863654,-0.9056386169632695
2144,-1.1371409269060226,-2.1082015305904527,5.745671223568209,-3.5551398917877677,0.5087603377923369,0.5460507879239866,-1.5691009457800575,4.824615800624446,0.9332485227499534,0.2508735674622855,0.3343034006080412,-4.7739403456645455,-2.6205601251937214,-2.1579548271811326,0.21412580862547514,0.8502761545891389,1.7076315550101953,2.006481434150576,3.6132876623839216,-1.0462224647026375,1.3094323736119406,-0.6679268977712747,1.6142464005034114,-4.822817074026183,-1.7269581902540345,-2.525083694864257,4.734258928470549,0.016560357267350945,2.4810311381350836,-2.9798085387534883
2145,0.7305181808935188,-2.4685160345095127,1.0266425098354013,-0.8249025524784024,0.41610800252025104,1.1201498937390344,-3.2333688263301923,4.9562899473302195,0.4021650439666429,1.741746687861248,-0.6722058907165298,-3.1946269621112577,-1.941509251579097,0.3421393181020953,-3.0522190373469265,1.826299453169291,0.9060371770806199,1.919252340574559,-0.5789710399858095,-1.3423212577098766,-3.580257505710213,1.0652462385746269,-2.2176777779143997,6.653981342744871,0.21594339171700838,2.6397631438373814,-0.3299777952792553,-0.8753211039594673,1.8494304528494858,-3.499838089163985
2146,-2.90547434225809,-3.799160946580969,6.239435478294631,0.08799244484546165,-0.5939430170862243,0.9711503827854777,4.310217710751086,-3.2753782100459574,0.10524312651064971,-1.532772915840006,-0.8889400207612859,1.2816303093856298,2.3394121313717733,2.5507923820447083,-2.9637705375916887,-0.9085114131965248,-3.221946187999418,2.204023625371711,-0.0737864559334227,-2.3729438912221674,-3.47098738132183,0.2351200943549525,0.5708151469090623,5.111782487212558,-2.5029481791989276,1.5968077453364948,1.3823138708764056,-0.782718853205747,-0.5930624638544746,0.899607880047423
2147,-1.050868970231404,-0.9559855082458917,1.7787386141430943,1.872890350144523,0.3869492134093795,-2.031723699219387,1.318869508003555,3.759121420257312,-1.1126360737911973,-1.0408656032306585,0.2669336950067791,-3.1914229462456696,0.5332782790542936,-1.3518721633348623,-1.7730755168939485,1.664566138056351,0.25561872373650374,0.6714845393822575,-0.4666034001415653,-1.292066296606663,2.1326805760495198,0.8909798138949778,-2.0597055221011757,0.7947148289040662,-1.8566978034132653,0.27963556125864386,2.4368879702462074,-0.01968251132315224,-2.083138765806183,1.2429955490389162
2148,-0.04557356282801628,-0.7542984724672941,5.445186980073114,-1.9349497554112673,-0.6942934455024377,-2.0160717438638027,-5.301791235814779,-3.0874816776235328,0.538899534426748,1.933739784375188,1.168071466541294,4.748562128095195,-3.434426132082578,1.528369351756151,-2.6381322734422668,2.7815712787064015,3.6515860433301555,-1.8889682682672806,3.6156633137643297,-1.1798631344364647,-3.0617126750737835,-0.13596209194415287,-2.070377901500981,2.8322524891902034,-0.7848871014091543,-3.332983247324286,5.056968717061331,0.03720265526414224,-2.3048929846402313,1.3285919610493586
2149,-0.34898872082249,-0.6072108871816191,-3.3732121993504904,5.493975841872423,-0.20295045598441352,-0.9616135785331128,0.5881080550158444,3.2060632429149116,1.0789679123893352,1.7139190852501116,-1.010010622632115,-5.577047672937958,-3.329567152249629,-3.8569380946150105,3.738684526765546,1.6795816528372391,4.165630088493675,-2.397391021231252,-2.5029067382563923,1.7455477809840279,3.444832960346311,-0.07617107687781921,0.7295807021815239,-3.3408836283784957,3.5588504542144364,1.0529437861244304,-4.10720741986405,-0.022166807669020017,3.038191755562984,-3.520611768367605
2150,3.7141530249973194,-4.631739156750648,-3.911130832418216,2.697668133310131,0.562336105237613,1.5687127256240707,1.533554926156544,4.459209854664405,-0.3545021977889409,-3.0150916106722683,1.1226729350965927,-3.7458439074561873,-1.8408902962963367,-3.990062195245173,-0.4932249652959797,2.667535079149495,3.87141493417883,-0.21477255649025473,3.484654523213642,0.1112353181405652,-0.8461392953201958,1.166014954290917,2.7688385493974312,-6.684604049723159,-3.4530564734044944,-1.2784753285406758,5.356214262951596,-0.2145966186404058,-3.474144420403615,3.0640585780387646
2151,3.2258731018551963,-4.4364007989560434,0.11136459587267922,-0.5879875913812249,0.23397226436568408,1.4531784282439677,-1.527929666070662,1.6536378343774345,-0.41290004691923077,0.6324742038380045,-0.2941125123346806,-0.051169812890730526,-3.052070685042011,2.748198223250938,4.00813247773759,-3.199326478822986,0.2044707139525812,-0.709404251075517,2.985565071620396,-2.8438546444933497,0.27711540003635804,0.17057667083126926,-1.9004733637956939,1.3110708658002288,4.384325243764,-2.2806101477334515,-6.222611693048364,0.845654376889942,-0.09709475305417392,3.3703369731832176
2152,1.6603296222682147,-2.164662916191382,5.60347731909744,-5.900124860293811,0.6114625782959497,0.18951825682387202,5.351925678721479,-1.2710395890816244,-0.8308905294098068,1.4506171631108842,-0.449836402507529,-4.250776320833268,1.325300419324055,1.1202988302801202,0.46810159637311344,1.0928132085495967,-3.9214873350668054,-0.08502671945947426,1.0540267734336446,-3.258017708260132,-3.595001444408279,0.23943749713087925,0.12207252428818727,5.437482357814915,-3.7350237427344055,1.7463736798117573,0.8302264028079875,0.5857934360526729,-1.741880747256996,2.3145109713201357
2153,-1.0013387528981657,3.852024135266422,1.916798711832417,-2.592387603937162,-0.9239411481320607,-1.2511553421311667,-2.8576181715764193,4.210882722229066,-0.2996964009235441,3.6622755094875146,0.49756742048372526,-5.213411079700212,-3.406846297765231,0.8985326475167774,2.7320584653686453,0.028072419267644477,-3.644135452586738,3.3923182181995095,2.6831441207288975,-1.6693786688378633,2.46363072906108,-0.0983806357748005,-0.660629947455428,-2.7183855977226656,-1.7537213586763087,1.7511974287458685,1.2244512272216923,-0.45729223186248635,-2.834107537389132,2.0694724719615074
2154,-0.6765290217671769,0.2803921092550006,-2.5018829879448887,2.6918146446742526,0.8785985664236069,-0.6723933106405084,-2.227722761898786,5.935360878114778,-1.0270409357375616,-3.379209477587711,-0.44485835177824473,1.1434706488876856,-2.8257068807671306,-1.2119308562430433,-2.176856928228508,2.88739833400896,0.12934116170129428,3.1977551695290103,1.6031233710851645,-0.5356721068903383,1.5028446444858226,-0.615012823253875,3.2408250060620176,-5.19610809148956,-1.0123638044072436,-1.9349910135513753,5.801093165885359,-1.0159327024930054,0.5434804297435392,-2.3812860751761367
2155,-3.578189602405132,4.506208840258623,-2.665329660403607,3.243478429770473,-0.6119039903681167,-0.8942640168519631,-2.4984609669572038,5.071969131251166,-1.1210213684478108,1.453184333561957,1.2023321715431479,-4.108003300951104,2.094577195286085,-0.5441197243921891,-0.2119666483389615,-1.0393696276710802,-2.1464574005534303,1.8473362056701355,0.18753447555713265,0.20535080532128447,-0.5750986193428336,-0.7841729730028657,1.2501866646950983,-0.2838003532285711,2.582084726242506,0.6902897453799284,1.0574643161459782,-1.012688547648375,-0.6588188393198067,-2.6583314007991277
2156,-1.9337096418729889,-4.161603913046047,-1.1827359535644533,6.182294150188689,-0.4367303643619356,1.5324857226570252,1.4932594586863317,-3.458609546877476,-0.292771027577027,3.309347007601204,0.30990117624679137,-1.3611270680796679,0.9452944485872514,-3.815633658896573,-1.888722371953726,-1.511706295832699,2.880341809014336,3.3904260690819363,-1.1257572900764359,-1.202101833640688,1.0321320676259838,-1.2420711810885323,0.9786116192899659,1.5591866178889546,4.228803922764669,-1.879020926569435,2.846429702514179,-1.0140525676816563,-1.8562880670730433,-2.325872063953584
2157,1.5128179557669412,5.415750796869666,-3.066490624403862,-3.768730859117639,0.23836658505852792,-0.33171385417332466,-5.834979619845559,2.299867960966534,0.3983148900321405,-3.066952494867932,0.5913251387874565,5.612424124927529,-1.5007399810498008,4.119015849050847,0.468870418760833,-2.854007973432525,-0.41139145644573105,0.17825314311691365,-1.8496532526851297,-0.22156160235992672,2.202303470808978,0.6424707399014746,-2.9545991952555877,2.181039839589399,-0.3556580157308744,-4.48794551561237,1.4837352280238214,1.1176045232548466,1.5313463629890904,0.7109174170766188
2158,2.4700200495294453,5.246089173369825,-5.236725563136972,-1.559563996187265,-0.05398747924351088,-0.8658321843312091,-2.682923936062174,5.154494879528798,0.233842618728195,1.9507042655795033,0.11426693447309688,-4.770384762247264,-1.2967588757682655,-1.707136714165733,1.450846684306235,0.7363876465962953,-2.5381084093987365,3.354769668430812,1.3212409125452425,-0.7997664903442789,0.7565481630780901,-0.8536804812756111,-0.998859846467564,0.5745177424633106,-2.8013454911241986,-1.9946028235493394,6.088086649684392,-0.264709863850479,1.5494811588993613,-2.576909630058614
2159,-0.004192325821545495,2.4897396675563463,-4.829813966382261,0.9744380977263063,-0.896920414561158,2.2667489414826303,0.4282641756014449,-1.490741743643106,0.8785061822701756,0.9132564687066242,-0.7915621199790701,0.062277037044086825,-0.0605002132800081,-1.8485964619823196,2.485105047948963,-2.380255877501911,3.3804841055466177,-1.5762366007306774,-1.8045793179848353,2.455289595518664,0.5700299177378092,0.5830111617468319,1.202698069330296,-3.0064494263495654,-1.2900887084812993,4.527979809579655,-1.6519069085898863,0.45099001586215337,-0.861539912930068,-1.1754342954394108
2160,2.403350606368104,-0.4384956161144835,1.7292238892276721,-5.132071037501927,-0.5780085708124196,2.01600072883344,-0.3150508502286513,3.177392528098718,0.6070162561537025,-3.3562373446537777,1.2250750099753915,-1.3381955993452195,0.8112224825271213,-1.0890089405239074,-3.6920291220442145,-0.753987408643809,3.2274157033483704,1.4963872853371107,3.4517088107775287,-1.728812860737131,2.3907256330470474,-0.7373460872596116,1.9670197438198258,-5.343295239648491,0.7538878372986844,0.36806115379677706,-5.3367646627261465,-0.15221178483917708,2.304381525941576,2.062645930529463
2161,0.10892995771736125,-5.347057854275757,2.8968329570704867,2.563729536342052,-0.7075134619878383,0.48507886513405296,4.010415318161755,-1.7525017048921896,0.5135565633677652,1.1511837899581963,-0.4114652420815945,-3.511188724513797,3.224104017765651,-3.19274657445742,0.4994214321476669,-1.3787293356804131,0.9098846417218382,-0.0619341814966603,-0.2782115282916564,-1.777457016976987,0.5194799555384648,0.3542109748319069,0.19578675426075698,0.9861908606366931,-2.7425046115296468,0.7939553232183592,-4.351989093982656,0.5607390588668961,3.4636549395605627,2.27614438386766
2162,-2.427175506514592,-0.6851940154324616,0.6353637724838528,2.4458717397429055,0.1483993834920705,-0.11726537377139579,-2.839288365443071,5.844753264609427,0.24133889652513218,-0.8044228852763027,-0.5596960100236856,-1.8826849003913821,-0.32368608693516165,1.0627196341749432,-3.6846620134898913,1.4152430484504208,-0.3376237601937113,1.8680091779940646,-1.9308523685267431,2.7743280412737548,2.2124073594165417,-1.1904857603638028,2.5397741737523685,-4.405171445552913,-1.9565270403269217,4.8756784773310855,0.11251249026326704,0.809586688538138,-2.285899532782233,-1.555351083022149
2163,3.294834249718356,2.280399859871288,1.4929722871966362,-5.911737693298967,0.43171499451432105,-1.5881836980012611,-4.522484987328404,1.0199372333058498,0.6796169785421116,-0.28770868681275097,0.27513131954404013,2.835508142749269,-3.3491372253304785,-4.247487054721324,-1.4916214270759696,4.2380535576175085,3.2670401156014073,1.5831520339094816,2.9315293859369618,-1.6871268296413522,2.9805282482396755,0.33241640478046186,-2.5348718198312437,-2.022475389485283,0.7750535281893569,-1.6120208533726341,1.234430877518097,-0.18268869532091347,-1.162376484286801,0.9476016272740768
2164,0.7327906180512951,-2.8983158481165496,4.525433933779585,-4.166338917082946,-0.42138582259606716,2.2278160359650645,1.3648041164620928,-3.87203092224906,-0.791889149916905,-2.549450274116987,0.5398989135373604,5.308667316283621,2.8227621413375594,-1.714031448487491,-0.8384504982971741,0.9608809347279816,0.043713117033288285,-1.2748742463135425,-3.9364982412278273,0.46833849182131715,3.146695112304293,0.32268489152382873,2.049518767519837,-2.050739021942224,4.264996311511581,-4.838638263693776,3.015673132371205,-1.1704138704857918,-2.1614102355455422,0.889792925843528
2165,2.8414765516724465,-3.1473560337536703,5.507603466107881,-4.583452634478803,-0.33894177243342516,-0.27932957711406914,2.0579688297539036,-4.7826973715386,0.6798319428913402,2.6028290825220566,0.952565451748927,-1.5104979353775363,1.7076185216939948,-4.1056616860039625,-2.341880422865863,3.258666556906544,1.0566349544919156,0.42462207577802147,-1.573749088082657,-0.93203676783234,0.6293397682539457,-1.2170004902391884,-2.46277966900181,5.556226246901275,4.31570527602301,-3.677235944541671,0.7043953038450184,0.9318684121674927,-2.7000528983717498,0.42531985087912183
2166,1.8300380276212564,3.5492857827003306,-1.1432279016397011,-3.444907690269833,0.6992029925045098,-1.4903912109161812,3.483791522356519,-1.4436902612616578,-0.21712211960463268,-3.424583695927396,0.40256624668106866,1.199038307756183,-2.792952879398543,1.6600229516400908,-0.2734972943047467,4.022306764096545,-0.29369398006794967,-2.3221855619647016,3.2730515244377507,3.2838568457621804,-2.7173386952246723,-0.3404516653751486,-1.4931061162941308,-2.00601189330672,1.4585196979348396,0.3727486264832187,0.7131561485992854,0.7476389582209979,0.4031326049642061,-3.6951960362013256
2167,-0.5632504211373224,-4.525651030464054,0.6605633643928321,5.298478814049911,0.8405820638411803,-1.7107227906821336,2.431523317353573,5.094226808198698,-0.8714696295245261,-3.5148802128293823,-0.3565676150743009,-2.7828326681239837,2.250145314014812,0.23497100454234854,2.6281908381684573,-3.39400170537383,-2.0253844281781106,0.30607897682702934,5.752957085028434,-2.296499879412183,-3.06002598785018,1.0241776177369175,1.8872158685681093,-3.307824704071848,1.4969817487754895,-4.461703396616803,0.7760813183155193,1.156123248884997,-1.6255238639624192,2.6580409446044833
2168,-2.2973474071265514,4.526357094811491,-1.6700016772531647,0.6114374260630058,-0.8972972410356854,-0.27314819545867763,4.481095118086916,-2.703378570806411,-0.1679982902243662,-2.3057530525860876,-0.6198475201381344,1.3158823156681976,-2.104732269831622,-1.9630888640447424,3.257220756823351,-1.5408366653570926,-0.45925995063085523,2.810696993041681,3.3267041068150824,-1.261256227827726,-3.530587516100132,1.1234052574813802,1.2602305741562034,-0.918496194525563,1.9600756464484768,-1.991994233309903,-0.13518772545276647,0.990580199384115,-0.7335858090089538,-0.0898880780596798
2169,-2.6543471998597568,0.6423855126857738,4.492318898438356,-1.465875622583031,0.040484696756572625,-1.0549662854374695,-1.8367265981719676,-2.088524481207635,0.6673197242129403,-2.183793300646199,0.6492189938908854,4.792505661922117,2.1672298593555617,-0.710345616145748,-1.4675079059014404,-2.234337634322035,-0.627831967943127,2.872793264957533,3.966755679532824,1.1660674852375603,-2.0585934173819123,0.6201460861807799,2.054490897704415,-5.748866731274436,-1.2658193714070265,-0.018746830618866284,-1.2624564181963365,-0.3462167279780619,1.7187365189389006,1.1745028292626785
2170,2.7033822716599403,-4.135481442469896,-0.0605304675038667,3.1999316614378515,-0.17174115707063597,-1.535560866052947,2.260898964530469,4.905904720894849,-0.1565736762072545,-3.437516231676513,1.0337117831530431,-4.606425560694447,-4.008438478428085,3.0078847029694664,-0.9357886003209934,1.816452012251478,-1.581636147890089,1.7015265114189653,1.9657680903479928,-0.8152890033404123,-2.848390177496089,-1.1295610863425454,0.8859116068540871,1.9415605699762004,-0.013733997536292009,3.894228833386947,-5.540857150954853,-1.1175478234165834,3.1849413031152167,-0.4070311645931586
2171,3.4411780927174576,-1.13112238843593,-4.1100795228169495,-0.017290919768345958,0.8725735587246177,0.9447411795795784,-5.088868966089414,-1.7542549111871395,-0.5994101505953386,1.7799987369615096,0.03077585557869167,5.631759435331848,0.7318136835641909,-1.1635675777736356,-2.736290793881512,3.4033255330220555,2.561227851383805,-2.796508696314188,-0.4417181132492587,-1.4487579014513745,1.0675363100904782,-0.9258565234095979,-0.3630478467561158,2.1118440747750746,4.9732684499965565,-3.61389211701022,-1.7304963873867827,0.32252604914712535,2.300831831754266,-2.2522378264996874
2172,0.3128727951137442,0.4537112475826852,-4.797042236500523,2.7487950253996942,-0.8208618554301317,2.1025250238349624,5.144864428384729,-0.6667045446031494,0.1047516002357618,1.7674870183354052,-0.1143951788155686,-6.236003323537041,-0.2527152489986264,-2.2068820523191306,2.82323681222055,-3.6861369827689217,2.5842227604091264,0.7382747114577093,0.34133210346336895,0.32052722943766554,-2.7275117273189053,0.10395772021139926,2.291029307358274,-0.3293346331525697,0.5423252095923985,-0.95764455286416,-3.5645250230563015,0.11488956481117896,2.0905377309990705,1.774417070519064
2173,-1.9258346784611895,-5.492001062763247,4.826502315650554,4.953232578695928,-0.14831372119934727,-2.2135854319222528,5.971697401550305,-5.019969920530958,1.027807119549803,-3.456947600641545,-1.130424888475071,2.607837888547639,1.0462016168643231,-1.7169832843317643,0.817996127652787,0.21122890647386683,-1.0278366845569131,0.6693933178983773,0.2533633540131639,-1.6792020113282433,-2.141148830952135,-0.6788130495830229,2.412553367440747,1.8332471704087254,2.592472745362148,1.6612409404034736,-1.271182492334134,0.26584151691643765,-2.6097468803057655,-0.6386258300408727
2174,-2.7552043859422426,4.627126703966933,2.0099107591472922,-3.197457408642528,0.3639838242873443,-1.0483594928163384,-2.464513463383053,2.593946175846977,0.13389067130497523,2.6885184189805074,0.8189083756463953,-3.7707501783956197,-0.8533175969003608,-2.9146000815674995,1.8734537264258968,0.5287033164867161,-2.047306067912807,3.4130667034687114,-4.4795524398424895,0.9529600324420606,-1.3978243453087398,0.16504144911762886,2.682438525296101,2.0769367782946624,-0.0028071216088214612,-4.0927423376990415,-0.36074720557671114,0.5429117109749688,2.454269215446466,1.4591157384644404
2175,3.075578273896255,-1.1419157526311778,-4.726966542739024,1.2304950628822873,0.48969392772823017,1.0731150308638835,2.404341661598462,2.0416778585164117,0.4967020240892941,-3.5499620968899332,1.1957537896040007,-2.588513236918022,-1.6716617625361359,2.700308644734381,1.1246801322553992,-1.7117679788001485,1.8516334276330717,-2.29319246328593,4.138418439676684,-2.9852884051505892,1.5420668620118825,0.8016088291595738,-2.5527787046176176,-0.9440270210807356,4.544617455442495,-2.1256299168125743,-1.5115633766353191,-0.43172615094604616,-1.2425131667460612,0.7668151556987954
2176,1.6199128543973025,4.110179385025184,-4.616143182828953,1.6565809396041864,-0.7796649651858161,-1.9908650310114187,-3.3966664496202377,2.9179291619836754,-0.019380664091515065,-1.3979760284687153,0.45459944286209364,1.4414945373349362,3.142136133867229,-4.092256736525586,3.8478192789748498,0.20135607335225458,-4.23982186598783,1.1407671163197008,-2.54355801625422,-3.1107284584638037,-0.5901076365929079,-0.5751052143471673,1.6045135288084627,5.214985796848836,3.8046032437178603,0.07074080367937441,-3.8073983251732884,-0.13826963556781546,3.1996893924967225,-3.129365479151515
2177,-3.3622830923946143,-1.72264207976502,4.136849244608822,2.6202331795954166,-0.8694120823263252,-0.8027451697177934,-5.084938194248885,0.10324651971669851,-0.38393949207475675,-1.449201179917683,0.588317615334156,6.2265147311907185,-2.3749168090822064,3.0355638752018166,3.244867534908437,-3.8044995533867283,-1.564868704454021,1.4638536568133098,4.405360965395666,-3.2836666196010302,-0.6402035017529162,-0.7769620692917263,-0.8511461717119975,1.146617396961215,-1.9052850179242178,4.2841809365009205,4.77042761045298,-0.12989545838778138,-3.7230545019405614,-3.2963735686999627
2178,-3.5461108659604097,2.1596279839742785,-3.0632910912682547,6.078346828260301,0.04616352185641848,-1.674736376861862,-3.7046565693630527,1.2404737237597985,0.3206720235887861,0.6696559007543517,0.6732508419377137,0.8006040793226283,-3.386263002903835,3.357580231423025,-3.7636519548810625,0.7454752315988884,3.0298459771237773,0.017013517639812292,1.6324746850450182,0.7457470909722606,-1.3956637316089875,0.9096577650664646,0.23113599588463174,-2.123351805360148,2.5568425446326444,-1.7876672916998153,0.5660844387718882,1.1507849142179927,-2.076565384890504,-0.4094792210308018
2179,1.366585528853168,-0.23773833955518597,-1.1446651030191468,-0.5509666959507022,0.6757200632158873,-0.10893545354352518,-2.587651185182917,-0.636966332793822,1.104626665807766,3.4989102506006375,-0.04509144571422308,-1.333827952717197,-3.6854465145452604,2.150191844163782,0.7036351350746095,0.5329169933253368,-3.274607238757163,3.573309780739269,-1.5268560478331459,-0.584217363505422,2.461641432064667,0.13506905546548076,1.883368762634145,-2.369005838826464,1.551095030230286,1.2743082967784751,-2.530607657883028,0.2461195543192094,2.991388695260291,-3.5323039187038425
2180,2.604408705931789,0.32377461319030587,-2.7674470668578977,-0.5886322522016592,0.4003623439736037,0.0275336559643673,1.3546791582143776,3.62725728394739,1.045483587213396,-3.1653348541983277,-0.8215741730270318,-2.040511002149586,-2.3893793517751067,-3.507934204033708,3.043742774785649,2.2322396035275816,3.7623698754177326,-3.141038697921619,0.8954660681211841,0.4004354950523741,-2.962722174401428,-0.9165749615843799,-1.3298346458540315,3.913230218665568,3.2890386680690646,-3.100902231381628,0.3521124717455386,-1.059736006301017,-0.009404306433403065,0.5288914043028594
2181,-0.8637762816699652,-0.7039799932798232,3.056559793293797,-3.2716202489107715,-0.6213923219113953,2.4042090524786666,1.9354789606151002,-1.9162201582211722,0.20768608989953563,3.6689433628098413,-0.42144746242780506,-3.4744407926753027,0.24180928531271206,2.2580383700974416,-3.845384902626199,0.8992010042020162,-1.7652031684704745,2.211539411485049,2.682581524191825,-1.792539291434256,-0.6156500755932317,0.6810172946806468,1.9730473045447514,-2.928456756390432,-3.4246544235196055,-2.7771577019428086,3.5711043271320584,1.0063042743149735,2.029470872885536,-0.4050673488687391
2182,3.153837928158058,-4.962771916929462,-1.6087867276402257,1.2605094850629115,0.823999242801615,1.333211988547621,4.244806756265284,0.03877484540091203,-0.7387762481838491,0.9514363042836926,1.1847235332321286,-5.680965190998013,-0.5951244148254027,3.48764739595736,-1.8487528728899552,0.853832928211272,-3.151260533149797,1.2536574966970946,-0.13731880754914627,-2.471845365357021,0.8784447710220107,0.697858803796974,-1.5162749320268514,2.549135530113329,-3.2468576554996673,3.932418990316396,3.848968202497449,-0.8290459229272207,-1.7467189758804995,-1.9587646385050377
2183,-0.642067087323305,4.247812676160301,-4.083827537745471,-1.1931804105781794,0.5667707432110953,1.1044916162760696,-1.0768005774559697,1.0312761310882124,-1.227237031598897,1.4410053370909246,0.021682518001615136,-0.18992637712572957,-1.0726006727397142,-0.5173673762424862,-3.1619011773510852,2.216053547264611,2.633083497287693,-0.097267818218425,-6.09150602388571,0.42435250358355425,0.25217619201048436,-0.7575906106237413,3.00345391921768,3.1691140196970444,1.5152184597028722,1.9493923117237948,-5.897077978048884,0.759632943830093,3.301165215802527,-1.6283309530089873
2184,2.18189327815859,-1.768310302819767,2.33798025936688,-3.4286379882769147,-0.7024807532106596,1.3795555067823866,0.831135165457134,-4.2155260487561605,-0.6065802578326958,0.971080276933133,1.1367439600864389,1.8831469041123086,1.256687826529543,-2.7808214785569785,-2.1019221064534594,-0.3148181693913372,1.9892564219746376,1.951617505898156,-1.6167127493408593,-0.712670111449567,-1.6341283012516516,0.874218030978807,2.309819142463496,0.7794739885990936,3.378348641857553,0.22183479856169086,-1.1030133115973193,0.3051089060991101,-1.0174311097714153,-1.7848479251482168
2185,1.1961170199426299,4.759780899425369,-5.226613996518772,-0.8138981522100082,0.20115570004715977,-0.11654147068584919,3.6343132558983875,-4.527189400806787,-0.5779427346848047,2.2882450807353614,0.1992947324403147,-1.016720933582338,3.09700571315868,-1.560181935518246,-0.17329756941166963,-2.4444446234061594,0.18923845542373385,0.8916799597542191,1.1350858846046599,0.6339799093473157,-1.3954333778451478,0.5558826257902032,1.3750235436415945,-2.304538585539266,3.3237728363199714,-4.5465000836328,3.4300052285262552,0.38071741643634294,-1.9757574902723452,-0.6122379073760378
2186,2.2320924511127878,-3.6526201682140425,-1.660786381230185,2.3031013969470493,0.6290406475747332,0.14917205381018128,-1.1355850507299579,3.235761161485758,-1.1500718389024933,0.4633982838027322,-0.11451803092472979,-1.2989845247312175,3.5749082618661525,0.9779873536512405,-0.892292250091959,-2.554964470805851,0.2245968736702899,-1.3302357682893717,-0.1743954966927106,0.8568080800157727,0.9580691866826427,-1.0892010418743343,-3.0938238507333455,2.5425431226013195,3.346009808754257,-2.1214583123455633,-1.3640222740385504,-0.13983832031430943,2.188772072737642,-1.9094629747920457
2187,-3.6858599462929913,1.676348667119985,-1.3455112867022514,2.5380129962462092,0.31892468470249646,0.4980848849270991,5.127900015610681,-3.6851359863899624,-0.8551323257926482,-1.7218099261232673,0.6055949559328724,0.5285832667624248,2.713215905362542,1.68454369757713,-3.1208646162964087,-1.839765164913798,-2.147183804728641,2.710053982999682,-2.2102070568472776,-0.9242817614372356,-1.9986558057330956,0.31993408642797405,1.3771943186222888,3.436016218966678,4.760939287651151,-1.175840675087759,-4.073665537982851,0.7872096474943753,-2.670520840131431,2.371878118057932
2188,2.6152970973123857,5.307512217433732,-5.64556670041727,-1.0504583746326297,-0.5781524560832418,-0.6486317836124318,1.7396001450313818,-4.764380532347648,0.7641627501029902,2.202995421773352,1.2291318305818484,-1.17150961514184,2.084631942763643,0.23045901908414734,3.3042128009262157,-2.2218456207201758,-0.4165655141089779,-2.980892627944339,4.130022982153417,0.8637854081282583,-1.0462581639680604,-0.46511763659258953,1.5635252518204883,-5.045957841542162,-1.4449517261176688,1.9070674356061943,-2.7070741916810377,-0.8329426466163703,0.8602857075412924,2.2176154212690307
2189,0.05789037348026049,2.9420349469790636,-1.2188334726880434,-2.7411361302118955,-0.5989495770063877,1.5589938594475505,-5.8566646577475225,-0.48867701030329513,0.81012164887838,-0.06898798770604131,0.13627668477271015,5.46793132210588,3.8591133127945234,-2.386955540020498,0.9243415209559132,-0.18448445500121124,0.7990372457371002,-3.0110520844652804,0.14241062012373362,2.1459570205843335,-3.222279511187468,-0.26391494513074765,-0.9425675917929457,2.1403944074024537,1.223299773276299,-0.8328176980457229,-1.3456769704311178,-0.6889841514077233,-1.2864123993845293,2.930591445994235
2190,3.4732291052839415,1.6840438514084184,3.4099711382038933,-5.9731422276172275,-0.43246917007323726,-2.161632697205248,1.1432714203379248,-0.1642647992920807,-0.10323652685208806,-1.4822643851815958,1.1510847054377908,-0.5445904144498215,1.540903284486216,-2.537699152644562,3.1681543803692165,1.2068108296231586,-3.28883949016209,-0.08932985167142071,2.2680969565037294,-1.335030048733934,-0.4501201644010866,-0.5136126959935039,-2.9908885353669508,3.0215544879911036,-4.0027742403173985,3.4012324534574816,-2.734131554426348,-0.3208238942974555,3.7181071075806322,-0.061609871995443655
2191,-3.4795377462150157,-3.3100289934259486,2.3489630557303975,2.9439843274836797,-0.6486798030814951,2.1452991595089497,-2.3246113965081996,-0.6657531892787567,1.1304844910940695,-0.2576820727306366,1.0136633683959912,1.1038987990276823,-4.075115677902524,1.319801153409479,-3.172890730629824,2.4912317454323762,0.7583843414242146,2.6785891682668073,-6.166483722100697,-1.786688196688587,0.02279629073481715,0.8299427846507674,2.629224701357275,4.471208142045775,0.604905173705145,-0.6412267393070366,-3.408524438091842,0.7156966255813986,-0.5195504124534516,3.2486997905672474
2192,1.0742736638666202,-5.184622647294216,-1.7331177546591867,3.6534533473631257,0.16587356953863308,2.0241398211855888,-4.52705447986142,1.4292617867195823,-1.1237263603334355,3.0147940450313264,0.41077449009027056,0.7959505183538624,-0.8865629571922717,-3.5299122774593847,0.7309190540133308,-0.7477763576502632,2.6841871396581247,1.7491453986309935,1.0219103800045986,-0.5618856593721393,-0.4672536687172233,-0.30970487660184887,-0.7270310104053497,1.0439648350913089,4.8567862732247775,-2.3576860328208795,0.865508980965032,1.2302053829918282,-2.3205788645209875,-2.274235739838316
2193,-3.2990148868642475,-1.3314760517593314,-1.572320568296412,5.707149134662679,-0.3869582226935415,0.8826205949514421,-4.316414521298782,-1.155977833770251,1.214707298175342,3.659933388528941,-1.2365702571466572,1.8343219255115883,1.5321861698746098,-3.151243262460783,-3.208311070427099,1.5710011755788962,3.5690211272867565,-0.3126541398518068,-2.8029177285813915,-0.7349727007167903,-0.1291903802399208,-0.02596058016790259,-0.8523856562838414,4.545427045989225,0.5062902075948834,-1.7269020649802336,2.850610871443152,-1.1691880414683844,-0.29483886507520474,-0.16597210751276847
2194,-2.0502565346126502,1.7202821411322198,3.3013454033413048,-0.4472403313652258,-0.4768127376757474,-2.0473179408193056,-5.545108676452784,0.3571603207141756,0.7696913552647437,-0.6180565993509148,-1.0721594091323259,6.1084730089572865,-1.4011639492206047,3.032329346972471,-3.5224451978675333,0.32817196625126854,3.463313962674345,-1.9002061288093532,-6.202188742095721,-1.5367380651313063,3.0273664196250287,0.03866221472692466,1.6416748859279835,3.031223286946492,-2.172962396522891,-2.8429733591883704,5.460267708915627,-1.0721065296088135,-1.275370781048851,1.9031453574547683
2195,0.8307829885956153,-1.8494056331950652,4.5502105527515475,-4.800651501340539,0.36949969127508897,0.8995639019139503,0.6014378305829808,-2.663544249477834,1.2026238730355292,0.9392314031040492,0.5385489468621332,-0.6182978041066534,0.6834267889846082,2.1769782277993173,-2.9692644750546435,-1.956532350860872,0.6196079948529807,1.4457838142791921,-3.9489834933072174,0.5014574783547019,-3.1426087549287427,0.693224570025829,-0.5945772410480199,6.491487440902873,3.9970728113623437,1.8363854100676065,-4.824817463205573,1.090560439381247,0.7356772601501937,-2.834878457754346
2196,3.6853230201790836,-1.02646732577427,-2.8422034849249833,-0.405946591633338,0.4036508345378058,0.18564354761631208,-1.4016358551772292,-4.26337326617638,0.8385016982231219,-1.0506819468294815,0.23024103232245263,5.646948337637703,-2.7907488159955083,-1.7749781850636417,-2.137892494306694,3.8138531076305426,-0.6141639330262727,3.5039303207621693,3.8767107724535244,3.4730325132492403,-3.685775250531101,-0.32794080375007884,-0.5285090067085569,-2.80751822471359,-4.852278532716523,2.2443987880857357,-2.2368071143115564,1.1955134081227072,2.34878417733999,1.3003892734811267
2197,-0.7929832306342455,1.3654755209788405,-6.006674581780047,4.0466428165513975,-0.9910166834078804,2.378556158292577,-3.8617249013917565,6.072906668262302,-1.0519471142746069,-1.2130030561559568,-0.9775715137520287,1.031339917312252,0.10118954001452707,0.14533365321446468,2.9885720457498124,-4.233633385101934,0.5540999496687782,0.44443819645493576,-3.1510765078955423,-3.0297336583408967,3.2483109856963566,0.11314220001023934,-0.6726416235430825,3.4919986040723323,0.06604010068978283,1.062541096330353,-4.433557033470912,1.0234744048362998,2.7917655594244017,-0.5102641278084405
2198,1.324455621530074,0.34754923886263356,-0.029655279670706136,-1.0056916308925956,0.9919851096503924,-1.6286430594791632,-4.894800735480754,-0.5205096320100502,0.5966743770454181,-0.61894093679817,-0.8124032206174681,6.249980147861212,-2.5211853593442086,2.180806750730966,2.7361053916304954,-1.541621592285992,0.6368697272270083,-1.490974917957674,-0.8963118519008617,-3.094998661164892,-1.203103232945299,-0.8171231729661557,2.4119255976410727,3.599611321335516,1.5127830161698768,4.3890424451765675,-0.7542931409911873,-0.4639507873111022,-1.6431496334833238,-3.0404318995593584
2199,-0.4077342525621628,2.6832804962972787,-2.8830086726292947,2.18029832850673,0.37721173681504894,-1.9500476364269623,2.055640838774732,3.6787129468186954,-0.5592882523614957,-1.6426533415809796,-0.463192295960007,-3.069219895690793,3.5064865166209778,0.9423308005518791,0.671707179936778,-2.7211565556638835,-1.1744963953808618,-1.2248715460643087,3.910720037333551,-0.3881146278192844,2.155774464492932,-1.141690628163735,2.1348541318738814,-6.671543377717974,1.4476933469498476,-1.1974111895908521,2.838888153483108,0.286770042895621,-0.12190570411083357,-3.2540346496254315
2200,0.14909964586199997,-3.2443477506557556,5.041010327295357,-0.29847002604615014,-0.6674006357102016,-0.9798915607445942,4.436048240104377,0.0900136879859268,0.08557325003846827,2.008620711105099,-0.7290350921746178,-5.891220797059095,-1.653781742373523,1.2080347338832667,2.354450853560909,0.5894485009099597,-2.907742674730727,0.40959032875069035,0.5752164437545702,-2.8014930794551063,3.12193631092849,-0.7042202543097602,-0.28903745770333344,0.09759803678450396,1.009741751484171,1.101026019694352,-4.935490001319014,-0.024988322743188185,3.5352950578317177,-0.6855845049465863
2201,1.7026161277025942,-3.0861908097432718,-0.29366904856957277,2.343164563897979,0.9892367351528986,-1.6551575684399502,2.112719959210768,-3.115471580313123,-0.07912008715086483,3.548045245146273,0.4561671971975123,-2.922340734090394,0.7225764102381191,0.7968853099896904,1.5490903968717333,-4.183330077455874,2.1008383746589416,-0.9860604143020577,3.529437759795961,0.4053098100171262,-1.8135979019156991,0.1607893713178985,-1.7664418461724534,-0.5154971930434726,-0.7145227153057263,-2.6239862194554,4.55067345056225,0.865288867897891,-2.9878032151634155,0.9103498314658118
2202,2.3184358896762234,-0.9615140627284546,0.05875568239627782,-3.69723515127901,0.12651979423011372,2.155037847705522,2.8861256743312538,-6.082090362488341,0.9030308691004354,1.651508148777875,0.94552663333147,-0.30410096305252665,2.61014335666572,-3.95712888660357,3.4164667779902125,3.6069794393677377,-4.085457340471729,-1.5910033469478044,-0.7957231907812634,1.5411872258430535,3.0528520902762075,-1.0141332063866466,2.9228342747831135,-5.707017193735112,-2.2101311791816656,4.668844625497311,-3.862492415324386,0.525600539214973,0.3624349153670092,0.515743514428193
2203,-0.9839416149824842,3.3037388638871015,-3.8229441126868124,3.1750813065247954,-0.702103942317926,-0.9698305004240062,-5.681388246818617,-0.2488101093790327,-0.18702266450347338,0.10520351901893754,1.1991776854446696,4.812839816237673,-1.9776852042378383,2.5114431792707386,-2.714648271981904,-1.9030478556486674,0.606994201595711,3.476943951002511,-0.6409942138714406,-1.441618124598131,1.183884463625521,-0.36024255924811754,-2.5910437385117415,3.850014172603295,1.6318441351501,2.881148846931058,-1.541070239819721,-0.6591961607410761,-1.7482147698443384,-0.5645118116745991
2204,-0.5414697680104759,4.004720248505674,-5.134480462576242,0.7271625289231061,-0.9071111259543243,1.8511785791129345,-3.9189299449124206,2.9526583028924414,-0.17960949723137976,-1.4848706929694995,-1.1922805555186065,3.8230323877396373,1.7547397927962436,-3.5802996249694523,-2.817168201554587,0.39147131224750353,1.4478489637296654,2.8034077577511702,1.7023438309650096,1.3651136560965274,3.723964300124127,0.7875296217500711,-2.8658661627819058,-4.713085246154378,-3.8109827897910407,4.292296370939432,-2.2657042614427745,-0.5426626966151824,2.7548047381365315,-0.42775136122557456
2205,1.7217654196085554,2.230226183604806,0.3513958711640264,-4.014266401106866,0.6322136192613552,-0.9213346925312091,-4.213221790158286,1.4436520230837608,-0.949782933313922,2.484375333344751,-0.32221995172651585,1.5571973187703705,-2.805613400244038,-0.04518547398721395,2.408132012245318,4.084602158182609,-0.7804348673845674,-2.8615004288115777,2.4661421963612824,-2.0901048223992564,-1.6271805098512715,-0.7587811391444585,1.818057240416465,0.19186703461667776,1.5950375372954255,0.9392264664037846,-1.4381860397310753,-0.31831844328104797,2.6213009022383353,-3.3990604229240358
2206,-1.8585067519976164,3.4693431536720247,-4.641774835469121,4.7414842098759635,-0.4571531145586947,-1.2533926615219038,1.4362611977152895,1.7918429165276457,0.30331465115992096,-3.5161997815165673,-1.1215888767942648,1.1063698929081518,-0.5932223298138624,1.3866333840537521,-2.3698845311815724,4.078693531403584,-0.858637747526231,-1.6435823069351354,1.9668097289657425,-0.8140460041912121,3.68392694386354,-0.5997859331470181,2.0902547070223623,-6.327159442514002,-1.1194916189598452,1.3249107656436898,0.7831608187988479,1.1739985104833126,1.4012411149128852,-3.5638195908775288
2207,-1.1653176612679204,-1.9235783755460645,-0.31509115466115745,4.375182021121468,-0.24486048373424096,-0.7263343459114253,0.4619447578286149,1.9418847370806525,1.10254025417402,0.5888233586951124,0.22435538479195039,-4.319548492570142,2.02775636607171,3.087598993663679,-0.6343719294391832,-1.7568197633731657,-1.4256294139119152,-1.298534253010601,-2.840069250870531,-0.1800380962391923,3.943558882319742,1.1228578611436717,1.158858998256882,-3.2051683946111282,2.5073745724479686,1.3413962798422645,-0.19781321961681897,-0.9373964856105221,-1.251151930651373,-1.4624092164101619
2208,0.45236228312353255,3.8444020433474293,-3.5660488637830277,0.3337439787054741,0.1753737981590766,-1.2398332395518175,-1.9589929744807577,1.8933268628754298,-0.9608072768340463,-1.1545209737424518,0.428132511160797,1.7528618510212013,0.5716449576847182,-2.229164643637896,2.8287049092808196,2.550189375492039,-2.0832517148737075,-1.6381228839454227,0.14891668736579433,-3.2478308935134947,1.5114867686701388,1.2215159922090821,1.022701639495569,-0.6567901942276713,1.2406286945203853,-4.53238419039428,0.4512622751723825,-0.32373485705506244,3.304741148316065,-0.14051307055816054
2209,1.4661501596907982,2.6936014241770536,-5.023202052826079,0.6897706348580073,0.8638958196690543,-0.6902159855681518,2.734101525317765,-0.11468651692468868,-1.1277713750416485,0.7029609786561206,0.707643695542254,-2.9022483075496623,4.145698521650342,-3.3059105661629093,1.6600895504702464,-3.2155055130062706,2.3706067396242396,-1.654978732575083,4.212226552730623,3.2795324132090684,-1.5503106603762067,-1.047462776550022,-1.6491899979226616,-3.2447955310913734,-2.71566005499308,3.284377924957525,4.125539834617953,-0.1543902268913504,-2.7099548695247897,-1.829912608164932
2210,0.2343179870785388,4.65323548510932,1.2618264436748952,-4.2742655517802355,-0.21555308079616875,-1.659561283285699,3.6290782872918257,-5.7243272693498675,0.9219739266996507,0.19380925096459123,0.5842456113877574,0.39522019300620315,2.774763681129155,-0.9999674196703232,0.03492488830885776,-0.8380717777399909,-3.0378881574984327,2.0662387854712883,-0.2883880237934342,0.9841566876321295,2.8784263309213394,-1.0647918817125284,0.8390467144395597,-3.348449827487645,0.3736915815128583,1.2378700422629443,0.7173979724122646,-0.3939075250300572,-2.206828205012803,0.27177613385613775
2211,1.870828823496094,-1.9905207516403323,1.0164754184230773,2.346052587458054,-0.75647248851478,-2.4863635892214813,0.1702239577154252,4.662506301733618,-0.3979019470219525,-2.3391923440873548,-0.29365234974999854,-1.8019836185895528,0.2826147156499381,-2.8958028966173686,2.3057873625089265,-1.7462719722749966,-0.7156590988953333,2.7693318896293952,5.138740380597806,-2.227054095451251,-2.425407099120994,0.8255912893847688,-0.14592712544444986,-1.1659433499664864,-0.5241105733562428,4.601418088572956,-5.09544792567171,-0.4307639364951088,3.610084708156606,-2.1611803612051492
2212,0.2565356885457284,-0.43970416709106885,-1.8550379485795077,4.238679727534699,-0.6549381226770297,-1.5455351777321749,0.08546926388485687,-1.175821787901402,0.17181011869748097,-0.8588235736473475,0.3289202101074453,1.4484457688591768,-0.5038583187731192,-2.230864310167142,1.3399241947276224,3.8719146537103057,-4.082313707236276,1.605197487739165,2.623583507038717,-2.8726861387943536,2.1955309202195785,-1.062261973720807,1.273566174047609,-2.1577324887913427,-1.1570077235031953,-4.263839536904001,5.944620976612196,0.3485846595472921,-2.949362392374354,2.077004016623391
2213,3.6566488983561527,-3.788102893754889,-3.5683086161926667,4.938885369830388,0.998598066733837,-2.237720824972186,3.6000530255016834,-1.4581232036303717,0.6733542954965621,2.8431051319806144,-0.33421117613220996,-5.324178073216078,1.074775983113888,-0.45672123458926706,-3.176364837010599,2.2177375482871504,0.942379779111171,-0.6018072389117837,0.7176678945726778,-0.7787766895009973,2.734523483842434,-0.12300615966992101,-0.5352438046953285,-2.0151647245494573,-4.027154154916552,3.5505673043235007,-0.11462769917470439,-0.5859828205883639,0.5250448642499226,0.6521525061075426
2214,0.5961673883216676,-3.1191254235461585,2.073555441942567,-1.567954484493221,0.9943444462469708,1.023012631528804,0.0813231276329276,-4.9923250532684875,-0.3709853421416085,2.042514347237489,0.34020562859534564,2.8992672919445432,-0.09521667794087563,2.3927697806919532,-2.7964099618083225,0.8283678547490823,-2.1448012853193337,1.8152902896280523,-0.6878288828000834,-1.2716644639238748,2.7053618575527203,-1.1667872292070753,-2.6522182233813947,3.073136941759085,-1.0655750977604619,-4.816903499397862,1.9357184824492002,0.1652775742085284,2.087476297889925,1.6940062426120122
2215,-0.9179965286057641,0.5429219946750763,2.9147743188151836,-3.490829912007193,0.13533130599891408,0.8157988211244067,4.487160510659454,-3.2870909048040176,1.2243113888800154,-2.6342322768554904,0.43535644150090924,-0.22550515938068116,-3.3802045680096278,-2.584795765737752,-0.6681300120768796,1.1302421443058535,2.5542673826300977,2.948620818888898,0.46630265534575344,-0.8552770808698806,-3.8207544346167825,1.0036037526029116,0.7354638460137615,2.470661261523606,-0.6403717969160247,-3.3227649436878686,3.5395936108996153,-0.11099443187336089,-2.9117597776016915,3.44629733918066
2216,2.8403684180171673,-2.8855767487639454,-1.1663253349199252,0.1661958383487736,0.856390150338894,0.18894767697963033,5.723929583607557,-5.539325876351466,-0.7802038470568178,-0.04430429299536698,0.22522762696433585,0.414676805831931,-2.4069427012663063,-1.372303947345868,1.5685075034857547,1.7938224323714387,-1.9075020430364802,2.324418755792042,4.773455941290365,-2.480964562501221,3.3216108601733083,-0.10374726003351675,-2.718536604991062,-2.791818373938522,-4.229536748222355,-1.4973274470327809,6.074082535227102,-0.8499794395842661,0.8011666014951775,-0.29840550188157344
2217,3.277570814022752,-3.7222457537366296,-3.072532799439138,4.722927121691562,0.4185844437090118,-1.6243038262469653,1.6743131590810059,0.27200178291372623,-0.9044262887181951,0.41282939540424124,-0.7875727347073553,-0.6671453139732044,1.1826847795876887,0.12359076031615146,-0.024001898077589345,-2.3071261928804088,2.4675091204140465,-1.4426565693592615,-2.3614176771741953,2.824769811634731,3.915598594419901,-0.8242451935820689,1.2083386583268894,-4.763044193625888,4.047513952180932,-1.5171422988812608,1.30299904997079,0.9564930214403704,-3.322070956039717,-1.4677927686698045
2218,0.8927206470295062,-3.1029416040963227,-6.020287587828147,5.542400837864022,0.6792154826437811,2.0088922243877327,-4.554879566618343,1.1141410734306731,1.1898317027367904,-0.4959772460742702,-0.21857276073520637,2.9654567972605577,1.3465343969344694,0.029918456692097806,1.1778370036124528,-2.1508701312041474,-1.0102842349140762,0.6068645088798661,-4.1697901330283,-0.653032151594978,2.7422709137299357,0.24727976303414767,-0.24456830599017287,2.077839913848699,2.0502850592412436,2.5306607198806113,-4.674917550206882,1.0020876526788927,2.5422050221373063,-3.4503209037298603
2219,2.1688580728496376,-4.739524096944919,1.9854742659768156,-0.249906921939413,-0.7103032055683136,1.5454018856267364,-5.649442436264312,4.6791392239304805,0.712405837585103,-1.3508365146587398,-0.6099839527778519,2.2187178421855016,2.7359624459405048,-1.0420862674055993,-0.6977813950058049,2.9114716132262046,-2.37809391599062,-1.5294724807640243,-0.41134631248117515,3.463823448093965,3.8496498958859746,-0.953992994924203,-3.016455860671524,-2.931678175903702,1.438354689647472,3.4823626796909792,-4.37371987644363,0.2702178134102926,-2.045571854002228,1.2283565476984108
2220,-2.1719831602885282,4.386746661549044,-0.8852104604363014,-1.4194978707285237,0.2048920838823176,-0.11494725397747985,-5.379655506929399,5.07639125682579,1.051270929156308,2.3242171619016396,-0.5744579392863258,-2.4977659016678047,3.7383273022710775,-1.4211265713313601,-3.3087862797697234,-0.24098276541279873,3.1295173050624356,-1.8969489908189825,-2.5601399155189277,-1.078386766169734,0.8466360561956172,0.9192697143878439,-0.775556399995736,2.6481773111002873,0.5965067706709135,-1.1152584648248016,-3.786772673123302,-0.19122235251077502,0.864100278734794,3.632646441054465
2221,2.1243345542915293,-5.577495371895338,0.5233002628505865,2.529293547526681,-0.5499953420757335,0.950562349302805,2.081314857914869,-4.385638229498706,1.117566365488826,1.7078937160409247,0.4270853454449046,-0.9482220553905734,4.1151536326544935,-0.7313002446071941,-3.411856384583624,1.3962092965194373,-0.9851694218191192,-0.3830368781633471,-3.1087105064616374,3.318466656783496,0.9853975060695284,-0.4144997543930833,2.546342044421456,-3.326995946420375,4.7882615074417565,-4.519510820995389,1.3854563142153253,0.8954242604062159,0.2573005358191782,-2.8069317968857703
2222,0.6254157734968011,-1.1929139923479184,-4.789076634267268,4.580238800331941,0.0675597669037078,0.7087762858832782,0.37998027133270185,1.057549322917687,0.12143272442534236,-1.2148476528054104,0.6319867618139341,-0.9761014276840072,-3.4366696680169895,-2.8759055189700256,4.088939352101036,1.9276138686158575,-0.630759263736774,0.9267812300075313,1.7147265855766314,1.6795842821097136,0.06775376575982861,-0.10605075020531629,0.2918816823979071,-3.647895565639356,3.4391332471950378,-3.350292323511571,-2.0616068236751417,-0.42420915277564575,1.4537299324134025,0.943245120355213
2223,1.9649232046993639,-2.187738961659541,0.4495630658491798,-2.1252640645753154,0.7768791417063055,1.1216376139805355,2.2552690177390353,-5.63836086217761,0.7704538187233236,-0.9076622563003731,1.181116947245716,2.3391833347701656,1.6344859482702354,1.7409382748740896,-3.1793778313680985,-1.4031764002539404,0.47377202369291993,0.7333579847854459,4.202456446914091,-0.43229642905975396,-3.2153608658655823,0.7310779642511349,2.872281249943496,-4.158158366184004,2.4561299097288014,0.03865526931495111,-0.7967518723185236,0.8864554117665291,-1.6537373296293119,-0.9307513888611112
2224,0.4499015631026495,-1.3550856453282059,-0.46257822352286837,3.4987066298399228,-0.4038308254706804,-1.7271134986202927,-4.980866171223823,5.91671604944554,-0.6603361235669425,-1.9008589733939942,0.3238628327992483,1.3014823859402398,2.958178877060643,2.3218520063174495,-3.3917688535363553,-2.7424924862570528,2.6030517872882264,-1.7488213308722393,2.127616159429408,2.755951414960581,-0.7568281998732083,1.236325794713844,-3.246354689575904,-2.1167104796553176,-1.8436671418584858,4.332697461889033,-1.4168326171619796,-1.224026400526106,1.3405330818184105,-1.1887043841595446
2225,1.3284083099745665,-0.3179763273942662,-2.9477539836409328,3.83179014239737,-0.9759778723885728,-0.9184902689476271,-3.2777075235772166,0.4821323309700212,0.2723594022807969,-1.0583040376979387,0.9071442051779126,2.674375622846707,1.765476600035914,-3.760374087420626,-0.3261024483377817,3.819170855832059,-3.7418560695567358,2.2436851494478205,-0.14001253405380965,-3.444745659438544,0.8791082681994205,-0.47714086082639984,-3.1045127401909483,6.2873035263096995,-3.911393410630467,2.050093839130863,-2.8475115183345316,-0.31068060333837,2.5077375974472957,2.5117540957265128
2226,1.9782130343517785,0.8785455141774818,-0.5537818132134475,-2.4416872998877857,0.7861063494390268,-0.6473957848665393,-4.15389366787786,-1.7621681518649943,0.4926280780524275,1.4438154594827495,-0.20065709646955376,4.180275378677507,-0.8133285116459668,-0.9809530079244482,0.9571952144399489,-3.5319695262774076,3.1771614405309414,1.1918943908775788,-0.08658155147053392,-2.230939204635682,-0.3170855645295916,-0.01695800744486764,1.4406162667032874,1.2109480613767936,-1.0104474357394224,3.7714505941213368,-0.9028199833361654,-0.1445725812598937,-1.508940343959237,-0.20467024982531257
2227,-2.621759545586654,-4.004447735215624,-1.3246870158041553,5.837441396987337,0.4474635942172509,1.6659893054023165,-3.639758013363462,2.7909191051628284,0.9754502298808116,-3.1591968988505155,-0.14842995408629012,3.181015531256925,-1.9195907734483946,0.1386573000147493,4.155332164876658,0.7463106755847164,0.5200817031106446,-3.6407910701376984,-2.5941614974125606,-0.19722239955594034,-2.5392925199395364,0.728018302821285,0.28545110696298615,4.317207007123187,-4.7033619431802745,4.563211583916434,3.57948066212267,0.17499443567709871,-2.1856369667927886,-1.4286877717418527
2228,-1.579228412451613,-5.4026508457684415,1.0746789698149044,5.162854606582652,-0.5630981073884422,1.3074437892114368,-1.7428549686651458,0.3596766836562644,0.24122522967855442,2.0661709429225397,0.16232867486187796,-1.0865465624537833,-2.6128111003871552,-2.354242608887793,-1.9859367099191836,3.472763823903996,2.8230542332898807,0.6571723620009369,3.9026639747152743,-1.2365007411555649,-0.3468349151306498,0.35200574612957336,-1.6689008825662377,-1.0024331819929735,4.698771576896149,1.2173726716294127,-3.4504648740986568,-1.1782178458515098,-1.2708668906429175,-0.016594637931167
2229,-3.4857707237072404,2.1174014540301513,3.5520441091030293,-0.6820080197265881,-0.1165115853328853,-1.3851552343659534,-1.3784035870387576,5.016219607543732,-0.5467594459300003,3.547771935988038,-0.7288059589034672,-5.9100225516592175,-1.2046178470990707,4.215378845196515,-1.9293128939279889,2.333256775102477,-0.8157770758813889,-2.5989278033898344,1.4837358651955732,1.6798980028305923,-0.694489987236965,0.5679647901601435,1.9826104561708942,-5.019719127120819,-3.6825619857384915,-0.8028435110918828,1.8260333854579507,0.694047470756372,-1.2780728459449318,3.2433974865622766
2230,1.4168937723645705,0.4876211717424823,-4.052413612988737,2.790956942352942,0.6702835380600649,-1.3133418115307975,4.437366237081076,2.02246812065016,-0.058633657056553545,-0.11397305407994551,-0.1501736356720551,-6.137054010922331,-4.0437878733197685,-3.4518833160966373,1.2346224811631963,0.7456328936526084,3.4362645359662807,2.0791512786350133,0.23137447340559447,-2.6029875569561174,-0.16055652194862802,-0.4109222305656832,1.2432969722405094,1.699794863823719,4.869259322969764,-2.738141587938056,-5.260431182837191,0.12133207230038145,3.586694590447088,-0.5787132149407164
2231,2.6293860109356118,-4.811161359222197,0.8886523137730045,0.05721845406128523,0.20203270363733106,1.0338718768155069,-6.186395819405561,4.237301528261153,0.660776164866471,-3.631352281048663,1.213574308834409,3.706096098492573,-0.38691401130965986,0.547905512299014,-2.7928972158888072,-1.93691487853817,1.2686687535124648,3.3001518399258423,-4.288361008153213,-0.0375079451873237,2.4280481140052252,-0.8732157044978486,-1.3071452617446617,4.078181805577188,3.042262746000752,-1.2228615586484608,3.2946654856047104,-1.2458525041393393,-1.3993238558354282,-2.4688903129809567
2232,-0.4645424741516013,0.22694569556701083,4.594798118845844,-1.8640607000438472,-0.8948815067930278,-1.5982591334238556,-3.1621613966758417,-3.664104622041929,1.017322566605169,2.1144362126897143,-1.1891309870914872,4.883638226514755,-3.4024296534533516,1.4897438176796562,3.520743585027933,1.2339967677845252,-0.25176829113943455,-2.590286225898627,5.469443218539588,0.6693042657308315,-0.031655384043107304,-0.5962377284811069,-1.823847116751308,-3.687007254995539,-4.320180217054688,-0.2939743622792861,-0.1966334123164657,-1.0184555322465956,2.321789275033371,3.507454248864949
2233,-3.402834419075594,-1.618699989998941,-0.7436457266034289,4.418686923635494,0.5575617568577584,0.7889314551852653,-0.3527569638301138,0.3537000010532907,1.1188097321947144,0.08088675145594237,0.37711745615224324,-1.5777569770257038,0.7717286896362481,3.5662840412769192,2.431723126608432,-0.39602279599398926,-2.653853159968218,-3.7198599015587064,0.516660316694324,3.386179447151548,-2.6172955563252263,0.497649359126644,1.1783965018007976,-2.96159006844875,-0.1516234703306516,-1.3990270247081718,-1.0168663826448316,1.1760318162703989,-0.4148444906805082,1.806329552095054
2234,-3.197744446455909,-0.45119502084884644,2.3065501642624753,2.20939050232084,0.6200623252507684,-1.4870635245287982,-0.5953931401539769,-0.13856626149256002,-0.30867895159046554,-1.1353104026262457,0.4241577559897527,1.7537909998738854,3.8555442840473404,-4.141863105672751,-2.3983544592577264,0.5421505443337722,1.916575000961231,0.22594773558882508,-3.4095530273667833,1.0546495250637307,-3.5599127236200996,0.07998199462796407,0.25391614978492605,5.5809180815096155,2.1479894733831557,-1.0992218780632044,-3.920323927967612,1.0329495906297899,-0.06592695359051959,1.9045336956096897
2235,-0.5340195994984018,5.386737630582118,-0.3539645328659695,-4.361942275367799,0.12941514388202924,-0.26622636673143774,1.3075545843346958,2.1692579270678713,-0.3861106765116187,-3.7464682824833258,-0.7961900223418148,1.4519564699345686,0.9616223409454783,-2.861097262796978,0.34224368909125147,-3.448927952402766,3.3226670999285517,1.683492085235173,4.823287892603325,-0.05497911058959204,-1.114529184907365,-1.0769023539861147,0.5886595909954355,-3.1655368341163523,4.519740491180674,-2.8847846596889966,-3.919137788951062,-0.10864897278858443,0.005037587754427975,2.387793342494863
2236,-3.0718262172693063,0.1312463484223514,-4.7323462081887655,5.2391618739381265,0.025466208874168395,2.408297994223977,2.789476185456948,0.7465408169034262,0.5634762664128115,1.306374302115593,-0.3472590046550508,-5.058608566233325,0.022034197532612154,-4.0027410413121896,2.867413231752316,-1.389859641896992,-0.45862698411834657,2.961780238043339,-3.9035926112714456,-2.5680941386380116,3.0142906885974554,-0.12238054937092269,-1.4141534876809345,4.993930098363215,3.7700277476074078,-2.5001782334579694,2.439004432839951,-0.5201956368984755,-0.33132640076333963,-2.857331909326227
2237,-3.341985754029343,5.384496537262166,1.5968971281889957,-3.2292506506079626,0.9861778790369935,-1.3963351398503079,-2.919043691304008,5.279336631672496,0.9099812296568865,-2.951820060274086,0.22082819729202274,-0.5392823070429102,-3.056920528639605,4.2406665789909255,3.2919911558341965,-3.1992316301522994,1.9719910317157314,-3.248496607748235,3.675508631505629,0.3040578010062358,0.32862438924656345,-0.33013875838867346,-0.37659266205298714,-3.601459401317431,3.5600319040561814,0.24762126076591073,-4.948099237622689,-1.0255971762004017,-1.1523413097503639,3.318384558752708
2238,-2.7460318445181056,4.8006899612810905,-5.890774301295579,3.1076472396897827,-0.3481230278041034,1.0765919726474404,4.199481813165978,1.1305539272811167,-0.8450810454764897,0.25513370801424884,-0.026430992621463645,-4.713657410362956,1.499044329372147,3.188824968830364,-1.7736647583797254,-2.588600214861712,-1.9606383926720987,1.6350340677117288,-4.346813850676149,0.5678805264290023,-0.3456276085850476,-1.169232863727108,0.7961354184009135,4.4976583781577375,0.569531072720558,3.616396057907,-0.7803294786089552,-0.6844165452170641,-2.9080300495475093,0.18684894274730546
2239,1.7236375363181686,0.09374543858921669,0.6262687914737484,-3.8092918300450513,-0.17793075192256924,1.5435708155870298,-0.9250639196393813,-4.514604832019266,0.7382209967253859,2.288904126404365,-1.0754019924381528,3.48794562096748,3.4516546321899,-1.1361766498719454,-3.8529922842565867,0.5039004784076937,2.608208965287808,-1.5745951417561859,-0.6691711961170874,-3.083615524714599,3.3612840321800235,-1.183813862026768,0.8158397193828506,0.759476831294954,-0.3065687745192385,-0.711828589519147,-2.746500224115895,0.7374868991891379,-0.5695213151705474,3.596932004137024
2240,1.9098019560921422,-2.775050538261098,0.746662391364854,3.3756867359755063,-0.9445614519446817,-2.3125390932261736,6.037463745384816,0.40623024035245336,0.073899099479104,-0.9652325986124684,-0.4914239147294577,-5.060936571874024,-3.869180655562422,-2.986084737099029,2.4922514105644,0.6555277528905101,3.2047654210093057,0.5027208081979158,-5.2827604186705805,-0.779644745484136,1.7878822966167576,-0.03126404803619476,-0.3930453517569106,4.698832267330452,-3.876711541531389,-0.9731275998723383,2.7861344692485908,-0.8699806929490315,0.6918068085869375,2.241878556518543
2241,-1.269439964390827,2.2444044938867513,3.0255317562814312,-3.0428260514347762,0.0817849812904865,-1.0394552156324952,3.738322063620654,-2.555804875848466,-0.28089406620971147,1.515208843777991,-1.146149131855974,-1.2706828334840665,-3.0001912631851884,0.823152563551588,3.5676174544628516,-2.1454125933128037,1.0903647057098986,-0.3355308672256534,-3.4749204666749165,1.197326481126698,-1.9796451331732907,1.0100967344801823,-0.2949628145472474,3.542105198787958,0.7307812656903678,-3.2548219154508296,4.468379612911971,-0.9021757174156795,-0.920183949790113,-0.12197929594438328
2242,-0.30989844344635387,0.8875370813787882,-2.5460923482883757,4.380779536088006,-0.11247774880016292,-2.299848076931358,-2.195789884331653,-1.3832208222758666,-0.5416542721957409,-0.1925863517564892,-0.43982816435584304,4.753079494916012,0.07169230963178919,1.2897710621173992,-0.33734147954359983,-2.8209337665860534,-0.5330448866423403,2.3298567610235104,-0.012081601709972745,3.0921185828097997,-0.12554331547061182,-0.029326426089188118,1.854890887304519,-4.780058126845141,-4.30859881042168,4.626218564576821,4.811850222065498,-0.6508307353867293,-3.1368560490544404,-1.3417831917781236
2243,-0.012149301258316925,4.210198766849221,-3.619067742514993,-1.8480248089267732,-0.007033409730527351,1.2760764955819148,-1.5999827876148949,4.265305539556145,0.4993611694104185,1.9172197919841025,0.6946401268841065,-5.77654384021945,0.06488519162457251,2.7005482657255016,0.6916738465158687,-2.9763988081148494,-3.813814552518231,3.333106056767811,4.649493781334783,0.7397158068455454,-0.6107602469906688,1.0403683645837454,-1.075597051481953,-4.74322065429207,-4.0678869230301,-0.6590661261824344,0.19006830201988123,-0.320117839512978,1.8820410190423331,2.9749615676646215
2244,-1.327246337974806,-4.932193708784887,4.649794852959811,4.136722572942048,-0.2837629089295648,-2.243314470212076,5.482009622292011,-3.9946773370269852,0.2240024331915036,0.9469815074314383,0.016918357840533638,-2.675234583728056,-1.8892289484948321,0.14436151550794563,1.4376284285645795,1.2223491414084897,0.19778691925507275,-1.112897056240584,-1.5984329804050752,-0.16374820739801876,-0.8454617457544042,0.8538329912047926,-0.7615659165623203,2.5153758589144495,1.766056543972752,1.5031318365643962,-0.45184324660274555,-0.5107958264922923,-3.3019633590387265,0.9954140515979368
2245,-2.554780649215994,-4.8065365841309635,5.3223875972397146,2.649335632907402,-0.07557128520390499,-0.5348347115957619,-0.10900141531831053,5.317393607262293,-1.022249600910996,-0.3219578734102537,0.31010375958808023,-4.17428847721035,2.9061795053433848,-3.192264632493023,-0.035619976692562005,0.17596340917996756,-0.22240832109515907,0.36815001575806505,-0.8310804309263524,2.490171476802889,-1.2563071839521562,0.6066685567649772,0.6766943960584957,-1.686146814748426,-0.19829926643332385,0.45400942726535476,-2.480197818515812,-0.5416169129138391,-0.9534238910853716,3.719528461684309
2246,2.8788381405781465,-4.847917196113688,-2.611564706434013,1.4389268476648738,0.9258439336795137,2.215872980625674,1.7575465344010794,0.9381960025388771,-0.9102333970712122,1.9347348502562305,-0.6572686861728929,-3.0629753039515997,1.779629959101925,0.20622892768209056,0.2937501591979732,-2.997527664541961,4.172638587284691,-3.4547199687240315,-1.825915728901176,0.19907120227362718,1.3890602348431713,0.29661569525391407,-0.27759425860121034,0.2187628551310823,2.737073499806648,3.065731052355055,-2.876553807857512,0.7804653540156812,-3.601098025414654,-0.10561807290389602
2247,1.4071126674723935,-3.9218547657580096,4.997098784731545,-3.7686586959175443,-0.11129752866592568,1.397599538138092,-1.8231589623659765,-1.7167347307064595,0.8991709082440851,2.0213190277079747,0.9734911658050729,-0.3540874086842223,1.195905723083282,-3.3656951609371824,-1.182290182496045,3.94569046263506,-2.566159541149533,1.9725486988650864,-5.538803071151705,2.0938432077301954,0.8451643002136002,0.2013789461204789,0.49605391035563606,1.9023627067312283,1.0744286113153194,-1.9948677237659034,2.9940958388575574,-0.6452341143666729,-2.8398172877830046,1.411394675744031
2248,-0.9467410283481001,4.421080192927175,-0.9133756998282792,-5.371504248929643,0.7729736710333586,2.0375671131460305,-5.498722473989762,-0.3188165689052127,0.813446688439246,2.7334449146376123,0.22409200766368187,2.0465554321549213,-2.288506419967014,-3.1664991186682627,-2.0248595764030917,3.978505239242814,1.5465290920714487,1.954830783724784,0.017971923347847252,0.9601146685504673,-2.030510758033717,-0.6810446112061994,-2.6995798538389977,4.433048631180018,-4.353185097148158,1.5566052934178352,5.900391334649413,0.08725658378788914,-0.41844443328194636,-2.7726236814236955
2249,-1.7472506727353547,-2.602979676577686,-2.6309219058057174,4.6010948175775646,0.40478688034058496,1.9752705572011653,4.960289742784742,-0.6571719172129775,0.8522817549308277,-0.7682175657164159,-0.5038606630953035,-3.8833213516904017,-1.2966602099150215,3.0603863416867867,-3.4785187642094186,-2.115196657044846,2.831093447132986,0.9988958423501959,4.46139352981967,-1.011948335369306,-1.0654198286113488,1.237984179010982,2.8268251556861,-6.44883470053669,4.296807923740907,2.8421045116568315,-5.708231980882331,1.0381995127888892,-1.932791203362859,-0.5360887639400769
2250,1.2363888945782193,-0.7748923319444394,0.4051237196130657,-2.5629352811265953,0.015284520849521588,1.681030478030829,2.8846757217733163,-5.8676058721763695,-0.8804769005045294,-2.4997043031419963,0.6599212010510502,5.703190152999003,2.310498622808172,-1.0550971274436627,1.3655843982159865,-3.545606340679882,1.3145881585518495,-0.38996771145174414,-1.2541638997929745,-2.864309982878755,-3.196972378912397,0.441762323177608,2.269070258824449,4.604613679581483,0.6689726684610235,0.7350025162365981,2.4247817049414593,-0.5191355146528194,0.3794627004334892,-3.6890840754183962
2251,-1.1058005414645216,-1.383851707063588,-1.558843310535476,2.200065575610168,0.2547060955354912,1.5937238879185465,-5.386952904376944,6.016810566017686,0.7266459924685851,3.6264105681542063,0.25457206210797345,-5.237486284371041,-3.1910016803112633,2.1280180255611256,3.1332480410152,0.47302991975156417,-1.3903023542520412,-1.1529919517638518,4.686708730335457,0.5615265504056062,0.7709608352033008,-0.15527295864103863,-0.6706158044290937,-5.193307352874811,1.6824634232038136,-1.8511634903235858,3.2484038725175672,-0.8660833579261782,-3.6329789659628577,1.4193585184925865
2252,2.693053784841325,-2.878330633239859,-0.7253039114787434,-0.7849713260096003,0.20151059733887333,1.4940414885485964,-6.197335348395693,3.5663831748266546,0.1630231727284155,-1.0224299481493446,-0.46478682092688395,3.9551457699172943,-3.1044379600221674,3.363936730989682,-0.9907455153186433,-4.2399852848459805,3.8338635814642466,1.1373684477335892,-4.538729626376217,1.8960862627360413,0.7540013338180813,-0.08948892936775543,3.145796153303717,-1.1676651941144343,3.7496503964209467,-0.5949305202331097,-3.110294053286996,-0.7653395838533648,-0.3621001713380405,1.0830139322919337
2253,0.9250683523623078,1.7973535548417452,1.7034658113034382,-1.9964557284437099,-0.2948323313840109,-2.134599658679188,-0.7742406411767,-1.4312043800842602,-0.3918759158447882,1.4829114807157389,0.10282397177521041,1.011585484615246,-3.1106292818634262,-2.635389341252699,1.8447036129345662,-2.0544018855528225,2.426173571359463,3.529543324375645,5.793860035677461,-3.036107119249067,-1.8946641618035382,-0.7533006353430727,2.0495409139342904,-2.1593290332166326,-1.8927352352872084,1.1786539317406444,2.482965415550506,1.1775753793577497,0.31533108433426627,-3.2617905756945813
2254,1.0765988950646985,-4.1793126364102235,-1.4543414400657397,5.588239459342201,-0.0530685175754706,-0.9781157603548607,-3.1248961059463447,-0.08697282507827708,0.7154007216675904,-1.6859751240554957,-0.18921805528722668,4.371661388700222,-0.7727973123030054,-3.736443499817627,2.6533511300491917,-0.5254270919081847,2.129020983507502,0.25229579047284645,4.982894033148515,3.287797019753775,-3.4180149566322022,0.54061875482288,-1.2884152198952048,-4.104879631198354,2.189172266365688,2.0990346681890806,-4.449240888881452,-1.1650730818892447,2.5939369796801586,-1.267829943462834
2255,-2.879872242584911,-0.9478989202845263,4.435547694779132,1.3019384609597324,-0.8008449538376949,-1.1088700390311406,1.1229115253670265,-1.708396592880458,1.1526372945899013,2.400181713274545,0.7667507460703176,-3.7340846864208963,-2.765654502174524,-3.138297489315759,4.020266854527698,3.84627621080163,-1.3685715418639983,-0.5940195319743218,-3.6808947876103666,2.0081504639686933,3.5223964661498997,-0.6445980104121496,1.0976153261967365,-2.302669458293412,-2.995575152302635,-1.4967601745992667,1.6222299800297293,1.1875692994064977,0.680243712690606,1.002292334776481
2256,1.2221446959744533,-3.9319916994352546,-0.16294465677620096,0.07516565788533214,0.5261397120801501,2.271486290272108,2.898448809147201,2.719814202566333,0.9623785366688313,-1.352179196150482,0.5608083571378257,-5.7892707093692515,-2.351773853987684,3.9571989685349784,0.29742043162961807,-2.8622205461852968,-2.5685231567916844,3.5278981568008163,3.5573251359561198,0.6776478482378572,2.629937623513662,1.0687406821351093,-1.3095598920221345,-6.624091397821207,-3.790432152284218,-0.08278553706061587,1.2520111405504792,0.9108728744226315,-0.6001829077356682,2.3105165821087645
2257,1.156039234205462,-1.7243458951657828,0.8880018265278551,-1.1282129735151045,-0.4917098922900216,1.3002277002381817,-4.552724015628932,-0.367042712543995,-0.29463449290789967,1.1577418494115648,0.07369675361939354,3.982962618050337,-0.9360896094359497,4.09527517749104,1.6307403102826683,1.0203257016702878,-3.2528458423387168,-2.557405737668587,-0.921059369619929,1.0971990948497332,-1.6952531847991832,0.9941085475970093,2.1265792007568365,-1.6015742887850806,0.6998283484753074,-0.10633424320644735,-0.1337837900578691,-0.7262869468603137,0.8977959808011029,-0.6312193491504132
2258,0.7023146350999347,3.4028309109957497,-3.2324361903201613,-3.7350333104873243,0.3835148825177108,2.4788090721946894,1.947712834335416,-4.616377880040609,0.6987170112707055,-2.7143187799395516,0.1644265344585083,4.519840279916028,0.6572272408753754,0.2758246641488036,4.139338452622706,-1.8126183405163303,-2.1142234338894426,-1.1455485832403802,3.924334763426611,2.020726831650716,-2.976581953582336,0.696866233523652,-0.8492772388017453,-2.816068636217505,-2.58659298572114,-3.5230799067284693,5.606694303271759,-0.49125239684538347,3.0693630543926744,-2.075132068368042
2259,-1.952338512981603,5.234154085136726,-5.817233543113961,1.4597977288208597,-0.925883355870331,2.0015035980088847,-0.9002847188612257,-4.098896031882152,0.038864127959706174,1.57551004592262,0.27673799927836296,3.1080685775831647,-4.180763735973921,-3.1090530950164528,-0.8611432016836922,4.095882148677756,1.2814144125694789,2.773663471427568,4.299157752809084,-1.0044636730289476,3.43469969507575,0.4576307949764935,-3.1265895451961843,-4.06043502463681,-2.6047066214184333,1.6286018751864013,-3.4872922674696305,0.5094398156278768,1.9298701878466922,2.024087010228506
2260,2.3197532756121007,-3.8903334982024234,2.70059978513639,1.7854820992755904,-0.9348085216971833,-1.9806931401239005,-1.3707971448075362,-3.3473569006145425,-0.10249479200631217,-0.7917090930057586,-0.5974601639284263,6.209818094363033,1.557513530504579,-1.2097296851840458,1.3208476258640687,-2.0507738787461935,0.00831585476167973,0.3738265528006366,1.128440736059808,3.1952113849225867,2.7523856888599063,0.7411474816375287,-1.3648290326694887,-6.452356258810941,-4.067262882083204,4.125349236283668,0.5651426417256609,-0.8427847527737908,-2.4214617366374043,2.641017493486501
2261,-0.7658283886373454,-2.934188320821452,0.27779763889358833,5.313228284414105,-0.4649431747777295,-1.4260660390706033,-1.5756035624080091,-5.454734167440449,0.6270077180707956,2.7461071280152147,0.7390987408310874,2.918124142931841,2.1900190343248376,-4.171483481308753,1.6176591442133734,-0.1282245527620347,1.6529406965157243,-1.1609108409824156,-0.7525905331596476,-1.6696828249979436,1.7918897247654257,-0.5016545662942349,-1.6875408597330264,2.819579059418821,-0.5722863683345771,-3.4906197678650415,2.7084942258616422,-0.10713729225598101,2.4096410662839283,-0.948091863688509
2262,3.400405993777788,-2.2030109294224367,6.054276847993439,-6.102661970902336,0.055307708567931435,-1.2043176500138664,5.341822815254005,-2.1467277432448277,-0.208164439175758,2.735818394343166,-1.1613396337576103,-4.561409393418504,-0.3899152619145809,-2.6303268011951886,4.163074393478567,-1.0892438981000723,3.0992806691282944,-3.1528691013962415,1.7875423015141223,-2.0252036807268397,-1.9001374297027684,-0.5522340687403284,2.5437556342684875,0.14627724338676273,-2.7168259985970487,-3.0166633135340604,1.4165049000671814,-0.27610184500453716,2.716741051167631,1.8763452059022896
2263,-3.644099089093398,-4.234477184282561,5.692478497995083,3.741077360192957,-0.4599307466135696,-1.0950488381980037,1.8557226783562832,-3.557926487050974,0.8942901577595928,3.6621795457127924,-1.2361892493158715,-1.6180766454613256,1.7114839930298196,-2.18938788685945,2.865791928088367,2.5399473983141334,-2.7706343576193486,-2.157201074952736,0.8833308739059298,1.2042957024294356,2.2941571306176485,-0.23048824936843282,0.6225154977507383,-4.773810955335925,-3.1436204222059274,-3.24034363961535,6.143440896542792,-0.39710254667888467,-1.7998444286009239,2.4374701405597357
2264,2.657605082721499,2.833577418571558,-0.3363881646671487,-3.8181590671736885,-0.2857692037632231,-1.0508660656884956,-0.21376840457891788,-2.025570338884595,0.18146533772280016,3.4629543118125987,1.0324126129003561,-2.4374935189717526,0.5840253689658823,2.5456572205164534,2.137443079726335,-3.4208067316318527,1.9024676660235755,-3.7487866035996227,-1.3000526650950768,2.729638940484417,-2.70892194229093,0.20456063778057576,0.8264089197799471,0.24836610934048764,2.1955008712880684,-1.236279714830001,2.375977201179545,-0.35061797368504255,-1.4133573641805128,-1.5712230197706063
2265,0.18740149979546672,-2.8171643412027585,1.2017401637069831,0.6442505285193185,-0.5658282298443025,1.3496003790257678,-3.403433726006334,5.056666870498205,-0.7618524235873547,0.4508380719440268,0.45332105861622907,-1.7955398514643157,-0.707089704723586,0.7890998725099294,-0.012934233513348659,-3.3342433333001082,1.7219747012605033,1.5431926977673456,4.658976918925504,-2.7546967509079145,-0.07008627432182557,0.943785472831089,1.1484997518171856,-3.926479118344613,-4.9685118617072614,1.7055511692431011,4.42431728885931,0.44713994706222504,-0.655122681532939,-0.9533738619229819
2266,-1.004733872076148,-1.692548517696384,2.6130952281337017,1.542340582946352,0.30626631179451813,-1.7644197331015832,0.24682046360745957,0.4840568548502411,-0.8545659190167001,3.362086585461732,-0.0765174834364144,-3.161880501465891,3.6697552661527553,-2.75620001863623,-3.2752718113755144,3.8095137951864046,-1.390443639460253,-0.057353591866418085,-0.758481081351114,-0.923380585462823,-2.3689845395895652,0.23670119916913457,-0.18048561035524635,3.994630617589028,3.8655482812309074,-1.90528579215567,-0.8367967631903568,-0.12493325783127762,-0.9805015210281773,-0.018030947023964572
2267,-0.3720626619413352,1.123352274494188,-4.043148108652002,3.870260342721064,0.4215152324692344,-0.999917079090709,3.4070186095788983,4.113743952127297,-0.43627978780322785,-0.7305820487401142,-1.0345480242309284,-5.319352700931507,-0.802687498201724,-1.526826711267713,-1.9363660363483017,3.370166762224425,2.7876851711476824,-1.891971687553582,2.539204745448135,-1.3699717671804308,0.3347043660589968,-0.12168673740001879,0.7951077550571437,-2.177358361984421,-2.2921022393837625,1.9171359876450147,2.269689518767578,-0.024867136669286083,-0.09488174254280857,-1.7749743878152895
2268,-2.02098279869222,-4.864506787293809,3.0513144241657386,3.8177544583104357,0.1361094371226388,-0.11968873361234067,1.7025954410308621,4.277131279187309,-1.0458908121056845,-0.10771009725366198,0.2654615491969379,-5.091587360055321,-0.01941979652918846,-3.2954562101930946,0.8713363222484602,0.2924793846664002,2.901889627267508,-0.7508293274593036,-2.4755270798836264,0.1143584862156235,-0.42290386211839426,0.461361060474613,0.9756066795072194,1.3471047158039227,-3.1124825729536028,-1.360456284268551,-0.2123592340091669,0.1560789961143243,2.9218258166892603,1.6073932784291642
2269,-1.3957880729448693,3.7651605843338487,-1.6657621439738683,-1.3677299384049633,0.41466099717769067,0.24945857381262826,-3.7906177667983343,-0.06736574354962599,-0.0006258418540401323,0.5022947592660323,0.07043643492389151,3.285878158012512,-1.4917270516446486,0.9895676047929491,0.2184899036948238,0.7891083103310557,0.18153601695626875,-0.6869747841296672,-4.651650785497349,-1.8270222783450851,-2.194510414880421,-0.2533492423567534,2.26940448851124,6.657128232567715,-3.203340408018331,-1.8332068655368978,3.772702144092719,0.9812640984078582,-1.005474985367485,1.2880560164235675
2270,-0.29780184652488906,0.8709355267545291,-1.125704548394669,2.3217320478084282,-0.7218804561553367,-1.047280723487594,-1.57293547079135,3.937349778534358,-0.020940650360976143,-0.18509042046927426,0.753450031316083,-2.911833268228417,3.214091066605288,0.6453997294052307,-2.3753258155359944,-1.3666865728000488,-3.5647061658121313,3.447227758138439,1.8236393265890634,-2.9428177001422604,3.4737992093248238,1.162483063711372,-3.0207430971396416,-0.49636080234403934,2.2064077708092746,1.7210823047225858,-2.271839164163957,-1.1339125845585962,1.699451215260865,-2.2211895420687657
2271,3.1247039141801167,2.8638674449773305,-4.370709362017735,-2.8222088663515166,0.2724866765895806,0.9318601926226648,0.15420804529924936,-1.1145108221565003,0.5870169088368193,-3.038254115673375,0.619303815094856,2.7922361685994126,3.6524219114095864,-1.3586978722667205,1.599390929077547,-1.2373312526402813,-2.9689859023504557,0.31320218677116607,-5.3888117018981525,2.961129782543857,-1.8714237698464462,0.17548046684854324,1.4952724724323154,2.6283527499191948,-0.7342693586505291,-1.5838854421286115,3.1317191166574254,0.1455268722388734,-2.1760708407026215,1.2169796525868755
2272,-0.410077144810872,-3.8734098657567664,1.9248458129900143,2.999542250557372,-0.5518697488109263,-0.08903130416837257,-1.4929987104384779,-1.9242268725906904,-0.6358413652760513,3.3945551708798796,-0.551355865769561,1.209867643195338,3.7832263037381217,1.5672502980043959,2.0779110301493127,-2.379199948846349,-3.4694356483877886,-1.5797520346568792,1.0686600450783956,2.0759949188810616,1.879953629114219,-1.2338771762407332,-0.86442935589778,-2.9263020609358534,1.8824054863012947,-1.0118665815618435,0.4118255196639993,0.7610181117147414,-2.2129593199319118,0.16957678381514185
2273,-3.15412386765127,4.186292743655855,4.284021705763131,-5.404496725046478,0.6329252417144939,-0.5446190984352839,-4.455352983406289,6.094229701755708,0.9221296418208951,0.9185869068634158,1.1519697870363776,-4.631563054069687,-0.21180271268982764,0.016975403085304208,-1.6657865094891413,2.9793505768872635,1.8132903871339252,-2.93202714492673,-2.5538711838401973,-2.3647652686029463,-1.5084309423199542,-0.5924959099974334,2.821498829156557,4.198064475603282,-0.5450056517897401,-0.4275583162158867,1.0951405794898506,0.6934186707751797,-2.5906158803798274,1.774620598121846
2274,-0.09056615009315117,-2.572148899471472,3.6027627733213663,-0.09743460806764404,0.9405637359639285,-1.7831768516525948,0.3358681078018577,5.017966282113488,0.0010811132709145355,-1.4102752649544108,-0.6390375036249871,-3.305602734606424,-1.3209107880380166,1.511406140111145,0.28341655153612777,1.5218583461029702,1.4662361316834343,-3.4620063813948825,-1.2593294010321898,3.226295328966831,1.8922018789944133,-0.04013135263211165,2.6060784074253736,-6.425114861723031,-3.215474507038106,-4.138060647751017,5.808514749547953,1.1587608472969801,3.3555082848866746,-2.969248726941073
2275,-2.8824944743099152,4.724336722490261,-4.7707986504561255,5.810846475342039,-0.5279183859046981,-2.353971687161131,2.0634623160624557,4.0910359408489825,-0.2382892566441832,-2.543079443784052,-1.0856967163523987,-2.287432840130375,-3.799197019450377,2.629898291367425,2.1063084336223703,4.180233752294178,-3.7323860065289267,-1.3848574513038976,-1.5068314417806583,-0.15460479382344872,-1.2167070676639895,-0.008312953226896624,-2.304228517293005,5.190684773787304,1.3005040042502216,0.2335591001276427,-1.4448750844867995,-0.2166620073792176,1.2472271943397075,-1.1197532068501577
2276,1.4446624376186037,-3.3001457676669403,-4.970865642241183,4.569295353296042,0.7880666931402023,1.4689869258537112,-3.4183366270430753,2.70963988125564,1.0924843277843639,-1.3379927461952796,0.5534696031048512,0.4007355610939207,0.2614286356471922,-0.072493705271647,0.704344591015353,1.1128475185520372,0.06826740561784916,-2.074394445559994,-0.7016658381664982,2.4799968996318924,-0.3952220225248517,0.4483657975787496,-1.627944282935788,-0.20353055358421557,0.6078596102355611,-0.10234056772765854,4.105717591376244,0.31393564041382227,-3.2379537283772457,-1.6872185459193645
2277,1.432537068820963,-4.772939596587193,5.462471496782236,-3.2976400127082712,-0.3470542839162467,1.5226253276089246,3.477180407047726,1.284038017507207,-0.658784973105532,-1.2132258568288847,0.7749105887029097,-3.6641181833229943,1.1611498728306024,-4.017657063105956,-1.8724062882947745,-0.1763334446113305,1.2572734792574494,3.6479734439248297,-4.864304103683416,2.9191134739076716,1.9498746082462368,0.09386414447070823,-2.4836021793865033,2.385054056444602,-1.1432226388706859,-0.20854524560551368,-0.9017155737995886,-1.033698376335833,3.569656759862891,-0.28247492524992523
2278,2.970992187007745,-4.640549791082531,-3.623245465948017,5.7583604514533135,-0.9364059449854341,0.4708485635553128,1.6221861482965743,-1.2266813602151352,0.4195440798196284,-1.0695493026904686,0.6556934899000701,-0.40119305511021963,-1.0677660764835366,-2.140941131355536,-4.040306718991868,3.88004505854688,2.218512686257597,1.1504561820272698,-0.6539686281559725,1.0304213908409547,3.544869791098151,0.04408408225152627,-2.3705743414723557,-1.594832294562977,-4.4267100564022,3.6340771965907486,-2.0667162429083206,0.4937064924901362,1.5970114196986245,0.7686311905323784
2279,-0.35886287024490215,-4.198423624676437,-0.84892387443114,6.22509598810699,-0.15115101552910648,-0.6677346032249964,0.3164780597674586,-2.9405540273904975,-0.3319671077366415,0.34216055370934306,-1.1182033765919668,3.732085898242733,-0.9554135564765609,-1.8948548664759066,2.6922357167763877,-3.6542701506155844,0.3464532461404879,3.465849610651979,2.6016819092767207,-0.7076833006576297,-3.3368416440753528,0.3720123764921466,1.647419312192019,-0.5765886532285833,1.0505976404590491,2.5530018242781836,-1.5747678189775733,1.2401509781742224,-2.1817907594010837,-1.087191864531409
2280,-2.6474729910165404,3.94996332699575,3.981644312775842,-5.561735068852489,-0.07859431256593452,0.3561947326637629,4.741413437047299,3.006108652374401,0.16263501145218662,-3.2220824448813588,0.6968627366353592,-5.384937392627435,0.1230468024021718,0.1612170516784701,-4.123072166479986,2.205673187827191,1.2834974483390127,0.3496376762339093,3.9313844011702344,1.3228968686531193,-3.9786588139029266,-0.8032268038619605,1.0439973656042962,-1.5163930176634253,2.1640682328167635,-2.9925607102182568,-0.5296121970758456,1.188582094136347,1.0865738468679567,-0.9170512665255686
2281,1.1047352502292043,5.210390334526853,-5.847608273028506,-1.3513702631806623,-0.29845033517456687,1.1823032866280876,-4.821854349984211,-1.4674979756290867,0.2475325044383183,-0.2786875888186273,0.7362442371788704,5.5842631728151915,-0.4466615791564905,0.8969658698915381,-3.8747777857242607,4.054738120658346,2.005045820586446,-2.635310446254824,4.641196755025739,0.12962129435080527,0.27112698314799033,-0.3158852601595541,-2.2573379823723965,-2.4687217899932286,-2.4319678230034327,-0.008012467678121027,2.6754581879445567,0.28112075497002387,-0.8436462517230048,0.3270475994913564
2282,-0.6667870991888893,-3.284470071922488,-1.34227543698346,5.205328754492594,-0.8234176395885127,0.9116214931911752,1.1126261579738426,-1.1903357496948637,0.3815509883063246,1.4100855302482564,0.6580773822606805,-2.3720043090937573,1.3265284347045139,-3.984523624105492,-0.17389164429465254,2.631424737186304,2.2778486951607455,-2.0773865986506284,3.2040695552647946,-0.8604776076551257,1.066953787814814,0.5613648497083075,1.5541744655027472,-5.526085050636187,-3.576071663091703,4.028045155347847,-1.8430170482765362,0.827729996608193,-0.31807770060039076,0.8813912600139773
2283,3.029911580217835,-0.9412143422537653,-6.101980205996654,2.302063280220409,0.45817347985492995,1.253046207957631,6.183917553861058,-4.178181589956946,-0.723574202974052,-0.8215397337029167,0.6994544318073643,-1.1600764590340162,2.9996655053943506,-2.1654943681927534,-1.4530995516154057,-0.24796926990806867,3.355755658751093,-2.488857974428404,-2.780281267998241,-1.1494379103872312,-3.1608106406255203,1.1234557716853306,0.24806000539407336,5.719014041930912,4.940655483658251,1.1879566303812759,-6.1264017902679555,-0.4844858886245129,-3.1674913419973905,3.6497669068517453
2284,2.6969151233376003,3.0207159084455952,-1.5871570817554037,-6.116992149884773,0.785569869158981,1.200948330698413,3.391978021099291,4.869115017330291,0.21864330276196053,-2.7732214592863222,-0.7689672636935398,-4.937547618211202,-2.5852152312231294,-4.12352687206408,0.25653605327674356,1.538630565256387,3.5065231709118905,1.407052313842982,5.47940440826045,-3.3582841254136664,0.3616616362614522,0.07052865425984223,3.2085076864643653,-5.76181825983306,0.4274080945472818,-4.706257710166975,3.580496598595527,0.8031931041282423,-1.0267099981844172,0.9218699110817656
2285,-2.3552474945775597,5.092240657739037,-0.19957031034089212,-1.0762486885561842,0.6641592295030296,-2.125333393767045,1.7984298983840645,4.045673732747623,-0.05806579163354986,-3.361058817059863,-0.7161040559830507,-1.7088749664547151,-2.8789366895339175,-1.532287126732074,0.8539051291574289,2.5273078278187455,1.6544830320676667,-0.6244721727770468,5.366308996724463,-0.6623028545456044,1.370035201792593,-1.2054062446352583,0.5197309922510875,-5.388366091587908,-2.317577676365854,-3.4541715160049016,3.856144365129918,-1.0973418362463807,-0.3916580547222548,3.4046047182108765
2286,-2.29087503555977,-2.547818486453224,-1.5861009969038058,4.5496686134592785,0.20527512350428845,1.6698507819535937,2.678560315930973,-1.5053112729503724,0.8371901272312403,-3.325914863484792,-0.719373277482152,2.034848970755565,-3.322375809910458,2.819618414646907,1.8795437889869469,2.945506002671923,-1.1496164301418883,-3.1726759662526316,-1.3269760654091058,-0.04671413942063474,2.2473300572037047,1.2470601968932753,-0.8607783433896135,-1.2599217058782628,-0.366404707339381,-0.8583698042828907,1.4391464898963697,-0.9606579368631314,-2.634308025291075,3.3805939838814822
2287,-1.8041830827463148,3.715487772156429,3.8231425313884735,-3.0016920530583313,-0.8092781177671453,-1.9234770499727318,-0.14090305113972335,-0.39434130180325155,0.38560134496862464,-1.5767129820322658,-0.21866388470213316,1.9450198747091925,-0.06564416438742882,-0.6911467705471921,0.8089173650578481,-1.0699638008045032,-0.21767327208608123,1.2355106427681832,4.357413667564558,2.4600739557013753,2.203883907781467,-0.3616939170557183,-2.0801818612188683,-6.579495752773443,-3.612261292800188,1.5979594228692022,2.9403226438618475,-1.1724699932197336,-2.6525676124080544,2.8990168316982867
2288,-1.1068990329817439,-0.3716729874121363,-1.137635288929033,1.398326488483491,0.3169699330539206,0.9009108877858907,1.3934873748038399,3.516661364937658,-0.46731398797421697,2.812329895965558,-1.1427755667351756,-6.112389080997225,-1.4862566262894816,2.6182895584777377,3.761636708082033,-3.5116350885302783,-4.040422436744887,2.6583878850056912,-2.9129220764860406,2.989341697325454,1.7583780682885184,-0.7782933177822509,-3.1185638442457524,2.0620594728994597,-2.7756947804046277,-4.653631833762118,1.5523826031516634,-0.48647883997318875,2.8511109447940655,3.512311906195567
2289,2.7247533060905305,1.4560707261627321,-2.2536025565274542,-3.1931699056887908,0.59148455778764,0.6744638721757443,4.946378338831401,4.456301803098455,-0.7622612489054186,-1.8822194191575878,-0.633136368286559,-6.125063105579869,1.6044660709181322,3.144678682148413,0.46743901310491864,-0.34422678076043667,-2.9379955132164035,-1.93436147219386,-0.9159348578759214,3.0787859254530368,1.2421497088344253,-0.2028744105270981,0.5538776789058968,-3.756004044790945,-4.7072648483670285,-3.8301924707150476,2.601049067668896,0.6800055094609156,2.307610932097642,2.9487918098559867
2290,2.064093949693099,-1.404226610784022,-4.711693570794406,2.066004317649238,-0.21201079055477834,2.1978327047912174,0.43092314084428907,-2.285941333538606,-0.20925892393888912,2.6552980152569,0.4135420339990139,-1.0045629326222851,0.9403212191132013,-3.014869470353144,-1.4026542949169158,2.066154580330526,0.2702487155869022,1.1407992502401854,-2.0321451282114964,-3.0333813412271606,1.811232915199195,-0.8954809164457007,1.3660941994168514,2.783680271267688,2.0516602239490282,1.5709879823077664,-5.606107205051362,-0.2945145730291747,0.494569833899126,1.7834037379259335
2291,-2.4283895627059806,-2.998582711686794,5.820826493961864,-1.6720932409741422,0.7590482997677364,0.5191907216376741,1.8936766291318001,-1.270898893031962,1.1044142657417435,2.1722953826416322,-0.1719524111250479,-3.7275349733577734,2.428899512824451,-0.2236631918070877,-1.104804860826384,-1.9147540331318211,3.062468807962052,-2.2481462350204673,4.825967431033,-2.3948347748567684,-3.643220966180518,0.1766117366593125,-1.5634661980277187,2.598942771372073,1.2149663926244756,2.15392247431798,1.4335337334276694,-0.3442359371688273,-0.890188242289847,-3.567998420910115
2292,-1.862984110053576,-2.6949117889851486,-0.4580214042141755,3.0515262458843075,0.47921001182758216,1.4851810455413705,-3.2812775082647434,5.3326210501226505,-0.3677678014436818,2.5044782797828518,0.9410168211060963,-5.129070841302823,0.6199270397253542,3.32776545458983,-2.6635616529847983,2.299235858118422,-2.063360182602576,-1.520006516845454,-5.239445992308109,-3.313552074021036,-0.18665729582859747,1.1304124326000924,2.3001102027408056,5.309132726816195,1.508104857399882,-4.005978142262563,-1.0646319237748898,-0.8953268119005919,3.1620451309573028,1.2957868895821676
2293,1.6540525203289462,-5.016054523828714,-0.8436480585253783,2.370772897399977,0.13679427852285464,1.6980828861026254,-1.7774873820641304,1.640295105003979,-0.3729936486037353,-2.067132317555636,0.7249962939285712,1.8523219492913157,0.46517399400113035,-0.5197441899935988,-2.6389803360139084,-1.2826368819725271,2.2099041138899693,1.7662833000897251,-0.6470178973771965,3.167233482258805,-3.6684255393451295,-0.30494887964340034,0.6815556770953641,0.7716031570109116,-0.6197378264010283,4.008460630533921,0.5035613519862743,-0.09904771044286331,-2.8849594352546415,-0.9082770104203597
2294,-3.3981001336150847,5.233071312242199,-6.172981273242819,3.574941343690444,0.1509985489309611,0.6120702019946105,-5.262157093001136,4.863438745368931,-0.7077343285541913,3.5785882747242255,1.0061177397211187,-3.4782533382585576,3.975857192000774,2.405821204556812,-1.7461771669572919,-0.05588484034603525,-2.191563822196624,-2.388052567056837,-1.0041459939478585,2.481293054990104,-2.718904295803336,1.075760687294724,0.09775402718630843,0.06824252027944411,-2.909009998664793,4.166466992840206,-3.1061282014928366,0.6908495997905852,3.2916562693353413,-2.1338346618072173
2295,1.9750365193586745,-4.27969148393078,4.888799048720394,-2.0449699704626703,-0.7351612474295492,0.19598713374423582,1.3508643970035017,-3.2010105451516537,-0.5630153150602464,-0.4262849981793835,0.4958385459300567,2.3436079154581257,-1.7799278491271657,3.7854538311785255,-0.6429446620517467,-3.4340893846684537,2.3540979777965774,-0.28258991312692316,1.7031802876281432,-3.4979075040955756,0.47116097411350566,-0.3567254855355655,-0.38316299424499434,2.063454722133873,-1.3686351167980533,-1.429495359378567,0.9434856313326314,0.23813327558467012,1.719660005503119,-0.1031484362425239
2296,-0.4285074491486416,-1.3018915689486938,-2.7885241012880684,6.077673394140152,0.5299338852114759,-2.0886841599659194,3.6054876847925037,0.12504215239584582,0.8517257043237212,-0.860907662908069,0.8967784416196434,-4.61812632022324,-1.85363093893133,1.1096050668834394,-1.4203034427921182,-0.3104297939236993,1.6271187541220762,0.8476403546424507,0.5466316443429946,-1.6463967888481577,2.978523670755827,-1.0531786174534048,-1.4430182487499774,0.6174383399520984,1.2463519141586765,-0.5785531798110952,-3.7451346443253755,-0.7300582915260643,1.3372881038519147,2.47010609765319
2297,1.2853560027464184,0.1433479396413233,-2.575658638681805,2.5692144527004572,-0.8434917701538838,-0.5787679862522168,-5.623784499560237,4.913048944465306,-0.3606695542732128,3.3783917694451446,-0.2416053260388349,-2.065381334037731,0.3833145585738862,-3.0140638888477262,1.039334445776774,0.6406286886005503,0.22778756865379535,0.7229986272435394,-0.6895784649968384,-1.107623656408098,-0.35739208194643624,-0.7887872376698768,0.5644391631469414,2.378942277873705,1.441343342878863,3.590261953537901,-3.9972443940375477,-0.3753963192056382,1.8234037392478513,-2.4823683224202053
2298,-2.5079898199854505,5.734564719774976,-5.848890611213847,5.007347130431938,-0.6796740041418217,-1.7053574148655422,-4.183235684829043,-0.2552242452560165,-0.8622315565835974,0.10159685245803729,-0.4388044036960217,5.637899037907104,1.6839702903250107,-1.5940787431102184,2.0700943526074163,-4.079802917408557,3.738546169216491,-1.8187291516293183,-0.3024630411435858,-0.11811420723205579,0.5518605657696405,0.5950287832846728,-1.0615038287897889,0.33519172811051234,-1.6494870233126093,2.9758026635335497,-6.137277020991732,1.116180994635834,3.31250510323909,0.3822752828971119
2299,-2.3431077490835754,-5.496395252957559,1.6119497899855695,5.044410152183147,-0.3474621304201806,1.530605190292885,-4.514284293815368,4.304939007012603,0.13771316769313025,-1.1330795430406617,-1.1256380821225935,2.330349744273324,-2.109091707144067,0.2939589492888999,-0.7301196613147027,1.539627892549234,2.656150653991393,-1.6505261273699343,-0.7867977580972507,2.0155405957418395,-2.842014396831626,-0.3747849395873022,3.1972277653065966,-1.2091712665328487,-1.0535119807752835,0.46728095514020396,4.1469626602284535,-0.5725364385924685,0.3560621785161633,-3.3442573745158324
2300,1.0993636188656488,2.6376924929441046,-4.754062272195956,-0.12858322025140723,0.5983131373239678,0.5472762433139184,0.8089469501404061,-1.3903173614261775,-0.5357751993920052,1.9288905408924855,0.3689478079436519,-1.1806927381579406,-1.0130794261674474,-2.3844209006406842,0.14235008388741477,3.4602210740772783,-2.9433137113482317,2.7382428801924945,0.3154742079644812,2.6180624629977274,-3.1471019827709643,-0.8716759223114829,1.5122619549560863,-0.4270207208364525,-3.9323627699813386,-1.6950350235794964,4.13100898619123,0.4356874224785665,2.4500805043650224,-1.3893791194727676
2301,2.502135016329998,4.6232303568976825,-2.025183804525941,-5.292212408235013,-0.7255124003622591,0.917543239895819,2.6263466308308487,-5.451362401889423,-0.2861000478706659,-2.3370510632599935,-0.01275789103993219,5.460924773229575,3.361741805584902,-2.8950440744556563,-3.515661754122563,3.721416178122915,1.4916382363687894,-2.1640903914975613,3.7604675432818446,-2.9455433873185477,3.5298999912623366,0.43043968777437325,-1.3810391555936388,-3.394224679407028,4.517668566075212,-0.19189621389170597,-0.28712173895587867,-0.16786069112128477,-1.634349176859594,-2.236440745245531
2302,-3.1031545083565995,-1.1669521219700343,0.9363273613930438,1.3245365340882813,0.6539080888166433,1.3553346460289557,5.771199828810786,-2.4060970105504325,0.27803338697951485,-1.588293068566193,0.035259340128154903,-2.090102476801409,0.11149781506261291,1.2630895942143319,0.4479583114583434,-1.099121899153097,-1.5293676891793186,0.8059438675979269,-4.459914328093692,0.1993621618510808,3.6556661919818474,0.39969460548687774,1.5726960545107485,-1.3675046857375364,-3.9765446387079173,2.385911756049129,1.5948601915537246,-0.4445201248773847,1.4676984299190323,-1.0274056139353664
2303,2.2304407457012125,4.098196943067737,-5.1469574906873135,1.5071174960496627,-0.3055361998440438,-2.38326149428699,-5.5915477538941225,4.517661788461325,-0.8936245832705092,-3.2587201134713624,0.33182209012166286,4.894408572053415,-0.06141433539493235,2.642169007024364,-1.7807236671234428,-1.5858324761914524,1.9353697483030494,-1.1495682766168116,1.5688341860691288,-0.090378507405946,-2.3508794061174783,-0.16519174867958952,2.526164325856092,-1.4885488497228856,-1.6922785823276278,-1.0847675966689465,0.6873938662329238,0.40417601658923363,0.9249148065029864,0.7605614896726376
2304,-1.1398382601899062,4.2077513034267255,-3.6157271742670254,0.7688956173389059,-0.7176317294158379,0.49655024310741425,0.9782002143407524,-6.210208242027026,0.24761392184316477,-1.1175868969267206,1.2311457871352678,4.870835215634969,2.483703051394304,-1.5063010409247024,0.07414635026606575,2.0213354960713232,-3.897854215086994,0.8249703582807548,1.6530130100170268,3.3590065527193786,-2.742913410935641,0.5016771464044947,-0.3785688868255246,-2.3922144113804116,3.377987531932842,-4.558304575751485,1.794325708878521,0.5377711091759672,-2.9711997466738715,1.8194199724392135
2305,-0.14712192005509017,-3.7542456640116377,0.8005984892989808,2.3713940492774412,-0.5597227510616012,1.2890977965521735,0.12002766625372985,-1.663328850996301,0.8603079853037006,-0.47124321932365554,1.132276709278952,0.021959709483962087,0.8525642412481602,0.1710308816166588,0.1350739814819093,1.636769705156972,-1.556020935291853,-1.239417874211096,4.803455824555037,-1.706176317056677,1.478306918709734,1.1746158236289004,-3.2264734050950423,-2.523728844742635,-2.618258673068784,3.846772456895092,2.355770284717714,-0.31285711741023015,-1.8228887227852084,-1.448538228347422
2306,0.625229516931963,3.086103539421739,-6.249893764695045,0.8027723501213657,0.5882305190707289,1.1475578391495187,0.7421936715828217,-5.484843678709687,0.8287582449165898,-2.306885578496452,0.261181805602523,5.959595535104587,-2.6295382482922687,3.9109787982222812,-1.9151821590669087,-1.2918714236580922,4.136204531147918,-2.2105914983522155,-2.419362355439773,-0.7714216207569375,-2.8126294990879153,-0.6198698425323341,1.1926283061427334,5.430655011673579,-3.7793616884273398,1.153581929889139,2.3240507705892774,-0.7112192544814846,3.1682805038842403,-2.1553322614526245
2307,-2.2536064479311957,-3.6771023838321426,5.952661401118515,-1.991457051198097,-0.3779764792817668,2.3474809611249388,-0.009285172648777262,-0.9500441663738854,-0.028944097636001587,-2.73081460916921,0.25806147940076407,3.461026566427506,0.8564749300375887,-0.956241545073464,-3.7939896339969597,0.2147101736091983,2.976001593091759,0.7030444823325741,-0.3688919186752422,2.7964642808100173,-2.9642626304607766,0.4321306776109406,-1.337289109784864,1.4418487004992713,-1.571350000138498,-2.957610113063904,-1.8995970280785315,0.9700772004031686,2.186851207015337,3.2716287338636114
2308,-2.795609781095667,4.694211695749971,-3.87915188768622,2.4821064616444666,-0.20069366731858462,-0.30086282129371966,0.4630414099426332,3.5200775257796124,-0.223249905634618,-0.05269229044178125,0.6907415178813183,-4.397918257526815,3.45435545823349,-2.7307353945918162,0.6369389331069009,2.3121850886659594,-3.519964518887903,-0.1527795665259415,-2.960399500866785,-0.4160937714640198,-3.6457360126488716,0.9489009855066026,1.076063213725451,4.997265085746939,0.6446095507071234,-2.032200020062607,-1.1374024120371402,-1.1553972205558742,1.7278196228200429,1.9525704791296583
2309,1.0944753707292776,-4.008967706109576,2.2060877764101754,0.40033002769161286,-0.2670280464296755,0.5751025777084351,-5.07596071869941,3.2379055307612035,-0.29012660371669696,2.0635379732978976,-0.523624545139616,0.5882683634969652,-3.5988246975541713,-2.9971504671754428,1.1148879969818672,4.190035314748915,2.872275097332693,-1.581223244333156,0.8057587999872382,0.6903040178226014,-2.0038223820051027,-0.49188046447921785,0.3985584117967651,0.6010816168770212,-1.1266419724126848,2.804839804837588,-1.8531051319373226,0.611141513108933,-1.1300119360089873,0.6937777224137083
2310,-3.0164617225280708,3.6036577817217967,-2.492523038063567,4.058706458258381,0.008233019860789614,-2.1616124992490473,0.3664866794958179,4.0921908219728955,-0.16258955030847044,1.286227851605556,0.1612360777809867,-5.743551880546448,1.1556931346141432,-0.773563147726442,-3.177958671454469,4.115919414078142,-1.219845145521738,-0.10024558398894179,2.4048781729643487,1.4910067499696762,3.771852403163539,-0.013474406158380248,-2.7808639039856704,-4.873399015954199,0.603414059197199,-0.05649576334508666,4.417248847564682,-0.7868430781811915,-2.22896187430897,-1.9483621909253852
2311,-1.4768237383041676,0.9089074068837597,-2.931063914483911,3.322354170222443,-0.14637122092670873,0.32299729660888765,3.5752219003426937,-4.968563330497659,0.6334029863668418,-1.129223892075549,-0.6861142496406103,2.5752765855045965,-1.7070243604077682,2.586798486022367,-2.31031730243701,0.7898428967321962,0.7729852676425821,-0.1322849875516834,-3.216810826786123,-1.3195969810412365,-1.8522230471514955,0.976731747032054,2.3544011360759036,3.0574979718701982,-2.855829838418,0.8370659636289197,1.8776692237712567,0.019905363553712085,-2.889661920397751,3.0108512078631193
2312,2.8493137746309003,2.4394112033857454,-2.363438367304809,-3.2270482646358154,-0.9939531452926267,1.2957147992168991,0.6702722212297267,-3.7381845451481226,1.1373764253569947,-2.239525826992063,0.31298063898359896,3.8570810865702185,-3.5151239075900502,2.018094623808338,-1.3134695409167687,2.880303318227316,2.911875520803637,-2.9816800143317757,4.48260922207767,2.6367663565386046,-3.86270129758695,-0.7013536663810571,-2.6332655291369793,0.07794491448803242,4.144297946957796,-3.157598245161232,-4.584739249980533,-0.6016068798263454,0.6634728675217314,3.536173560489825
2313,-1.957464422068126,-1.879451535131139,-1.69801465624656,3.7090983604902306,0.9995678533440149,0.8262643996118637,5.107813884792659,-3.264303884661217,-0.5236671152948533,-3.5950431105412815,0.10734995645756307,2.1678502692474737,-0.3232246374408163,-2.845292221479129,1.625204446403231,2.3721436669452522,-2.7265336261967175,1.897702371768844,2.7236187485679935,1.8399832507844778,-3.8476560547219645,-0.24894841161348413,-2.6954115084071475,2.228413975389465,-3.1540231823819767,-0.41811353041211063,5.561104767550926,0.7987109958041989,-0.636220771051077,-2.1514582795087502
2314,1.921623483967032,-4.129139213222704,3.6240564617081823,-0.4765575638315447,0.6488326786573944,-1.5888158472780738,-2.251644299654629,-3.002338358395747,-1.1420997808407098,1.1283329219804905,0.06293283806837291,5.20481667884258,-0.7471231168571428,-0.3836142403274785,-3.843712571408693,2.635000209689629,-0.11374973123858112,2.45319945014295,3.9120541208279036,0.7123573121369109,3.143070695160727,0.8375262517445536,-2.155247643063177,-6.449760736807594,2.212231357280089,0.5082736514239059,-1.6204115460358395,0.9693814783077404,-0.960975109350926,-1.1084998316237566
2315,2.907144992736338,-2.011158426005675,-4.008752208800676,3.535282435937379,0.8827039735471134,-1.3052207674141716,-4.408951104819394,0.21742521278043725,-0.44911034908445124,2.3327957464371387,-0.43613990680268255,2.7439804014893134,1.2965646061966147,-3.3157260120272625,2.97537539495762,0.5264039931436919,-1.0529669684005896,-0.42965101386937476,-2.886291303740464,-2.008590947569651,1.3625399671228493,0.8461938863146852,-2.822819796094647,5.50896819396656,3.171466737009993,-3.355079825582525,3.587551122102802,0.6207524132977591,-3.013222329334246,-1.0114681174925781
2316,-2.788950215911031,4.127787971169848,-1.7290460424354848,-0.6164783581354776,0.248776176909546,0.7579104684029438,0.5550081593567064,-0.8363078081176596,1.1018823024509272,-2.309947232372023,0.04463953765885176,1.4447250410236023,1.3652465268285425,-1.021219821377743,-0.6839319420850032,-1.2139446680588026,-0.721309555969988,2.275159460663719,0.8528930458546391,-0.6604432989511331,0.5789913406315463,-0.39076511673139525,-1.0215899968466928,0.6409140260423811,1.4082724569704723,-1.445803542397897,0.04943294518132646,-0.5201149464982642,2.37381232562225,-1.865599238876655
2317,2.5748794835384174,-3.4542338180456085,-1.8247249958486123,3.3147135412137096,-0.9728636923500613,0.36222948149252865,-0.6709629288645118,-1.9678014770461765,1.103812948103184,-2.724870640405104,0.5237245129138195,3.7360975852992127,-1.2035637339711087,-3.3691111617726737,3.000524167033511,0.7230917804402246,-1.1682509790582394,2.017309927329009,-1.3794014634334175,0.1310646480781532,-1.0963270935044704,-0.9970893860785104,-0.14445961231270488,3.4862129072503336,-3.5082346367829125,2.7631119429450344,-2.9949142244302713,0.518742920453044,2.185668878630132,1.0356251191862356
2318,0.4057363115062991,1.717130754792798,-5.150914501230144,0.7659499500187046,0.3921597885396162,1.8699376963731034,-2.5323190975820538,0.5555150371180595,-0.3586618074866079,-0.3576008269235409,-1.056649668049317,3.749716362923863,-2.201108369518595,-4.23669870393571,4.136096932190657,2.143230726774423,-3.4263746327890967,3.5848540472790376,-5.228850281309505,-3.0990386360938498,0.7699098179130885,-0.1959025944682926,3.032636504021731,4.7212451899361945,3.221664272614639,-3.1179406378341987,2.609249110740542,0.42078772334865633,-2.949621378944064,-0.18413908992431516
2319,-1.667727415611406,-1.8826429766135604,5.104150686924374,-4.746954839116011,0.8001411138246279,2.3930334305923786,2.1762349675894797,-0.5884701598639168,0.04853102924478758,1.8212735507687228,-0.5882233716150456,-2.8693460161236466,3.0624549088754804,2.005340033180264,-1.5952706448802836,-3.0973314236311005,-1.6659794792086782,1.2907866056650548,-1.0625387841767981,1.1062926473753798,0.9864198247771228,0.3923665662081408,-2.5072770094872823,1.084736755302817,2.6530955238943115,1.2469267296804745,-3.7029944157238184,0.39088207609330095,-3.344156561700027,2.756246647757049
2320,-1.9908186629666336,3.485095063018651,-4.962702262542699,2.9744223774626626,-0.3938995347705365,0.8879030197989337,-0.25950181358191315,-5.229378339237343,1.143942524709523,-0.2985457197763175,-0.6436760070414369,5.2871593549278835,0.9650948076732355,-0.7063672029683836,2.077971437021983,-3.872527490881154,0.9839072295056823,0.5519212196493566,-0.29803183192179716,2.176662106953138,2.8940308512350583,-0.8697711065997371,-2.527584316297336,-1.3753057033699356,-0.3456957021846989,-4.924337023551992,3.957681432387485,-0.24996572291192098,-0.1335093331468471,1.6958263494092627
2321,-0.8315937873286856,3.8659490209855925,-3.563467193854162,-0.6685387397955651,0.8332698387614661,0.36438086123171587,-1.4425134236912385,5.442290407848329,-0.2930505146778808,1.6717660473921967,-1.2367554158764906,-4.141737100994515,-0.5024252497087929,-2.7523518783941086,-1.885722756056623,-0.7069750506598709,2.884326568762866,2.9631483660572293,-0.9376950165446125,-0.49977344611957975,-1.5182804778978074,0.8837569848539948,2.8687578957686686,-0.7967659400612668,-1.3042056205146046,-3.753296768927868,2.7766514901819974,1.0618890676285035,1.0091344796469777,0.2098273519862932
2322,0.7002600335653533,-0.10577122418495222,-1.0149694943100194,1.0034233611423211,-0.5913734296257831,0.00843075341345667,-4.781707751262971,1.3151834178707134,-0.8696231052735106,-1.1238185220647505,-0.4320047567924723,5.89197071752341,2.891073029078953,1.1434601614877806,-0.14318515788202646,-0.6072814752924529,-3.5330678961642015,0.24900133877262576,4.8573522120792205,3.322228600472471,0.5737239613287564,-0.9122529388510259,-1.5755346901584524,-6.265517144871605,2.134530055430318,1.1507487591311971,-4.208708671893703,1.0967946641294182,0.7498275187231584,-0.923192325519107
2323,0.7617799905448646,-4.513261272972617,0.7267778925883874,4.746021236474089,-0.048384140025057754,-1.6729337066092675,-1.2919476884635657,-1.413300381249016,-0.3730531951096694,2.238999094957137,-1.1778187049285282,2.0171208747940774,-0.8687333612082924,1.6367620453289113,-1.1426284587795195,-1.8449347409064778,4.059761299740487,-1.8402267841744333,-3.4942997337221797,3.1619444198479556,-3.258233973709096,-0.8977024975472796,3.0094267173716993,1.4788650677582744,2.9758993831399607,4.867907842230132,-2.736619600803415,-0.5229612960981553,-2.906964972401319,-1.6772613560658893
2324,-1.9497136425658024,4.81161956605245,0.9691277028098284,-5.494383840515326,0.5430492306214423,1.1203009835977653,1.0687058159598912,-3.251540536659764,0.38548829054598777,-2.101309439230839,0.04239560010062604,3.8562602692845367,-2.0843895559303487,2.432963165464134,3.185608969405294,-3.275746655434796,-2.9777465850398936,2.719310661536266,-2.6701745131285115,0.5142003397135522,1.425813255469702,-0.31535580849691236,-0.5243497679042939,1.5698664943458454,3.6770114043411333,-4.8347269131293835,2.9927622817953683,1.2110038553009064,-0.49152636680909545,-2.5545242614976154
2325,0.7628973651275412,2.028213797885698,-1.9436394915448538,1.3639312809384023,0.15902830306539206,-2.3704312554718436,-3.5194392965884482,-0.09592605509426733,0.8474938241836476,-1.0148286562728845,0.16866471258310067,3.6140354711892826,2.0947878840157195,1.128147172811179,-2.308085134033261,-2.52909458685156,2.8480311379501977,-1.2337864738916444,-5.755179228485883,2.562479869589147,2.562870256296886,-0.029890620865160145,-2.4651098791235704,3.1248296025879796,-1.5154880012163332,0.04299045023013193,-1.1673676141186178,-1.1708597974726604,2.6725982014671246,1.138126761111664
2326,-3.2006275385418217,2.3532422133909776,4.179550694855649,-1.6619177425704947,0.3783330824608635,-2.0485807095948187,4.869115002981033,-4.849191022024616,0.25006228236234485,2.009867440621054,0.12246096078395041,-2.402314664723356,3.7045596722932608,0.07284776661242276,-2.123594168183894,-3.053590291430382,-0.8290622289721199,2.228839249681336,2.048996639843679,-1.2671949774325721,3.4482905611504364,-1.006897422482798,2.37529467994778,-5.59848948102713,2.3223882292879985,-0.8978730990152535,2.9224928545089917,-0.35283523543072626,-2.2777035446084817,-1.7164692047412338
2327,2.7635695508277642,1.3820073700298217,1.1268289016008417,-5.434663703890653,-0.3202569891406255,0.4825148705732296,-3.0374727285825998,-0.3892580313384748,0.12540548504644633,3.2906780306241963,0.7342459909831387,-0.7235987467322822,2.6600970162944293,-1.8435940745804267,0.8879132946204997,1.6188743167240354,-1.5509224530031478,-1.7723681000547664,1.4342457490886424,2.5016485992825253,0.616207876238196,0.47793744797161075,0.5565998186058909,-5.586639491187473,0.486488357293986,2.716369810210903,-4.166878500665764,-0.15819712117131868,-0.06745881004245824,1.1896762643759153
2328,3.7125101712196837,-0.6421351434901617,-4.791903409305256,2.3605065118548794,-0.8503648488017739,0.21138671852295765,4.275249347733144,3.3587079118246663,-1.2488637402508704,-0.29225986942057247,-0.6806136312075992,-5.41222001867833,1.1839755503445772,-0.6384017572389205,-1.9224419471513325,-4.162357171089937,2.706252442230955,2.8329728829053273,4.034966814599766,0.0897305851362038,-1.895412555444997,-0.6778346312420478,1.4400626625274011,-2.991512875576923,2.100593898091006,1.0026251808729896,-3.461869112730092,-0.14271272348992436,-1.017264965747275,1.5186277230045526
2329,-1.4431458261553853,0.6978403530057236,0.717983260201315,-2.424694227026734,0.20192663845001357,2.2500898015253714,-0.9389253165410771,2.960587690293629,-0.7545022460793769,1.4159274218893891,-0.09208341027280298,-2.5910041392893355,-1.6607286838447202,0.14759786331806168,2.310986768085929,-2.7953929980134973,-0.9159179630201386,2.913455013475037,-3.049984211670669,1.5321340120662015,3.042623411774372,-0.7222275382774841,1.7044910151142112,-2.5070366890072293,1.5027056834549128,2.765391425024678,-0.5560209625665742,0.7508479292510204,-1.428327689622261,-3.034596385540503
2330,-2.585852075774369,-5.353429032714235,2.613770701213827,4.749792472103842,-0.31003238730025906,0.8857503224714769,-5.518159863852521,1.0289284102172331,0.9285938697521576,0.8272507436479941,-0.9867998315402442,3.72018667177581,0.027929656453387963,-0.8537979701223506,-1.0524493574467542,3.9242087022957612,-0.8577245674382468,-1.1881664637410907,-6.1349010088933476,2.8888386080393573,-3.2841414882370774,-0.821476389875154,1.6117670871954761,5.73991319177015,-1.3491586993603946,4.442399375239738,-0.9171815460903439,0.9867284138809271,-3.6240563000275596,0.4612687563589404
2331,-1.1679073254146282,-2.6027053381430925,-1.9889934159611187,4.798767163642651,0.1502158812383434,0.8106230346381338,2.49698989210453,-2.7828248862934686,-0.014016257738714621,0.8712060668071686,-0.10641028263624985,-0.46494453224281784,1.364317689623082,-1.4062124458072471,1.7592099954381837,-0.7332106392809195,-0.2845639665735362,-0.6995406333988843,3.6554880143603867,-3.431515540492617,-2.8106308923190735,1.2431913283538858,0.9110843017559418,0.4323827883408846,0.27595917750303656,2.3948564378673005,-4.642854396628671,0.17275534372814416,2.2760824318805852,-0.4767989943490907
2332,2.7361637062636888,-5.070357842597893,-1.432057266668533,2.3424453226690574,0.3500154113338674,1.0737906690000738,-3.708707890471299,3.9086038745660865,0.9253620267101832,-2.1204990315642807,-1.2473190406641361,2.242560061423905,-3.4564738416856358,-4.216275917989746,4.021123724750609,-0.057756080874131754,0.38145754808916976,3.32792456771044,4.797346545465832,-0.5094994559296921,1.855564648740856,0.6162267900597556,-0.7491803566239614,-6.0104581717133705,0.7047868321166817,1.4088254517020644,1.9725845661207373,0.6198572585428499,-3.186266190936969,-1.51978791754407
2333,-0.3434868069741075,-2.487364269262155,-1.23688504962265,5.429484947575432,0.27127634249079646,-1.6330251642070621,1.0941050421706535,-3.643244393133351,1.0276284387789527,1.7808588446422355,0.5403577047992751,-0.7997056372573255,1.79012505582671,-0.8092409489410777,0.9030104177364464,-3.066250917602366,2.1997438414772112,-1.0173874484962369,4.783090215133946,-3.414468848558233,-1.393992043552041,0.3733571097627921,2.562836823045398,-2.9108232558324545,1.2142332583896156,-2.370951770901229,0.6217889125896399,0.7740639083763989,-1.2107936683063194,0.9716593598531666
2334,2.8408716266567104,-2.6528285075049496,-3.4267279931786625,3.5545594844961528,-0.23416855361997246,-0.08170605684904153,1.5589209258770325,-2.5562168378478276,-1.0870900426302281,-2.1800746223812464,0.3070077491221763,3.9574528278605463,-0.48971823106018775,2.6983589701674298,2.529842790983043,-2.258140337358297,-3.3948402492350436,0.9144970565037678,3.764424975293025,-0.8689197047299846,-2.8520157410431946,-0.8932503072371398,-1.3844368016315514,2.234197579348283,-1.2294390330666651,-0.15050318361016224,4.273468695087214,0.9329293357655661,-2.329632157117743,-1.496823657056959
2335,-2.1772816695220065,4.581156630463962,-0.4283738475144183,-0.7718120209666814,-0.1620772259408716,-1.0416118665197445,2.1344628240392396,0.9625705562048736,-0.2754846081210722,-1.9303456334717808,-0.7375540951139943,-0.1536490435368414,-0.39883063967770127,-1.4271984558055735,2.9863501684879665,-4.0865719800137015,4.151872113878866,-1.2256212068691639,-3.6424189568357406,1.373544110200429,3.0232758388553016,-0.47339423584118734,-0.5223647637143998,0.24135800733501966,4.226977052063596,-1.0882052136697453,0.7625927588579344,-1.181610664481883,-2.01141420341429,-0.7083397293543587
2336,-3.1768272310118135,3.2160883056935994,3.3535366772599033,-4.734322364029655,0.6487853244582031,0.6927392876300171,-2.4166713709951537,-0.9633362083738497,1.1172532412218779,-1.0678778584034578,1.2418823168460076,2.0887498797050057,1.09292815047111,-2.341460848968971,-3.8317762915946076,2.9880748749071735,1.013457718228274,1.0787763969577213,5.225096646857285,-2.4693017809425424,-0.9359865610904059,-0.47816953692663855,-0.6877445343549393,-0.6538942335433191,2.0747398639701444,-0.25734742829004276,0.3479598696455035,-0.19176427661210038,-2.387561278251244,0.4139732495390138
2337,-0.9285576097981956,3.4770887477429717,-5.39515832700064,1.5043119643674387,0.6082419359183051,0.7340732887703822,-1.5416753429806072,2.7113598717782246,-0.19100462468273438,0.7026934730439827,-0.17315997488642498,-1.508213402272034,4.131548361213504,-1.7571935059525892,1.2477339509941565,-1.1134874914944106,-0.09353169918557924,-2.4150696155743905,-5.315012633614675,2.4603846389708757,2.9987177157130667,0.4713527736473466,2.482791321654732,-3.0982338163718843,-1.962301112155231,-0.6199297920297724,6.117533101430059,1.0147618660853404,-0.8706740650866838,-3.6793899982424225
2338,2.118215962536432,-0.8829418231097037,-3.243443066098621,4.0963998651770055,-0.2778001897181339,-1.8104307487867342,0.14650622695361193,4.090847885536093,-1.0856213477988756,2.631031663580199,-0.046281551904966634,-5.7364828763656455,-2.4123637091664225,0.3011735457687159,0.4271276416002898,-0.3888772410331569,2.7877339687891727,-0.7147942059579062,-1.1410412625204032,-0.9813480134448049,1.7378766564103927,-1.0106770218755035,1.4874880359963143,-0.092298394566523,3.820078121541087,-2.1514434363230777,-3.8732601196733327,-1.174364893408729,0.24873768066248658,3.1302526472028305
2339,-1.6473622337595106,4.028771241884474,1.351014531905328,-3.766674219718027,-0.23901710522049613,0.2732677849084766,-4.557502422932959,2.5721914571195477,-0.7177789337217222,-2.042916393069058,1.0580956180113468,3.687910674593237,0.6766148278629629,-2.9799769542341146,-0.6201160527157299,0.635308517439114,-1.1163882018152336,3.4045578634637153,-1.3230730676838327,3.2553722570470676,-1.9030786163712445,0.5629067317985905,-1.1133814233574544,0.521254118566354,-3.2158717197194058,-1.5896841190677655,1.4208392800924692,-1.152817840373919,1.545576360165569,2.9919580389043006
2340,-1.6630551248919154,0.3440039203435177,-0.8402971851060634,0.1245015860431522,0.8920299445675872,1.1428168590439842,-3.6426096490385653,0.6174809603334772,0.6177816178215672,3.210561872952251,-0.71818798475518,-0.08502681731313899,1.3647851927726435,-4.071407523551011,0.7367051756719682,2.7704063309949305,0.9266385984475889,-1.7271277743354148,-2.272213440546139,-1.3271783854707042,2.8689072651575884,1.1714024801426994,2.4483042840615603,-2.8892222033455397,-4.249858449998557,4.108952197994103,0.6675356702853037,0.7195115207422731,-1.0212768016185088,-0.22486413740339195
2341,1.831859268924525,1.7332513820741475,-4.222295279072501,-0.06419842618331373,-0.9262204984115621,1.6476035526689667,-3.019753848978347,1.3019932895941189,0.06994719744640054,-0.9229712582109375,1.1050167036674736,1.465767916481731,1.7808045213469974,1.8400759915640315,0.9366288482273184,-3.8443268482108888,-3.9080347923470864,3.19485227942031,-2.5506304566915254,2.3927654684652495,-2.8441077709725437,-0.929475794206164,-2.4940247293391025,6.425473282743539,1.1159499685937497,-4.481304297598495,2.226989536180014,-0.049009278023722125,2.6605093425370363,-1.4731352716873864
2342,-3.5665102516132556,1.6334072039952439,4.095560051607201,-3.2390424292771733,-0.21323540064249302,1.2898208259307662,-6.133516625659578,-1.4770781702153108,-0.6929478384006744,2.4305577724713814,0.872808785608659,5.0001760761959595,-2.151860276852462,-3.943849606890808,0.07937213776167695,3.3308045798050188,2.746294809351717,-0.06076164317443222,0.5653148876810938,0.9814187824686087,2.03736193580459,0.8865745503118134,-2.5249071425538308,-1.9457630137128028,0.3595727256287482,0.627415292159295,-1.2955177076449438,0.5764528350837548,-2.753977187593664,2.4860540423680177
2343,-1.781471106870674,-3.5352938774245324,0.7491303162816152,3.679531590483567,0.7120861330529422,0.17601694447737692,-3.9596901307467363,-0.6829210104212642,0.8112882553506235,-0.9720541863440868,-0.9068074773851791,5.710184549547087,-2.415062982693115,2.3948434889872807,-2.9454899105858434,2.2430657870364215,2.4184359541795786,-1.6957923369236152,-4.559750114041435,1.1857816627921025,0.925785688847288,0.4650163675347274,1.22244377762585,0.7607226172409369,-2.4635172461887045,4.6579558549754765,-0.8220339822499554,0.22019746523584693,1.247319580749572,-2.839921672521033
2344,2.5577470098331894,-4.108876862308151,-2.8393146676388064,4.759021791543368,0.5606494975879159,-0.9292267690172569,-5.6676889223353655,0.7870067138018229,-0.7738998007116722,2.1045147337534864,-0.46897776670845204,4.019045042200599,-3.9032469178553715,-1.9687206069256167,4.050628664883277,-1.213042610481935,2.2357043275311312,0.7986771428492325,0.34147161794078684,-1.2613402379078167,-2.278372685401365,0.7825285569010987,-1.9996428153066326,4.415355563773446,2.3931262326905838,-4.986318706800384,-3.3890753559215625,-0.4712233673483013,3.3461254465826187,3.107365750798234
2345,-3.0236666551742726,4.902852939562859,-4.049587409351709,2.7563168172054304,-0.8145514569113184,0.2286357646692565,-5.03550535035788,6.21796582017614,0.5919828009162584,1.4834156751003356,0.7739257997618934,-4.031784745596305,-0.006559316703100393,-1.8545822783713994,2.938388328979226,-2.280324710197428,4.1804416272735665,-2.977363650980111,-1.9116897925633687,1.058490989951304,2.2348167391224436,0.27525267935764486,0.04350135251070775,-1.7003719683792013,-4.849188642845661,-2.3431385618129177,5.997982705598666,0.8000154515294247,-3.311624990121066,3.7059540376527664
2346,0.48239210738444704,0.2165165862476961,1.5847784124473314,-0.9429094529127191,0.7785061242253115,-2.1192837773917947,1.2495327270884076,-2.6100850857954114,-0.2720477165335131,1.892063264190341,1.1111275781752212,-1.370590767124586,3.277809152354866,-2.2666716814479813,-3.0995764626779074,-3.489890486443242,3.0529659290293942,2.525363549185645,5.458646799771355,-1.4834008646085461,0.6858160092775698,0.5355232346755043,-0.7863495595302705,-4.410235619586086,-0.5653608683723519,-1.4750695793273003,1.6825062606201868,0.5726145765011896,-3.08756796181323,2.8728775723926994
2347,-2.36300323757202,4.4799938405969435,-0.8799374085776428,-0.7479013925225608,0.7134376148479498,-1.202589416772387,0.46650055177947536,4.468816034787,1.2428968212140745,-2.0864939850957427,-0.6391108459188883,-3.452608576765453,-4.173926893622314,1.6738831570802901,1.5380935584581863,3.2850545190222427,-0.29745425774371625,-2.0256500831938933,-1.239713804883376,3.207083370242735,1.85824304083064,0.25730248935067657,0.7770122499910705,-4.859927345532213,1.249558297605347,0.8510169500893348,-0.1936983855897516,0.6621638427890311,-2.7873757284959044,0.21833502360314583
2348,-2.083847926537537,1.2053009963548966,1.2633893116646568,-0.12252426470410427,0.18165726857044584,-0.44397538534808234,-5.586591363180094,3.980329192007506,-0.46472002029434556,-0.8052174881242227,0.9962437192064808,1.8799559603851606,0.5702276848149026,3.5800348653692566,0.41447649090806493,-1.2677592956520112,-3.671765299008282,0.37478555356889487,-3.6457962479444035,3.4989927004404926,2.929275256319425,-0.6736615000391026,-0.5364857310687849,-1.5723244777081007,4.113547233259947,-2.2677334318190177,-5.361485479218068,0.6653710125615628,3.0059144895582044,-0.15561382434142246
2349,-3.436369377216911,5.332198506625627,3.608073739462405,-4.8167245410660335,-0.6314964437201964,-0.05568188408460095,-1.0372373077185841,-1.0475464499555613,0.042348371794727946,2.386690252144092,-1.244943456278543,0.9006885900143651,0.7280800864394479,3.6841584349204766,-0.6066077339318241,1.0200159847109234,-2.544853506362962,-2.2807932657752588,3.679619765803828,1.1787947445459146,-0.8583306657972756,0.05584918684010631,-0.9795402148078214,-3.076392816585237,4.672012546138163,-0.8813096078029936,-4.532074351073636,-0.381705034017644,-2.175569120604022,3.2986455673613335
2350,-1.4021716301033074,1.8709860266419156,-2.8449353912571027,2.5738494582592857,0.6790300278136923,-0.8767584913541882,-2.045602579929554,4.659161392638911,0.4873229498367069,-1.9678648781643897,0.7883405727616104,-1.921357457142772,-1.0668527743209975,2.570519940857288,-1.0475833840930857,-2.4781091861538407,2.8208527337230684,-0.7988273300116138,3.4253555032010325,-0.6004800757343745,-1.1946903811860494,-0.3723133876537936,2.749054636472417,-4.006926295099699,2.7779200788389637,-1.7108819540744555,-1.5766381192112142,-0.3745850431102449,2.8607257760098967,-1.9765407384517726
2351,2.621885986170433,-3.371843090118329,0.6801129558956731,2.240363036995067,0.15309155996845192,-2.3236104489109968,-0.38161412085663216,0.9115584424434928,-0.7656019692970348,-1.5105574965558475,-1.1317174286127423,2.8779325728792777,-1.8492342670047215,-3.899985919234819,3.7581721466034033,4.131433335211014,-0.4416376741683976,-1.6987476214056958,4.595471684845229,-0.8938052879533167,-2.3272424764792916,0.7056500364754434,-0.9540878668878321,-1.1259860900006835,-3.9460015706943885,-1.6590224701616734,-0.1674969788851044,0.853694455691139,3.5638335344100476,1.3549930296411752
2352,0.35745302705725734,2.521499846566705,-4.975566251323226,2.843799914225599,-0.06207515349965509,-0.685111383026376,3.650995976199628,-1.5806008780553924,-0.4451930678814051,-0.6023256192242439,-0.3028399077849233,-0.7200365032531337,3.1924288794945106,-1.094987905814783,-0.8152607483206928,-2.680443892669768,-0.1800054016517194,1.5782690689632233,-5.432869360598893,1.1834641804695618,3.657671197173599,-0.08023436042896481,-1.7935330784654102,2.4655014218496696,-0.09327554379937553,-1.4400386220848524,-5.225900502747798,-0.24160343896853576,3.339134756227633,3.6616833513740943
2353,-0.28719113481928105,-1.8040850742897838,3.492208251569295,-4.563723712447583,0.9916638543431233,2.1711278156445477,4.485411590200194,3.15184440979284,0.28931992145860974,-2.9466927274851535,1.216275111909633,-6.19615830587561,4.001728426323897,0.0713784254039389,0.6708400327151516,-4.163748658909849,0.2452059131984612,-0.8254041387308693,0.5210009714355976,-2.0544087358687797,3.7109851126791327,-0.6012290194714653,1.5693318114160029,-3.1456801401909154,0.3821510287995231,3.9065318545843617,-1.33556835451812,-0.6458294969069636,-3.730538865923739,1.4232538339661467
2354,2.625182911244522,5.247194239765584,-1.7448746344125645,-3.7137917534290246,0.030520415980348492,-2.444231179148571,-4.308339890990165,5.696897209050675,1.1254807083740843,0.3629656451573755,0.2708433435532873,-3.147847015144727,0.808870822060296,-1.2619365550341026,-2.73081368680033,3.722827844876093,-3.158037429602926,2.619089004501724,-6.197537414649602,0.6869699563601426,2.683959431091697,-0.27889188016860444,2.774125233254024,0.33137467411194166,-0.6448375875541217,-4.98034322860369,0.0354801246317038,0.07866153118871555,3.6155443139231345,1.8954948464154775
2355,0.330061552169278,1.0828496325935575,-2.831654742025485,2.8094565021303204,-0.22306445104488293,-1.1676484938224299,-1.9237039704733334,4.459057132283938,0.46711365248428915,3.2654490018647415,-0.2033027078091738,-6.064613108349892,1.0956338897001068,-3.4144797805885965,3.704832586404404,-2.3772380707007112,-2.211703557991896,3.202954933177427,-2.8298224153827185,-0.3525928553942066,0.10259931087447072,0.4062317918949159,-1.654330636245211,4.3279148042523765,4.857328005259099,-1.2770084874453786,-3.1569709740516814,0.3419378740482246,-1.9822115034631977,1.216925085654161
2356,-1.3208210349580263,0.8770898968398058,5.5629746116789605,-4.885161285827923,-0.642169219466129,0.40808703173368244,2.169096124877857,1.6055822625796345,1.1173395133549633,-1.582883350608581,0.5759212894556294,-3.885055839658925,-1.6144969663620117,2.2507400341815895,0.4434497683166896,-2.0286080587769497,1.2020397829433875,-0.25312456030196273,-6.044651470514712,2.9218779341933505,-2.4593371656063656,0.6033816539611712,0.7767003152259981,4.202028732740221,1.0228514153419361,-4.9230201570384455,1.3837346243276656,1.1021080805735126,0.8141929293477155,0.6001331074488174
2357,-0.888121936593981,0.9985591325102412,-1.1286421291486128,2.246340963321529,-0.37505318668741516,-0.853082843401376,-2.918536028443018,-5.426313329578143,1.2111426693256213,2.3457415762901412,1.014792016226905,3.773173096179047,3.746991590177263,-4.194363139599709,0.5403037702464637,1.442364677263015,-1.9255168017440063,0.3902199036576999,2.139367546708076,-1.2923490803210225,-3.2216181454550856,1.0095234681022616,0.4676287782175983,0.8974474327478426,-2.61639128385038,-0.826964042632035,4.123254931406514,0.985556852479931,-0.5810627994726278,-1.08439365793018
2358,-3.4815048693521344,5.312169301500724,-0.5583816810148043,-0.9918402897776026,-0.03248293159784388,-0.24795952975791558,-0.3654899883304381,-4.26927342970599,-0.4982083108395958,-0.669308047215841,-0.25428741877499306,6.056567194867434,-0.30746264688186997,2.3124590951856376,-4.040170783418493,-1.482540441124348,2.8521406612578346,0.6655741149819754,-0.6475943204802022,-2.871771336167276,2.7131123957937398,-0.7709120315496598,1.8855251530686612,-0.3083598606655862,-2.533392848041096,2.187170451215149,0.9510643595996413,-0.3899744134934906,0.6907281539734402,-0.9055957032524162
2359,2.902553775081749,-3.919148827728659,-0.44317517979179044,1.6112091707685288,0.580187909886626,-0.7316268482160417,2.8124451480213892,-4.820766949997669,-0.021395195361709973,-2.495117307269771,1.1138500292741815,3.4109842753341475,-2.6092261553589964,3.6716559829597557,3.061625304729308,2.638331584028087,-3.9443131370842064,-2.8180735792732072,5.325407386091069,1.2374295806954816,-3.759417929465611,1.159363425868995,-1.7218932245414802,-2.240889238648805,2.911510931080727,-1.4610520385664216,-5.1055057813564915,-0.07266476456491944,0.08072193809137396,3.646989715316966
2360,0.384677931325049,-2.6599232641189268,1.7161661448229921,2.096151901866591,-0.7188278008423821,-0.8182449130529257,5.362546234934378,-2.2442493809062967,-0.9485670288630166,-1.826906932140977,-0.44662547557908816,0.1038025825555664,1.6002920208992926,-1.1920614428253202,-1.849075128465934,-1.7592522901226317,2.777777003933739,0.4223198365816092,-4.113803995182597,2.9785270904697825,2.5353459899648243,1.2224751743400146,-2.9840913629774377,0.36154710338508167,1.7946038677067513,-0.48870369055100227,2.573128669978285,-1.1430605200309545,-2.3333894455961293,-0.4025788815057485
2361,-0.631591217582729,-0.8988168407597144,-1.719615844786027,4.85468520832546,-0.44240011501610876,-1.162261190180514,4.889545517401093,-5.121028630162005,-0.5604232366767885,-3.40648678890064,-0.2147994225753509,4.413192560914258,3.320403122203789,-3.7701813254522776,3.5109108642086824,-2.451301032141364,0.461044255933281,-1.0708758847513078,-2.481719171889157,2.719048140681366,-2.346906196269064,1.2161357545727816,-0.1920345346792498,1.0854760075829972,-0.6085404694380898,4.331934365330213,-0.8691314084992037,1.1981917012663983,-0.6997016777721807,-3.352752510885928
2362,1.0383912301089389,0.19376744761088815,2.9427058366360406,-1.7068997820912983,-0.4635352022650132,-2.0044295299992205,1.3362747652253688,-5.823492803556189,0.23401455851803643,3.04118570993354,-0.6760331968234548,1.8880509667032754,2.004847321875584,3.9864024232101443,-1.158912179434827,-3.5557112789894756,-2.2680464124295145,0.9914201257689133,-3.642559913256573,3.496603046325216,-0.19854256676210547,0.3218698827077926,-0.5105094058519146,0.5331389568372629,-0.07466671354491794,0.752726783485123,0.8245961907477231,-0.9418537394711919,-3.3332751451587637,2.7724726239432655
2363,3.7246556185126742,0.9548460308018605,-4.614906018442035,-1.0960049178182487,-0.5499484311670466,1.581357718113118,0.8829546829829304,5.321261302742066,-0.6300441804415149,0.2666843794028022,-0.039655796347427774,-5.801200388338277,1.7167797509524618,0.8365983177759517,-3.4948634794695828,-2.400983183400742,1.747139497281637,1.5953290968611213,3.2705801048707457,2.5261848927215844,0.7121271386718497,-0.1747194011012887,-1.3888393212215,-4.9453334139417,-1.1973857970458823,3.5208735514887337,-0.5221992889247389,0.8917932153912425,-3.310437060020444,0.6173553791123734
2364,1.7322505006580862,0.23158934512543894,-4.566432178138275,3.8054572647394025,-0.25363480969472674,-0.9492301226896025,2.845910860800508,1.7248258200738817,-0.39952955709855864,1.152420516024101,-0.05071828891238983,-5.272909350886959,-1.086982293103386,-1.4010495073777172,4.08575889388559,1.777578662280547,-0.9229223833623657,-2.4523833723218225,2.7378049962149653,-1.5179967861795145,-1.6625884019251451,0.8941848613295784,1.838694149913982,-2.2900988193541743,2.278941785461029,1.263116971096217,-4.494121731037222,-0.24081777197713983,-0.016970984185494586,1.2098517306438765
2365,1.4309835921359735,-1.7169728202096053,4.996608369961081,-2.9234095582554573,-0.51273578580627,-1.2744737978253902,4.600665214145373,0.6643125250973938,-0.3083287613686334,0.6172397542953902,0.40509621432712883,-5.978984946496084,0.9522755218382208,-0.49883187595763445,1.1833148711339838,-3.5184891589276024,3.974053609895094,-2.092322967981236,3.9561332463400944,2.5558559559183536,-2.893130875913643,0.4979014369469956,1.0699139784417202,-5.186673741733824,-2.373173204416762,2.1253070245736616,-0.7968832645047783,-0.41839236183237105,3.188384353379927,-1.7252425471984232
2366,2.6437056881222745,-0.31045325102701327,-3.9415416091494606,2.2275141196359023,-0.10115581722011924,-0.5180691303612299,1.0835324930052401,4.990378306508159,0.3689433818476111,-1.660935703217211,-0.36230822610554014,-4.419610252037682,1.6894124350789674,0.5371264617457356,-2.078964503653115,1.5791113426526096,0.42105789817573935,-2.147743633999113,0.3524710675888194,-0.7321030741779602,1.256141837126549,0.8508520358098011,-1.3508187339026438,-0.37654313244488335,-0.28804191732179163,1.1717956939137437,-1.3690114064507348,-0.23944356144219103,3.6030866107048958,-2.8783854194026937
2367,3.2502898686921426,-2.3152086710715665,3.8013295098994035,-3.6113747240793295,0.48079898545646804,-1.6058349688967688,0.5237816482896847,5.644987671979365,1.0718165933441188,-3.192390993345718,0.17569946727210173,-4.223894387538966,3.8285223121616916,-3.0952108977965516,2.264160741989034,-2.346348589367599,-1.8649170245652478,1.213793457579495,-1.9321064643495554,1.4504346813578834,3.203935067153452,-0.7802389530183138,0.27725237799866953,-2.219276709142445,-2.8546408725723076,-4.016852652301289,2.3716043781626013,0.4162907744071376,1.0132453722285604,3.07035300007648
2368,3.2331800434572813,-1.679935825872807,2.3688766277937,-4.862317191551973,-0.08642507623950779,1.0266214224136547,1.9085114237729108,-4.50187923530628,-0.8670062764551734,-0.6097025128602684,0.5475676853843545,3.5225089154650284,1.288132332467729,-3.520374696652084,2.7213772338861872,-3.0893457998237697,4.050014122712703,-1.449803192589945,2.0792919817463194,-1.8714244083973153,1.3858820985307823,0.5229007672847068,-0.22396961707996965,-1.8926808220848095,0.5560675201502185,4.7430431897251495,-4.810604636651302,0.052429743934803597,2.048138834876845,-2.589074652034551
2369,3.3495201847431275,-4.801394870766636,1.0126399341217507,-1.025657933424906,-0.243938915015796,1.7088316003427977,4.525577120218795,0.892804167853491,0.8079954153484383,-3.5923552084170076,-1.1332000794130028,-1.5008214155901562,-1.806162104887262,-0.22100667403515928,-1.693717609102391,3.396609232699383,0.23241408678011766,0.09186306854611459,0.17977911853107287,3.4172931788354326,-2.229317058263133,-0.3812946301211477,-0.7035525574875514,-0.28290805149492826,-3.5180760792709442,2.677351070529202,0.11399364854352356,-0.9323713043808812,2.277132851099612,-0.6180301865193307
2370,-3.7331915970228664,-4.5202089026813965,2.0888483411561403,4.665713667324326,-0.9769085560464978,2.475747047270646,3.8899712720916924,-3.988464107970895,0.8771731821599964,-1.2092160791114246,-0.22693414508400522,0.6574698779151724,0.4926325953628279,3.591274827656264,-3.9153778185840657,2.600186966677878,-1.6919423647256195,-1.0767742063864745,-1.9126383476909332,-2.255036282406957,0.6545245496327681,-0.23420595629512153,-0.7883452411797691,4.535701277939779,-3.1132669106322552,1.8906865193352864,1.483193688643933,0.5071964861438545,-3.6403670871363865,2.872557303646733
2371,-2.675292255600155,2.355432852229896,-1.8197593983919838,2.6195740645107968,-0.9537003547803908,0.4737450920322033,-2.8369876603455744,1.185286880262776,-1.187561608598379,-3.619545315621778,0.4346048905603599,6.024202813743138,-0.40182046553894324,-2.0584773334118616,-2.6829844837792454,3.7959541407624897,-1.9512751988394879,3.2986033408078548,-4.9132539830004305,-0.6091971585933962,2.8090727322612246,-0.1575948154251483,0.011470260834705925,2.8595029639227967,-2.993522846643323,2.537638209693281,-5.679353257755814,0.32736823397452586,3.0468444514989343,2.761025209233587
2372,1.045130984298563,-0.08453759157935892,5.601016975894865,-4.926077332629646,0.3402024875493961,-1.97573552353348,-2.912644645310607,2.5569742293844513,-0.6628060729718825,-1.736614365268517,0.4539440472948293,2.3011468068722785,0.2282686771714424,-1.359075066839969,2.375246191904232,0.38469013328578683,1.1453825975424365,-2.774512533063179,-3.777401667985469,0.20404866453470305,-0.08477384698669255,1.083723394978847,3.0406621765894997,-0.46625872113113687,-3.3574462322785585,-0.08838834029415565,2.9295473193065185,0.4441818180709447,-0.581005619222827,0.6531110544192593
2373,-1.5518178757271635,-5.550925730684504,1.6214858745026675,4.003178766674882,0.4748121035523627,1.003266861682114,-5.071669503325122,5.546615321375139,0.7604916358849279,2.6139581364698543,1.1429377581645532,-4.992333348568792,-1.5821511673973276,2.7395862675426343,0.5690571776384381,-2.243047051814621,2.0721802632148396,-1.5556254891831927,-2.181602871750666,3.2913145016888627,3.14657005863884,-0.42811688723680685,0.6922663907609028,-4.520431192101352,-0.40646329852049945,-1.3569204857995203,0.4516452364304264,-0.032917201286948305,1.8390895757485808,-0.4944338265708961
2374,3.005524949559682,-2.9437413595397857,-2.135560416224081,5.002276928345967,-0.6637369225926644,-2.264763179548745,-4.562708964870982,4.841019796392292,0.7258738799401687,2.6228236916587164,0.46270139977520586,-4.089709802894834,0.33421710386492265,1.431517761465006,1.8965785540584577,3.6785659397923496,-3.9262538049364757,-3.414625554243477,-1.3329005054036607,3.0376390117014793,1.818088944993086,1.1143494845918305,-2.6675545624887356,-1.9696223733941913,-2.6734616257928963,3.9772303428920495,-1.2527536616234443,-0.5985008483100183,-1.2626205182624766,1.8101063110979396
2375,3.192329269483878,1.0204635652309157,2.6860218950568218,-6.003107248208725,0.3458222622130984,-1.2415297437756507,-5.306600729836589,1.1351115490539812,0.5306374161619924,-1.6120599763572283,-0.5030048038619608,5.7559165448403355,4.046148009523048,1.4666376092201965,-3.7431280656608017,-1.667996968505447,3.6109318540662194,-3.712592438642435,-1.6471141184340752,0.6606720140706841,-3.9236790988818555,0.26411512797333625,2.929756013793888,1.7162500614778438,3.8010980443059523,-2.448808892068673,-5.796814473790921,0.9635621825802092,1.5540080189915493,1.9269551199830381
2376,-2.2864944426277987,-3.65910510450621,1.3070614214106264,6.139608316672952,-0.2571025828214486,-1.243967608127809,2.5589943590062063,1.4893186348974012,1.0024232688125627,1.3476239615232153,-0.5288959659763162,-5.869464258262543,1.1463060332964048,-0.6213950102275057,-0.7107860046213013,0.2273612895749686,0.9775171592567169,-1.0190034672784876,-0.5265806808053028,2.908457542143964,-1.5931292259677576,-0.792371317845487,1.0441779518789147,-1.040554269404474,2.5081245438745015,3.0459594344768988,-3.345915211018891,-1.127897064968447,-0.21026320720588032,-0.8700084951570322
2377,-1.793716039718916,3.1264962405939762,-3.1069529801077884,3.5038896259104533,0.19470488925938634,-1.9244217359368125,2.857713630539518,4.099628350524171,-0.06069651634709761,-1.8927804463931093,-0.15811356743963856,-4.845751450883313,1.3766618753533386,-3.1191743983541986,-1.379738309606088,2.670645448906612,-0.2889981829711914,0.7406035666723323,0.11408951266234624,-0.7188694643112079,3.2905300990204367,0.4130035866936339,1.8891013085948334,-4.987855042660193,-3.447459270079534,4.4291915831942354,-5.059579300335649,0.017401048809256636,1.1171044600024551,2.943341478410357
2378,1.866028913587737,-1.399121967520557,4.945043225502456,-4.238147563619041,0.07038742499087247,-1.2441900329411233,2.381137178924565,-2.1843072358142877,-0.3093381115718632,-1.8350438500813873,1.0261418710608243,0.9214101474826855,-2.366867054282382,2.2768247723915884,0.2881145498190598,0.9065983981841512,-3.998433275295282,2.893762609183682,-3.260656040955787,2.076474585352962,-2.0283595070117766,-0.9564628686136594,-1.0145627467377185,5.183566577965834,0.31670214359713356,2.662410300055292,-0.41909445758822983,-0.2934337095490118,-3.7451596087507966,1.4785753322367157
2379,-3.475534808285289,-5.068211379823918,1.429641883389781,4.3405924450477045,0.9314276657230933,1.8420841939489634,0.28089730788633815,-0.615728372683396,0.6000325327447387,-2.1184492471200898,0.886094078109096,0.9671537010638502,-2.9001593293662626,3.4381786558797955,2.8438114745340037,0.20984633924712526,-2.5158758085376256,-1.0758013317562547,-1.929987185973932,2.678588634487081,-0.39218264423946536,0.32182072953363505,-3.023415334523932,2.3451758007165147,-1.044200762907277,0.2425015040742231,2.2864607653934144,-0.1923384585380692,-2.817411951842084,1.52498890382088
2380,-2.6376754650405516,-2.9378704218920326,4.6561516869581965,0.793104646164263,0.9482634004616615,-0.8219738466512077,2.2078332396984415,-1.1536343371167277,0.7246317365315962,-0.7955507780653583,-1.2198200956965746,0.23654023464915142,-3.2708713751495146,-1.959173247464717,-0.6154161968494272,0.661637128217027,3.5714400209265236,1.6123836703208418,3.158126552363388,0.5981618588235094,3.690709354315576,0.6969522566158073,-1.9728850053115448,-6.171065016806796,4.824857168258024,-4.04992501788994,-1.806959113632324,1.0737379713847952,-0.21507193929777024,0.1733609311783102
2381,1.3911391222607534,-0.9067884668915873,3.7815633961167627,-4.985961021599557,0.3768321341107037,0.3432148360032734,-1.0955936382217004,5.7463424852726455,1.1490024527801408,-1.661911715643754,-1.1394615832338233,-2.998378000952986,4.105736073637477,-1.9281328793981896,-0.5175069819589737,3.4253626950727956,-2.051664715773674,-3.033794191578666,0.5375146435070697,0.41867438734884743,-0.3110008255407095,-0.24837351861173396,-1.1320104453471984,0.7351957586436342,-0.7016529110382983,-2.1238997516378504,2.6639274445261094,-0.20455243029908043,3.32043667181717,-2.9542590233669745
2382,0.7910640383248229,4.448205442697688,-1.596232114980591,-2.6897976318062433,0.018473365331533653,-0.9717130995668519,2.415836229882526,-3.9378683213818526,-0.9603446237023165,0.38743920541426213,0.1328456936364999,1.9620918161513963,-2.4463345774890257,1.769831599482714,0.2591136933912601,1.507148719460698,-3.321480636780599,2.2317212019357093,-3.214781349026598,-2.027177590744383,1.6789314713844234,0.1854544374774285,-2.2453345080304494,5.622907538939501,-4.8421160321744345,1.489646336407727,-0.315374748881208,-0.07128462300537297,1.836175149280976,1.9029539183733846
2383,0.04434645899912226,1.7329894788280882,-3.242970146430693,-0.7106867561727519,0.9604847356012356,1.2158362291753466,-1.967964395372622,-0.832745104953382,-1.0727432334427567,1.9342021907011038,-0.6483385942023219,2.587589137270477,-4.169604939573821,2.978203429181807,2.102067185039914,0.06496430651109719,-1.7145773284317283,0.7389473472735268,3.34923031141739,-1.5230227976884319,-0.6027282012922317,-0.11683918298038254,3.102823953515685,-4.209464082972087,4.213933998006503,4.844283197417777,-4.2885839647202815,-0.16674789130539036,-3.0849118331992127,-1.5179735061983042
2384,-3.5266874964359243,-1.2947387141790294,0.6080531723265459,5.763859960086055,-0.4336626598126594,-1.1168242619846698,-2.380218942060104,3.6692039370332843,0.040995994527202484,0.42327756667490846,0.25183557223356345,-2.0050941284083557,-4.181562417110918,3.0774458311467328,-4.1697094772648065,-0.687638805180562,4.096302452636024,1.8651624157743285,2.3562219563106375,-1.704785902127398,0.4712282484741763,-0.18859835207698872,-0.9209640836182285,-0.013101866962220043,3.797743712567872,-2.0803336253867357,-5.423510980591008,0.25599469615639325,1.5042215670561525,1.9458846301984067
2385,-2.698479508323855,0.8248865067501292,-1.7751340001249147,1.7345435468775356,0.8592096929201976,1.0549737619012127,4.8972709251828945,4.586553144775202,-0.7638533059776211,-3.6504749219758548,-0.5751946109072934,-4.49430123109682,0.03461607602247696,-1.3305131962466064,-3.248404759619385,-0.45624074860307573,3.887945881336897,1.1125967471105298,4.018387489954122,1.7642196439136484,-1.3353634604402913,-0.8253253866298405,2.6313154867188864,-6.253233773516545,-2.779332282892941,-4.725135122572269,4.616552555160091,0.15902413763860057,2.9529910024494903,-0.224100289781898
2386,-2.4235977282024503,-2.83742946861382,6.235638109665878,-3.9596218422561122,0.8633634892803821,2.1216474401264342,-0.23236343993904285,-3.9293108338617273,-0.49119912191839266,2.172145633704595,1.0212576668123443,1.4594700952027644,-3.76282280422158,-0.017397444245180083,1.153637278470562,1.3170996218811304,-0.21383479906631564,1.5233181471822164,-0.457178459696447,-1.4976760161431617,3.159604272883996,0.5017703831178961,2.0897868530135906,-3.7963070331758857,2.526616679009024,-3.1720799274480136,2.901490220257106,-0.932396702301701,0.4376896476257439,-1.761319917141103
2387,0.32657644301486854,-1.7670900369698401,2.0749735374859064,2.299406307827187,-0.7170280680995891,-2.2168381832582353,-6.047333520483914,5.005722192523567,-0.40099778286842724,-1.1042618400874513,-0.6096101546984345,3.1564811056152458,1.600058233966223,-3.094807879044872,-1.9212674747668288,-0.3399772003089332,2.7467880188905696,1.0092063012647188,3.84356816421241,1.436276768059086,2.3797422865928866,-0.7169692781897776,-1.2854042973529953,-5.657213643321612,4.441584878523738,2.6793607264699695,-4.235296318252779,-0.12130179318563084,-0.2527128800781533,-2.5116346134760867
2388,-1.8578342323868764,3.6282884945965037,0.13481221859453996,-1.226302595880206,-0.062273475680243884,-0.6166904092434073,-2.1431314701424,5.910000668220192,-0.8223340060747741,0.28523848142974373,1.1489649695741564,-4.378738643006322,1.638193856041184,1.1980558903020508,-3.3734879680849588,-1.736153823030822,3.0443832338376353,-0.7709911890641674,-0.9194355882225196,3.148256890106353,-2.345472104008067,0.5964825722947547,1.463897730851528,-1.9437295010220481,-3.616970754140258,-1.186379749269097,0.30834018821967746,1.0318459103316018,3.6308163565453384,-0.1676519516861834
2389,-1.748639310391221,-0.3247077311272868,5.196602321131017,-3.932876433848449,0.7412000729511061,0.06842108128516422,-2.645716089765937,-0.41932299756960134,0.8593167797228158,1.6339508293219502,0.25800039148003595,0.31377108681131105,3.4509093637612835,3.6443010560153404,-3.8069033564990633,-3.3593453484138003,1.993109185131491,-1.9220708999943241,1.4291383894578757,0.7300671023730274,-0.9385748670473486,0.053495456788866136,-0.31311092840536503,-0.961015153167061,2.2361264811897925,-0.014780929233022988,-2.6055483888420987,1.0573664588089855,1.863240018620374,-2.5364036405429626
2390,-3.4805166409212056,-0.2238951611516704,1.0917359705500687,4.5368026690470025,-0.8540446650599947,-1.0700821724638452,-2.7431832594655887,5.922266218860635,0.08445797084662132,-1.1983671955323985,-0.224443695406082,-1.8407300393025992,1.3912690568132966,3.5056495821423326,-3.619279200581591,1.879446663240575,-1.4098091841872815,-1.7472769174264062,-4.734224450973187,-1.6921326716881548,2.258311784343398,-0.9109519734654405,1.8701699678912433,3.208827343892107,3.8274520216701227,-4.648607247563872,-1.0477199212435728,0.4810135413556349,2.1001932548327034,-0.7123316490499132
2391,-3.664447668386426,1.9972225851780578,2.223610676832134,-1.595438963440877,0.43201430041038424,0.6070390694070795,2.941117621204647,-1.647252937509684,0.1534768857727684,0.058783484558732724,-0.9093164619300254,-0.5968085920958721,0.1506162432823963,0.8927879763204629,-3.1461159781087673,-0.6764298799120461,-0.4589549454370285,3.238096583855885,1.1295168361261005,-3.4154718721085136,-0.5531796574932883,-0.8668153369506246,2.720259181107597,0.98569084931869,3.6762374212243536,-2.9143198614434453,-0.3251945750499132,0.0947666098323996,3.0571383389744717,-3.588627933536742
2392,-2.678519255458985,-4.682676933863835,4.584774415674225,3.1188913862446377,-0.6096131833468661,0.2671435707511609,4.787817842854569,-3.5092148257716573,-0.6821320890812643,-3.092846944882286,1.0520917602287767,1.4442842566523986,-0.45300600602543994,2.383516029753146,-1.6489319811819492,1.2727718771493635,-3.6381022745823515,2.0837523548881407,2.380256475260669,-3.2344714623940174,-1.5949508025846182,-0.6295586327221816,2.2392995591699574,0.8394248632701853,1.9980456446548658,0.601461144224988,-4.783021519129505,0.2227832159024663,-1.780732750699677,3.7414642650479806
2393,2.8533531525258624,-0.6535988059497662,-4.574123154279661,3.007201772715362,0.9364394764571333,-1.569272441468625,-4.7018227217528334,2.0525125196604392,0.07116266600439403,2.150173734270677,-0.44239783009659206,0.8703716319144341,-0.7424051468440958,-2.75019836950524,3.446101088720013,-0.1722428949454482,2.35492453036521,-2.136179207789535,5.510615793192134,-3.367891485327142,-3.2215375919523037,0.28455346597875053,-2.0920995026382094,2.8863593207467453,-0.7979575628423525,-1.089096122292876,-0.7941947105025662,-0.44730867960577125,1.2839630304996454,1.8445940447450155
2394,-2.3584854642145103,0.9501291492454769,0.6219526468295875,2.0074504595564484,-0.9568119650254445,-0.26423482639123463,3.0906430071902236,-2.9829604979826847,-0.3332196642128862,0.331297300804243,0.4489867225266959,-0.5547468683250294,3.1489185973031297,0.5942453548075441,-4.13783116468894,-0.6941451006763302,2.8194809922820134,-1.730668679026488,-3.5534054229563985,1.674195494645554,-0.15737710913407632,1.1422899197200893,-0.5169004114590159,1.411197529183788,-2.9345919406928473,-0.8799293641817698,1.19273780196783,0.6122155992083602,1.7797739358384987,0.22979396786102058
2395,2.493007817209911,-2.614017907741676,1.3870266375044409,0.1361913278016118,0.36910285470226256,-1.7713107294762356,-5.456997271459379,4.6675078809195405,0.8066352142965245,3.7155362190018266,-0.3037235643589824,-3.428958478398986,-2.3174279862427536,-1.6727929118044784,2.641739973065434,2.246891047213971,-1.0921199070314156,0.19370978480022139,0.886771054932467,-2.4550079034681964,1.42448395116757,-0.646060013242316,0.03047119527058939,0.7593417153398327,-2.697961603891912,-1.93007983668139,-0.31826216028108334,0.3458983592318807,2.5927959042202,2.0076093374034194
2396,1.7358844733997074,0.7231662748924705,-3.071454326834857,-0.920451688867054,-0.5840814746689174,2.116936742078961,4.096051984770622,-1.8423894558161749,0.3898517504276864,1.5969893696848203,-0.029683023840403777,-4.21082062522602,3.88195617292304,1.0744046587641911,-0.346164255890816,-1.36016088769097,-3.30940533923277,0.05936965112827508,-0.04399883756442691,-3.099770282987267,-1.2968870087216064,0.7719546279885829,2.467858420011675,1.200843081272989,3.7438493385676566,-4.97525875263158,1.1332130292334774,-0.6333586414118599,1.1211490437884386,-0.389594017545015
2397,-1.784818257289821,1.1672493080668218,6.226369987800858,-3.725063337836076,-0.04174695230780712,-1.841990748433659,4.556716013494416,1.7311882761228539,0.6154753530472643,-1.9229680053733542,-0.3150156763236067,-4.665395960966997,3.0264424513406887,-3.4581633176680047,3.470132204670815,-0.7566675747787315,0.11896620041580519,-2.4007099639796703,-3.3095681296818213,1.294536077225164,-0.12890005784005076,-0.6588589359873644,-1.136004386760904,3.9387954330449304,-2.306021894955883,-1.9650892754642477,-0.2808355144027992,-0.7040771264455294,3.4714018066367913,1.7846220046328156
2398,1.5727786226064246,0.5816942147363342,-3.4469252971472812,1.6588069281191729,0.003398036388319703,-0.36975250470267085,-4.836417944998075,4.331407913410072,-0.3932923472458496,0.3917451886102885,0.7590783456733838,-0.2525211554492479,-0.5011777816867173,-1.7198163479274609,1.8613111319830722,-1.0882879061387172,-2.032241862316692,3.4802127660873907,-0.3887011492061063,1.2083648532930766,1.8662824154153128,-0.21060864176799132,2.1510225546092165,-4.626360032343545,4.960864407563875,3.201404351647291,-5.2211460354747,-1.0296656219381113,-2.0618458105385074,0.15038870874130872
2399,-2.783143906737621,3.9174035813372328,-4.3421660728464175,5.311538138874933,-0.9846927157940568,-1.1189390248337823,3.2228227138852574,-0.6680813979990496,-0.8585679290331729,3.069204512770302,-0.4498904068558671,-4.315487492766916,0.36985054007775986,2.64274276786351,-4.0528713799828875,1.0044436590917414,-2.7211899356085762,2.757024348559355,3.9593493509305304,3.452051848673886,-1.706492736996882,-1.1939845284883583,1.0219499015139526,-5.53287383563319,-0.8062242745202397,-2.8676888314018356,2.6079617984536476,-0.21771565575956053,2.0167429472567697,-0.7330759840276304
2400,-0.7130716315832544,-3.7287873009294543,-0.07261997371592699,5.11326847020894,0.35353333968451395,-0.9523229036645251,-5.684943220813821,1.0025671758902526,0.38223392189834726,2.828284538880496,-0.9738595886529504,2.4457171727982256,3.970562109949789,-0.9348175191293997,-3.1210395884508912,0.6648598747554892,-1.7561113341085175,1.1765464569844113,4.047845681257307,-3.093138445066355,-0.9565658658579963,0.43252572399994094,2.9477259817641777,-3.3783930760970975,1.6459187038172942,0.07883056124383714,-0.20647332762987247,-0.9761668531552852,-2.1520474068262967,1.6099383225514643
2401,-1.7906463184525787,5.536160341783766,-0.5182361570100937,-6.113376530404622,0.6044541741493172,2.2816444899345054,3.0878297474183576,-6.084183163864736,-1.0904720852368444,-2.0810508285920086,1.108831325749029,5.059045004526759,3.8906432052442703,-0.8316973015619311,2.216443564276421,-3.7467779637531127,-1.357780437611062,-0.17083106659370628,0.7946771023210744,1.8305372890128435,1.1075257773392266,-1.0709852098337573,1.6684192360809718,-4.330174194920385,0.1538421593714432,-1.0068790111688202,1.9226678838156914,-0.34523803955806365,2.006087352825187,-2.730480345284356
2402,-3.5885820689881047,1.9518611944964022,-0.8184353668689717,4.525935044707229,0.18928601714119786,-2.260064820487435,-4.069521617059227,-0.49806038949718356,-0.24773824858215843,3.416435006697096,1.1696641427156678,0.22922110572630672,1.5060530793860067,-1.413194616241082,-0.7503473900054232,1.0294567791211122,-0.2835211821878971,-0.08844667007181961,-0.6414868099364277,-1.2426153653022176,3.5302423138273085,-0.18321467707443428,-3.041207664464684,1.5782822029504295,-3.5564829699286236,0.6605531993252605,1.8208897632258072,0.6670979522363476,-0.8988077374000731,1.3067497925423623
2403,1.1553209458110558,-1.9725967794152481,0.8532767294960131,1.8309079443109653,-0.09609802512166365,-1.770810815080802,0.28971067748297585,-1.0551014271158827,1.0906716390855546,3.4419354991033337,-0.7748855694935948,-2.9923308190618663,-3.1668866445167385,2.2963102973199803,3.1833794470751293,-1.73291857770813,-1.8450428819942992,1.2651583598249587,-5.978940068107637,-0.050863586685087725,0.6437510535321067,-0.7846521485055753,1.840520671286697,4.330184078479473,3.8159548133634935,2.3988538081752253,-5.402858061024389,-0.8196343595208004,-3.066343549922056,3.0740273489295724
2404,-3.5133583671735007,1.2439488802379302,-1.0780643923955324,1.5117038649043124,-0.13092632555185468,1.9666963399789488,0.9689823545244174,-1.933680527467999,0.24955054916234332,3.454979483120063,0.67970806973966,-3.4195399290779847,0.7691104850340409,-2.822147925161959,0.6106159584054218,3.4128366702005195,1.4762645905997829,-3.4466797790769217,-4.581418137285336,-0.6044967013836935,3.1126403349164136,1.0042846749368604,0.7324367942558734,0.3365530345598806,-4.3011035899919605,1.663022063233857,5.48164136811468,0.37620167935886073,-1.096479745521311,-2.12328177519311
2405,0.34747782388791926,3.34336361696559,-0.9843907873324582,-4.124284109137637,-0.39123099209025547,1.809064447707188,-1.04034354043878,-0.3328884700695447,-0.5305457019751385,0.3291711809204436,1.2205856143701883,0.3540209171933135,0.8258998239289141,1.59541219718324,1.6798902079067446,-0.9804890159566853,-4.22288404421294,1.102170831151625,3.492821695877172,-1.6113432926290798,0.6545032100022965,0.8387198533522833,2.556415298622623,-5.931116765225287,-3.684638276958463,0.6890649946842586,1.5831838233776878,-1.002738573851063,0.14673629580097192,2.268391736947592
2406,-2.2488809944336072,1.5441481983868286,1.8992484568501347,-1.227064990947003,0.9884053399704316,-0.9558560098264604,-3.12564121093666,5.259417067981474,-1.209176404692994,-0.5017093619825346,-0.3838785009847987,-0.03901158938402105,1.6417884302832384,-3.172904459963167,-2.9963363155816776,3.8343711083691687,2.9140519697378444,-2.2209707328445205,0.8372052178010705,1.2522517839705785,-0.7465136836495674,0.644592022309654,3.2480822278705688,-5.23561756830226,1.220109457165755,-2.7951200441823296,0.2764045608339849,0.19471067205022763,1.8930902429728427,-0.7891948888395017
2407,2.9428609319820467,1.9237772424817976,-1.5102291822293452,-2.514691295133975,-0.8031025252570609,-0.038615171843149554,2.3696619327048403,-4.397338404705572,0.5382110932092798,-2.9568069111496325,0.5749271806203442,3.8713451093212257,3.270413386015875,-4.103290875981294,-3.873003321578622,-1.700948545340573,3.074882322444033,3.331947034441491,-3.960874709129058,-0.7790175458168083,2.869347940351215,-0.20047721273687724,-2.5443500931717367,4.615371620503286,0.6896512425008723,-4.647328499392843,2.1078936373358204,-0.24623442576536814,-0.580274280572965,2.67629232589546
2408,1.4547162074104065,-0.41438900748048013,1.724731485413173,-2.4190572520646576,-0.8700410688956568,0.524039635617493,-4.011645076252986,5.791745052825711,-0.8881259515448257,0.5284854418220473,-0.45325815867254793,-0.9672013081769144,-1.176795716302939,-1.654567802894169,-0.4837917003831578,-0.5044671918920542,1.038633290811532,2.780989120661708,-0.34662367906641833,3.2535654308877504,-3.850775221991121,0.4053566813232541,2.1888891397514403,-1.6504123509048831,1.8811800270087744,-4.361104257586566,2.3451291627077424,0.4648408312921841,1.5756727111832625,-1.9057184746043667
2409,-1.1868992308834923,-1.8604648387141083,2.0141699171677274,3.613730866137434,-0.5877441103498477,-1.9927926033574064,0.5219127780424664,-5.2128211984556,-1.0651121960221706,1.2606104648265912,-0.7331521872856914,5.228562338894893,-2.6132728019528635,-0.8803594304316888,-1.8713472090494143,4.030167460403625,0.5624238016436749,0.7723881793875922,-0.5405481026289287,0.11771330187296059,-3.5936690652782115,-0.6732525472846165,1.2820482513264153,3.4077081619924208,2.2391945039471004,4.010894376610199,-0.7060505139086715,-0.9163903296699356,-3.619369561944925,-1.008278475032725
2410,0.009663197398355194,-3.597073278013049,-0.015351151254957784,2.2603815898687287,0.18647694350675392,1.1559026984944758,-2.739143472653865,0.09142326267911471,0.42531502199027216,-2.5416090113080845,0.6085400334802138,4.155474165812823,-3.174356013551108,-0.36143585836719083,1.2659212145760996,1.607486721444996,1.8735242099266252,-1.2111402740284767,-4.190084227983384,-2.0976816188054084,3.6359097563253577,0.6320091157479659,-0.8791792569804517,2.899026231695938,4.059413294683992,0.9818657559839536,-5.583927702402484,0.4695169761572835,-2.1873659768454488,2.260497652423716
2411,0.9821293687100106,3.3493068733173246,0.6101237389785368,-3.301556911539688,0.1010188460875403,-1.7410219155534126,-0.0006378347189759381,0.9146524433948215,-0.8062699107621478,-1.2956416805068258,0.7701921700872312,0.4177048125063898,0.5843460650093384,-1.533949867148225,1.8288664860188888,4.2410378903061705,-1.9200445761043845,-3.200255998080829,-0.4972734802873795,-3.4580378298672994,2.9944520856373167,0.12408479931480354,0.4181819165529621,0.4185925086496205,1.2864494345033641,-0.597435888480689,-4.174877309500658,0.6214049539606021,1.386042333905941,1.4784164756124483
2412,-0.13903261913108977,-3.131536566814411,0.5929679633088938,2.2142157325674603,0.8694720171680204,-0.40608652709852855,-0.7694843186887681,3.523524589257981,-0.3780348222924168,0.5178950982005777,-1.2318456934111706,-1.6620548530656833,-2.8057041256835156,0.5338463556467588,1.430194150508008,1.30174341949283,-3.265034784181678,2.8049549842185897,-5.660839125562703,2.1638520044695646,-0.5757424227368286,-1.0328362957659896,0.6747183462558386,4.430847493340131,-2.842993069855442,3.195431350793168,-3.463988575064157,-0.7629295297517737,2.6495234490981083,1.2249563747810868
2413,-0.28541881545591785,0.5160286498054063,-6.103312196118903,3.4412342678423187,0.6038324457599389,1.8276356481675045,4.394713117462917,-4.4907802777678185,0.40810028204380444,0.9835906208254368,-1.2353938590315834,-0.06022988353222303,2.6925843500125737,-0.25040639382909546,-0.30361617268566476,-3.0234436469578494,2.085186231084556,-1.2003043676235254,-6.000582265334685,0.4381532489233617,3.1499546863621823,-0.5569059730419079,1.9544347057291045,1.0149455973619865,4.409798465771672,-4.330691377604444,-2.666511807470755,-1.0620140656294907,0.45735684478916383,3.1920619401448675
2414,0.4738801666278061,-1.5990877580125868,2.014580526456328,-0.3507716380235557,0.4591573184207878,-0.9977586154684381,1.110007423750833,1.0962421278588401,0.7281799297061733,-1.551251252134124,-0.14786338458437154,-1.2353148445968216,-2.5222570841183547,4.0453638592035475,3.619080749033632,0.32075027168194126,-1.8303558942218494,-3.632581901577881,4.995945808542903,-3.353635391168101,2.8370990895639814,-1.0117701974633375,-3.0946214290931326,-0.373017880382271,-0.4457928996303515,3.1554338539390407,-0.6189096175329993,-1.136160264701879,-0.4244136255188007,-0.530157446553984
2415,0.12085613334171796,2.4109685321377725,5.6326519238601165,-5.954669774495752,-0.9337762015415985,-1.276030613301888,1.5470996615304315,-4.03952526745222,-0.8508338113200411,3.1974509692487203,-0.3230718958125207,0.4688803438061626,3.4893992485792076,-2.748979381117877,-2.529368108340311,-0.10607287319291459,3.9751968318710134,-2.080175717798099,6.141235692981706,-1.548250738445951,-3.337114150317486,-0.8070398032056243,-1.577335601367908,1.1285046003552885,-4.307124617056012,2.5910734115762146,-2.9916324763158855,1.0916971920171044,0.5247183793614489,3.091268110418138
2416,1.077499841151777,-4.925514448997582,3.519530740324054,-1.5183988866411724,0.4001723124002625,1.446710441763031,-3.01469874375627,-0.0010492609007819453,1.190054238363489,1.9680982217330971,1.1340563964434285,-1.2764608518824367,1.6145617233734946,3.8634012815195504,3.5929178156214086,-3.270325374811451,-3.859964731291482,-1.9405907144105008,2.6743028665817334,1.0821573394979787,-1.8823240615064716,-1.0002288942280129,3.206781230795272,-4.080688481140459,-2.949222373354889,1.766250407841131,-1.7985586164908902,1.2092719792213176,-1.8001320938073562,3.5723906965917323
2417,2.626078775294605,5.372020188214371,-3.8411920780971265,-1.2452998552530659,-0.45471227343522624,-2.456894756723192,1.6302725990833125,0.667189707042251,0.26530279248228794,2.5342745220009597,-0.3679726320798826,-4.729066988528416,2.179072974082686,-3.943177177866522,2.739638456442801,-0.20318763253429495,2.7022150927766155,-3.4745617129002593,3.458028779350947,1.3641125262181717,-3.1593792484054646,-1.0079450040164852,1.6590316965690999,-2.3138487497162252,3.033909258449892,-2.007721949238128,2.911485806604638,-1.1846255842096411,0.9715698678492313,-3.7246173994549494
2418,2.2597564966797243,3.2966726050514623,3.7147246085261827,-6.0689056478551,-0.7792932601453755,-2.4229548022564975,4.808885342998604,0.08197415992041357,-1.1091120313164127,-2.4925053653879896,0.494512805633617,-1.7837549118477192,2.7469386368162354,-1.534949606290997,-2.2358753914879888,2.252037857276779,-0.3900419543340661,-0.8381095419789233,-1.6535472899513692,1.2304738041346006,-1.9281907798975695,0.7052131097329921,-2.901310599190367,4.547361755171714,-0.8987034065940094,4.891544012169415,-4.33797839085182,0.5537085355794336,-2.887629049386593,2.679058299084627
2419,0.9595585305078345,4.039000663413347,-0.39465565714660755,-4.024994767597363,0.5740987552142789,-1.153007524391068,-0.2416783895826704,3.008670745691827,0.07517183980584274,-3.0669058562223004,0.8355113019895937,-0.6107696416817774,1.920377100769052,0.7034697191587789,1.377576990357003,-3.8611882884306326,-2.9728286415317466,2.832593119678595,-1.9810802480908123,2.5008832875655074,0.06928370229940839,0.9602797987516487,-0.1751213001053884,-1.374245240420393,-2.7947440162774733,-4.358558642244395,4.508420264174902,0.47697435039576064,-0.3603621848344609,2.528270228786738
2420,-3.3525667886109023,-3.736569346508066,1.5872337123017175,3.9468084981803706,0.11248228698148965,1.4426116376557836,2.0931535566858663,-4.1949774989235,-0.48555252263386706,-0.3337182294390679,1.1611069274358812,1.7599877668752022,-3.3677528711575917,1.3301803256085556,-1.0159812693738477,2.104519824144724,-1.7468780087330629,2.6959119995122407,-0.36532979427029133,-1.447437513693398,3.167246284116267,0.8143616829515237,0.7845731142464736,-2.9534137733506434,-1.9633583341420682,0.5971995116948712,0.3182675456921267,1.094351763092643,3.5710373897358707,-3.617497876072335
2421,2.5030494492628677,-1.458331480774465,3.9554244732596295,-2.5138758243364343,-0.33437445095279594,-2.1518921664584134,1.9616953169842866,-0.7124148890397102,-0.9081536553338996,1.026844555053465,-0.5016499989436065,-0.8663213287200335,0.23611655703945544,0.913296093920124,-1.8830883507195093,-1.5584135907286107,0.8488542703904223,1.4432350200991095,1.1007382085896644,0.25138633751094197,2.0102121305966563,1.063970980620561,-0.06524894452450525,-4.361058712793362,4.584078083469258,-4.088225861005551,0.48166595333222517,-0.5806384342398205,0.3017133737804052,-0.6985931153354166
2422,2.7753726163475854,3.17477472642069,-3.4510299829221474,-3.1147225660090783,0.5852509509423607,0.0303542552209759,-4.826539188764222,5.112090810444805,-0.5643367803764834,1.3802531895759031,-0.8701467034480954,-0.23132132743139522,2.9091585258125576,-2.642894433379448,1.2273320675693178,2.014495031506108,-2.8743281427621383,-0.6337630487454184,-2.1866742806593464,2.345660292296241,0.6464057170670543,-0.27451334279679873,-1.7395015922188257,1.2086232063116356,-1.4435747724832204,3.8857005790309778,4.927424454396217,-1.12884528087708,-3.3822573480350346,-2.8584476320307495
2423,-1.8147254179045103,-1.6282016940393333,0.7795859460033547,2.8500208243442415,-0.29474877581751957,0.10806911741417302,3.388127870517586,0.06048332793284672,-0.8382564309643392,-2.2759852086652064,-0.8850619760527758,0.5506924172324403,-3.379507548858106,0.8391839281796614,3.747287508214029,-1.1511868372172032,-1.2475367207538426,1.1917596704364435,4.4985016389150765,0.7529908384221553,-2.4559474057539905,0.604012245792438,-1.8791066176058244,-1.5204506997699454,3.4067236276763744,-2.4853792648704207,-2.650933004289037,-1.0512612497274367,-0.11063135819274628,2.8914812494043787
2424,-2.2034277851408994,4.0074121727133125,-4.682386852065751,5.4541315046646375,-0.8362430000748322,-1.7394860400960575,2.957471471619318,1.8704095586663811,0.9036010139350985,-1.2682097881228014,0.17178177168021147,-4.635054027777624,2.8639586709270404,0.15065411509043258,3.285614200947524,-3.270947335675608,-3.7386048122438975,0.7093251609554585,5.072916325339154,-3.2513976855159132,0.962316800041588,1.2279969297091746,-2.8583496608816485,-1.153482708692426,-4.084690746210276,-1.439620194032372,2.9364741450082192,-0.5251600722716647,0.6912596778761841,2.421737189631017
2425,1.222564858438993,4.42327013615532,-4.370763325132927,-3.192980734923111,-0.3051304755130382,2.223039540975174,5.398777001099479,-5.368307957794741,-1.0720989643661563,-3.2128695729167642,0.9781378558957439,3.276361638083035,0.33728973844495513,-2.01282567044721,-2.4287618863258196,3.2756637115503437,0.46441502123824563,0.36421908554046034,5.274718604510156,2.070096798335509,-1.7809778090158535,-1.0924274904676912,-2.0681313920056255,-2.403278711356581,4.222009996584173,-1.3806748701871747,-3.056134247683854,-1.0422463497478134,2.600845323446876,-1.3437998524111165
2426,2.053931170370351,-1.9366824508287088,2.0041643342992224,-0.7596587332069049,0.2555642730472538,-1.6173185936808014,0.5044900367681819,-0.06824385570582336,-0.4365990489423561,-1.0975576567908387,0.6839594910247131,0.41395103364672536,2.2173526042110794,-2.4302223489477477,1.568547177882408,3.206167877488621,-2.893459020977444,-1.668386289655981,-5.576741392028939,3.3139653656527948,1.6015869500241564,-0.1852459737748502,-1.8429736400655425,2.6894086901922556,-4.463062447819436,0.6992336123288538,3.822665575352854,0.5509257962387242,-1.0549676041243252,0.4452050680244035
2427,0.7947370819979032,-1.4589279678277869,-0.8456057438592772,0.40780839930488,0.9053473756726342,0.1966408547120757,3.018535693431353,-2.888644326866494,-1.239470894569815,-0.42963277294723135,-0.5561100338565392,2.095322334809321,-0.16490226971625432,-2.381701658486307,-2.610975009643111,3.119572694216348,-0.30498398567363694,2.3429902293039255,-5.275466914412849,-1.8939857276700032,3.4703188984153925,-0.9469117351244023,0.9319502856342261,3.714095193157533,-4.012173885267044,4.520957631145148,-1.0395585890597125,1.1263143250725571,2.421978977489996,-3.017518459379877
2428,0.9793712731132516,-4.610560889658117,-2.140010204581447,2.883984377521646,0.8718497062575716,2.015365737347503,-2.019640892030605,3.612622440631899,0.4597624329953325,0.7639588521374314,0.04615285522779988,-2.8628556889612753,-3.830678799853853,3.642981994395317,-3.3290556077095204,3.4808629877302444,-1.0258038794549016,1.0616933048937192,-3.717179316706268,-0.012152137682198472,-1.027037658025531,-0.4240276000826224,1.7916399821623408,3.3887567303341903,-2.566560427188712,-1.790761588585383,-0.7339417536046753,0.12893521188564616,1.4669658650754158,3.495362692418773
2429,-0.428027523519372,0.9204918069134536,-4.249661059243191,3.4780933201634134,0.24585854735639456,0.03324490832972238,-1.1317969261044354,0.6467837774750294,0.02985149089975625,-1.3356682691387007,0.29366897442668627,1.4971609524422291,-2.6691076389516883,3.8894409500637757,1.4996845647542614,-1.003777327549944,-0.44915716240122805,-1.2670833859141872,0.3799516714076958,-0.5497057309795892,2.759443967044483,-0.9675425737564805,-1.044342302072252,-0.5778050316439618,3.5145230057172228,-0.28872700544736674,-1.592854775550414,-0.33073164882905726,1.100968836648427,-2.4031784125377733
2430,-1.6065568042239953,-4.580280237955083,3.2320274735575296,2.3431679956099885,-0.8957249969635512,1.5073665699755594,-2.2355296378988214,-1.319674076589859,0.5534691378758501,0.732863043757078,0.009436321436617767,2.25943521141971,1.1394389942732097,-1.9843883464590082,3.743828504340211,-1.0261969315201025,0.5159173681191476,-2.3885995887524665,-0.39545931609471907,-0.056388804527744085,1.6820413681482371,-0.7203137551737342,0.2664622627435733,-0.7763417550957392,-2.323096713879753,3.5950771668147077,-4.4401820148440905,-1.0407268828586873,3.6851954710224106,0.5237329737464336
2431,2.3565716588524843,0.41121091030626644,0.707282551056629,-4.200857862729851,-0.35591950885022694,1.0817122513651611,5.9294715191961345,-5.628002284405138,0.7002616289046912,0.14662289069023515,-0.326928520687674,-0.8214252336976742,-4.086928218111552,3.9827581924460524,0.053689580599119324,-1.4503050550311123,-0.19273343886296246,1.6935189389614251,-4.266905231356468,1.5587509371384431,0.18186290276347705,-0.13332408380851124,0.6175745192569622,2.042040956005966,0.34064607907690103,-0.40382815792087,3.3862161211040736,0.3555971098746582,-0.47076847568434665,-3.2078626764493876
2432,1.9798310873952758,-4.655309290788342,-0.851463287848155,3.6183039045013317,0.265071242689769,-0.3564336559494272,-4.197584722119952,-1.1749451839874219,0.024433772044186064,3.414843994233223,-0.9421771030949726,2.875429242925545,-1.0520677254656334,-2.163936812594409,-0.18734826956015382,-3.116551356227667,4.070586430741457,2.4493177331073888,-1.135247120076162,1.8593793150190496,2.8254113462287407,0.37489924144525855,2.0498964309402794,-5.974339213557329,-2.8318386997215867,-4.393315002419234,5.698890135488057,-0.26532933871405007,-1.617828093446624,3.4094209988144506
2433,-0.2738341801857249,2.534662193536114,5.737910341943618,-5.279407362995617,-0.9103197514540124,-1.80901124084391,-2.176752177892542,-2.8204675159598906,-0.7896975197516918,1.415951519480668,-0.7085629624879637,5.079528656612027,2.173811047423211,-3.5784986800770344,1.66290132284011,1.2551645773304152,0.010488444718383505,-1.5238667122340637,-3.7416854212615753,2.0430915787409596,-1.7091889067966317,-0.05052584980746477,-2.9935936552177527,6.4519022543422935,-0.9640774493962851,3.9611034866745953,-4.937570203895984,-0.24258880325265686,3.3126192433436294,-1.1294862734722724
2434,0.868063305950395,5.6341795269445605,-4.44831454879305,-0.5807053107424736,0.7278214563633711,-2.2010444297223275,5.625718577887412,-5.319602065184288,-0.7874808953882093,-2.6595414949743343,0.6788026451989246,2.4621032324611107,-1.71771678003892,0.86213919151891,1.1263644506525132,-0.2645530278870112,1.8855396770233988,-1.8917735112678784,4.047857724331649,0.14132793137170196,-2.663460698526631,0.17848840168850177,0.9725356709854225,-2.676749029850786,-2.933708216024918,-0.16970254987431943,0.37812773761496743,0.796253947068517,-0.19435640456289605,2.123385485779714
2435,-0.7766398484499497,2.0191061410761364,-3.2019636457589726,1.0698430139201207,-0.6124111579418936,1.5020654971550673,-4.6762395926496225,5.033366450321559,0.07160917983143822,-1.9771955371807142,-0.6755647787263559,2.2240242784043325,-3.587935289612709,2.6907380745637894,-0.5148317601984367,-0.4895628838872099,-0.6806387306151649,2.5822305897507505,3.239254964365845,3.1893571984357934,-0.3173720959665651,-0.0792211725195413,-1.5035622625688774,-4.528456631746774,-1.4149986253780362,0.5185767127594332,-1.4043034887930865,0.2747202091747125,2.109964303971765,-0.08395911173372461
2436,1.4126791462335326,4.64622735411988,-1.790492372529787,-3.7182039111360226,0.403470274808547,-0.9536804914956125,0.6709843397446669,2.392666743811482,0.5005349799491352,-1.302045514590679,0.7423366676532792,-3.0044772165672633,2.38182848306878,-2.87052655450184,0.29659523839515245,-2.0898821310139155,0.11837232130928044,2.1636126427435833,-4.13333455146519,0.4142883060208433,1.4742697982233928,0.7105451469513762,-1.6452291241089156,3.1794604243783695,3.002760933975871,-2.0173820504838815,-1.2954868495989231,-0.5255278132669465,-2.6666872813809945,3.502323060755934
2437,0.9859787259569526,-4.535295030694087,2.934447411667904,-2.5698767330693038,0.947564346550009,2.2371812795891035,-2.1692683647750037,-5.353901971442895,-0.31604802448384106,2.275900991604807,-0.6819249603785327,6.245242329476071,2.7946369678684384,-0.7440835910917869,1.1298824004270607,-3.069279624351241,1.5655250927833713,-1.676681245634775,-2.572769920760525,-1.3434847167538457,-0.7005190835747204,0.2538881451580952,1.9381013663440338,2.4247842095868144,4.409327096620526,-3.162569441838073,2.8925221844164497,0.5608734982580339,-1.8500273340152038,-2.850126003440664
2438,-2.366323333046349,3.95185615497849,4.118016400202833,-4.852946458212504,0.3378630365510431,-1.1884658004729758,-4.646693948490242,1.4741852537772573,-1.0956523878113558,-1.8231539326067328,0.4411148028951777,5.6502002122364985,-1.0210026740118678,1.9112550830390163,-0.12301696397737771,0.45803672055231104,-3.451241508499484,2.2259693428984626,-2.9907819667012454,0.0826670970678709,0.08716183819567291,0.43811997968889393,-2.6181075447797646,5.000940596528373,1.3251618776653302,4.73610312201609,-3.868490456148436,-0.2742485840609632,0.21333300998186466,-2.1318589694528285
2439,-1.7218519393891594,3.6063361567048204,2.5586317242540453,-3.6956676555019534,-0.09564032963025748,-0.6518079564369561,5.47875138233902,-4.803498333746781,-0.9168789581700656,2.7029540517777804,-1.015114681837899,-1.4462134603614736,-0.9582353436311237,-0.4183003156190921,-0.4233082897781628,-2.547838517325376,0.8870046206820348,3.4606778456727305,-2.777033133382421,-2.8650951217887783,-1.4616529309933437,-0.990501157051181,2.8672332953957227,5.227049047819818,-2.7868990450148488,-3.1272040012247686,5.335560482719085,0.4677900675061508,-2.990568076616338,3.101320572631778
2440,2.2113278056619627,-3.779815484896311,6.134751824841349,-6.020462358504549,0.9920567767056951,0.4621414361924181,-1.9497574070775805,-2.0647400587406395,-1.146603728606622,-1.7043899912626426,1.1304455319667026,5.73504565372135,-0.25136892539110534,-2.4564718863237776,-1.7342939331084537,1.6681562499520055,0.053839893418761164,2.720138601453563,5.055055286422231,0.8669061443330932,3.4347700785688424,-0.32856272060763114,-2.7061655198987555,-6.322003268817959,2.6115161592306677,0.6904226952632087,0.29883282541878486,0.9576689735916988,-3.050324612586966,-1.5081160409163576
2441,-0.5278971819866332,4.271385246491548,-0.30859826184354944,-1.7475339522969087,-0.013390559974969296,-1.6739652903889102,-3.330934741247887,2.751399861023998,0.7229794071567577,-1.6070888971526411,1.0901259602695195,0.3735184099508153,-2.7309664288967515,0.9898822536835254,1.8660481466893089,1.3387313376378458,-1.425617763421867,-0.03807754569108113,4.971583945364621,-2.408146404350463,3.0826140167725242,-0.17977910114501938,-1.9445168891593916,-3.521755567482451,3.299722947164234,-4.235812916001871,-0.9482348038214461,0.13755677437696878,2.1084209823285747,-0.3616529840454277
2442,1.129782038236641,2.888608208658937,-1.5566679120974598,-4.458888213142256,-0.14487676559859186,2.1420426439433236,-5.886940122589902,5.1924498446933605,1.1435475350264346,-2.9037771071032896,0.4338432272592465,2.02087662271472,-3.935459593436235,0.8969417572457701,0.22468567238265535,4.026899845496246,-0.7564564566113177,-0.4566112250761716,1.5576259990773949,3.41057823806074,2.348160729625615,-0.2896771220834351,-1.7595611260944342,-5.267126718586066,-1.443660489323353,-0.027385384106064947,-4.329762032694887,0.7666589674151032,3.3550456592089155,1.6791032795013265
2443,0.2260878903851431,-5.699331526546882,2.8725999426923394,0.5643640149589366,0.5363886227747532,1.4998910557363043,0.47428757423559986,-4.5894990363136685,-0.804948650452948,-0.7163094570210369,-0.4326809805500025,6.069150550102631,-1.5068989563662072,3.865821937828752,1.0969746792062978,-2.761949590483759,-2.063509436061981,1.3695613658778605,4.915886797775038,-2.7386882689892538,3.44266049607063,0.8378747059844063,-2.803669071301039,-3.6540646595399693,-4.247405444600517,1.6106500704600286,-0.8589887477313347,0.6789913444159765,0.9992583133803965,1.817494464076539
2444,3.630612735423341,-4.815233724283388,-2.4006248398416723,4.818486135308209,-0.05317300032055705,-1.1800673062853484,2.5215968796075927,-0.4835305527798752,0.7721972517235596,-1.5649400572453054,0.9059854620469876,-2.1513089833523864,-0.1415020397533091,0.4632204782765825,-2.289976941695903,-0.4895867246988139,0.5079914045175506,1.9498538233548643,1.7793171122619178,-3.297461972772048,-1.250689934843928,-0.4717020133710115,0.012940293875759679,3.227596514849118,-1.0846536507752553,1.543665871938309,1.149971809251607,-0.6807879873859584,-1.782017323600364,0.8538212805727241
2445,-0.5322472707274546,4.026950152751812,3.687150203341666,-6.223519518278692,-0.834419584073921,-0.12391398301284262,4.8011070815231705,-4.56325936709764,-0.9809405478245434,-0.07222765297524703,1.0526970376782838,-0.23737655130342006,-2.7411523884955376,-1.3397559493700282,1.589322015532737,2.235514431563537,-3.3811868713473956,3.6372587621176606,0.516507026676571,1.2977520316515747,-1.8855648093430109,-0.45909360735712923,3.1740053937940793,-2.643606035422245,-0.36886802451483547,3.789442590416897,-4.8495218921891095,1.0311845653595686,-1.0214242587506348,1.4191870196792102
2446,1.4842978676549201,3.169529001784703,-2.5176932552117783,-0.861813033331746,-0.7462899684912574,-0.5280306124042475,3.8061229919110886,0.5803025690061148,-0.7134356362493133,0.309569456862425,0.569008326121117,-4.551567707650822,0.09014560378567893,0.8674968831046641,2.3706821202792696,-1.7313215483788813,-2.402018866920736,0.8050158081309604,-3.5557709213153146,-0.8623287044769281,0.1820491522441543,0.9843781771378968,1.9377077708735175,1.3139645255364982,3.2104105543592247,-4.335274287537379,-2.3423742592336474,-0.965103073042985,1.0809560273006902,3.3513850381551826
2447,-0.6713197173844137,-3.9819986283421613,5.574182248378968,0.6000860122050078,0.633816009628271,-2.154765924485077,-3.2144899469403825,0.41028416746423346,0.5969430596466552,-0.13310500935963354,-0.21311560928772444,2.5534833384774203,-1.991220835740549,0.6936444982850105,-0.7838565496971484,2.5501990596306463,-2.7281346319797333,2.2593684595027064,1.2268763895850725,2.168295794515778,0.7479637382779245,-0.43603150857066364,-2.2234602870034355,-1.4836441268048866,0.9991876036251384,-1.3662356773683442,4.121988209918747,-1.0721441469118278,-1.3197944085183178,-1.3630015807443066
2448,-2.0795499378732547,-0.3642375738093868,2.1143638645450658,-0.5453320275496196,-0.11173169248169712,0.9864873671694685,2.488972540430808,3.1744411319882566,-0.8063948245329859,-1.4769556538326487,0.07917005276916278,-3.459233246822027,-1.803947435093324,-1.6696559060034595,-3.0201534436392876,0.6070448784302478,4.217624764687695,1.6690871416190234,5.556186608902891,-0.5651633677992791,-1.7445932117082172,-0.20132689372059343,-2.9216722121621377,-0.12343092351288121,0.6889219067982353,-0.4805773344468065,3.3084715844948462,0.8403621562403716,-3.692195140081367,-0.6649831730041704
2449,-3.5489204609666665,5.543609826258194,4.358078615873161,-5.514120829714127,0.9340368118020232,-1.7726839632520104,-3.1289038506122857,-0.5117899580039698,0.9670484587475556,-1.313775475855108,-0.15056892451127002,4.137989750235647,2.1011913868130065,2.6649000229197632,-3.4155637362148514,-4.13582315389665,-0.788416667615671,3.5737121479952805,4.101554696380969,0.8084271176143609,-1.391509934413408,-0.24705452445958986,1.2764895067781836,-4.547906861900739,2.6299887195630625,4.53483351870991,-5.0920541838605615,-0.4638294021571916,-2.3512967244629053,0.7423580722087966
2450,0.5454610377045164,0.1150487843354604,1.8985490871212782,-3.4309511522692304,0.7130646854869855,0.1588275576215583,-3.4021769418816916,4.374758758575535,-0.1875269589176778,3.2505466113192263,0.14674022636302464,-4.182341695457829,2.3339519630763945,3.5028528145618267,-1.5979410370119282,1.6812892299388267,-2.637911888002561,-3.2822410825616686,-2.2145499477897665,2.853339048706026,1.5160974022876523,-0.6329920866596943,-2.711988703416539,1.1900942868721067,-2.332849215007954,3.061531396201179,0.019734332629759876,0.3733350737403818,1.5323111525454003,-2.6540627401076673
2451,3.0456755232429806,2.573155364983144,1.0969114981313162,-4.423395765838883,-0.42879926869849605,-1.8635473518194772,-3.8317740077899423,-2.7479512159243953,1.0730115773344053,1.2468770693609663,1.2233138575963132,3.0365227194232354,1.9274854197411528,-3.5519388788513435,-2.4287703132909897,2.865066522629224,1.316909165371122,-0.12875191559828103,-3.7732373237522445,-3.4414690375755423,0.17354140380349747,0.42041031719961275,1.340511305256543,5.280243335067908,-1.2289239792743558,-1.1156511148307402,-2.8885680453829856,0.8600122056032475,1.5623418595448655,2.810789074341045
2452,-3.1217087276903737,2.1650957449001886,-3.0897312637712346,2.9276518245978735,-0.9753594795022063,2.094051901466374,4.212566270432191,-4.355525827722477,0.08940932341112795,2.6431266751814455,-0.731127869008457,-1.858448572293245,0.1297360323915484,-0.8730870520016794,-1.8542331151179603,-1.1271857407096295,1.9277421540167872,1.797027721421852,-3.2939830102969694,0.6487594188580186,-0.12152311969052398,-1.0039033085148086,3.2168706459479637,0.5537793736960701,-2.3040446959757688,2.665379392904768,-0.561530587144464,0.7734280523790416,-0.2746982634419748,-0.29853389872052105
2453,2.0856822298903843,1.0987067647555904,-3.9685740357267534,-0.012033294372514547,0.5793367645727638,0.21688157088113869,-6.178507087094832,2.9769387421889135,-0.009000601505386285,-0.4538196744597123,0.40908682914483574,3.2553017917267617,-3.594396147566435,2.4443452922038382,-3.683220361393193,0.7625544027182123,3.9099651105689617,0.16075170346955225,-0.31991563931552847,-1.9408551891226988,-0.6290061151254562,0.5490683114802843,-1.7442563877051889,4.084965019788324,-0.4624808903337154,-3.1036101435859322,3.8125075243308686,-0.20695390037620687,-3.2666977726256547,3.2272351825917305
2454,-0.891751110201767,3.040737667136895,-1.0121491370899385,-2.7137547594881966,0.5490989224398466,1.0278184172037754,1.0851374205400575,-1.6101232438146766,-0.8154143485180114,-3.308428063787389,-1.0277678828775296,5.676596118458136,-3.959158495648092,-2.9777919667205683,3.094299087181067,3.397399246919843,-1.237633945785797,1.6828860740544833,-1.9226310596931597,-2.078627259842115,0.33907624881837606,-0.44308859289503744,2.568095530678379,1.5371751329332817,4.317815139055604,-0.43279023000221883,-0.2222791903414496,0.169887185646739,-0.678530628129808,-3.154102276227796
2455,-3.3034485572897587,-2.930991657950141,3.145227544176965,4.3135243772209435,-0.11247590304807042,-1.1118358031093347,-0.852953703264749,-2.6106306145604847,-0.31619877502884997,3.430619335048746,1.0269029763117752,-0.6777392185058737,1.298270951390311,-2.159601053799941,-0.37674911193455074,-0.0586949541137507,3.2743134783281675,-1.9775393098693268,0.04600511315043221,3.49522277070864,0.8336267354731142,0.3036163924692161,-2.8977698220468824,-1.7807011897547902,-0.7402768023504933,-1.0155729722168587,2.3753603721676804,-0.5555780924927882,-2.253718769131032,2.1897862640245407
2456,-0.6854202709766675,0.5771442467147381,-1.0907016016518263,1.850965712804296,-0.9413863490225971,0.28939826213262876,2.182616845884656,3.9711627264864475,-0.7457485208456749,-3.4382657843889444,-0.7848698108438938,-1.1848954562920255,2.597146321578027,2.6071677649633145,-3.1650503748594776,-3.4633447275143006,2.025768007436511,-0.6016869916031826,-5.284757199605075,1.8597501314632776,-0.23318456936527987,0.009683144590390214,0.011674256360995727,3.6368342365554014,0.8527930934127674,-4.618331312327172,3.8407659328872903,-0.7548907882317204,2.2356175090954586,-1.5559544348355754
2457,2.50347539492277,3.438659055789085,0.5363292436885914,-4.417861103667111,-0.10290264718436104,-1.9576999435483895,4.64498981336499,-1.9880175830996407,0.7424936204324997,0.27047378685449885,-0.13535226024296954,-3.5345873773087852,-1.2722965050118056,0.3971930140528741,-0.493141437737588,-2.6454471550522847,3.125520413462546,0.8881716702871678,3.3017109793611823,-0.6204355934762518,3.259225418603993,0.49689286848252223,-1.6279223085131758,-4.809471364458556,0.46601912758689323,-1.5187479688369478,-2.5242853130810055,-0.025506216412645166,0.7413783636087263,2.861142007136049
2458,-0.07959518859315473,-3.8715524776105426,0.3776215171270998,2.882149584983697,-0.49410292799099675,1.1854794920844718,2.8409572979270656,-2.667942854350173,-0.3560467735659705,1.6204344439767482,0.2811569675564547,-1.7185590815435745,1.8535999343422453,1.0354465565238442,-2.434118895234068,0.15878586954034546,-3.6853134960077103,3.0716000308362474,3.287465132998161,0.06641513387271658,-0.7464347543087939,0.2736077586145358,1.7774296973263937,-4.658482968503318,0.61951602711558,4.658179168639819,-4.133416643020723,0.9049296044226587,-1.2687959558325517,-0.7804122013237489
2459,-2.4460916293949566,0.48293505100729206,3.997624440934942,-1.3101913790968567,-0.7406891039513925,0.016412620501567332,-1.626095518121204,3.5515402202563457,0.16580654008646434,2.1773069275885035,0.9098723217384901,-5.178430491548053,3.1942598046605966,-2.379456047474095,-2.4139514921314262,-0.4467601274031523,3.82821267725841,-1.7823048149094358,4.464500311484397,1.183931568796826,2.7828970535755673,-0.7728638335916456,-2.583786577397248,-5.0746785228681865,4.691002748146545,1.578666370403898,-4.528130246997986,0.44436703789423504,-2.140077061116843,-0.04582884832882428
2460,-2.1753801795287924,-5.2006977485386585,5.872993771208321,0.10043539703502091,-0.007551734861923176,1.410200494686606,-2.804603312187915,-4.1846469168767975,0.2508647750238975,1.813800400139673,-0.6662197014070959,5.590804755308827,3.089270752859033,4.007589324191169,-2.092317062348716,-1.653672729589303,-0.7104939260450749,-2.640376359066222,1.6519293075710237,3.0093038713024463,-3.090591947608262,-0.9477539522100678,0.005406007934158907,-0.6282932869896385,2.5482623634596173,4.600822602907307,-3.453395166409962,-1.0073571333416527,-2.2547307234456717,-0.4336019431686182
2461,0.7963595877209304,-4.842449485607531,4.613565154637719,-2.820789355560919,0.37483037998288493,1.878483718827443,0.13769534761377145,-4.953714496810385,-1.1404128674285077,0.7461445215520559,0.12037335513518599,5.089914139938511,0.9970548995218067,-2.663663176630431,1.6842881143962671,0.47701064133392634,-0.7525937034628569,0.25790322484217576,2.767245430569403,2.217415913743608,-1.395926232092659,-0.9360347779691747,-0.2117553124300624,-2.440945021821449,2.822736495613004,1.4784919283169096,-3.042273083708725,-0.02586828344483383,2.3414028825233935,-3.574489939298708
2462,0.7690065219952888,-5.26323061596085,3.95656874644844,-1.482447034663938,0.30045819522544326,1.7196441869561703,4.1389287023524055,-0.9113979891406458,0.4805527925774964,-0.2530577841803634,0.6856843929666807,-4.140710114574983,2.7581596098284358,0.3277463761535948,3.945392473624029,-1.661692148980169,-3.913448759269839,-1.456157551355174,-0.5732444949493782,2.81943268003376,-3.9530781438384057,0.01378566020749794,-0.14066183903217144,1.8337661375783583,1.5195362941409307,-0.19222932660738223,4.17367649505757,0.03458129484878647,-3.396284904778609,-2.1392798526602466
2463,-2.96997948685258,-4.117927244876871,3.1642493405075847,3.7914855603991526,0.18556157022401498,-0.053389739400760305,-1.7573087570792936,-2.6265397339937877,0.4619465705542032,2.9798203669451127,-0.19395206631800743,1.1360336198923555,-0.46231993189260834,-1.379937608912286,-0.4842141019246,-3.065951113238544,2.73037028735445,2.6620524686144442,-2.936605950542525,0.44174983913015176,-2.4508124529906823,-1.1867825433583636,1.0633181213416503,5.069132986419433,-1.0547056205028795,-1.8648149653143982,5.7518056530610195,0.8998007667994159,-2.4002397518247296,-1.3318460822173908
2464,-2.5399930097260004,1.5201843025261645,1.941226382061373,0.7020432559248988,-0.6201017312457437,-1.0033591995401228,-1.0512827153148052,2.7556123725865653,0.7426854576501807,-0.907617686017586,-0.5739825787532773,-0.9654148501504523,-1.8620027314315006,-0.8302718562021099,-0.45800060719235347,3.86112718491675,-3.944562454644444,3.2337104645545054,-4.035483389374942,2.4457553650574155,1.826973041457105,-0.7858937791167833,1.489121105648934,-0.9404723436720701,-0.48953719061438505,-2.567978019592104,-4.3870736347329675,1.031061203333735,3.428602485684042,2.984925155922742
2465,0.6027088530226674,4.4511187290704655,0.8534703925052369,-3.974907894430199,-0.07821333547808607,-1.854176744689516,-4.206427023348091,0.23697081812041176,-0.5638014260808175,1.1758888735422133,-1.139454379473963,4.496823137240856,-0.7721152069504242,-0.9621095110933062,3.3132499870309147,-3.3558238216363936,2.735483343221585,-0.9586847905715814,-2.6858478927240164,0.3438934680039143,1.829840553088811,0.7595163464175174,1.9535443238751107,-2.200946798661626,-4.298725225767445,4.803654671367447,4.927812296347394,-0.06180073639035388,-1.7764764889775932,-3.5944645165783857
2466,-3.298731524020841,-3.5016078568604527,4.767779478870203,1.3747642375093605,-0.17137735647042862,0.8291730209727177,3.729296154576396,-3.2676298436817035,-0.23588659585287353,-3.055580563365119,1.0750566259136596,1.754744222410217,-0.5864337978169161,-2.6258344815996058,3.2120342135046513,4.019868107164111,-3.072887872392979,-0.9467461688584766,-3.1570077050822647,-1.0642106659348958,3.5215297706505275,0.1658706089162596,2.239602740802775,-1.7057847493526914,-0.47517453722110403,0.024550001636825414,-0.758139671041949,-0.19349245435980755,2.100078336298651,-0.6978216753115483
2467,-2.3252330308521483,-0.08459001845214331,5.534120011815826,-3.282374305728151,0.8048489097131988,-0.6467715664960281,-5.432149917844274,6.077071850329684,0.26214687774856404,0.5320766302613862,-1.1722818698605093,-0.266863570634289,-2.135176863526313,1.8607521444829196,0.8835771808266131,-1.500241682103976,1.8715575171231222,-0.9804682968016092,2.165967079284947,-2.2240206446093254,-3.521045292730749,-0.8453357205398948,-2.120937817349626,6.545372395944334,3.2695221998621626,1.698420892730251,-5.2355188689273255,-1.1651163431583487,-1.9297272676640649,3.36241938715839
2468,-2.827903084182081,-2.2449980163811425,-0.12374573056573723,5.9210457693010845,0.624287394218014,-1.3486863323895868,0.9195621771915548,3.5244995470045914,-0.9342553946621388,1.0904564397141527,0.5456780209750356,-5.145940790222603,0.8466937343597039,-1.7937264164142643,-3.7488668064663884,1.9354605365032604,3.114432261481671,-0.35399330946317775,-3.8488171161964146,-2.9905789842803774,3.5004886019826884,1.240328590480372,-0.007269087753922321,2.105847995767327,0.5938732438921512,-0.3686435507085619,1.6213595890051096,0.6379661385733932,0.5496033330613734,-3.0341587538223926
2469,3.1052927569871933,1.1761616067798428,-1.4975724344810146,-1.0324314451322962,0.11887900189408462,-1.870329486047229,4.14041597162527,0.4225986543278957,-0.4880003561359807,-2.041606858570521,-0.9166533793793405,-1.1167540318666944,-1.3572214747749847,0.5235086553159363,-1.6405269363760855,-1.8268786186704649,1.376117936846267,2.9250004376600955,2.521790774553118,0.5417236248818309,-2.290717285516399,-0.45167282418677157,0.08342861364357645,-0.4045529033756772,0.48064185440664886,-0.552537980062425,-5.753997932110888,-0.15598771180579973,2.2678520872160313,3.714029682357488
2470,-1.247360271266949,-1.1048344110540533,-4.5835266265626515,4.802576610486149,-0.14253327720537,2.275677975603445,-4.288435339933123,-2.996089093567935,-0.18513201848134742,2.600490200273594,0.4165749977158004,4.452591253993631,-1.3641248225871667,1.7244864075364426,0.823187289138847,-1.5473144292415046,-2.202408286440578,2.5661738415947077,-3.884508656952022,-0.0992903277613486,-0.5278504950775726,-1.1915800767406246,-0.07311234164793667,5.776341898179197,2.0126461717426807,-4.625635456902442,0.8837397340076159,1.2185786268331738,-2.5686098904418504,3.0792808147618906
2471,-1.7702810990270361,-2.018070308962418,3.9280767456213574,1.4592073073332763,-0.5238253241198283,-1.0751073208448165,0.22188973099148868,3.0003573202570877,0.4300792253649339,-0.297160611161285,1.0604999701151412,-4.415665635566768,3.939231882864515,-4.060205317069105,-0.5595323316844265,3.140722961473738,1.1018661665737888,-3.5620833621577557,1.7088145559387087,-0.5704939075898707,-3.045168610834395,0.49067955607150004,1.5145744859304564,-0.09840607951670677,-1.314333909135641,3.6599366267880953,-3.329316877478348,-0.27575995179734925,1.7231057771278167,-0.4636316655035184
2472,2.692597716956243,2.3814986169390053,-2.467364090337046,-0.40630146599778527,-0.713694111283746,-1.4867366662761228,2.304245922887489,-2.4538795624811094,-0.25155337829001123,3.1611619909097044,0.48108214411563477,-3.2410571171411284,3.5164074073811804,-2.5428044487508696,2.8743549525289325,-3.0633480355907583,2.3076959468926397,-3.0923058224603377,3.739315411392724,-2.984105986126597,1.3709739606155473,-0.1875305965758276,-0.9004638941026428,-1.03818889520349,-3.066451704094998,0.623930622744318,5.226265410984265,-0.3908457700224499,-0.5788285254187944,-1.814070034191266
2473,1.4117814709575676,-5.049509924802287,-1.9449294154848964,4.335522989105726,-0.8839953920376755,2.131130272262107,-4.969436706575127,5.2546161558750875,-0.9374111515859411,-0.6383846537731728,0.31988806255155566,0.9707282935081807,3.3418101767305757,-1.227907113747019,-3.448043179511746,2.776664539828513,1.3065118165883867,-2.7490362398879373,-4.28892264940178,3.0907662291100273,-2.095152517066369,-0.33402498329470465,2.4045031589117833,1.2228307617407417,-0.21582600130034635,-2.041805579643235,-2.502398625975765,0.5891771254821796,2.564564839796205,1.606288241642055
2474,-1.424519061563025,3.736559334948023,0.5930660335570828,-2.4488944686289607,-0.07356901946369021,-0.3826428188488844,1.9724545052273363,2.766405874598341,-0.13054704596369238,-2.2702432009238507,0.7254579797657392,-3.0635281127032883,2.612837213288497,1.9784580380451864,-4.107673954227792,0.31435283851094553,1.5318995439679064,-2.329873679583983,2.5641219336245236,-0.7182173921790156,3.92235502478551,-0.336110254604411,-2.004740453593117,-3.427408858033761,3.564574828816891,0.2895631459685184,-4.899976221206092,1.1415586308468937,-2.784710296746699,2.6889899123216487
2475,-1.793652304414632,4.111246829807005,-6.1574022569968605,4.85455115324163,0.5275313520189506,-1.5422747736555582,-4.25386902326904,2.3487441104171296,0.783173856486612,-2.147613418769623,-0.22263071863822503,3.492195193773753,3.1634265080378263,-1.4417505536309,-3.520827515697995,-0.49392792897126014,1.4337696023714912,0.8593098878915857,2.071274371793155,-1.1225401120410776,-1.396603138694493,0.8438933941064848,3.2144643939794975,-3.610488909143804,-4.426648958822195,-1.0284286960618694,2.1538156582826815,1.0836014393673628,1.4794323980560087,0.7382281591791688
2476,-1.3275772568191382,1.8128677921904668,4.137816086064934,-3.469172211578705,-0.6964468778892519,-0.45748753196777336,-5.954844558063183,6.203925268880969,-0.9280555446521577,-1.0630926813409527,-0.3017216156437579,2.043789130819711,1.962114929971559,2.0744780222652537,-1.2154673636550157,-1.019762118856777,-2.110026608985409,0.3086631392611139,2.591716234379284,-1.5128864128854698,2.457200115171858,-1.0263129244835096,0.3433612158144772,-2.8530782279968783,4.073077243959318,0.5457540174596929,-6.0505473372199,0.39713490796799356,2.1793379745401715,-1.144756806706111
2477,1.75756929698003,-4.32447748458954,4.333041759458858,-3.0911249256536273,-0.7857923850258202,2.1107837388306496,3.4591452981536186,-2.9857598070477316,0.9342615614993184,0.16640070111060545,1.115880880885082,-2.689928634600278,-3.827751172358825,3.5150921605807177,-2.411757836890885,-0.6235545315571294,3.8350021384415633,-0.4870307582147433,2.4540748023281225,3.2425897873765095,1.3464308453369291,0.7267359293826097,-2.9347336772980235,-4.835097687126407,2.3945215189520788,-0.4568408650041924,0.48053586555854366,-0.3930247039592478,0.87323878643606,-2.8984306019821258
2478,3.289170171575556,-4.157204988822606,3.426226285311351,0.4350537142384816,-0.8638176018867407,-2.1294275804154674,3.532939404923553,-4.1343661869778074,1.150105828332518,2.228851131290412,0.8940683201415389,-3.671598497709578,-0.5373071101973537,-1.6167225523718312,0.07405382620395429,-2.0140207197079203,3.1146845668219534,0.9793119892518671,-1.4740824880600982,-1.9814504020117099,1.2670418090971758,-1.2315206281289512,-0.23433368789318543,3.654345396996483,-1.1313275603707815,4.286099585090735,-2.047950736286783,-0.3497794099079652,2.28238064158478,-3.0394225201088663
2479,2.488104537959952,-0.5355665821572373,-0.8502824347617128,-2.453357567690727,-0.303442104661261,1.6545441513115318,-0.9093272847057072,-4.391469852008793,-0.3627528598820957,-0.30241054534545597,0.6027962842553434,5.363164257687341,2.016049186950081,-0.3715484368306967,-3.508383486123776,-1.541422697392969,2.644987136111361,0.7603182972866556,3.120436178615911,-2.307576685891185,3.0929166136335624,-0.006265316816457478,2.033637034742373,-5.933147824284504,-2.72888359800017,1.7308256683016836,-4.039898443460416,0.7537104513389572,1.6569891936838026,2.627256728137251
2480,0.6282362666402239,0.7858387409623582,-1.0721797504683614,2.4526250108905145,-0.8268899454051839,-1.9676303226189802,-1.4424197626105375,4.182674415075187,-0.9614649967921194,2.4669363923212586,-1.0275110800072706,-3.218214967985883,2.5392344223957366,3.6972587054082204,0.12097021890371096,-2.3379387875036777,-0.29736384617465816,-3.722160713028666,-5.465320155110103,0.4094035755382599,3.8416157933208943,0.23761534920188954,2.7266319107843717,-1.749946473735605,0.3227462892091353,-1.9940447766172973,-1.9615850566873227,-0.20228421749501369,2.7933882983306155,1.0417794632609727
2481,1.8821763505590638,-2.3730684236658206,-2.549625182429782,0.9922577505680366,0.14533882015193278,1.9029206848171611,5.135125385467894,1.8436586442755214,-0.7069539070525481,-3.5343388277863443,1.18680659572735,-3.9242978906312445,1.147284036675476,-1.8694870142398692,1.6614556738791215,-0.8619940903885066,2.7240602292837046,-2.801318835209276,-3.178171936259954,3.4522284718195237,0.32401274227175136,-0.5738388578761215,-1.0603015796665414,1.0360711597110317,-4.463702200041363,4.9155373366878585,-5.42509387966097,-0.22390586062593165,2.2392354382230195,2.957929165418456
2482,1.0852451198342088,-5.097585300146488,-0.5416763318211579,2.374350670253982,0.3383899869077962,1.841275854972249,-4.817302941105769,-1.6777164742402633,0.894021174400109,1.4090964664151535,0.3286762488831867,3.8632255256482146,-0.7979131200032974,-1.121299893565343,1.6030687132662855,-3.9045209223411703,2.80937861420815,1.4112866084360007,-2.350655900166778,3.311835686367786,-1.1505594445802725,0.5977765066343252,0.2693707471512976,-0.6777675954066389,-3.436816313043998,-0.30108372650622073,4.297640657685452,-1.1410913468268258,-0.1111743224052244,0.6925250510979062
2483,-0.9640168993824503,1.037564877323419,-0.10854897730948565,2.4720144512844087,-0.7484374989791227,-1.6885759529361675,-3.2859424193298317,0.83451423509268,0.29290585321341744,3.547826000396892,1.1455518003377083,-2.534855469710223,0.43290180964798,-0.11762589944446944,3.635119577747073,-1.133050876067914,-2.8778769925003473,0.060532380618310455,-2.9538741884663935,-1.3621193810741374,1.6385863066743092,0.3098015769405418,-2.9154188598098862,5.2830245457352945,0.2918935417583093,-4.849934041523024,5.0171325049716415,-0.73112100291271,-0.3445994755092645,0.6166284732161298
2484,-1.4050149629892594,5.457398731276147,-4.364333835059227,-0.4121446543517031,0.8091322611024845,-0.08503753997783825,3.3509206502880495,-5.881939963135839,0.8944777976910228,3.3145768565502145,0.3505484433965931,-2.028583784789408,-1.504427373078558,4.071024206396022,3.940771829728291,-3.475637559659262,-2.619006983184269,-0.4127241202016094,4.809954200155978,-2.3324665827495075,-0.4858999252064091,0.2953545427375843,1.8635018394640301,-4.150444074401943,-1.6974178161944131,3.0647232841764733,0.1813378133155723,0.13632554733524493,1.326632478336883,-3.011601306968659
2485,1.7413507267672017,-2.5568546298818653,-2.4499300293036406,3.191763549533441,-0.7708850992067033,0.844555482092181,3.2070485503107093,-0.6984925118642842,-0.920058175212418,3.4371172309829134,0.43204502037011405,-5.4576601145863854,-0.503794253762365,-2.1296683497437385,0.9081754667159281,0.9901453835311393,-1.123040138131973,1.858181891391638,-5.103582108158093,0.15936792796199306,-1.5095979746346266,0.7118579352431054,3.2423336385673025,2.499620581020096,0.699694016465191,0.759783450963397,2.22906536683087,0.9168216377078728,-1.4933867714076623,-3.111977700558567
2486,3.3589018831149566,-3.6534370506065557,-4.237076363592394,3.2979511403749626,0.7777578374250509,0.45590255328458085,4.436264421633389,-3.3668164585096534,0.9444294182365871,-0.4120581044821563,-0.7655936164627501,-0.8362256604147902,-3.2233959240356356,1.1476421281137696,-0.1043453477291898,2.2676062785806224,-0.44135439882772687,0.3538472638987873,-2.224289769582686,0.07591386790575783,-0.7620300703250145,1.1740248343161586,1.9052246831191937,-0.16884354543361013,-2.12804711864932,2.175230794776759,5.428602674397496,0.365771027221248,-3.6431559460940726,-2.1984014316510123
2487,1.6612639431110985,1.2319768565099594,-6.121481100899803,2.483562682517089,0.7639766021695915,-0.019298983407320947,-2.424621679659314,4.317480403778397,0.7103477419035213,-0.3708031867389199,0.36838125460365934,-2.6007845338867206,1.5937618131189843,1.436131790453402,-3.063180824108729,0.3235403597177857,0.0006530186585891329,-0.2909061578393999,5.543645201518814,-2.350663720854353,-1.8901049032455202,1.085638297952599,1.6513448345507058,-4.039859709922432,1.512349458577738,2.866134801812315,-3.271277318675864,0.9626816932945923,1.3521959870155378,-3.4220846220232133
2488,-0.10738067059447332,-1.3025919741055105,5.065976775044589,-6.1346622312292105,0.44063082852776336,2.0380272723574357,-3.967262802048431,0.8852772534081375,0.021415279783435714,0.33194871086074507,-0.5513780297339625,3.279999587730668,-0.9791672578050346,0.2875450810633282,0.06439993770326069,3.4444233922748246,-3.9552622782007933,1.1380611249650343,3.027245862414901,0.2436015425991247,-2.679954252134996,-0.6319924821268694,-1.5506443268649868,1.5917436561126763,-1.6434470185288603,3.7890902053379243,1.8057183304412483,-0.4635670090685817,-1.0148784035835394,-2.472916104597063
2489,2.845625641375676,2.058408048215991,1.8891635767784543,-6.101430303136553,-0.33107986167045245,-0.3606871015624957,-0.5043135652571635,-2.37405938457238,-0.9741436662826883,1.0952977479915553,-1.1551413172005613,3.9123601853218624,-2.1113048436085684,4.222996957818481,1.7894093290841084,1.7604667092674617,-3.082866700788255,-2.5787014517725737,-0.10969477491377688,-1.3632033651248996,-3.192666013143704,-0.09581276989481147,-1.9367277855100333,6.698104708587088,-0.3371757960454538,3.1828481205978356,-3.223375047180358,-0.8339995931605095,-0.5627066948461987,1.774409010635793
2490,3.6106354127198514,3.637881402162243,-3.1408867369925026,-2.1973476415069193,0.45748135026283165,-2.367763786644856,-5.08605136525539,-0.46137385519585195,0.08145855255062351,3.257767021272201,-0.30569918520075046,2.513898831829774,2.6889346490903385,0.8283968744452217,-2.0660729780574876,3.104353710924851,-2.5232253236360886,-2.0323869327661637,-1.369950201236719,1.1964858936780072,-1.6391092498631608,0.4605223259549067,1.0847254530939168,0.26732577837292837,1.3671943935196005,1.0305723284339265,-2.6156523820547655,-0.9355728979990392,2.2199276076609173,-1.0664690495594868
2491,1.4114478971340105,4.9687715099708,-4.714859965565168,-0.9507994485058759,-0.19642807335254564,-0.5181319196806005,-1.156791626126516,6.042825842982285,1.247070581129183,-0.6175966382854217,-0.7185236860589592,-4.7969844736399665,-0.07489399681827535,3.2107831904213917,-1.6342212456993401,-3.0106735895616996,2.1497145286358332,-0.6407088869772348,-4.485790278115868,-1.4128401019902022,2.0138483516309265,0.9420488193114815,0.7452029211631217,2.1975302880004115,4.257544277729217,-0.3390085714820188,-5.422801751658355,-0.2263934654546622,-1.927221631327333,3.657881142194295
2492,-1.7730492617334583,-5.209954961127412,3.698548333710029,0.051213004380510796,0.9754721576224998,2.2577707271484613,3.414397895780702,-1.1676026303666482,-1.0994404072697712,-1.1721385283125656,0.6369436190856295,-0.6121599489167124,3.649166110406867,0.8084600016300847,-2.331905698464343,-2.021997581838951,1.553123931451026,-1.6568467631840225,1.358430843005067,-1.5133876053471624,-0.40589844593668545,0.15148517349489765,2.804694231374464,-2.395324196590707,0.5389699324950605,1.338522724815416,-3.3775996304343323,-0.03213091405480206,2.0679406049192153,-0.5357027177394151
2493,-0.6247837548095294,3.0866814475136444,2.2973409524657136,-6.007029260861003,-0.7431880487830305,1.990978664474877,1.5187383760010142,-3.373533663189562,0.24917605675805454,2.02346495348095,-0.7408813381310022,0.323035615081146,2.6382605168762865,2.752372611743084,-3.5236778325331866,-0.19108612101063116,1.9379896860270414,-3.6138588611019316,0.8685052388807861,-0.852898372423665,-0.9688134901993557,0.2880399143423702,-1.0282644630235236,1.6934311724232352,-2.3057221097779745,-4.506647183205587,3.2953925579185963,-0.2513267520536031,3.2202358198988996,0.5480676672207938
2494,2.3497172036294707,0.392092494823828,-0.4550772804217189,-3.4359006396305247,-0.303240711907548,1.452408933507158,0.8319596747676279,-0.790301643780321,-0.11637552140616769,-0.7887020824718629,1.0590501055626618,-0.195630532671359,1.6027786180284096,2.6827898730566915,2.893076732042047,-0.7279198442983912,-3.9854509428927862,-2.4652744359353207,4.552062032109852,-1.9507140743934936,2.1546698265879414,0.24511228975012767,1.2889086648311991,-6.290038738885798,2.5890656762164888,-1.224494943443517,-0.46234209507332125,0.6608376265033922,-3.434494457634184,1.8714281934322692
2495,3.3544107268586494,-4.474089840903989,2.702458157508918,-1.9925167864764965,-0.142131255374232,0.5518689983877838,1.0310375983230564,-3.890679820275473,-1.0577599430562694,-2.104173469938729,0.9214280553672989,5.100147579580721,-3.072754254015173,-1.7922732496417169,0.9462519933939859,-0.6268955479793519,1.7977961628215802,2.7478748954212833,-1.77195137555713,2.826843563212517,3.511748975563979,-0.25838574654401025,-3.140957640543057,-1.1672977761324574,0.18044794873157954,-4.116339388262665,1.2290017356475502,0.7077360522803264,0.22004404163395996,1.779109609970405
2496,-2.293314712916583,2.8783362680125535,3.840233037549744,-5.291569083445047,-0.5313579609175239,1.3976724517175203,-3.984915645497793,1.7415477464888198,-0.5618023663370915,1.6177564195547873,0.06959881145312696,1.1178150343387578,3.0268254365033656,-1.517020800898754,-2.2463397752446195,3.0191975320906614,-2.694550398062219,0.411888005612175,-3.6599228006584426,2.2177902543847097,-0.37356849985955876,0.1964053520505118,-0.10616977619730505,1.7254654702799535,4.46128101046547,-0.8086085775966794,1.9067947510514287,0.6303304498625195,-3.464548685013055,-2.7252489487684866
2497,2.5851751770662617,-4.539668857815812,-4.316410976687948,5.413278658302982,-0.6868672066878765,1.544493205823068,3.4660099845526666,0.16374362416359745,0.15407409659895333,-0.32388215413360477,0.753108973183461,-4.213054524364477,0.6500596744696736,-3.054996928148711,-2.9789180166412255,0.8307523552472702,2.881423233451631,1.671679681621967,-1.8554207526647488,3.3691960963808647,-2.952658906197989,-0.9793080603637012,0.8235313324035864,1.5946602904418512,-1.9843541046136721,0.9326554412647923,-2.0289534270814578,-0.6114574307235934,1.9037367264683418,1.7883727946868113
2498,2.007339792645709,-1.1939005345777325,-5.389986340908269,5.051538917407193,-0.7219983957176621,0.2470065611514478,1.312568715531505,-1.4788359330454348,1.2245387033823736,-1.6083701023421675,0.6804980395448252,-0.13039942307050012,0.07106173379238356,-3.4689345140273,-2.435340482506872,-0.33148515575143733,3.0493633386125047,3.11533507988133,-3.5602321785734006,1.9625447368908624,-0.5119846143261064,-0.672242282110548,-2.814847945990973,5.596762284110035,2.965687163236055,-2.3996822552914807,-2.091375975528816,-1.0757344237407502,0.25017823678592954,2.350927254540295
2499,-0.0650823197555166,-5.4906635333641844,4.106177888621186,2.4192344613857664,0.017333658803914798,-0.9870001556904793,5.156737103447252,-5.096951817852808,0.4836593254525745,0.8889064965947924,-0.15430702743614955,-1.2780440802050421,-3.0702612981190196,2.3843790662322633,-2.522402922100925,1.3385136551268388,0.7940674064106013,1.0757040924508736,5.607397826334868,1.1043775045849156,-2.4836731919919544,0.05539550489713729,-2.819586596746145,-1.4639110470789483,-3.69509519150758,1.1219528438438608,0.39840676475801473,0.9921228247202585,3.291263707800862,-2.1086509496141925
2500,-2.457289646529075,0.47759269589423425,-2.6702531332919683,1.998062313333488,0.9424776440223361,1.70941012657166,-2.710906796864627,6.039921831911553,-0.08803059194410956,1.3680217800884158,-0.040491439535237816,-4.568514783655367,3.717214354398518,-0.6917148107443936,-3.66320356205488,3.0453363087948766,-2.139048374478591,-0.2685839159148724,0.863687224137891,3.083947241594828,3.442459752594459,-0.46315852721993345,-0.9589384786698982,-5.967997212437471,2.7818993580247344,-0.44702296568613065,-1.8645113912122255,0.08765333726825109,2.1492950276707177,-2.707313366064138
2501,-1.3042887828914758,-4.274795168981331,-0.7191366478382584,4.852227850151419,0.23277926648575997,1.213213483074524,3.420828799157512,-2.1524246140828254,-0.8476584859689478,-3.0122690027212453,0.5739260157725603,2.017597287843568,-1.6941626970596193,-3.4595231427804087,0.9051186608354236,2.2522187638021016,3.011055594124233,-1.0147071789210802,5.886787653471178,-3.1045471529762505,-2.9973800341793826,-0.35630721842558977,-0.9774259576560382,1.5488727097659343,-2.0810164762988386,4.996242251557483,-1.8789386801891474,0.35800494650731896,-3.079318507520595,1.6850264659449934
2502,3.1604649612476905,-0.19849736440476207,-0.45041421744677024,-3.0991909695457487,-0.09551094278022543,0.6831485329304474,2.4092301811088603,-2.1264125749068974,-1.217706713062392,-0.021499932698125335,1.1490960594474489,-0.19270701988824257,1.4697281542876226,-2.9761214786645045,-2.231355010676129,2.8579514140286193,-1.8491205772897228,2.7289174983147824,2.929440918315507,0.6426297526223301,-0.46289709735106754,-1.1627771237176199,1.1403519715671244,-3.0867484214363614,-4.345843048090465,2.2560617760431043,2.6272430969689786,0.43163362843548114,-1.5172188349293556,0.5481233815735003
2503,0.793955920675721,1.2109039841316651,-6.15983604934959,2.9015897501160985,0.31237057643751065,0.9410158179892409,-6.139917426917627,4.203292302626284,0.11274466581333886,3.237328826157704,0.7545118951540672,-2.167960262833134,-0.4612955345974399,-0.22897612149121827,1.8127524677524818,-4.224707913310491,2.521475674257651,0.580751427389675,0.5305621891305989,2.1223799687070404,-1.9309225235581007,-0.6749517527922562,2.3110098756162945,-2.3580777571036258,4.350813470531232,3.334930762157807,-5.135202034033096,-0.6822229128904223,-0.08886433733320054,-1.7794549484310824
2504,-3.1232032469537288,2.3646810921338144,-2.477314185986664,1.995334408095605,0.7813555348545842,0.4591463978570278,-5.601793184636026,4.332689349542623,0.09480585015687293,1.0695919739694304,-0.14162013176567356,0.24632614273341602,3.88937192965237,-2.7768227757219535,-2.71588203557336,-3.862564580989556,3.890967192518307,1.5749302701148657,-3.126512871180573,-3.402353755031843,3.3328938313550296,0.0573992498771112,-2.0619922380286138,5.200565783008848,4.637810897135655,0.08039444603876689,-1.1969790621539254,0.03239247877844953,-3.4801203478442417,-0.07349841195345341
2505,0.46687503816417575,-4.06655716791699,4.984341210873723,-4.414092675721342,0.6197304298879986,2.409703164713047,0.2747893227092497,-6.189794991497514,0.4272374492055597,-1.5062486437291192,1.129615863067964,5.864401000244502,-0.7193449857297765,-1.472061301188635,-1.707466145966185,3.3533873723252867,0.36227009339891936,0.183214967161069,0.17281608411175853,1.3908036191269257,3.5159020928672255,-0.6417309867562011,-0.2523642415400893,-4.185426567809692,-1.3336850616967446,3.0984274490228785,-3.9682147362964386,0.4977560678563062,-1.1634531839821385,2.869169465097414
2506,-0.11172345796990335,-3.250987339254081,1.161281216994702,4.623876826827736,-0.9303924897324805,-1.4920547568653717,-3.187440882578219,1.2962736443565923,-0.7695894976267326,-1.5798163295124557,0.0677354905916907,4.172837574769773,3.9652528273649494,1.0348692864088846,-3.7143444407478547,1.6874211126235963,-3.309404232971019,0.33620544732207414,2.0592678969783513,-0.9778252946719501,-1.0625643337096111,0.014524724327618088,2.291714274999615,-2.3251172679241066,2.6420814369078656,3.880488508782147,-4.134069420020214,-1.1694594696257194,-1.201963385582932,-0.01707767045988362
2507,3.0357889942059764,-1.3805756986659823,-4.728343228726295,4.192842855811932,-0.8193330788799251,-0.3003798437450591,-4.376351513843527,4.187166311387362,-1.0846526847883333,1.8743471246830623,-1.1929661141720427,0.5924568767341363,-1.3252527826474694,2.3761266589933996,-2.7610216195740573,-1.9873374302540494,0.688203701844202,3.0092814716385874,-4.245611482867538,1.8453329791312854,0.7157911181009915,-0.7224363656441444,-0.16389257167297622,2.570816322952279,-4.190185504145894,2.828162859773201,5.506430317838586,-0.9087516658159576,-1.987699254339521,-1.2479567533091576
2508,2.261309360373204,-0.23214531518528503,2.9785883174622683,-4.9280297806571625,0.9991822295866593,-1.0789048115790472,1.7296645106859252,1.7104070296119787,-0.13451278699466407,-0.7677875058352353,0.2711283590315796,-2.8088996064989082,0.050464886436923706,1.5504730951673835,-1.774016228267799,1.000033720075841,2.540505660543861,-3.367461133955638,-2.124338331489742,-2.968105201774998,3.704424004385153,1.1330053931695439,1.628778887836022,-1.3737647521260783,1.4571287355961857,2.741309511138418,-2.7832670450960535,-0.9510095053342917,1.3077948353964857,-1.7719565316994768
2509,-1.037243589433798,-2.358433382724993,3.1801397739658768,1.9882184590543979,0.4209007964981444,-2.193582057358994,1.6941037058615969,4.674292712069985,0.4695527267028323,-2.138212536506865,0.9995316502546601,-5.699268258381544,0.5260515544616702,3.685795519054899,-1.3949540209483242,-0.034077390003258046,0.09590482269574352,-2.878720485260155,-1.2798585855016071,0.937314691716157,1.5254005868525446,0.038285314629622924,1.1717649512043113,-2.3929069589010936,4.633316378238401,-1.9274151545716691,-0.6144090792593246,-0.18492159187951263,-2.1726967081568116,0.26612615563016995
2510,-2.4321002977300665,0.5022571304054004,0.5604122101487476,-0.243213521219257,0.19706515171436934,1.415579326681426,2.9803634848056433,-2.7752398775272162,1.212329859981243,-0.5623950211411692,-0.9508904430828036,0.09583199696498568,-1.6001582333502071,-0.609270393299731,2.206348380150068,3.470097154337452,-0.7917173105319009,-2.675299597305079,0.9368217957472247,-3.1328792061065585,-3.5310670381048315,1.027396883088505,2.0280899894435453,2.67163757593206,1.5251957489264285,-1.298762381447446,3.5743536813949213,0.22470975742809962,-1.0022871316247173,-3.023209674676041
2511,2.383222552598447,0.32808356152717977,0.6786201193545374,-1.1563539435387398,-0.28048701881374294,-1.9530852711270459,-4.10873480003184,-0.14571501312141422,0.18152305526604895,-1.613964234803575,0.3056110827744556,5.381279909917012,1.2600848132170448,1.7160826994671616,0.9300079493891289,-1.5707429071495334,-0.4334503504909506,-1.9019822044322385,-6.010742477664383,0.043411665957775014,-0.9097853656359298,-0.8008648169794705,2.6043239920059733,5.073657002316011,3.9456030173721928,-3.8161285695935767,0.04691735754977344,-0.3256351229050862,-0.9692498663202862,1.1184931838982521
2512,-0.8624074533369619,1.4673697420625622,2.0468485973612367,-3.3195679829535543,0.8331689494598478,-0.16541185259250746,-4.97285349171808,5.3342369569237675,0.0627327301212901,-3.600742971376869,-0.6432529367719875,3.819879712822569,-0.415946692252227,-2.2772026987001475,-1.2534304520308872,0.8361292228569823,3.062902340928762,0.047548279198149856,0.2041695343040857,2.3833224986718307,1.721024610115876,-0.0677133844019302,0.7475331642075425,-4.988336422897447,-1.8413149283643016,0.6631568855803138,5.852205265677579,-1.245108260365945,-3.5373784986910515,0.10843953616468305
2513,1.5303715886266431,-3.468193196523309,-2.857076147231446,2.0567697640986573,0.608655305820168,2.1294726852098655,-5.149263899719262,1.5408065270660707,1.2226376902821086,2.647817551958603,0.7581560543491097,-1.0201539239359718,-0.672950398339907,0.1625744323940097,-0.5622193882002584,0.4217438640955322,-0.8693337386534417,1.520185228704701,-5.3019074888039555,-0.6362971195988667,-0.21561581550914433,-0.417560020178537,1.6081254795393534,4.963254964551108,0.7180540629171119,2.0977723885206885,-2.8991829170576118,-1.2465294566880254,3.6324891953798755,-2.302603273070771
2514,1.6785443521618824,-0.4175733699178572,3.7856686268832647,-3.8324987988044867,-0.5631112469733,-0.6510295633489189,1.1477625617098752,-0.5954944058228477,0.281854951689394,-0.3167935364022938,0.8629426599107983,-1.3802722310842306,2.2837328786064823,-2.2609551370368397,1.0128906494737215,-0.7783916090546157,-1.7500003640216963,1.4927235820335838,1.7023225786752931,2.4455815721367067,-3.0371426854067494,-0.17225440947834514,3.162876425126221,-4.101383481053215,-2.0436259309430476,-3.7427791863384066,5.530758688360695,-0.42845648044150586,3.2589548520340514,-2.574851942670506
2515,1.051896665572901,5.1920273579537515,-3.710466008866451,-5.1540673950599825,0.4401275898760355,2.1804817905243414,4.2573290900047525,-0.7064512159746208,-0.7664636418949105,-3.2230974422836365,0.3298828111242509,0.1088003990248616,0.5416213748941203,-2.098318021745227,-1.2601002538420545,2.154790236599112,-1.8221031363067919,2.484109800401459,1.866271137502146,3.2993629711411714,-3.9427993264640264,-0.8011613149112966,-2.8592365978419743,2.4375631305739276,-4.882588649237606,-3.541827252271325,4.186715543611147,-0.002565466172568698,1.8612174502831387,2.3790483737885104
2516,2.293336734443862,2.173808717085393,-4.628747868985084,-2.448637693873515,0.712882736175136,1.897357375154792,1.0287761533073656,0.42074910696473466,-1.224516541412874,1.5719515450911707,-1.0025037724724877,-0.7944564914772556,1.0606080341646518,-2.3013889719375964,3.4990658416312854,4.188186380180365,-3.363575410512704,-3.0828958735253984,-2.305177611160886,1.5487248539185856,3.1959754038095625,-0.6393353088015425,-1.071266478630605,-0.7289208591351723,2.971594416850486,0.9396257868404128,-5.23017559251123,1.0902248756425452,0.08292177655884458,0.14580873662021254
2517,2.361392076941595,1.3617816076801184,-6.136137398686358,5.384607255239619,-0.7050995933714301,-2.2665439478029707,3.5014657520817707,-2.108061840792626,0.1135081216474001,3.103725514734709,1.1072913877216726,-5.717928935392269,2.0267130929417227,2.0068572214910247,-3.7204072887569914,3.031717495292405,-0.6928536858001948,-2.652026835167341,3.1829550157946898,-0.6244058729279498,-0.17802092446533457,0.9468732574964243,-1.533238614494092,-1.7941628614038052,0.87696500269222,4.348952275815705,-4.848244165233023,1.0756971387476462,-1.042679135107944,-0.4106911169133358
2518,-3.4421074939179714,4.485520822426615,6.202541917428178,-5.618444095962875,0.8664341835678737,-2.493945333541209,0.6869117181988642,-1.5426886230131984,-0.9344439108354754,0.01954354358244892,-0.5159951050436833,2.286672377111664,3.95068841781627,1.7663156434383538,3.4118747325859964,-3.4723089337113677,-3.31077075818159,-2.345799101947044,-0.6337897370606207,1.3542450534280945,-0.8344090267913629,-0.33635058437744547,-2.1048975659968807,2.5552018607981637,4.376459349820429,-1.5844504289688466,-0.0838030423750169,-0.1973008631387172,-0.4917743547158562,-2.0191306606207124
2519,-2.1979046534406272,5.38712300575996,1.751974304164797,-5.22884087252487,0.3556323161457611,-0.06798410010444478,3.4697891123310107,-0.9856846198940943,-0.5424808122563674,1.2892347211449362,0.2881016477602998,-3.518960049085159,0.677366394939984,2.863663756633212,-3.456220217603885,3.3901239832242283,-2.458891697740585,-1.0160422194523484,-5.654749131293315,0.09785288834520145,1.276507677939847,-0.21722650754432937,-0.4307184568930751,4.928333529445634,-3.0954399706773117,-1.140301751314496,1.5689978312531352,0.5680941485367654,3.4696174261330412,-1.3709676839298446
2520,-0.6084952741010952,1.8037361012811282,-1.9907572766081358,-1.3976011316351027,-0.03726596577880015,2.2303835468425977,2.0745041081746827,2.7484349867884283,-0.14795735066933258,-0.5536778160264415,-0.9384188840790655,-3.182885044187614,0.34383907910981293,-0.3523703908638467,1.3283087567408707,-0.1807977017617297,-3.486646846983012,2.347667103758514,0.3743551746509475,-1.9028625690922443,-1.8802045554278344,1.024596580927363,2.802073086277087,-0.41795771733535503,-1.937132545151524,0.888133273875706,1.5643023839139154,0.807797531033537,-0.13047705968645218,-1.1926235839838562
2521,3.441242286584796,-2.1637220096767606,-5.690772769927143,5.777360253997575,0.6309392700330907,-1.9950470310109694,5.198502856255583,3.22718507591134,-0.11987578220801609,-3.629946082932287,-0.08203661435067033,-4.593829452675262,-0.25657365823813194,-0.44907971071778263,0.8635334792394502,0.6333305802278062,-1.801426549677764,1.010215859167058,-2.3630818115738315,-1.6082385963353012,0.9464394153480526,-0.4759845936455953,-2.451278633628469,5.952144219835105,2.969099266519894,0.8484761789959236,2.1094068948312596,0.17670565447503606,-3.73664634742172,-2.3670416473990876
2522,3.3951430055722263,-0.7783435173927415,0.5580224136024583,-0.42947539374452504,-0.8900420353381322,-1.855304472698693,-3.0667733159745865,2.364586579712796,-1.236768974788312,-1.1038691643124743,-0.24705040145673607,3.2898752768200197,-1.0222953234358876,-2.553359401685004,4.1747276357487415,3.5410562526393505,-3.849340207841239,-0.2907889554252865,-1.4798734072407953,-2.2022635257307606,-3.623202877680175,0.2790311309490585,2.073474345657287,4.9528343340453596,2.8707647362044924,-4.578690029412499,4.548441461355893,-0.9891254838643047,-3.213347468160306,1.3619567838780426
2523,-1.9052706448214884,-0.10317747204332406,0.8960517381423578,0.87881872020575,0.01577553955716482,0.21780211896013846,3.5795531752940413,2.0624767386234986,0.07198167091813801,-1.0913704398980393,-0.8269407829945958,-3.7957003619423304,1.8339161606938568,2.668267743021037,-3.731873229845288,-2.446701260689011,2.517401076831998,-0.8410104900118895,3.1377992907750816,-0.0066272551493629095,-2.4642767869747875,0.198950399087086,0.5307123866366972,-1.3965580343747668,-0.35339498859008955,-2.9771510560094434,1.1578031450526538,0.881019688898836,2.9909762190605846,-1.6992530084112278
2524,-3.324357392213951,-3.3463310484768733,5.5577940750022385,-0.8371215172053645,-0.10451256181480639,2.054528444709293,3.919194345469446,-3.2234129603877513,-0.7863022560820028,0.4898245635239107,-0.2907977838908762,-0.10850590863199727,1.4347334076515637,-1.5271407005808708,0.998828724717594,-2.437851572603849,1.2257346171726269,0.30569552364362274,3.7522061930632375,-2.9492893076360716,1.0196921938286607,0.5071042571717133,2.2547692840236326,-4.584482620451233,3.5934560322197484,-3.601534323393807,2.4810574530153673,-0.3789012812476873,-2.8598221841699445,0.7657443035776392
2525,2.6484039087965456,4.375340046386114,-3.6441947451696244,-2.507462026356876,-0.9988704113226938,0.12678322766703687,-1.7912608405083432,-1.9641772773769084,0.2551924997794206,-1.0449402437720074,1.174581202239236,3.3706046596393477,-1.9258777321811333,1.59196150202051,0.417474381820476,2.7084338985415,-1.8792821331530085,-0.9127099170476587,3.1734780739622934,-2.3767031592813037,-3.0035485264535993,0.8174763640271028,-1.4339530978972004,2.8232503456426237,-0.07041459617063595,1.8663160740327456,-2.4473253809773183,-0.33996300950719416,-2.4759553688817775,3.467342281505484
2526,-2.7980950498576593,5.309193567395539,3.8738077448801,-5.448267879667938,0.6725414897112754,-1.6091798724608033,1.8568270960617532,-2.9023698947968306,-0.28333432650838386,-2.4790076366264007,1.1401181445761859,2.6677666172944363,-3.2208982517187916,-2.2635076299358765,-1.3895831475723295,3.1462925562064576,4.139002220195149,-0.41130574717394985,-3.5938398335893034,-2.0141141214826934,0.3540705989970512,0.023812823468444044,-0.379683900084931,5.609754432691332,-1.729002241675289,-0.47180243766745633,4.847914600647908,0.9403696002977693,-1.600313592480937,-1.9871659291206694
2527,-1.7427038821642657,2.15191735410124,5.030838104784248,-5.337589747027426,-0.8313994442636656,0.7289376145703894,1.7435497211261541,0.40373806191927386,-0.3080667811324993,-3.313659853519555,0.6907167220422714,0.7837221295651133,2.6992930153397054,-2.6871120688500127,3.049921962368007,0.5014376641319203,-1.8941575671620843,-1.6693830058268695,-3.6797750722036255,-0.5005113348594872,3.867546567903222,-1.1710698164698758,1.0200771180641741,0.46373253756548394,1.0845150342337355,-0.40585082766948943,-3.694611699406231,0.627480878707046,-0.48106884081768087,2.86953545495388
2528,-3.669396984885413,-1.3836209368810408,0.26119855972362416,5.975162200464858,-0.19687875101450425,-0.9864640874070023,-4.275455999760421,-0.2293433285290476,0.15053876194771476,-0.950330469039768,-0.059311339527659435,5.363902374909927,-3.2945466163083346,0.9537696302828458,3.3028687583382386,-3.9161540357495106,2.0346670680281775,0.9193951954092547,3.579468746844981,2.4937592537534172,-1.0550495328134293,-0.012384554325300279,-0.44265660932111395,-4.563137304138653,-3.35400515983185,0.7042871441963037,2.8471391983698204,-0.9440697461695349,2.382158250212669,-1.635509686776171
2529,-1.2667375747969185,-1.7404649126199416,3.8170958540422824,-1.0774674768461274,-0.29715840887300793,0.5647325190942407,3.251571608694796,0.08051670799089905,0.018011037952181397,-1.309886211258105,-0.08193782496959301,-1.9582753184094166,3.906853924202153,-3.58419841474983,-2.413798393825987,-0.5965557944282409,3.992839839498288,-1.3051411606957117,0.5728564432659446,-0.08369213598312619,3.7430049954389943,-0.5494945933962807,-1.8017327711123698,-1.8809419382132795,2.8487532770759216,1.7357871765119377,-3.9525282143495843,1.0975285081017256,1.4597664301581652,-3.189307177496927
2530,-3.6210976238873283,-5.432739048744445,4.787808514608077,2.460467299256077,0.6520684311523883,1.1534924276157668,0.2652388933053089,-1.0039689981298032,-0.825030879971199,3.1554445956243065,1.0152070488056824,-2.60689065963356,2.97834095343908,-0.8650031839068646,0.7257956051505303,-1.6138647093064566,-2.212780557318716,0.9875118919430612,-0.2286143954436497,1.341907900129284,-2.480816167167859,0.10323059274259805,1.579165765724154,-0.31487369598465875,-2.715652903201871,1.556939611594899,-1.4808681054960324,-0.10170422769068654,3.451142733327046,-0.7098571085321232
2531,1.7779818766127704,-2.164195638474858,2.898269864795317,-1.9654865136903155,0.884860961860618,-1.4314305511030216,4.728092273302778,-3.423257423051002,-0.8383630164121252,2.3514065551729892,1.2389042681421074,-4.056782657154027,-4.229218653391749,4.198191854669325,-1.7304687412196333,1.2659663161095196,1.034028212584765,-0.5384989887515736,1.9358253985124847,-3.119928644420284,-0.37394438827525533,0.1540384407411599,-3.2267068906995373,4.63071608414128,4.662985774379798,0.0973385848606938,-0.4969616019810985,1.190734946934616,-3.1313396832746268,-2.322758020918137
2532,-0.6796695451628683,5.519181446520221,-2.722777242836692,-3.9343271293366016,0.45140207576683045,1.3661903950496441,3.2314463128966757,2.849668192328121,0.25440461189103925,-2.727494833611784,-0.3974293340468087,-3.210594949456528,-3.0271963803442237,0.8118599438751488,3.495234695896631,0.6177035127267203,-2.58240507684663,0.6848033046930002,4.212500637069514,-0.5001056044376408,-3.637806149435928,0.03236809747119107,1.2536391033562442,-1.3605960840235412,-2.738762389091452,1.500048804049129,5.052900581348091,0.4913703765067572,-1.0088241527548494,-3.2967332200564297
2533,2.4612256657652587,1.7040427056760876,-3.3738271743611747,-0.5652203864613874,0.8173428922534791,-1.0435637028717455,1.9264808815640357,-1.6934535103458366,-0.3232776703227609,-1.3777561229161375,1.2465508289267166,0.2214555930946709,-0.25708676655651175,0.30690525444497396,-1.3680629736278807,1.6779143084462866,1.8705830047330707,-2.2302528274392834,3.692976835989274,-2.350561579467824,3.4208966436431005,-0.9121368658569216,-2.0770786790924074,-1.7740963552153524,1.1633463355864677,-0.11294717398094178,0.3784533158699759,0.01708463500007973,-0.8246143814919069,-0.6213227309824294
2534,1.8414470960368803,-1.812454308234571,4.779708237959081,-3.7675303674310676,-0.9672517831124312,-0.07391887521738205,2.895767474998788,-4.767278324677019,1.1230966325719276,-2.2544002389664417,-1.0979966999096251,4.100811155983042,-1.7020775701121735,0.8217073934493015,1.4943796337795625,-2.2215779243770104,2.2654163226368063,-0.6578478553758256,0.6031617157883211,-0.8121705518978377,3.379267800860074,1.0075772639111955,-0.9527768284234241,-3.2250594002384467,-3.560622541541459,-3.7642309012104747,3.8811911466219833,0.4914547861213254,1.1889803816008566,1.7632271284090208
2535,0.1710109435833207,2.8252907842739887,-0.6953715751185676,-1.7925318576982754,0.9604208730113606,-1.468819168051315,3.861620907524813,-0.18985847693539526,-0.5584935034836729,-3.5700538002767725,0.5592894454213457,-0.1025045722496678,-0.575181221518104,1.321596732095788,-3.949314724251682,2.5615300563184498,-0.7393608638661959,1.38073002122238,-1.3493778984841072,0.29562029913962995,-1.6292976458630601,-0.31503187905334595,0.21039942032511938,2.7876877039356316,0.43260783318984153,2.9635437550640162,-1.8389519871249185,-1.1725876209654675,-0.7190222915719513,0.33441031140973543
2536,-1.4344513677259592,-3.303639736714672,1.7987237231298927,3.5374863155087155,0.6111263314869255,-1.2092452656843804,1.8491587833581562,5.533471775868769,-0.35203187905062716,-1.812370126509851,0.10204929689760789,-5.3202778505634,1.8660255343366963,-2.5584105449825447,1.788783978340593,-2.0145523804577294,-0.4801082274004038,1.3982616401640264,2.065658081588918,2.4158735759114585,-2.9385843840100403,-0.8584730989006832,-1.4361519607046365,0.7516777861148469,4.278012639414484,-4.6867330455700404,-4.69496005734576,0.8256372668693279,1.7516293890741856,2.52641380755907
2537,-3.0852550229614017,2.1504494752154777,-0.7021825187482555,2.3849415053267506,0.7759299726338988,-1.5238834114659632,5.045484804029034,-1.9569630066718737,-0.19004764599321256,-1.8984156377981947,0.6623085272884879,-1.6623670408536206,-0.8456305456048057,2.7374222210496484,-1.0121128498470213,-1.7039501831352393,3.5142524793718977,-2.6899811218338527,1.337517241876899,1.586215649874184,-2.380377861437289,1.1089732298638602,-0.42003927249330886,-1.232288987684477,4.844677730354174,3.342825000627492,-4.2922546958193735,-0.2492277880197742,-0.816881938409276,-2.829138308731972
2538,-1.327917477514843,1.969345523285483,1.0145324529803936,1.2912108013825438,-0.9144679773368982,-2.032703322796179,-2.611065059536699,5.49055385959803,-0.9872882034702197,1.133512603259689,-0.932151415190102,-2.0935617846600536,-3.4682103646894245,3.245800436963748,-0.712117479797655,2.6845404070242864,-3.855251342024504,2.1052383425241707,-5.789385396035371,2.9705327865745375,-0.632492380501871,0.5258624829190675,-1.2579356313167054,4.183418138360185,4.196921861402814,-1.2573034384657795,0.21593083714355998,0.28029532497223464,0.27072040418029,-3.706564989231886
2539,-1.6671538855408539,-5.1739334920921,5.065352435462611,3.7043464334734857,-0.48711257257289864,-1.4414989187297387,2.9911136740938886,-4.289939364451211,-1.2453213445315066,0.6579637848146298,0.5248959124875165,1.361287337587335,-2.509578258432283,1.8588646952871386,0.09301708160547051,-0.594490861654748,2.5947064133728404,-1.4425190701778021,0.7032148172360664,0.9517399958878201,-2.6725490440924204,0.2974741048351186,0.5698717536239108,0.1502483725093633,0.2939030581588824,0.33126105002305195,-3.169294683013973,0.6717214242813156,-1.7188861017163113,3.5912952522682744
2540,-0.7277330808362859,4.255310941157845,-1.7954297141105577,0.15463525172443937,-0.5398436744202024,-1.3469397235147564,-1.7111095791078696,-0.401098113300673,0.28566676033586,0.6347163625679961,0.4269484640040755,0.7648761055012621,2.800331640513839,0.16009590304279442,-1.480035341114208,-0.754146386852824,-4.0708982754367575,3.344652459847765,-3.9833209034110055,-2.0721387560144073,0.4694352295255868,0.2144709500285087,0.7945770915123109,4.576976388358876,3.9962093130491496,-1.279078386224196,-1.7227736161938765,-0.5978672624918921,-2.863985233852878,2.4674951857149203
2541,3.0681181400275968,-1.2576279475023497,0.7770458347877138,-3.182153293591792,-0.8162683629339074,1.4108856292131868,-0.08255988826973137,-3.988722041021866,0.8714124752603025,0.2949055226530941,0.6252821467716707,2.2796817846072024,-2.1147261114763136,1.1782676743720408,-2.0077622725098987,0.5360515230154164,4.1354964015115065,-1.7273272149121315,-4.178728349190326,-2.9993912659338324,1.9303519572540537,0.6047981731973939,1.0398992711231756,3.6030702135493975,-0.8657837319503194,-1.0052025342075872,-0.836844508626772,-0.6772900023389168,2.104777728846088,1.28034304827872
2542,-2.8558129914393806,4.3635360665195115,-2.4744862989040115,1.8379603443681454,-0.45773851393390586,-0.4134586066099093,-2.7653667769805423,1.9429286704092839,-1.2100564573470547,-2.490995829540905,-0.7540994910343821,5.277589884494297,-3.6869779729583367,-2.9521412728886958,3.6270123104336527,-3.284751866279265,3.047054231236146,3.2498045704571155,3.4182880328817475,2.9172320121967097,1.3041818295591376,-0.5310247494119018,-2.1567507246138238,-4.951926400612042,1.7747932153795318,2.517201293704648,-3.0131010351238956,0.9256134429315024,-1.1819576250046282,-1.0225492918859285
2543,-2.006534645768804,5.32601332368499,-2.6109331471282466,-2.5154001591112554,-0.2892882362666176,2.096142864590359,5.795193480240638,-5.868629654362337,0.8203114542543188,-0.05987914186019516,0.3711629908484966,-1.0581591291202486,-0.7883096841987154,-1.090340949779094,-0.6198722774522594,2.699400757590027,-1.5981603534203117,1.397282507260993,6.207880030737488,0.39664582124114744,-3.3063863099479747,-0.7534937359209364,-1.4035956254589657,-1.1410501806509181,-0.6530369732472892,-0.7672767043619579,-3.6270203050634287,1.165036712233352,0.808221004118332,3.0740762663222228
2544,3.4348596313356303,2.104140422837105,-0.27632312382186797,-4.415119490196439,-0.4581689759187708,-0.38938846423522655,3.9303385385415197,2.139234646517,-1.0169044608598736,-1.7884337253590115,-0.5221583694182801,-2.742076629420705,2.127373246798534,2.898571772970641,3.7125209665315175,-3.0187032046048294,-3.314710181137647,-2.4050526005575623,-3.8689842322786028,1.317260519132363,0.748106875518797,-0.6783068140429469,-2.891716898240949,5.37364054991118,1.144131817450944,3.3209098801700776,-0.02589052402039016,0.2703791982101986,-2.2372294093315688,-2.4723009624780534
2545,1.881076857048214,-0.011644195433124338,5.989461488146489,-5.615111847051288,-0.670916457061385,-1.5728658456484883,4.9239273861211,-3.760967329830933,0.780923845343322,-0.2546655458294236,-0.2815472943370878,-1.407671061466349,1.5648677913864972,-1.2204126679607654,-1.4462528629961984,-0.8317669160775765,2.756932991812292,-0.8233683361636057,5.749529130793082,0.7144155507234036,-2.1397617541602703,0.5958073415196043,-1.4884567801212345,-3.431533488754752,2.5270984315658076,0.2142363657361166,-2.465712171841787,-0.2977994857646582,-1.4827765081062374,1.5049533684119503
2546,2.948349420699895,-2.585150177605982,3.902972112484008,-1.811119124694148,-0.7533202032546549,-1.7017320276287506,-2.2540261700174575,1.98277611947562,0.8519026192163359,-2.710299512287378,-0.9695948822268106,3.099241825840334,-0.9055605376331535,3.507606485139437,0.2890516195179913,2.358918100530339,-4.017455727839531,-1.232559939714445,-2.3216323466128053,-2.191598602890597,-0.36453414114120264,-1.2437746012874462,2.32554545155787,3.7959942403740037,2.320540813085099,0.23969638900697632,-3.283457742457635,-0.2235978705432835,0.6708613962093573,0.27595701470069045
2547,2.6662898067063203,3.249960070305143,-1.6788047295019553,-3.1952499683776168,-0.47836381501357406,-0.5638313641179522,-2.925739978170803,-1.7977258927569082,1.1519648267915201,-2.333801654409486,0.7264773517729006,5.178825346773419,3.15262449462735,-1.5886403241961506,1.8424670476583813,-4.03922279237681,3.5046425377031056,-2.87187096341526,-5.134675767457075,-2.2713887864334072,3.072078581728249,-0.25167337763168174,1.0887902538677263,3.496869095926023,-1.3362640555819496,4.356932521894969,2.26262650558386,-0.5152891230856058,-3.2412594651247026,-1.5267463836853707
2548,3.2283790026000716,-4.844580409398805,6.190115538708756,-3.598909384613197,0.27457894615431977,-1.2495836934507878,-5.53656855917399,4.03296531324073,-0.7787854256280511,-2.0649380259683117,-0.26303896989857467,4.610365667428834,1.2488019979705065,-2.545725255489664,0.7085663794635657,0.23062866056224607,-2.2637598240682415,2.621488041562163,-4.063675728698385,2.120851954166671,1.1301858923875585,-0.21237672775721084,1.5304503432287841,-0.5054357333276016,-4.7568882885831645,4.587268564771392,-1.7845194709643621,0.41079021375229186,0.6097936272940334,0.9335553537309789
2549,-1.8117438035782545,0.3589088634079687,5.286627650782663,-3.359481520372622,-0.06864968102237712,-0.40566150921701194,-3.139238311864524,-1.9918393887887014,-0.9936772625596504,0.24522341157952354,-0.0637023990035992,5.943233950637612,2.5216025181661443,2.8553113611810126,-4.1728994691460795,-1.5733105061810697,2.611280637472561,-2.2419845414919806,-0.46427331791877435,-0.0634686023812776,3.434154765367129,-0.7486845005831304,-0.4724455363274682,-1.6852828081566358,-2.4276974433286114,-4.137044242634243,0.8715705985676223,0.19405696568737163,3.3308147366459053,2.168299385063108
2550,-1.9209860101411174,-3.3597590630933105,-0.5112425466522055,5.616375510306522,0.07136780158233869,0.10424430799816875,-5.624095691740159,2.026191183723366,1.1855924552915527,0.5672056447328391,-0.009412311905288462,1.8545187198983513,-1.6125443969366362,4.010118576132122,-1.8136203056779934,1.047280834964269,-1.3119004894244082,-0.31933421905675274,2.6946854121241337,3.0648883490653986,0.41735342624816596,1.0262742394318698,-1.4116566978848368,-5.791544728984881,0.0244346038714518,0.0635338103212355,-3.9198868876674595,-0.6376947318932249,3.6936891302244845,0.7759240751446672
2551,2.451449624928678,3.5927936956389814,-5.819518613631605,-0.4550201549341715,0.9397571372125935,-0.709461689214038,-1.0436100132684594,-0.10609779759145255,-0.7182078480554761,2.1211675641685943,-0.31835055043918814,0.06509864518663733,-0.9347223646603027,-3.326087242939348,0.637258050068997,3.135922078865388,-0.5257960018478407,1.0134254805137033,2.9309096925372735,2.2458823147017632,-2.784082547571188,-0.2841579174145332,-2.2841065070080884,0.17555496475464594,-2.8738477609587356,-4.599794971798076,5.6259226211396935,0.23294570284131844,2.4972011196360278,-0.882426710859054
2552,3.1026936066070725,-1.5785405694767718,-2.5683591936765247,-0.375664234292838,-0.6134481695030292,2.033318560342563,-2.841998616698529,1.8234455246391583,0.32469929025748545,-2.93412357250655,1.0744137239489824,2.5535636503601395,2.3598069346825667,-3.479778127337747,-2.3816090637530234,1.5284344703763466,4.117379921567611,-2.144234135535168,-1.8137199029673852,0.048357283147458574,2.04582706073786,-1.1546701150602816,3.157479883950785,-2.283274209808571,3.4738052392650154,2.7801936237093408,-2.226286615683076,-0.9416957602432392,-3.363704291980879,0.2776878049340148
2553,-0.8811637664562397,-3.3277560070312866,-0.8241870748273108,3.7344386211972846,-0.831358882448263,2.1300271095662797,1.9749563506529668,2.7358547411035943,-0.23637778449785696,-3.410680960269749,1.1573576914334716,-2.2211100384216813,0.6701376389069225,-2.957280097460526,-0.6921808484695156,3.8722845473401897,-0.11804104616176758,-0.7749201941546779,-1.330881049948431,-2.7651899296703917,-0.5813586063774174,-0.013868084213828347,-0.6619596080601724,5.3532572782700925,1.882062564764862,0.673444552304737,-0.03639572420277659,1.2245553697387201,-1.5484054785632964,-2.1952612840410826
2554,1.8458431195458367,-3.5866759275611244,-2.6092517360486447,2.9439528961378407,-0.24186191632664844,1.6479935642532215,5.066994729122669,1.248330655204878,-0.03547474326934896,-2.693196117832551,0.11692347342715426,-3.703577996652072,-1.558332803078775,0.6780327569058819,-0.8746677782752279,3.010486469684647,1.9065479475028866,-3.162066592738771,-3.8337345450558082,-0.1039408588245756,-2.6186497453007345,0.4987950885329715,1.4302332330513412,4.627296827596698,1.2960464711361794,-3.3721833850979337,-0.13419941069496844,1.0207006943554813,-2.3183511443834455,3.507986774685854
2555,2.4091046403674845,-4.832943324784871,5.086860112665288,-2.626009119317569,0.38903288650411527,-0.4260451954339626,2.7931536256899037,-1.6926717693314899,0.5647780717494282,3.007298481065334,0.7562224199918655,-5.428780829164282,-2.3056042796264116,0.8438965406980792,-0.3564314134926079,2.045675590672886,-1.745307103857865,1.5177706656065695,1.9648450445662036,2.9692444137024943,-2.4367109845758286,1.1269894211522837,-3.20430046128841,-0.4200674335568344,1.0145997449608828,-3.7825236523760317,0.13862188392269204,-0.768052977829977,-0.02899321931967158,3.42634822064327
2556,-2.2735545933114043,2.2056439321229533,1.8345148437053105,-1.4965040887129177,0.2604549834161114,-0.5305550772195549,-1.130241973566747,-3.317714689754826,0.5085167265966986,-1.2405575920196643,0.6599035846763295,4.5200939440689645,-1.192616880540177,-2.4498656411931137,-1.2177651127148046,-2.161824577106728,4.159234716671751,2.8628374948837276,1.0923521600906376,-2.2782518876757987,2.8884158785295604,-0.37898751763392635,2.0687446216957017,-3.3922732550062555,2.4537739390965747,-1.477262046363414,-0.5809057684924248,0.9313081446110196,-0.54803616463537,-0.778878104215206
2557,1.4401161613101472,-0.5251365964992267,3.8012593867358646,-5.303422970456452,0.83096974841677,-0.24378572950660704,3.081123452414026,-5.812176582313654,0.2233403497532933,-3.5491546997909857,1.064151392761108,4.992716087176955,-1.2750879641937996,-0.052196490738115386,-2.712710749428961,0.933218241710577,1.0981884955209011,2.0085884671300533,-2.525656310978775,0.35166057308614995,-0.7754709570156226,-0.2179728113821433,0.2961696683736701,2.8712698379166532,2.870173170458912,2.5359555076552134,-3.7088310296560714,-0.021507380595543246,0.08336600616746459,-1.7591562740288396
2558,0.9260651107093807,2.707792050265301,-4.164921382596155,2.305787186324146,-0.23755981719379005,-1.537163147508421,3.8877486715966754,-2.677308820382912,-0.45876011339716616,-0.6273220583133217,-0.21703226427943267,0.09267458477688706,1.620278469315835,-1.3118657800858742,2.0161512698301927,1.8142474967250024,-2.144949715926348,-1.993861739858172,4.402250267305718,-1.1570836473685233,2.6033104284798902,-0.6939658660350245,-2.3264130850947584,-2.8280980972873664,-0.46536729464743587,-0.7208143773359907,5.006463323197419,-0.1650856866775836,-3.52104711014519,-0.13414885439009083
2559,-3.1354193861310975,4.512376796136426,3.514678178661466,-4.895992128651194,0.23400981187108272,-0.22965327188622453,2.2626060555620704,1.7295686015228142,-0.21130898229457085,2.851686814941317,-0.5635093383961429,-6.069043151334753,3.8412782284818867,-1.1512785856422525,-0.0020229535589706416,-3.377779923587143,-1.0150067892167982,1.7048100235239474,-4.638215539285053,-2.0977786133645573,3.4979269280760086,0.545400015296237,-0.9050152932157758,3.5976825024930648,-1.6790695403614393,3.1544440668064055,-3.953429540202837,-0.4043086870316923,-0.16246876488180106,3.044832465672517
2560,-0.6381149960748722,-1.902818560767784,-2.1495814531840907,4.933051460974312,0.9211015286445088,-1.1636379795916376,0.46785126558882695,-1.3707233673381438,0.37760845863621384,2.9579022067119816,0.558651974571994,-2.991290538170116,1.379164068197401,0.9958027545218506,1.5040336714422864,1.8733114016985084,-2.7429362773707435,-3.0093756184886225,0.5384196139470951,-0.1724347875481378,-1.0155528549080408,0.14774387505074227,-2.772993575897372,3.2748177293556253,-4.194519376913634,3.7202617239640965,0.6668704103289969,-0.24719688376233862,-1.490829711837165,1.545413838221215
2561,2.5595051128974333,-3.306209141329898,-4.12600482227214,3.974438225851639,-0.7250422625895956,1.6233128874430118,-1.1258660074445999,2.7810511860584306,-0.9487191779819577,3.068538593067384,1.1389234990940276,-4.913928092792528,-3.7306532886059873,-0.38890706783946527,1.3408984967417368,-1.6442724964200046,3.5574339141599154,0.8655004419645174,-1.714598644315057,0.7361071601083466,-2.783970683874392,-0.13273013844377246,-0.7539595563596251,4.649151862884409,-2.877204328275596,4.2142630630131706,-3.250006238803845,-0.21726521496066908,3.5370544466508704,-1.4068417276227763
2562,1.0971070739294646,3.5108546910153073,-3.4466597780277795,-1.2393244640995285,0.33106358519128287,-0.2530411080083059,-3.6286214590723915,4.484871392907433,0.04543755777190306,-2.4603035055670333,0.8790964123753593,0.6795196015854934,1.2632224087936166,-3.2451448331690287,-0.1136749811179989,-2.223477544178788,1.552523096654049,2.7665518530188606,1.07428810429586,-1.1960131537415482,2.397705407395893,0.3989071423301169,2.9345481358630785,-5.609435636143488,3.656746465042538,4.336337404683746,-6.055494677790236,0.8549818077605282,-1.1880653128995586,-1.6045056867958483
2563,-0.7959869488008664,0.042666853009261985,-0.8327793948773312,2.8072895811460157,0.09593962444187909,-1.3171297149185133,-4.420291991658512,-3.281579384013913,0.8680751036834824,1.954418633124586,0.024059361044496796,4.855318277820615,1.5727677009958008,1.2540051224568316,0.8119053102601264,-3.1037387135094985,1.0040494521642032,-1.538988872366767,0.9854002830817521,-1.5854705400566154,1.567019889573448,-0.37286422663717733,2.0959218042424546,-2.690007210203934,-2.323675761456471,1.7768023902958632,6.122609671889322,0.6924425178897362,-2.6303871659484006,-3.637791652668918
2564,-0.9521711810268148,3.7069724364120233,-1.0074337919494987,-0.4034151103404433,-0.02300688126968442,-1.3209454718251372,3.76633247045984,3.668479145502893,0.11906784321869424,-2.9706929395432855,-0.5428837462091574,-4.0403027734282055,-1.5106715051883022,-2.1893796200486246,1.4763254556507484,2.451104705423628,0.07872129068596578,-0.3061003265226958,3.777046561476986,2.2236594926797437,-3.656512760970541,-0.22104409758596955,2.402789225542934,-4.525938421143252,-2.1880889427709214,1.8332800386943973,-0.8030458390238486,0.6176714258623868,-0.6685165359578242,1.2086998531969435
2565,-3.2114651421269915,1.726025471683485,-0.8362039715325018,1.3751308499203212,-0.6152752391828533,1.5617880312389918,-5.474250830870403,1.6760436203361806,1.0154742639245242,3.449530670239369,0.8947946567087408,-1.5615923803376504,-2.019754248432088,0.06891303615527278,-4.035438500150427,0.6466665210442137,3.0468304524729852,2.2927827389107343,0.19424255285948888,2.476001717862026,0.8623933489639235,0.0661320899241149,-2.020693709419991,-1.5780760001896752,-4.4236366579333595,-0.09255836551310637,5.539885948727154,-0.5665637799867538,-2.0355989794416445,1.57847183414885
2566,-3.1116783617798145,1.102776276625299,-2.556976572444807,4.1696402662238725,-0.057254187885728,0.45349257926163844,-3.5196966126584996,4.0689510882106035,-0.3339208120790014,3.1952042610231395,0.6764494764347013,-4.086987400930191,-2.47122625735129,1.887196430465007,0.3963336201005099,-2.797302570540193,-0.297718595816054,3.2827173731427237,-4.414287030936514,-1.3441756912227198,3.5526744563763657,0.20873865453009888,1.1030316540888752,0.8940179571637579,-3.1842829730819666,-0.27829040743095135,5.170151125474721,0.4909539379746901,-3.0289629182143827,0.8304312352790486
2567,-3.217912117548936,2.369439299862538,3.529760632052696,-4.572927469116859,0.8779311405771799,1.013708514173846,1.1835726384654777,-3.6531971323982084,0.8382884650982936,-0.658231077242128,-0.6475517001811992,2.9371188062585283,1.325948579948843,-0.3756944828150175,-0.9787975479037065,-2.723766823568802,4.03392524871612,-1.2816149743767369,-1.555169555833416,2.827180159146991,-0.7028003455631477,1.1907886090934268,0.12207982384517457,-1.8820786906891733,3.2267540708577727,-1.49169118294002,3.5241864608816975,0.4506259576276559,-2.897802816482825,-2.812072489943123
2568,2.4971503732775098,-5.093472880535124,-4.102155070929914,5.722839867536752,0.8700851902830773,0.10555252036819951,4.4477910417430735,-2.1663740608953432,0.9902856781321416,-0.7235487962914036,0.0762973105628344,-2.624451173250513,-0.7030688081749439,-0.8591496249558581,-3.769771778863632,3.0221208509232795,0.400749016172103,1.9091203448997263,3.117289837120353,-2.3244410764226817,-0.2627966583516006,-0.6013907490028867,-2.2392807851278143,2.3106194317845024,0.9555586899814763,4.353460347315533,-3.6453015726260247,0.9097435322658152,0.9265053356104698,-3.4999663325460997
2569,-2.6382768555837828,-3.5317909113080077,2.407483582911695,5.497685843597701,0.47312668029331073,-2.2082283399104403,-0.2147774484788556,0.9862819096156237,1.1482651664546273,1.9125993835960244,-0.8285922288447765,-3.0037767823418804,-2.9117398436160418,1.2314460238046898,-2.3233306072606545,2.443014632019736,0.37196452064899077,1.1886452744039602,-1.0778534507821362,-1.6166925679069841,0.616876492198994,0.4493982965228591,-0.9935861594872097,2.6218573894543624,-0.9402013276174976,2.511360955098308,-0.23634837656598506,-0.5152021246747687,-1.4797592657699212,0.6601501395310319
2570,3.7111191141488433,1.606400019272055,-3.802691137405951,-3.809726252509357,0.8704427973309969,1.4244554591638838,1.6646184274420328,5.652315502825623,-0.9435314455067481,-0.9776154047941255,0.05869182125166095,-5.454478901217666,-2.6198364431796435,2.198747754777319,2.088787440680907,-3.33934036940593,-0.46709521176909874,2.138736828897123,3.1116498749380526,-1.5970011069959646,-2.274066479909269,0.37133346049379234,-0.8210298568558247,1.2091141083290857,1.2256923443036989,1.3682157123032113,2.2494578616269756,-1.1853094049497161,-0.41237122507654966,-3.2456852882064773
2571,-1.4057220639601482,3.3453519760387813,-6.1321058359170095,4.771873885937019,0.04022773454795736,-0.6196256966460911,-1.1524185669341307,0.11015760753243953,0.2159170013119196,-3.0618406178259896,-0.4499249698419261,4.3381095457584244,-1.4935816178358117,0.9425766272464493,3.0807924644932037,-2.105906883779605,-2.4555610425794896,2.031680452455923,4.876089310775228,0.05196127116832905,0.06744457589783792,-0.6714463901136707,-1.9823264878544968,-2.3417222798733413,4.939353741502369,-0.9895161355217361,-5.307977394491189,0.49125992383394124,-1.9033416552373819,2.770221519915115
2572,1.936091664208405,-0.26804655550474266,-2.3037874971247803,-1.9540816789288051,0.6033512013778508,1.9864728659725746,-2.5355069263376286,-2.544997147087468,0.7100221816354839,3.492732077321108,-0.37459435799091967,1.252344172460159,-3.8314613900351286,4.1019746795244245,2.942310240786238,-1.8651097526046136,-2.9436879755179035,1.595974197847653,5.768871289013198,-3.3946753650218007,-2.134695131542088,1.2487133397291945,2.764076432967034,-4.25229056514565,-3.5991948256626287,4.932446532563173,0.5373016915056468,1.002868745632112,0.6983595623882088,-3.5717817064254085
2573,-1.7119671274533257,-1.321033503401221,1.594074745935199,3.371125397607333,-0.018676495228784784,-1.9135230174586777,0.0844471802705371,-2.349140620473328,0.868297917214008,1.78750366694495,-0.6012792703980745,0.21017112644265268,0.3476997003809821,0.28619739705598235,2.014986069929776,-0.6746295830809856,-0.150633064534059,-1.823620519751044,-3.2631924620623955,-1.2013702995827238,2.5004628268960296,-0.10189896175843938,-1.9408900811805623,4.006888977687996,1.16712285400099,1.9706696370479158,-3.8188532065943264,0.4485420705013592,-0.19459188781997128,0.4271105328651448
2574,3.1353757176280155,-2.3683656496792835,3.142903926442468,-1.7563692397400423,-0.9642357007542313,-1.189309053896359,-4.120483917370702,5.208528631580833,-0.9982844474375874,-2.320461787701742,1.2158586979276418,1.0148428230023079,2.1315178507576,-3.1890687561929063,-0.5715400582372148,3.3182668543277813,-2.1053216189973956,0.4161457283427996,-0.09682415654565091,0.23885281838613182,1.1308494217390184,-0.6774598621018253,0.815244818703805,-1.410663040181582,0.5406816828444967,1.5791377720547395,-0.4319264020291307,-0.7574836393052546,0.8072589199938864,-1.7376683335576235
2575,2.8530636296304763,0.8813348175955333,-0.012818863070833686,-3.8173302631393007,0.9852267787076232,-0.8894760997229287,-0.11007651617668657,-0.41134012043633916,-0.9599198594627758,-3.5659346571105317,-0.3073419150912846,5.3546130682784,0.241760664583353,-3.7834225722508563,-1.4724089694963034,1.463971566119067,2.936512932000362,0.6135863790450262,4.472097684018028,-0.9572575066105511,-3.092102855239597,-0.393130902962306,-2.3668635479295084,2.3372571287238415,-1.3408513930204151,-2.7169430060806548,6.0515236659215965,-0.4842681042261008,1.6295400921449428,-3.139001254738247
2576,-1.7700400620826162,5.198981432621121,-4.571375757899936,0.30591141978942105,0.8727104388236593,-0.03618747125109678,-2.9511379736085885,-1.4038658780574345,0.9740703303323119,-0.08722487237643861,0.5586550770085559,2.909503316702338,2.445123378300824,-1.8003167480092532,-0.9423228619615251,-0.7079428313041873,0.3903367207430719,0.6151223422316665,0.12466168129592603,-2.4620855393549093,3.9100606956357957,0.7928292796302383,-1.9318407132971522,-0.43362540391002113,1.9233409405241133,-4.75002381883046,3.0405594226111354,0.8289707177485957,-2.495532897680871,1.452685635628626
2577,-1.8817575213723696,1.4598596319810682,1.2477887212896697,-1.5163611471150595,-0.6481257689073114,1.3385960841245605,1.0412884327218954,-2.6452347291124134,-0.19588438726686608,-2.3632337639381085,-0.291255155016545,4.454319602612774,3.449964970194028,-3.2129748916024194,-2.210923315382237,2.610230190146421,-4.025327012960137,3.389030059604927,5.082550252040345,3.0048026962850827,-3.3150383585691774,-0.24170588725224018,-1.8112410224099733,-2.71936768009418,0.6420961238960423,3.4098502064534095,-4.290720113740917,1.133180831213532,2.245901288115874,-3.140308335936812
2578,1.7064801029320584,-2.86951598141734,3.2601800195262918,-2.6164088259430933,-0.05460803470320874,0.5738727196058431,-0.7220679354758204,-4.252157812263405,-0.5657489590485483,0.6729213455705434,1.075351539173293,3.7917018220446366,-3.965677958309316,2.52803116040867,0.532583382695968,4.1737175138365,-2.136680879568585,-1.1319732190626652,-0.5086203846281556,-1.9351024576860052,1.473125394702869,-0.9003843150523476,0.9199114056685751,0.9510703569949115,3.547239150081925,-4.14070810378302,-0.014689891675356392,-0.15394066451465527,0.6823702381795584,0.0797292717126954
2579,0.24549507832940876,-2.517301741296901,3.5642844588858615,0.4157360982059757,-0.5588145434006035,-1.1493993507231792,-1.93153041571205,3.1903573900930517,1.2009716103984145,-3.409594899256497,-0.43932230133993677,1.389118615817722,-1.4990685417382217,0.1361872953236265,-0.4688996096158391,-0.45126928605941785,3.6223929065439755,-1.3393427644535851,1.3710063985547123,3.358991018126982,-3.049198576343528,0.5793716087287626,-3.1261402135570755,0.8659697644899538,-0.2478267846323341,-1.2689228117927698,3.409164893211699,-0.5191457166757889,-0.10552890612352606,-1.2677406739861112
2580,0.7870251899197171,0.5223863813242815,3.185477678786196,-5.305095719875915,-0.23739124179078752,1.047597711637053,-2.5594484923684497,-4.056762030010951,-0.8351717226193793,3.027336735785795,1.1525833225696749,3.271462186644012,-4.006090436519218,2.102224560517783,-2.3950582236901123,3.197926904592041,-0.1689759297361597,1.269973124836195,3.5641908785085334,-2.5837766496891703,-1.109169854976141,-0.16348434965517367,-0.2902922526203806,0.5825322284321324,2.7066810127329255,2.1707964582149657,-4.72304739206141,1.0109875140681455,-0.9470596998637664,-0.21835789308968856
2581,-3.2592493189080525,-2.2457998981596177,2.200926495191677,4.877728230005914,-0.9831218612419548,-0.590483646887451,-3.543957348305991,2.9280905092781353,0.6385223947651699,3.3813012924839754,0.9992936902523137,-4.4032505384728715,3.6000650208245624,-2.623487711824481,1.7335444659102954,-3.618493687594162,0.9186477761134526,-0.010275863429155763,-1.7728171082907842,-1.0241356465217422,-2.931696603374718,1.2274046351214452,1.098859565331491,3.402385157734095,-4.538392380645183,-0.514213830126721,1.5767417462807494,0.3417587597452574,2.7966337020465453,0.33747200270054734
2582,2.4521332141399874,-2.9534377519514727,0.054313520165955254,1.404353983321144,-0.5779693576542135,-0.37939360802088196,3.672031789996275,-3.557949907546078,-0.6041387592046901,-2.6377411368232835,0.019180997921460552,3.1086170156570603,-0.6162237811765507,-1.4323209410617377,1.7407495085575242,-1.1225708823796872,-0.9881512060504853,2.4185173021114323,3.3584696261372002,-0.24032536436708263,-3.9746888547974475,-0.22422535897603346,2.8503957874163213,-1.7696258354131835,-4.440159937216375,-4.693444354188058,2.7838491226140434,0.5447254305105584,3.2138012079619074,2.5912285303191283
2583,3.209501013336773,1.6770570445519795,-5.933053009866118,-1.8715134547991106,0.8307662131211853,2.0872421936558094,-1.5502565607267904,-6.012654203183086,-0.03811469813550694,3.471427341062391,1.2130085410490468,2.9165895799346693,0.375140320428315,0.22965204886150659,1.2102686073035045,0.1980118526697474,-4.02016238788441,2.0070895586218676,2.231041881322952,2.569689501786101,-3.5267530798623827,-0.6360434615838981,2.7756620971451635,-3.413596938808169,1.5441843023715016,0.0143169511733241,-0.536687548049855,-0.4500731758130163,2.0986006592778708,-2.670341188958597
2584,2.8844314955220796,-4.527843403725157,3.2649655796594637,-2.9335477196783835,0.9068546138715181,0.4051394343509802,1.9592974532316418,-3.059686085831789,-1.2091102049661577,-0.413609808679146,1.1002464270388304,1.622862219207363,1.2172347599318094,1.748218878834777,-0.5144350219758564,-1.307579026350858,-0.14391635927876578,-0.9995232311606053,2.51584678129338,-0.8319477684429035,1.8206599291478547,-1.199456835006572,2.148264649132317,-4.453366756124311,-3.615855233516079,-1.1930421780613187,4.869357296502269,-0.08270980275279438,-1.6909125395835627,1.7131624574126931
2585,3.7234038287251927,-1.3971093048347996,-1.3986683996044356,1.4963340486946919,-0.5714356954239672,-1.8525244775561625,-1.3096508179561432,5.619739616910021,-0.8040438386853941,1.577929126934766,0.07718822747468934,-5.161162314677199,-3.4377795917785203,-3.8375754003271254,2.137643132990206,2.0745664552580187,2.695695413320937,0.3674499905369988,5.492139256335609,-1.1266331605192281,-0.008826332652807523,-0.4629298895964,-2.273384106967704,-1.6203657665997149,0.4737488543920776,-3.3240705257755074,1.515783677566013,-0.43954759008425004,3.299492144978263,-1.5254065610753909
2586,1.3150682245884724,4.434183026364678,-4.560927225376172,1.0218584282890255,-0.15774431198714955,-2.052438141878331,3.6909539144598966,-4.117341364149937,-0.750751797077152,-3.0768792437534582,-0.8191626929182556,5.073181183439658,2.0799333511026887,-0.6578424557828484,-4.179211230703183,0.9163500269953246,4.17259996023607,-2.331829651847558,4.8068540217151785,2.477432457849442,-2.1339472485939375,-1.0196362055804333,-2.5098008406672214,-1.6209021847232492,-3.2984955149727675,2.7757854931728723,3.0454480015365597,0.9092168460304499,-3.1570990641795422,-0.27485576158637315
2587,0.28031386612144793,-4.483364209280577,-1.819091950347346,4.4553596436841865,0.17652505640727423,1.3902575934155355,0.6696846446248443,-4.493778402075346,1.0308272559168756,1.9172770211770107,-0.030768265979110865,0.9067577463364707,3.275652961156606,-0.9333127464021054,1.36235471066923,1.3316320944335551,-2.1484304860235284,-2.8878965338332794,6.026682901989943,-0.4268049819488642,-2.6183051851945844,1.0351668588773517,0.5743677007587262,-4.591107294482747,-2.354802725218601,2.3740940649952904,4.1606279742264505,-0.7682183753791518,-3.236086538535689,-0.17561440008709894
2588,0.6591371539849202,-0.4444926207661659,-2.116420525981887,2.7251635260247475,-0.06942492328224947,-0.7539626099788066,2.591467501226532,0.5758493321731386,0.7864049906116897,-2.8622363690212005,-1.2163393926509491,0.12485393766154118,-3.7369626451096796,3.1240752261506586,2.935776704054323,1.6749061818652322,-2.3709726541172778,-1.6268228128427378,5.374199145581358,-1.7662602123220363,-1.662431989060952,-0.1033970356685634,1.3320439247203808,-3.174153833250344,-0.2759226463432185,-0.5644911781585549,-1.641475228950135,0.3258658899729854,3.7370919818896304,-1.5810688184094488
2589,-2.846144596054602,3.686323696236098,-5.4962355428253815,5.75087715856219,0.7094741283155166,-1.8042948442332865,-2.5572781788681347,4.43582753294077,0.07829797672804517,-1.9509987372537339,1.24464300185139,-1.2504915953975697,-0.6662919639460192,2.3136536390665903,-2.2096869433443107,-3.6942690979144768,2.9437308460389673,1.3128635200997856,-0.9214580528513636,3.063106398809797,-0.10464889009846523,-1.2149221682977864,0.4213592137486408,-1.2434365013109776,2.653668204185685,-2.897993070158943,4.05438308863673,0.5217025008926406,-1.9821218115654915,-2.3496389119893717
2590,-3.7375224536371583,-1.6497559985266896,-0.11598606378300147,4.3436247488351825,0.899402203835737,0.260237563276446,-3.3009902352426472,0.32355657413349803,-0.4192078851913532,3.6282920524461844,0.26731167047442117,-0.49896217661932596,-0.9135947431183276,2.630027002088596,-0.4216882402850395,-2.389772065410183,-1.2113389971841375,2.30636704390961,0.39978661348843403,-1.8123831184218542,-2.099707461064268,-1.14734933964144,0.5150526543344576,4.14460065130454,0.5221302817126023,4.102602634782951,-0.5893136737606781,0.6774334398522752,-3.0354457521143363,-1.6774069304715695
2591,2.5509487978242227,-5.06052975243734,-1.454171719266192,4.614914893863702,-0.5887547826259536,-0.06240743735792975,0.8531711301513312,-1.099279395798213,0.08635399050408754,3.634589908558638,-0.48177603898259314,-2.993059594432438,-3.790142405256537,-3.100913294923055,-1.0029112657585824,3.225640562805623,3.00552924125385,1.6627971618792046,-2.388950971317673,0.6023974112837021,3.7694569838464886,-0.3215765016835812,2.2692634732218036,-3.930590395350901,-0.9278558056747777,0.43583647774402223,-0.3591495766275372,0.12930740231492077,-1.9181561458768162,2.6400176481214075
2592,2.376847257801444,-0.11311173715526834,-0.7155543693389568,-1.5008966590372523,-0.12018937132349095,0.0729048790540201,-1.1745027610991947,0.03968767630022896,0.552185307457929,1.236394225081451,-0.9896462057262125,0.33588175798661624,2.267168059151011,2.8585596036709866,-4.14558201196442,-2.4261399913781183,0.8114424921610848,0.6345518483599761,-1.5722813506594093,-1.704688645883234,-3.079539726864013,0.9731228138553378,-0.5438676288096413,5.927254538360771,-0.5389864642439193,1.4090081374732613,1.845518131349035,-0.8453826788253194,-2.8151687987865657,0.9450116730347453
2593,3.490193339141829,-4.900960870355291,2.844568002853862,-1.5429313941506742,0.6412235815430689,-0.5320926590322639,-6.064401090365987,5.847638253183273,0.6736132858747448,-0.2347286176954313,0.9668913645321737,-1.1890131955279735,-3.15939470069201,2.8177316028467807,2.201994108020237,-1.0531926966729745,-1.5089319950179707,0.7017936815164667,3.498693262132754,-1.9509892102450177,-3.3720481636076,1.1172978775354743,-1.0593150119567767,1.7663612461409635,-3.841244451680474,3.9417714785352587,2.0578273440866823,-0.7050337151307673,2.267283074124265,-3.7206037299337353
2594,0.6872733857184645,-0.3028862120715914,-5.466955104072337,4.682920590235117,0.09289122678579664,0.3067561134051111,4.087494602465881,-2.4883820072603733,0.4664967262070281,-3.5111359754451428,0.2053747734463638,1.2401518805870246,2.1166910693746495,0.3630437355417193,0.5120134833404961,-3.2512446858114874,1.6250163711152048,-1.3655199735600654,-1.815419552967903,0.9141411075733128,1.9870161304307317,-0.18477437245384642,1.337142959669853,-2.2381062722523666,1.568798646103133,0.6519835482045799,-2.6606980844208294,-1.1900876437787384,-0.8754011562296,2.5054046901226705
2595,-1.5999004990752344,-0.627247384355325,1.0406784011697212,3.066222218211962,-0.80556324500006,-1.0741894909505234,-3.5492995093321014,0.5166134493267016,0.40582150978398257,1.4779954244386708,-1.004523030747805,2.1533921565313285,-4.223300730154845,-1.5148447287107274,2.3768135753478283,1.4701228811342197,0.26729550586932405,1.6239134965146995,2.331857490505385,-0.42123996788078877,-0.17513219897620758,0.9995777780494546,2.312135954975469,-5.047199056673502,-0.5915993386570655,0.9392479831342264,3.634936465100534,0.32254174900292565,-2.9777274271222662,-1.327399431457149
2596,-3.3850476362114623,1.587343541137166,-3.433900135334955,6.2132310216930655,0.6691415044976328,-1.6507682957809102,2.1571871981510924,1.1079138160744861,0.9336244228478483,-2.0242512977083837,0.017856043041451386,-2.1923301824056907,-0.85091349213873,-3.172540002685226,-0.8796263244600446,3.786616666609806,0.1490764458349645,0.9673867068397595,-5.2651656416820245,0.7903063769506549,-1.3840679676898358,-0.5405368531456451,0.14275879085838028,6.256705294708318,-0.35831745164651707,-3.0266264692907576,3.9009942489451497,-0.8098163469776463,1.0403453803712779,-0.7465793614002951
2597,3.13729790097117,4.348344981633613,-1.6695512557569074,-3.80973642120399,-0.43828219622798503,-1.5680730094153503,4.355155284520748,-2.4435601355135503,-1.0627522370164724,3.3145723583454014,-0.9844086399417753,-3.179006630393566,-1.0975916316803094,3.943724070987411,-2.821163963721183,-3.7284432652811095,2.1090511355736723,1.5944236541220462,3.2224906907073,0.843922283374944,-3.2434580662710886,0.21360510044333125,-1.4875592975546184,0.4509992893000039,1.4515336760409525,2.957503659405326,2.4249351166976076,0.5671298040046988,-3.658867318413092,-3.7422349377342634
2598,2.193972530010015,-4.991758240831434,-2.454090886112958,3.6813615938255957,-0.7917929804866652,2.362307983596006,-5.761392526703265,5.785210329064032,-0.5948899520485007,3.575846702851397,-0.521253183562437,-2.4835213696004637,3.686459158721288,3.8685581261459667,3.1135775260615155,-3.2092655330333795,-3.755746767855886,-3.7035825100389914,2.5298781749931365,2.475365674807076,1.414348290191299,-0.5491833685733329,-2.1228019796755646,-3.7476067917427223,-0.3128700043167818,2.187328481110388,-1.2969431325933982,-0.5088648227839814,-2.5966200821514285,2.527969560736423
2599,0.7741730026150648,3.296000783354721,4.498545661477021,-5.64430957793358,-0.810746654079606,-2.1136632154330393,-0.10356294869575677,0.6334377223739978,1.0652519167278536,-3.288813609795712,-1.120382239732228,2.814069159122635,3.1894140449480517,-3.2657441593150978,-0.623072464884654,-0.45432075161979313,3.2911705751523286,-2.137447244280356,3.103677734548505,-0.539463464127742,-3.8888260843019005,-0.2775788192472115,0.7476296136476002,0.8545610194806237,-4.712314308013063,3.671903074064641,1.5469113482655246,0.10063187641286131,-0.045777649093823314,-0.5613543416349049
2600,0.8299893026242682,-1.6380346046782464,6.230629633458712,-5.1450187552794375,-0.6997255941913321,0.42216001806659875,-3.846868984237876,1.291338526220283,0.2653889833220635,-0.5263857692573666,-0.36266185467335355,3.179189098627006,-2.896998811624357,3.6093706983389566,-3.755700633994099,-0.9316057636498449,1.2400818813876882,2.7348526295421784,2.736139130856106,0.4574363462085227,3.5762414233990363,-0.6801470850600628,-0.024552135885951287,-6.065117679517776,2.0634590632433643,-0.7730019613948116,0.3406993784752821,-0.4315305279104962,0.5102553298997741,-1.7098812823118763
2601,2.940441253044728,-0.1557495669418998,1.1119683832292218,-4.382514275940629,-0.3470339799424633,0.8328881865516351,1.491037112176251,-3.8798917199289775,-0.5147593258646879,-3.4212216948331626,0.6303991164949894,5.694436511956333,3.643379577949503,3.3406488827367724,-1.9638507632235687,0.15688200350260217,-1.9998658635953106,-3.177193837369483,-4.765962692304676,0.6638063187849284,1.2819806665011555,0.4639097867282196,1.0777053305188193,1.2785605897714376,0.13361127221556046,3.1691843885252737,-4.52824267559695,-0.060929078168992845,1.0767382553038871,0.20963783772249656
2602,-3.349026615476676,-0.6207789169197113,4.1312085156354925,-0.4819670985844873,0.23435760458486454,0.08620651076111407,-0.984621689384582,3.845488257749924,-0.4883918223311303,-1.7927851047869137,0.08328715617227722,-0.6629767974188354,-1.6903585206538985,-0.5004499733568224,-2.5588008297306253,3.711510607591361,3.4291896090300114,-2.3910908928795394,3.523819916074604,2.738377694986145,-1.7837041981192456,-0.052046094795523246,-1.6608805909393993,-2.765566727206668,-3.338680712923008,2.3870935836607394,-4.644295207543692,1.161665594217153,2.135210148798624,2.2990065937914785
2603,-2.7874934634534903,-0.7320962648420348,-2.2765132560053303,4.864287117536673,0.26790052652336094,0.6639153402414522,3.502533741831094,1.6249187158641192,-0.8675852866153413,0.18145037181128387,-0.8852158174035614,-3.556101725486876,1.7439275709116053,-1.857531949274298,3.29640194376746,0.3987574877515385,-1.4214116645707549,-2.1601433885850803,1.9715640520408648,1.7283095836584597,-0.8062699426627766,0.06692310331260654,-1.8593664111400745,-1.1011603852092122,3.215004766270166,0.8591464598355962,-2.7810525416321745,-0.8799390233988893,-1.295799694172901,0.8826400330994701
2604,1.1070519532478897,0.5993111619101548,-3.2997576616223583,4.394883503205907,-0.6249617352676966,-2.176527221473247,-1.6028804203534044,-4.9987457707700536,1.2395314994986224,2.856786271388639,0.5497903241335145,1.9555180961033898,-2.725380743138988,-0.37935891962408874,1.8225499908083265,-1.4443095419997452,-0.6890555202765931,3.4155547342315487,2.4195675182629977,-0.4375672950412035,-3.9752966569509507,-0.761836778659184,-0.6348908557921931,3.3900240681804057,-1.0932384403811781,-1.674902220125297,4.524463517917404,0.4829849840536964,-0.19021116604281119,-2.049096675420566
2605,-0.14489255754532948,1.072658457105124,-1.3216462928600095,-1.73431926624842,-0.21593423105660192,2.3441338906058835,2.989031858467552,-1.8667889487615454,0.7908738983661161,3.2256472796767177,0.5640615603632755,-5.702825648111414,2.470810817137906,-2.176396381094685,-2.194734315097712,1.5075700389531193,2.9541469416433266,-2.5613971015414645,-1.8744701622760296,0.1370818711431614,-3.878491744676854,-1.0587050304696648,3.0316651572951123,3.642919908984144,-0.68596223671533,3.1966269978880355,-3.2644336920188657,-0.2160402377999917,-1.5185746194038003,2.4883837880511877
2606,2.3657002866531585,5.332369378818875,-5.128648664221412,-3.184020930665863,0.41720019147389076,0.19739973794198562,2.267149467011663,-5.039514499850522,-0.6479988206758334,-3.0916667391182564,0.27145371596289714,6.24057687667073,2.632604760322703,0.9936845814545343,-1.4524285578370915,-1.9343987509015292,1.6863931861698234,-1.9258552192079588,-1.2486896974004225,-0.9143490637665117,0.7530623247849029,-0.0626282270673082,0.899803178386609,0.5728014850626124,1.5872922231758757,1.0805784599511057,-0.9545759330376349,0.2891792669003692,0.059592823875179946,-2.062066840863652
2607,-1.4603410334817646,3.5495183470027563,0.23826988048787,-4.882733752907001,0.8796980247547626,1.675588534144012,0.8534160166104279,3.205990780800988,-0.43715879548924974,0.7546621684760577,-0.5968450833853698,-3.780065087012172,-2.8550818013446264,-3.7262493112184156,4.003542595791615,2.11445127452458,-2.0480999938414044,2.5114372360886783,-0.6065791730464056,1.4757056769597483,-3.4605748817880766,-0.9213048108949264,-2.2411323927808713,5.753885581550392,1.8666542022536703,-2.0969413325074022,-1.4439204421292828,1.0412482411209982,-0.8232904505716512,1.4562497818349236
2608,-1.8358332960078148,4.391766833261258,-5.033086863145428,1.674342821485201,0.46117986014672496,0.34163064426066114,3.73134232233118,-5.840870629596736,-0.31498076647449746,1.4500384731977256,0.026323144599204262,0.9481474559437864,-0.9405053035961224,2.588592199698766,1.0263173693547074,-1.9751524369372024,2.403538747116869,-3.102790575636579,-3.7660953915556625,1.762588174017285,-1.8702608282405997,0.3037339849930527,-0.9153347048553719,4.485368765641162,-2.942416993882418,3.622011932124277,-1.3972324366034599,1.0666661739105496,2.2293571365576312,-2.5783858121053242
2609,2.5005836054143664,1.2885774027649397,-3.1091794138748163,0.9326603880137156,-0.8444412198200939,-0.7682007624974858,1.8399522163173678,-3.8289120145099247,-0.6025940821871476,0.6393226933235017,-0.24900929753449752,2.201240484591363,2.943701563663666,-2.3012305167941616,-1.7046889224256336,-0.6720239875174343,2.445788459114798,-0.7115465960408116,-0.35881770352671083,3.0405165226340714,-0.9462827709844497,-0.6169626431214494,1.0223328113181083,-2.140786216319732,-3.838284725579072,1.4241660017239752,3.4316341437693225,-0.6362856168158846,-2.787106175705855,2.4058763726087626
2610,0.19139780236828585,0.4564879743335091,4.523481196849648,-4.833613002119378,0.8310870956332179,-1.1688410670646654,1.6433129712846117,-0.33369228221972236,-0.9986669908298884,0.07337131293215293,0.49289719743534377,-0.8772222086018431,3.8599512031948215,1.228577409059202,-3.4366204044078223,-1.3938247815978162,-0.5982221840877848,0.3401387578398367,-2.3789151800816875,-0.06223199371344457,-3.733785361292089,-0.7055326027437232,0.545028684516959,6.335436453313783,1.4424090423306914,2.835622379097984,-4.535047513614888,1.1561811510731976,-3.3881696137325648,2.489004554846858
2611,-0.023094374798649397,0.8906698296099052,4.6931468701896755,-3.9953491239019954,-0.16906753956138743,-1.396305661536955,-4.499850445077207,5.984900184492098,-0.16032938536340424,1.8970763028974957,-0.27489802126432217,-2.9468986356839757,-1.3901663268774573,2.217398702459601,0.4838995888552695,-1.89664160841226,-1.3031462605153568,1.8886559044906548,-3.6929756869845285,3.4896962995974654,3.1055019022500474,-1.1215060309484515,-2.6774805284310794,0.896764044516317,2.718878245315153,1.4899612872762873,-3.425052335556323,0.9120514461509641,-0.806639007494466,-0.889199635690316
2612,0.17307085032481062,-4.7193489840035845,-1.7593888259805581,6.199215847939367,0.038309846288512084,0.06814126543202192,-0.9100025976993926,2.736412343689338,-0.5288479151035768,-2.5465718406563997,-1.0019278268595948,2.2509378366303174,-3.3149426851771135,3.274550986439415,-2.5251588623630585,2.9578339849006454,-3.45310127971317,3.0608178559136867,-2.2103486728906105,-3.122998605010398,0.45580290298160975,0.11959727817209131,2.4779265608840984,2.2800205358630237,-3.5381248777595644,0.5021914365163731,2.2071538633960337,-0.0018308958223176575,0.784979165117873,0.04563130855292208
2613,2.795848758065297,-4.41511586669456,-3.5592100736923626,6.160171467318364,-0.9316806726731386,-0.050013612323034806,1.7591754543802836,-0.14047691164653742,-1.2213638522054877,3.18591973104645,0.5861632147842206,-4.16941763635824,-2.0457163967945693,-2.6469939836863396,1.17538228172738,-1.2570096123688792,2.393094323056509,2.3812433880663413,-1.9950954764868918,1.8012719915516495,-2.694012571503837,-0.10646495580185089,-3.1129612619655287,6.1072622742062705,-0.9505529501708736,4.317365383083757,-5.496101098649191,0.8103503178862921,2.5698278280494513,-1.2508894801981114
2614,0.08790159279573828,3.919874446114804,-5.693654740255592,3.253405385063907,0.10353386436963863,-1.6710605480879561,-1.0929510092915677,2.8425353762964427,-0.9542891909447748,1.1597485068609608,-0.6052114748121085,-1.349832208108257,-0.6241832884524996,3.4423894698838353,0.39518858154896463,-2.7379547144180663,-3.918112490848003,3.4426724422862236,4.277968046129171,-3.14923055893518,2.375858638272252,-0.7264159221755104,0.518338057168231,-3.296518260459134,2.7608823374085674,-3.1483809123716924,3.2487010195765684,-1.1230007954809476,0.8077730041094906,-2.5459746532406893
2615,-2.4045696931309575,0.22240413609317145,-3.497344883873872,4.958261198365051,0.014136533513433136,0.7071127090336873,-6.13301142746905,-1.3686410143593548,-0.7636749291001577,1.764486281764924,1.0006694045511964,5.5001716846131465,1.1279665405017987,1.9522354662330414,1.723763686192946,-4.090502099246507,2.2838174898371264,-2.9972810835179224,4.45037687659104,1.050955133413666,3.117075190692816,-0.7218338776963895,-2.8131189779545753,-5.08345434504675,-0.31070120712944416,2.64472908974966,-2.6460584133585137,-1.1652804033191484,-1.8170214783736913,3.294332412432439
2616,0.9367992419502258,4.073367516794232,-2.4278252561306246,-4.1406223149668335,-0.3513331975579699,1.9096140099114898,-0.7793136583240958,0.4426150658577441,0.38858955740692824,3.661563205899885,0.5685478089410356,-4.282001979780794,1.033790100293409,-0.3557554849172355,-0.3737357253728,0.3774270070190191,-0.9615067495766709,0.2797808525547705,3.280148161415031,0.4296746780153171,3.763216638100996,-0.7934976839813555,-0.10768238814598874,-6.571859405404158,-4.793823290548735,4.9942047819046955,-0.1292236576429886,-0.18252366785952212,3.371267756987482,-3.2599019228396298
2617,-1.314570010485216,0.22874080192035962,3.2680121661942287,-0.23235099473976106,-0.0171538978440271,-1.932678065045092,-1.595128853335936,-1.8486603753480857,0.3961095667825285,0.6450192873080347,-0.5467534144660249,2.949413789060177,-1.884841128992031,2.9481064589770014,-2.199319383796478,-1.67040071487809,-0.014322831900859256,2.8207776005909757,5.071340052458449,-3.386338100258424,-3.6767944197786413,1.1308765475349603,-2.3788876206706036,3.2398035407140924,-3.044217746258756,-1.7641866356517397,4.474714474423909,-0.1274515860933354,-0.21947417147783455,0.6806156650590474
2618,-0.9776461578847204,5.079946669527406,-0.6172394721997279,-4.884201330610352,-0.6156081936079505,2.0147484847758523,-2.5831992087818954,2.177891999747299,-1.1502763987476774,0.18608720052559136,-0.3261816893957672,1.6956780966531326,-2.0358281546651966,-2.0572337440966475,-0.03247552209348825,1.9162537695090087,2.3389752141925584,-0.12969156284571426,-4.412864242763856,-1.8463537793709044,1.0632678477979773,-0.497059962771635,2.8191376550064113,2.8738724821018238,4.620037391094304,-4.338379536310258,-0.0019502067624053154,0.4221494950065168,-0.13180881196358385,-0.5700483310632993
2619,2.8462345577430597,-3.171654006273954,4.663657292248555,-2.026747989783388,-0.43829038519039343,-1.873199468743362,-2.2306472952500407,4.49615876308674,0.4148516235241537,-2.947053290114164,-0.16763693155469905,0.4343271303086631,0.7268734556371044,1.3226267627175474,-2.644534396060397,3.853626988490795,-2.975079202850223,-0.2835136079343119,-1.9129546071774186,-0.8845103462672217,2.4479071236558525,0.3112840636177818,1.3001720159890784,-1.2618982498182874,-1.4073753638186943,3.6538198955489953,2.728097944908445,-0.09237908254090232,-1.8491114581290322,-3.033051935967551
2620,-1.3715832541205053,-4.418340746102508,3.4690076152386524,1.146453018635814,0.24225534685704186,0.932208019492009,-4.69691332622266,-1.4328458269664601,0.09921358523991142,2.314015338415768,-0.33220376856491196,4.048733998098996,-2.3657078686945034,-2.9739355277910473,2.618950895365252,2.1685054626096516,-2.9152156992680887,3.4674027377792562,-5.072318029762776,1.6060645853905804,-1.4611672534585836,0.47933941029417415,2.6070991257719935,1.8409821617643765,2.7000555334512235,-2.51591352983057,4.885589297629679,0.05338654128983844,-2.0584719593004284,-3.0646458832384997
2621,-0.040126204397374465,-4.705763571304509,5.912287822730242,1.0866189930458958,-0.7392671324030364,-1.513749907670725,-0.054103192554556756,0.12476003313368622,-0.6944178778983368,1.7693840451347285,-0.6196704039116074,-0.525952603903292,-3.8141281787747516,1.31761929005771,-2.03831524032066,0.959604864462527,0.5064938025421384,3.068725462033555,0.25115778792120125,2.740803621812283,-0.016474741142967986,-0.20864367001167938,-0.2485074541435175,-2.5183355444355726,0.9086288598151491,-1.2629935585831866,-1.6286693088358675,-1.0279158682254015,-0.5867341453917003,3.5976840212222356
2622,-3.2691148722389354,-3.294012948739322,3.2339481703218205,1.0380098631534374,0.8358303368089466,1.455339450694554,2.9572138528416403,-4.862539522388079,1.232725855905823,0.6196804989076092,-0.08373867153263426,0.13665798626624692,1.2647589757151643,-3.7133099885433722,2.9840432160527897,-3.6339046772923798,1.9309253891104703,1.1674870849578376,3.319046943095607,-1.05720746781744,3.935462907409647,-0.4858395197765386,-2.7509945095061177,-2.9604683534054033,-1.802120705760668,-0.6677143831827372,0.3463637392771588,-0.3085783244255955,2.6317494666119146,-0.19969979251882108
2623,-0.8490771471306147,-0.11755393624331845,-1.4784356476475864,4.37397389025497,0.4968513065089155,-2.425758465741878,-3.9279884238140887,-2.5865722315219983,-1.05243128638257,2.113363434215554,-0.5116786741072215,5.965307181610957,3.255073888764308,-3.097641566033774,3.7547035733875624,0.4554384890817218,-2.08432761678805,-2.2832467684112476,3.4054921869033876,2.1464167438526225,-0.7714506573618252,0.00528003455552728,1.2857674944823483,-6.071505802432323,-1.548378829737409,1.9274142888529724,-1.2028267789339324,0.8661031662502321,-1.4289558732635452,1.3866440268329328
2624,0.29460087709181515,2.7640321140036512,-4.2516580502593975,0.4474070009445654,0.8679821244404131,-0.12236406622056606,-2.210026062818603,-1.8293633967335552,-0.8712670107688743,1.998438705830317,-0.4971880956641721,3.4094058601555126,-2.140323047563312,3.892575869559405,0.5018983003381514,1.2810802071551173,0.07608470045611071,-3.6113160299449483,2.916862104225924,2.937242167566918,-0.15150659303613345,-0.8360996328366799,1.524718139528506,-6.391216185448826,-2.961687165141118,-3.87354001785409,6.199434237258245,0.9072562458118769,-0.8069503387989272,0.5354870387252859
2625,-1.3525342463108352,3.758227709386393,0.36814800245961266,-0.24973908781265663,-0.4868026327198278,-2.037299745002211,-3.906066981309941,5.274511625692249,0.45459680539039127,-3.093236535723845,-0.7551491571847313,2.025344243136516,1.9125357448473572,-2.10029224684207,-0.7507671282939299,4.196399747223616,-2.834833630894998,-0.42304248603950434,2.738031986229821,-1.886825667665402,-0.37136426589879257,-1.234531645556348,-0.9832621038365996,1.7379516967270163,-3.521927023746219,4.882959244292881,-4.674203255748882,0.8866332583883709,2.5810556855821822,-0.15451790876706184
2626,1.5332503411676406,-1.4314823072435843,5.2221423092370465,-3.758008037990834,-0.21018557447892006,-1.3557167306908795,4.855794665956907,-2.6781685540287867,-0.5371072858949484,1.2739741263646458,-0.9571805665542801,-1.957312385842915,-3.9610687813317647,2.4358795320775606,-0.8536922769657664,4.1365686183632135,1.3019022267347147,-3.0595893188774497,6.147849986329927,-0.9745982708328995,3.25935945511608,0.24512239740393316,-2.6650863027849923,-6.012647265232367,-1.917633252956449,2.8623892203128456,-2.39377492763224,-0.17469324178624035,3.492640298908345,-1.8689280968449786
2627,-1.5919691918952115,-0.38797153389410965,1.5233223181485194,2.827519878221679,0.013668534355253392,-2.3845700049356413,1.4639606918995618,-3.043084869327391,-0.4471657247106666,-1.228386295589523,-0.15172387905180784,3.4064000767804856,-2.6833331904059694,-4.098897364308312,4.155345978723922,1.6892008989256198,1.7151288087013583,-0.77744513163608,-3.741152986039932,-1.3842917827169803,3.5694996311470426,-1.1672800971051154,-0.2529389135037121,2.97616414821837,-4.010756222409947,4.082677457557228,-5.195315010782899,0.1445816418035939,3.635405144129628,1.3434069897036878
2628,0.72606461629859,0.7448602938609028,0.9948828722161345,-1.326010032269597,-0.4754167624114356,-0.6643809876941056,-5.97633790988451,4.906280695775468,0.7591698194533203,3.607002131599284,0.485113859457857,-3.781228596400762,2.118674615618552,2.8948395745977002,-3.0640371774664246,2.7661779638557036,-1.9992139465985606,-2.716441030006431,-0.8922890629463929,3.2936154293542153,0.48191942241393093,0.8917026235897048,-1.630191221084706,-2.144757191327116,-3.5632574449945515,2.734731697499221,-1.7106654490820752,-0.09885865373227354,2.88396213977709,-0.24591228946611565
2629,-3.26662481717473,5.143879617905604,-2.215620201237879,1.4115672313059164,0.030590675255785627,-1.1037925060541944,-2.25775992798485,3.9066807226191145,-0.16935844615795403,0.9435943141387213,0.29162801397815397,-2.714784676592533,-1.043800105029769,-3.9654011346771085,3.5269982325860525,-2.648290192675807,0.7594003602332862,3.371092839563886,5.521966030750299,3.270577800903144,-3.9360641624183668,-1.0654521310185778,0.8695608865707793,-4.660588424787623,-1.426024762245909,-4.954312526537855,4.433575360754713,1.1882102018657843,0.4492595406522213,0.3092921855123727
2630,2.3829863083255134,0.360796603715027,-5.3595977446502445,2.9042366164009223,-0.48221236724508487,0.19379058345432476,-1.0949209878899957,1.1243377782147377,-0.9262956453863476,0.1015514354933238,-0.9498993562756883,1.7452267758446212,3.2627983218727827,-3.1166692803755325,3.6746496465052694,-1.846493514278091,-3.931814621141264,1.9575294474174,5.129235131919465,2.840728184844359,-3.3158368537031215,1.0510953753566419,-2.041217001154374,-3.664004837263324,-0.9778992065159038,0.42062756246293986,-1.7040976926204188,-0.06247314999124054,-0.3255544505337049,2.649396937199647
2631,0.3873768706950038,-2.5906598971489316,2.7731471928836697,-3.821342756494932,0.9114076642522786,2.3400709258133787,0.6237126106980604,4.098241353464452,-0.6850085032911153,-1.6342148938332208,-0.16448015045825315,-2.2382504165792625,-0.8050369702288087,0.4122258672507506,-4.185486070771923,1.4029202731400048,2.33550600040628,0.8398709002042217,-2.053350247804289,-0.6706839356079843,-3.0802985904730775,-0.46899254992031114,2.3941535962148173,3.8791717275904958,-0.6521203011272654,0.4733389329009299,3.2217541110990204,-0.3060929517993598,-0.7115836456146631,-2.025296145457318
2632,-3.5682540787940713,-2.675410954919336,5.201829400572372,0.3728292695621178,-0.4103206622545481,1.0793270258339316,-3.0714907928554354,-2.0034107425843395,-0.9849545450302175,1.410140931835329,-0.6300055611379092,5.279720709773208,-3.766666952310283,3.7800189180358714,-1.9417851779815294,2.5787302398098113,1.0387764691124737,-1.6890734966658023,3.673969902368185,-2.135280243429156,3.753195516851072,-1.1365478084193827,-2.6921693976883923,-1.463167969682683,-4.052641236394281,2.296734550364448,3.9426027328104496,-0.2743205981351782,-3.178332940250968,1.2659574916068834
2633,1.729777240816663,1.5331501183340634,-5.312690162447364,3.780607707991276,-0.9532534853408414,-0.7775914193533229,2.206100734249457,-0.2647030137163071,-1.0797020077696784,-1.4997223643376625,-0.19519623688370302,0.8332228884584865,0.2934949805245495,1.8513739828099176,-0.7714181966008269,-1.0739143655917935,-3.9240166837560384,3.624480282614723,3.9781511749678238,2.033272394547396,2.012998441720349,0.7211665416070607,-2.57958915544093,-6.165999397402043,4.876392223284,3.950757439118725,-5.24953384476547,0.4773962176717559,-3.440673299834348,-0.6143387354733125
2634,3.128961408272364,-0.4797163486570817,2.869750414125825,-4.770681139583708,-0.17919080586546032,-0.5691235282914828,-2.506271856480538,1.920249776128049,-0.1320862832580092,3.7240987175917972,-0.17540440279696057,-2.830585951183746,-1.755367133932209,-1.7126002315233215,2.156074934230176,-1.787169808469102,1.5444655227636161,1.5545967169313855,-0.8083658467199193,3.183306202336926,3.055098819915848,-0.7602485592615338,-0.8179171863774197,-3.8518734298942725,3.7797819843364806,2.8727832573805827,-2.1009716259752054,-0.0826078428997219,-1.1117906284140435,-3.3571951444267363
2635,-1.2171180430639321,-2.590637304430924,1.558596265924269,4.998924442684402,-0.34573969524987347,-2.4040256658634984,2.160855374867001,5.252616754260366,-0.9702753142383784,-0.723316641110868,0.0561187852752818,-5.775998959052789,-2.0577018053616225,-0.13234380941419488,1.537010787926068,0.5602405504340346,-0.2022369445542651,0.2950312209705288,1.5913612553267207,-0.052765402697003694,-1.3198526017980683,-0.08052746131928146,-1.821233789028529,1.6830179995157728,2.5949921171972115,2.3624979824152454,0.0982734336255291,-1.2294774620515359,-2.3650407769712007,-1.4612452942139011
2636,2.2247257435190093,-4.2845042128560955,3.515957093323756,-1.2387504404335559,-0.6040353505656069,0.3866071670129383,3.7197051265605587,-0.8471181262327327,0.49494672586444555,-0.43971068986053474,-0.39259624696329354,-2.5352267893678544,-0.4499951683004788,0.7569093279381143,2.606188139857583,-3.4199751041923943,0.43032081808851075,0.07655198660921592,-3.96727720668396,2.187403201991085,-1.6372233864021108,-0.4220661224998885,-0.859222871401851,4.698386384996347,2.573930651571686,0.8643303001011517,-2.507940240197293,-0.4147697807823256,-3.3913134264446576,2.875762495752781
2637,-2.997143784878812,2.150332536894158,-5.426014822367968,5.915976523010244,0.5201238837745725,-0.16327433643176548,1.0329579070414354,0.813480951287243,-0.5910260824983222,-1.813101611151879,-0.3180752241782274,0.8757640595003124,2.0920223545727055,-3.6760151523636395,-3.7081976599582465,1.7341891066600645,2.04522636396257,1.5127749871270986,-3.052808671185069,-0.859782884200925,-0.5349999602399613,0.5150739860316378,-2.7806395278307363,6.713157057424681,4.456319113960273,-2.442629491614138,4.0117573551417784,1.08595081743582,-3.574604645276544,-3.536793149645886
2638,-3.238625209628484,-2.972974230539485,5.029275660828521,1.6313409136306127,0.739883355015571,-1.1889004893063024,4.367974017745986,-4.136170781644278,0.8776377983960222,3.1817458992062804,-1.2218830144703685,-3.069303919233061,2.446902005209491,-1.6400115015744614,-3.643240205802428,1.322952464611486,3.6434526123016973,-2.1300553747452167,5.598887531817425,-2.2790600183850103,-1.5508724645843373,-1.0190869636467603,1.4948107781202786,-2.2446788633219583,4.4093402468847245,-4.240118399217588,0.1024402832815774,0.3378773778144888,2.9531104427911785,-3.5626499515530803
2639,-0.03577806887316726,2.547816219120829,-1.7176284866290175,0.002000602697400211,0.17421112276969986,-0.9706213890852773,-3.788762233035733,6.1472874176111745,0.11472563886770804,-3.741797238965118,0.15371292442332773,1.114833491099219,-0.7667117639029541,-0.6376343615141877,1.8400624742840996,-0.7133885135062066,-1.468824241964322,1.7464964066041233,-5.848070654744134,-0.07986975584391587,1.244545522282305,0.34329396267644174,1.9249461779337356,2.41515474769524,-0.8765875681120647,-0.9117199396587061,5.429079802648328,-1.2347386761672716,-3.6671328124359306,1.2610991937269205
2640,-3.1709862530993984,-1.4129335498562305,6.24720578428111,0.04503175784781632,-0.5674813275594937,-1.1408364116133587,1.6924655597765401,5.274043572815444,0.02187438814199627,-3.4593694203332053,0.2638304461650405,-3.7928445465651954,-2.336862286818878,-0.8647417976722949,0.7474238333233316,3.5286484841269683,-1.6150733279522207,0.540605094993607,6.125917361874873,-2.4033883410701318,-2.936351601326317,-0.330667294289686,1.5779606336715943,-2.0334707588606626,-4.376823216478426,4.987781140588531,5.367835381860488,-1.136128552046943,-1.104013057465215,-3.7386516964571577
2641,1.243491894330429,4.549882252147015,-3.707149195986986,0.4165896330310197,-0.4146394478588433,-2.088175135662242,1.7852977755978223,2.2559738803791376,-0.252588427168396,-3.3932635734748153,-0.5087370204510551,0.11331736511794333,-1.4472795669855945,-3.7024065878585812,-1.7099243571419915,3.178275581777534,2.90521359512244,0.7761213350866925,-2.50247096992544,0.8965320786200461,-2.464949646626284,0.1334855583833221,3.1546604783053596,0.7827425012426623,4.101233595613728,2.510031007106587,-5.2658707866347925,-1.2425895152310118,3.314095144490061,-3.4168994453432813
2642,3.6930498632898434,-1.4126086706917036,0.22385166838002846,-0.8383753887970684,0.33621231139525243,-2.002129783575959,4.346812522226763,-1.3009236978468834,-0.9155182493511456,2.270020364666312,-0.5472274506368366,-3.8531634890575504,3.876550362721712,-0.32864968499736236,-3.2933448732921438,1.0442892592722686,1.6245140877375768,-2.923359151441522,2.6093224486737725,-2.6614659346244576,1.3254853838290828,0.6980650757617584,-2.1124760018667796,0.14106902822628342,2.09668693471707,0.916662247681618,-3.6883516444401785,1.1783980722954626,-0.0026464958292393703,-0.5007491144234368
2643,2.2921003017155073,-2.3489864976966928,2.828807074625601,-1.9173962573200107,0.8235883962038075,-1.6781130175278136,5.674579327321464,-1.8509459855770203,-0.5254284020809585,2.119558435486738,-0.4466147602342465,-4.971148614915357,-1.4394523760975044,-2.5178151351199674,-2.845372876820612,3.2565147560870074,1.2079368422370749,2.338188789714547,0.9855706942998523,-1.3899081853163153,-2.5330860247300233,-0.06844061898928544,2.7596529568364616,0.24621117789898506,-3.4163420997682508,4.933873417927451,-5.418766415062784,1.0463250663868422,2.331855293913115,0.5230547366049034
2644,2.4622614274815184,-4.847127933321396,-1.896102813827813,4.495115701958419,-0.45289297838320275,0.2387465960928683,-0.21700033544384212,1.1894941079842702,0.25109394033809007,-1.9523893622729318,0.28865655750591657,0.4401450918891072,-1.6673814966590204,-1.0723830377607761,1.089260257932203,3.6766627717185045,1.3241801451790174,-3.35033864040936,-4.540919257122006,0.41760408994950815,2.204498481226185,0.13997396243123816,-2.003104826167135,3.7819475496818598,-0.07842404248923174,4.51778743550247,-2.4295813687410046,0.5350602381384935,0.6544492482162454,-3.199291510625711
2645,-1.489934181854796,-4.4374521288477276,4.746382102606393,2.364992230109717,-0.15732151909909975,-1.0266665029141002,5.1188287263952255,-2.291359253175557,0.125906963502044,-3.672983903177334,-0.2711333272948506,0.9907407937511081,-4.1155500407452905,3.869180608402697,-1.95338419591911,-0.7613079824921165,1.4171619517109448,1.5438996590434577,3.2150074525414247,0.013157322332739696,-2.2551502463285313,-0.6073928067163505,0.8856205472915626,-1.2512422691211817,-2.1943359213449227,-2.8709921070762228,5.50227937777581,-0.6013222561855489,3.744108167110255,-3.5797372602780992
2646,0.5059623214555771,0.05724341433455393,-2.4114749606914607,1.84224305475351,-0.5231196315433981,0.5291458016916302,-1.8715636939972136,2.749049801465535,0.5031308482052053,-3.4319490569575066,0.47508967814898106,1.5762424231356391,-0.35763404172472946,-1.8493799144552003,1.617332627612825,-3.659574360657663,1.6940523251007633,2.5552033641246084,1.6233288805132808,-2.241916710776602,-1.4417631979056402,1.1914912736789685,-0.36853250141283844,1.2373922559024848,-2.084848378520963,1.4112135058495667,4.724520789895255,-1.1503424170464438,0.6419689725435553,-3.542512472719716
2647,3.6984700744881422,-4.827129106222209,-4.087303264562006,2.235839647700196,0.9739227494669751,2.006199899129344,-4.154827695592477,3.6526142286262875,0.2092041334446293,1.6355003771663341,-0.7298676096034331,-0.6126234340406675,-2.7277331641027196,-0.20353855852954084,1.1859722365741412,3.315131813637624,0.17644822279783412,-1.7462805503767242,-4.337519443779463,2.193148520043387,-2.0309963871699193,-0.22106909883159087,0.4288938090816483,3.9675426006556123,0.1253586429036595,-1.3260356875317143,1.5099846428317498,-0.6999327316990769,3.1999711637142134,-2.8093460302175686
2648,-3.7277497424865764,0.8716598571658665,-0.5409358554917034,2.760764075855885,0.19495097658585747,0.4413106883711002,5.996668013098205,-4.238111076415773,-0.3644677940803245,-1.2823054014952913,-0.5447482938361272,0.432964552730013,3.2187824854488376,-1.5296797626034486,-0.3232658115129219,-1.320948702530492,0.45498600559887237,-0.49987421440026125,5.517046039723493,-1.2939409428031166,0.6870566191891463,-0.9229991500260235,-1.6358047909986073,-2.35135777508523,2.5634654553361216,0.022646255590800024,0.701747382600832,-0.2608736468640185,-3.151333434071102,0.12434798740863329
2649,0.5682034448864801,-3.8694335180116504,2.7965547545975653,2.562482775473125,-0.9071010250098157,-1.1507064319352907,-4.541455371671393,6.15099337337897,-0.12850654903598624,-2.7357115620990076,0.8907539260092427,0.3639261834188936,3.3164605482673117,0.09392642095880532,-1.7273434093716489,0.5135996088369623,-3.6166170928581707,1.4199739241673193,-1.8648287216620645,1.4384065945422524,-1.3881783977479447,-0.044643106327501236,1.569850463452406,0.2893931677425243,-2.973038704614819,-1.1054290295724627,-0.3364482192799372,0.39103857875652004,2.7135311012625714,1.3103462734494222
2650,-2.2204759980701763,5.023355914021611,-3.738890648658014,0.09757727806556815,0.14302068689353176,0.6954127677479214,2.5150851660497793,-3.408449865928233,0.6658111082078415,-1.1676760088233191,0.19103728868171466,1.204192311812939,-2.556898203744682,-0.244480937395668,1.3315466602014787,0.8817445956277119,-1.8560774614875868,2.444165346799327,5.316044376794665,-1.1782147749050544,-3.6903590262852664,0.4416739858524732,-1.8319675083507931,0.9428229468936564,-2.587635570237147,0.08238360133154998,1.1022562625984484,-0.7579253488357249,1.318858150003173,0.8420629051410238
2651,-0.08579287658305645,-0.1885402489344088,5.595647943740186,-5.966069742461411,-0.2168871950071316,0.8616421192462926,-0.555212950913134,-5.0142357217665285,1.0132137713832448,0.9957793102284302,0.9717113608592385,2.5887442302094996,0.2226008229300902,-3.229105497141326,3.0584153506744762,3.2536811046459455,-3.7490269374942553,0.4434351563856662,-4.539831153435188,2.7893271312794425,-2.707674424764104,0.7906826494616297,1.4874411293943073,2.1800546680635975,1.089502630025109,-0.516940950323832,-1.8327513636800106,0.9753750187151979,3.328528991759665,-3.04371432649482
2652,3.497839330431539,-0.07163938933149794,-0.7017245046958287,-3.4887274374551254,-0.8095378968532358,1.573789897904632,2.5610306814561667,-4.106569733045394,-0.6921454466417671,-1.6814162813476976,0.9995417299839842,2.91955904959541,-2.988799238184363,3.814912858138605,-0.5263442967283325,1.348430925851627,-2.8916796646810017,1.243479415604071,2.915816731989736,-1.2197242718295183,-0.4191138653441904,-0.05532517006481186,0.961513296926821,-2.1831667216783543,-4.011103779647986,3.3176527986488793,-0.3217114693274219,-1.1877838534998042,0.8755663594020096,1.3273799444256689
2653,0.5951524436384403,1.9409015741372961,0.6085949799890749,-1.4308873569957328,-0.9476973928796426,-0.7660642478889574,-4.482345472926443,2.2244554340550096,-0.4267272286494128,1.5525194461608436,0.8096445477770162,0.32245327358369025,-2.4668780628330644,-1.8822018153275462,0.5246917334497958,-1.10687831118131,2.1396286732338723,2.7916377826588317,-5.862792010497493,0.043466457461367014,2.146967210256598,0.7460460354921086,-1.7975551276375619,4.7238674349246175,2.8964488448137438,-2.2067590862191615,0.7311205174991073,0.2022578916131188,0.6264465276342719,-2.2495146953397587
2654,-2.696447014889145,3.40896628686723,0.4119592465422528,1.7968635346108357,-0.5435796224985161,-2.3777624306322114,-5.571428356888241,5.915277576671613,1.2124294465037302,0.8874252855712808,-0.8774730156537514,-1.566230936203933,1.9150521322078582,-0.44031892001167705,2.5252039304559695,-0.7761093246098838,-0.24043476124941776,-2.983393056792309,-4.12889162616629,1.0941398913769014,-2.132495396326764,-0.6336798139791107,1.5217867778891154,4.2791401672057745,-0.8768628057193837,-4.044783968967767,3.065237710404638,0.4090416210332126,2.6353646915617404,-1.1879972483111523
2655,0.0788084066210164,4.155467362350741,-4.8636740137966505,-0.787050091538692,0.7503142644526104,0.6661340719114186,-2.2698931141390517,-4.336293365566952,-0.16272567530992,3.1289071233011327,1.022791787522273,2.6172132441932128,-0.2884786032943367,0.1270238734926643,1.0166055842223187,-1.8451137073825894,2.6167947883737597,-1.6268319354112588,-5.990707857143292,2.403761728629238,-2.2593597616242107,1.135112278004116,2.2416556596211894,2.469537952512578,-2.9137346669013837,-4.8321390569874545,5.363112274021205,1.0829327094887082,-1.5100597133584603,2.809888453738658
2656,0.6067136853065183,4.018183181877426,-3.0537697130057566,-0.7942183460143681,0.7469599056704452,-1.5238687138338118,-1.4852885380241183,3.006527473184672,-0.1973385671693908,1.3364827094793945,0.9654640737237541,-3.625847151193639,2.3492269988460883,-0.2284807171151364,-2.6181559689707505,-3.496327825500643,1.9141078597192873,2.0796296530217155,1.9207619046902842,3.077495397140698,-3.840687841786531,-0.6295046555772403,0.7495174168844585,-1.2775822213520378,2.620114859046744,-3.738068996256363,-4.782733357753095,0.3716087202956446,3.145339601798092,2.3837391728702535
2657,1.7237637735746993,-0.4783862770531151,0.7812212442926487,-3.6773800814079216,0.8506300459514247,0.8001512946427347,-2.244252409965206,0.30287332516201815,0.8822493321303675,2.732708096468894,0.1646886083926642,-1.8382669521880786,0.1710802447577926,2.935078445570607,0.9411264055187161,-2.214063444520429,0.36933448054688256,-2.202556131873024,-2.443150352824503,0.6969783119903656,-2.784257439817477,0.8461087091212169,1.9855534252502895,1.6987673462797446,0.1317896502340865,-1.3025435706424062,-1.092482424828514,-0.9500509241608537,1.0446961906176675,2.1685910787813114
2658,1.4266521762213387,-1.8668665308352246,1.4154897237186859,-3.46652359654151,0.9357460875282642,1.5555021399089224,4.081092028382869,5.91302293232874,-0.4670363661465675,-3.6163512272456053,0.3177173382810645,-6.228444705599859,0.7112097421816799,2.031106666271274,1.6729567482302947,0.2033271452977985,-1.567780061782834,-3.050820240197668,-4.394186544498968,0.6663691257067761,3.50920291423947,1.0344454200619433,-0.5891310243029313,-0.22669989120661427,3.4731399433040515,-1.1724524380874541,-3.8701702915682006,1.1242824444838302,-3.113344320561998,3.5585446624310535
2659,0.27291139230794315,3.2803066063668744,3.7180181774147343,-6.125650944476575,-0.3832786764104217,-0.7623065552020645,1.5514796271465805,-0.20267970918819955,-1.083081280552991,-1.3852403337293158,1.21112772475679,-0.09160602843221,1.3760906761965792,-0.5013027928155189,-3.602104499532544,-0.9331012370716607,0.26722299120622495,3.393194862017417,1.5700754304354199,3.0704697965871013,-1.695353946129229,0.2947784813809484,-0.10742184436169211,-3.1325479179128948,4.650861779630937,-3.2122164576971315,1.1747378533665973,0.16713671957371368,-2.1588252210986916,-0.621694673774158
2660,-1.1682028907983124,1.899919905351389,3.1180123144993104,-3.9081983655985333,-0.6955650328343688,0.7540340693810084,-3.394218633262394,0.703272019897554,0.671267797239615,2.9538037314383487,-0.08096987043174853,-0.8531550448807472,2.913510225440149,-3.6340268995904683,3.806434757938341,0.5182566373560924,-0.6463171622653654,-2.957857558878226,0.6289859999719383,-1.372856612485176,-1.275888247808135,-1.2236280026009112,-2.2206428589615363,5.464029721883485,3.4289618195017297,-3.670092663537776,-5.794226399416708,-0.5506964297254129,3.557931676647623,3.0281219965317945
2661,2.8483622558198256,3.744669697527012,-1.8376164655518963,-5.725603044560589,0.10211636079820341,0.8680711959679126,-5.149263865043011,0.6115438614989763,-0.2975151127215607,3.530264471714709,0.09612752323375151,1.2088431213177984,-4.097823139609474,3.5012928112858077,1.0837124675105798,-0.9385106019097087,-1.4232622685981937,1.8745907313215255,5.076775648008084,-0.9363047788817163,-3.2941143145526244,0.7602964956662177,-1.5889671355331636,-0.017685914707140427,3.3897477942438563,2.859585955037847,-1.0435278909271446,1.1213083373940957,-3.1365347272251114,-3.190579468522273
2662,2.208252925980023,-0.798055836708901,-5.982147404741166,2.430155724331943,0.6761848141896483,1.465609776948904,1.703663082206873,-5.912669198725574,0.9722238177485067,0.9158039475746129,-0.08930723191339585,2.410285583109623,1.7460805022036077,-4.0408357724071795,0.192140012318891,3.641043415990893,2.118141368166441,-3.6565695262721416,3.711354030339166,-3.068432824438762,-1.238995193220008,-0.5116712733806104,-0.912531822886157,2.0202770835860484,-4.36409821286013,-0.11403887583855266,-0.18081627020772117,-0.6439645929914617,2.1993287747787953,3.103589177120334
2663,-0.40857048045546485,-3.142781713678282,0.06515732279094522,4.756245633644383,-0.17361574369312027,-1.0964350186080019,-2.8122626445657417,4.059259173629005,-0.8257341660156063,0.04898639235221047,-0.8462745743746849,0.3760258189754957,-3.256647583132475,0.4235370676390957,0.18899924098042575,-0.6402749096461342,3.673895476435085,-0.38950929227548414,1.919888754383578,3.1074836996529207,-1.1162827116837981,-0.7038422682668708,-3.2410769835662983,0.033829509480142406,4.387307018935964,-1.4279947275446219,-1.683187338877211,-0.706003065134948,0.7811894271198838,-1.351311314497842
2664,0.47112031301340274,-5.3020160774535015,3.8866122972431825,2.4906237489375833,0.3166527431820545,-1.8629930249222646,-4.171030232400106,2.6939054195030536,1.2414867391634026,-0.0650935082294275,1.0925190049250428,-0.7917874229612991,2.511633362583577,-2.7532734541175614,2.3823879196492648,-3.3850642994701854,1.7404432764148936,-0.4961268050595127,2.0686802375514475,1.20142918393263,-0.6848302749603867,-0.9183513871269717,0.2225729647796495,-1.8895007241766741,0.4178372370354708,-0.8724227275125855,-3.8560525645492554,0.7217162776475421,2.0935841629240386,1.4953376144559911
2665,0.5058400616581462,-4.286936290951118,0.16979723624123721,1.6583259863019713,0.11244763343700859,1.8405253733132128,1.3799060255876618,0.2789558784138393,-0.8933172170005328,-2.9050763605923198,-1.068054402172336,3.2075860757643717,-0.11964934408264938,1.5874103437931346,3.372279064777903,-0.18501850124102148,-2.067160997995698,-2.587860565251175,0.10558326404938256,1.5312674695581485,1.1410076431881926,1.2382569584277654,-3.2451886334676967,-0.7709267017560961,-0.7276681781244392,-4.9296663172594535,4.3437212662257885,-0.6411030875499373,-1.298382044661107,3.2530983613703555
2666,2.9601053632571137,-3.9024324072931726,-1.5966048987127266,4.796864269489081,-0.926643661956198,-1.3312886647836102,1.6068320059061776,2.5408876997824414,-1.0882304996585908,-1.3269682395735778,1.0675341899259223,-2.8000551563817275,0.7630268856669495,-3.080693592288343,0.59269602247997,1.8861903635209885,-0.2953172938236399,0.1340976144445456,3.5291539439551514,-1.1868871482408672,-1.5902568417548082,-0.8418602915613418,1.1115456164174606,-1.0216952788158942,-1.34448363847158,1.1202239588608158,-1.7933584861400966,-0.7381394733427236,3.3289687739418916,-0.5732111348470887
2667,-0.123614150416131,2.6685467844721877,-5.79807292492357,2.800036044123363,0.7809913782946425,-0.3278871315500105,1.2112556952647715,2.5824699771690014,-0.6705694882054622,1.8004773816478128,-0.7122460589628972,-4.211387506912615,2.195325164203304,2.567042859228277,0.8179312985237175,-2.7903965714355294,-0.1850603079067099,-2.6048424426125827,1.2336209900330957,0.1402322070393911,-1.7949117352068669,-0.6309452057352463,1.4099501214500503,-0.35794637758072056,0.7497362144873492,2.8704613357657216,-1.3376644212391824,-0.21765396956541405,-1.7915522755015267,-0.2733268839457512
2668,0.07655501066590276,2.114051234013939,2.14682944369493,-5.48055359680459,-0.04802816040915614,1.1911460688394762,2.084184553419945,-4.485348421902767,-0.3600226052665354,0.5769813325307229,0.787603456436444,1.3966016847827767,-3.1437151338927283,2.0280173500719307,0.490526806753639,-0.966577993877273,3.847243887197365,-2.2554949162524416,3.7683711610862574,-1.740191681819999,-1.5893527784849262,-0.9413713732834559,-1.0830258053589468,1.585570477860788,4.926666217255878,-2.5687514032784264,-2.7085485832233616,-0.4154472975466321,1.7865886939575368,-1.0205076271637985
2669,2.7690864411705007,4.686574716160113,-5.525369711170509,-3.1578482614733403,0.023759183701291597,1.203797631612428,4.712863058399655,-3.5286272754873806,-0.07308251484380168,2.0566954895484493,-0.5970872720139333,-2.5707614856023824,3.2619040206867354,1.1674099422964943,0.2793612317609977,-3.2891289412105618,-0.3784321332273919,-1.0411141203057568,5.500602227746597,-1.5301951695441467,-3.284624091627464,-0.31735108240508403,0.062231312106861836,-0.43066319627708793,-3.2461012117724692,-3.9947573903650593,4.648588347103772,-1.179925758856549,0.5188100631607497,3.2533859507307525
2670,-3.1625461441078215,1.6548044970652036,0.8596846753371956,-2.102031878088244,0.9087480387581164,1.84134081103603,-1.3065100697928997,4.540050199189242,-0.5178009166220638,1.368967252474949,0.47544402243740613,-4.560150487686052,2.9461776931996084,-1.8280124565622664,-1.8097673284171236,1.2487578028159056,-2.131613303328745,1.5744575922931219,-0.785857480739498,-3.1187770573700284,1.8170921268614997,-0.2381342173735712,0.08351459353367119,2.2421620350876097,-1.3731807514158234,-4.8601053624313515,5.903781640401409,-0.49727011257329945,-1.4828506264546828,2.3096252124749377
2671,-2.6449707172065455,-4.984841783703139,2.2608177156289457,3.2243804391416724,0.05773570951081464,2.0868786366287537,4.378683633491804,-5.7134605324801875,0.696501316706323,2.7160611155548544,0.9478812293661045,-3.0256667626383447,-0.8475644583259019,2.5144089466111623,-0.4621955908400217,-1.5178464319332736,3.731841961207163,-3.418644426718622,-5.6441144061422825,3.400492457059208,2.5632060513449666,-0.1968691048781066,-0.24676074745656784,0.12404575007245455,0.576522810713616,2.7514699141756047,-2.4890967304993197,1.1107818470593624,1.7040553446160551,-3.6537331860641373
2672,2.912535046111344,-2.2910079143771824,-1.4823655756049305,2.6958744970066917,-0.7662215131872188,-1.068814539948196,-2.41727764638431,2.338741919148635,-0.13625444347252724,-0.08830454147871336,0.3609417680377538,-0.05784705585027439,-2.342991153234216,-1.7490390128534887,4.048959785916452,0.44128812998958367,1.2086511327592255,-1.6068688825770128,-0.390850048517553,2.6289109928446344,0.47935836444808544,0.4712098354945473,-1.0551239460439117,-2.1335051982261355,3.2219016382765275,-0.9813944406722293,-3.075737795254444,-0.18700877876091138,3.3967871474406692,-2.3745477710284515
2673,-0.053928886612233384,-1.4092648123866098,-4.199182213903434,5.997439552228119,-0.4402653275694006,0.10520168824409737,-1.5761840002965926,3.142631150995811,-0.16273036840859767,2.4091065765045414,0.049047138117618516,-3.8618704969122,-0.008432357542616842,3.3012405228573165,-1.2283923817348885,0.42604943924979466,-2.061889061948408,-0.4285761608806329,-1.6271090655772227,2.4756791024478915,-1.4400509085480735,0.5144878937895179,1.011991880634623,-0.9349989027470542,4.1776458093052575,1.1979818687813726,0.348900614823922,-0.4220157476200619,-1.977090384522855,-3.325422160766438
2674,2.5943848033482624,-1.526700863424228,-4.414632373517389,3.180864539369882,0.8736775873578626,-0.7075936931338198,3.7717710575571317,-3.4326949666768023,0.9262131633569375,3.5791223770073906,-0.641267664861318,-4.203143966382751,-3.5452786981305273,-1.3698707083047026,0.46353905196569656,-0.7541826976529116,4.20651952245721,0.9992735296658051,-6.154272915981991,-2.0093880859322457,1.584465527394343,1.1814328705232304,-1.18903504393219,6.586797647928549,-1.2739002236156978,-2.643877537927711,0.9274095096888573,0.5626605395479043,0.8224133529376676,1.6052943593702054
2675,-2.336930543263245,0.803031988260841,3.2061675407725048,-4.83897799281247,0.9967793852666,2.1699296217763493,-0.6178076720848651,1.984286681795247,-0.4222312413476237,-3.4088619592734197,0.9494997569144958,1.515114433996743,-1.8624537296820804,-0.158105534276352,-0.42228348969456775,-2.2300435527294944,0.9533554969648357,3.7195308094182096,-4.190637363088452,2.4302221059736127,-3.197917604122976,-0.4462341402485279,1.4340127630338237,3.970554238452216,1.1002382867014013,-3.477322733030494,-3.769909531270631,1.211488140570344,3.2264366522073225,1.7090691848233028
2676,1.6064749700545633,-3.9134403196186227,2.511941609850645,-2.1141943847596174,0.25067958141050095,1.6585385430630932,-3.9334345741339583,4.6679978967581555,0.03411633972751815,-2.940171381155176,0.28980754898654837,1.881684169817504,1.4171046693211196,-1.6894837024181086,2.7109185043032404,-3.9918286847371434,-1.0777065009371807,2.6309957144685967,5.669490668157252,-3.124153029617773,-2.240112511102536,0.24233463724545867,-2.673133461612469,2.1255736969297665,-1.3755341494302904,-4.95632581437664,-0.2985649432642319,-0.08671361335181604,3.364109755320438,3.3530287651037725
2677,3.0191752836372743,-2.550865531028503,2.437508183088976,-4.66595162344062,0.1339499816096099,1.6261837061338351,-1.4577254759310527,3.11764801147428,-0.015036123170272475,-2.297704516498561,-0.12952179118701146,0.7823398953132248,-3.335441608132898,3.7258653761244886,1.1364051650177274,0.8488844759651357,-2.6038905961866554,0.22817718721271518,6.122682846344322,-2.0915991499203823,-0.40033326974531214,-0.8548927115875573,-1.7714723436343291,-1.0043853714570332,3.79108877933513,-1.6398788677962557,-1.3596806667741141,-0.8580588731942029,-0.9743727159687303,1.0409023443993668
2678,2.5747044183174133,4.617566750794076,-5.404851163850996,-1.8164032608329421,0.5276643845291131,-0.49868112895609684,4.224595051162414,-6.132561779155971,-0.19080434701372528,0.0653145042579748,-0.8392443544524477,2.8727009252023485,-0.7446002024805267,-3.647084946970054,3.526254449444192,3.696820141385871,-2.929510198787982,0.09812075740902415,0.7603241618226555,-2.2454099309924516,2.10630445866315,0.14666633190599754,1.4571812929606178,-2.2250663143602125,1.7007914174120486,4.507554521598649,-3.3433493787932065,-0.9446110022600731,0.19469665021196114,-2.115082208168179
2679,-0.25893346784124915,2.2272451291429114,-4.747111152066843,4.426195925051527,0.30026275249151846,-1.9476591867772903,0.250831607651655,-3.7669152629100253,0.543674818921497,1.6401759107111182,0.028540327958078038,1.3036925976682596,3.8211164454522653,-3.9456636415577435,1.712261101565126,2.1305340097077483,-0.9208783497205886,-2.7973695654462816,-4.678319896379712,-1.8323115374378958,-2.5288994961340734,1.0815492257441273,2.3325325541772592,5.62544915003005,0.08416048212718863,1.5710853564037102,-3.499979529308437,-0.5073873537025717,1.3797426071938261,0.9723784372874658
2680,-0.34518956756942387,1.6326846373543589,-4.848996269699239,5.132599580359894,-0.518973467922391,-1.0521249125226166,-5.767299098440002,4.260017300344003,0.8636267534897044,3.720118004724842,-0.827725411860011,-2.248737548257971,-1.5884274559718303,-0.7611796230427927,-2.2740231227243033,-0.554239872535323,3.8782365516046653,1.299633522670085,-3.273300191601521,1.7315039546585176,0.8238340089341989,-1.0777571006208597,-2.5312864238651382,4.327005752494536,1.858419082550352,2.252656369976666,-3.925718050933657,0.9554273833670113,-1.128066981075099,-0.012717803884077838
2681,0.17233898358644772,-2.6189967697431484,3.758921833544658,0.6684157601236436,0.16291380776084408,-2.143593615271847,4.029250756106634,2.852816503334072,0.7997075830826654,-2.936265748172657,-0.9728572496387047,-3.772651844711458,-1.4203531674830252,-3.7537015018494824,4.0060485927900835,-1.9815168572750057,-0.057875416563224036,3.2073983503811725,5.2951494282207,3.1437975076077223,-3.3389850779751864,0.7655267401209613,-0.9175362768928359,-4.947952321081612,-1.2453901556877547,-4.0551163397035115,4.13949377764834,0.6705664431572638,3.2660162668029145,-2.7755699922160257
2682,3.307269711681098,1.9406078537958145,0.9702449923940684,-3.1465203446934105,-0.9733497599089298,-2.098252453268059,1.775829101718596,-3.6163159081654292,0.5579826970704005,1.0706809278444354,0.4828835978594004,-0.2710604163268293,-0.07798778925457128,-0.10175114994441259,-0.7386907035856538,-1.9262199812354286,1.4231228573720323,1.4215267666485722,2.221772312800347,-0.17496663914742427,2.7678400782510906,0.543375320120111,1.178144338760763,-6.536165410785131,4.356162294280278,-2.579432123488605,2.334105894058183,-0.7530487060924296,-2.4126307617977965,-0.9451565969584159
2683,-3.1203890244890253,-1.5818350505388388,1.3260053772393654,0.5661844882388252,0.9212709818793314,1.8887632276709105,4.304569541340005,1.8423175403546175,0.6805580170398606,-3.6368335152375124,-0.15677209901356548,-3.0338394844828613,1.987157986510276,-3.9096147693789387,3.893820200426898,1.9235802544375886,-3.5582649760256686,-0.33667869596958866,-0.700399479035152,-2.1308403101941984,0.6175338544426943,1.0564215536575912,-3.064655001908685,4.221939383037551,2.61945399584852,-2.3227772188202565,-2.4148961613924733,-0.9110951073806071,-0.04957145240185845,3.078885944147892
2684,-3.6460995480838907,-3.0050570493343294,2.7175248861660855,1.506218433120658,0.9047868383923467,1.5226264397397529,-1.1071175393245305,4.721456749592317,0.9069327242899066,-1.8760921449360985,0.9063334133798957,-3.5515132030009546,2.5437122979421467,1.38698562461407,-0.8600589592201082,-2.733172329354728,1.6506834495426013,-1.9881500835233954,5.647395980193217,-0.5040848139949379,-0.19055208459780815,-0.14391433970895484,-0.4240228764873848,-4.38482186540433,4.270519924329218,-2.8847260843237486,-3.0504597180377466,1.212658053560796,0.359313000161924,0.09269482431077236
2685,3.0647455364880116,5.087224850041519,-5.604091281839249,-4.318544143608925,0.17726404225248116,1.5934009966668121,-3.2956425210503895,3.097001966460166,-0.15212797402914102,2.507012259358344,0.13439899465850935,-2.290642725396907,2.4688616325362247,3.2820020306253745,-2.0116309856831958,-1.9594122410970556,-2.325520930121593,0.5457004937408314,-0.575685958927302,-0.8009882654074456,0.06781027989715227,-0.5852818841864478,2.9395504918352238,-1.0454046632113787,0.6615774479819159,0.6631191285983533,-0.5746720189456482,-0.4309125547963495,-3.612601792221705,3.2934897893846404
2686,-3.0116062541586537,4.133429189866579,-5.464905589531551,3.7944716204507607,0.278631396478457,0.26997963689505156,-1.693826752410768,4.458261662642784,0.5517161106423183,-3.3883447398184803,-1.1026209268193896,1.1748146457641404,-2.954274951779354,1.5765493671144455,1.378583816709579,-1.173781288286996,3.5646282332775456,-2.391705177034627,2.8660401832315934,0.5150738789001945,-0.12577692654016737,-0.8664907562394699,-0.2557837016455551,-2.1330626777068,4.978168428129589,-2.1447369892485177,-5.443148482261893,0.6602886627188589,1.0448837225664356,0.9045446580967269
2687,2.49929328621684,-5.667282087710571,0.07914088202339187,2.2348934240685168,-0.2994973736675033,1.1534518690699525,-2.145454061517036,-1.3385948203414095,0.16851787715528843,-1.3657408244141216,-1.2105884821363677,5.891860311254227,-1.1511362913998333,-0.2883082390389653,-3.5332206858786517,-2.6002741575333186,4.045317127879915,3.527622245971429,5.924848932751722,-1.5228143899329876,1.0655505157142926,0.4826692194601776,-1.8525209289571318,-4.097733349036254,-0.29507096429833624,-2.9778599984803904,-0.1497383023687462,1.1058090990656408,-0.03158961686891537,2.3484497829519313
2688,0.8699662094042431,-3.395811726819389,4.650070220708656,-4.076140768904409,-0.4476990734486841,2.399615139060197,-5.129255722731898,3.5011555499112283,-0.8634433554804612,1.658765895188953,1.0260621528298746,-0.19328451971710692,-1.3667906810934412,2.1020056602031865,-3.88673193278947,0.2701436168503015,0.0749176928196853,2.8064556440103026,-3.0556384181614717,1.720372754972125,3.0941905159934535,-1.2451814010650994,-0.6096617192165272,0.095918267477348,-2.8322565000037194,-2.5891095311485444,4.9067023587310565,0.3895732513393977,0.27418986530469347,-0.14909944422168486
2689,3.4935586356985304,2.2161880056138834,-0.4341732993943914,-2.8716626298059182,0.003765188943319231,-2.4076759010548097,-4.321021669051159,1.6273111789894372,-0.8653314595881207,0.22083127488132703,0.7925175205127593,2.5456931542563304,0.12400220776487814,-1.5125577419667326,0.6330850287462155,1.293050539604927,-2.034072986294694,1.49649295214601,-3.7976491060906987,1.5014096334494305,3.26940192232194,0.03981152364324636,1.0568643234535244,-2.069838296777643,1.3703141195229591,0.8440268015286669,-4.9546483388807445,-0.021931931934187965,-0.5028916667366232,3.2651310165011154
2690,-0.27254740398161914,0.9421205815942955,-2.436416311961789,1.519795081981684,-0.5241313671812438,0.7711794195493091,1.9902303886388246,-1.9014227716722196,-0.7689301397634116,-2.0292522381067712,-0.13149291417046172,2.8408676750745627,3.166845449672511,1.3596160091373903,0.27894860024916923,-3.4727422719493006,-0.11071265574812017,-1.2219551313610353,-3.8334360349355485,-0.9964098861561848,2.901682847476522,-0.2129154510019564,0.00396802577844646,2.1371104988384992,-0.07972341836114438,-3.5397799371802776,0.3786120550680714,-0.1036929899467447,0.11200848063518443,3.2325758097861126
2691,-2.0168233833700437,-2.5476956998818707,-1.5707152296284477,6.240498842573459,-0.4339663823067874,0.3287018526143335,-2.0948591796655904,-3.413372101401741,-0.9767861240759608,2.602205580606089,0.11510308529336655,3.767708739244391,1.230419474036303,2.3180617843190063,1.0067116093744346,-3.3713631579852965,0.49434978475014546,-1.6781794944940067,0.7310111266740336,3.4208283847129977,-1.9178145804484164,-0.016504838119269394,1.8549013273785437,-4.072421420198118,4.128589170889107,-3.540123704007744,1.8940827684850916,0.12146424062805039,-3.6705076833052974,1.0664952073119451
2692,2.6014998852286375,4.416072743889025,-5.440758526081694,-3.185578714472605,-0.459362399425004,2.0681270108622716,4.84947028965037,5.4848959723122235,-0.7780880644268056,-2.86192526678197,-1.053933386491948,-5.640419544261331,-2.8303793295317075,1.954225150560653,-0.31740045073791023,2.744302296357553,-1.0193048850511524,-0.5314427815968052,1.0749375865606972,-1.4481434992499764,-1.3237340538071738,1.2470059557370234,-2.052838683408556,2.5027726941677493,1.716286186378806,2.7367656438396857,1.133419519995865,-0.21503868210438437,-2.345113464464731,-3.0263192036440643
2693,-0.3076417543897545,4.530230031214284,1.0055455599435348,-3.9844024226073564,0.8527563605874788,-2.096487774747552,-0.7924472955230684,1.3867022438661714,1.0891234592235737,-2.8595427124031065,-0.10376833011855702,1.2799326349555322,2.512627365226926,2.800738575162505,-2.4205547910455643,-3.9013529971344134,-1.8475751965834828,2.8561170443746597,2.22753598716524,0.5476484821013852,2.0471474777698013,0.9917440394623558,-2.315748436542531,-3.4983275499564677,1.4337220843435148,-1.0293322233877191,4.608992859675432,-0.1499805899423432,-3.068700532453674,-1.7947015982340204
2694,-3.4860771083919815,-2.1376350416294834,5.342094979543049,2.559772553622661,-0.513136929250561,-1.7650184538930027,-0.6038711134470738,0.8204413273715971,-0.8639100228970156,3.0106167389948943,1.0936250896839894,-3.456902019705847,-1.594617799782414,1.5992602656751345,-3.5701315264825446,3.597270051566234,-0.49774236854633713,0.4659613775705438,5.889392203338044,1.691539606709279,-0.9548448395725906,-0.04555233528888003,-2.3723030751838454,-4.208231560002236,-1.9150732566842947,2.5814238582376525,-1.544356719764039,-0.7868549893596013,2.037528741106911,-0.37266763353544796
2695,0.53670283800448,-3.062824813715242,-0.4747826957499406,3.369375384292699,-0.8786941776507093,0.5102234648193971,-5.218107861827921,-4.438007603008522,0.6327514662490383,3.6654141434037726,-0.6889420726566442,6.046891927840804,4.07404727465503,-2.380861313913524,-3.585252858244237,-0.08901002644234524,1.1544223076869145,0.8266546162587751,-1.2047130433925233,0.47109183304062086,3.2137076705807743,-0.999609364759019,2.614458780491052,-4.094935875961141,0.7479112434232782,1.3959305702248592,2.8257757739498253,0.14165522474417003,-2.6436845240949474,-2.467588288246011
2696,2.0289558232149254,0.618902691285161,-1.0682032571009685,0.0672305594025886,0.8203439467936242,-2.46722976359463,-2.6219370460566793,5.009618816552699,1.2344443116346353,2.578920955190945,-0.11531366754001571,-6.085733369781078,3.1698887581272928,-2.1978098731415088,2.228064170640309,-4.170105873613869,3.5684962218796983,-2.5985334038912846,2.167290204237993,-2.1430205042309804,3.2125256358024608,-0.01634491350662781,-1.3461991642467073,-1.8742512580563613,2.5647719391389643,-4.505989253775789,2.1581353692217533,0.17887394532570688,-2.0665908282871097,1.6707988283776416
2697,1.4300218232399615,5.536133434642974,-5.2514141701592685,-0.03619748446879001,-0.870073498115671,-0.8084701051384897,-3.157497252072428,5.785996732811977,0.6341662186155261,-2.9025713711656866,-1.054976642362785,0.6948823141739311,3.3965848489368824,2.2484953614725676,-0.8587487179301334,-0.7246600574997153,-0.8494748484814068,-3.212196586497573,4.909500951934213,0.16234130966710225,1.6945078427336604,0.6395040169581341,-1.5525337755896533,-5.853320345703697,2.9002041346876624,-0.8171894755009568,-5.588371426822135,-0.8101572587805697,1.2358833798225817,3.079630646594598
2698,-1.030940007778808,-2.0653189188184413,2.3388513445576073,1.0475727376634616,0.5390291238352254,-0.8291942794583491,-3.1436283173877158,0.5358066250544944,0.6473265929349159,-0.08760573742947031,-0.3459446570080349,2.3940454938363445,3.8020011791863055,2.0413334841261097,-2.1607871819775024,-2.791657641895732,2.302009495413884,-3.192899334852447,6.182251740128589,0.13500049645827872,-1.7579187591072163,0.3463635007519752,-2.29688999431961,-2.608806983912242,1.0495758366460741,0.6349476488627879,-1.0501624314080331,-1.1832235466876133,-3.105681990187751,3.6545444827757514
2699,-2.996375603388694,-4.298445714706354,5.801670322535529,3.43711075543602,0.48458707747826146,-2.4285468373540597,-4.168397046610913,3.209489790958102,0.8952120991324026,-0.6765877335051229,0.01786040529770805,0.7224224847283303,0.8835706369860752,2.0303961949664036,-1.9194654417632844,-0.254903519750183,-3.600906896428226,2.8613090259898257,3.889290476236205,0.29676395637858555,2.9729381558951076,1.0605065760962669,-1.7238486768167736,-6.495650487789632,0.7805242645896406,0.28264889351961386,-1.544798662351326,1.150304390340473,-0.9959323956327815,0.3272535095355753
2700,-2.4551012487003945,4.724391813282065,-5.224769127956712,2.879898234009552,0.6445660620339639,-0.5689857326677661,-0.7245601281585259,0.7258917629573602,1.2142268881537603,2.943008834654485,0.9626443648626415,-5.121211722469219,4.1954710463503275,-1.280837544833357,-0.35545219321617694,-0.43346105324961925,-3.6781401388156922,1.552419883765154,-0.004935773715505576,3.461819927581306,-1.7366021117398613,-0.5546065648500242,3.2033777960754186,-4.369053273351593,4.08166998715847,-4.078050603140445,1.67511753466745,0.43916248905780897,-2.2516299822746255,0.13373057453258497
2701,-1.2990311044446816,-1.2236972319594202,1.6629603938356894,-0.31073116065521944,-0.6607724954816483,1.83127159870598,1.704534959314902,0.1837744842479907,1.0219914481403727,1.626293122563503,0.589559011444095,-5.126153025710373,-2.4765959582165706,-0.7205430951227711,-0.13428471169264355,3.4206202647558115,-0.4278088163124032,0.3386123165891952,-1.4802391847189718,1.6505296646475784,-1.2470057004320747,0.8233328719362056,-0.1640049520505915,0.4173873006176052,4.288778276879608,-0.6536343838965344,-5.850147886743574,0.5813464798980004,1.0337965127843027,0.5998610010794199
2702,-0.0036564122885707206,2.365580316576576,-6.2195278649641885,3.440060814394286,-0.746359795323394,1.1639029416059472,-4.453997883130743,4.795740906425642,1.1494440076559167,-2.603504984041477,-0.6669668198559728,1.7792847729470864,-2.337637844674619,3.9451880477157992,-3.0474143128015285,3.2990755444845163,-1.7765161301336256,-0.08269530458991703,1.5413616838988773,1.6590552310733315,-2.850766760620079,-1.0608309536884368,0.159667458809869,0.5515133405261743,3.472805625527073,2.757988890865473,-5.7309046509639465,1.0162917983839757,0.767733094630282,-2.2839147584416413
2703,-0.6546185653029628,-0.9551944937144476,-4.576613159066415,3.721429547090324,0.6215573645360819,1.8434393064580608,5.421375897303033,-3.839454145097946,0.6847235370494351,2.820883071236043,1.0229945654281947,-6.1105229259183105,-1.36783310092963,-3.4898408162552244,2.2880567840873596,2.601311362912238,-0.9739727080804101,0.9422784782663118,1.6595642706371798,-2.0879888032541754,0.6236433992818213,-0.6034299012576447,-0.9784903734304784,1.3867014080230327,1.9587060961714116,-3.460540591047625,-0.11530237275722399,0.5890397202039823,3.4435670713577835,-2.4154699239271196
2704,1.154481089103296,-1.3140569084839804,-0.1808128555016424,0.9384481313755728,0.4717525847990247,-1.0698120412915983,5.563321640167697,-5.509509317395832,-1.2299518016516129,-0.3500481409390783,0.2569657069857696,1.2692219128335083,-0.7298542457475321,-3.480224522997947,3.0350109217032184,-0.6582298330012932,1.0295802120987183,0.8037174679454697,-2.7410848744910297,3.0314675184757682,1.7761019677594874,-1.1350340667208645,2.091893733155448,-3.023344278179078,-4.5164204392298455,-1.0878483282699634,2.2831569008535944,1.034788766653186,3.3296086012434536,-1.0432855012492066
2705,0.02455989442338513,-5.631434172652465,2.8778986148069237,1.5939183068616174,-0.6865147453100007,1.8215721018712259,-5.511915160815278,1.6535991053411543,-0.28699507696539683,1.323993613098267,-0.35077966862546095,3.172097187967168,1.5613557743879944,3.3151506514083486,3.1154617065586834,-3.0377957693153945,-4.249038870510592,-0.7051334925284394,-4.799681687670724,-0.3997608212774004,-2.807233240337405,0.22374576016167413,2.377564085280653,5.405365903842899,1.8330135616887588,-4.262427552318734,-0.28097855534694816,0.07115921436301864,2.3662670854977463,0.27296624611738984
2706,2.2968875446380075,0.21692590512928334,2.6259368623955517,-4.035073009039575,-0.05123582156558837,-1.0534414815570106,2.8227151255855887,-1.6700241354834482,0.620795000237357,0.573029534950992,0.32387302567654075,-2.670388550966596,-0.04014198551821835,-0.20430902827024866,-1.1549401948725269,2.0868184695510905,0.9417969119121317,-1.6292241728015942,5.1159988428441565,-3.3738332050470934,1.862462316712211,0.39974363334882135,-1.540465810991746,-2.4639057768666532,1.2665480672536624,0.6958961728352833,-1.1135558907533145,0.4086350157954577,-1.1556609510945055,-0.10186241403534524
2707,1.987072559596733,-1.940218909445015,-5.515606439269504,5.235663099041915,0.3478406137365009,-0.11475092365996709,-3.37723457583434,1.2354505901208732,0.47539275401648506,3.1521564762183516,-1.172205219990667,-0.31356002453025766,-1.8507981158381472,-2.4524023976646365,1.6960534080842926,2.9287621583605556,1.7863460976344605,-2.1079611505758944,-6.180551490888867,2.306791955495683,-0.9216101260639853,-0.688715999026412,-0.2257215964011685,5.709807256884481,-4.053037850552061,2.0420874198693078,-3.9221996664133236,0.752696324708519,3.728180018803549,1.4522737535852421
2708,2.6778385165455205,-3.640787331745404,-5.669124775833126,4.223791028556189,0.2846101915298034,2.1236723709477108,-2.6574092277179915,0.6800627997206021,0.9870317098955077,2.9399859844306953,0.17391067128473026,-2.1235819376130713,-2.329982304619742,2.9627676129580323,-3.777865064395293,-2.3752611518007303,3.330394201342404,2.189946706515922,-3.6483928675632455,3.1876606426735528,-2.3572150143828257,0.26403043924969616,-1.2397799669664842,3.793696766989026,0.12432597785054611,0.2217105304161464,2.484100299559735,0.19018442939785984,-2.5461333215462343,-0.47418791567683627
2709,-3.576457592466655,-1.040374983005865,0.7622022818787286,5.3855257426448055,0.5719037930793269,-2.102799242129657,5.627882602581732,1.5014889905299995,-1.0503264939906294,0.07211862003723368,-0.7928716093145338,-5.358292109843266,4.199836546656126,-3.1072431299538987,-3.9373089360530713,-0.07657409625885236,2.4206213860848322,0.5006682295254734,5.556036392634354,1.9324961388853517,-3.0089498773393597,-0.9279607229014211,3.1698452210778036,-6.721467152357047,2.740479045719077,-4.001593835819511,-2.024746355891903,0.6331624236783266,1.4268188738286298,1.2258798484866062
2710,-2.3338278016464606,1.6045889198186885,-5.762487998882616,4.570325925439235,0.3080905805341634,1.6133103747376456,0.45171804298452756,-2.9847329434229906,0.2356290444779301,3.4007026410112395,0.400064524387715,-1.5033813094378559,1.7276025677283755,1.0561434337501154,-2.2054837517605623,-1.7121993756632943,0.5289209402564978,0.6050161856894576,-5.947407753229658,-2.10770308916646,2.267156795632708,-0.1662228040287541,0.6930212636540336,5.261155587137807,-4.7661997384348425,1.2984438917327736,3.2021301848431527,1.005258228254144,0.08996768662968968,-0.8296002530236724
2711,0.46204378557868075,-4.743644152418977,2.5002080963673663,2.9788318602582216,-0.9055105219760629,-0.2919290678085673,3.538243955967662,4.297663270975104,0.036090278258687825,-2.9142825465923003,-0.5903894441021604,-4.367325514506433,3.987532670401393,-2.332936857278874,1.3961554429179799,-1.1312629489146264,-0.1735706781909947,-1.7459176289342828,-2.6324210362535005,3.335623630619743,-0.9975157785073865,0.9371715704029429,-0.3978165341098734,-0.24504185215221597,2.070882116300705,-4.757168387987287,3.896887154240506,-1.2455798053945886,-1.9758174142317575,2.0107963370736783
2712,-1.819734836228747,0.07908103041669179,2.122418969017726,0.2888235966735735,-0.949619453698404,0.2790306938198128,2.4341147568418933,-2.1502349511124663,-0.3026483225502421,3.5654077164836195,-1.0736086588541456,-2.4730305408081037,1.3566976205650185,2.2098214439886057,-0.75318177324327,-0.6170189185230548,-2.984824171331299,0.7885057985445929,-5.097004426951024,1.492070600327498,-1.665127575119703,-0.7352070030109976,3.0914557046104605,2.913812700143481,1.0769341204984428,2.7891570106829846,-5.121104152632995,0.48538987119453925,-1.0569985902564234,1.826621740514696
2713,-3.1966588229889563,-5.725565104945968,5.687464417043717,2.4986771741342544,0.8458740952428054,-0.10979175848515332,5.9334726132211095,-5.371375935409784,-1.2242393546565271,-2.0409997529264725,-0.7461314380654853,3.4492738678376966,0.7050784401000918,-0.7358424898387597,4.108599758643887,-1.614900590981529,-2.8967221752779455,0.4337870573548681,5.966032364428841,-2.189084135286409,3.361647422458706,0.43267938162402686,-2.5010465611871293,-5.070228472038291,-3.9567966188742787,-2.830867585284924,-1.0639783120370332,1.2122647213345923,3.072947850282972,3.566429944579916
2714,2.236899044013633,-2.8335428859356355,-6.046093727504537,5.053119703178282,0.8025927526706353,0.7870251135782986,0.8580927052250082,2.6946303219551986,0.1275030832464168,-2.598532392007675,-0.6574046258351114,-0.42428909258329384,-0.5229143106693073,-1.7028916997150354,-1.2517239751091136,-1.8826226477302246,3.8817678555603834,1.4783847776639298,5.23886460182737,1.7344338336859,-3.0593023520831366,-0.8341081202483194,-1.9676468146908235,-1.1122411484912291,-1.782981647577035,-4.52270740202027,6.084186586446524,0.34038655477359114,1.2610266568183128,-1.3799107484399133
2715,0.2017718640262558,2.543514681198399,-4.892502119514784,2.195605432170339,-0.947563189517181,0.8991733316376447,0.4444460331884912,4.766819926643549,0.1977580429401975,-2.55149268201089,-0.1097876870428447,-2.7477436337179597,3.1812140608922483,0.5998978904250478,-1.057145902010161,-1.151110810888662,0.4234468412657826,-1.9963020796836464,2.6136352432028005,-2.4937045596702294,-3.5677857531815516,0.9118660971373655,-2.66056611044357,5.1965550829549585,0.22742838844511581,-2.1102537984589027,-2.4396471228460186,0.46047909176860014,3.3648089040994904,0.4971845369929362
2716,-1.9837597633010304,-1.4052829157208642,5.494218091852783,-0.41377036338172957,-0.9097056921573567,-0.7816993572911191,-0.6235908151236629,4.0417894928562,-0.044449957140918706,1.0239191057385817,0.7433610209717658,-5.141028847301445,-0.5133225409374873,-3.953381705203837,4.038425255544318,0.6525955961023904,1.3417796137648672,-1.5660962192696406,5.345753392049847,1.9237173944460846,1.272217554535203,0.7130062018076435,-3.0173186268810266,-6.237375915958019,2.715586703525819,-1.291191338356935,-3.598038349962227,0.5092597421882754,1.3392954735779057,0.32508776902838044
2717,-0.9892961218022389,3.4627101155302036,2.277123243955252,-3.242957238077331,-0.1445199481681858,-1.363060051437012,1.505557737368374,-4.890699286726004,-0.19305213484964323,1.9341837880498396,0.6950441707383161,0.9489657254196651,1.2431140166953654,-1.216329309542143,0.2882450932069034,3.754114464493359,-3.324854696159978,-0.7442895686929063,0.40253724083025944,-0.6577606085529357,2.172559503432602,-1.1796715695982338,1.8553318126206744,-2.592996378732664,-2.810980064911302,0.883070815039563,-2.8871234573052185,0.8941902491816238,3.294365316036128,0.626477141960434
2718,1.7674769277396791,3.7541698523129874,-3.226715960213582,-2.3051444620004595,-0.14370748495618768,0.15392112711826655,-2.991116118242733,-2.3548995607513987,0.09998880880112182,1.006850340166011,0.11646309562994883,4.122713434397621,-3.699509170297558,1.1274710530688523,1.831033252455228,2.1198592027957197,-1.9315706199681877,0.5527162819465552,-1.5633749535351136,-2.9332214705605946,-0.812817025326952,0.2342037972592923,-0.7094604821843706,5.784670134347444,1.2674929451394803,-3.2955073476395036,-1.2998550578988244,-0.3882687535322136,2.3200639808048855,1.3960742331273792
2719,3.585261230850275,1.550749888045928,-1.1855260545013202,-3.084488673496022,-0.2653365298348933,-0.6006598610632512,-0.6237737981492408,1.2651459535340273,-0.11518359663974387,-0.390665323913888,-0.6933992670766322,0.5578760322460035,2.4898178599784373,2.7962033556258845,-3.3487791345690336,0.3069562096335652,-2.156293565610314,-0.08790472505791058,3.319540723956518,-2.5404432157144488,-1.417567682301268,-0.49146620979650724,2.321473778700458,-1.191537394845021,3.1592160374974085,-3.344274568778676,2.011244667278877,0.8827414316129802,-1.7752669262476282,-0.9336606413617545
2720,-3.3840809351727152,2.217221560957576,-1.7570529114496871,4.554915316329197,-0.4578916407635567,-1.1731113899001162,-0.48776285892307314,0.9814168582488918,-0.3182722484083351,-0.10886081578249751,-1.1130235649135969,1.046502629779141,-2.954498963504598,2.3964985685688305,3.0739886148387967,-1.212793144733114,1.7293028262634316,-3.0324979014327162,-0.25728895497389814,1.147243779615966,1.8687842421144936,0.1596952061713255,-0.713498391055353,-2.2049358818728315,-0.1453395207253223,-3.1243639092806,2.9032295746865877,-0.9132822868945558,-1.5198119767323917,2.7995681189474837
2721,1.155608440998865,-4.754857954886642,-0.7227406050950194,4.699127507547743,-0.3714989279184311,-0.005638460645812415,-3.4838963440633606,2.754708916978565,-0.49295661410351777,0.680638830175317,-0.874603421772651,1.416108632786198,-0.043012383950355115,-2.6197456360428113,1.294029734377503,2.7684242852406413,-0.35067920513620265,-1.0490167944881126,-4.554905061920955,2.130873278557697,2.6931820784444973,0.5540464762658974,-0.5653716715241721,-0.2578250998232434,0.43381823207132797,1.86854952258226,-2.943556443017453,-0.3086147586456738,1.4338804007522015,-0.48407695374143245
2722,3.0532716904950874,-2.859333723803566,-0.055316931658836666,1.2877753317314635,0.8752131941795529,-2.3016095609430076,0.44189795831797696,-1.6463689731746705,-0.8613830465293377,-3.541633248752424,0.6931650656521002,4.914322244486911,-1.5332918238976596,-1.3113740832362133,-0.9464101309899853,-2.8528834469274287,3.2937174069668984,3.3502420780850635,-5.355517461232296,0.69829577606993,3.859534555035264,-0.5730138144775854,0.01909586821862419,1.3516050763857628,-1.0204169069323825,0.3662387811282315,2.399946835404098,-0.2705439028833396,-3.709794782802046,2.234569976086707
2723,-1.4841199295944651,-3.094075968104665,6.120896879039705,-2.9669695570150836,0.014331322572630256,1.4099372531025764,3.3474329589318685,-4.306026206815282,-0.00010317201354137495,-1.2965271801332374,-0.025357399412804682,2.2805809994435684,3.1934599998490327,0.8949634239780586,1.0578465218198154,0.6567372732358763,-2.203263163832764,-3.5997440550493263,-5.993468424096545,-2.793667890463988,3.286331981228784,0.8793850794988742,-1.284917816065951,5.906337069898498,-0.30240464514240983,-3.9423279546415664,4.119736457453023,0.0015777927250102408,-0.058263648437119286,0.18168199804431495
2724,-0.8571015699858258,-4.617380000157457,0.9292128391121253,2.4431695330375156,0.11297440964596817,1.9891247883483594,-5.74097986186699,-1.6744422164621966,0.635692964397105,2.611478722882577,-0.9032601591811007,5.071510550231199,-1.8012740546493315,-3.86381858293357,2.892303368068383,2.3691831295239645,1.6273392027445652,-1.2237330627533218,0.46075222126102133,0.2699068041556796,-1.9708011084267394,0.5606837372138305,-3.053373375199765,3.73283172099568,-1.4800907363831861,-0.5045674552766428,1.6104255011614086,-0.030358711821670603,3.0894270430685573,-2.6848356407472007
2725,0.9291172167134221,3.0073969799515297,-5.3039834787630085,0.06675209485997158,0.28078507949337794,1.0199321077454115,-4.940407840844966,3.0509330311049574,0.3452601451232855,-1.5583534315459548,-0.2805926505168337,3.3831607466801152,-0.09345411241766399,-0.25326924332131284,-2.0332067452520626,2.6254110854332744,-1.9068545167906024,1.6613735323490602,1.1470463051831281,3.019673873105674,-1.4538671797277676,-0.4887904191979793,-2.3099026395369666,0.08584006017364487,-4.236878933948793,1.8988275802368015,5.650793785626124,-0.9036829721677382,-2.7872742560626858,0.3782147963175575
2726,-0.9261618505626448,0.7013577194683762,3.0941722873631754,-1.8208118976751244,0.17368311952195148,-1.2222393781150274,-5.180874996948052,5.17559493124379,1.22620548668381,-3.4848495286002965,-0.05460942126265511,2.318533528884032,1.213551109162946,-4.014678327564461,3.0770953751632177,0.3098379847175039,1.4423821933124792,-2.0281883347910075,1.2039756606099346,-3.230059409808625,0.20267557902999656,-0.16463933119830543,0.47931509697448504,1.5087324043922585,3.0599921243991623,-4.236711731800309,-2.9444270252539724,0.522594874206936,3.609899718361092,-0.011347959911622851
2727,0.767463644737246,3.4256982623814167,-2.472215961709491,-3.0918086595662793,0.23869513102112183,1.1321675831366846,-3.2777432956460224,-1.0547405594101633,0.49120103475656407,2.6471593251342007,-1.0355353178360769,2.229658813002114,2.518790016526239,-3.7413252952511495,-0.051793081328071366,-3.3326096532297864,1.5511905282468206,3.0557474850366013,-6.1435394299908666,1.5901561192388556,0.4092117567703717,-1.1027191638683465,2.5963740079028668,2.650516709946853,1.0138504362355043,-4.985008722409102,0.7655656760274105,-0.09811244677718545,2.3836193801554124,0.9200856767692223
2728,1.9134778936342869,-4.609875100689866,5.669419000340916,-1.9010823060405357,-0.5588704574287549,-0.513069029815366,4.263809771505748,-3.539950315229113,0.9336739116398176,1.5562888414754745,-0.9096688320775996,-2.30415337731376,0.9652171749246463,0.7078983511483194,3.8522619036074346,-2.3312207368441964,-1.5001926381591453,-1.6939640546764334,5.687257287915404,2.8103231008911536,-3.9824462010802755,-0.6615598836021981,-0.8336439516537801,-3.0199303524706096,2.376427005024521,-3.2840715631694586,0.4826310008563546,-0.2870747372796867,-2.6050798105695723,3.317168105139121
2729,-3.4849991175812782,-1.7154907832567368,-2.418104037102374,5.060810763346975,0.2085235392614102,2.3492596353326913,-0.47425920870359306,1.497173395821715,1.0810690641874272,3.3469050186331195,-0.1922781421717792,-5.258610127766328,-1.2075135199846443,-2.7978263927323024,-2.360707794880563,3.4745523969622454,3.9988360270181964,-1.1073407163823479,4.283486892696782,1.1145145664856226,3.671244540749665,-0.011714111323266607,-2.649784184501417,-6.407747704107692,2.1767436511456566,2.729672961348843,-0.5312415605274765,0.8973030676653106,-1.590243285792404,-3.6822348338386686
2730,1.3856188096437094,-0.9862041600714093,-0.9448300147153006,1.4135863643870685,0.956740301449801,-1.8249113006932074,-4.285414988357921,-2.2772301964771025,0.03360465975396032,2.9004390075269697,-0.7782146247022315,4.406816142256858,0.6639708433016658,3.6153490656509106,-4.1448331566446175,-0.0965936341643463,-1.7755416596354383,1.7376485414923977,2.565653797681314,-2.9786455703638524,0.7576924424775591,-0.31415902844879007,3.041022703961115,-3.071564345307653,-2.546017756477074,2.175773675000144,-1.1385755028712659,0.30177571318361984,-2.012407188647728,3.21945105981359
2731,0.10242394328533067,3.4347970298492427,-0.05989664543453799,-1.8536856881542434,-0.6645791454833931,-0.9590594940617247,0.6891861273535085,-1.7647075413645297,-0.13175654443751839,-1.9617523081584434,0.624623790373529,2.54440647623397,1.9470531203425558,-3.4860203357617046,3.784305719278148,-2.4090201233694373,2.4565745320408006,-2.292892912529803,2.6153925547206924,2.9118402568515123,-3.265090291631177,1.1069954968394402,-1.2628448208409324,-2.106293195939866,0.21597803137008853,0.4116517052110851,1.6999421283533813,0.4450796972550979,0.7169760606719375,-3.4896276228603025
2732,2.832655554615183,-2.3384981806210234,0.8451733516029556,-1.7478358829050222,0.783211301061435,-0.37470614375285294,-3.4288005501075887,-1.0627020739589668,0.0968888162233581,-0.6369240523806656,0.8448044682204898,4.186733392003909,-1.977851496417287,1.3383308092785207,0.5729593684062664,-2.1414413820323954,-1.2159687221914535,3.423971422956896,-2.568109231495338,0.617011495924757,2.0449919759874327,-0.6523539213767107,-0.8092076618532467,1.3676673428127835,-1.667557969069282,-2.969234464816335,2.410730146482713,0.6186483067631654,0.6979036378099526,0.909510342831112
2733,-2.5991824451772185,3.744682432119852,2.1513384358834955,-5.300896017717427,0.6537676575178204,1.350289937374189,-1.3783942155930156,1.8012438908774868,-0.7530405059263421,-0.38947094051344777,0.77261412239754,-0.052952351241710716,2.059408919393878,1.3547465072484002,-2.2509812406737186,-2.2038018870068363,0.9805930667167004,0.06003463432208278,-5.734987470072291,-2.1312680311237635,-0.5536366189070243,0.885618679585872,3.0246596983218232,4.509613742195057,-2.395993184549347,1.0225139082081824,1.4931931545735893,0.6549663288945267,-3.531788157243465,2.757107950117838
2734,-0.005057432984246546,-2.5320601431767216,0.11570043465898294,3.277654649526035,0.47473275493586575,-1.3309702629591982,4.978573649085472,-3.2766265296148873,0.5038940781724186,2.3667599736492626,-0.022491593416400946,-4.550109577875347,-2.1568148897299366,1.7532947192591841,-2.5214159137164316,-0.18584753240948615,4.124527418433406,-1.0137438018362168,2.588631035836542,-2.5590330297769626,2.138529079244769,-0.6724310585733457,2.5043444012387983,-4.000040427970131,-4.349857351295116,3.1540401563138047,1.8629687441625862,0.15031753112358626,-2.810424828354055,1.9929557480504947
2735,-2.306358095783267,0.6868066045337535,2.1303953999647156,2.366280166734665,-0.4809088529531116,-2.3962152224960027,-0.0677933058426099,-1.3482354130276875,-0.6068235233293757,2.848561430193783,-1.0372548305814475,0.21154564258782926,3.5870117989318686,-2.17329715236675,1.6745564862731328,-2.3136049044150635,-1.2567687827858887,0.4821025543632125,2.168049918647011,-2.852446721935161,-0.4257401764004367,0.8180843113722442,-1.4785186310882885,1.7705712994043168,-3.0192015342025798,2.545898175752125,-3.4103249324672333,0.8291785431751775,2.633208346269676,0.4212414014740862
2736,-2.7744422394674224,-1.6724527391955206,3.8144261443430167,-0.3660645238495448,-0.7029863543239343,1.7015197124941572,-3.9246903947055287,3.058553935110215,-0.4242217946427935,-1.3964975031736024,0.6259796412537009,2.0608761161584894,0.046578552572647425,0.9384057100668421,3.239873053662226,-1.2890398657151394,0.608910949740153,-3.5447284003262514,-1.5463787583214206,-1.191622139810475,2.4921141701393204,-0.6345482771422954,-1.154068447670598,2.034503452805211,-1.1481105672294625,-0.6600939830115387,3.2771767691302642,0.3932099467202024,-3.104194738035348,1.2420125724271251
2737,-0.34134472101183455,3.618124377854187,-0.5512233362913683,-4.287385378229654,-0.08200077864532518,1.6438298363247235,2.3317628792510305,-5.287335797470103,-0.6648388179517593,2.1058614531410207,-0.9455704397537463,2.46012072278403,-1.459635310450608,0.20929155695882784,-1.847049510633969,-0.3001817879003532,3.776253986594437,-0.3786789345678301,-0.2527400509162092,1.8394658355893174,-1.5127383593753692,0.3030493279966997,2.023521068510682,-2.400557821805375,1.7490877312814916,-3.070917667377106,-4.49498556488199,0.8308906054731242,2.233276661729942,2.7526482337757976
2738,-0.7261452278371276,1.2856671975837344,-2.4146348718236155,3.561022438765992,-0.1541664933313034,-1.5517430433569608,3.8352785517943957,-1.128263639305029,0.8241080882892247,-0.24732487073531395,0.6526527291791311,-3.936450859221946,2.3171321008296744,-2.3116683743328696,-0.15149796151095174,0.7640486774674997,-3.505441558192917,2.8874271157400493,2.1203874074653903,3.180660623666732,-3.8282827272296576,-0.0533433850980467,0.004174504568954518,-1.4235964233736063,2.5577492550474688,-0.47036536967653575,4.7255406024043864,-0.9249622802070165,-2.652307722891777,-3.2356544846752655
2739,-1.3848118907808065,0.9604236712095862,-2.4753323253874697,3.135843139710051,-0.1994667141422788,-0.036655880608359226,-4.001298844250979,-4.959068729387589,-0.8881931585820961,3.3245704618529004,0.7894616406732284,5.734528629695003,-3.3730488005221346,4.024909787945312,3.8593004316577755,-0.16449158584440582,-1.3975128895355482,-2.9491569437005207,1.820621499204222,0.23039560451451813,-2.867460431259495,-0.3249713545459336,-2.6122020408640783,3.7536167229505573,0.09742212731468669,-4.978964236094818,4.921420358622136,1.204331883654814,0.6809881744933595,-1.9251983079888735
2740,-2.5124029370561107,3.357300863744939,-3.470306575226818,4.99028955994622,-0.07193823752032058,-2.292942673887202,5.470945362142096,-2.109028539014588,-0.9226740124907646,1.4316704907306246,0.10646637007586701,-3.9773796714427654,1.8404049686269097,-0.46220975560492406,-2.6677109934738112,-3.123136692641877,1.2834403564566017,3.1292121166375573,4.51573336110075,-0.5638276098321491,-2.0936111896922966,0.5295675761513241,-2.3318955625033606,-0.055966575224488224,3.4876122129053684,-0.4470816284646233,-0.555246362717174,-0.7712361164922736,1.2877710609206048,-3.00181916615057
2741,-1.5253131937889535,-0.3873808179031215,5.483335691641891,-5.298643599566784,0.9991340493717367,0.7288678702459137,-2.0456129396857534,2.860680265638866,0.9432353737634722,-0.7312424432135369,0.43172898157933304,-1.4587892380819234,-0.27392286190096726,1.6010491789939572,0.9250710843565173,-1.0157430655331332,-3.2076237093942908,1.9711693734784035,6.188550455815626,-1.3771898801764273,1.471909324760091,-0.7528170832937082,-2.112929063129089,-3.417523753976699,-1.8685054741798304,4.7470411831567425,1.266434858344823,-0.5704731561849501,0.14398349890086415,-3.7184809100363037
2742,-0.45674406689039593,-4.743601491783608,3.3721023874839986,-0.05683368492507057,0.1715023459234395,1.7135745101923323,1.9021798841055642,-1.8753073220097392,-0.20051237264744515,1.7242339967798301,-0.46817465364611,-1.0824195325816355,3.235091478306966,0.06673624961605995,-2.248283480337278,-2.0379346296258323,-0.3806957400187514,1.3650861220593136,-3.949055554420486,-3.3659048933174702,1.4434242734404243,1.1969248236694456,-0.8334810176408816,5.508092368268763,-1.4741028363665052,3.7111297993844232,2.602922389594731,-0.7770126804052122,-1.1706455385266477,-2.8922911336794233
2743,-1.2283286123315484,1.846541387725992,5.748496185734254,-4.094864387116925,-0.11003907009393243,-2.1618055039171438,-5.96509793439084,4.86863012433205,-0.7376596797263382,1.8641168052124222,1.2047803566903745,-1.2347696721171957,2.982799895685069,-3.2443012055319596,2.465172180593644,1.6616252673796907,-2.4795858396758526,-1.38571029845013,-1.5981212883338571,-2.0644469223526354,3.682239580472338,0.291878580577035,-0.35475514339703373,0.04320519303397319,-0.9740648757997263,1.7215573500609445,-0.07884366073572835,-1.2498965309632117,-0.03332705169265893,0.614574769131778
2744,-3.00108763497569,3.8220255538724146,-2.0054735185754993,0.8473714922627664,0.061485108828884805,0.275678998587809,4.64402929687342,0.6632352657972405,-0.8110967683857684,-1.8072267428028237,-0.158897209738881,-2.5300438417427316,-3.1942290938813436,-0.07648113302689552,0.01748944425254706,1.9592827099999077,-1.7297753710248411,3.0237134436810784,-0.2514887887565571,3.3982389388798317,1.3150502649770637,0.3422288223121841,-0.5506584496412419,-4.253370787771459,-2.6043977126110143,3.861385033156264,3.7139805431506403,-0.04390399618747409,-2.1628154866156795,-2.764248380891356
2745,2.792479453439313,0.13366608124378487,1.2506206703912994,-5.852278243948039,0.1457777399312814,1.5297342989430476,-1.6169657820062717,0.14111427458122705,0.7883771199361345,-2.3966591574289815,-1.1067738692864206,4.190907414204723,-3.622733025424324,-4.019226319242424,-0.16080885604348438,1.656750990867355,2.536772596177059,3.609244613666281,3.836737790808275,2.851876281603534,-3.0369855630450786,-0.35733604298919364,-0.5009025375723599,-2.793389928805329,-2.049950433518873,-3.691787565363338,5.586083513173815,0.031077520184577878,-3.4487686008010243,3.5733455663262106
2746,2.601269226695596,-0.32373937768553773,-3.0602495310499016,-1.6413648888111112,0.06682139095722128,2.3572631798944226,-4.331241913238419,-0.1245345890776619,1.2199162639768266,1.6133360851719658,0.8180180086073747,0.804506144560321,-3.001861525109245,-1.3200451803151552,2.514988356745988,-1.6032562379305304,-0.24211521636851074,3.652289802977908,-2.5334140680888844,2.2447133450188836,-1.3479409383302485,0.9557790245734106,-2.339264878649958,3.0201275154766414,-0.4936056460122451,4.644628526927672,-4.153397704184503,-0.18330714602555798,0.49808462410758736,-0.31240265481158325
2747,2.9671050935105434,-1.5304267326795085,0.27058407469243306,-0.4824691816992548,-0.09436979749222041,-1.1304234563313056,1.494212652103414,1.7498337518857348,0.15255345342903226,0.3690637083630648,0.6621906968953652,-4.427854262676156,-2.568845944626407,3.968107230714633,2.9897341361840404,-0.5934883338317825,-1.1284868096693685,-2.6670202787706536,-0.5583628812717478,0.799273851014334,-2.493383182618489,-0.2021543246971369,-0.4320140533701302,2.8866405909429815,-0.05625923529475685,4.020901227926053,-4.741372416847874,0.6246157543837754,-2.120835310429735,2.2729499802638706
2748,0.32151528790548056,-3.9911980981342303,-0.5980769907913555,5.101361428606243,-0.23735724457539265,-0.596244383010065,-3.8000600706033794,-0.012100580756655432,-0.5110570747778951,-1.6567532155990197,-0.022250385017144936,6.002221326754562,-0.14893399732422452,-0.8675704115667315,3.4361782414382205,-3.507630143902121,3.9540793052116,-2.8661229938562585,-2.3293273807686035,3.331635080275916,1.2243417976603155,0.9112547016470414,-1.0554354534193706,-2.0824687453954702,4.378961470086374,4.622853318980475,-5.752112006287636,0.6286869430452073,-0.2929339665463164,-3.585455759276785
2749,0.2955062639182149,-0.9381632040408228,-0.641210643762804,1.966340487668461,0.9715390801655728,-1.6540119839479512,4.891001875658034,3.259582701986286,-0.8727838238207672,-1.1571201261354158,-0.1983109408691357,-5.922369686818538,0.2384625199715309,2.526420536598607,-3.496976996545861,1.366660671865965,-2.130056176249438,1.495489444359709,4.489814038187415,1.714127884534479,-1.380181294133017,0.7095981919762648,-2.268996398706685,-3.264362421858639,-2.48182972247535,1.9461500843944002,0.5108112966797869,-0.7622504054858803,2.6455198654864382,-1.85840111859806
2750,3.0294004120047546,-3.862177072266764,1.6200510037893885,-1.5988596255352086,0.9246444566717971,-0.11305917466329163,-3.288795924034659,4.107753821042593,0.5554471480831822,-2.002287830715847,1.0752612774730688,-0.44737849184786427,-1.2734780389577445,-2.385907817076532,-3.0930212169517777,2.0784614643437074,3.744285275963257,0.9296603326796049,-5.917935643245865,-2.912517877448739,1.9096407322671674,0.19936449497468534,2.6809646105573215,4.040483682895232,-0.06434892314873153,0.3758839218392964,3.6650767837743246,-0.6735916962047686,-0.6842934207412714,-2.6187266655175048
2751,-3.6765043039222736,5.000165711880165,4.298819916185948,-3.906228293551866,0.39207568823173045,-2.1083287188230626,-5.406999420513262,5.3784151885764295,-1.1232892774915624,-1.1765537371586934,-0.023484532982755546,2.351911779570333,-0.49915201765280415,3.4541044782308035,-1.1003940950778386,1.6214445375491842,-1.5378967865094957,-1.9381061165393234,2.9838566744032065,-0.3588285628913166,1.0333096273601932,0.5088042474305334,2.4167593487382177,-6.583901335041052,-2.6367598557239376,3.6328878747967046,-1.707886310661351,-0.9805216844637572,3.2934562593375247,-1.601176283283836
2752,2.8874631186702757,-4.326378350173165,0.8441613636625291,2.3741026737940167,0.5281237448115053,-2.307472550764496,0.6277269345699388,-1.7892561265895885,0.3099445059659267,2.7612978268116954,-0.6106440908125226,-1.2990690499449293,1.5075087328015684,0.4744895119903596,0.6881313818137933,-1.1066484017007099,0.3566559699918095,-1.92013719489632,-1.9149007017295858,1.4823284451171688,3.953022328956745,-0.5671415953881791,1.2125675727175658,-4.165876049673916,3.9141407761245652,-0.7935438398000159,-5.4826111194928835,0.743361440896738,-0.4807901074444132,2.09944284971737
2753,-1.8443325311567058,0.2529385205390682,0.1591118684917774,0.31599671212918423,-0.31403651532273846,1.4303219453201024,1.930432915711343,-2.6632503990251486,-0.21013691355501152,-2.5266320149921455,0.1829698011544849,3.2866166107070427,2.58012995714304,1.0819717481970983,-0.5172800497803713,-3.5879336984090457,2.055024943230766,-1.6119129003809753,1.9650472906948977,-0.4994792892207922,-2.8739667118142904,0.2993951017080487,0.7980355071466683,0.3109681014852512,2.8172656287314446,-2.6413770484444647,-2.1399105773716443,0.21669107542586996,-0.5809231613184327,2.3282540829785923
2754,-1.0839718375042828,-4.1961752630457205,2.5641927194523255,-0.01055190407692308,0.7379553742115017,1.9885509109638058,5.001090806528133,3.403153720458228,-0.3599616122329161,-3.037499704244457,1.1645061151603526,-6.171289325668788,2.4282541239958952,4.0971047644544925,-1.0463411158179348,-3.4357563292109674,-0.6416499174421695,-1.4016115259788275,-1.1214281919707005,3.2681606931471947,0.8593779669405173,0.5512222583227473,-2.8054093311198383,-0.751923395320091,-3.1337645134046426,-3.5868959641515197,1.2834440768584052,0.9589174529733517,2.3167183173987276,2.1615806303270517
2755,2.4827590188661155,3.8173205553587586,-0.7592030235845577,-5.527722899990657,0.2686624771957451,-0.28181612784469756,-5.072815690917199,-0.24160262610040917,0.6592888118603861,-1.2936783194825772,0.20097329031686506,5.7478345343234984,1.7462867068291708,-1.9348691410512053,3.0853864166523515,-1.271948508335722,-0.7333122860364796,-0.8915431880576072,3.871537867973494,-1.2429800403606936,1.4645417480996414,0.7033301280144979,1.0139859886589466,-5.8104156923860515,0.15660159993572975,-2.6275147193690778,5.930290227666827,1.1688760731368797,-2.4716371064892986,-2.1566160748796737
2756,3.129065853436625,-5.41084856217158,3.4362261929790137,0.9240037837762607,0.07120071014177798,-2.1496479781613935,-3.6205733418685817,-2.4396063104408654,-0.8080018904047552,3.6124784992074375,1.1714506653708447,2.0842523781365117,2.102145201183305,2.6946814846906193,1.9406199085789524,-4.208598653296846,-1.9338272495765665,-0.5950206915789575,-1.4928402769347784,3.2531937347704023,-0.3116565879926849,0.3773781052826717,-2.2546029722572776,0.4285279971314999,4.448267411394223,-2.7395782323057745,1.7195940080906666,0.633352829192825,-3.07353375517539,-0.9881022611951416
2757,1.9600524253560643,-1.7151011447709195,-5.537584926463769,3.4929640628403753,0.01265320450950691,1.787016378529458,-1.914608785666534,5.456345622584539,0.9724069898936021,1.4890542416472776,-0.9766197442978042,-5.026578324160479,2.4723732623066184,-1.6201426013594151,-2.918366699270086,2.8468166173797584,-0.37654707913454644,-0.4041334999218371,-0.8324172245917829,-2.021648203414486,-1.4073710788920746,0.6059128561882883,1.058111891962147,2.597411758747736,-2.2136562132195223,-3.2557545315953433,1.3179024304869138,0.05389612997438764,3.70917275494266,0.3884394294123439
2758,2.9536621107110648,2.09845086188448,-4.645836990531031,-2.1870958151210083,0.5783092583202221,1.2025105747369942,4.373723530628752,-2.956530176651892,0.7768629145711223,3.004912737272811,0.27933469664558785,-5.478303702465762,3.5366244919007244,-3.8228082695905083,-3.2089383724231926,-3.1683234361438917,3.8917464763073184,2.771699109950049,4.841329441469821,0.49919256260725575,-0.27332052580436716,0.4525097862519658,-0.17578635537284093,-5.343924909151994,-0.34728388136861454,4.825804492674759,-0.43265346884310674,-0.7718164960906231,-2.4216080909149404,-0.8524425554560118
2759,2.5780968518270804,0.823322476452347,-3.292121914730572,2.330374814259091,-0.23288958120490832,-2.206782646602333,0.7483922152911688,-2.7535273507490103,-1.2100154723834473,2.047244800112267,-0.7655074322201525,1.9334132399497435,1.666209340709333,-0.8282091403548293,-0.9691389093177563,1.0047705166127372,2.834164157400309,-3.707795965049291,-5.448364891707271,0.51059574723031,-1.6390145517083727,0.7579845612079392,0.9038582319649624,4.914940903012308,-3.246195119211297,-1.5229401100547193,3.5545466635159038,0.06961724069915842,-2.4266793491153447,3.571650674167728
2760,-0.8555750510716003,-1.5968783762630814,2.718021216437858,-2.2028390750571702,0.26917964752772594,1.6680916384269562,-3.6252958143119898,5.656765903391783,-0.8930138072571623,0.2898323605423663,-0.983919182567548,-0.4443694597968637,-3.4018512515492656,1.5282266814372392,-1.2569790920917434,3.9119691978352016,-1.4825438877613415,0.7011783521304036,4.944603553948234,-1.0306674181457094,-1.101338876530475,1.162541606377447,-1.5969160287500284,-2.3782228368995746,1.3331776720777597,2.5971667795655122,-4.0106612153865555,-0.5558324157260799,-1.8989239710197712,2.5350731504905646
2761,-2.787738693773866,3.836589411756183,4.7589043906976976,-5.579271223486042,-0.9198713535949055,0.6913874684016221,-1.2694384109244936,3.0661650608573794,0.8813105931323797,3.592748109243985,-0.29521140210617425,-5.975573950202463,1.1629688928606505,1.5074000871705664,-1.5898792894582172,1.4956317854286603,-3.5988740664896426,1.0227525904884551,-2.1387387757033487,2.0626772241639095,-1.8762187389835265,-0.3468937462266064,-3.192304848752613,5.491478885502062,-4.056188968428517,0.41498274576475325,-1.9368814743214102,-0.29690221542713413,3.5427493260253584,2.332240586388348
2762,-1.568741531635574,-0.9767026551103548,-0.36379434013895207,4.79963237305228,-0.9803520570599313,-0.91004178910676,3.809679403561077,2.7774877211868514,0.18942208365654523,-2.411387944502925,0.10045876411655552,-4.465660028017485,-0.39906566337365135,-3.9928039448793005,3.9365914875816017,2.507276293835691,1.3408316412113734,-3.392829814375249,1.117755537406893,0.4945326375549133,-1.483334029831731,-0.7086504385937991,-1.6224344056335536,2.202130699097136,-3.4980929261542286,-1.1573508761516926,4.41060745409936,0.5575643973881483,3.3475685037794314,-3.660296552959588
2763,-3.047040829960121,-4.605761219942085,2.3161274032496735,4.837214344959566,0.4355594072132676,0.06390089448042069,4.833987900161894,-5.911451572183921,-0.2751736917187948,2.6111577607376226,-0.015435484710438985,-1.2430849122857488,-1.6842024783600245,-4.137396705553323,0.612401817038922,3.626432571706495,-2.124674750124248,3.707439545292587,-3.425143635259655,-0.5111405583516753,-0.638600288244703,0.15991535829721215,-1.12785320952438,5.542822333083038,3.043514407664876,-0.7739687834908082,-1.1327082844887393,-1.2027020810739226,-0.5638643223563218,0.6297290637463391
2764,-3.040704137887536,-2.0775079780002628,5.635520866155954,-2.095763241366683,0.8229877803797319,0.7554667107195279,1.4299842738822086,2.506679961527542,1.0813445711844842,-0.31476486022647876,0.9775536515856142,-5.6807975979527505,-1.9084321354797993,1.5473933275307417,4.120100298905594,-3.0149822227902003,-2.2104207778757328,1.4663415097098174,-3.6141093955985752,-2.3474316249424376,3.148684975690987,-1.212995499209081,1.0022502403191051,3.0236013037398237,3.880215459167701,3.359939340369788,-4.068186019486042,-0.6019908675233019,-2.5046123009449275,-0.06536561158181264
2765,3.031175260423584,3.749216937184922,-1.9504157348548041,-5.488512771209006,-0.6376202344041315,1.2961565428601602,0.2381377863253782,1.9333846713493514,1.0450201593941149,1.4741635782058857,0.17937139205321362,-4.8700775873273265,-3.432380810679488,1.9502589278837306,-1.9414234215990138,-1.049116087761501,1.2291178236038753,3.2435435685528127,-4.9758664850794005,-0.7928272295197534,2.203241842162484,-0.7086297372037489,0.23149054394815138,4.042591065692093,4.18831601213645,-3.1395030641298654,-1.511260131978819,-0.6527984736103623,-0.3211287245922456,1.4363743821762753
2766,-1.0873074311535174,-4.790605603089585,1.5586029750015626,4.069243215022755,-0.5689586032562324,0.8190254474757133,0.2149746175036782,-5.436382789708482,1.1101760635155218,-0.7700896697653974,1.0679426680282864,3.8133791104270216,-2.5853594197060144,-2.879692229496742,2.6701914554775215,-1.5546197558441257,2.750647568883519,1.5988323806862432,-1.3937827356547992,-0.11364897768153348,-0.4942708474295703,-1.0330482977473392,-2.2810880412369947,5.315838899750041,0.888924581290766,3.227939587796783,-5.050961479853676,-0.8028232508406781,0.8433371507928573,0.8935834108153724
2767,-2.61239881701346,-0.47336843669907225,2.7218985784951357,-1.134700764271109,-0.3427781734764128,1.8413476129656186,3.002461627833899,-4.277899045877803,1.144988130187599,1.6051605129160897,0.2897124186230631,-1.7644236436822105,-1.351682213026546,1.8550822453221443,-2.8590970895529892,4.11392766265692,-1.7581237019604146,-0.00010690343870400909,-2.351793766202263,-0.890994650975605,-1.4421063604444893,0.40919849754827897,-1.8897643354539095,6.165460615527785,-0.1680322923889328,-3.3350382913988703,3.1469038993029272,1.0741474769593404,1.8172827995638272,-2.535263592036843
2768,-3.324361512527025,2.884828839174869,0.46817731087307024,1.2561608195679241,0.8154777299388027,-2.1002831870269274,0.6131482556233827,-4.5874591918319005,1.1546931238260543,1.295431384908376,-0.22801450763991493,1.7522009351146153,1.542864881585345,0.024696790870436303,3.7661884565831194,-2.335936001273865,-0.5775283861377041,-2.4202857416269055,5.199261213588375,-2.086001905093454,-2.119605409851827,-0.5212422697149046,-0.09708896773174125,-0.3753226611966376,-4.029089379383109,3.894386556644438,1.371014658590294,0.22078361920765577,-2.3696784982117762,0.9125830431539512
2769,2.576085666064799,-4.418074295590348,-1.8294760514542965,5.108946191407895,0.7140278189890559,-2.1515093294163874,-0.7962966913121399,2.4098013389943773,-0.007169818170075004,-1.5688850935445195,0.2610339435092799,-0.29848367947630905,-2.4872430307291022,3.8615104659907686,-3.668291957852153,4.00151572148161,-2.62736143472992,0.9198702358392286,3.2857714671116867,-1.3128482686926546,-1.291743522417569,0.8784957501703605,-0.8998797884954115,-0.659795637676595,2.4924413076464873,-4.676590662947012,0.8772926453610026,0.6208975574867761,-0.7609538288831708,1.4469129813373698
2770,-1.7044837252515368,5.644650516347852,-2.178237610610161,-2.580750168661215,-0.9585211635451529,1.7773421517209211,1.1292728695379566,0.6476883444165651,-0.7282467204888068,0.21654768065969776,-0.2805378211926044,-0.9847243529322043,3.9784266456853317,-1.8018610585513795,1.3583545854710444,-4.0332586201704,0.8679302466596042,-0.36959179909373674,-3.9994458692558723,2.981837087019599,3.436725535660319,0.9967841021915351,-1.1358115605528454,-2.280089295062915,4.912133489220725,2.1548215994331414,-2.417218207753532,-0.8855726342022088,-3.1666961324899106,-0.5974681142067606
2771,0.857973251866218,-5.613537984953695,6.214793780712792,-0.9464623171930242,0.05919986992951998,-0.571966600361101,-3.8835288017823295,-0.23934957412549807,-0.11971553631668908,2.22158520648064,0.9732013161035988,1.0478073896408837,-0.4806470431922918,1.0297538359001344,-1.325971432360003,0.07616384130971099,2.046317853001007,-1.3456170546581063,-3.073578727333956,0.6831105622508016,-3.173521811743772,-0.1064271293817951,2.4373566118241943,3.233060494384354,2.797995441948558,-3.180776845568836,2.076933233094966,0.2512363203607402,-2.8537345102591978,0.9083463604252167
2772,1.4854119624369524,-5.479258132672122,-4.369084782938945,6.235161520624743,0.7128807389522085,1.414888693597879,1.2491970826598262,5.301360738462776,0.5971450128147762,-2.8599228101065854,-0.5522643684370241,-3.735515655393151,-3.673945649939826,-0.7460280647394484,2.8439863797730993,-1.9043029661338693,-0.15761596834281377,3.637906269383329,-4.857026205574126,1.6559686053852811,0.5258315280839732,0.3814557687449218,-3.1549745412693966,5.448744844629175,2.1510670392487903,-2.7778579044031204,1.1265632249124415,0.17933658333889024,-2.357110966632513,1.6780020235369477
2773,2.051688015955527,-1.2790083080091144,1.484308094962362,-2.8003098399171265,-0.45228276148827495,0.9956047984973022,-2.362720529520299,-5.428909152455063,0.1878440026996122,1.7639344730625197,0.6781919809539554,5.16165922525985,1.552133731322634,4.112852425860211,-4.222405407553245,1.1463642492409711,-2.298450244328331,-0.2904947545417489,4.284663580247766,2.12682431780663,-2.8882267812996556,-0.7346655665452992,1.724640319753572,-4.513235869963193,-0.23701002375669233,-1.374976952840818,2.1815657042728382,1.1239514624970557,1.7355235033625647,-3.4290536935334917
2774,-0.5071579213361126,-1.2825964020202143,2.904827659539624,-1.095008669652021,-0.1521448294365797,0.13208016290597513,3.980848572528778,-3.7612571233345307,0.5466574727061362,-3.094426471427111,1.2298437718932265,1.0983337776340747,-2.4880993103371605,1.0892819348866176,-0.8345188447819645,-3.241138140481107,3.2691716213912976,2.205302739322793,-5.3176220453975205,-0.2070597216763339,1.9959433241616544,-0.8173091216600445,-0.28333665120211293,4.629384215774163,-4.107915184727734,4.637950082139209,-2.3951779410530953,0.3707383269246325,-0.329282077277373,1.823686793995801
2775,2.7759925110611263,-1.2134206190098134,-0.9837886069553825,-0.1342601655832425,-0.7527991420518978,0.3082760225398449,2.1639057708214082,-4.398964082120376,1.0584618368089798,-0.6280545468284657,1.0966201808498468,0.7080308404691849,0.7618158942075652,2.4932175294327052,-1.4801741629236087,-2.7244515030011502,1.2857078543079936,-0.3361156120230664,1.1475090232863394,2.6993636758335278,2.9072541082087717,1.0374248689617342,-2.795476750664255,-4.996074925626306,2.3209017070530216,1.0010162122374453,-1.6230122074365667,0.6584329711710275,-2.196925869924634,-0.16041281309887623
2776,-0.4103004272341053,3.336375478881564,-5.792728484727849,4.0603390959629095,0.39393820752989006,-1.5876238704117718,0.9498070403139458,2.3550113339933993,-0.472703946664657,-3.7085889757156423,-0.24354970580570345,1.1200242538792544,-2.8901703533570515,-0.628103578188945,3.2449623086467483,2.771533268754162,-0.8096718112950896,-1.6885498345593994,3.6107034055016456,0.49875386139397193,0.13500862546373327,-0.648012979736996,-1.1338133368687906,-2.462639575753741,0.9764500721842992,0.11158582360231506,-0.6529967458806105,-0.22214783196291954,-2.346472818094469,2.133581500152804
2777,-1.0647373930664923,1.3122191760367983,-2.1480808498582746,1.942089665443909,0.4104659392948351,-0.4519565378501511,4.825951082448562,-4.752576819866142,-0.8651612325826923,2.642364186703201,1.056787274900942,-2.9073644916032784,-2.7596433193903884,-0.7000436762324718,-0.7653118483979071,3.79013163014487,-2.6339307528905067,3.068797966766848,1.41920113213326,2.8672996615061095,-2.972547562348149,-0.24072280483120156,1.8602484749652906,-2.933478901425481,1.2903395549035004,4.837837035449258,-4.338588063810221,-0.8886103964805034,-2.984000159503619,2.0830220294430077
2778,-1.8677456979577638,-1.188399667423333,0.3356411519683675,2.6396187916423166,0.8663644545495917,-0.7854790327784968,2.7726998901018405,-0.636978564782769,-1.1203677589387797,2.2257860709760315,-0.8092890499156233,-2.431850587440099,-3.5150193185101077,-0.6942300976796183,0.7391312015179672,2.8151616198522262,0.08019479464990553,0.5747618001701102,2.5942240653067437,-2.2822406374049837,-1.938517544098751,1.2364154184974616,-0.941364816795673,1.3314835144950088,-0.482291433111417,0.45687404446889346,-3.1319467980777738,-0.04891460435097539,3.2806919532668104,-0.07441316219409799
2779,1.6661815678139469,3.9930219222251395,-0.7908148927430574,-3.155857167063978,0.23774600090402442,-1.9502774311354223,-1.3574463537736108,2.6442043193963194,-0.3978564228038515,2.8234111493528893,-0.9848435431678819,-2.7274691490032943,2.963008150927692,0.7319393773382572,0.2526496266845193,0.8818977977592439,-3.4446081924574674,-1.384886760251769,-2.012568283171479,-1.7860462812654525,-1.1866827723635467,0.8079244495015763,-2.3155896581172986,6.492962545415992,2.5230681580058665,-2.3303032916463593,0.45942756772192084,0.36575078928477467,1.652806176411815,-2.670749399776568
2780,-2.0499268331128953,-3.231206461322067,3.0734687978431836,1.4008188829115653,0.37710682205391954,0.42973879162690665,3.6163100701399387,0.5038620454067093,-1.2325006359235435,1.1185293746477356,-1.2214584820828494,-2.7847423721874556,2.4815924103524054,-4.181604301597023,3.9268260057632673,-1.2509655793594412,-1.4529890858127459,0.47714055065399386,-6.0531853767922215,3.1226656682347453,-2.5335536783451964,0.5464511594103669,1.8739644873220378,3.043657740170076,2.6104541178624103,0.8983051046804036,-1.3620884041949743,0.30349882275861884,-0.2695927407442795,-2.180576900360709
2781,-3.1107404440313413,-0.18635869269287753,4.070767976266872,-0.2932963450226147,-0.3073845280214398,-0.17298796649799542,5.744067214333331,-3.7866580541403394,-0.780996446153698,-1.8685547436367305,0.3932619366605392,0.2988800929374271,3.429141199840565,0.5148485115235637,-3.715607216708838,0.24179098692092538,3.01416570815919,-3.4843391897349036,-3.9029706964901685,1.9924083724627657,-1.9000863833989357,-0.8471514493206032,-1.3072922001457812,5.965092356892512,-1.7940959831620908,-4.861554378616084,2.761778760680592,0.8266700434114087,2.452256974146696,0.6149445835409768
2782,2.6834487637121427,-4.720308793270341,-1.5821655303423228,5.622821327465282,-0.17787928802673147,-1.8259164795374545,-6.012690040792052,0.5111264853198705,-1.2329446248614135,1.6887191875834944,-0.22180375911078443,5.267592751861407,-1.4670764405921677,-0.19183625189064202,-0.9172593150823865,2.4572594554895986,3.789501161857494,-3.6705886097813636,-2.115909490368672,1.8385921945860115,-3.7528877016834166,0.3624765634158482,-0.8088283542668595,4.47655678831687,-2.8526135046659,-2.9595056351598856,6.191233875690564,-1.0496693563151562,-0.15306975559249203,0.8236243760443553
2783,3.2678503727414387,-1.6454566519478568,2.1542894403145887,-5.626272518751506,-0.1010529207202513,1.95064227836418,2.881559338795128,0.3905671926356007,-0.8212665203093721,-0.347119864267631,-0.3290717514622523,-1.7746683953909965,-2.713959180013509,2.325879557116142,0.8064115375609511,-1.1144039033117519,-2.081841039678766,2.7779130283274682,-0.04837835930934631,-0.5679968320493334,1.4423730333193632,0.56125288891233,-2.199945804228882,0.8126950733556377,-0.7609540791936986,-1.3319864912989168,1.0192087961968426,0.10689200062495008,-1.517524381768741,2.484364155441071
2784,0.4513702031109226,-2.15705474518661,4.882868826658974,-0.47824331196730796,-0.2453111830659238,-2.4536297895494723,1.7297162470822869,4.635390373190102,0.2136327110500611,-1.4516405900484948,0.71909246573962,-5.846191207013124,-0.9920782219176907,-0.5164634149962559,-3.828779855563976,-1.555087013614159,4.135182074557417,2.7572264315351767,1.2293584336993355,-3.4056481052940875,1.8968735861277786,-0.78736162895924,1.2774188368632124,-0.21064112243722377,0.5277953009507996,-1.1149806143790464,3.170988922246245,0.11020509454787941,0.4693097035850684,-3.163318406949463
2785,-3.0864653673804074,-0.11352341226327312,5.9897756798853266,-2.0228473364414015,-0.041564772097967495,-0.7253747917017002,-6.178554180221116,4.6644668056853575,1.0507263237993385,1.0175556358863425,1.0661731029151111,-1.6203676880646078,-1.6726024121386978,2.1386696201968007,-3.9520483650682436,1.5862893037725954,-1.8421630325069565,3.7418548857450027,-2.935657447965795,1.0074444729529688,-3.026437289161869,-0.6308681588305785,3.060615262222477,2.524903160782614,1.6486888019981762,-0.27912212629849975,-0.02562496779143686,-0.6686775839412631,1.4066256916872995,-2.0818898156528007
2786,1.7260161614988938,-4.165701568638607,1.767001391412112,2.085018819090596,-0.013618695577540807,-1.39871610778488,0.1353315926580052,0.31738116782279135,-0.677314522206089,-2.6271371716162406,0.9132696921940919,1.9384692411478355,0.6964471699277048,-1.1696675561459156,-3.056011957307849,-1.1036515404458154,3.0213106343055856,1.6115732496667938,-3.541615982124636,-0.7731402138004952,-0.8818931929225382,0.8415918477869857,-2.3376172341429573,6.6926747752034785,1.2393213780112298,-0.339748146768617,5.521977217655266,-0.4568908763477344,-3.3811828710957386,-2.583476701452973
2787,0.209363530068023,4.865565665347454,-3.922306002134036,-2.375757372998624,0.9216693116876171,0.30146486803011996,-2.7204174539126953,5.111615645071861,-0.4103837085033968,-1.56352482751935,-0.5254922981781069,0.10820264304206972,4.154663519318223,2.8495916507692414,-0.4265587804623685,-3.5279567809185455,-2.5399456824135687,-0.5097939262924829,-4.953232734722668,1.3624455449136281,-0.18967397802628838,-0.361945419630592,-0.17154562650025795,4.3139522139660365,0.38103750816232207,-0.4829284792174384,1.779370001375657,-0.7769953143986132,-3.6948379583255555,2.7943542424050385
2788,1.367177010651453,3.120324388428319,-6.0108937736378465,-0.354410974656723,-0.48917761799567416,2.3669809672110507,2.5509112761120107,-2.8847054407146864,0.8894182062662503,0.3576621846780874,-0.27180977909581383,-0.6414764472454415,-2.660141286272287,3.394670584308667,1.4908180313891073,2.79684877661494,-1.9651992375517118,-3.056996868488195,-3.416609676469477,-2.390477407219123,1.1435518835142915,-0.024721955546413987,-0.4874525684888784,5.17570972420944,-4.986022925222725,-0.4388387570133361,-1.5449030734131384,-0.09072520612423318,3.351093556562706,3.7093964052121464
2789,-1.7099224347571695,2.7840610778545525,-4.35606956241104,4.87321895021288,0.005165261979856339,-1.5964532928784756,3.5193208109520313,-5.204704797803807,0.14928247622802004,0.7658614530859253,0.08369025558777654,0.6865498019504379,-1.210893621308383,2.801256516167559,-2.969119344438848,-0.9826169415107273,2.1057673640537864,0.2556060270371123,-1.9550015023082388,0.1924528149401592,1.3045182308888421,1.119493646500155,0.810256918523022,-1.471720108544094,2.9752880641355937,-2.8840038066870086,5.052769978131575,-1.1284412164208044,-3.350814119203598,-0.6647988999543255
2790,2.4071055629908464,-0.5290539038224757,-2.291934956608838,-0.9205669975673203,-0.07685711266967488,1.411307407678061,1.3444880001622082,3.3249298541001124,0.7587752208791319,0.6404177235854771,-0.9905220150099368,-5.078088783716577,2.141601883512479,-2.4119095921759968,2.9894543696300815,-1.073897254904411,-0.8483131001733284,-0.7969363058882966,1.7352840137493857,2.8309643636489987,-1.3933644022860268,-0.8446259244272891,0.49447571486573416,-2.8227337655509857,0.46416950962048276,-0.6170393680306709,-4.2915731957442915,0.23665479908749454,1.6930460886526504,2.514742166415772
2791,0.17472941020218968,2.1528184753454056,1.203609883554897,-5.409662181540757,0.0011972925220233854,1.8773071199168463,-1.9411041162267075,-3.116102270772739,-1.2174927727958602,1.349813699792108,-1.1304252504835968,6.055310710487198,3.17583175677866,1.4906235735546502,-1.5566517573267031,-3.660314502800315,1.9577990087524384,-1.4072880789582012,6.131615317137676,-0.776550646594723,-0.17756517799191762,1.1417586485556752,-2.5309455525463296,-3.7883125885605544,-0.31791446511312316,4.640551783061074,-5.713501903110419,0.534197043144812,-2.3124037490400458,3.169071291059158
2792,2.6262433392923583,1.329235544197978,3.66606538735423,-5.516271881098504,-0.0860938778162057,-2.0191785119292414,0.6972085945244366,-1.2857364492027301,-0.9103659821203012,-2.2722583037152013,0.35581377317254415,3.415338367341665,-2.7683743445249505,3.796316357624171,-0.3532823291780538,3.2687417308994284,-1.865817183213684,-2.077584231606389,5.96905534950686,2.6551496352713144,-3.5585242568084716,0.501121085036166,-1.1158334773270404,-4.450968335679008,1.9052060830167008,-0.8804036522167884,-0.6048874255673589,0.9072739237243468,-2.0523136491405616,0.7251247201851498
2793,-2.9015453631662105,0.9545988258681035,-1.0239021412706606,2.6092562893348834,0.6296061663254573,-0.2680137770909461,-5.820565226373013,2.1171933972393333,1.2447989116304141,-2.5744775253378105,0.14997171048530333,4.8830787323562,-1.7325112997497598,2.666126865045989,-3.925940033949482,1.9383629769557054,-2.693754115578491,3.747715607276543,-0.943539793631949,-0.11337243673788855,-2.919157501580571,0.04961650939023343,2.635141135819257,1.2913120867407493,-2.6194422769549917,2.0245417507267014,-0.4992795788869415,0.4982565430717498,-2.03681055363025,2.6327341156752233
2794,0.6212760195145055,-3.744749969372343,1.3849445551450792,3.9045554802679376,0.3326954216641478,-2.498721507218706,4.796557875302561,-5.855852002176277,-0.8680744149391684,-0.6477502902959014,-0.30189972554531064,2.8770185576545124,-2.573706092570207,-1.027310082209608,1.6128604763577812,2.951063613854121,-3.2995932672015016,2.3366853517699084,-6.180647210714358,1.7879359622325683,1.0255824406080194,-0.9062301573923914,2.8135733276275747,1.4597856376383938,-1.6219222281993915,-0.5324546662512866,1.682950794180048,-0.46539968767885753,3.0017294312976155,-2.064903643346595
2795,1.3897588285184774,-3.281112554886949,5.7057122523806285,-1.3610720518686996,-0.3100692972716299,-2.1432171768712056,-5.857354795133741,3.476722579655611,-0.7343012666034792,-0.5335743097434822,-0.12749640169599896,3.7760041935215014,-0.3562236682587461,3.242126103549328,-3.424873380724309,0.2788523648065748,3.450104265319748,-3.1899856846920933,-1.214102671638269,-2.4879231979635623,2.27278152707186,0.19725444852503315,2.049384743196807,-0.8173948491920662,3.6587904303101837,-0.6482927922424437,-2.068041401627646,-1.1674822584214555,-2.0039103329957566,2.228936354978636
2796,2.832753282087829,-2.9501713691198574,-0.817658328211202,2.2844575671753162,0.13218767475529747,-1.4815688266867646,4.068654852182412,-5.761610149871387,-0.8189365130280812,-2.049237236989729,-0.3470000867912484,4.908129134498431,3.8520600139970043,0.2453909131465366,-1.7341375707329334,2.762825144921205,-3.552544977726731,-1.5735935236045684,3.1608971341516856,-0.6681369882130088,-1.5409906353751204,0.36611004855123674,2.2072760065152295,-3.5251555656302216,3.787102899506195,1.9038998950839208,-1.6723154794768327,0.4801129877724364,-1.4468141773247272,-3.0519861255594556
2797,0.3369915111650137,-3.591544356438785,3.685832357490874,0.12041636206029338,0.9332502019437214,-1.4849460762204902,3.7264181819975306,0.873379023423194,-0.8962476708387594,1.1264092978919535,1.0028178974297495,-5.832776729903259,1.8144093063501003,0.14497130644218004,1.2959362621707982,0.3063867264484834,-2.4487701858649977,-1.112933415546017,-5.51662097062675,-1.0771544128119928,3.6990328026831882,-0.34554735456559893,-1.6656615987840162,4.905951534104968,0.9881308493961782,-1.6014192769106295,-4.3012155076738985,0.20102552041696775,2.2577661110688005,2.4557123037040967
2798,2.5762730752257355,4.59325587624317,-3.0649440212968777,-3.92593837972856,-0.37643325892396984,0.19778670848115354,-0.9812125067400608,0.8761878373609449,0.4680207111774859,-1.1660155443297917,-0.19974785960661112,1.002767362138428,-0.5834730021758681,2.1199841201428633,-2.350347332084832,2.8923798408820254,0.633220332036295,-2.7117639587999136,5.963604384525109,0.9349609339682559,-2.163111812313222,-1.047993803486213,-1.2990598868223522,-2.388399815871807,-0.779803925155722,0.705776977625046,1.620612570645502,-0.08945517400921865,1.1813817136765756,-2.638512162780664
2799,3.118552515978557,2.9544071269957897,0.9504825513446811,-4.304785174865032,-0.9538766747320231,-1.764780344721295,0.1976140516729643,-4.07291745355268,-0.39270805595733727,0.6781601552229848,1.1894458795417746,2.400405423072666,-0.34279988677111106,-2.8846996198541266,1.884035948182376,0.22104671937395182,1.7087563739822116,-0.5863395349127547,2.807105597044501,3.3017488377782946,-3.6480706022780485,0.6018718630642104,0.9474139414724423,-4.010069637081603,0.6088179657322073,1.9639999204749223,-2.9303873560634415,0.16990085099672214,1.551378449758495,-1.3637098308974043
2800,3.4371904545389853,-4.355806876176107,-3.162997495812405,5.307666094628981,-0.6136873462491963,-0.6123648309295948,-1.842717855090367,-5.45176108968532,0.9173737047002888,2.789323538485931,-1.1003085307428835,4.688090232332737,3.6708349524381454,1.550825439181967,-4.129430143583901,-3.156652107732011,1.7671722029736507,0.2972496567227143,1.2304514514577072,2.1135095470251493,-2.9619821013848906,0.00902068422161939,-2.2744765784118677,1.8834769970920853,3.752129021285043,-0.6073091812590263,2.951069987424919,-0.7791316908057242,-2.693740977802788,-2.623017158840895
2801,1.556380605928755,1.6620836949721358,-6.149109527226976,2.646794281904473,0.4733033006820273,-0.18945235625974455,0.05695679357067007,-6.1202013513924065,0.8687118581466722,-0.13473613701779286,0.048343652091532796,5.280925184601731,2.7841126065131725,-1.5795002121521264,-2.0105121787106075,-0.04805106162537598,-1.6947007341469629,2.5486515801224705,-5.0050774119888,2.459164854808371,2.236385309718724,0.5320087591064002,-3.1810088525708906,2.95852734092599,2.0370952951413486,-4.100601430699012,1.2984293555143154,-0.42657463737040047,-1.3863356738557595,2.577987091271023
2802,-1.7494375100760529,3.6502721823446365,-0.17438786777778859,-0.6421443489657506,-0.28271095782121947,-0.8015914977031606,4.095392406295442,-0.4658706354348574,-0.7804511006799428,-2.1370179965264615,0.17781506231983535,-0.8898677359736169,-0.22269925837521143,-3.909108496776412,3.2635204301278513,-3.6133260418903603,1.5480630784811673,2.9335502884335334,-3.040640900791562,2.6677566592951685,-1.8600810565490242,-0.7453152758973518,0.6910223413352838,2.2872582326072965,-3.3741197727264556,0.10642421205412944,3.46590030461072,-1.157109036258659,1.2002886311754573,-0.24138433885368116
2803,1.4056267870959687,-4.103036982416299,1.2407013010733898,2.0996213295452577,0.4475305536708487,-1.0904429889685314,-3.4649249062193057,3.3439315437560992,-0.2046359214752389,3.5840457746855456,0.29270003235436004,-3.5511165231010295,0.8131050292416226,-1.1009519705925523,3.9070033127294685,-4.162751776256426,1.6427677681876176,-1.0991723633091812,0.3876853066220356,2.9060068081034913,-1.174488606663635,-0.6283092529918086,-1.9063218484126452,0.41542759334235413,1.5265448391243197,1.9085268404739253,-4.311221274019008,-0.901126328471026,-0.7400162858703467,2.517292208763646
2804,-1.3824130752582064,1.4496850473816245,-5.867423143414399,4.84833750851152,0.08431474987594889,0.8674989129041357,-2.7681443221911337,-1.07540970177741,0.6103312596078183,2.4021866986154308,0.7326653151736702,0.09837075057207656,2.3295240779708593,-2.14652785323527,2.1736468887872498,-2.8430811464079078,-0.7318380637405397,1.2182760966261341,-1.9969793593713696,2.536065157533656,2.8630004808318574,0.29673428625400167,-0.4023690936011164,-3.2964514716472166,-2.398188748058793,-2.4799628834292378,-2.30091705574371,0.2079111133153484,3.727621827468454,3.2435357464494494
2805,1.1472345270345023,-2.6220170706906103,2.60345411719382,0.9916256991533317,-0.8480490796410214,-1.2722481930493998,1.8077687889913392,-4.023790190796451,1.067085752165391,-1.2472616055071661,-1.0335317974460407,3.4297290525933946,3.2716805067741284,-1.1473055758152189,-0.4451692988732816,1.4882195424969495,-2.5877959107440027,-0.5796292638380667,-3.1014550665705585,1.940260342656165,-0.4516236025013427,1.0108091929116974,0.11827670900977338,0.4837324244940895,-1.8450149450785958,1.9882773366013176,-3.5023101223731246,-0.023840417514193746,3.0655346425099737,0.3173535058561452
2806,-1.8866239272844538,0.5359887474250833,1.1184975471535026,2.625757977404721,-0.4704317430201277,-1.923188601678108,1.9449154147683778,-5.1673499619491,-0.4109641290760795,0.4418860425880311,0.033268796180047744,3.1582438374891986,-1.1177258056031931,1.3165324887459953,4.0056399024238125,3.2067647821046528,-3.682676143753966,-3.728535223916783,4.2320427974788934,0.44077138239864233,-2.2816262615673946,0.8092578189994715,-2.6067693308396436,-0.5936764064701379,-0.23799815563334192,-0.4673591997478077,1.957802007594296,-0.520950309801381,1.0485159922772596,-1.780010334687498
2807,2.935011737122686,-1.4948359811677427,-1.1172187161756746,-2.085004779085974,-0.7009465560929244,2.462994295400218,5.001450583966879,-6.1784430709107845,-0.07736043517418878,-3.199376123013895,-0.6696038681503884,5.123332913282876,-2.4818065567787304,1.1454589716496528,-0.37491692680411504,0.7179893605758458,-0.21908602704716884,1.2123611784050432,1.6961577863932824,1.482483595987322,-2.6836002577033007,1.0901453248828101,3.1504395949125765,-4.7356260444728555,1.3688185109512219,-0.19675624217869725,2.448272901142815,-0.9045538182009087,-3.6235430660401526,0.9077617143272771
2808,-0.9960718794675749,-1.7824320938850065,2.649800627196491,1.7093458253150295,0.5628174160653616,-2.143459895223679,-2.2518251175748993,0.39250623974884036,0.08860614167292358,0.2696026223700638,-0.9799640949810584,2.4810742087646425,3.86767804098211,3.2708741016868963,-2.0857033930819586,-2.2313395410513746,-2.0854565283053947,-0.7360526802297365,-6.093270350690645,-1.5179043390905615,3.15969164590922,-0.16171590599457897,1.9716188302444682,2.641580119621924,-2.3845621935616848,-1.4628942519621688,-0.393929632715011,0.11856218462552537,1.5001151732499203,2.62270872036499
2809,-1.946285006070454,4.045221944350395,-0.6931740086262259,-2.9140883287853008,-0.6180385106263113,2.1263639097585187,3.3140271211220167,4.223002042905705,-1.1430546837570192,-2.2442222636206903,-0.9137363794115876,-3.236015837237897,-2.447506110803955,3.472228063711512,-3.3521935724961107,2.6747565861759455,-1.4733143829826947,1.1260294163958449,-1.1306063299963824,2.4159226208739994,0.4631487482471357,-0.730434636167228,-1.357477311956787,0.3394469089991041,-2.286913975904529,-3.2793420032335234,1.2625413061214452,-0.38011848047260166,1.8812023250976928,2.802630828393081
2810,-2.2638977378888967,3.6291548658272887,-2.296393353103337,-1.1827054267312214,-0.26139595375555347,2.3752376056523268,0.37023097396903637,-0.05380258889999112,-0.7093102188016323,0.4564756357811497,0.29828993396816994,-0.3618837360161926,-0.38815768012303664,2.318094656905611,3.132890739046843,-0.37953603751194365,-2.969839507943389,-1.713452170373536,4.166897166174191,-1.323801089360229,-3.8954654349605597,1.1640756316784504,0.5251071403980276,-0.636813413930053,3.7345278900429726,2.0739242438366503,-3.4507595110185036,-0.9401487150959049,0.27944372658087957,-1.6969876343444863
2811,1.080720917731238,-1.6519565842917636,-4.653715565337695,4.137966246554644,0.6469599940841668,0.44002499126002803,0.3727334931890951,-3.9568449546192177,-0.6900636775870819,0.6147402310554053,0.09087785492541567,3.5685570530369475,-0.19743982000569815,3.4213229827662452,-1.056186237971854,-2.783610750469025,-1.9243297219984115,2.540243547679303,4.567816746027766,0.1639162872275417,-3.353839524666398,0.04258821419639336,1.2175586378276204,-2.638040360613104,3.1104199108399477,1.1866590132173869,-2.372023370940205,0.27044798934530245,0.9879063885250137,-3.183409930985828
2812,1.2416676907349,0.44505988468642244,-2.75358037897589,2.846356175685429,-0.754188974554397,-1.0253143975758423,-2.014388183815136,1.3456988456255239,0.8231988019132901,1.5081805862906101,-1.1575375185825139,-0.5051525314311824,-2.770756941131914,-2.2680767738304457,-1.3043290741153513,2.750481346939452,3.288148002147068,0.3045334399917543,-4.086355865152928,-0.3004995232890959,3.260362196948698,-1.1447019697764733,-1.1408823038568858,3.4120774651265044,3.307580981357699,-1.3333945785717098,-1.4766246771616167,0.7999807712850044,-2.230377878112776,0.9328353812050114
2813,2.3346904547050435,-0.3542908893985235,4.656496226316026,-3.2254580900347634,-0.995156608582396,-2.416281093004809,2.803728990987402,0.7088357846289881,0.48687448639998987,-0.5736038020413403,-0.32026224015316895,-3.105573219821288,-0.6013477558403082,0.9462723079770612,1.678413529813085,-1.6115996134482327,0.14037572334488146,-0.5521141918459147,0.668191554389427,-2.8538342291255514,-2.675883376740586,-0.8588458568213788,3.0707026859867312,2.6496692223111893,-3.6266409040640006,2.0728481033612844,5.142411732827302,0.7437534542058657,-2.6706706182661737,-1.6617017680626738
2814,-1.8477002400772893,5.550872736344694,-3.009490596388275,-1.8870582884384426,-0.07947756412580853,1.2728539526857077,-0.5864588923258935,-2.4279540879623553,0.9209560593653068,1.9735618044659482,-0.987565495561495,1.1074606120190893,1.9847223353888346,3.2584776189990485,-3.489497807722884,-2.3946000048478986,-2.215349305386777,2.856247163570252,3.717752269263247,-0.8646958870197672,-2.1257583358386967,0.15425573104687373,0.876054478309003,-1.7576082557608217,-3.061654224374802,-2.0371129669854433,-0.5251671084937861,1.2482573097348277,1.613589213710533,2.7620877764102794
2815,-2.760928766639216,1.7713515772013935,-3.9339948862127123,6.194880616993682,0.9186013446900261,-2.1899098860325914,5.046909809441267,-5.296528880295988,-1.0363045283083836,-3.6738833450188366,-0.48470674318707996,5.444513687369636,4.007741444874718,1.8974405866732802,-3.3683399328426287,-2.828303694938395,-2.317391846187599,2.608853442421207,2.9751999528240667,-0.3823648031538909,-1.2906264272122279,-0.9748031229547296,-0.6668554636023885,0.3394498640989987,0.6790375996961124,0.9601095386181058,2.1912749952590396,0.8671352550576401,-3.498015916796934,-1.1995414718323527
2816,3.300228856817185,-1.07127658457933,-6.043798948351277,3.755445834652704,0.04784712046587147,0.011553720995443939,0.6647998473063232,-3.530189240911966,-0.46126634752786533,-1.667225715070126,-1.2277927951854788,6.221674251389754,3.360985612129543,0.7047712738331562,0.22748281914527269,-1.2715379782792482,-1.3914737599073828,-1.6302279669207582,-1.582319008198926,-1.149173816165856,-0.6952906519048714,-0.5238198701136092,1.8714256247438055,2.0791777216392866,2.78081296854576,4.182705321967102,-2.1144319205883093,1.0951692199571594,-3.123990649050821,-2.8202649408292704
2817,3.3924297599401605,0.9172848646775122,-2.6260859073150726,-0.4880765172435666,-0.3612621111027223,-0.8342900889556795,-1.177917910226519,1.0356395531728637,-0.8303331844141919,-1.4602547435912605,0.81601316414881,1.6168531209109283,3.770871159118297,-0.3425767322295741,-3.913933758943257,3.5845299025786623,-0.7167628809290356,-2.3821276895945225,3.0100509510462636,-0.7069934483299232,-1.4177892759888842,0.9584228690382259,-1.1832059324509494,-0.6604851633149558,-2.0621310180125185,1.05208748148193,-6.172417338382537,0.9705119803836837,3.6894229103840352,2.522525984147002
2818,0.7860362464094717,-1.9065529113663935,1.8613588898573106,0.7878601531526925,0.5581403064652375,-2.086842684517637,-5.690669466430098,2.3892316986533224,-0.9246037357447836,1.5092158493056296,0.7443129815735059,1.9725126726430702,-1.7131433502303661,3.910846308841961,-1.201847086424749,1.6232774901380935,-4.077491871747673,1.458358509423313,3.2894182603836484,-0.6013088811395484,2.740803668451708,-0.7981338260300284,-2.5357876209628234,-2.094991600703171,3.205825217971423,-2.3834282040608628,-2.6127781543955173,0.314321731767488,2.4714006525794794,-0.9953412438604463
2819,-3.2560550191946085,-4.932818992795859,3.2949991725626546,2.886294368980316,0.9565414413488971,1.051039029099286,-3.379051353292084,3.9783376829049004,-0.2608161230506809,-0.6133245242513272,-0.5210868112326752,0.795941128922518,-0.02215677532797855,1.5026567384000096,-2.8251388986071113,1.0435459422530435,1.6220620458520045,-1.3209690525693905,1.738972733803962,-2.383555591079581,-0.8561008237093599,0.7676102354677425,0.3545220997976628,0.3785513457193659,-4.389094873413535,-0.6338745246680304,2.443986063567799,-1.1606882423241731,2.528083844991585,1.2115877318479455
2820,0.7549997212749489,-1.145555143162909,5.206994676275528,-5.818745890644696,0.6078696555024243,0.3944369807553958,-2.6542808500372637,1.4636711016285524,-0.05836695707529227,-2.9011144328860734,-0.36370689612406526,4.513798034494805,2.404143939766545,-0.6039560446337653,-2.1600802884259966,-3.3627640864989523,3.3682886912208474,0.3543677885719063,4.969513201248091,-1.7287697334277219,0.2772468525012144,-0.42899333972861164,2.0354641725526132,-5.124461153145784,1.0259272728278432,-4.081143698518517,0.5989770182248542,0.9776821452552511,-0.8234603546306705,2.3020176168428144
2821,-2.790165648960766,3.6922349669491226,5.273188287152674,-4.559887167871679,0.09891563006600945,-1.714286067334653,-0.05834780816523022,-5.943171500758353,-1.1130255178825408,3.2360125502780654,1.224152065336959,2.6543802111917287,3.5711441201622662,-2.3410473315539146,-0.19776211493299556,-4.0889159733982385,0.2094883895154176,2.847092910208044,0.32102726477818777,0.5009424350320266,-0.47185381279688343,-0.916845622347509,-1.173068589417504,1.7397983247514937,4.151410042482979,-2.9428537774325463,-2.878463553121776,0.579879266981691,1.7512447265884568,-0.6612167054972211
2822,1.1479352903230584,0.896288346615961,0.1533128900891505,-4.5738110861524355,0.5933471226415548,1.7829274364834014,0.42550914853894284,-3.8998622149522326,-0.9480370876777666,0.3922015832341206,-0.03929012527576692,4.069478696133359,2.086174891987273,-3.3586804577050913,3.7364486323898625,-3.113398459579729,-2.1629212878703346,2.8123766807785984,-3.453395501294928,0.22576768756742638,1.4262081425038744,0.036808587451702124,2.6524467541770456,-0.8878356704053196,2.0208579173365813,-1.5262909830387237,1.6734026331729943,0.14600771799055678,1.0497709710718652,-3.3637482565317125
2823,-3.313031259238036,5.396613272041662,-0.34816872693300027,-4.03557099793635,0.8067613233163824,1.4933963887500514,-5.369682453940392,-1.7800879430679828,-0.39165704934397993,3.4759066518287405,-0.9501041343855636,5.015624928909805,1.1099588680401489,-3.7001268612061438,-1.5066706423876628,1.2841909634463136,3.170565765246291,-0.35791809313838385,-1.4890921670034238,1.2023286978633987,3.2427698099416276,0.5831817198755429,-0.7451645644269043,-2.7940234962504213,-1.5168395379269946,-3.2731903642300324,4.973586511142514,0.3543102250295753,1.7918160368556215,-2.329682870869128
2824,1.9203593086441941,-1.259986754016083,-2.8302103416116893,1.2101612370246713,0.5736409318731877,0.3860356180864528,0.8134599477371474,-0.743457074620558,0.8080069717589886,-3.0140681708688426,0.015635248105243527,2.120423077888649,-3.0804232318933664,1.111572095746311,0.11223995055041769,0.8513591037400978,1.166725082785785,-0.16147300092864647,4.169854371791587,0.6183610087990541,-3.039672749190011,-0.7261707979652474,1.6997435306705562,-2.7221153641061093,-2.6546847686535813,-4.284020324228333,6.235968624732781,-0.04434426116145218,-1.3925152234031177,2.139595952715272
2825,1.7223647506477207,0.376848136692594,-5.300351822939113,2.7194804962092363,-0.042814819177855234,0.5244732585681788,-4.16176000949627,-5.58081416411698,1.0576389363161969,3.094053839053089,1.1016153050068498,4.48926609323772,0.6945919723718319,2.6247005318322145,0.10232737423535809,-1.2913023677110491,-3.725447372591468,1.5951298618636862,0.6501253694858207,0.4489555566360721,-3.145619553367096,0.9646288585777238,-2.098525907680962,3.180435676348271,2.6762021603441752,-0.4603075300031527,0.48095125031127495,-0.06945281733246667,0.8472496241807548,-3.4746426874990313
2826,-2.1305663790085685,-5.419261409820777,5.998639025633583,-0.29490534126057355,0.806246673375127,1.0398474310819434,-5.316937124262353,4.539109432804263,-0.4858059679177149,2.7677266200882364,0.2949696131164403,-1.7990625738282802,-1.622129466444008,1.001315007233213,-0.20628167896241933,-0.3047292323734325,-2.432379695473495,3.564205066020712,1.505102139491104,2.433814624674323,-0.4207769505430061,1.191467013854739,-0.6384532138348025,-4.071153613642508,0.8046706722730441,1.1476765925441832,0.4224176379624325,-0.6972698622993665,-0.7153849084249693,-0.962110132053775
2827,0.5865045322877283,1.2253423451033392,0.32648516534632677,-0.7315957400112545,-0.007813611418849842,-1.3989226913065504,-2.8150400339394395,6.108632830692255,0.1880009221555765,-3.530379149564073,0.1630573333378429,-0.11427190268161169,1.219852602413745,-4.217787673727059,2.8874802778911466,-2.089179763006914,2.026108883251034,0.1735256731786201,0.7089447860549605,-0.004558852614733766,-1.9965678008509933,0.27544185039159874,2.0710660466797037,-1.0543260296606647,3.7623186332758145,-0.8064080538177869,-4.525494497631563,-1.120127584328467,1.4021901670733357,1.287521335430199
2828,3.041945501046829,3.689930479784671,-4.465816572773967,-0.03068736283570317,-0.9002034822451996,-1.3351685629758858,3.209874990827469,-5.549635017678689,1.2076625779425205,1.7388258003073638,0.14664282924853733,-0.7533711806466243,4.065014190620637,-3.5723613816339626,1.3519636677234352,1.0427996739044367,0.175329231241399,-3.06274538185537,-3.55610387817827,0.8922332268993252,0.8297377141550974,-0.6483507290476584,-2.4683104480202633,4.950794114191609,4.054379625294235,0.9389381762557107,-3.348515960678977,-0.4785684189971944,-3.236570385276085,2.0703369634038147
2829,-1.658747116203953,3.7647821725393804,-4.039574910819255,5.12686237933195,-0.9219034456042894,-2.271419079243124,1.3084088118441954,2.2495867820793194,0.06545847818798833,-0.48370641505273326,0.1614065996466909,-3.3011542567048693,-2.6036218143204977,2.8149016600442742,2.4041549047364157,1.0912081659485935,-3.317534969886813,-0.3891079465213867,4.724565958716166,1.4748464671469517,-2.631749112488915,1.0754232632897462,-0.19050966659544066,-4.452576910068661,0.13004147376457098,-3.7705448642403816,3.591048563334926,0.13445948633289362,-1.856273265578027,1.7712686063875402
2830,-0.022709260116737795,-0.5794958455980819,-4.426358551234351,2.9526197071916336,-0.10871327752635196,2.1846572272846174,3.2740086182126262,-4.171643272927334,-1.0972929438252943,0.53051073891627,-0.6975502331747521,2.1619670927990917,0.12210371328524872,0.44122452739671303,-2.1932619846292987,-1.5431550095475206,2.034695492984639,1.1383932605107923,-5.959308096047035,0.8538730240499817,-0.8265101090174714,1.1632259570233234,-1.8924564793194119,6.6611757033104695,0.6542462592675378,-3.180641042299154,0.9251338988002047,0.30087452989264474,-1.0841250254255659,2.3845113797658684
2831,0.12547197705175783,-3.310220362185891,-0.44819834966543226,2.84945341645113,0.6795566746478023,0.10393664370135447,5.7399698259669165,-3.243777134914364,-0.3205082053368127,0.0974810181668353,0.15363380824665818,-2.4267993121286437,-3.811594544590047,-2.5976503856628668,3.160920628964746,0.5352838589197937,2.1854869123160015,0.5275535300529306,4.434557758204281,2.015103382153562,-2.807978033864959,0.48815812221392463,-3.2226460088016076,-0.9071952199053186,4.1027747154851575,3.35885549987751,-3.783811547138715,1.1994730658204436,-3.5321636796631903,-1.3451280543796749
2832,-2.4978785329649256,4.977118268626157,-3.1818664715138354,-0.6040609166666933,0.048350711301767824,1.2583369412182819,-6.080715275107565,-2.0296420043842005,0.9738631802683093,1.9544796446183632,0.44286673857084224,4.739147716034843,1.351093102540652,0.26448156684269364,-1.2488838081418088,0.7731270524959584,-0.5920089383598395,-0.5478089753771052,4.22063268649875,-1.9920047746106864,-2.582196377902685,-0.3162399979473456,0.10069626716969537,0.5691121967921191,0.9135548413416927,0.6820499758282956,1.0450698701027044,0.32291010273273546,0.526539742955956,-3.490124532959843
2833,-1.2305838810151783,-3.358257085549841,4.371357035245449,3.6075486053770405,-0.9897404762959043,-2.400324197760793,-3.847573573772234,1.845229929161146,-0.14293545475572955,1.9046037894341517,-0.9261938061314661,1.1668691160647278,-0.2710861945179559,4.0215557543725815,-1.5052756871670603,-2.375513137228257,0.843420816236442,-0.713101551695198,0.7126696765259801,-3.4261698669098912,3.0679636445246956,0.8901499946359355,0.272423723768382,-1.5170371725452938,1.0979712920426046,3.6078979045361343,-4.43653222356145,-0.84976373831232,2.1143680753625347,-1.5339413100659698
2834,-1.2730510548499012,-2.110806395796182,0.9467126022278833,1.5821158502240031,0.5073958402811178,0.3476331579138705,-2.7800008232827516,-0.811480211802774,-0.8592425865610718,-0.5084549508601999,0.897217861014683,4.061960711492706,3.1494566382375844,3.096991941445694,1.553086358744281,-1.567323150847269,-4.235673704184197,-1.9965380833955262,0.6725685300054067,-3.2040921924958923,0.813804339568879,-0.26474041849815766,-1.6903994046441877,3.672859146063736,0.6357654899638732,-2.9940974290398934,1.7390622979923336,0.8502171092978239,-0.0757991450765747,-0.155148323136018
2835,-2.1348561594308997,2.1324314056282425,-0.7013589268016318,2.5476266389983238,0.3173762699976237,-2.1612192283908644,-0.9364972522344814,4.7624007617412865,0.031552437540507405,1.2876321500014143,-0.4191086868136793,-4.725979410234466,-2.331724896891844,-1.3658966471521854,0.4207899988253203,-2.060630961799788,3.890686807918609,1.4467756991004386,-1.5561466374248454,-2.112302672189733,-3.3382141569157096,1.0652977840861952,0.4874142224303224,5.4539514600135846,-3.6578638290103136,-1.845459063923574,4.464071054515443,-0.31666839170833416,1.1498600318934962,0.20606019823480537
2836,2.3271267939974827,-0.6680628051413819,4.107356621918701,-5.715755138166518,-0.23836391395159473,0.18769844134408942,2.7539308124003377,-0.5610625351258918,0.7034349247067313,0.9265965386533495,0.3366246131156574,-4.159524353749632,2.4385777488362734,1.6534274401924236,-2.18755842821691,0.7533030970368131,0.8823719583344705,-3.54012181618252,-5.9760441407536256,1.9959624210210478,0.6661746415431828,-0.9123732179645119,-2.2424302329327386,6.468710529086458,3.474409689117774,-2.029905625386842,-5.04109264394123,0.015127170435782489,1.3569624330178165,2.2244989767582233
2837,-2.8788384109771545,-4.966164014708141,1.6101529978425404,3.6601521099278393,0.22545140874205583,2.3492459091736393,2.3566813003112763,-3.5835203817693717,0.3239677798873286,-0.02234953301338649,0.343337721952679,0.5818831126320063,2.711460544352029,3.7109126106680463,-3.345935558394059,-3.199545362743107,3.706207221541206,-3.583099455423593,-2.7483179962511706,2.8569368765231005,1.7517268073775512,0.5833371554211126,-2.664191788794863,0.22050894572406676,-2.8235694429175524,0.08717825890374442,5.853452361539432,-0.22428252831493456,-2.452572533779966,-0.4402061154291861
2838,-0.9638491494300734,-1.1889085985925263,-2.0214756661578086,5.823493602879573,0.7412945253768983,-2.3905547140752716,4.935941700810705,-5.617736833839697,0.39306477477427837,1.4060600041085571,1.077069110201803,-2.1943987560551115,0.3258193195787733,-1.3062594804280891,1.188229217251795,-2.50961197527195,1.2761502350020635,1.0256726838679384,-5.1737742850864095,-2.2875199784743465,-0.2593755607360624,-0.6086842340087522,2.628379890230546,5.700974168074801,0.5376811081824435,0.8090222073448814,0.4143809748404301,0.012266775837608712,0.6905475164067472,-2.4638985826105735
2839,-2.162823279043243,-4.592202414250025,3.6487419696202643,1.122591846112659,-0.45167581283523095,2.4353676903963493,2.4981916332882577,-1.0519348082294115,0.6182907542975595,1.819288590108453,-0.9652812405989719,-2.9185549288653405,3.650887002841081,0.23353315631668536,-2.3962868628555487,4.184422250917905,-2.490300946981714,-3.1822546002378864,1.1859265858630401,-2.284276596388258,-2.2335191959905707,-0.9814673801006242,-0.8015030917161674,5.114839678332352,-3.4673008675309163,-2.066776215509421,3.7338539032542073,0.30847606460141286,2.0358090941574787,-0.5440619789712358
2840,-1.353632044178413,5.200475727404481,-2.985724516722563,0.4170266097319839,-0.22852643145538076,-1.0496193447793338,4.880294520932466,-5.688846653747177,-1.191733529684202,1.9166510547612212,0.12292970617388033,-0.0392950984356375,-2.24967348759575,-3.99046148339802,-0.6837054244786671,2.6854514225059525,3.324752865674693,0.9136361072923282,-3.5160063697261137,3.454012288060472,-0.2910906343520345,0.6697784549269645,-1.7131878325546914,1.3964940936451917,1.9398916266386692,-1.5812735656091093,-3.6315667931786706,-0.7135581609668833,3.536867550572243,0.4496393425452485
2841,-0.34485440933863387,0.7905904774395047,-3.6912927627810674,3.5326465552194506,0.4042191288061874,-0.6913089893446713,-0.7811958482349439,-4.652714413600513,0.6748139887688209,-1.186950310836588,0.8730027702518797,5.073043813651886,-0.9812479623223567,-2.489332806203798,3.683168686703638,0.5288150288859264,0.9490893044847724,-1.690492251547635,-6.147507983145967,1.0990150915151844,2.941067603877837,-1.0591450658448802,-2.918086932657733,6.084657286255329,-2.93170566443321,4.917812017140033,-1.8651966511293594,-0.5006631945382507,-1.8261754489967288,2.2059289419590087
2842,-2.6832264536496027,3.2226072848678733,1.761010527670031,-4.784073058611046,0.19718314267082793,2.2864985570526724,-2.4486148099938596,-3.924025729556327,0.6343848477544647,2.11811040159035,-0.17752645375189502,3.797671743957803,1.493763110349601,-2.2237301098329,0.2843534568473096,0.22203942224360063,-2.5141494621798746,2.737723582572823,0.23098254624739667,2.378237641031472,-2.05313232511641,0.01647468008321873,-2.9762029254185496,2.403640383172661,-0.39631281335447,-3.0056384532860285,1.2677508526846104,1.1131195968371879,-0.8615949853313882,1.8826758024516117
2843,-3.203727178166849,3.5982358261417,-3.0338111334680455,1.3465581027158429,-0.1881359334549395,1.4808803162330637,-5.97647716244926,5.056462075941507,1.0899994275592153,-2.702915007652754,-0.4393764161081144,2.9723070827099107,-2.249476370331797,0.3298389939121371,2.017734267811054,3.930326348589272,-1.900195910697347,-2.1282273292827636,-5.936185827392144,3.281928022405964,0.5603207016349607,-1.011574774588524,-2.622393095294324,5.727904973233862,1.126933881982069,1.2757983602718532,3.9149393569638775,-0.8324263852544158,-2.2476604214651132,-3.2375847924967687
2844,-0.8932018477808654,4.848394674453484,-0.08827717809710123,-1.334609285997491,-0.6078422731405357,-1.9244640894366825,-3.7952201069477667,6.220047737131441,0.6667213316407645,-0.3710705351572159,0.3500256680059719,-3.070504094672696,-3.990587330440233,-1.5620023251717843,1.6168143086248072,3.64149018280494,2.34305961310962,-2.0487744489268014,-5.15771556668188,2.0334972193259695,2.3914030672041946,1.0056505649471594,-1.2797715853700318,1.0069363005743597,-3.454690568725706,-1.3656645098667965,4.800271803227989,1.1145406565068274,1.0945711016413142,-2.1890284827821223
2845,2.542741841412184,-5.581739433938505,-1.4794832068620742,1.7338107928305817,0.9922171474002122,1.792452859158404,-1.574774648536927,2.0595534488581464,-0.5586398131949908,-2.9604446545088265,0.5985323200394976,2.4357733473435843,1.989836511632138,-2.730709531233387,3.817549191467485,0.4290956518667919,-0.0665262210538593,-3.43924560267863,1.8472608125916565,-0.8479248391271881,-0.384971769677513,0.4847237932883868,2.6122192297014966,-3.711307226777066,-1.596559990963037,0.8390291508426984,1.5142274296972502,0.34316444087527387,-1.0631243547039038,-0.03673667574681794
2846,-2.6041783243262397,5.540149025659396,1.131856554007019,-4.566329817320497,0.9116026144647105,-0.413100052483621,2.1668875317698095,5.499924659433692,1.0719356389825254,-3.586993942055349,-0.6083021042490477,-4.54345178388116,-3.1157233464939456,-1.1432932940773064,-1.9752356214051332,3.104492790932202,0.5557381095367013,2.5740213615079988,-5.924252144986401,-0.8922247700781973,0.23601241596756495,-0.5013484130850623,1.3484236315838078,5.733389280598061,1.0020917373597982,-3.797858646680254,3.093531112332844,0.1438333922419357,-2.256565832987576,1.8149682377347176
2847,-0.08819726270940187,-0.6147237001176151,-3.1090065151718775,4.575007954247631,0.05799995299389682,-0.8210804292418423,5.085517203464288,-2.2647761966364506,0.6203780996608037,1.349807432885786,0.8539159728084424,-5.644842512182368,3.08473567488835,0.6160705338181103,-2.04585138541219,-3.588332782947674,-1.7464240333464698,3.6798019930003925,2.2583009189654213,0.8967420623957238,-2.644794055936142,0.7568457433766689,1.642665525450619,-2.909760194252506,-0.8677858897615565,-2.2397531359653975,2.542691186013929,-0.0719339698933732,0.9346016523915956,-0.2978198427837313
2848,-2.4348218311656016,1.0832369049298194,-0.7181411840501539,-1.0277633343996975,0.9082878476684852,2.1892015970179557,5.761411790969188,-5.63883183425725,-0.5630904549867211,0.4782764910364481,0.062341747157651284,-0.10010773991879773,-1.0394496372249424,0.13450817170681262,-3.813947119216758,-0.2529099226289091,1.8409456542651803,3.1308528530990856,-2.7101902467376746,2.0011044307515604,3.102166271821268,-0.606165604996205,2.3751972894626174,-4.162112140301808,-0.25524344425051737,2.522454625031031,1.0203493227785856,-0.29566389583132224,-0.02388270442431306,-2.968013903301994
2849,1.6668796418717058,-3.2140601960077646,-0.6800509665354291,3.6358665037808144,0.6573996675928746,-2.0660346507013916,3.9287971626579825,-2.716726894517624,-0.17011813810197296,0.4018721290489822,0.924499813389815,-2.36832407247665,2.9298132681835014,-0.263069020434358,2.3270709378235424,0.03612426395843471,-4.06334529325461,-0.966594156276047,0.7754253061280281,-0.15303364710659828,3.647438103727591,0.7922959357218557,-1.781477352119511,-3.280648346351626,2.627140704854284,1.6330733563638375,-0.6680141888643512,0.17285326657605804,-2.669168111936129,-1.095885026992244
2850,-0.050843135510691084,0.5373104517254923,-3.697351877069785,1.2443817532794803,0.180969940000276,1.7855328675760411,4.302792838904185,-4.611034802383678,0.14152200945521276,0.6622765282554237,0.2673284777993956,-0.7628850520300503,-3.975242972119439,1.4650008692365617,0.3626861627142475,3.714562974414875,-2.2387433829470282,0.6717363487012769,2.372745853447803,-2.517757139749735,-2.184774310037543,-0.46279577977480635,0.8839409656657704,1.9086404104482426,-1.8590811570988457,-2.39735060460999,2.002299927769627,0.5455322566036394,0.1489174428745308,1.55968213446247
2851,-1.8168853945459063,-3.9301694741427653,4.568819563334689,-0.28198401714110943,-0.6220179723242862,2.0822372948201977,-3.9018325426343736,4.899366899588838,-1.1871869413700664,2.3690201827873913,1.0126088367064794,-3.191976435077777,-1.087056937429315,-1.2439216354568092,-2.6507688025853824,2.418119676978403,0.9020281290067764,1.6615995694868069,1.064045514443535,-0.3048996206218799,-0.5036583615140238,-0.9646525774960342,0.6889486055898342,0.02021643959828623,4.896568891537161,-3.194256141231282,-4.420550896433021,0.5014944568711392,-1.5324461676686525,3.749189856926087
2852,0.007499834488513102,-1.633089569837626,1.9242947280717502,-1.0522207018064904,-0.7429944071688386,1.4965101162534982,4.954739020969637,1.618143019189752,0.03507237809473107,-2.0156251434300962,-0.23675318464305217,-4.35557609018046,-3.5397624353267414,2.8700766600062835,-3.624399065188584,-0.09752507079402051,3.364786382285555,1.026823529017964,5.638529740804287,-2.387854545307606,2.006456808594592,0.5386849748901952,-3.160813628015667,-2.635003350966059,0.2377552894363113,-4.164277646908955,5.388375297426869,-0.12123165298758742,-1.1515376408302131,-0.18908364613496076
2853,-3.0109437502510854,-5.157111328790862,3.2396502042484876,2.2118607809299924,0.7808044278255197,1.9357396660387227,-1.078624726460891,-1.1167090473005707,-0.3904776155637979,1.0144045592784927,-0.9455196128839995,2.5169264429312435,4.222557140357267,2.160027658880061,-3.064117390975559,1.0345446965770932,-0.7815855698967376,-3.571426534941663,-1.1678267496333348,1.0517527603855719,-1.5424099986233806,-0.3809502276545427,2.1086850703827054,-0.06925085485725191,2.421156817561254,2.9074401928469555,-5.092709829803475,-0.5884231989436612,-1.9123581228110496,2.264894141151423
2854,-2.6341951246770225,0.416152296325464,4.11161167054231,-4.151845879093983,0.26785703920215687,1.9904199977018422,1.4364181354657575,2.3200557244364752,0.9182114310346892,-0.865047701383526,-1.1157742819529703,-2.6938633075999547,-0.19586476379596007,3.998274645717622,1.643016926148288,-1.6753661760406988,-1.6871803132625107,-2.0828803187662626,1.4287673534123435,2.8425184277988222,-2.903963178392951,-0.5755305355760374,0.5669223622759496,-1.358714429518347,-2.4293733704098486,-1.944034608660786,5.2175843308517855,0.6434857355054762,2.1238691020764975,-3.6115311893616724
2855,-0.3814445058784681,-4.225752732645301,1.0245502305491918,1.42832578972806,-0.05698930694210613,2.211310525189427,-4.021298279851873,5.665779922063123,-0.8801298456243263,3.2147912011206614,-0.9022881239703384,-3.076854873736796,-2.5789486458228943,1.5120016970715362,-2.478441244835933,2.1049143155990357,1.1192199765719089,0.32125390141683496,-1.8772084847323285,-2.241172329837614,3.8360277638977607,0.6990119182726273,2.358325303598294,-2.774984171198991,-1.3693067133299728,-0.08868126219651273,0.41886287997404636,0.3301405464193419,1.2151961686470116,-0.5062116195124347
2856,1.6953369086008827,-4.271924245854418,-1.7962323536744087,4.454280781549734,-0.5017714503607282,0.420310359739716,-2.6451903552886193,0.27827999975801276,0.48127346219139255,2.575238434363545,0.49093723569337744,-1.1805387767172206,-2.9424294841303986,0.1799342369728194,-2.3696237301746663,4.095522090456068,2.1996881166322098,-1.1630912297555795,-3.2306615766316256,-0.7960588836342435,3.7655674542119684,-1.076172473027806,-1.3107978840416443,2.648123363123105,-2.7478196943666653,-0.7193065096362865,6.03874967337271,-0.9026710222534078,-2.8771083623620637,1.2081559152471755
2857,1.1059304387520719,-2.345358169805074,0.16856404891136023,0.6050380582629167,0.4358687790577278,0.02995684482176486,3.300492678044776,3.422117743523593,-0.8599272642812412,-0.5138461767758038,-1.0590301106191546,-4.28980686989166,3.338394565341101,-3.9609878937486833,3.7565297508099853,0.6576573652380588,-1.2476583374580574,-2.543935450181941,-2.1021736465432994,-2.9901346721263486,-1.8072882485054027,0.19251845217981067,1.6612066712525433,5.045871443742435,-3.1500848700840116,-1.5591731269089983,2.875146911797316,-0.41885891525688823,2.8058253933549437,-0.552855392900895
2858,2.7682002485271155,-4.469233523519808,-1.1997765754866556,4.594465376391142,-0.04798841490173067,-1.645667111009283,2.096982003801731,-0.6978774095487807,-1.1328209483843308,-0.15942930807874411,0.549193389160977,-0.6560477269503373,1.0248661731073483,-3.7996161296125486,2.7454035089136966,2.6510735733879045,-2.237015138081615,-0.38471198771432213,3.868306768443073,-3.231848177342016,2.7597324676268506,0.8191362538622728,-2.5271840948066586,-1.6881432177837716,4.7155376930050785,-2.1369483495873602,-3.1967310645635187,0.6603131484829108,3.57668261489993,-3.6188540422355686
2859,2.5501966810079395,0.6607179206769231,3.0783627630003103,-5.789799133412675,-0.10177132274019418,-0.3977069085315481,-1.0772338988077799,-1.725643148528306,-1.1208225064698425,1.9954355624197113,0.5696719816654339,1.3585920097212494,-0.4835571379041319,3.268511142595706,-3.9045423090273754,-3.048093813695072,3.329409898556026,0.8382722194753143,2.068414348320797,-0.910648062852184,2.79617993061677,-0.7353383648996541,-1.9897710598827487,-1.228836791303209,0.847286520760786,0.8798706652771671,-1.749094750750281,-0.12973925369227768,-1.7601790155820822,1.9118558339881346
2860,1.308655630260212,0.5737130724798902,-0.4730361837540329,-1.2712364901674604,-0.44093518293055456,0.3028391541126858,-3.0253942834531884,3.6986431292544175,-0.9730159081697254,-0.5556962171051136,-1.2152554325116713,2.070718711985702,2.8842133159153285,-3.041380154199839,-3.076208957230236,1.3160345430092235,-0.7542232923287244,2.671564544834702,4.476446895294078,-0.3070585875176164,0.7412799154505727,-1.1704117764994888,1.0685685308098343,-4.808824977537611,-4.1176988340732965,4.615277856546516,4.378393460760865,1.1139263873343683,-3.010869212656715,-2.979029657910303
2861,2.6040976997902803,-5.1621423313395844,2.268578347685345,-1.148789911325931,0.5153684388374593,0.9228877563531874,4.614564698722077,-5.052466159264931,-0.5354405144131782,2.306616559848763,0.10120774463260052,-1.434482329524883,-0.5012750783860547,1.039469332961378,-4.110718031674363,3.7200286768564936,-2.4068005811234574,2.259295681366467,3.9828258559158556,3.2210523534124142,2.147287146338666,0.17392654154257503,-3.2152972833613465,-6.30979461384835,1.7975343655356006,3.0791639545980587,-0.8648137278731802,0.21507697865963316,-1.2306386167726693,-2.996322954146031
2862,2.138756164398597,-1.0002554114061475,-2.026549193779573,3.302697020421732,-0.47781506799387286,-1.9368335116399766,0.6614937755813557,-4.803495568984477,-1.1525757703765325,2.7848382232701994,0.0668402553712113,2.442899085138709,0.6226377120462097,1.684833512218951,-2.5920051954023506,0.16414863029020665,-2.9675020233904803,3.087887364237911,4.086514930566718,-3.1465241241675592,2.2315172606100333,-0.029461517090804357,0.0052852595406331915,-3.1473318094592067,0.22962792336333848,-0.7497180587175762,-1.3982569973646832,0.7984276451248551,0.9094324892673846,0.21048699832811835
2863,1.5352818469052423,-2.6316159121454703,0.051928130457877586,0.39666397170515566,-0.6669428695879289,1.3146848326658578,-2.3567805488346742,6.1965052321545215,-0.7614307258730104,1.6736208492876976,-0.9139641333481316,-3.8379506733859365,-0.025002646878469648,-0.1162573628521173,4.228024204149371,-3.024984671124029,-1.3426909625133447,0.2809114392190608,-1.6160650255614328,-2.491437739654298,2.673926613911462,-0.2900177838518534,-3.2010290482715327,4.924622983427454,0.6582750543890548,-2.736869031625524,-1.1007868735756432,0.585262001594832,3.679331390882769,-1.0852125416640792
2864,-1.8698453158069341,-1.7991459896967648,4.132545667708339,0.6008122635750368,-0.10440743223078064,-0.9599591935481477,-0.3749618406230155,2.346295723243159,1.0435786540646506,-3.4009272619359265,1.0293073739365575,-0.6432926486849375,2.751557808314132,0.8748635646222489,-2.9440059513062398,3.860129225108931,-1.5465472233859696,-2.995997423352657,-3.970224542523898,0.4860413094004965,1.0122208651880698,-0.07221881583702494,2.11265068350934,0.43153050026279516,-4.287995333882975,1.5430460578717131,0.5312843157545579,0.8381109795597048,2.4037341999086763,-1.0281802192102596
2865,-3.2935319635418434,4.511231466168439,-2.553107745480638,1.9258614978843092,0.7133542315186787,-1.303807486548184,4.8342835631585785,0.49664092817840455,-0.4544201198998481,-0.3695000517734588,-0.44762739569198384,-4.059376923971197,1.2890364955988183,0.017573788752162756,2.164510445959678,-2.9527539824489626,-3.498726092979755,2.980359345118508,3.597547607536548,-0.5802073148685327,-1.9716739182138792,1.0754564335930583,0.5123700066028061,-2.633492814650225,0.25211304176553284,-4.623953589440889,4.333307415114277,0.5460080026030543,-2.5221369147084243,2.014662044667851
2866,0.8347966670758282,4.701838776807186,-4.705698969290065,-0.08937172119015813,-0.9382045423254597,0.19663978892342904,-2.492053145297426,3.3827340018078296,0.18386630050397113,-3.5125275437449766,0.05634738633454539,2.3816330003965582,-0.15819048629481003,-0.30948407136727596,-0.38437791434530055,-3.248488049334565,4.094088216607862,0.006452304734517966,-3.842488243726219,-0.035400151305493566,2.1448256511974257,0.2619674081219836,0.4106728367064605,1.0604224990056146,-1.0549806386938876,4.304020357287968,-5.191351256895654,0.7969938233516363,1.813046494931843,-0.6677287799805001
2867,-1.3509267867844894,3.674465722596551,2.8215258250155983,-4.1178529178598495,0.9839078981738867,-2.0111197411409254,-2.5805849542500283,3.0046091824374557,-0.29985761272164346,-0.06122613426238388,-0.20537896764970132,0.14243848644679247,-1.4622417475243807,-3.7268560007083202,0.5403977953840808,0.5482658086285106,3.8526630668694892,0.2477710773510413,-0.34797767740121444,-3.401005279755706,2.808420175275799,-0.7230887457261117,-0.17486428269030085,1.8385158102973342,-0.2947456919758835,-2.2245523560617286,4.2310944186682775,-0.5901142156869588,-1.3824944918077389,0.2608123368654276
2868,0.41728584519638723,0.028256871974146947,3.3627641181673233,-4.5668602928040265,0.5560665367005071,0.20248692076642527,4.072000881958253,-1.9779549542789638,-0.9545007020146326,3.53614100617175,-0.2263597996836193,-4.449326432152276,0.4433517396441182,-1.408463865034621,-0.8950718570666325,1.5260283929903657,0.7470433041015987,-0.41288771463444185,2.9639465338741964,-0.4977690618286239,-0.2793558787923516,1.1345515055923583,1.094427054171204,-4.415800153017003,1.2514120732575407,-3.4027370225944544,3.2325014933062803,-0.08117292440346358,-1.2347568618055984,0.23475324224106053
2869,1.174719421320713,4.936735851192225,-3.920027200118458,-2.025428053752112,0.5745416546707927,-0.7405416733124479,4.105999078551388,-4.941108808737024,-0.8990948154863325,-3.0962698016167707,0.7887015394323873,4.041772807856848,2.5118235921887972,-2.3824979683436105,-1.0671535091207751,-0.5084666023096354,-2.2503227622311996,3.6966172498168035,3.3972750509619267,3.288022540428944,-0.23605315792410053,-1.0449783849944017,0.7773407937601657,-6.181606842232746,1.1309488097321996,0.9610724282316205,-1.9988194624219702,-0.6601774332544634,-1.6431292614597837,2.2101049191737445
2870,-3.306682898988498,2.966741355949864,1.7808462548383197,1.379794635317623,-0.43246825141963186,-2.3882310956969492,5.917893709814855,-1.9159508160172152,0.45993541345496514,-0.07115849258270401,0.321430247941918,-4.712150062611293,-1.0059770069245282,-2.0563748045466976,1.4828890226837927,-1.353736658748872,3.3174269263086167,-0.38422747877194574,4.139459763007235,0.7189492836594926,-2.979140688721932,-0.22950469489857728,-0.18321540127107205,-1.466548261775383,0.47336598047371936,-1.6848737172080774,1.760999188428599,-0.46799600722151347,-2.009216853415408,1.9277214089440555
2871,-3.0038021469485283,1.4581881569428,0.212687122949216,-0.9449656795546701,0.34079967608560713,1.9370928705263175,-0.2056489895928344,-2.314380860370388,-0.5609217019238635,3.677232319113937,0.04627764061218631,-0.6425584078385072,-0.1483989418607088,-1.7285517212021873,0.7326743175339843,1.6619075707388689,-2.1871220241302627,1.6694907989207017,-3.777196365004368,-1.69793970764154,-1.0914148848291578,1.051181589836566,-1.1476563117313248,6.663025679369596,3.7204948313590123,3.9991277007495682,-5.746198205348961,-0.8355676540228485,-2.117070802643223,0.9792141299078203
2872,0.6362262895000708,2.15076783980874,-2.482090436478071,-1.164566603424202,-0.8993351700177048,1.75899808061191,-4.606376866761906,1.577551887560272,-0.08686001139609356,3.515364246907616,0.24681251270918203,-0.6464917690185388,-3.712227803070757,1.2780521016932482,3.281228034339641,-1.409431028482814,3.7032077777611683,-3.140829082240108,-2.263079784162631,2.381474995337239,-1.7725835821165674,-1.2199996204879215,0.8344969657477979,2.0396910256818366,-2.400010720643941,1.816210712442679,-3.181118968416314,0.1190345027649169,2.1151519516274604,1.5307325222265362
2873,-1.3799267355293274,0.8557241364313342,5.230741357326828,-5.218807549670782,0.5754055169404175,-0.06313672549773308,-3.769871483992464,0.27889265079079806,0.9536166036972755,1.7315183238816978,-0.5962477468170686,1.4020916524403049,-0.19933422090899455,1.1666969994852217,-1.2720733289338515,-0.820258721873909,2.0376512006713057,-0.9126819284393619,-3.5457538729594127,-0.1751304701809726,2.3293250315716847,1.086617701719855,0.68629342232828,-0.3813518124796893,1.0474790778635032,2.5270622092067185,-5.306598285734754,-0.6097478584995777,1.9100796403681848,0.4317252167972274
2874,1.169143331290858,-5.71904135699673,-0.9602568880580371,3.6116267344087625,0.25854057556415366,1.6399876037917132,-0.5343014927276499,-5.15200856175187,-0.5887078114049391,-0.7029178917874788,1.108312484369673,5.869623273302828,-0.4113574027078961,2.131394228092848,1.7473805944836904,1.26495249551607,-2.159503277773265,-2.5728666376110567,-2.1371112729549786,-1.717051207457878,2.4074247825241883,1.0277245597159652,-2.467618619631221,2.8866317578036806,0.9497173319170216,1.6808063782649398,-1.4530877069656505,-0.6085134062407107,1.5299603919801719,-2.0988829889544505
2875,-0.33411302220597605,-0.8878647814314071,-4.433636134132186,4.527644010237946,-0.6809752278222396,1.8089451553545643,-2.2069403516575754,5.37333511806197,-1.0218574827440827,0.6776385581760032,0.16449888079735953,-2.986674722633115,1.9041374845391488,3.4578200189708213,-3.1295956516998693,2.3609313409034307,-1.8247535062752043,-2.7685396864379737,-4.419780695931852,-0.7093953628065961,2.032785479795372,0.9328213796782361,-0.5523567058284602,2.715925905093087,-2.847667748723424,1.0263214655837203,0.7419565566752624,-0.4975667819184455,1.8759030939115817,-0.2989465855273803
2876,-0.20156317703598603,2.7664550607664893,-3.1030966398575544,0.839468829237493,-0.16076039493040817,-0.14050367817932852,1.3583218671647685,-3.3978588888841763,0.8422912533800702,2.315582987067316,-0.34624799624234903,-0.7720892224850822,-1.8562193974533248,0.45188778343454317,-2.70315291380526,3.37105601769073,2.9204362611797805,-2.1840077510460834,4.405553991328869,-1.9804130164404068,0.8781786816487127,-0.4491008365255862,1.0490807546159662,-3.903299574627777,2.027919138209633,1.921079360819821,-5.1122179709546245,1.1313954669243786,-1.9338901959456507,1.9657142009477546
2877,-3.1379928473274,-2.85720238835027,5.5432458360041075,1.4522646729840005,-0.9288055432715046,-0.07150973003817995,-0.783949436738915,-3.7098467641916137,-0.36094354752307467,0.5502218570609809,-0.8957941264091183,5.200312017802297,4.017459965703555,0.46884408252718757,0.16898991232839577,-2.2380304661914874,-1.2705662232368446,-1.146697271130435,0.6595790013466356,2.2284700779651985,2.730222487311515,-1.149418175751002,1.3975141602014975,-5.8663675510740525,-3.563927587026047,-1.3536520980372337,0.7711208652351011,-1.1005681287380673,1.831781949276305,3.415244999291243
2878,0.6842549132680471,-4.4551405429592315,0.859870619203857,4.106431892717588,-0.009272242302325484,-1.1861446399271678,-2.4932106928772875,-0.8881846362906458,-1.161892514500431,0.44778580816652713,-0.8531172112212726,4.948619246723641,3.992390099120467,3.217252635911823,-1.4557754370925906,-1.1616837146784889,-0.9391339226297042,-3.653049660631144,1.924181536925591,-2.0975881748163516,3.79244458559614,-1.1400123195457978,-0.5957074957514283,-1.8833181324083874,0.33461769659272633,1.7410929453176216,2.5114058461407183,0.06479476285795727,-2.730536560100152,-1.9213746908075624
2879,3.26236841456425,-5.478716257546264,-0.06095856689844936,1.6497141493481813,-0.08300706497228871,0.7105993255053615,4.9907193705506,-2.048875635323558,-0.8297146256906398,-2.166473803667323,-0.5487530196832431,0.603097713814698,2.7938111882676466,3.3774870801033394,1.9053292022337764,-2.951111974420794,-2.4460566720030563,-2.679458824180541,5.618818037148817,-3.3812401238217475,1.881025814391208,0.20145958935674102,-0.6819502867756881,-3.6381130302995572,-4.710631152849954,3.80831422296945,0.7187440967043379,0.9524104310803638,-2.3187450733334245,1.5499074754305724
2880,3.2025286376302695,1.0511985600857905,-4.8122308320710765,1.167858865670226,-0.6198158354138816,0.010460604099487014,-1.1856482451652504,2.089502119001569,0.8520656181090667,3.2252963780702046,0.930526259921229,-5.911742129936286,3.034504200928442,-1.0115231139033831,2.964384594288134,-1.940244087395861,0.22201906658618853,-3.2691406605031776,-1.0695444090940036,0.8735251110236177,-2.2723777828355676,-0.9060661927228937,2.952816910466014,0.4216463631626084,-2.2588716062199765,-2.626671472275902,-1.8404693998298498,-0.014731910828987616,3.4521535631894302,3.2885908259666294
2881,2.240742298094485,2.424831264509283,0.955573767995535,-4.356030810049422,-0.437292633926323,-0.8278238866227507,-3.35126175500114,5.104249027103307,-0.8845171945569934,-1.6606226216161488,-0.9826573738895448,1.7748099179610541,0.06660312844801197,1.0370097422306905,3.609816238523134,0.9709795811735411,-4.210993634491192,-1.473415055883807,2.8676657390288938,-0.6636073755407796,0.9241870337396954,-0.7191546909343725,-3.1887331144760616,0.7796424081823794,-2.4151194479977356,-0.9514342481783764,5.530972309415176,-1.219870104046815,2.0583611265008095,-3.002909635691708
2882,0.7960980998927827,-0.4284673177762812,0.5253422837417681,-2.4740278972693623,0.24837286051946927,1.3326819708924162,3.644896179772182,-2.561279692309043,0.14910989962568255,1.0250477493443562,0.4707036655958188,-2.728477802028454,-0.9434697760314066,-0.8584037597950633,-1.0594758083432794,-3.497544225348454,4.139023815297552,2.2198697542210084,1.0175484956780316,-3.3458479913536436,1.3958837581286332,1.1514916064474363,3.0249758079602636,-3.2440516768609555,0.8897101294706573,1.1362296395840765,-1.7665966143100178,0.6575161404667824,-0.3482677126566074,-0.5685915825535446
2883,1.8609408916613432,-1.8509123856341674,-4.034654028144772,4.694892563220527,0.6227937505862045,-1.2930607916883794,-4.798776131386159,-1.0939690349728437,0.3199677570207049,1.3958957463343538,0.3354021683915338,3.841479494612962,-0.9946173104755296,1.168769157913264,0.3644794124639681,2.2319150198115416,-1.6003690764009306,-1.17017720331196,-1.3214619051200671,-2.2764504416511624,-1.948139857010423,1.2002490908114476,-1.875436663812227,6.221239776782191,3.051534134287216,-2.994347549484104,0.7889250269844688,0.7787686247108363,-0.7815848099068745,-0.8432954265901955
2884,1.0115242797109687,-0.5703832009695731,-1.3876525581594237,-1.055459597118631,-0.45227592848400744,2.4542470050214646,-1.3185640677002723,-2.642383876576222,-0.5645852934744404,1.57449446205068,0.6680719887664281,2.282966786934402,-3.3353364169674276,1.1778021826103924,2.0268529890523794,-0.22876134148469873,-1.854223080162397,2.213665666952089,-2.105942651293116,-1.3863533582078098,2.043337672493024,-1.196686843683255,-1.973162508356502,4.618807689047419,-0.05886852677588905,2.6108888273074733,-2.962537303053555,-0.3752800397954381,1.1898282462569725,-0.4040312039381906
2885,0.36906992052168164,-0.8935441248263594,-4.796797388171633,2.9060845724037137,0.8406096683924043,1.574577351680995,-0.06970951312283091,-3.3065729350382185,-0.23070126527283286,3.6424325419565804,-0.636179721080472,0.6007308925583246,1.5534964613668194,-2.509461639739852,1.2801143797819456,0.5700260073983436,0.1912783443712449,-1.0854535531781586,-2.7047166628473605,-2.2303665586788206,3.761120351083541,-0.381224310902609,-0.6372139555028511,2.192401136847849,-1.02636728669097,-3.3090205284441083,3.7729551203095824,0.9737787623757876,-1.1603440763022217,0.748998008753297
2886,2.743187894142821,-1.6419746478153598,-3.7368155665198053,0.41000612667986047,0.7935966288596497,1.4319995646536157,-5.917919299648794,4.858662046145412,-0.7153423642869559,3.4683213539248747,-0.8620481457489761,-0.8316735903850017,-1.9916686706248736,3.8932865476424645,3.827973819869463,-3.553486482372433,-1.495731366252821,-0.680373848261441,-5.640778848607184,2.7372414146216393,-0.4909839819068438,-0.4083619780670915,-1.6866837502123957,5.489567144171588,0.6011238662387726,3.6738753842304632,-0.8758754163001647,0.6779767843538602,-2.7820640134694212,-1.2950366050521307
2887,-2.392995285156582,4.510496007825463,5.944394714056141,-5.8444016022168235,-0.06310251020280111,-2.1543913243046138,-1.1507769560629377,-0.654708283295907,-1.0672935571534246,3.3500306488446405,-0.6220666002721122,0.14481474794030547,-1.4543261641072789,3.1114375802405227,1.28617704396369,2.7620401702699127,-2.1655341888754673,-3.539794441490997,-2.983980041406113,-0.5466864385681376,2.1445330467167665,0.10031830939780129,2.825843910343073,-1.5400287864836635,3.0141970526142607,-0.3631514896007211,-2.488009754382187,-0.2832815107878419,0.667462252650056,-0.5472165504921769
2888,1.227662785884128,-0.31736263108462026,-4.611033484036483,3.9629365567342454,-0.9537884173273703,0.691585189830878,-1.6911446893007636,2.8218853638237675,-1.202929119358577,-3.267468615122107,-0.4316214538782406,3.7712785138364815,0.6924951885988939,-0.6297703318550631,0.723961450864266,1.8634656059439365,-3.8828410144715146,1.232689100919849,6.03241279103397,2.564017053088918,-2.1194335647323097,0.626752686222904,-0.4547035095100007,-6.649045456103764,-0.05957455919794086,-1.3073803363603602,-0.011180871795144043,0.4170301357574697,0.26947364833078424,0.691631983266598
2889,-2.386548302382792,2.4143836493197313,-0.3260105522266521,2.9224463919296184,-0.7947888421887881,-1.8294823444503336,-3.944196679286108,2.7757635172249273,1.212882163206813,-2.322103934208126,0.929421914729021,1.3482330183340174,-3.0698478695872726,-2.962699030594223,3.27661703290401,3.4137053055256743,2.6427906748908967,-3.300566113138668,4.440171835394363,-0.8789579941826897,0.5859015946571162,0.08341479888744718,2.439584670053774,-6.670114904810294,0.9014391089406217,3.531178183912534,-3.574977383688619,-0.18075344738673937,-2.74585190400456,2.0689654422281833
2890,-1.1300940038159268,-5.098836443852662,-2.1127243283202723,5.189237976190171,0.7768429890260911,2.3755738107734015,-1.0719440507770486,1.977760065802233,-0.772598369281595,0.24135182442328684,-0.404243634321535,0.029674164155217397,-3.6672376143854297,-2.4926324025611493,4.107023521800077,2.9024602109743896,-1.9376242584686434,1.0880105426411824,2.4791808071934156,-3.024192462554561,1.9887739332544108,0.6131263794449966,3.197598001832052,-5.254486659170581,-2.513964363735635,2.447159885502664,-3.903234934641887,0.6083178619653449,3.1788260586548667,0.18289549225607793
2891,-0.8786228285314266,3.3265258224270156,3.582385811569729,-5.624858291781592,-0.2562052710487004,-0.1492252426342624,1.8418674500096124,2.5524154506020693,-0.7607192605010642,0.21381380038017106,-0.4796887135492911,-3.367688726940955,2.5144675108083376,-3.385801185911916,-2.5305506696086084,2.9020337883138687,-3.1701053179860867,3.6699558743848506,-5.032458405563826,-1.0600052789961119,0.7337658872185173,0.040651853429118034,0.8250043203266166,4.493041623585384,3.524968920843069,-2.0545030554857497,-0.44892969944635297,0.0351316421495218,-0.5180682642482051,-0.5385995438108324
2892,-3.160188645048713,-2.989048285751565,0.20898919995963894,5.426425522087246,0.3663914563662649,0.14743075238789416,5.083759892936946,2.505364257658634,0.28213330757505517,-2.6617272954414926,0.75367456972731,-5.963204732455928,-1.4177748213179662,0.12521517338930366,-3.279707095906952,-1.9796291508479307,4.116735926554199,2.4351599681297706,-2.956961590163516,-2.6546355284914593,1.5868235081546054,0.6250795190891694,3.1087191869277326,0.2909749044831855,-3.221242754226733,-4.604366889250587,4.26357482069805,-0.6368135725909179,1.1748819017611147,3.0239664936105157
2893,1.5096637143953657,-3.928269557438103,-1.429777528275494,1.4969962948869657,0.21741487665396653,2.133972199778084,-0.4819237099769147,3.062809367210761,-0.7717772774116183,0.7185493148701738,0.5217217469566107,-3.0493794416484548,-2.0207164349570412,1.0197297552913085,2.10907621081671,-1.9087606338008953,1.4826844756216495,-0.682013372971296,4.854817261702415,-1.7400397380830448,-0.6273108768268525,0.6194038974901188,-0.6767730498170543,-2.4300974944658584,-2.7324611511154124,-0.4890961500992468,-3.4639642771224253,1.0891553898294237,2.614124205321435,2.982241983187677
2894,-1.703077238209758,-1.523695219470362,2.972768018220023,-0.6727843628961061,0.72102293288137,0.20576586947564302,-4.003747355427876,5.417379657014877,0.3697813410293982,2.3309952959426106,0.6737464805923707,-4.78815541915079,-1.632165519403376,-0.5010477769542518,1.9547987595051453,2.8997820752009638,-1.5566830761877455,-1.1646844621603147,-3.5193457089430353,2.230887971524325,0.49933904058230283,-0.7413793486751441,0.13990523784194941,1.3905928076693108,-0.6414711719245574,3.3159160828191894,-1.1038575541385214,-1.0176765846728553,0.7129276497409904,-1.2658384218227852
2895,0.4256383546117135,5.40944680519954,-3.7757420330377585,0.03968643447337783,0.0673688120929552,-2.1663983733389998,5.148091760060197,0.17755375893805336,-1.1851368619503901,-3.7353215894409733,0.3528975107585097,-0.7580845783647909,3.8961121517620114,-1.6729505593903031,-4.114241847853737,-0.5681776072578089,3.336809869594994,-0.8775520068547138,0.629769794547208,3.3960186985443386,-0.1433170573605942,0.650772821567581,1.2442585508253146,-5.777502808124176,2.161223633569737,-1.2503923873866967,0.17164988969929595,0.01724812975745138,-1.8187294063199495,0.7190001406816613
2896,-2.6582601220854674,-2.398748656684937,4.407784189540632,1.1446688949682589,0.25099929309411895,-0.746443598831787,4.822451832620949,-1.924285342719422,1.120462869402278,-3.397643276567303,-0.72312729843072,0.1021412156948216,2.565516030235141,-2.438672799163456,-1.4280355683818762,3.3953235724413027,-3.245314602116478,1.1511833669858191,3.671201879906466,1.1963480190430023,-0.2755261578014849,-0.7467589929629321,0.3217820254337731,-4.167046773619145,2.6790639975165575,-1.930591214889521,-3.498671287564271,0.652769750386959,0.24361329091770045,1.8538154636340494
2897,-1.6409398147251757,-5.364447283723017,2.829190918716275,5.273199683638879,0.27007840716127873,-1.3670819110674621,-3.950801955920028,5.804169195108308,0.3082909622678818,2.594956616985936,-0.03801856434002371,-4.7185962541014455,4.108499487007762,-2.6969743572484877,2.6309219912997293,-1.2780181017019068,-1.3902254671039778,-1.374203552252677,1.4617746719215425,-1.7274651904380693,-1.5640846301785416,0.5708183193973992,-0.11861091285890346,1.3775677421562698,3.5434269883326692,-3.624343938636258,1.9713653420024428,-0.7939119897264995,1.1326826679050797,-2.2292190698759384
2898,-2.0976504305819574,5.714864581334915,1.8741400083567434,-5.039177278492737,-0.7007242013362798,0.24854732072009256,1.5248734042023386,-4.3969001208193,0.3316540585954524,-0.032601507030511456,1.1451423391957558,1.427831825856888,-0.8409436823346823,2.6135083339209757,-1.6827687731002374,1.2341941930030345,-3.5235593496952475,2.1995692782065994,5.084200375392683,-1.9431376300650314,0.7953212643661516,-0.35976430267763604,-2.5904865516516313,-0.9861331553648434,1.5814131389759396,4.116863554954481,-2.9177669412624248,0.5365391302310627,-0.9049470539519469,-2.412101828945593
2899,3.693675074305503,4.592308840860916,-1.8004382761566156,-5.9281113240368235,0.9286828273480863,-1.4861171423202677,-5.2228088956582255,3.053560834606113,1.1287414264249156,2.7905129861784417,0.5542190391648321,-2.304225390715416,-1.0328388803127968,-1.4224381204009688,0.02273844772914657,2.0291052652868338,-1.3830965936240567,1.7865298813222985,-2.707536033367276,0.29675987591159547,-2.5440689226399087,1.0953989991120103,-0.4269200110693028,4.286366092052589,-4.121174551474439,-3.990369746041619,4.991120845499076,0.7551489511530214,-0.28266817903851127,2.647942679903995
2900,-1.3741514097854992,-1.9173324316260612,1.277212020223626,4.0338354270744645,-0.11948566475885958,-1.9000779411268667,1.3564071764409213,5.02178439707394,0.5665596037754295,-2.7105003532883796,0.1628968129292705,-4.397147636930498,-2.4912967671780475,1.9595464064375605,3.9234978292364673,-4.2478162598663385,2.099049649614141,-1.2429808582433015,-2.9757185512081215,2.846560766127123,-2.423914319520007,-0.1522668891629566,-2.0417676750218945,4.747106668785573,0.07136686917010593,-0.39075807864599454,-0.201849134314525,-0.2855098115076,2.3545790589621163,-1.5478289036626105
2901,1.6601287564958476,0.013117938007880525,-5.133157316776703,5.402236101194465,0.5351710771690015,-2.4774965560896973,1.0826138459547927,-0.43108655207493385,-0.8389467448339349,-0.41134817409223245,0.903233809492141,-0.30446618444510776,3.3165018756908253,-3.2829756125803993,3.5444854977168667,-2.1749923743582755,-4.125801869672426,2.7227824832038614,4.115971725200165,-1.265267076868403,-1.1172253381443245,-0.009943320016025936,-1.1582746164936157,-0.5652613736780374,1.2053864543076322,-3.3029564956406503,-0.8958441456800692,0.23294224046634948,0.13590008546830745,2.624571861079911
2902,0.7695367135101954,2.5964256161958907,0.5540560294457322,-3.835824231081361,0.9709840086739092,-1.0551781367435424,1.6408964447082042,-0.10453399598358004,-0.34155591598416724,3.308134176546684,0.647853315782962,-5.150794025069374,3.6873414568083973,-3.999303145093128,0.5949395423594659,-2.7962068327313485,1.7526765221042027,0.7605524565528476,5.064747453803456,-2.4005240983579856,-1.4670813217890935,0.46498585659438607,-3.2299396695959572,1.567811779344943,-3.487114837179579,3.261920542507319,2.4741540705943557,0.4528304356903723,-0.7828431495202643,-1.918947062090762
2903,1.798523503684926,-2.4180956642178764,-3.8448981634253556,5.694125044463359,-0.05640981662684719,-1.1732449038773733,-3.602634456907019,-2.9886333963776046,-1.0077344277693365,3.6651299799774577,-0.006044393213046284,3.9399166942902966,2.981337218948145,-0.7522363151715581,0.040380547596253535,-3.5228321009652532,-1.3225319921678196,2.575882641760689,2.3208457326169096,2.4956797413440555,-0.017778992647180303,-0.46048572289263845,-1.7788804282949418,-2.559380330126441,0.14852822292512258,3.7455151505024666,-3.7070321484085014,0.7150454774523451,-1.4878852057039555,0.5858285032339854
2904,-0.5594577017776015,-4.619025803803613,1.258763713916096,5.987338193218466,0.11483356525302035,-2.1824519668055578,-0.020277768753565795,2.298642607803348,-0.22941497033676406,-0.4434073446508471,-0.8080861300539315,-0.7974563940074759,-1.5795190290121148,-3.4123034757711483,-0.8735333387508639,1.0646645181777572,1.5670186192821873,3.2336727060746213,-1.495216471824726,-2.574424709624724,-2.2577653276271725,-0.5229042996603903,2.661669603952493,4.188641204784318,0.3798442184456867,0.8336941232517887,-3.258837234755962,1.2388217486307767,1.859165898532563,-1.0526887541034338
2905,-3.4322983286966053,-1.4851184299308855,0.6555036794516091,2.43491665622831,-0.3516430444377274,2.1786394673861196,-3.6033735287523143,1.197993498377798,-0.7254362412512112,-0.8302736055765401,-0.4326726855500391,4.393762562753071,0.8838359121297223,-3.8480865704020246,2.2077688183223216,1.3153762830478186,-2.553358120644484,1.9944636775471132,0.6139277940485677,-2.687746050717754,-0.7087849651648028,0.7495373637505907,2.25573110307948,-0.2226652449963069,0.9807209745932184,-0.12009277437566013,0.44853731521670426,-0.6499183150554648,-2.8332017637707985,2.17395456339343
2906,-0.5552776621910631,-0.6845140190396073,0.10354165940210436,1.8600516700136787,0.30680954535039806,-1.0306111935346784,1.2749241447519175,-3.7548715108835715,0.19544594134558668,0.5533001046254107,0.9843355795922353,0.7468657405691772,2.0052511214784126,0.5742714662561887,-2.5786795663979767,-4.167106727293088,0.47012838390891787,3.696135322048029,-5.043574082393498,1.6919630627516469,1.5987832499483225,0.8459566033096797,-1.8230032418115325,2.7298744081951867,2.683825079946022,-4.808164339382149,2.120939025840997,0.6536293812446985,0.12272056922843255,-0.7729497168765462
2907,-3.00240034694367,2.462130947720212,4.175162377078184,-5.154432388930129,-0.9238423559812095,2.4433817670574296,1.8548331710249748,0.11522769582141379,-1.0527158455737151,-2.503550428882587,-0.8621362531121477,2.4483416607228428,-0.9436908393345078,0.46473803173234884,2.7040991434156787,-3.4198507070214816,4.005399887642451,-2.810695516434018,4.839028467183645,2.152019251480599,-0.675665887663861,-0.26512259488727796,-2.321662957529874,-3.7285962785834386,-0.6875774673772135,-3.8703908000600364,3.211918755543209,-0.17603285747101438,3.522523226297583,-2.0004408569310996
2908,1.3844389077111252,-4.464620995270749,-0.9750179891329651,1.9971669736381799,0.6793009893966104,1.3787321136586073,-2.3487790080399478,5.613495959887871,-0.5867714045349457,0.38734057365200236,1.1160513240016279,-4.181337444965781,-0.6045833948661823,-0.8281416684370839,-3.8659058466715273,1.235660268513513,3.7275043376910055,0.33546630377077413,-2.8972216845586303,-1.563204364166154,-0.31215432313058855,0.7645595931733968,-0.027546871761931158,4.035567650443717,1.7053689858514893,4.17593164825875,-2.902527935388747,-1.1732065210392206,-0.17226774220103458,-1.6332984354798121
2909,1.2973994950144707,-4.774685827651368,0.10840373617787691,4.215147491616317,-0.4007407311756317,-0.445524163980874,4.012852733725705,0.9537422244984555,-1.2059034102657882,0.2585918062889263,-0.8402772865189458,-3.179006067727535,-0.174817333087681,-2.1255111555109956,-0.22562154287583525,-1.7749128745854588,0.8060828454289215,3.49478006063152,-1.718496459213334,-3.4804921830105258,-2.6439656878300593,0.8746458758275342,1.7659367788855818,5.202371675340601,-4.932325403710895,2.0032471020896736,3.2406057125135206,0.9102925188870064,2.441218878792796,-3.6630388085707164
2910,-3.205490507442546,3.1123285679472197,2.822567913007653,-2.059837085016916,-0.848793766767312,0.1792248782726915,-1.4696599351465451,-3.547634955044316,-1.2171959977495774,2.2942971197389745,1.2234164459629362,2.716777322239338,-3.7457623656992354,2.8586048850352768,3.381682350428875,-0.04588155387794757,-2.1161613203282865,-0.3324819955582061,2.7386236349696453,-2.123294341950361,-0.2400298816993569,0.01064251295023766,2.8628789122081546,-3.248820836478547,-4.098889159682253,1.757158077160252,4.894424427684349,1.1460309118865233,-2.639953930421198,-1.0587703266262753
2911,2.2641993831728975,4.758507962186332,-2.6765839915565905,-4.460383191174699,0.362175814955374,-0.24791597758250816,-3.139958639631047,-3.432154827468949,0.8028276876526332,3.0452889497196765,-1.0073522411703482,3.731349070898826,0.4092386411366249,1.8119496245599152,-2.196174033202926,-2.478351244215716,0.49469037205497557,1.9586466396675775,-0.12039622460255472,0.912565257992707,1.6975971937038175,-0.4373349079634199,-1.400036123445549,-0.6523951956852123,3.2637808543773374,-4.664856015212969,0.9595681017193769,-0.14113094384498392,2.231997814748741,-1.6493598117861055
2912,0.8367418433919607,2.2454415700094614,-4.306521150678549,3.634603141475175,-0.9704672017394262,-1.4397982024578457,-4.8702574085384605,-1.2228560854908999,0.46834981018951005,-1.8231150313823825,1.2484431609801563,6.199435554242854,2.9343110097356977,-2.8818181243057275,2.058423135475639,-0.252412853700843,-1.0826729529267602,-0.7758302142775602,0.6595408951489468,-0.07745542831877827,-1.6649238325586229,-0.9000780461759108,2.075759157354174,-0.09284274545007776,-3.627612962180706,3.406121937955671,5.444639579113758,-1.0590258413604365,-1.7499048227440817,-2.4142178907828082
2913,0.9269233314196956,-5.659481765090398,6.225016047468234,-2.3090282978171963,0.058936810418123375,0.7576338736022965,3.2167873019296707,-1.4768737329083592,0.33254508617150336,-3.3530684387262575,-0.9086949557856778,2.1893047393199048,1.3390473046010882,-2.655044196313062,-0.5442551855317781,1.8614504239128458,-3.3150959457389675,3.3138975990702946,3.756691253124359,3.2913070879161452,-2.5829487389493764,-1.2297175577763588,3.1236655563633278,-6.358997600678354,-4.306997728293096,0.038851223682467406,3.8325317543212805,-0.9891615262269857,-2.1915496671400483,3.616325943657806
2914,-1.140825910542004,1.9869045508028513,-5.198166778625005,5.591957822666828,-0.4620074661173521,-0.7778622181845822,1.8621638253853554,0.2657332141223243,0.41057579516269893,0.5911692652658544,0.6538190790869916,-3.783461179022442,3.4239816160831644,-1.4624396412092864,3.585779801736649,-0.9404973713194948,-2.9364045851895995,-1.6704198201010119,-3.0333870654676396,3.094982046075181,0.965793916204575,-0.7878998658192096,-1.4094874098226775,1.169998378829515,-1.1355360187963939,-1.9865010369757954,0.4290183272718693,0.47753807151390326,0.12260629905844311,2.0928743579294036
2915,-2.3764031996714685,3.9214909613028475,-5.581551465239919,3.7664547827693617,-0.9424526002309008,1.212461521070825,5.683768664484898,-2.5621220034206864,1.0751599229851392,-2.2034320006320183,0.9666357651295057,-2.960010348546046,-1.2741712788662216,-3.5478412966589357,-0.5854494221884323,4.006220909034653,2.1922532589492896,-0.7910121702699087,-2.9019827598145405,-0.09753219871518937,-3.559367178657002,1.0177350903270224,1.3591313446168058,4.182015702242651,-0.7797162413019123,-0.8488027541921142,-1.2965356632499763,1.0981230034724128,0.41866997836596376,1.4082616769070633
2916,2.981975315289695,4.873032879741693,0.00622053114205201,-6.228096816252638,0.4404490062676283,-2.073580916187713,0.309130333682333,-1.4365212366361817,-0.1457615267750949,1.0870273815169291,0.30798490307043735,-0.1218598548576253,1.9080914994655842,1.632771814138355,-3.879376615726267,3.756362633456831,0.33159636607628684,-3.749445697410364,0.32127233955180756,-3.2749334412047197,-3.7789237395685102,0.933096879493096,1.964967513072434,3.834520448655663,-2.8901095938835226,1.9516209814094587,4.0390617800370805,-0.011878231147637308,-2.106429861916311,-0.9822650744976098
2917,2.8275216698793884,4.7178253119680384,-4.079678264913053,-4.146567797724472,-0.8546023666673173,1.5355014474581328,1.973879239436524,0.8665103326832337,-1.1857169484371188,-0.9175677205738424,0.31682253258410764,-1.0539274356921062,-2.3035904887196033,3.7850214691020696,-1.626019237729036,2.5017594147794213,-4.247221917262733,1.890050759830313,-0.45177041503780657,-2.3259300375935617,-1.8238378094044734,0.10999408737161254,1.9913544300463233,2.500189744617682,3.2953561270258227,-4.476979374949346,-6.165542157750217,0.40758210377205284,3.5348936606492067,3.404689641253963
2918,-3.169343238558479,-3.6502161653521554,5.589875538393358,-2.0033963987552035,0.8694791706909228,2.3636010935822895,4.398093886871052,-0.2604088393207995,0.18288123990355487,2.121938825951119,-0.7735089801498152,-5.66899613325435,3.8137168570896485,-3.919542384730999,-2.3515070357220065,-1.216963384545032,3.768240671834043,-0.09394472392522424,0.28130714969521975,-3.3757048939615846,1.919229990151159,-0.13962056377195875,-0.3619673028582451,1.6767556207451442,-0.277923497174843,-3.834673801079351,3.996309173875165,1.1717422336567944,0.2635965853315234,-1.319050694607796
2919,3.2514327699515135,-3.1594519023925933,1.7211072297539367,-1.1552452193678242,-0.39173937118693436,-0.2661035067573856,-5.209744919955618,-0.3181227151617705,0.768563735062699,2.944721874842152,-0.32046968213291827,2.1350517073461823,-0.8067509950718765,-2.613551676151326,0.7162138740922543,-1.8732295290272791,2.723484695286764,1.8538336308719217,-1.9470004912524743,1.9377114195695846,-3.9628750857031303,0.7103583075194653,-1.779076334376402,5.040882184242733,-0.1986119644986033,0.8644084543801398,0.32175643695022416,0.8738356341556379,-2.7807597068889933,0.9193711459030656
2920,-2.8672686909962355,4.044146823134646,3.866213598040254,-3.1040291356734713,0.07890781937725588,-2.0179704138817494,6.1309384406593885,1.2572672335143658,1.0142973016874457,-3.4463169391779243,-0.865200616642797,-4.090985420039736,2.23846261840794,-3.9966223940783063,3.400085309910562,-2.6640252487757667,0.7271746906892815,0.29492502384675845,-3.0993965441829587,1.7174123027858101,1.2624315465149962,-0.5939373325934332,1.1832999328534193,-0.4698099053780709,2.2733402946054966,0.7289110811070074,-5.398375179192676,-0.3309551054483828,-1.0106894713506787,3.7377683802807162
2921,-0.3567890728015364,-2.168984742576086,-2.5654158067931263,2.632510385695884,0.37548182320079126,2.08319741327473,-3.858024680354422,-2.6972686435544517,0.3014093664381594,2.6057073331549603,0.7854681137870854,2.862708510529391,1.923844039694277,-0.07801897233856181,-1.9493650528510695,-1.512109663928614,2.3047704545001793,-0.6891208050757438,-3.78868963810244,1.8016210124959322,-0.8260466259080452,0.442898263414075,-1.2148210310808292,3.585038019181077,2.4012603007513817,3.006958129644623,-0.08312810807333548,-0.7230859805942638,-2.29127095331579,-2.3107333884111334
2922,0.9602754232149682,-3.772394581513538,1.2555811026305648,-1.0890757304144785,0.7062645694489773,1.939349216634188,1.597565641995498,1.7033118680396448,-0.31330791822897286,-1.136880995997915,-0.10640037950082437,-1.7442882163066997,0.15408229796942408,-3.0410651963086472,4.201353197088139,1.3753489049282521,-2.415248182937896,-0.2744710207387513,-1.6877121443424734,1.2819329887114073,-3.283122331309336,0.7081960062678796,3.1787678455231934,-0.19806236485089102,1.1615816798365408,3.0987832674575166,-3.160498454076066,0.9369870686324466,-2.5372419774031716,0.5003884155542409
2923,2.6662776448126877,-5.111664545446665,-2.6807463288289064,4.847600349596203,0.5885060324362277,-0.30997315256885827,3.9489929107696256,-3.716436677112906,0.09503060956260079,-0.5049127310376438,-0.8837925079715374,1.0611183957905723,4.117199581349514,0.1097402519319246,-2.9661513205671337,-1.235361353083336,-1.8861090271089278,1.8606818674784904,-5.765207647860976,-1.5447526461258736,1.7841970011629726,-1.1652264880695662,0.5143825247291289,6.176607256164104,3.591113795852227,-3.3115090735771453,0.004228941450421075,0.7834076779161867,-1.881113949551347,0.8138726079111809
2924,-2.487173437371137,-4.181143626239919,2.266499314521763,5.470307692788364,-0.21047832723074866,-0.8580116164676568,0.900833167403654,-3.9066833120680116,-0.5504508040557177,-2.1116027231149204,-0.011532626380884814,5.67943629821659,-3.7692559101718874,3.332436887704798,0.25277425887286853,-3.6976210493315858,0.7648349725171784,3.1168308404091434,-3.5670837101499053,1.1340473560436912,-2.839032886884741,1.202457252892037,1.7553404068071075,2.314271581291578,0.6733057836688232,-3.175852989598578,4.4620545860219,-0.01936571286210409,-1.1150248760396693,-0.8251167911888313
2925,-1.663293869730099,3.132510239526262,-4.107783864474101,2.594739701166187,0.5901767071965756,-0.5463489136841435,-0.9043806327401214,-1.2566550769548677,0.6802160641440285,-0.8833173768145777,0.35329109331337794,2.0108459290528877,2.208233952814979,-3.69646613833447,3.491666425535957,-0.958740079729413,-1.4136187000273974,0.36892453974082073,-3.2734038018227842,2.5547821315068973,3.3931541476864915,0.6028806326887173,-2.708322575043189,-0.5690905350163646,-1.8663467637826479,-3.7777699524552553,4.1469779431807225,0.5311637322042744,-2.1256661509133554,3.091641191767799
2926,-0.24129743858648567,4.958933644266054,-4.235193921318132,0.7961864542045447,-0.7845795098348667,-0.49404922873046964,3.697522494499747,-4.164650779621283,0.7454468578304105,-1.3048006322953327,-1.1149747844516562,2.1414568440388457,2.6500083409335566,-1.1812994144566122,-0.7459401393422525,3.9930784508836688,-3.935184674525834,-0.7806625634920454,-3.1822241513737843,-0.18962593739106026,-3.9117295568032375,-0.8166841908248648,1.4701270525817876,6.630136783810926,-0.17969173667703942,-2.0812110943792383,2.1541166801767737,-0.9185372860437644,-0.4782530679801962,1.5035765049049985
2927,-1.1107886694757791,-0.8378601344621082,0.5490113120222482,3.695171435188069,-0.4328005506997481,-1.8627333925720304,-1.8815204731690116,3.512002767411701,-0.7600705391583045,-3.410254356400685,-1.1509500970615147,3.6907926983785444,0.542765486041187,-1.8528454622238133,3.6316187790594086,-2.795853919533224,1.1650534442899705,-0.6907383276330457,0.16785954215862375,-0.8148309983817867,2.2911784283458765,-0.021729272522880372,-1.82605223352369,0.2035745339236108,-3.360969663735478,0.6145621330583282,2.4770017235354196,0.10574059638105204,2.331971205344896,-2.1683059945827097
2928,-3.094411849369168,-1.0232451757590617,3.716482252596883,-0.5512597905816428,-0.15945308632121047,1.1118876494348573,-0.6163674823917162,-0.4708482667093392,-0.6192570692238144,2.9945843796267333,-0.7981765892859487,-0.4899349720151598,1.2914869398578617,-3.6747355643925204,4.0583235156554025,0.4724466407157202,-3.40781645483826,1.260294923002288,-0.6544215711986467,-2.6986578131614714,-2.9492646830045004,-0.5049747576232697,1.588535723232397,5.218783101755221,4.408808026907849,-2.45551718244921,-0.5030165296701163,0.3493485785805337,-1.252225065090526,-0.5473978282770329
2929,-1.0967095218751002,4.297227726138644,-6.074873012617939,3.8854616817643794,-0.5976206628430105,-0.4134862105662922,1.6040600972889578,-0.9425811245415154,-0.6448350225686355,1.0939425206566114,-1.1755255004261804,0.06493902959150333,-3.1326142237104584,3.8047379399929824,-1.9303092550620509,-3.5324332326358814,4.038464248850882,0.7521545225649859,0.9002815926450651,1.8578634964542822,0.1190440709725209,1.1186708656974522,-1.1104754833460433,-2.885384542423555,2.4661946779222887,-2.7508194015199727,4.650023670840039,-0.15914067143941146,-0.6880080563513129,-3.518250219450108
2930,-2.549665286848054,-5.080232374738024,3.7462468328087084,3.9826977548138096,-0.6457040928061561,0.5466571667704176,-3.4344902418722647,6.161011571542428,-0.818593837031667,2.0101082193945743,0.39341042591761255,-4.311446137949915,-4.145124908995481,3.1731931393631427,3.407022733798403,-2.3425546468611707,-3.4932471082929872,3.400710790988569,1.447709118331975,2.6215417711132396,-2.2796011903361624,0.9613700305785695,-2.429617930513924,-0.3214017991739908,-3.5092140698805814,0.5848959525480417,0.9388020941962552,1.0479899707841875,-0.09213339006550036,1.0296594424191028
2931,-1.6633591039173776,0.1409187999093291,3.194599270229144,-2.185642349149994,-0.9676400745101992,1.4811234574397965,0.4803771946676072,0.8069717812205575,-0.25835412853268114,-0.4501324815083123,0.5603230343205299,-1.1391854001669124,2.097985076516128,-2.7836246527090527,3.9546832216591454,-3.409956226844125,-0.6100723379586412,0.7509849193370268,-3.0535607134067746,-2.4046242584400677,1.0329225860955127,0.2632790661828466,0.5426223648545374,3.6193609547136454,-3.488364289503018,3.9255738432269496,-0.5895144599924507,0.9442093126385229,0.5351291385231765,-1.3270335448916182
2932,-2.5072639018769642,-5.193361295265284,5.011535835909996,1.248173708520813,0.9637058673357033,0.47720978537643965,-5.3360166497964805,-2.3651678681009045,-0.45036795795541895,1.496531412342378,1.2325072137369295,5.42251384977429,1.1143977233120133,-2.0958638134165373,0.021328532994491667,-0.10579204961661759,4.074262586451432,-3.008332979724287,1.416148371774181,3.348228103790298,-2.469406034658377,-0.9190771501458794,1.8047525075803872,-3.1806457983409366,-1.555416683703637,-0.6482415324344508,2.435843370182077,-0.0392679762773529,1.3981891851060944,-1.5911063628711677
2933,2.0908864511658507,2.6478367466545727,-6.091334179239851,1.8252137615433703,0.8337018796268802,-1.3063046597501575,2.2226865895065693,5.15310554735688,-1.036197763676097,-3.2874677403209347,-0.3767373617329266,-2.6753892711327047,-1.6174114083288504,1.5884221830811605,-1.1496718105679893,3.733026782269196,0.9193092622256849,-3.4736750086787183,-3.0955611440564326,-3.1370419462343424,2.860894536000913,1.01654919214349,-1.8696998265105815,4.224859188656616,0.14769044436869194,1.9110164963824445,-0.14390771952501424,0.27210122077730947,-3.713986470890136,1.5270860288882666
2934,-1.9227182262285396,-1.6155664072734552,5.134477695643827,-1.6613516862975395,0.4526333457942253,-0.38747472163784913,-3.9461639100553327,0.9534033738289054,0.4429268544629883,-3.40905084963587,0.4111240737998365,5.547760457600255,0.4301904806405723,4.004543112027989,0.07990924857509185,-3.0321659055226906,-1.6451243233003634,0.16264738757988262,-4.144349250017729,-2.7448452731541266,-1.3032500702529823,1.0395158114691867,2.51184513744097,4.6410836445143495,-0.4313812822943497,1.3410451025283905,4.363601407792878,-0.0066180364545394,-2.671603539907162,-2.5950436516636515
2935,-1.142156645980089,2.5645971523950806,1.811703296126563,-4.071463327470752,-0.8920059950511798,1.729325519981062,-2.6706954147298596,4.1372793383544995,-0.2165726929859737,3.1759006892693904,-0.008024048410679718,-4.417887871496578,-3.360324281388653,1.2063358664496668,-2.019402263075728,1.1626131430439344,-0.5311644003963494,3.541941935367607,1.198389970521582,0.6926912194248569,0.828585676356937,-0.17910244764274452,1.2912034795507807,-3.8317678982117584,0.5324750493234625,1.8801968835452136,-4.275030708677917,-0.2745920909764301,-0.8821335586502403,3.0190844254374447
2936,1.1879928099277066,-4.095376407847461,-3.470301416687221,5.424120442674706,-0.2014115898314588,1.1549761617643934,5.595673401386556,0.6914873059948228,-1.107524449477614,-1.0380509542328102,-1.1976774109065675,-2.943907892763626,3.581257279098903,2.1215079220270425,-3.771206165148735,-1.4546849281927372,2.263188976351138,-2.7400630841351763,-6.05606577368269,1.1672076677781806,-2.532947581761249,-0.2187444386976649,1.588860327518148,6.051689798844912,0.18431553475529228,-2.4049085807958903,1.42524984408632,1.0744595132121768,2.6599298502036497,-2.9390461614600003
2937,-2.180922220877452,5.321062382456436,1.0660004668161172,-3.6562415137146047,0.23172872465397942,-0.7816278393338241,0.2250927530282283,-4.274968343272576,-0.37048249203355876,3.5147741367094127,-0.48229627615789283,1.3878802217271407,-2.7278855675676503,-3.089377019001704,2.2938965709617882,-2.143725228102337,3.454963957502777,2.2121272862075685,-3.7014595213890615,3.0221666603440838,0.5786181732173077,1.0083052191446171,-0.43058437625560586,-0.47704615506174264,-3.760754774814963,3.521620437431242,0.4790385799827561,-0.8349596096041152,0.3859422214414643,0.20911314556520288
2938,2.3785522193416213,-1.9788261620330019,-2.7555364243109928,2.333275820269751,0.15003519220129702,-0.12750064546804118,5.246553022893163,-0.8217631561601735,0.6017579922737042,-1.632126345295001,-0.9942865434890171,-2.4001349702219414,-0.17583349831990702,-4.108820375418162,0.5993861404330438,-0.5159471103186242,1.8138261988228557,2.387388644801195,-3.4980479554739006,-0.8059922892662268,2.903266378446194,-1.021507443128089,-2.59207621988603,5.014357529307695,-1.1253600449044754,-0.8317361262350182,0.6662787516381599,0.14318371259068652,2.287414992063894,-1.1397812851516615
2939,3.042466050632438,-2.5742567361698576,-3.4788541057240607,4.641422339974376,-0.4602879677123064,-1.170489580999913,0.2615739041253562,-3.757000422640857,-0.5870954831132229,-0.10402506699168157,0.3007060155827954,3.8858410530383622,-3.317690247752555,-2.587567944357829,3.8891760231471686,-0.5383768608973298,3.5837963819170753,-1.0293373520561158,-5.9563117795816645,-0.5914667549741264,1.7904791629074381,0.15460609356688337,0.951501586759214,3.651191691321909,3.919438203786118,0.14112622120799045,-1.2834968448533566,1.1458387790837508,-1.0278838867173512,-2.8950224725055858
2940,-2.0894286330936502,2.261605322324151,-2.130424897294258,4.694619249634485,-0.502324166271247,-2.2340468752987874,-5.252979917321525,5.804895895603909,-0.18801510952093636,3.302322220718093,0.5014571049470682,-4.167680194425888,-3.0754062576253123,2.0691616304663505,-1.5802400381235682,2.532139085866529,-1.7980727333005575,1.8524183127169955,-5.772824472071534,-0.02979720442128908,3.6469344145072533,0.9645372879584961,-3.0222027888060836,4.213352762832823,0.9433397640877814,4.93589314175653,-5.569043501547267,-1.0684651497845588,-2.214039032085262,2.9723147775743435
2941,2.1094124197593196,4.878686564433391,-2.8183149015456124,-1.6435245032398278,-0.6040408319445361,-1.9222187474620647,-6.080958806807644,6.138113839255485,-1.1095678261786128,3.135748928533097,-0.35960141210730434,-1.7237347226942958,-0.4486017817429726,-0.5318374177277434,-1.8199556639222383,-1.126864200326974,2.2393214128028234,1.6879376509175508,4.029240738301887,2.0954680103322723,-3.086151296332794,1.1606753451695102,1.8765526654222846,-6.0757854628934815,3.476506614323103,-4.9350319472915825,3.913706191292114,-0.996347611739747,-1.9194576904347027,0.46062444385238877
2942,-2.548086366809949,-5.688589646746578,1.7212385029084842,5.408488955940417,-0.9623105733007462,2.0692591280090706,-2.6086315871173547,0.0675836222923536,0.5910440089906066,1.4988609431125717,-0.18861865046669468,0.6397616631892618,1.503344632497189,-2.494387706182051,-0.27960589288585425,0.4953648676608182,-1.9173380208437703,2.692622119754077,4.650993482128534,2.7569043557149975,-1.894237877125077,-0.27741133540647134,-0.9271034309177395,-4.309145194394542,0.7495040151064245,1.314500823617628,-5.0445215043163465,-0.5793605707722715,3.695898716651989,-0.13602148028583372
2943,0.913069794395792,-0.5909755605330247,0.5965897672256233,-1.2979282086759056,0.39892684540141055,-0.01968263781317603,4.227720217413026,-6.187846332314177,-0.3481759395821893,1.6398563599288494,0.7524694586033744,-0.08402376404812628,-2.217934213226009,3.491490237916352,3.6255205229263723,-0.9930439905651696,-3.2248744042262842,-0.6811581528248496,-4.24212749595149,-2.2959616429593126,3.6548300205381103,0.37896041887511167,1.9577005559983434,0.5465981434989118,-1.4412849651781094,1.511536292452913,-0.8877789977638137,0.47097784808067633,-2.934443375583589,3.2809931979934888
2944,1.8090944666413868,3.386302070754809,-4.032770320810588,-2.838344205499652,0.7679019266582832,0.9078160622564546,-1.4755906964554164,5.262884434119542,0.04315518794046369,-2.890975942283566,-1.1467587042937337,0.20728572097343445,-2.888737349921543,-3.435475292250219,1.2806332989171132,-0.20825856343125793,2.9999372046666686,2.251900702019654,-3.1093100637519058,-2.141418799734863,2.666660232595188,-0.37833859418452853,2.6433199554337303,0.31908726964203993,-1.080215058848271,-4.772884676670401,3.242130747252112,-1.1352343936342724,3.4952481659869257,0.2509552159154804
2945,-1.9421290549458678,3.833765492497033,1.9942987392228666,-5.4645626144845885,0.8946478266021041,0.68397961110918,-3.3064832874953325,-1.7546515147408464,-0.7850147636686788,3.1770904458666713,1.1814805412410072,1.4875785787978977,-1.4088643367779898,-0.9475846026180754,3.087533198047204,1.895183579672132,0.6891152228171435,-3.3153830611400306,-2.562181215072169,1.6134026053813528,0.7925908365447789,0.252323359367586,2.409439637468683,-2.5055752236905704,0.7551009917975655,1.7382436788784013,3.4256477061082435,-0.11171516036441176,-3.502886616057763,-2.3043906003604793
2946,-1.443807975472449,-3.278220069925535,5.690263445653631,-1.820080928554404,0.7540035869941972,0.09784194130530466,-0.07078570215373503,2.1860473297296963,0.9754755669965736,-1.4939363074194159,0.2814389579577723,-1.8782398451101479,2.8544003289933393,0.9505325864131322,-1.2831088730600246,-2.9644912690178877,2.9945873830660403,-2.551920156394205,4.552065557767115,0.3194648709634311,-0.6171186845633425,-1.2020048760254247,2.6546719088918422,-5.707078777033956,2.6105802969039296,3.2972871599975058,-5.161764998301592,0.3178595205572403,-1.342356116277589,0.27839413712206706
2947,0.9427208724155332,-0.055587695968664974,-0.5215410625674437,0.5651021810390731,-0.21792729351387274,-0.7127670014038792,-4.142572535548162,1.6451427633047118,0.5124413023830492,0.6983674416570231,0.8931997324298484,0.39342129577428153,3.6097053112279376,-1.483500209172366,1.8343025623331926,1.6772547672838307,-3.5393861577087726,-2.098376273963451,2.5003914678759713,-1.4543704108794415,2.6134020419887563,0.8691896956555762,-0.7033709697593231,-3.825241824881857,-0.17409316659287555,2.4614275635361302,-0.25223453544064967,-0.22033774627712255,-2.3193645296909047,0.5046024144669872
2948,2.5738642691558944,-1.1474877121706157,1.697087437432291,-4.54232083213644,0.16996396846969652,1.248892869249893,4.032012151104336,-6.173188530693938,-0.8326936207039752,-0.3282203749696446,0.24152250931533548,3.0605678659486415,3.9605801424193707,2.3444875904554365,0.8723238283283976,-4.202276121154156,-1.4557866065848994,-1.5193288334637653,3.115811242703316,-1.515556822622342,-1.9688324260608923,0.9517123696990737,2.6715603495625704,-3.254694713282067,-2.419182086719953,3.993831369568788,-4.296340349394928,0.15727748210737058,-0.9925632976209045,3.5569768820611998
2949,0.6831539771910204,-3.18599716585096,-0.9692910118383011,5.924927095316981,-0.0894732596746255,-2.363319635143383,-0.7385457776133215,-0.559290482334692,0.21173957323066084,-2.3222014077402324,-0.34391906344338796,3.7522171579017254,-1.3061670894847968,-2.753452084051993,2.1543306074554316,1.3375655988439306,1.2091518193280173,-0.6414288520901827,-1.6397029404348622,2.487735278038169,-2.5510317401926432,0.1986515668613551,1.8407588890378204,-0.33641105331016874,3.5172698523514576,-3.7916429489803676,1.107531258301254,-0.4416837308932733,-2.7357860008242003,2.344311570046738
2950,0.4771710360957293,-4.1072290912882785,2.7257831390269516,2.7009482892685064,-0.09945597363672509,-1.6972173994654245,-1.5706171666179394,0.7094851428192399,0.48475282391081365,0.6658535759204245,0.4047137070010267,-0.694188083032806,3.058710164820422,2.9735504096982623,-3.411223834387311,-2.3909059953929397,0.6356332720496525,-0.8657640167876579,5.644735972859252,1.7215724589675077,-2.6596720910710463,0.5316193001106528,0.7703931147225553,-6.008648755589256,-3.5140495141986676,2.118971853751617,0.466580657863485,1.2234232482591878,-1.0681456787038393,0.7732194330298441
2951,-0.6589837138471246,-4.8532439956571025,3.0186617969553033,3.3070904768475984,0.9330844356062116,-1.746608999904062,-2.7629467355098747,5.568396703367803,0.55440521902743,0.22350897780082235,-0.2307785145301242,-3.352585650155312,0.5941608396580698,-0.19571365535939833,-2.8227884240729164,0.0911652507092704,-1.2475739760472635,3.5807499651126875,-4.776965837880933,-2.281658252716932,0.5192538863297287,0.06575685674095944,-0.14455207237547363,6.618165419902311,3.614466734537679,2.544193128605862,-6.109449477386622,-0.7342625227999218,-1.5351993071310623,2.2202514441756342
2952,2.559668002556254,-3.0673992224671665,2.3656108977860058,-2.8118493425231676,0.21319626429373262,0.740773400355188,-4.745275514684298,-3.259680347589807,1.2011287759600195,1.7346795845949394,-0.471804726415189,5.540952228135094,2.155358740918821,-2.0743092030893084,2.415834534267681,-0.4517459717058401,-2.307420457008112,0.2622823566172148,-1.5818119113398552,2.664281486705189,-3.5024953889138697,-0.7761489477800811,0.0037933267851855135,3.1923814345431083,0.4218227934795493,4.167394206434864,-4.455750164859619,-1.048083570971826,-0.5068314173457011,1.4214481532643113
2953,2.370361480322522,-2.8901163756966,5.051829934022237,-5.196572618859424,0.041534533389672834,0.6229630468224396,2.8953849032562538,-1.1995787250700438,-0.21228176167140322,3.1420928288811716,0.1320385222997924,-4.757655767695002,-0.8656522139911544,-3.9824662461773848,2.681389385434418,-2.9301982051990496,4.189003285136934,0.9079239947967164,-1.9119423888845155,-1.787713832713516,0.6157026079574024,-0.6919109609285998,0.9613842191743505,2.814480355394572,1.7987295059652695,-3.946436142480188,-0.3735800218786629,0.4682943137924749,2.150469164807749,-0.0974768202050722
2954,2.1931696000292895,-0.5694469129351241,-4.787398949750816,3.196121540914625,-0.9178313250141541,0.8853860467570218,2.2740676202740424,6.031798450248232,-0.535217873813405,-1.2008694740618964,-0.5835598806075195,-5.986218842038685,-0.8730898814263952,1.1994370486130919,-1.9320816579688387,-3.1233364221377844,1.1241415388069669,3.604929374113439,1.4088159054542224,-2.2321799007538843,-0.7979957178880408,0.22596198706729886,-0.7680298830872321,2.1634276092073,1.5269506055758733,1.76916438293674,0.03919029119909112,-0.6619180700023453,-0.42304267507054405,-2.2503445346372413
2955,-1.2421274673556173,1.9547682428317543,-2.024072221195702,-1.490663073966509,0.6634756675279228,2.138618852158947,-0.7301307552507836,-1.2968899802000138,-0.17316726654236092,-3.553224763891258,0.41582535109799235,5.337587414787201,-1.3602505777570713,-2.708402571084619,1.6636495193890717,1.7108148835082417,1.3951183027422083,-0.7009295567973624,-4.3681480676120366,1.1001657939824039,2.2648195395263038,0.22377611159897093,-1.983838174480585,2.763224796984616,1.3839321479140843,3.9387904173181845,-4.82142775860806,0.4027237335366518,0.9456608176035246,-1.8496793577628043
2956,2.7252915651344907,-5.053002427243051,-1.5037730342196696,3.447719445597965,-0.9255941190609609,1.3093585697920282,-0.2681878299018585,3.704316942059741,-1.0474263905742158,-3.17861032092644,1.0888009787211912,-0.2988933793776489,-1.3881150607406774,-3.4282004536920283,-0.820604983518983,0.4041610821340065,3.155851164318271,2.076908251499841,-2.6812515846959784,3.2164849105026683,-3.2212168901723217,0.5364070112317849,-0.7052375507701125,2.854814103903635,-2.930487567383995,2.9674740046307235,-2.857778764421681,1.0614983674586593,2.9255568228766506,-1.1662628631587726
2957,-1.14368183669969,5.109534737498802,-0.4000273394359297,-4.9324994336311505,-0.3119454500655894,1.6786193223343258,5.581656743608395,2.0225809051170884,-0.16208870233334505,-0.6181928285152711,-0.9498299630714122,-5.874126154804689,1.1802811219575098,1.8634307906252126,1.193332607771719,-3.926612282781889,1.3995997455423783,-1.7100319831145043,-2.4562823619790315,1.8013769401127018,3.0555161590486044,-0.1350127869889466,1.1452540221885936,-3.4108519723822432,2.0873859369357923,2.866820436646453,-2.9945948037221477,0.4826435466804826,0.24535640837649098,-2.687611524915514
2958,1.8113914498684132,1.432949541740605,3.0673718689222724,-3.747434650329115,-0.8757121482730581,-1.6885660619283733,4.750783086810902,-0.6982602725504172,-0.4140284553172213,0.7457586564318639,-0.8983181986613875,-3.485934816712991,-1.1437356323528043,3.2097563206629154,-0.4271585813309855,-1.99178221880533,1.494861101780625,-1.1419409899540014,0.512937194478571,0.4183370923243306,2.165807791375922,0.7131100031800175,-1.9498260769385478,-1.8603660044206052,-0.9737220603519816,1.8170674265681903,-3.577784405815713,0.5886826526408466,2.101034948232808,0.04472143872739487
2959,-2.415199909092813,-3.466442046271162,4.912005661878055,-1.4548275005381726,0.6207957733957432,1.8036680206290612,-4.524542112248298,1.935350304786521,0.4594519820318501,3.6435786357380877,0.6224824018139108,-2.1363212121213166,-1.1480369896674283,-2.0448781139089807,4.241977612353537,-2.0259707155380795,2.2556632381972292,-1.2787550314358338,-5.365398387292089,2.149790874155208,-0.21796478250884732,-0.4028252171211548,-0.7965844535843729,4.6329819663509255,-1.4972812039132997,-0.8742417837566805,-3.8483668930494446,0.7213319470926232,2.149548999877613,3.349008933750749
2960,0.68269039283018,5.601245037158144,-3.261674505893822,-2.5566471204948087,-0.8221879857522099,0.3565741821532331,5.7441436188285095,-5.70224097084586,0.3450988322771442,1.472458442427122,-0.293643380934145,-1.565816541752021,-0.9796939356443986,3.486947851268077,3.4755263842144757,-3.8271619017680045,-1.372942028018036,-0.7826763700516981,0.4878136522662295,2.136552543897345,2.623260607539784,-1.1873762422887335,2.671246706833154,-6.731497268248106,2.341362095635006,-4.325257544079765,0.5889644862667076,0.4424545613709663,3.549288672236319,-2.596812271427652
2961,-0.22231570614392915,0.40022363791788607,2.4235133875495727,-5.429454228945669,0.922083154563551,1.905949755059316,-0.33069167921252784,-1.6339708391516368,-0.6601713999896521,-0.4573008308733595,0.04217991789068609,3.039954831337255,0.7905894121700996,1.826890734721303,-4.018675946808397,-1.5375022828370195,-0.570842733270819,3.5095408160252894,4.986279673690198,-2.1912930162656856,0.0006206990991657335,0.024272881976956207,-2.795871418399681,-0.02400882010129024,1.947697222269877,-2.150848339582552,4.417060746079716,1.178089058760997,-3.0142047779608685,-2.3777939095655327
2962,-1.149861672934012,-4.663289741444313,1.7855177667374988,5.133250179296748,-0.1926811740381733,-0.9129353576170285,3.434813877128221,-0.2456916309903825,0.07687048207918235,-2.539593519720027,1.239536644168271,-1.9659358526645434,1.8846254817190982,2.151817814055928,-4.208335861304457,1.589650812051545,2.022668513808842,-3.440426760330471,-3.693981125337345,-0.8192011929885386,1.5465493331137807,-0.33509245274705357,-0.47129581561279643,3.773021253571642,3.5431873260515054,-2.8704927172403565,-0.8441463837587051,-0.8343510327215631,1.1667784475968617,-0.160975639926086
2963,-1.0581002932411714,-0.7175686266578829,0.6424970286263765,0.31984548415726266,0.7967607438072939,0.016565663308826473,4.5241061271715814,1.9259021864683454,-0.6902677160444224,-1.9668294182581807,-0.4089343716809646,-3.3839768076556815,2.256299002515309,-3.1407101788991536,-0.71120478526014,-3.5939681625423407,2.140964027768174,3.0486200964186523,-2.865972718753735,0.8065382734693873,2.379937364149704,0.0649001372911231,0.27795501327935135,-0.6633580694361392,1.8642473221248288,3.30121745580416,-1.680831756650953,-0.002123037385549864,0.2269123178725181,-3.709422301763354
2964,1.4681385871838195,-0.7911177918459131,2.705056975182906,-5.029209989874101,0.49890993836689557,1.1482222809870422,-1.5880019818384312,4.113020409214805,1.2228819210029869,-1.7074502152565287,0.8648558169869824,-2.9053059501091063,1.2110851337379138,0.5575276847582202,0.995511540081484,-2.941582192295524,2.4010619890989453,-2.223604155380528,6.110879565846918,-0.3469984528674104,-1.3269434260006996,-0.7328345783729855,-1.055183347219117,-2.648919761387006,4.201667973710826,-1.2399293360352033,-3.5431024279899184,0.24692549275383602,3.480327198505602,-3.145888900943511
2965,-3.086107629105303,0.09899374452736964,0.14982803864821292,0.925094548277503,0.8405511690740743,1.0716401285787676,5.782287569672473,-0.45439460793448205,-0.673296503748321,-3.4843950936757526,0.4180375079343568,-1.5882388722475653,1.5776571397111177,-2.556782512424016,-3.1537294839079593,0.9212893138948601,3.3542451208778807,-0.14267957815138388,-5.7366875582822345,0.9314385809471606,2.996160300214086,0.5841246182719617,3.1966151886543948,-1.9716511298056716,3.137462506730408,-2.45443848084577,-3.970670749549093,0.26057156555250316,1.7817628792674398,1.2453122788461428
2966,0.36266904212388695,-0.3583793528854926,-5.95882579653826,4.9410727114589506,-0.8425926103911943,1.856056006232695,3.838634169699077,-5.921030048285608,-0.19216687659126475,0.5820349138550629,-0.20146492258155657,1.893992763905036,0.019911169040646826,-1.0846231880654713,2.0145003504162986,-3.02092090227616,2.965328060690819,-0.8941954898056288,3.415546307964746,-3.4547582586269083,0.352341686847236,0.8024158340994907,1.4688085598618557,-2.584354130146721,3.03901416196636,0.8158484085378745,-5.954076382858222,0.6629411248462498,-0.9592622549759771,2.3955349424853303
2967,0.7259147137422879,-2.7886505340929517,3.6345732135372906,-3.2593632705110878,-0.5425555941210838,2.2300814714461215,4.927578636887159,-5.653145727605352,-0.22644116480104515,-0.013694021978349014,-0.5173568544813643,1.483059131979715,1.4959148917627516,3.8172823968006107,-3.4381219657428375,1.4121615280227253,-2.7597037821724797,-0.5275330686702588,-3.9824484839030774,-2.4828577601523456,3.4828859477911713,-0.29550945945968987,2.823994183125123,0.4539355725984997,4.4544350933451256,-4.889059190368263,4.267154850702944,1.0262834549831883,-2.760519744069457,-2.0982944645919357
2968,-0.2444765280476897,0.6867527615668259,0.7538106154054667,-2.104828026157687,-0.8547157853498173,1.7634569625834757,2.094065997405867,-1.163009200749812,-0.07922152470039734,3.3642946984555806,1.0850473778641812,-5.301177348274656,-2.918285623726984,4.042179341965124,-3.8771127384527855,0.8905748374583133,-0.5646090059574682,2.4272531887143316,-3.1359782316486076,1.0043150454311967,0.23739566141286872,-0.4700719910183562,-2.8820452821569127,5.246384797979509,-1.4350857125694034,-4.4693440476084145,5.088341318001273,-0.20459611221975926,-1.3997193451873358,2.420403899585228
2969,-2.039656125778686,5.436285201262152,0.8383510869722741,-3.85111308599911,-0.776095333989741,0.39222825753369683,-0.4081423602130485,-0.4725219177122426,-0.15689559645407414,0.5432553299835323,-0.6030596682432288,1.0973642126398389,3.3958213579288135,2.4604974180180577,-1.7834317176018697,-3.1494256811247556,-2.2771993022677606,1.3537379250480477,0.107756393388442,-3.2857407868623802,1.783552886890977,0.36857727592551814,3.1686854164281186,-2.1428311857709623,1.6804714017048674,-1.5575779228941329,0.030761445524554176,-0.5443551957007475,-0.38647463358902456,0.7771749049560519
2970,-2.2098864121997543,0.5090347968586322,3.453049487758257,-0.8655364217416519,0.18569983061262407,-1.0723612812875025,2.5074005585082553,0.11158324226263971,-0.806124477325505,1.6298962928643483,-0.7632908021264244,-2.679464814182513,-2.6236974175466905,-1.2940816021422865,2.5609381451719386,2.4365963195251865,-2.9289836963727076,1.849228251365119,2.6386754094082434,2.4773598405630786,-0.4607143790162542,0.7692244282500997,-1.3386398120634038,-4.085905487142043,2.960422965994919,-4.68988994162552,-4.376095491801632,-0.5951020340719912,3.726477752470185,2.9741867490356313
2971,-1.2129305800187797,4.084046547715808,-0.5864089960011505,-0.1372094430468458,0.04322293201308547,-2.190720460661498,-1.7500494736528864,1.9736200677351228,-0.6144056575971426,3.3077921913960786,-0.02213185239132187,-2.8948252754890405,2.0660970319602647,3.487548912430629,-1.8550015530491972,-3.5920747996423543,-0.5672182563007695,0.4606486646019583,-4.4889028970262785,2.320528487324271,0.7005268459247027,0.6491713514609456,2.689360029998431,-1.8706838176823375,4.454838619341327,-2.888572125825771,-2.012790743701938,-0.7606727567256488,2.376560883558952,-1.1693638766453436
2972,2.241257478733708,0.48505016022602376,3.1019493362838375,-5.562627183550447,-0.514454900196317,0.24882510850381934,-4.570525903567127,4.550625553669132,-1.2399020213895926,-0.2946368968715607,0.31369577901813006,1.2407434891418525,-3.032125634703604,-1.6118104429487374,0.8247411107756903,3.779664497212231,1.3873721961817047,-1.3478417265168083,-0.9274731821228741,3.363662369813369,-2.8211393142578842,-0.16157867225031897,1.8894461047325333,-1.3429173059151047,-1.6985561319935556,0.3652994233916189,4.759415772795926,0.30077376141466505,-3.4213259841213066,-0.3056068414857407
2973,1.1204434240601628,-0.5581616110048024,1.3368310556041116,-4.8448974087970065,0.646256784534009,2.2995277556041476,-2.495497905833144,3.4903247294064137,1.2417617156670628,2.2705954707961276,1.0233046877565215,-5.530488697792148,-0.8638161424861863,-1.4924020387388985,1.3674700558203803,-1.6486115889598185,0.30780469878927263,2.3295550155757425,-0.7573946851127715,-0.9758573218774949,-3.2579423274886246,0.8401341335181973,-0.03334493367664493,4.184405134637053,0.513189393152512,1.7862127180232186,1.8571104549329718,-0.5832635323493465,-1.907197623593996,-1.666051410163739
2974,-1.805721919570928,1.6540289671378972,-4.452201046437853,4.268457749888164,0.018574363926731063,0.3168618850566034,2.6848444045679827,6.2005855133182095,-0.5383555242870823,-3.3088511385226873,-1.24173545358004,-3.7964878014955588,3.7435182315482436,-3.7821284659851813,-1.3447962372512023,-0.03068304748124362,0.03302285863516374,1.3810666605347137,-0.7074311679254315,-2.8654058297046383,3.9842634050964207,-1.0700177919775324,-0.4211999440484391,1.0797913285593488,-0.7176211500804293,-2.448137562397534,5.573630213966005,0.6613106334995393,-0.22132017077984756,-2.847861964206098
2975,-2.620393338470949,0.36867937868420597,-6.124662671251912,5.923957124224611,0.20801130522029254,2.244408201594368,0.25279698664875383,6.089682876021705,-0.5709767865647848,-3.4007620882870704,-0.12128135379588567,-2.249459634021907,0.6174341625611319,-1.146038350908917,2.6500931270121413,-2.019881635745957,-0.2375789067157683,0.13597160379788242,2.928056369083773,1.176068121946738,0.351450276187375,-0.8044924125655992,-0.28893614427022385,-3.3621462103823454,0.6960530739623962,0.3578385107976665,-1.9638660553493104,-0.5513017887091438,3.6984932103361388,-2.2372169510360944
2976,1.3238971982221805,-0.7420394445621881,-4.813284228966285,2.861914267806551,0.7426712605524721,0.6268409469478762,4.420943754095887,-5.328922196971689,0.5160000947662038,3.031048035046542,0.6469310281367573,-3.286000715072852,-2.7962797142862126,1.7895715444846125,0.6445054451926318,-0.4140710772406706,-1.0240107424280307,1.8002845442781954,2.7153047996477646,1.2720011338909263,0.8665774735780829,-0.8019532818142556,-0.35312170319878433,-3.698808422104012,-3.5406469445484277,1.1689255951340733,2.0424883116679204,0.5512667253791728,3.1107211357320317,-3.332754823363114
2977,-1.2123403021230832,0.28109135816473696,1.275292732059416,-0.3839510914337225,0.6712288513450146,-0.6313215480117549,-1.7270759116942536,0.09911393325124251,0.39590678609521834,2.533285123197686,0.2266196850703448,-1.5278496159193793,-1.011565212824431,1.4105768223986175,-2.4241541129356143,-0.9784141251952434,3.246756304498035,-0.24319967594084346,-1.7253562222591512,1.4308960754819573,-0.2683735428522205,0.8260112303477234,-0.18857370462766454,-0.07460383609095089,1.7941198267802214,2.825285720590138,0.07665705479291773,-0.14049464114420296,-3.713948314090066,-0.84161964692737
2978,3.6524329138002365,4.171928368784609,-6.199890303234191,0.5349929625477365,0.09779276586448349,-2.2572567077622585,-5.636196433737503,4.524014466105427,0.030118594252282804,-3.4221120430485197,-0.5436179427664438,5.047793359195662,4.206165932131334,-3.147024304274133,0.42123079926011897,-2.717458046573128,0.17508013933649735,1.0620054801198329,-5.452248276656899,0.7844938068997003,-3.799659991061665,1.1767103010245137,1.226110517058233,6.0645936427358365,-3.5582954328285403,4.235028649602203,-6.180714792304528,-0.5074911690799055,2.6815007916472133,3.329971952965195
2979,0.2670473756449514,-3.9866067455483822,0.9286400742935719,2.4589334774299374,0.4330280963734743,-0.10104227819291012,1.7017039808238401,-5.699764609700225,-0.2617232014144193,2.6400229345172264,0.022400438605625794,1.597360457168854,0.1561554382479855,1.0095102504614104,-4.039954817865217,1.4933493699955278,-0.6119109685525679,1.9928507277134173,0.7760788196884718,-0.8647805189507061,0.6438041373399805,0.6081144699922936,0.19413347223557942,-1.3573503803059026,0.8031004506753909,2.6902714433963553,-5.863125368843058,0.46630014601337066,0.013995054526196427,1.889458274233391
2980,-0.10566462316038461,0.14343711635838474,-2.1406471594426506,-0.9330141445733133,0.9602124996787884,2.0756763111398087,4.988949412877016,3.789498968710255,-0.0756047467781702,-2.601950295525418,-1.0918314213395397,-5.0090619179432565,-3.467439013689077,2.506826167335195,3.092846275001765,-1.6735147055986506,-2.6305351365836653,2.171816413534984,4.364115696101795,2.169581719385036,-0.46300926743048265,0.10612312920091149,0.5635496183217654,-6.74036089557935,1.4697756495980911,1.5315351693257782,-1.4803187367954642,-0.1931289256238884,-3.5710941322926573,2.243230975789789
2981,0.870394233811723,-4.719331676983394,-0.05550031542584932,2.543104588655112,0.5103550567425743,0.8509781132004566,1.4405061560195662,-3.563240441994669,0.6989953670958116,1.429471079532167,-0.3770832777200903,0.3713511170680981,1.6100075447512836,-3.0879232874432425,-2.259743795439018,2.687201802925408,-0.4680914050740661,1.5185491402801787,-2.029290263988255,-1.2418254585558408,-2.686330499844111,1.1985150341192066,0.10411258446792537,4.654818603800734,-0.9437324939389562,1.3375114691828003,-2.383719956453369,1.0567928985257522,-2.506576534346266,3.4397246170316613
2982,2.4724847253395836,-3.8494470159758443,1.8884695549581387,0.46426010578722554,0.3690301778690679,-1.3447975479775458,0.8132588112320249,0.23801696620430945,0.19826346602509748,-0.790944317720502,-1.0015347678587503,0.5429398421187024,1.2038152335697525,-3.6506031470398597,-4.159096995320844,1.94412389328388,4.217080885609036,0.4446801298985825,1.8747768309209576,0.5611865904990232,3.8181040302979525,-0.05148607804712668,-2.161548309204317,-4.041033064466827,2.828246483710288,-3.11640228240962,4.095962848567812,-0.38507823418235354,-1.41976997471264,-2.002958840971825
2983,-0.28344789822610217,1.9888273916792052,-0.7500288417781995,0.8281399682185011,0.4274424766049627,-2.2109330964977456,1.5886899806043822,-5.485281504284632,-1.23261979760693,3.3963960972648337,0.28196398197147676,1.4508512420517832,3.490712311807492,-0.9106173030965046,4.006969098164177,-4.008603658844107,-3.616907752779566,1.0384473047490523,5.103470295508998,-0.8349883804705343,0.18844042736616373,0.7591668167793069,1.0977142571856486,-6.313803416369925,1.1642596951022242,3.8979839199003656,0.5305115810927319,-0.9390161488422617,-3.547356997237607,-1.1063820500138135
2984,2.365954946914421,-3.9463044516254087,3.2962900281926153,-0.4374425748400128,-0.017154037491838192,-1.2613439111491527,0.45957926121842974,-3.73596154012721,-0.2839345811933853,0.990214537367688,0.9144031218124757,1.6556992009228964,1.6358191930267623,2.8448124900457117,0.5823535727871274,-2.1788479370241944,-1.6707195801656667,-1.2134177386692198,-0.9231250860344709,-0.7238825144745746,2.620602245873858,-0.7603296287231016,-3.178003073668334,2.9647380570262776,-4.878228261064699,-2.1041167217034307,4.883580751002576,0.8883365660398681,1.0996365796224197,0.11079108610488753
2985,-0.1631054877227207,1.7680108065215592,-3.387444155013206,1.905665374294319,-0.4444068060571489,0.3212802679778033,-0.17723604733027543,-0.5214363916049862,-1.020820437992946,1.2654173974411584,-0.6662764027521639,1.1203518822401364,2.3224156102809346,0.20002171440510352,2.3589530794079536,-2.799278803990042,-2.9042069026003894,0.8220953024969706,3.421709468053283,-1.2866876973447692,-3.8962732286765114,-0.8311036520002739,3.0903432845093484,-0.4979881745414012,2.83667896560814,1.1975698212254606,-0.32059182424426425,-0.5148325127357793,-1.7630658588077193,-1.4357585910442197
2986,3.284829386149564,5.566535016911011,-4.010035065651071,-2.0879705770393144,-0.6460006482874296,-2.107358112082176,2.316966432021374,-5.206169285701229,0.9758855498717853,-2.0390927458629378,-0.5936466195090571,4.5460566691809845,1.2984351290262879,2.4375106503366872,-3.0597820709726076,-1.2337307567290807,2.77299675982853,-2.2154297114892945,-0.38035978250277935,3.267624868388534,1.5058620835563161,1.240581195067338,-2.8041277384661427,-2.8295806260435867,-4.048252666123933,3.1112046443735295,-2.702400613953351,0.9540431841174586,-0.27698093909864596,2.9623863906865537
2987,-1.8318902142441402,2.3909639451750238,0.3143585019729791,0.8460840662443836,0.054994773606416913,-1.774511072754077,-1.3971344438644238,-3.230438825690346,-0.6554719442896415,2.0211786880876446,0.7237694942033972,2.5380970315542903,2.2090305162945576,-3.3895308007593385,-2.8215217610212004,2.6073976194997748,1.478415033999962,-0.08379060801328464,-0.6536233338605228,-2.5908709532415006,-1.8769835629126366,-0.4528569423482489,3.2379787475114057,2.3363560448511826,2.8656026967862402,-2.1424233532427053,-4.676156353504126,0.35826251470506065,1.983380420304421,1.6113340749527296
2988,0.8604120310636265,-2.0561597868167496,4.9071506340819475,-5.204438469560163,0.9148027672887689,0.5782328239431518,-3.8547814121566866,-4.677727765107509,0.8689499531513327,2.3192865669640845,0.9625487700010256,4.381723887148652,-2.645076691912676,-3.3689742139841368,3.6529569059992895,0.4474904442287091,3.2246642006882063,-1.3110606450189284,-1.9870557581870756,-0.7170396313050773,0.2234911454751618,-0.39893274242924015,-0.7643780562459401,3.643915042691834,1.020768963772099,-2.9853749428412506,2.7238651258555002,-1.115078313166229,0.8297100931824293,-0.47389092680092837
2989,2.310510136244069,3.163437186054125,-0.30824127314387795,-3.373326623899956,-0.9985652639587657,-0.7938141612950389,2.62781383342465,-2.1851157971279775,-0.48716188745132616,0.4657480603377131,0.3581763262112032,-0.7794605353933619,2.5669156959835,0.9232632292882172,0.29512241194494493,-3.224336378792824,-1.9358396958756554,1.3748747374522559,-4.887083133902994,2.203089571735326,-3.849775879454281,0.942461807255456,-0.3663689400921424,5.957676574458311,-1.1073995796983809,-1.473305050657828,3.7514142292490646,0.5310598394231549,1.6219316708850826,-3.323701109199501
2990,-2.734255719949447,-2.901624222049236,3.9198925886362694,0.8666422184190594,-0.1605647350807029,1.0099098700246039,5.748824482922149,0.25003671402448546,0.006344879721920549,-0.58508701036288,0.36130888703504027,-5.781427953339826,-0.45721331085076145,-0.9535267391119611,2.1853116536125476,-0.7949397406756056,2.689714093418168,-2.669345956391945,4.483766817725222,-0.5720822407835957,1.7955175032250494,-0.13709998395048295,-3.090943077336963,-2.479159018879539,-2.6433727087269148,3.6883658016474037,0.7483927916326856,-0.4163652746483386,-2.79709924604267,1.4200786361394613
2991,-3.6395646845086755,2.127807533287413,3.5950305374160827,-3.1047509181518187,-0.3190073780482994,1.340484910005829,-0.9244934779234342,-1.9213486857552873,0.8937861104279214,-3.4652005082994233,-0.7017432602618694,6.118999821812963,-1.6267136563532887,2.669686151022802,1.8972564802377754,-2.0969332334685404,-1.3442180137551816,0.5009222723168811,-1.3900212975406454,-0.27663409527128024,-0.8256544019516863,0.24714982637412142,1.1572276879240917,1.0879322804650648,-0.33519994365722283,0.7063239808154442,-0.8415791019586045,-0.43406867064479826,-1.8866712372737187,2.7911949727205325
2992,2.4004262550689113,-0.6608883416001916,3.491466584922385,-2.8205905841135674,-0.22929606307411543,-2.1811178512029095,-2.4226431189221103,-5.348743989518663,0.4070929723543184,3.366646618392142,-1.0347978249070606,5.032445342602266,2.4744864531578443,-2.8080857725671535,-1.390134222494268,2.8502435950530796,1.8809537523476934,-3.0074638054967355,1.2939314717618444,-0.07909499274018472,-3.706297371541819,-0.24720018731866134,0.9566720298345182,1.781989050003972,4.661065338004178,1.9060304647127317,-4.846422483799643,-0.2328179099364478,0.6420857700212252,-2.1299411790004257
2993,-3.4178874729514277,-1.6581690867513963,2.183111922837874,4.262316735433213,0.5930069429617344,-1.9623790415294824,1.0218844003791538,6.085124726417909,-0.870162326046291,0.29503383590708765,-0.534123506400503,-5.997757130256474,1.7794295252523575,-0.6006357034101732,-1.0195551996492274,1.079227970546068,-3.4140374848338624,2.17557089209528,-5.170730547061311,-0.8552192287419249,-0.3034939301225563,-0.5087016097136381,0.16033161871317247,6.677813696925902,4.926744992551264,-3.7439686741695475,1.0759257435939027,-1.1348117345163904,-1.8810095466244654,0.7571192191668477
2994,0.5142510829331801,0.7721281266123334,2.8322485259265058,-3.6070262646655245,-0.1996409333730491,-0.3119605374329186,-0.6697130703973144,-1.282864253978218,-0.006904022889467676,0.5043436696827719,0.13448911462765967,1.3206485629554194,3.1041700790115208,-1.5802192197010392,2.3093992878070075,-1.498348143675452,-3.692457906501504,1.3574559030598863,-5.094257905069512,1.4645752602097541,-1.468847687955206,-1.0452149448312271,-0.005783701930235807,6.14952897957604,-2.9711176581762473,1.9307966036659288,0.7843625055802903,-0.3966015441925297,3.4766413999790444,-2.8240813068548736
2995,2.5969334763609133,-0.3564786115010925,-3.09659394503381,-1.471880408847035,0.17289387097709596,2.155125618044467,4.646164334627027,-0.6316016854118764,-0.21812828392210815,-3.742775155390273,-0.9729272895323637,0.9192680796304131,-1.5221975741604314,-4.1553003274057865,3.0889398395230288,0.297280827110594,-1.4064269547792776,3.6977041897123186,-1.8971759974217264,2.0616557307281447,-0.33523700255346434,0.1026277831969935,-1.8602896919890366,1.9284191780386877,4.930848868720631,-0.32488497333671873,2.669132735534159,-0.9543276312881916,-3.4698425874761067,-2.850926412152136
2996,-2.183305439715607,-5.667055979454425,4.815311493763836,2.3378828343491804,0.7104113043092397,-0.013244213251681458,2.8144105702289686,1.9816581690753203,1.1027308866693106,-1.1023438903873277,-1.1866011082856036,-3.609854627299832,-2.1367485645273696,-1.401167585956017,1.3946731896062197,3.3970453525709736,2.365993637146051,-3.6197960288394277,-0.8462558669303206,-2.4069554199949756,0.3168778538876609,0.7223407578551964,-1.6753842111845945,3.8893768863666516,-1.1412550854240315,1.9387522101238979,-4.729103459829972,0.6391861463175781,1.833315615374012,1.4591045734401646
2997,1.7006865391416035,4.305930729045919,-0.8349582018856943,-2.4102558355594716,-0.7728831930358038,-1.9885200377060332,4.590624252970393,-5.370482297519395,0.8611311995769935,-1.2795336796206147,0.23735993340493788,0.9609005911885156,4.116266288484468,-2.8513924257125236,0.8343457540278898,-1.6146551866027181,0.21601488296039406,-0.7005793131570304,5.096601361133857,-1.5675178650622144,-1.46820212887725,-0.8834305021246349,-1.8639766324656417,0.6865257673955227,-4.535699687681134,1.6647278064304665,3.5533535916962258,-0.22604526016653548,1.8706071616787554,-2.3269436119561373
2998,-1.9313844922432395,-3.400607637239915,1.7671636543971267,2.1070424392794855,0.22551051929303556,1.2322755165140222,-3.3585572251839366,1.7640917387948427,0.5264118845140509,-3.4842597615091666,0.7578997490737489,3.794413614311278,2.9787038085755455,-0.7364358910180222,-0.7227245091977075,-0.9925449229829084,-2.801194030902794,2.274195545526375,4.309908885614249,2.9624320551765315,-3.3562236422062472,-0.3744419836811126,1.1774327173761616,-4.719108032279962,-3.3676098364761984,3.7597599848368226,-4.705340849067859,0.35855965480199004,1.0054556987820078,2.9491753471248927
2999,3.5470151789537923,-5.358343638592199,1.775011858046451,-0.5156958505019418,0.16380720466326615,0.3882052474311273,-5.2726618696076315,5.83035393562858,-0.5672657462845727,-2.9098061711081815,0.5933221657899015,2.326057685582704,1.7911586369806045,3.2358072996243408,-4.192724399512164,3.042507091783065,-1.9914204938968965,-1.8853281349784794,-3.4618720176429107,2.7240884026613976,-2.2233343374277172,0.6379966082457074,-1.669675098190682,3.9927964423538462,-1.8121668652739302,1.5228875330287615,1.7349610365276327,-0.2957260888326392,-2.7359747098379046,1.5860190943897585
3000,2.4004784296492296,4.317042856912156,-2.31714021953486,-2.532814768214749,-0.7337705983108376,-1.133795700500439,4.775461143022046,-2.706187248623646,0.9191538827183479,0.15528816495507058,0.8243215513724946,-3.968037493443518,-2.9579172682965194,-0.07561237702299906,2.9943083407881943,0.6717962728608562,-0.9209177968415538,0.2883428285125298,-0.21408017528116474,2.0258934761961704,1.5142455113381814,-1.0888707772796669,0.8009148643417365,-3.0381028993156285,1.6814235592678237,3.656167993288012,-0.5723738196561428,0.8289090072337295,-1.8882051302780187,-3.7059216098537267
3001,-0.778483763978544,-4.880293780634734,2.640850757470222,1.998461465832694,-0.5132719304951661,1.5327372518060312,-3.800682751887596,1.91958991017,-0.09098287999401045,1.5753049150412295,-0.8752937646637262,1.2720645713349157,-2.251450457462088,1.7201987767004674,-0.7174017626408151,4.163683134770167,-2.839536398486535,-0.07549329288068307,4.113211522650648,-2.5357659441702083,1.9077713022881966,-1.2350863016424012,3.150860480254405,-5.400991059381035,1.7187011149408846,-3.721661270735858,-0.83174923478634,0.4392598638548293,1.836895586974375,0.5585539397537804
3002,1.211225151526019,-3.993778230335707,-0.21449987225853562,4.767987390835405,-0.6203437749253502,-1.150590664841312,-0.6831613574515387,3.88654073936015,0.3619982720979751,-2.622611947503792,0.10793044763878079,-1.0506961541407982,1.1386518810422643,-0.7059452069493588,2.6655796080981737,-4.086042066618202,0.9338871278563374,0.05386865657129469,-2.904083777249273,-0.5485377292899969,1.1637339260438253,-1.1321322575998902,-2.136067146626056,5.557086984720961,-1.174537375530896,2.972052373732158,-5.962002411887848,-0.553895113647294,1.591522784482187,3.1268597428533766
3003,2.8222016711256117,-5.320624901029397,2.3260714510880867,0.37274050899143774,-0.39896268161892867,0.19857395144370749,1.463708718565325,-2.8992969681991205,1.0584915691663008,-1.0162549595188821,-1.0831985245013152,2.4765501644884225,1.7537023412185953,2.556306820419181,2.349653947289255,-0.43499507174040275,-3.708569114320559,-2.516098922865604,2.166690874103484,2.970727450421773,2.866296973351673,0.8018827358415335,-2.269043773919792,-6.536554259799114,3.21894982454058,2.8203074486097712,-4.824333825148322,-1.1816295069429774,1.022819678753148,-1.0561136198105014
3004,-1.5088828291066516,2.3028324335297228,0.697962663139144,-3.4462464003522193,-0.4726291256487749,2.4269632584393257,-0.7448130455702113,4.371584613900154,1.2228400056609008,0.9247343224654152,-0.5068817559609835,-5.267464140494518,-3.673118939781771,4.200672995006954,-1.358672511628514,2.325034673730002,-3.200755696695639,1.7068394793694388,-1.088645836675191,2.454689856043629,-1.407299311017919,-0.6295902482645346,-2.960238025380386,3.631083565293949,0.2882981357139123,1.5731622932366527,-3.6875462826255507,0.06688984625878014,-0.4772584470180803,2.236454454435986
3005,-2.7267622556808053,0.9880692234164883,-1.8667091195024845,3.836283774154115,-0.03140023844901996,-0.19948138393775494,-5.860058308016967,4.626966219207631,0.8085760521877283,1.8126944339744568,0.610824755770687,-1.9990031531227714,3.403621029187441,-1.434017386944328,-0.18812633796258282,-1.8524547742195718,-3.1350824603888956,3.2060599303284185,2.8198840340357307,-1.9699403811511225,-2.8417176818550924,1.0628144040680434,-3.08684767136274,4.015807296264711,-1.3460342063608408,-1.6799510915456253,-1.6985015698849466,-0.5432563890825532,2.033152046497836,3.2345912103778076
3006,1.6184017247137383,-2.3636327546901477,1.2793748023850462,-3.1455666776055473,0.16675657914859165,2.444666326048864,-0.3696940577498893,-3.0530776999693003,0.3729117234321535,-0.6936061343150008,0.009460168483586884,3.734006000119205,-2.5575607199001613,2.2788516608830207,-0.4584965631423259,1.3833181186201493,-3.654182246256388,3.0080697497961673,-1.0118680040586803,-3.29000230210009,-2.514409072473949,1.241223913239363,-0.852191516920211,6.427246982313086,-3.955762048726502,3.9973726525320963,1.7876342981940851,-0.9952487969159689,-2.5794824298078876,1.7454863247258459
3007,-2.6928804616294357,4.322300359796991,-6.181451725713352,4.224289002820097,0.30999856387835667,0.017744260847878834,-2.8266261081697692,3.582185326142689,0.16820027178924146,0.603088564353758,0.3293601027036619,-1.8562081568188482,-3.0594374166269898,-1.3201965616998397,-1.9609038432034769,3.2027278512483512,3.297108249320978,-0.1592982790385591,-1.1216573789268445,-0.23011214844095562,3.4061589973510458,-0.1221922944980447,-2.1953305456728174,0.2631333701871341,-0.5658512313014654,3.211536090935194,-0.7458964951634108,0.6824833943432367,-1.6773460306150376,-0.9049257281968703
3008,-0.8989563276973342,2.2213605744004354,-2.9569937387506258,-1.2741126737508104,0.5986712821480733,2.310030883650777,-3.2837570448466558,4.500071137864875,0.7521970563881215,-1.5489445733303242,0.5976804285157051,-1.0172470045909634,1.3656800630797115,2.8890552583682982,-3.6937350287184607,-1.1622576291562723,-0.8905890306668987,1.4918463670941158,-4.575831842167009,3.3223439959390966,0.1833756520761085,-0.39000427709540286,2.4201309613333883,-0.960014490086678,4.791505328464019,2.7984893619403657,-5.7662249409167075,-0.9118995094692117,-2.7104935050171655,1.7986232650003444
3009,-0.4265897595538135,1.3803351441440306,-0.9602806653375922,-2.0025073357584837,-0.32851378862134184,2.337556405127728,3.603249753683837,-0.13520142620296127,0.41333410610316434,0.8123822266280829,0.12902857678728363,-4.822793236998681,-3.9447651107763964,-2.521551844014514,0.9022712464227851,3.633291830542934,3.250635833200871,-1.3198819553751822,0.08311075924449085,-2.2053812739747407,3.8078112831567417,-0.9077073940215703,-2.117280888803954,1.3394475143985183,1.6739407259052044,-3.02772602636524,-1.9510239501854514,0.23691344045015406,1.7979320710955378,1.2699637391014598
3010,-0.377907943682402,3.0974920240190933,-4.191953114821118,1.5380505051264706,0.06269072585602276,-0.12837219649756726,-3.1425751602661656,6.166238191204002,-1.1970950118468937,2.9086812389705727,0.9764194328176723,-5.7116686908784935,-0.6279833795298906,-2.113897591341125,-2.496950444133219,2.68103062521741,-0.550361352681616,3.1081621424689168,-2.298830901023134,-1.609005118237496,3.628741591983477,0.10020072629732368,-2.8199505082719813,2.998844209251292,4.216994923765345,1.0566477382467596,-0.4825079912966679,-0.613782833667277,-1.3182287192956732,-2.859123117750835
3011,0.08942332324525992,3.03594552913793,0.12092267516525013,-2.7211669008149357,-0.5552995062309967,0.030174879497968377,-2.8500334217965957,1.1778242482018726,0.7320167626986915,0.28169044319007597,-1.111847302671841,1.7703492703784747,-2.8341865019357666,-2.762034365328619,4.170946943622468,2.5465630413831093,1.0985837783833148,-2.2198728961240164,-2.173642184533957,0.24207441588568734,0.6714322102367696,-0.7737386968032247,-1.292434235451326,3.326308490665564,4.3946868372902905,-2.5105179699198104,-4.958693396675223,0.42004649727355226,-0.5842495643733603,3.2387275964061573
3012,-1.2093795500711906,-0.8271889082962076,-1.0521666910959837,5.3131377097062575,-0.9263718258752822,-1.2980307343671065,-0.7367171761292646,-3.066960510635546,1.1354473829175173,-1.4323107722912152,0.9943409167570314,3.106200159382144,-0.3179123612650123,-4.168857278419171,1.1670438325822339,2.196736109800728,3.3828521545435635,-2.259862457241848,-3.5412992908456182,-0.11491433438067311,2.7706847719756382,0.02431244581178671,0.026573277572582654,0.834643129865789,-3.6494933766690636,2.4392698509373467,-3.2536962920536325,0.1310435746425087,1.9892851825105389,2.343591060633866
3013,-2.3219277303184676,2.5973300633994754,-4.286427359461772,1.5593720377858595,0.6578927017813516,1.7937602868140203,0.30661120715769385,0.6617654276004679,0.009301158862676573,-1.040296020651013,1.0154822081349728,-0.9528639811041195,0.25664403541198766,0.7813728324303035,-0.9138320296359232,-3.161995270438924,0.25968058910720515,2.778129843125882,4.878117453462984,-0.4792810190671073,-1.0324000080475528,-1.0562482664430322,-2.3224753048805375,0.012287144974759912,1.8102071077301787,3.3276069840971267,-1.8244193290102366,-0.019975571750388,-2.612387034274006,-0.6810321567910993
3014,3.450607554159987,0.1447429056039944,-4.004671424755159,-1.9967062056836724,0.6310326465337113,1.774994524141606,3.9517279597941446,-1.738438299152012,-0.5168750957604793,0.12986772279273318,1.0805753628293102,-2.906857650503021,-2.1070597651482217,-0.4195284244487958,-1.9444400662626418,4.134746477868298,-1.557935779995299,1.89421755798719,3.011619662882328,-0.8221082115648475,0.7321744531893302,-0.3275148042121625,-1.0397704015161953,-1.554400698778938,2.4856257717400396,2.7357311261021238,-4.892290725833799,1.1610226279598956,-2.1596481809070607,0.6695593809403775
3015,-2.227611649617428,0.7540262061700567,3.7113298492854696,-0.473135314205269,0.5007919578857587,-2.2654010495180943,-4.430430913907987,2.0651307823244913,0.821177073587589,3.2831044024364218,0.7391128595221588,-2.4780942039619873,2.4066950519478922,1.8028798101753907,1.7361232171732581,-0.2605256585159239,-2.5066914801996507,-3.178480940580396,-0.6512312294760783,3.33071906331746,1.9861750958490667,1.0059049704913345,0.970878152669421,-6.642446052851696,-1.6174808776817464,3.95121329081039,-5.688601405004249,-0.9125590506315291,0.7569273228006637,3.510500719708112
3016,-1.9103670828442407,0.6791217691953477,3.8419642620879806,-0.9773673726516527,-0.7078257024818322,-0.9255258733051104,-3.8896916619523942,-1.0034542520752048,1.205393647165426,-0.2628962947832836,-0.7342702737909272,4.684918835437099,3.3603794538871306,-1.7080858421888312,0.5780400920122091,-1.2700120261656078,-1.2867997491611973,0.3264780716168829,-3.089165641039937,-2.372938038603536,-1.0192068984637999,-0.831762188301262,1.4123835813262193,5.900689185081816,3.7689794761784263,-2.3327625635129436,0.7546460828295096,-1.0598840421184144,2.4610260018107937,-3.5920049551857307
3017,2.1053636706742402,2.614365738853298,-0.3591919612888468,-5.138709585520413,-0.053861094248767616,0.8320332315309891,2.252200998628574,-3.5401070366808796,-0.6856696246935821,1.2790081181677024,-1.19939075441145,1.8939582989903627,2.6589679453123694,-3.5832217095840733,-1.5378974097675666,4.242546816653256,0.47353929194300903,-2.253934934556405,-2.5757304011487463,2.56434619464428,-1.0410141704538187,1.215903433827954,1.2835138032105142,-1.4470188600806893,4.674321499007142,-1.5291442554814516,-4.2510661773405936,-0.8434677753478086,0.39899570629556713,1.5503610028688293
3018,3.417199693787996,-0.399128309651541,1.1310682716123246,-3.694410484720727,-0.0024012742712855584,-0.45232789675627316,-1.364326172933076,-3.3672923007325863,1.218447137155544,3.7264967780656484,-0.5519686912545643,0.33864324969974646,2.3569271380989925,-3.4691163757690315,-0.2988036043159745,0.20425078632009885,1.4747731389005274,-0.268031083234062,0.4039998295281535,-0.7871118678004834,-3.3540386294726012,0.9033292559268071,-1.109143430259305,3.9429648420768935,-0.6163259010603355,-0.6175883195823779,-3.896781434737825,0.8166520840658276,2.0624202370614633,2.25162333425493
3019,3.5378279932156786,4.235895066797674,-5.471919817318042,-2.642443900869903,-0.7212754302513185,1.061916088426413,-3.3351974446977337,0.09741764856901014,0.345339605459305,1.1047674897126605,-0.4582221790212673,2.2458948799787493,4.1110902858477445,1.3267415753643235,-2.7274630264534743,-1.2605827227608852,2.204132522634822,-3.653918634631939,2.258843126187127,-1.720979891044701,-0.7147799426063806,-0.9331102365639738,1.0808306997338573,0.02919624429349099,-0.5381417927311922,-3.981191418542874,5.220708105151122,-0.6256882695125734,-2.153586416421671,2.077899792058865
3020,-2.7048509262865554,-0.4900746771952633,5.5070530456367806,-1.8653480344899265,-0.7864885551799896,0.339709147515423,-0.4040315714785585,-1.5194399279525612,1.2429774992499167,-2.2570282723541837,-0.38268777286493716,3.3202100454010477,-0.9215660076175674,-2.411183245710543,2.7516376341252524,2.85185511304282,-4.011262966591122,1.7405194727517852,-0.07442198107560927,1.2510023520118452,1.9254182896421597,0.1990090905582793,-3.061108070717129,-0.23989968042013743,-4.186952845860457,0.5326931869940061,1.5030884526147545,-1.0649987010305764,3.421450054450826,-0.20528014716683884
3021,-0.5951913904099335,4.242845361507488,-3.835122048428353,-1.0870498513015825,-0.050107356240428835,1.3246252848732745,-4.2170355224207015,-1.1124463987128124,-0.8530733082801696,0.4891811340519503,0.05955059699275633,5.633823498369711,-2.464797358646061,-3.477594291808275,3.942810342962094,3.3343839048770185,2.050398733875628,-3.3852013312598004,-1.7874452124218863,0.20728284798611618,3.426788604475046,0.4364462493951562,-0.8131442816045542,-1.469928207830435,-3.8598952586826307,-0.39399380221134805,2.640160789801225,0.0816963825093886,2.609383279828844,-1.0773513912437238
3022,1.7159678729048764,-4.1242495523192595,0.17090731376024237,3.6861756176446328,-0.493469651249524,-0.9553316007404611,-3.296971662930435,3.528646554154655,0.16916637838135706,-0.24011482902664127,0.22678130068693214,-0.3875077412651393,-1.6403119344670376,2.096100421856125,-2.0101445119402968,0.6397067905923421,-2.77512721139723,3.6897764453567063,-3.3934394730673034,-1.3609173912453016,2.708088597464929,0.8935743049926232,-0.6948366077561161,1.8475305696105728,-3.554769740296667,-2.781414457990902,5.698649496295442,0.36953436274268725,-1.2468055341299902,1.5148058733811887
3023,3.6977557095252784,1.1979763914956685,-3.4975165511138364,-1.2337732296760073,0.421295664720307,-0.5857379849509137,-0.43524383400186295,3.0258733109783407,-0.9538281861437987,-1.6028504239547665,-1.0434414580438323,1.009490591166628,-0.9831440469902901,1.0572132970405974,-2.0291620480095762,0.8111544892500397,-1.311349007434659,2.4552873161445063,3.8647397066721254,0.7685402128864034,-2.6749466500250882,-0.5377621284765182,2.6855164421588853,-4.1060875832164,2.1112616605664556,-4.232989563390589,-3.841642851829935,0.3142146278881208,3.259215056946008,2.389941069821745
3024,1.8199035787258815,-1.6466581120358192,-5.800600694297366,5.02988707944122,-0.5685982184919747,1.166066366658555,-3.154091218424341,-2.6796695282904786,-1.0466646579019065,2.4802730911934674,0.5946576266543602,3.8054946867696025,0.10512069709893979,1.083295034166941,1.1308997013371034,-2.9552725507688233,3.94612983316242,-3.3101727149959927,6.072147306918051,-2.4835786090468446,2.6917955590596385,-0.8008972085707233,-1.7561805214766562,-3.723286526884049,3.1254833872116166,3.47093227873491,-3.8481988627691983,0.563311137663363,-3.0730853611845372,-0.23844257965438764
3025,1.9568508370276767,-3.7760773332969357,3.067204915831695,-4.0658710633560275,0.5799371040389651,2.237955539755127,-2.9558236556769444,6.149342956607164,0.25238586447772526,1.5022541386676416,-0.050133698197436516,-4.8980256058774465,0.5821941274485951,-0.2929057558665704,-2.2450224349657013,2.410536220511382,-1.092837011980727,0.6380348548535935,2.5603478645903373,-0.6462067336152497,-1.4515476706762431,-0.3768066807426864,2.6697204460344715,-2.7555072255912343,-0.6738667323184018,4.906004862646149,-0.7149048809767464,-1.1682019077566639,-0.289749211304704,-2.0592821302878797
3026,3.3371171538023283,-2.786956033471494,0.3717727241560098,1.473771374922869,-0.17503813224898623,-2.2206670871602228,-3.035425699523323,1.0626094811227205,0.21568187530434546,2.501035814251047,-0.8486539968232041,0.1047525256691273,3.460728884144494,-3.86804543495251,-3.0798176572165,3.123783917988117,0.019374672942419124,0.3439756170945252,-3.5225433932433,-0.6016477717881319,-0.3702982158938042,-0.034440760728534414,-1.3030822019097172,5.8320123435629085,4.048968351040944,1.7648890169697964,0.019521871153060033,-1.075763228708603,-2.5632050198950935,-2.1944109905583566
3027,3.7160012744052686,-2.7786469403014955,-1.0006662678368343,-0.6490608466598751,0.08690931439663352,0.6254634659968303,-5.471206913693781,2.925225880843236,1.1733419621694052,-1.9638577242244946,0.6601299759818389,2.6763668189244747,-3.7920230457609456,-1.3120339114847184,3.132254512695738,3.058343293853774,-2.557610453732991,1.4710696044296654,-3.0784814594665164,-1.0589793139339516,-3.73418401508688,-0.1959374928734139,2.43413204988434,5.633450231475862,0.06348255179475615,3.8915752978691245,-4.453248353999939,0.6239409046126463,2.1034938440502735,-2.2292442443251215
3028,1.7721768723403386,-4.450186771604159,3.4365515286494137,-1.886911209163408,0.44576708762015693,0.6826024921582174,0.13572279288992917,4.719087079951493,-0.6807222484302429,-1.5856402364652435,0.6164040789504188,-3.204851466895665,0.9827460152933654,-1.004084175602836,-0.6790081394169469,2.8362545977634106,-4.038189089603803,1.9022807915673283,-3.202031687021357,2.8165074649660404,3.2838115537469434,0.736516042159117,-2.925751948498881,-0.7090514253524276,-1.4551799315234817,2.888724400655793,4.214097954131159,-0.3899768021712564,-2.005660116528759,-3.252005504561687
3029,-1.4838035291072966,-2.972502265895347,4.646810984072541,1.4822678753453182,0.5951631240554476,-2.2679361884701175,-3.8511159420001064,1.0814464014720429,0.2199880589915102,1.4159918038168158,-0.970817442440012,2.104507120160399,-2.4852576236960875,2.659213716492971,-2.5917212061784856,3.4273917175406936,-1.109500882974796,0.09987427881623034,-4.669578516276108,3.4791552007973756,-2.673427737983875,-0.7594020247101358,2.300550413637339,2.322702664534823,-2.6488923976973773,4.820213647170117,-3.8258006965460325,0.11740860435262945,-1.4923204379824195,3.0293912807048358
3030,0.3715987406227885,1.3889641915725797,-6.009460840484014,5.698557698028861,-0.022112847960150228,-1.427546941779525,4.639991975204087,-2.227433512570066,0.55042618917496,-1.2170284113691299,1.2310170265693454,-2.9769732670085176,4.163152816524338,-3.606515240810605,2.0383193867532796,-2.2157568953425812,2.892131604860136,-3.2713316719840506,1.441906318000573,-2.9558958846103778,1.3338012488965845,0.8422150209315902,-0.034846501969914456,-0.6271802012490149,-2.933436276233035,3.256972183996531,4.51260961215133,-0.35629095496156893,-3.64960108992031,-0.8302534750312027
3031,1.6791166405352307,5.024990972328318,-4.042783521859906,-2.839776303594924,-0.8087218590543681,0.9871740716462121,2.92328240801249,2.22057489613578,-0.8064566932893769,-2.87602095824578,-0.9773166196463476,-0.4840630329660627,-2.5153276839785477,-1.2556080063612711,-1.2504786677822946,4.214240453944058,0.9280322046970824,-0.12085830051850621,5.799689955324801,-2.281748529242714,-2.460663801646122,0.7045431862234608,-1.9046312986701732,0.1428104880101877,0.8011047431431564,-1.456846022465097,1.6052306609748221,-0.7733427810901938,0.8124135414206624,-0.9885601419816314
3032,-2.156799398211758,-3.7131167635414535,-2.43971224864287,6.2475805482314435,0.5506843080598429,1.5113635541053316,1.199551374332266,2.2240837644198805,-1.1836146710318545,-2.684821907018014,-0.5826479298216665,1.0274493691200846,2.370270551622326,1.8300706226468897,3.6279041222638213,-4.033929278869545,-1.1562008667707993,-2.6381151508921317,3.304240099138653,-0.9935633824210992,3.300070473768468,-0.3651286384365964,1.0519807143293765,-6.297599266379393,1.2073548058095938,-4.615099174932681,1.2165199491206664,1.1153730947953822,1.5221948896477144,-0.4463435644389655
3033,1.9188415918432966,-0.2608451587165277,2.0385779739087013,-4.985172701280327,-0.6468752010468184,1.9354734952922303,-2.5373552924558105,1.1761762089907606,0.38269435719556544,1.7704680003471296,0.5521843918129781,-1.3441676658899375,-2.540940404954654,3.2736920578158006,2.5956060490222868,0.7024024712235182,-1.773458104089654,-2.2573020690167382,-0.5765066607030853,-2.843096697511479,-1.030686724153357,0.6855614387461442,1.2313376962732097,2.533390947347975,4.236847671862673,-3.91235386957171,0.4114568254219151,0.2540399615549518,-2.078495617990301,1.0885050287241924
3034,-2.2959784520592468,0.7398737133697111,-2.335021841024549,5.444918450432898,0.7519493385853218,-2.305741209303619,0.3477320112352693,-0.8064175667050861,-0.7930251034069808,2.9582785811630394,0.08954796812756882,-1.7961158904131125,-1.6410730494298758,1.1003510002123917,-0.2833422273056492,-1.2177166123768135,2.7018992070210643,-0.6601183181205332,5.132645412827838,-2.3369736009284345,0.03954631277084886,-0.9962286799783993,-2.4504374449200554,0.6114480002276288,-1.5965096197757767,1.3694480574646413,2.8631352479027186,0.7851395969638304,-0.3181494754392187,-3.1030638071144487
3035,0.2906297568580545,4.530009572950814,-0.9634581892376239,-5.768274829362923,0.9173018540024542,0.9937918347897341,-3.1872625673483697,-3.7778798111138094,0.38680003707109556,2.223529370336493,-0.13827993879465872,4.49309290984991,-0.8280573309744668,1.8773149761098935,-3.290840147918372,-1.9873513526630617,0.4941925246422869,3.7347413308042796,-4.6514513796287105,0.06683464766230962,-1.5600607055263094,-0.6014050621026064,2.3590267064981827,4.38705579309655,-2.2601202339430557,1.0410774524776762,-1.6300849611258386,0.586792556476615,0.48953366702294865,1.7728015190934308
3036,2.393486662373423,-5.672496169930977,5.813655006444975,-1.6963412080531697,-0.6272630378641915,-0.21104125296954201,4.276860449994544,-3.809316403653149,-0.978552375509433,2.1177953448328033,0.044701004082819296,-1.6514880197468962,2.9996123367180303,0.7920586345397815,-2.802813260708156,-2.383131155238141,2.6323257838742258,-1.2380523391851668,-2.6440976923313215,0.9720849469986614,-3.900834541165615,-0.0930582328945988,-0.49939392577659447,6.165299445168884,3.051673849230049,-4.649101841915778,-2.228485595476407,-0.09457234478308774,1.2777473799192762,2.6427385530277334
3037,1.5120208008698484,3.4922609452400444,-2.744819483611895,-1.47455151941665,-0.8107018161117767,0.025791073030964284,-0.5962470928481949,3.7725194073712665,0.21023594212325492,-2.6354944561239044,-0.1372855923204197,-0.6137282082013122,2.9244917279990226,-3.8825239757010035,-4.158100402304187,1.464737905811905,2.295067292484852,1.356327451709955,-6.18097807094977,2.811898268260432,3.095211571120654,0.8364178569464826,1.644212379726623,-2.2067620051050127,-2.8727414820022332,2.4513122486164143,1.8507704791694266,-0.4892561916554241,-0.37144561698058354,-0.5686394371458228
3038,-2.4971667366315096,3.6188905622645358,-0.22438471958332684,-2.024090147927879,-0.9212570814350314,2.048008123313755,-1.4526610485318976,-2.8670163469184615,0.595392944675524,-2.9985633499508104,0.6688288837352792,6.054018916991048,-3.403584370563225,-1.8217935488054717,-0.34106501559240954,-0.45151419553827665,2.441108191119735,3.576848939380202,1.3766475827911613,-1.9133526674497094,3.567851946716395,-0.4205711095458877,-0.025261095845973358,-2.5853146566665544,0.9446091034874726,-4.099942376349812,3.0503522565036185,-0.5999613146204243,-2.5174148203315667,3.2223571513124796
3039,0.052796241388538334,-0.7978822300815622,-3.291883546061783,5.400428785720479,-0.06762470463273873,-1.2958345463323493,-1.7931918963774898,-0.4463780331282514,-0.4779253760782405,3.63325011178134,-0.3352150348363754,-0.5805397713603391,0.9488072426655059,1.071241021993206,1.277994312477361,1.2016316373307703,-3.0815150337723356,-1.4181591806939604,2.0072499994645696,-1.7094373472137292,2.336059565209286,-0.7109585288007665,-0.26902514635033903,-1.6538885423095948,-0.6059168503870893,3.8899926979093955,0.41830251285797715,-0.42630822693187476,-0.32676591823629586,-2.9493042152103417
3040,-0.12078077658048514,-1.352039986606755,2.776570833059484,-0.3102629586090728,0.2690317614712052,-1.2625188727338301,3.7699648337596514,1.0544161556207285,0.5595756087440229,-1.2210069539977173,1.1812053761120094,-5.344155020238041,-0.5207476056813221,0.7256956216210497,-2.938501947913503,0.6080261675483847,-0.0879957657520869,2.21352353017803,-2.555675308663819,0.9698030400701239,2.2882798642485156,-0.8509732496941913,-0.11676752111009137,0.26533317514891763,0.18449846552963223,3.3046872520066017,-0.5748323172788226,-0.7295466079345276,-2.9587345934992406,0.7739278011781767
3041,2.317457400330195,-1.8836803646447926,5.810554738485141,-5.4378127064827595,0.3556626703421606,-1.1621817380293997,0.5177440772278743,-4.473935252209738,0.9584759464548229,-3.1358545915134606,0.9895113709951131,5.144058449046042,-4.165177323300513,2.2842286644792296,1.9225328909855577,0.3883218945645446,-1.1916408523899022,0.7617347256616096,-3.0998435867206133,-1.6793839686778824,-1.0925926003512032,-0.8211179963064072,3.150637509188229,3.542300642867371,-2.8474162913790657,4.987064447473333,-4.542838010846275,0.1877912517271021,1.5887681782263101,0.6266304248003891
3042,1.7248024682792362,0.019903830629388608,-5.501508097287221,5.198220725207541,-0.6643404485365343,-0.7770784782918625,1.6711734509102634,-2.562477009037636,-0.562140149182973,-3.074965510712044,1.0887453785317387,3.4396638394913097,-2.5274470254640526,3.5832399317434316,-3.473311517424552,0.8872840587527477,-0.9057712574935124,2.4360058098864634,1.9525687224328117,-0.6668808096286281,3.573345549118283,0.7341601005019909,-1.4182650167694053,-4.174928545655597,2.5654840651403923,-2.191912589726247,4.548924699961077,0.47807236128516273,-2.924821721248147,-2.475746815410435
3043,1.751812190973336,-5.146594143594243,1.8185414047526542,4.0612566774157095,-0.2194637904272061,-2.2655523391196946,1.9159507197688832,-2.7218043858253544,0.29581038801170134,1.5215714369545275,0.24799778604153033,-1.2595259449506528,-0.4963245277784303,-1.2127845019720116,3.9994759039074452,1.974339987351371,-0.7727932873479233,-3.491913574159941,-3.1669298150143526,0.8039059242276743,-0.9839793574273443,-0.4644454813410306,-2.4999888785079474,6.3114376080624695,-2.670694580480408,1.5346180481433045,3.2844813151518117,-0.9083834017101946,1.4420341028620314,-2.6820554839647297
3044,3.0787834617495022,2.812977789845874,-2.070223071550778,-3.9564607342881963,0.031727182994818026,0.10319537124934008,1.9103683529585318,1.3908553059701987,0.30254745959119234,0.45285621406233467,0.6050283887281456,-4.661655721309792,-2.412132371773785,1.280054062229766,-2.0438015870313198,3.9894309340817777,-4.2163275699193505,3.402776532413398,3.1139696096143687,-3.3782417520117765,-3.88110631165841,-0.05362470975764033,1.509998183288026,2.6890049805248957,4.6661722326175905,0.9204497569047483,-5.999272180542022,0.7590502761014992,-2.930408144051258,2.584008058971225
3045,3.6534497612026193,-4.070832159176057,4.342773872337418,-3.5224546210101373,0.9178336296639773,-1.3207704830172666,-0.4886667258352695,0.7671467410259112,-0.6968314858285902,3.533277784693844,1.0479169419924688,-4.162843256047733,0.2620112995942918,2.2419019974761625,-0.006942811625375356,0.8269254564366442,-3.8966942262212996,0.5727982843400579,0.272049963545431,-0.9515803229535482,-2.7584195569523686,-0.821609091435386,1.2898712549186495,2.96968775287667,3.608450799354582,-4.537463679129296,2.9360766973232195,0.010592014260699223,-2.5329263684773426,0.515270536669922
3046,-2.921778328926882,2.0765208561924027,-1.795828450633742,3.9137190130745907,-0.15512335982305325,-1.1175097298827943,5.169635797401977,-5.886963836298182,-0.32638417014011,-2.0688518193278185,0.9006191869866189,2.211944841378134,-2.4752922104155886,-0.7362058449583344,0.3106512227164586,2.504173864211829,-0.025799170436329177,0.42247213888242996,1.7592374096442533,3.211723701593673,-2.6084758954432647,0.7249470637952697,0.7846816537768202,-3.8721139333673094,1.6181498769539466,-0.5852882740117025,-5.70781365295171,-0.20231036849903816,1.7042395175749974,3.173022900935287
3047,-0.1332648643181038,-0.07747858731907442,-5.820929626392012,5.7675567337194416,0.9273157773676726,-0.663199433057434,-4.084321446760569,5.29632175380555,1.0837816152863553,1.3503417609443424,-1.0359126326189454,-2.6102110506561083,-3.566748846709075,1.7706078508829144,-0.8415837893322617,4.120880232730812,-1.3173967823130042,-0.16575866525892735,4.023982122379753,1.9198113720169054,-2.1267885617467215,-1.07167717583755,-3.2331429472531834,0.4878151904402337,-0.5405513764876559,-3.4794249953635656,1.3058625760309255,0.18756089992637293,3.170913805301666,-0.6443609094059148
3048,2.695210442729209,1.8360608776262737,-5.030912856519599,1.2310643460876207,-0.9273998333942841,0.19597702347126678,-1.4575122776269431,4.841602699245378,-0.12208536339886056,-2.608806778715147,-0.721621914672463,0.06842363516865646,-3.0643450658429394,-3.757819627803217,4.085061740044303,-2.193891360065056,3.9092310748013936,1.021763238865958,-5.4826969277097035,0.18367177715275496,-1.718437529697951,-0.06209445672289071,0.769911896330715,6.309645240646468,1.9629694930105615,-3.6896990867538833,4.724427948943841,-0.7697694093245717,0.38429856545701213,-2.6122275113311453
3049,2.248012831430213,-4.965203401188667,5.6655401433567185,-3.821416474331226,-0.11880715292405553,0.9918740536575257,-4.8244411577773825,-4.451512575739088,0.44111068637901507,3.568773554270358,0.8855585160040054,4.3805109768637,-3.016399474226521,-2.9175383247636546,0.6278011931218117,0.11766417172512433,2.277769370096941,2.910703064046757,4.338169907252613,2.318086759920469,-0.35013856066797366,-0.3877484417314827,-1.6546713430339004,-4.26369832174035,4.131345739168648,3.100812545431161,-0.36668683679251046,-1.0326097987458205,-3.0085557208962435,-2.824305928163426
3050,1.2609783752857666,-2.3365832876210035,-0.7518640768753571,0.19531098446219275,0.6097513056498194,1.0224066990990863,2.5533126567368463,-6.1082084174593305,0.26885869989938715,0.7368871116136297,0.039160351154963635,2.509989598055121,0.8528802863055134,0.047795090672785534,2.829471220125967,0.19866871901621153,-0.7034722161737008,-3.2253430999463077,4.174367351163358,0.0038424800529668346,2.189953196837866,-0.9444548341977175,-2.0132510545990527,-3.4104571392580425,4.870618512185182,-0.4005984172919881,-6.04224327362672,-0.19135488429697833,-0.2281470057909747,1.9917250688232713
3051,-2.114250259326349,-2.734560242334929,3.911467340516527,1.1176385710391905,-0.03189835324147183,-0.1483970566524757,5.206638695627497,-4.611885961259549,1.1675914029873988,-0.7009922083815034,1.0421152104850995,-2.1034671394582922,-0.5610770738817621,-2.1190065554670454,-0.33410611755433095,2.598232052316355,0.15298936790651751,0.26296832668072057,-5.872712145195919,-2.3188887480490887,2.004039514615613,1.2255476733436126,3.08955166547301,1.87246203981217,-0.7464788701993648,-3.185204433573073,-3.0657936067608986,1.1476618069346713,2.4708619242776066,3.3789531793228846
3052,-2.9006814124775335,5.100671411685237,-1.2599546669547976,-1.220581803705823,0.7146750438582568,-0.43412857240483227,-0.4819255454072078,-6.110590940797511,0.855592604398467,0.7602265601830958,0.6239084078630412,4.352788913760769,-1.2870430637180164,-0.24573550327059834,1.0544656345585537,0.29050404209864666,-2.771355349167667,2.959164239499536,-2.4796061736223933,1.140393690400769,2.5271726688008016,-0.8513267904360191,-2.7876059025912063,2.4509725074474815,-1.524427677325118,-0.8433303718582223,-1.8086433887577371,-1.190449225570783,2.579957860582006,2.786892802931696
3053,1.6764323329964732,-2.437348006616439,2.866720275611261,-4.110016849197109,-0.07673291409201988,2.0809451612983754,4.05361419124598,-4.899790150719799,-0.3473701155033009,-0.665898852064597,-1.1434340804364465,3.0028790074788105,2.392902684247158,-1.1088703217419198,2.1148424529038827,0.701851128148892,-1.3132920089759814,-2.787433934581589,4.981788675038551,-2.6165668152070847,0.40106592604024627,0.0963804534924746,1.4053369007344099,-4.268005140099191,2.5972241947975228,-3.1305151098419515,-3.8488275959118496,1.0638954467273898,3.5379188845236627,-0.2196958202929462
3054,1.7511289609135616,-2.4331818524092697,-2.6075971184570435,4.419704581281636,-0.11335030629134435,-1.0167042650370135,4.616820064459695,-4.739141414910222,0.9973354448481855,-3.4834533348706973,-1.1229933309592388,3.731432571432947,-3.261700588361977,2.386846917647521,3.6071182643654502,-0.6134098995433526,-3.9257259038703953,1.8068712097632016,-0.30007406513499646,-1.9912799596701483,3.406897241897802,1.2299521983231907,1.9570828286889945,-4.3025782441054155,-4.879055500018472,2.4365982190980766,4.391593002372659,-0.6104324722633221,1.2606993530371184,-2.5994026022242505
3055,2.520190506001981,-3.0476446697949093,1.3327027681148103,-1.6070698745423968,0.6446286136180492,0.15719265660300508,-1.1109646496694907,1.9974413182812967,0.8179039271367294,0.8953494156175381,1.2394992640340705,-3.839229275399486,-3.5887803586031453,-3.0253219364040387,0.3839664478970377,1.6498598065698538,3.465018736770638,1.115257303770104,2.2092857945913806,-2.521180367506153,-3.6753188774479266,0.5181206713006157,-1.2215437283312518,4.690636507392753,-4.839263640937919,4.499803025488674,-2.047821809843011,-0.9313571765167561,0.8433804018662183,2.4752591999446167
3056,-1.053965198793227,2.207054846037259,0.1221340958180086,1.2761501057563294,-0.6706419332968796,-1.8807319155209807,-6.030006201600806,-1.313971524131194,-0.21272004474726547,0.7634668419752657,0.9772848880760607,5.8159460404285745,-0.7670144853532754,2.4908356275797736,2.872910026368203,-0.03140616768786941,-1.129086375179602,-3.4362386257268085,3.6256071208097644,-2.5650932488137173,0.871412756099943,-1.0428059007571493,0.8078985311909967,-1.697019258530414,0.7964078591108752,-3.0130828144021216,0.832547500382077,1.15630611464651,-2.0725810200293484,2.300402360293848
3057,-1.5332618166859078,-3.9789048262555866,3.897935129780624,3.4284431013494583,-0.10446200767761127,-1.7097495805104703,-3.438779022776675,4.990809613870741,0.8468487282480206,-0.12840886810136531,0.8012243819460663,-3.0716948331861573,-0.12012193482342681,3.094155406810845,-1.3778692967482833,0.013364084141262111,1.0284010354613145,-2.6379292948413102,1.0550663499623667,-1.1167133640208657,-1.682264200031808,1.143635924303795,-1.7434585780387692,2.343733867824696,-1.4708272826859101,-4.772489131950747,5.674164749863607,0.6092446144459132,0.6526237188367663,-0.6927166685078099
3058,3.5123829723292275,0.48498417117595594,0.2996801081055622,-4.00175431067068,-0.015903607767041805,-0.279389333172519,-4.044600232344489,2.7098477541166233,1.1640906803330981,-3.549359000624275,0.06660070783530436,3.6534200906843353,-1.4856223196854188,-1.8265743731678175,4.150819475072161,-4.099774576072058,-0.39900826447049553,3.6601600583240383,-5.936040472741897,-0.7990538617144907,2.336921592278877,0.16874044393674925,-1.7565369953095935,5.985969293549751,1.3660008921271896,-4.098488905541421,4.4686283624445835,0.00877349221545387,-1.317907153025729,-0.4270066882182384
3059,-3.3277079872982647,-1.3581311608707765,-0.26282762198204423,3.4606600015115454,0.6730514156553307,0.8149553529847076,-0.9191630579952594,-2.905089000450605,0.03957520488129518,3.5044198414428784,0.9844250725609829,-0.7041680604387004,2.741221662970016,-3.8057402831947567,-3.4032295163747026,0.38574724572442776,3.605223937884201,0.47677695299121936,0.015214735278785696,3.2455124323268265,1.3477029361917587,0.8586372870755099,-0.9517063228904075,-4.515361067983072,4.584625845307684,-4.551801122171238,1.2449680150207847,-0.628303748908249,2.2112657689131083,-2.8607547581602457
3060,2.521928180605549,2.7574408284968683,-1.1791207957830743,-2.482682419143984,-0.9629269498823954,-0.6546388442924567,-4.917403093849838,-4.558054618607073,0.9809584193492231,2.0454529701196265,1.1786843414888954,5.270361981499764,-1.9773963390134508,-0.03991269833450417,1.9038709873411506,-0.10881212175169352,-1.3845912321229914,1.6068414038818588,-3.215756716575619,3.2201338450625805,3.232632277741846,-0.946499441923331,-3.1617209933542583,0.8712110290481512,0.6640764217205053,-1.4344901216464798,-2.939917969220083,-0.22504140307188525,2.9344958072610083,1.0008772649587705
3061,3.5925395800213344,0.26604444620212675,-4.18998142672875,1.323758685558289,-0.14079263993102797,-0.8515686451214517,-3.5802172006533866,1.8402489046418467,0.31365404707630784,2.9169876091982516,-1.0383439143962687,-0.4523294458661695,1.3019754187655934,-1.428495628917915,3.304837420657293,-2.0026250547072326,-3.6778804120171618,2.5021882562197995,4.968690208090045,-1.8820863651234596,1.748110477665346,-1.0016683561267041,1.4571195959504184,-5.290165560456291,4.23163426188286,-0.2892326800484568,-4.1326310183150525,-0.8645617808403685,0.7525634286887115,0.30222778863412714
3062,-1.2312999139781766,1.4093819862309083,3.631975017696039,-2.1184969083381198,0.5237864712275271,-2.2153466528376846,5.496017580612381,-2.2389504039704136,-0.28118088524594764,-2.7393330566050373,-1.1821213088273455,0.9455680740369488,-1.4546003204505595,-1.1200584469281498,1.2774375027593479,-1.6008061839569319,-0.3503302210005117,3.248357669577196,2.4817438318365426,-2.1762589436772473,3.5934081142445677,0.640491671058669,1.1059879649029245,-5.645372638366126,-3.804492389662528,4.608092497147229,-3.364908177760025,0.025434803612725432,1.3689413917960707,1.1669318748683501
3063,1.188282536490206,0.4602179932814039,-2.154963344241491,3.345205800880663,-0.44916105373747994,-2.3895819326728294,-3.020247088589489,1.5660911520559075,-0.7516257312798755,-2.1191177496767963,-0.7532464628349134,5.078145880325771,0.5152757070515612,-3.0731391544205344,3.3142722649149903,-1.4394131791472269,4.109053677269337,-3.4260493156677274,-2.5271105865263443,-1.40451540854178,2.368087033307731,1.1886037365509692,-2.43425611424008,2.8091913394488586,-1.9492771931005244,4.53586700565112,-3.505949111407933,1.141002153413356,-1.7045949879732678,1.4829521334190936
3064,1.5894021710630035,-1.1624008474231786,3.337551476686386,-2.7850678822868993,0.8761139151838888,-1.8555988332226967,-5.441703439060056,0.06317851957518883,0.19833331991230718,-0.6872323653273895,1.157045537524949,4.710378427375595,-3.9422659517232574,0.25062708237937414,3.9070168420052482,2.663162643720433,0.7028646726868111,-3.581405289068213,-1.5370617430347622,2.2059421180583776,-2.800069682263608,1.1979950920297124,1.3682531644550586,-0.43505894924540556,-1.378723388295004,2.1341328716960852,5.066887417045972,0.1432495021169169,-3.6705617167991615,-2.294984685762925
3065,1.516695603211133,-3.872821741740644,4.163011776457321,-0.31411807846257034,0.5307439724631262,-2.023511531927886,3.8860590915386304,0.7825657887624295,0.3317699399749321,-3.3219706290148547,-0.6388154647924731,-1.0396087264680673,3.541314558794415,-1.3708080722173879,0.0883422909938929,-1.0772706130960596,-1.6735415140012933,0.49196334952685383,1.620607527072714,-2.013227765219167,-1.5636859156508613,0.7007072989877932,0.8693259768658059,0.38627287794311016,2.873149966145153,-2.3590721914160326,1.9601773108113605,-0.5232831706779395,-1.4497783065743786,-0.5011936082862896
3066,1.5547127673911412,1.7152119057336677,3.175076562890723,-3.967806643606817,-0.08585668680687752,-2.391337905601347,-1.4371833843197095,-5.552366670125057,0.8469443977944158,-0.5615307984712832,0.9048073896676581,5.799329065454572,-1.4141789289393074,0.5463505631168708,0.3987913539293757,-3.7076626903439145,2.1177216536184176,2.058978048618961,0.4870168781862958,0.6736476703569263,-0.8123362061925423,1.1312485426704875,1.132395722148658,-2.611972607170472,-2.259008364694626,3.065666074995441,1.3754001131122457,0.29726996030221287,-1.1021240954183593,-1.3772036882950207
3067,-2.1266106171552384,3.613142462504136,-4.428060712807131,2.276810402571165,-0.042700534819352765,0.7074189997069045,1.1096446316621211,1.6291578582105508,0.6644337194677368,-3.333639361095006,-0.6089531473450256,0.539356299100195,3.2085544466162936,-1.7196244106020373,-0.5287045157195998,-1.3216871658512535,2.214680085316317,-1.853218439759324,1.9312428117284917,-1.2613348267606597,1.2339010894812752,0.561588875236616,0.7281504187678429,-3.193548368454252,-0.2738320276941799,1.21095170698824,-4.526116696092814,0.751412403841627,3.6964242751952945,-0.858839662236246
3068,-2.7637496927089042,0.9141661678244262,-3.0450066619892944,5.3247228487879,0.06395865346671137,-0.4940913153803326,3.0473445036655242,3.1877886183328172,-1.1420005679889327,-2.2535815899701657,0.6333125397204515,-3.472863503759143,-1.956159121698855,-0.5609876492558108,0.23141907322008493,-1.7701202967112462,2.3917483924147973,1.6640996020314418,1.4108099071198268,-2.713230693152356,1.866502511109811,0.2514155167447738,0.3052760437475861,-1.1207732855703512,0.7325016003517817,-1.6331763384603235,4.237421556938219,-1.1728556113494477,1.0040290285970208,-3.167920236075286
3069,0.5204929326873007,-4.844590584684777,0.4589090289010649,5.03695127731735,-0.1760821166907569,-0.9956805375296494,1.9670674838826017,-1.3019941234946408,-1.2251624284366098,3.0854164230392342,0.9969646103446435,-3.5222919653346807,2.9482910755809293,0.31002736372519735,1.5633536722948485,-1.2082007518125195,-2.4271494385096517,-1.1863219212783829,0.9568795117493991,0.14362518451344997,-1.243270853543514,0.15899074096319676,-0.07973923514884795,0.06351465146562418,0.530946016271173,-2.822503519221357,2.9394096069142357,-1.0650948667262812,-2.6627811064915257,3.080023869255747
3070,-2.325962872863794,-4.397155676801727,6.186097970909259,-1.3727899793007197,0.5223869150377864,1.3874236430197442,-0.5175424088676124,-4.504394571609907,1.0600709537922484,-1.4038786383656685,0.3436795740047529,5.022065091046702,2.349818888219218,1.8610198823827169,0.7169261274004732,0.3395947305325997,-4.148901070821534,-1.118458557713092,3.251294175405331,1.0070426605475546,-2.503751393541304,0.5589488686579189,1.897331362983218,-4.210865674053412,-4.208851093569045,-0.1518278235573831,1.1222843705712613,-0.5724542989101096,2.588717489267797,1.2221313561994371
3071,3.0235656380025056,-0.7004216231313016,2.1584182595302224,-2.677433124615149,-0.41849700547441615,-1.3856321443113249,-1.3481446651494942,-0.47588771954772113,-0.5127405159420473,3.325136719812374,0.5316299370285691,-1.5199937562011492,1.6456853455298202,-3.8074164620889555,-3.9766548085938833,3.7760259150267643,-0.2808396415448762,2.643199651671498,5.912552257753465,-0.27367130280245,-0.5209529862961517,0.8723668621317291,-1.934115546644481,-4.056179284142814,-3.11862419139624,-3.52431729045977,4.491451656966991,-0.029376477967090864,1.3802777443221927,0.8005885585358836
3072,0.6712285945915362,1.440255112748595,-0.10305761812214342,-3.372410138155921,-0.9761171890078963,2.3401012379463957,-5.409234019627888,2.1510253302641082,-0.6793960157758301,-2.462353424289148,0.1622636587354238,6.23769447069386,3.0949342134246756,-2.037794840099089,-3.0986105023236448,-0.06549373903744993,2.8601687977654535,-0.7532039297295618,6.217869232210244,-2.313216551539572,0.2911289182252297,-0.07562557905307177,-2.0257553402099546,-2.0944006796335692,-0.7485485628386428,3.5561291113895237,0.34650401638489825,0.8337636932641734,-2.833638258059578,-1.1542100001384092
3073,1.7545257914713588,5.562551695954081,-2.50795843691564,-4.938809420945109,-0.06390205759648149,0.19359242803230892,-0.6771602933088943,-2.9281426316386785,0.7003809356080364,-2.1771999377590774,-0.03205895752192589,5.11418088462111,0.8898115186970514,-1.2180300751639894,-3.8804188477245667,1.6472514884513352,-1.0318351068165068,3.59322102255706,-4.292518395157117,2.7972786431930707,-1.4133849112458403,0.9425572129044912,-3.0810940059969436,5.047161456301666,-4.533420796237907,-1.4486840868312783,2.6906428794352735,1.1009483887046763,2.1524936575089306,0.038019957422307016
3074,1.371908074799677,-0.8220100284376954,-1.829862508626583,-0.07329739720285744,-0.3015996855966323,1.6548615450646107,2.9490961783107252,-0.8854994282579298,-0.5017750414472708,-3.5651338313909147,0.6689167116584356,1.3343954111275131,-3.1687553230017294,-3.453539885409242,1.0671060742039984,-0.327159774850287,3.3230050073631894,2.559343901694472,-0.4754476431593915,-3.0119192997634663,-1.8873487441349521,-0.8119742433104742,2.5306082473168274,3.6560816830507896,-0.7310168857917958,4.458578181736382,-4.267609755264104,0.789924925617469,1.564856973512228,-1.8147334398081334
3075,0.4624359838444434,3.7861487782350345,-5.07142567834358,1.5990222656008193,-0.6712540383612065,-0.10492731097500396,-4.3494493740784534,-1.948284048370322,0.07441541353020309,1.9731410495405655,0.7412958483635927,3.5088811110149862,1.8759522921619443,-4.18573799274732,-1.569785941578104,-0.1333651504375517,3.0980162633407673,0.9149205292606606,2.3140842259617997,-1.5755471411608966,-2.059501532550554,1.105245828173099,-0.9062332748968309,1.121951894472705,1.1843308357380167,-0.1235542025821772,-0.738433646952835,0.44666730119146525,-3.1553070519682596,2.3862967645758104
3076,-2.6035616599752007,-1.2458570498739192,2.731366196146446,1.3136846897416845,-0.025908907555113325,-0.16972326848343222,4.332626050464441,1.536975822694579,-0.5467154772697587,-1.3469113390729532,0.49993670683120417,-4.4759117636469234,-4.0607750443546955,3.9449443873952106,-1.2308987749213216,2.702021010388279,-0.383246632342253,-0.9720449461648126,4.172013074536881,0.5607723493244023,0.0714073785466347,-0.4761646070746357,1.1515677791404642,-5.479595974474432,-0.4933799064283768,-2.7038419484334284,5.995365691919858,-1.2257680499389596,0.1250557813177018,-1.6974315684347996
3077,-3.1571963792381315,0.21563539234464102,0.6199809054891148,3.6408224146154105,0.2237180970715933,-1.5429604302821716,-3.898213301543617,1.1886541473764183,-1.1626858116260257,1.953387009534751,1.010483231351392,0.9083747249076808,-1.4762499366277577,0.9925143405011774,2.1610201210889635,-0.9584678648258063,-0.5065107050663649,-0.21230595506980876,1.3830970373540126,0.1829043475701564,2.9762743111121743,-0.8970349419254173,-0.6293268771596168,-3.0159138769519984,2.568576407180334,0.9456093448957255,-4.665682908946021,1.1210490084350084,-3.4849899788561043,3.5154381272930166
3078,2.1695324720712357,-5.041379964968616,-3.4831524071308664,5.740684383937129,0.4581087169171396,0.1562067991744609,-0.40511375607478683,-0.6546786866649121,0.07774410921822028,1.5618317554314274,0.2619221282808821,-0.8417055501902055,1.9754393572006776,-2.3026106213577737,-1.3376806566293382,2.364498709254974,-1.7156455655251097,1.0159987770569678,2.3583798052018885,-1.1448326214682947,-1.7112518819465503,-0.15626802558180852,-1.0700124091162184,1.7239851329102827,2.8106870519964318,4.856555044179515,-4.2522770106511025,-0.6930362710366396,0.23368574600231895,-2.9556145604885042
3079,-1.2351731318120152,0.05990547294381088,3.0597665137703203,-0.6503485905302284,0.35086081127293944,-1.5850110756443065,-2.7313660352211997,2.207233328660447,1.1596713958265248,-2.3821806235848353,-0.5217834920869144,2.268425426406612,-1.1308770464890365,2.928188024851039,-3.9608608257024454,-0.40776404374013353,-0.35537739974827787,2.9266912908292326,-0.008771578431236549,1.3996440700504174,1.9146389911037396,0.6633413689611221,1.6808874887008596,-5.649740340385595,-3.909641189158741,3.714965423081104,-0.0009673774710883265,0.33431248024917704,-3.000876101913944,2.8622067652155465
3080,-1.4728993729771886,1.1841551472584548,-1.1252664205196226,3.591367571470723,-0.9567889385207737,-1.220567986711039,-0.3277343776843118,-3.578379626107264,1.0428180353226164,0.9700195016954591,-0.7352176639393448,2.6284941307134595,2.647260018197226,0.6764997196170661,0.31670164296294345,-1.8327471474044064,1.195258434053173,-3.002972667425597,4.142141548813353,1.2408692953960259,0.34362017426957436,0.5763123398727599,-1.7572860850900582,-4.545657273262375,-3.313392070267721,-2.9191600463221192,5.3103467970767255,-0.3485203741113079,2.937934787003808,-1.6672090933773305
3081,0.7348933952738914,2.8456886507019448,-4.401036539708812,1.8389273578785357,0.3538015893080728,-1.3722744534530609,1.274979990812227,5.932448146841459,-0.28418624382237745,-1.8395308841432296,0.766883143573498,-5.850594153260964,-3.51391125689417,-1.952695611620415,-1.9940444881019221,1.060383783163715,3.4950205507766725,2.9052470226765053,-3.850192114641029,-0.7457978301181711,3.1437426776069444,0.6701683760791459,0.9446283005843785,-0.16254940951198904,2.09925995246131,2.8257242337438413,-3.036753535140452,0.4481873088291932,0.8325402076418271,-3.168958167533658
3082,0.7577465558289553,4.0271170948381645,-1.8784946703857592,-3.507853852360359,-0.3075229478717636,0.9090078199513201,-0.1467050939971628,-2.7121928563442133,0.03862608169225901,-1.3387645915899995,-0.27342666500934776,4.432463125249079,-1.8652164227437584,1.1367748236433854,1.4276888258952525,2.668190327170599,-0.45191099371017174,-2.915526560254934,0.5205059422038403,0.6223544880209584,-1.9499017720766751,-0.5789843295669366,2.648181729184479,-1.2621560577664042,0.48326514866034387,-2.7343381159064464,-3.2931695822635945,0.9478745916855029,2.080943228864875,2.515424728961424
3083,2.9695906050204925,1.4586559298186046,-0.6135492094082942,-5.885893679087097,0.3451166452673231,1.7260797083894772,-4.691117202208595,4.578136083831296,1.2070443171490393,-2.6384496384476055,0.5562783135387424,0.9881081261377389,3.551582359409398,0.5994077159612488,-1.5602071834061118,0.3910765251520374,0.017915874768945628,-2.999775291885106,0.20384375602213112,2.0900024804704067,3.5345340357147847,-0.9605540038329581,0.22552820006213103,-5.0933544684372265,-1.4338984653682374,-0.2216708278629369,2.9914739221814806,0.27333129420130753,-1.4615648679202238,-0.14767105522928858
3084,-0.87290689830043,0.5364793116438342,3.463442809356849,-2.8053786136222527,-0.7250748379943988,0.4034382289169347,-0.1893607224748095,3.036323660028632,-0.9123073708205478,-2.0692043435547394,-1.0565517205606167,1.1911004973826778,-3.001374718366689,0.08801667376412325,-3.86659542461396,-0.5114505477575477,3.9162263260676617,3.3751776909068134,-1.5042082541280273,2.737646001684759,-0.7055767155996779,-1.212288962244946,1.3336304537495316,-0.6492025234623284,-1.1467913996506383,-2.7727558484040244,1.0006940383989438,0.4176805151165377,3.1324393203699614,-0.6312666258286974
3085,2.1677195827027624,0.7688115652063523,-4.7049859334434,-1.041872915526806,0.8280450364528962,1.982282664608734,0.19253229655756243,-0.9830982660966257,0.6021397274961329,-0.8902309295624473,-0.7896829316981941,1.8683401033041633,3.1747224139470873,0.9579355037888853,0.46117900493964115,-4.1816468873328745,0.4825828714863931,-0.8947729068286954,-1.758484021636324,2.9344950516431787,-2.9166397256001524,-0.25738400890295043,2.0060081096675333,-0.007995405171982384,2.488688343233555,-2.551073256162706,-2.294787764332611,0.7229780469127061,-0.1042008658278668,1.7383954961789954
3086,1.231000588206829,2.6248992235750634,-2.214680801462052,-1.2044913491153935,-0.742269643313652,0.30554198210974803,-3.5638373210688705,-0.594641436451866,0.9553878793574819,0.05527939812091098,-0.806158103473396,3.953969583516333,0.4889444225972177,-2.140064410767284,1.1295236965897821,0.8753140548661342,1.8974375495759546,-2.2511553128613944,-4.600306431992696,-1.613422378890002,1.6369435592479462,0.46667489906123283,2.8744318958681987,1.235678456704587,-3.1534543462435813,-3.0025107979611896,5.611685815295036,0.0021123387213570766,0.4751976704698748,0.0669693197205774
3087,2.6643016490828657,3.8397843366678757,-5.826613063108635,-0.6793971766157583,-0.317525074813211,0.31944932878740673,1.687928170174331,2.4733063091563885,0.6678731297472309,0.5781676899681063,-0.4289905215728691,-4.978284777472627,0.09177522065487764,-0.07714605483787906,-1.1016289248464588,-2.5223991765087224,2.2113237022637193,1.3980752332748914,2.2802272329309297,1.1784817997360477,-2.063721942110904,1.1444862275177705,-1.4404449760509372,-1.0990283420236793,-0.5639959389888958,3.770235830767877,4.796643943609521,-0.8101316872930706,-3.507349868504221,-3.6854022795890984
3088,-2.7855597705654205,-0.3366698323946977,3.8440386797451396,-2.327214376178528,0.23624900581212893,1.369156293581904,5.6083560606085605,0.20848446801568343,-1.03261958109908,0.5365260014906532,-1.2409270073127296,-4.0798199417025245,-1.0207840133702923,2.6063436975477074,1.0110163963385226,-2.2140875754095504,2.8256273951261477,-3.2081159002321424,-2.003510514773801,1.6107282596903278,-1.6675120735792355,-0.037390694040836614,-1.4998689319959322,3.5975539546987214,-0.053126288154480505,1.526988476133461,-4.3428418094022305,-1.2077067161511144,1.2836223553411372,2.7930639822352994
3089,-2.2266042395197996,4.71157790511424,1.0408485225386137,-4.728222874179899,-0.6523112566025135,1.8547119426498835,-2.0736962487244774,-3.703487960512234,1.1841840053373138,-1.3500283537499058,0.904728525235301,5.038300032414568,3.919088651430222,-0.8165104969949013,-2.8647246836948845,-1.2393888273082556,3.00101632032327,-1.9994809637550333,-0.8864152653347013,-2.50395847754902,0.12946034328684064,-0.5333155873785538,1.0025988792808072,2.7916301076938907,4.083210905961447,0.11683449515706812,-1.3672197367727854,-0.4383543876965268,-1.6998253420139928,-0.694645934633142
3090,3.6895867308482266,5.214591289700653,-2.9979354740082194,-3.865991798771528,0.21316021561503362,-2.2534109633835957,5.7980933518273226,-3.2790656911714464,-0.6640138478545987,-3.1559859578707403,-1.06508529001113,2.366057435081178,0.5143246699042585,1.8364278730237515,-2.534266351245014,-0.16542104373109723,-0.9795308241629925,1.3284656762115006,4.4785402334336055,-2.312791754927378,1.856836428945467,0.2071245191304465,-0.6670589294557221,-3.562650497127173,2.85514214978571,-2.515861272595096,-2.9106384590239394,0.4839778178963412,1.9497638458903914,0.13761591804870044
3091,-1.7804208091565155,4.548149999886977,-2.9861854120648097,-1.0387206243721927,-0.19255397758579162,1.4497308232928905,5.77594244627354,-4.6819207038860355,0.9910306654750087,1.2087418304655877,-0.5122315748695181,-2.781562663457951,-4.15009852959299,3.570093742322758,-2.0759288647809004,1.5399359386702045,-1.5148439479937732,2.6308416613751042,4.982444318107472,-0.7801602260485048,0.37693122544252944,-0.46232534839285755,1.8614416331489512,-5.978331602258354,-0.8194897906586185,-1.0060226296120938,1.3882605467029627,0.2130887644006494,0.618482608500738,-0.3943194993315391
3092,-0.9570840346026088,0.07368811049937918,-4.612752490992833,3.113198323723534,0.415735180850878,1.9672149105221983,4.2011684200871855,-3.612538496311803,0.9910738259707443,0.9413988841251477,0.8380830054978139,-3.3591856393684694,-2.1400826551008745,-1.5530427102887963,-0.8372378102066591,-0.5629426032935747,3.62914662392188,1.4641591549684527,-2.3835410047160543,1.6750313250402655,3.6415705957452325,-0.3452546381626007,3.1849541424162027,-5.7727604203238165,3.887097193577386,-0.5084766494206328,-4.044968352496824,0.7594247715343956,3.4302722144399205,-3.523349177632179
3093,-0.2710956708791308,-4.016748323537616,2.695015750523517,-0.1235095711249663,-0.4943572327111183,2.2106950477298533,-0.7374058360548084,-0.9556653501412669,0.10728971368994777,3.485390954475527,-0.979706049244073,-0.919903432724702,2.036010432620998,1.8061774997855515,-0.806763559873648,1.5533734874705694,-1.6326873809465958,-2.9561104790564414,5.493052377187848,-1.908141070366792,2.693238524155902,0.3913039811578498,-1.8449032983252263,-4.824550513810355,4.288135487652976,-4.140647128160895,-2.33837819610158,0.3431914227188617,3.0801089592490563,-1.2324105453563643
3094,-1.0889502191975424,2.375698097036935,0.2724684176244274,-1.512016532635677,0.09334746225978874,-0.14054722508739026,0.6208666812978763,-3.181190328527016,-0.9857212118681202,-1.8950744714604557,0.9736492615465258,4.46747006901181,-1.663109623259718,2.9367061112550736,3.695703871288945,-1.9316908041219598,-2.347892389737062,-0.6897171654248382,1.384728027545517,0.86596485010433,3.7055688657027197,0.5915433274083961,-3.0857909158140817,-3.462014154947667,2.5021634249834044,-3.5676159418783193,4.1932610501505465,0.9102319496571596,-2.3376055884409617,-1.7004348944697991
3095,0.4821783085801332,5.547475887339893,-2.437915738991496,-5.072379083246343,-0.08487327625299601,1.5655139025713858,-3.183741692647324,4.359293716809873,-0.16623301342752317,2.6494040804699353,-0.3380348418665582,-3.3206882493377847,0.5912967458452165,-0.1126182902376236,2.6970437828867198,-2.8999464667471173,3.306969468629152,-3.582745240375898,-3.57072034485617,-2.4749684142640973,1.3789313446077571,0.8411690391606363,-2.68666385964133,6.512252234992417,1.814707893130855,-1.7568768348766959,-0.7111847719190401,-0.24263461213450288,-1.6116438346731066,2.5076321604745466
3096,-3.2088159021042824,-2.121655775444321,5.784225710297953,0.14589240761278433,0.298077245416815,-0.8977236857783772,-3.996113375881574,0.005925024938466805,0.9312640477427623,0.2590234576719066,-1.0107036125911826,3.810604458120256,-2.2766683876712595,-0.4683676234590557,-2.0136381409703183,2.704957538406944,1.7421708528979742,0.3115457607961396,2.299184813688381,1.9615708322851777,0.4046003229850115,0.644990427157083,-1.3489648855004859,-3.9613815106159542,0.7662608861500217,2.2270829361608726,-0.9563700226774827,-0.6483188046428552,2.156112888932764,-3.5447678839212493
3097,-0.715743305940272,-2.0942998265441304,4.053877973929023,-2.3633115992643745,0.20685681152641688,0.9126199462939173,4.314752611373709,-0.8600245323628464,-0.853832651632171,-0.3615946821801952,-0.7148728628599299,-1.5244278823379354,0.7367027747527892,-2.8029887425425475,-0.8361765564887627,3.1952123607350735,-3.791398135515495,3.4986482990593686,3.8102266753751195,-1.6875965859500983,2.5563125269980382,-0.1643018928816824,0.7203513109344435,-5.2349920344765835,2.2387499017988297,2.57251422579996,-4.550069874956886,-0.4628859146918298,-1.7774436390648862,1.979135301116905
3098,0.7256603493286775,-4.213467654137265,0.1763920189825292,4.873870559368392,0.24157673330973628,-1.8040320068514824,1.6221555894358488,-2.8978650085008226,0.5209717497549722,1.995835972278833,0.5530871526146797,-1.7941854555828698,3.6024254622292595,-1.977888520229513,-0.43871542335886105,-3.209606533260011,2.0107011959533025,0.013083818666242308,3.6136515403511353,1.963004161455272,-1.8435105904567592,-0.8497668838930927,-1.4007293852868479,-1.4826488421704411,1.6170748389468734,1.6341247600364142,-1.3243141912322294,0.871401248565645,-0.8362286955500267,-1.9620579607645592
3099,-1.276090760547282,4.5848383413839,-4.723975309038526,-0.051209269449817185,0.396073825364748,1.0703631722875464,4.40911113573155,-4.936805484663299,-0.5713782499186557,-2.9833442667241865,0.10198695292897497,3.9804299126462936,2.2439686522033817,-0.6249880796647318,-2.455652961114968,1.6192982645280587,-3.4094548563039915,2.6268289803526557,-5.722949180614744,2.1519907712103965,-3.966069089682165,-0.05956797060118202,2.947598754493102,4.6489967151938565,0.48322148252695385,2.549055792373558,0.683582436240961,0.760647397507868,-0.8414707129728196,-3.6350363956743976
3100,-1.8850299477556156,5.276385854413512,2.203339433447038,-4.355074594824547,0.7052371957799846,-1.9448579410598175,-5.357935001066885,-0.5758991948566923,-1.1410589854568256,2.2446798006419115,1.232240163219016,3.5979732175201455,-2.751518719156028,-2.7038021049505083,2.197746574780279,2.8594658691663675,2.167354487325465,-1.7692461071651682,1.7505222999460557,0.15130509375176437,-0.020353335017071927,-0.21728920350846437,1.0042388315976272,-2.668423686770687,-1.586944209808177,-4.775878045715087,3.9551058142965267,0.28478162213696834,-0.37856885771847537,2.5015036768103727
3101,-1.4017091137407132,-4.528912002157174,6.168542118259971,-2.06231435615663,0.6197763167035841,1.2046170370914773,-2.685152875834074,-1.9672095881585818,0.32050448534593734,-1.9709783632055622,0.11823751366054225,6.184598828192392,0.3489886210183144,-2.5066951213122177,-0.6949813428790463,2.3278772113749007,-1.6582251896585785,2.183035821457036,0.6762320279222536,1.6468884347218768,-2.329688855269815,-0.6730891871088787,-0.44869008920857745,1.128347668942343,-2.6722865915780076,4.378456017448478,-0.2219136175110279,0.6062420520911616,0.2732403099363374,-2.363738170384826
3102,-1.046603103988362,5.080553910700413,1.1269204179298917,-3.788336105201765,0.468997139406095,-1.8415322588457812,-5.701863704015608,-4.312490104265553,0.9926277794104683,3.2367154168100427,-0.20426199727474614,5.989272609336062,-3.311828902173854,1.3104153996971206,4.08104273731681,-3.57715601902591,-1.0948700838817231,2.5923968680679828,-0.7006915998292698,-1.7880604504944646,-0.9511569654583738,0.38571282191449097,0.07799604745413724,2.976200146412662,-2.5528408091242483,2.4169698500173276,2.3351943298541578,0.5742470248029967,-2.0221392655428367,-0.7514311300052814
3103,1.6801362559481063,-1.4565533174560095,-3.0990175818033165,1.9590469572408615,0.6011369818990326,0.31525070417184686,3.223054001414237,0.3457414649231083,0.5046177480591316,-0.8158657850385769,1.0183505063173452,-4.2758979356746,1.3580760642153855,0.6346354728810404,-2.364290034637863,-0.1353077770110005,0.009158201467478477,0.4977280730853799,2.1770733327752367,-1.400832013542047,2.4247770443986383,0.0607686506411671,0.6328999360108654,-3.8946869502846795,-0.2170668216550098,4.256585138765381,-1.7613923261040512,0.14165124694200415,-1.4208242965820812,-0.9989529413641147
3104,1.7879959953354891,-1.641367342791252,-5.675256763254787,4.947422092533234,-0.7912423080560709,1.3724483262339024,-5.264565743404216,6.132554545271187,-0.7861444558532344,2.6675039035752732,0.02001301736983141,-2.7693612669582173,-0.995507400475411,-3.5202162524236567,-0.11796973704647584,4.209216077558608,-0.8294160435611566,1.253893355948506,-4.9550642054699985,1.8794185265380179,-0.5435474246511429,-1.0862506606629143,3.21068848319506,1.4947552810501605,2.0541154625427005,-1.1931296733418009,-0.2584149135711158,0.9533737233659112,0.20766575252215702,-1.7636103515157124
3105,2.9184935043937514,3.7047890713164833,-4.565649644334641,-0.5993303115625963,-0.6496170019393461,-0.808685617873147,-0.2128643831154875,2.617164511998922,-0.7772020007197824,1.5402890947167798,0.14161000034496407,-3.308997223224779,0.8308339159832769,2.167740403284675,-3.6523198017243104,-1.1944336095221217,-0.3899418220147943,2.2381209139937113,-3.8839325441835015,3.4030545020741947,-2.6975177687725758,0.2487786253273958,-2.47492772215373,5.404544907707411,-0.8305430304877994,2.839546022991012,-0.8742747416047756,-0.46648260121300034,2.356155633799922,-3.0244012834832414
3106,-0.8573241044564703,4.25508591321962,3.079887890368866,-6.2454298247783235,0.7990144147674165,-1.031234289120606,0.3797326389799238,0.9716791818391144,-0.7116776793219568,0.3985064088513042,0.4183905635943246,-1.4566311139421444,-1.3967959280213922,-1.8811353834842244,2.0755015750454433,2.3189821211516843,-3.251008646307424,2.1344562616163714,-3.958901851481542,2.5326777105666274,1.7154137068909456,0.5406619743267402,-2.150270501110949,1.3204189608073769,0.3095103042653804,-4.750561320183737,3.7937615784325622,1.0857916220390829,-1.474878764891292,1.036376580340125
3107,-2.2558623764105743,-5.210184089177673,5.602466653157016,3.5681231007014134,-0.9320711488037361,-0.772472139465961,0.7680611875736219,-1.9734363755760391,0.7130754151192855,3.5287719354334612,1.1049944915129277,-4.1414666540626754,0.9322962347212531,-1.4824700677564184,-0.8141286034455035,-0.5047249504303615,-0.22286186192453883,2.0918892488360257,-2.523164662422559,-0.5405935018901662,-1.978051168297176,-0.930874578193464,2.013746349806917,3.958937560995647,3.9027004768829983,-2.156250332981198,-1.0632807414567331,0.2526935522551881,-1.3673844619378457,0.4315215072397365
3108,2.1066133751607943,-0.2073409905798762,-2.2582771423494314,1.4454018159202633,0.7433200582190529,-1.8297171163703094,-0.7849725566262791,-1.8339543429364653,-0.5032433760504595,1.3053814450537509,-0.20295024713651078,2.0197390776965563,-1.9633681420883686,-1.0742899174301996,3.4654926266287696,-1.2158126442272934,1.3005174942373188,-0.5125394171197613,-1.0529049905959056,-2.66555195694408,0.3406518129763114,0.9585497225179402,0.7983729242715683,1.620882487773411,1.5624537207742648,-4.354203519929801,-2.9795501338606734,1.0450554765129239,1.8932863030003837,2.8329581535050394
3109,2.800945729185692,-1.3860310218004557,2.96014404969371,-4.772003903599863,0.014758941828567629,0.3821862046928537,-3.280148580139187,4.697893704726596,-1.0750786923486775,3.613207613198842,-1.0797457256600493,-2.8761283197769423,-2.370146877321032,-1.4340374391792672,2.8111404293864624,3.1452325013958244,-4.0701817513515355,1.9179931370700132,-4.776394160131673,3.2431545012035663,0.7678279287767822,-0.7252694904916073,-0.5367005670096106,2.027381787651784,4.544899268144253,0.42215051281115024,-4.1352066896972985,1.019460404788866,-0.9875473858127837,-0.8637561102320532
3110,3.384043185137969,-3.6979417677248243,1.1438324953104235,-1.6579342207940542,-0.19703381164719747,1.025034119718157,4.353224234825703,-4.120492599231284,-0.7931301518184357,-0.06569525021804523,0.1199362398474717,0.506157526595171,0.8810246090703409,-3.0345118079340683,-3.192767688413717,2.2212744235186754,3.7778852135552903,-0.6529047497960718,-2.138284242073823,-1.6089478306050644,-1.5164796903623081,-0.42533262400282634,-0.20061217476366267,5.889656561806916,-3.7957095426193384,2.85254407396188,-0.1445022518707475,0.16531053769003812,0.3399591850704553,0.5823979977698563
3111,2.948987463170301,2.8207862454778976,-3.0034288812218968,-5.419142902150572,0.8538601598494746,1.7989379148753066,2.5439775879015016,-0.3178700952404263,-0.7775334655875294,2.4691698707687273,-0.2801696957434574,-3.6375742020982464,0.08710276840673359,-0.8849013399495291,-2.8026099252727708,-2.7056691361341585,3.1398487660134613,3.1662288669367165,-1.8891501377515283,-0.3905425871668573,1.594813990168543,-0.6020215907563466,3.052801339958801,-1.7659010144533909,-4.222658572479583,0.8488865533922834,6.124795112381925,-1.071541803025406,1.1747754254468745,-2.8542567157139622
3112,2.2432447105155404,-4.350178925200574,3.1255867680568983,-2.7958687476655264,-0.39061982553192487,2.167836019826108,3.58927109310099,-1.7324407279294185,-0.5251717481749445,3.525413257785985,1.0995033427510057,-5.956575217533054,-0.12465536250694242,0.8093194291412402,0.32856620232752576,0.05685826105545644,-3.7606937599652888,2.6906052299484706,4.499022548582804,-1.9349585225449228,-0.46720331112639,-0.38744081395199537,-1.8704408985608332,0.16102099760050592,1.4303638822930118,2.1040650525761,-2.648973952074627,0.4929248928329617,-2.3583601275257795,0.9799802519004785
3113,-2.318002466624531,1.8066655825518012,0.39116701102677354,1.536303679121751,0.3162291854518049,-1.732362991527074,-0.8543584045798696,3.571606765818931,-0.39682266896319973,1.7931835199080304,1.0140221960193863,-5.127631408202724,-3.792956368693975,3.527371043549138,0.21065381552328688,-1.337089511954618,-0.6214722224237015,2.0134932440003404,4.884706236557484,-0.7699119138365607,-2.2502873349213726,0.3219108172963061,-2.8725498140142474,0.68613200891755,-3.5563076770033497,1.7526536522116594,-1.20471195509079,0.3148622011342068,-0.24161848769449001,2.9351222664449033
3114,-2.9427072793877116,5.4556095818330945,-1.6888958746415135,-3.3102686681656266,0.7907442450391025,1.6955179953231898,-1.3218198564284442,-4.829714177588919,1.1872720277661752,0.9731104070109211,-1.0221507852701315,5.013302384510936,-0.28219865570400415,3.612669881378249,-0.4258163393304706,-4.240216045812504,3.42511983493419,-2.089558675464982,1.7342274118630598,-3.141750074340413,-3.288880994151466,0.7082530261887046,-2.1560393248781224,6.144189955317422,0.1830496510352937,3.845300117278967,1.0840646280449882,-0.3774520967451158,-1.072518063927765,-3.662444235684257
3115,-0.7292597160782535,-0.07704278110001184,-2.974908965896077,3.598211444767589,0.636046443939887,-0.4530464256326052,3.026263581106843,0.18354144027967223,0.0695300803165555,0.35001359642858887,-1.0960551570420556,-2.5332935410890407,-0.09134450758938684,3.898915270149267,-0.20572277007633133,-2.3151393189375806,-2.1992941312060346,0.9125854576605779,-4.543817614035159,1.2976490825097535,-1.759678692082698,-0.6130656982973539,1.940433903783072,3.678479018121589,-4.215988584714092,3.0062888940728776,-3.553268254938864,-1.2062554444563545,2.277163053098384,3.692060336940152
3116,3.6684108890066582,1.3780590808764295,-3.859442143972025,-1.692045500374313,-0.8691008255150274,1.3741184999787937,-1.0271353998374835,1.541846001188187,0.27126148530989,1.320317726825369,-1.1230136525842944,-0.9832761609011023,-1.425496526922295,-0.7639421617415003,1.787825255205334,-3.112505678080325,2.886003969479848,0.6281151420594338,-1.3099843570225893,0.8028858969360133,-3.0406294923093675,0.27775041968575476,-2.8256954197916038,6.095672952500998,3.4214490352205758,4.685527582791625,-5.099536994621253,-1.1478198114444425,-0.04145388585929588,-1.818165926085097
3117,3.412418968150547,-4.244636364514321,3.5212716902572296,-1.9893796178238752,-0.5524525544784766,-0.14722212159059822,5.594126485277435,-2.908571761391052,-0.47163316227540797,1.0081735977267563,-0.6921062438807839,-2.5299889154563786,-3.518210799578439,-2.1768629309389347,1.9571485009315026,0.39798220884468094,1.4717565759601356,1.8681864447815215,0.5146564653726742,-1.9493037299763003,-1.1799375124927156,-1.0815776792506155,2.1276208371403413,1.5685416192058348,-4.025560705134113,-3.539216743621701,1.2181056070101839,-0.21693340216411094,3.0972448545821436,3.4663603893296973
3118,2.9197309191162404,4.6968657232696565,-4.289637177336559,-5.650943580288402,0.37264079979245635,1.9513433154471151,-3.7854172054137187,5.784536376475824,-0.8679169901944102,-1.4814568801579018,0.19829295940593905,0.15196173988486095,1.714155751578037,-1.7389242021089046,0.14852685791451847,1.1308799723538492,1.4954302905517807,-2.750068670288794,3.266033216471616,-1.0244309126509705,1.286065889177273,-0.5503401974057347,0.5053391633455622,-3.482667158938554,0.0669718495529743,0.5534879525829339,4.279544374337675,-0.9833054891686404,-2.2909655608305517,-1.6257331264722623
3119,-1.3472355146205537,-1.0882456384434676,2.6688145366056624,-1.5783376658317536,-0.10689922177219291,1.4519035040627664,1.4998394343246346,2.5633139043559368,-0.3301946088701042,-0.6842891265810618,-0.6878161712144735,-2.360853432014359,2.0195005557985475,4.052251545321049,-3.709766528135038,-0.4473299670686579,-1.0802351409539348,-0.834420464961493,2.678066984262312,-1.2438440280659844,-2.3350306829958463,0.5950155340486019,-3.1384687569709566,3.4442609497210697,4.654650895840717,-3.5262778691269006,2.845030897817143,0.5178067315831578,-1.3779540025498314,-3.1132566535621926
3120,-2.7497115948578195,4.2418745860694145,-0.45507542667862566,-0.9093349433599016,-0.26229704703510115,0.13454442586251147,0.17394966118545696,-1.835343872694807,-1.1251691463045383,-1.0575223837212953,0.711554383782893,3.132531357752825,4.201213323457345,0.19030049586008602,-0.9214364627527232,1.1673406606522292,-2.713803395144195,-1.9236146220722912,-1.777918266652474,-0.08074840364011315,-1.4205021280560786,0.15684997455744565,-1.4661575398908546,4.588476363681259,-2.7920492278235507,-1.2651255413783389,6.062758093834098,-0.45810569301743875,-3.6033420496560886,2.0558644180433916
3121,3.42715387731446,4.99932217508762,-2.9024318752537646,-4.489638849773634,-0.8696659646478144,-0.1647393627264151,-0.7968039257558956,-6.057368010450116,-0.22978074690067984,1.125316506049387,1.1039452115844526,4.854690965473413,0.19579462879361031,0.29393475702675076,0.5680539376029152,-1.502953650441782,-2.526040618566668,2.9712109455856073,-2.7259224636540047,-0.9115976764678493,-2.248427048354891,0.8822349940682708,-0.45402927608576604,5.4577414704934455,1.9518055352815473,1.0004035041476236,-2.5868446978838016,0.6200666885368804,1.5591182967179087,-2.544549326798071
3122,-0.06591751788899813,2.4808433202780336,4.091188866012526,-5.736051874646961,0.021708946767180493,-0.7917717405212858,-3.982339409302053,-2.2270415511513164,-0.3872206070152622,1.649577518691931,0.003748269688883532,4.943275779088378,-2.4936675425751247,-0.22391424525480375,-0.19182400440043068,2.38050346922833,-3.0819887323959776,3.61089105539844,-1.1974256460011468,-0.9843704430888511,-3.6901464287484664,-0.21085662455389542,2.558702576138087,3.5240965662534762,0.22754957953900856,4.412339525925415,-0.01821901746099286,-0.13339220450734057,-1.524732647061228,-2.9635452364327755
3123,-1.4817397759847513,5.697937712664956,-3.204426217820167,-1.6982627460344837,-0.6524081021281123,1.3388991293030372,-3.597040783886566,0.17547221508275967,-0.5400016044887739,-1.053312777899336,-0.7847699483975932,5.799652899590065,0.06916273606809753,0.8234651056979345,-0.5144007843785232,0.049905945134813834,-0.01575099052246287,-0.4123820119994335,2.756527806745094,-0.6930192396779038,3.36294101941445,-0.8452745764287588,-0.6548223510984226,-3.9263526589552598,0.7954398992746654,2.617897364369494,-6.087030327303744,-0.5429292494748132,1.1245231113243506,2.0920992018121183
3124,3.3616781152067077,0.45849394255746745,-4.228433709199297,1.4608428364491708,-0.0036737699539877156,-1.048907415059535,-1.8923089119324388,1.6519157706584089,-0.12473630618763565,-1.0627272117386557,0.40485965228786025,1.022997006913016,2.7718012950135815,3.4960147994467583,-0.6354395655236758,0.6036261853353224,-2.684069616606001,-3.551933097665543,-0.5940988403948673,1.8693027117413834,-1.0179030266319877,-0.15637973518074855,-2.917152394370021,2.8162312848354247,-4.77375974486932,1.7509935877898712,3.4641313964161853,-0.9100624701677278,3.390798229223776,-2.9221009983906843
3125,-0.27347428180964073,3.714247407109376,0.8015466170947718,-4.219710686844728,-0.6045930880228789,0.5819840324736205,-4.224504203707163,-4.105733478764687,0.40166843668767793,3.1286696493398587,0.34334810125200654,4.456551495192837,-1.5447894131347226,1.4056753071884494,1.917242850673997,1.6919180105924632,-0.4425537095213947,-3.027493045798323,-5.404955826432463,1.4781640573737125,1.1491366699029548,1.2386107979639736,2.9504834324675073,-1.4114391312765342,0.0873019848869987,0.68614823880689,-4.7605247302079405,1.1190060681411973,-0.1754908157722177,3.043559254147162
3126,-3.0310834989653745,-2.356283139499528,5.953230864253435,-2.0575201035500648,-0.1511573962546373,1.6428132740166959,-0.2566008637568835,-3.989708314649512,0.29830632220341613,-0.1429388751062035,-0.49968655785741234,4.5906282891671175,3.0198007000575764,2.643931715862557,-2.8412522249459347,3.0717664198898227,-2.525145301492694,-3.3691013093708566,0.17510825467118707,-0.670285396149847,-0.6185239200002286,0.33627906815694963,2.4603752856633108,-1.6829532923422548,0.540528777704175,1.5442053100946147,0.850714016576795,0.013277593726028769,-0.6376075082710937,-2.311118189828411
3127,-0.0042879550572951786,-0.48604338066656894,-1.536624550142438,0.6859686035620314,0.7616078440943452,0.5793794382104416,-6.043825538554742,-3.3235407325611632,0.4347444277915171,2.5972652657624415,0.9530713203103378,5.382285257252136,-3.111250253155502,-1.7355337159350572,3.76010309665595,1.7048815969027125,1.3088958796134236,-1.9270966040810986,4.224073013878858,-1.6819559656066758,-0.47713546581890043,1.1326550850795662,-3.096989256207575,-0.10064741132617172,-0.21161659039180947,-4.509423454881766,1.232985274862184,0.6984394112421288,-0.617509007225328,3.4071243663967046
3128,-1.815127198083493,-3.740130324140317,3.265238707079618,3.697139043672852,-0.6169808124915173,-0.7901394160366166,-4.971199785273715,4.951574273617112,-0.957072589633241,2.890007432682758,-0.46482857518458953,-1.4484807562078323,-0.8621170833208502,3.4846281099040013,-2.969251775112804,3.642729690755793,-0.2687096267464568,-3.0272793154792357,5.7966142612755895,-1.7011209900258777,-2.6520026078574137,0.5214596512560323,-1.5073796250892286,-0.45757068956001845,-3.150530981208224,4.283128888034234,-2.3136808522988908,-0.4613490966082807,0.4603035889976006,1.1821284530856921
3129,-0.8342002507046686,-5.5321799077133385,1.3487268125051912,2.7644515170761643,0.20626242289021146,2.0469394059470094,4.107311861872748,0.5332315136238144,0.6586428559227144,-3.2475996867091848,0.9500517713746657,-3.0016383160842928,0.08013482614994416,-2.227567537356407,-1.0826563686679762,3.679214817737435,3.2299958984131756,-3.6791216362757115,-6.052313421211078,-0.5434765698539472,0.36655900026989485,-0.33684458057165045,1.0076559213666538,5.558419649999223,-2.889544749081015,-3.8616318572501065,1.2346095980902092,0.28505450551674993,3.271096659289821,1.9604158434364685
3130,-2.733618338319035,0.12870391908513668,0.04834153137215935,3.618974832581916,-0.24743714126353455,-0.8149648034560553,4.390284192751377,2.794028385093636,-0.2203854717059297,-2.290203703282204,-1.206142129019121,-3.4675812738373004,-3.4021235821983424,2.876536190779916,2.212451313902349,1.3031366351481246,-0.5016747606767673,-2.488325796954838,-1.912803028821127,1.432477400262048,3.482662513152288,-0.20621824512028475,2.037862499084037,-4.833981138557839,-2.4092068146375,-2.68386605175915,2.0336633546688248,-0.8316913229591174,1.6575453643550269,2.2335554703340392
3131,0.5555890272293276,4.304892893744679,-2.770867593202585,-4.2884604902703565,-0.19847479981896554,2.397320962318471,-3.9720961792330023,0.8630477749879581,0.7755788421396295,2.83775559514811,-0.27296682880974643,-0.23131920423247365,3.328746636421073,1.2653346757737154,-3.306744924025134,-3.9754537668826035,1.2956609255375149,1.3924564531758996,-1.84985767561081,-1.199958186737705,1.5267362455190536,-0.5264654132100484,-2.949089686922651,4.998634716961249,-4.237184322957871,4.579977452149162,-3.2125598657315955,-0.6282161991022148,1.4722250286500085,2.0257579069946487
3132,-1.0887348507490522,0.38041463314402435,-5.9378839458875525,6.239449308362126,-0.4053094737513607,0.8120643288823874,0.4118035757949734,-2.3758410704488284,-0.3422029153145587,0.36697772301305953,0.2384021700153216,1.7008605169405229,-0.8554008997994202,1.95490655137338,0.22485322192198254,-0.7883920382127165,-1.62486735998643,1.088900524703643,2.124850982898092,-0.24344916650040638,1.5999648362399483,-0.5807479006596941,2.953622637550872,-5.85424138952974,1.2166968471158377,-3.2248841856299535,4.8001628586439935,0.41550289769226545,-3.167682949608084,-0.03979546821194546
3133,-2.267125796768269,-0.91444311076323,-0.5390727216232598,2.9035472364906774,-0.08192387842390758,0.8990182710885524,0.042777793170888145,0.12609874954681288,-1.0764789491355535,-0.4304674326223239,0.46472327153420423,0.8733465675064878,-3.8290179954004646,2.7945327310178953,3.34333395090254,-3.2020466066642665,2.1428292455840037,-1.2496313254392923,-5.13403999317681,0.015483111247224457,3.634904503621595,0.45563826712806943,1.029257026973987,-0.0012429157949647163,-4.132369709876285,-0.04202464631199376,5.033054501469628,0.48851327143061507,-1.3148314838377253,-0.032341932872135715
3134,1.5264098023325872,-3.3382721719855617,4.479698845100298,-1.295263544837173,0.17323247674651254,-1.5458054073560845,-1.296329797820455,-1.6910943782620826,0.302139702310793,2.33531437196644,0.4212039229841045,-0.07123382117830346,-2.8043097402925685,2.512657402189518,3.6863095169986195,-1.6857838678774257,2.0295732817077194,-3.738446592725417,-1.3610546747857093,0.9253194592371727,-2.667877749441322,0.7256314673662265,-2.803942889923814,5.181924387546509,-2.1999086337491747,-0.8460188638685295,-1.181509557326148,-0.6310293480184317,1.8036824808065361,3.0547839221578776
3135,1.9199014611969645,-4.42145011748087,5.5899171941970955,-1.4015363965524266,0.05836827435007441,-1.7452004157102632,4.630480092194752,-1.0672585979720246,0.23937408770340252,-3.662129576274488,-0.49189480625370674,0.3514288006025481,1.2769631106640738,0.02882715908088329,3.204626174403117,-3.9632632431968737,1.6638983999666372,-2.211051600917431,6.073911280104763,-2.9559151096241774,0.9354289328570715,0.46921511402315286,-1.2859321221195135,-3.2367080952422462,-1.3583757108929007,0.011056750710867647,3.907497011890335,0.3446094525709684,-1.2662401460682666,-1.6385473582088768
3136,-2.3950760906798934,5.515669317808072,-2.191067368944765,-0.4226700537695578,-0.7100928504794797,0.2032370460661621,-0.8540763695602358,-4.148118924345603,0.01893436789363001,0.35260107775943084,-1.0700681808044017,5.700728029057675,0.7270136357312431,-2.7950087244063955,1.471623835163804,-3.635375733363084,2.0326006599904716,2.1991463268843283,-0.8604265229092896,1.2829153975923795,-1.41221838271864,-0.7210222473182402,-2.6055329656173,4.316284720970149,-1.1915135864493713,4.16066110880195,-2.44302852600903,-0.4649006525952002,2.0496538090158545,-2.1108721527620986
3137,-3.359369725268282,-1.3463152281181614,-0.8654288211800498,5.791163606590047,0.2261016653586272,-0.44615149738165627,2.2461772672420075,0.670146788476,0.6208342448796467,0.70335483735564,-0.05650794446398244,-4.184005193488829,1.6228060382719356,-1.606652229365256,-3.008667938368701,0.26114015171545546,2.598381284203711,0.13299269354324927,-5.732519556168235,-1.060224395401848,-2.5198853088783455,-0.37119593846749765,3.1259643437523827,6.557860855162588,-3.612322270480128,1.4458294473152478,2.3760091506833234,-0.5301228437411574,3.7349598017849885,-3.4143532855602015
3138,-2.888319580322337,3.4271746795305376,-0.03513051277025525,-2.4324598833074838,0.6002747625762681,1.3284605342938036,-2.404921088230502,-3.0108638541971295,-0.6541087103780594,1.7214199241967556,0.8901089496666632,3.4583647789427374,2.1197060431017007,3.3143632469021327,-4.200515660275659,-1.273529228093473,-1.804702716240282,1.844678314605936,-2.43604767558271,1.951157610242447,-1.6497814067160839,0.497693835826964,1.1300419829765218,0.5069356532518796,2.7427075671431425,-4.389794919303338,1.479857370374539,0.9295664039643192,1.023822729095162,-1.7861591512717663
3139,1.0879599071065051,-3.0827692166195675,0.9749598063547751,1.8357909330132713,-0.5961766736493512,-0.21976475620509817,-1.0392025567023637,3.9274682177976423,0.8073475516732529,0.23299075541399716,0.611673266065119,-4.540277234247149,3.700977891513599,-3.9163344290100373,2.341643665944808,-3.6245952701159663,2.73523974861585,-1.2369316069479037,3.8466191631127558,-0.05814501675181205,-3.733433168048224,-0.6887446784604263,2.1059168231496184,-1.4722131230028914,-0.7864095751846314,-4.847710538407631,4.45131596227926,0.27265507146029133,-2.4840458984270875,3.3941949782818597
3140,-3.7336462679461793,5.53141259429913,-3.1109793058101687,-0.24782870191095085,-0.7527722414770084,2.3138139228456964,-1.0465649931707617,5.16556449014103,-0.9071720703344708,-0.5913984388999065,-0.41339259470429557,-2.207036393031089,-3.1039049228537188,-2.833999731162452,3.8094783226837663,1.0497336021437356,2.5031050382982443,-1.424412309109222,-0.7271077582821519,3.3535638434562323,-0.2218051508385379,-0.030331673167486528,0.10015407145052535,-2.4744733326195387,1.0955897301093813,-4.379212942284694,2.0642506775198335,0.5414073069755201,-1.3818341734688477,2.059799401150876
3141,-3.3397012686811927,-1.7547388095992424,4.379315297133051,-1.6050669017740766,0.2348337426328797,2.0853579402891604,-4.225193147768437,5.411758939999952,-0.5053040270372113,-0.39326811901144154,0.3783907830377986,-0.6663844292201517,-2.879744900469687,3.6214928971949867,0.25171705074795625,-1.5602711752377676,1.0463726868934522,-0.4795665591285836,-5.870199384045716,-2.1855376483660702,0.7487396578441015,0.07454652327293942,2.762589791244256,4.469861060049524,-0.9428434832572066,0.20500679548912615,4.2920441081191285,0.9388727701248394,-2.379432807756512,-2.1136473827173248
3142,3.4869771142200108,0.3436922798639692,3.1609465393205234,-5.382380743924731,0.16261275817950516,-1.771847947658694,2.65344456849477,3.607741650340845,-0.2031441903960607,-0.5171755641681983,0.3880579282868899,-5.928924392557775,-2.4939463223719045,-0.99591968827459,0.07131914792222815,3.8718519059660075,1.9171561775311226,-2.37046122077251,-3.4419747654359654,-3.4364812327863437,3.7670435978913233,0.07077842011906821,-0.15398097611135952,3.1946149563223045,-0.2084366158420501,3.4695459509314652,-5.6004794580398745,-0.856430825446223,1.767599906356729,1.4282010420419589
3143,-1.9165304269748002,4.583053087992827,1.8062374669720036,-2.7086836621091486,-0.4203604262220748,-1.3437160396582204,1.105335954923671,0.31326076005776926,-0.9972497362731279,1.7850308523083207,-0.8461811850234593,-1.3601966459927155,-3.3897230363402695,2.6995165271352413,1.9336100336295239,-3.309780248565401,-0.33197355574978715,2.398350279891048,2.3019075324076397,1.541397764301344,1.2176864550232693,-1.144260235694122,0.3030165943273442,-4.219748110366471,-0.5685948768305735,-3.363821217934248,-0.03963240065392526,-0.07476142419203935,1.6163176106364219,2.430492308976369
3144,-0.35463880379280255,-1.1351327593694585,-2.941241874760113,5.27033618711857,0.9959299345922101,-1.8352526837878322,-1.7003814188219089,-0.9492321040383125,0.5488863327173448,2.0332472490536304,0.9609682081132576,-0.893488267023514,-2.512212713038755,1.2190540771143077,-2.9350036554316894,2.1419425046085188,-0.031000881809418956,2.1172206685574118,-2.6077061766083425,-0.10708164633269135,3.8423975491307516,-0.5163984133207986,-0.19704026241925554,-0.414171050450733,0.2294678517870281,0.15805975918331328,-0.7044364137319903,-0.3216344341227151,-2.78598863343516,3.4245318703215126
3145,-0.48666336540020083,-1.6559723138174718,-0.4559279536530063,-0.017682441893157375,0.136717818713596,2.479528256050825,-2.850635390150064,0.6293842527662754,0.22416857711303617,-1.8006070998554229,0.8330567176623358,2.9646329424643447,-2.951730572446264,1.6956000403341847,0.4193230325981965,3.5528166127100285,-0.744364435215985,-1.9716446779797927,-4.381236322197513,2.1406920660028277,-2.514999543223704,-0.31023982836769814,-0.928724519805872,5.994508147590913,2.198790988070197,-0.650546191322654,-1.8230027419806163,-1.0688503840841745,3.74694308950874,-2.403334760189484
3146,-1.910676983660247,2.2485791804833326,-1.5376586898064986,-1.1052531553131146,0.7840972810680533,1.5209123672290605,2.90761724252852,-3.1283967633613727,-0.8526302210207426,-2.0461617195457045,-0.45482066354832096,3.5743921249480906,-2.7348645645998495,-2.5825225509037537,-0.32911207066452874,1.3545087662120245,4.0888677079057345,0.20312271205077437,-3.337966865157636,0.7964467221533162,1.5130200913172551,0.7569339625639087,0.8349753141041152,-0.5634092249820313,1.420641922196431,2.598454874928418,-4.4648670323267226,-0.11921295525101527,1.286838119196151,-0.7218549287412515
3147,-1.97810732781182,3.446661135863277,3.3791331251804486,-5.369889445195671,-0.6976025998281135,1.2198051117924784,-0.34264024609418087,-3.3595517380968616,1.10098289601906,-2.3149389395895454,-1.2080613746432656,6.124209402405231,-1.5285715225854464,-3.1289911044264684,3.848026192179997,-2.5393556061502167,3.991502577948939,-0.6426105369663855,-0.40726765730635606,-2.2314735397452434,-0.44472375378043694,-0.5648265282497968,0.49984619275821274,3.1484452863225627,-4.998904240633653,4.684988703893758,-1.5853256309290984,-0.8651307087052196,0.1668073784261228,2.5975644979501524
3148,0.0018976384331654828,-1.1103118889025794,3.2738342949108308,-0.1371160453720357,-0.49919961776021005,-1.529104381308585,0.5718016043500747,1.4516584815501687,0.5445771299482551,-0.9485705301826499,1.1025345027835112,-2.7220011884488926,1.4093150440924624,-1.7435758223890225,-3.8423734026378877,3.2664039865159644,2.794416064087539,-1.8841858696686398,-3.9174610778492394,1.5014477203787688,-0.2745230053595815,0.896451359846723,0.7238807984799447,1.0702042045023248,-2.992838529136968,-3.102183798737233,5.056913375747868,-0.20058429041048687,2.3452321004912378,-1.106538857952355
3149,-0.24812567645763295,-1.5771633284690623,-2.8095152618356742,4.513214499147509,-0.4842154199239932,0.605805187539417,-5.8314003661234075,6.246840289455832,-0.9416431744140299,-0.006445955623162192,0.0311477309935686,0.5015014757116631,-1.2759257644882176,-1.4394995748615873,1.6509522992288694,-2.138922097236163,4.067958924678166,-0.8645637873206606,1.1719248882256466,-2.1554428467485955,1.5140131264998935,-0.9914347268604295,1.0431596579790892,-0.5822200990966628,-2.6811697705987747,2.4767496935233986,3.6621798396095073,0.16722845474616044,-2.1354198886970472,-1.4895683285811856
3150,-2.1276166861294232,-4.406009370227718,3.4060958282007228,3.927173966981794,-0.2072171578424582,-0.5924265809823606,2.9814746967822394,-1.6309590494294532,-1.1298920710762475,1.7771000657990434,-0.7262082075592922,-1.2715154345158481,-1.3609568560422822,-0.23899783184447898,-0.4429712467702629,2.529074876380321,2.776015028022261,-3.2621639697451865,4.4353498741709565,-2.4241563036772256,-2.9195941284308464,-0.8267009465174704,2.7341285096913133,-0.9990270052377497,1.4153204611509693,-1.1770615267252715,4.239106862851372,1.2070235691950613,-2.975632730786284,-2.7087566356837733
3151,1.3709149971434265,0.9932716707664895,2.638091425831707,-2.869047324743917,-0.8135834233513966,-1.3196473456457625,-3.429811861940106,5.372769892004069,-0.3411062937113005,0.3281410013839299,-0.6311833194521146,-1.2988094182840655,-0.8725616221421326,-2.9529546007448264,-1.30266138579824,3.855700581358203,0.8812855590250521,0.3911914683023259,-0.8695074819040975,2.399268708025417,-2.532380803314215,0.8430344335269169,-1.300544000477931,1.4601291441428685,3.5957023138777267,-4.7592709853103745,0.17173327519886428,0.37768578843973355,-1.3020950659578556,1.9162446737539724
3152,1.9534126315657367,-4.074623734935791,0.210123023136223,0.42119592826373875,0.5831840430872215,0.9067081088834161,-0.9095410741852525,3.793187835376422,-0.751337877371073,2.48082741532091,-1.0209453099845707,-3.5921909891560233,-1.7743516297555182,2.1793892116021354,-2.633252815885058,2.1358182319422347,0.4274554822522809,-0.3350584801556913,3.658902566025894,2.5423902553992797,-3.449474529470331,0.41947746640321437,2.902538093732119,-6.073833852091219,-4.402700033766386,0.8050713173047939,4.742363935975838,0.7088001092009604,0.8845767387857304,-2.73811206749885
3153,2.5967762304117663,0.469700177913424,-0.11946639223016575,-4.487492493353994,-0.5642046013657771,2.1046870786252985,2.049099097751469,-1.222022353118433,-0.32393125866933303,2.187594650200893,-0.2607271954474477,-2.4300129407167255,3.702746673423764,0.959554849675019,-1.6278196328461423,-4.152792307278334,0.9724226554521174,0.1458877615739329,0.018200823232572105,-2.069776470919191,-3.6482061011577525,-0.6710635033780559,1.8082660676335944,4.56257918458779,-0.5990546308227209,-2.135732128038935,6.128693291192562,-0.2720052782622,-1.2914497752717153,-1.8304514787949167
3154,3.2094668640704604,-1.9947580919692989,0.2683860530144031,-3.4012716140668893,0.48349265964271426,1.4346841293091614,-5.239810766936948,3.588245635588791,-0.39836262485097507,3.2340737372805393,0.6859382269371199,-1.8700842080181204,-1.969930230465188,0.9622192348647651,3.0365578324341556,3.507758197723593,-3.7292515494705896,-1.8073534850863862,-1.4780235429356097,2.7338993142019774,-2.6004499249038755,-0.6908422872387074,1.0849782617112282,0.9504381791639744,-3.443762449485309,-2.9461322589216614,4.658326432459294,0.3486814251983157,-0.321699852746141,1.7045867034975508
3155,2.909254159291791,1.2999401789885923,-0.07455703894290622,-4.192120339760788,0.7326373034477531,-0.6751542630238987,1.2739688363854071,4.37183612585709,0.08346207560942531,-2.4550375070087487,0.11807072322357648,-3.392300254066331,-1.951019353257248,-3.0655032444117847,3.05097036428662,-2.664236391714864,3.9873091577158526,0.6424794673817296,1.9619728038932536,3.2967237688645525,-0.036303201545461405,-1.0767539815033786,0.04958325272061792,-4.195222642430583,-4.71853784025739,2.708568954877798,2.1325988901865287,-0.5946078651144173,-1.7102485914425234,2.1822264517520686
3156,3.336833854485569,-3.417996281746067,2.9017141525295926,-3.519676115593718,-0.25369528926878115,0.9528196795939508,3.676798182422637,-5.710068896746666,0.10962048523354984,-2.5990200179286447,0.5890686351882515,3.933601611831321,-3.460182555634667,-1.6638773976250505,2.6142223890362573,2.2138109955426053,-2.195625803387923,2.4916523720690584,1.5843742349221195,2.6902779061411195,2.11653858293079,-0.9390638081018761,1.202022270978187,-6.654149186871376,3.185345786446252,1.1616577613535775,-0.24695962163915297,-0.4640912709301048,-2.8545378748430394,-0.7814147803854397
3157,-0.5527896756590316,-4.443921077196105,-1.0943273533338527,3.3501002868416947,0.9836573580019996,1.7572804613458324,-4.737432988779883,-1.4736235421573838,0.9843298503092193,0.35430049168118316,0.019025298959677528,4.853400889987654,2.1660615162250956,-4.174322887548895,-0.35737680089061996,-1.9589327286727851,2.3274593809001978,1.9971115199873068,1.3238143333827779,-1.8572797378184074,-2.6635492836192487,0.13779014048178606,-1.7707982227590424,4.830022770331038,3.0931352078772676,3.353754876575902,-0.83024774783593,-0.6075168278723133,-1.6407919343918422,-3.3683335743509772
3158,2.1850544124051474,-4.726502710765224,1.0324939860009046,2.259057516819194,-0.08947328535112864,-0.6606299191083078,2.566252086996162,-1.7018450592894432,-0.58227182283626,-2.3993918648610375,0.39970436289854483,1.7175522970925208,1.6114452977285012,-2.7069054204137544,-2.0857591284013743,3.0329451368781655,-1.5921069166049442,1.740381030813733,2.7509290122637715,0.043747674375614665,1.4813086160814528,-0.3037401116413676,0.010353420387167134,-3.9825986114677576,-2.4205993823819796,2.694475044817519,0.5907025221082627,-0.9073841502470801,-1.023628244563179,1.066434210268561
3159,2.2728972714237727,-5.633231650201896,5.085854762851476,0.4637119787682771,0.12734866342363427,-2.316581026264675,1.8558312628518507,1.8885904193284446,0.948207772029277,-3.044553089790769,1.1900713258161142,-2.838147690234397,-1.591202836848602,-0.5517670626593691,-3.720763702064316,-0.2934659690867356,3.079664619781724,3.077534950877631,-2.7299554561082857,-1.7346986314165047,1.0900553750246118,0.26519503599339256,1.6970201730360817,1.4123835034696128,0.3766569319906914,0.7436157169464757,-1.0021204269613726,-1.060267343182712,2.0510091554347376,-1.1088940342257114
3160,-2.874651252194539,-0.3665477098010541,2.1590439555479612,1.1474106907262573,0.6594967884062912,-0.7247524726843775,5.286881436211644,2.148686715505171,-1.2184339834425324,-2.535484185601959,-0.13935146121348918,-3.542298521458335,3.647664241486943,-2.4502629940582317,-0.6678429007847555,-0.7541732245101969,-1.8552054971493401,2.079820375015906,-1.5554559855159908,-1.3385203885095223,1.7443199351856684,-0.7865227488232298,-2.4625305386291974,4.398709726291166,-3.6537736568642103,-2.0432321088661176,4.0991281305669425,-0.5000387465844565,3.0950323836752673,-0.9971160019253578
3161,-2.407082783983677,-1.5730270258178471,5.401999491712658,-0.45912685977220136,0.2410527823893185,-1.2038156045277102,5.023676225810551,0.5670197155006669,-0.2094733987974271,1.8847249029868856,-1.0448197884774304,-6.221127657022727,0.37228748994763095,-3.059561093048936,-1.6276418774764476,3.1011638584811543,-0.9258532844112217,2.139604906508115,2.0701611511646583,2.493967670647592,0.6416028742550353,0.3300851493142236,-1.9514901004295613,-3.58432674495306,4.771735721698729,-4.068385404890188,-1.2864387963933304,-1.1832494673613265,1.2573684472299504,0.5089694997182566
3162,-1.9741312717156134,3.97600901368477,5.728160183241865,-6.137828586393752,0.45353756432599823,-2.045746903142706,3.602638306648821,1.4186581487230399,0.4432177301065412,-1.3077935331102033,-0.2678138739453537,-3.8889067784223634,0.33997988654711975,0.33595901491793256,4.135067693882888,-2.6128669431595437,-2.8028343642794997,0.6046947120913657,-4.991933896544907,1.1736229827769016,3.774116670783304,-0.14530388835941377,-1.0925390724391306,1.2820372037821386,-1.6921251553405696,0.7702268912586767,1.7775949637339572,1.0120834294039636,-1.2874586407019493,-0.5803214883519914
3163,-0.7916581598897316,-2.4857558828209996,-0.3783603029491296,2.04194078876176,0.3208879398570441,1.2929456170416262,-3.6639779560089814,3.2828886598104745,1.0070502201849996,1.460155768730953,-0.25668090009356703,-1.8294357926234177,1.186275929221086,-2.8680465957809496,-1.1546555819356943,3.668495156031998,-0.17950836202647835,-0.6525605455096635,1.1733554683537157,-0.8459771332317416,0.8603724911347221,-0.6632192723569883,1.9866615680581141,-2.511193121958918,-3.7206171856922907,-0.8348065267703575,2.795202533669677,-0.234204686037649,-1.353864829160326,3.3482906939930466
3164,0.7535634286047035,3.8364002810031828,3.5199549008856437,-5.989573916282652,-0.33633180828486475,-1.7840128859254758,-2.2447526717340374,0.19059738580250496,0.3100386542517706,-1.8011226844718156,0.9078539499148306,2.6373853662372113,-0.35561677951446313,2.5608339109487908,-0.31554909346657567,0.4152701978493205,0.5937294191328988,-2.8986676549496657,-0.22016797436261726,-3.1387019830496286,-3.9793065000068673,0.25106074853416427,0.6407068632205952,6.44640884566325,0.6326375083565878,-0.3245600513049496,-4.447322365066668,-0.10711357085964934,3.089095077781316,1.1572634010954808
3165,2.230630052315142,-4.553341941079399,1.9681014933238394,1.807998460062965,0.485298770377355,-1.9386868349993893,-5.7338448611848065,4.2351053943802945,-1.1209867729293332,-1.2708337397427165,-1.1908696290899847,5.0814296085670065,0.7192035887792336,1.0298665950209234,-4.243646898770109,-0.5604842655064957,4.184850923771236,-1.1297899432944636,-1.1201717434463596,2.118539899153422,3.2369522732216325,-0.4173718235368211,1.6106172992682986,-5.4285659046612444,-1.0984445488876418,0.490853756104805,5.567119435521093,-1.1624137421361387,-0.5959831778252003,-3.2011317227748304
3166,-1.8374997203502268,-3.813184020446112,5.089430929010199,-0.6842627182302223,-0.8099811544292852,2.055496684446167,0.9905971885579525,-2.1497733573818465,0.2715563571821473,1.89370850177799,-1.0843451873522065,0.07825649721642591,0.9955306456314901,0.4598993843616519,0.6233929734907342,-1.6360205316600176,-0.8945337038108114,0.4517312319872939,2.325709185935228,1.294655230219865,-3.432950886491703,-0.9573355196903055,-1.4346054230300584,2.2045274130558923,-0.11182880473323209,1.4193661509512623,-3.894042347899184,0.06540048925587261,-1.0197532808599696,3.5408577932873335
3167,-0.33439944940815813,-2.971880947598958,0.37991475018139553,3.8499309457840702,-0.057925842783753456,-0.8656394561740726,4.3143080757887375,-0.9628376640585046,-1.0062202150257256,-3.5088453073131607,-0.33445236678914725,1.4980474773982806,-2.65741174609588,-0.4915421167895566,1.4491525476003524,0.9825937279366173,2.3187462171261473,-1.60153862977735,-2.9636514668328857,-2.6231175117187338,3.4718632266056133,-1.2343559770618153,-0.20458711779915184,3.5538488468059093,-0.2694199109887023,2.723829159974681,-0.7912928965450448,-1.1555266390320034,0.2019444995567099,-0.7095342129635771
3168,0.46196491858527367,-4.0317291965174284,3.6355217943508293,-2.484969100622486,0.28081782933659216,2.1383937548677245,-5.45083638197579,-0.37993262963483687,0.1858581092814573,3.410360202933621,-0.41233071998973436,2.6468814193857355,1.6001619842287198,-2.3485141833132825,0.6224857262100585,-0.10640510451505492,0.33860744463095926,-0.10633586724108746,-3.309367820402503,-0.8789986206947731,0.783691368927947,0.539783127037218,-1.355923099881533,4.220815045012561,-0.7086961828255518,-0.33964260542438396,-2.8759996214426877,0.9428599301747198,1.1919936368870339,1.7894848426328949
3169,-3.642523918454149,2.3287186647142626,3.9363967204413655,-3.5161711999466974,-0.8315382816123227,1.7251180148580563,6.0451231503134615,-4.880335771211065,-0.3592063505219425,-0.3046371994258781,0.10091391116602466,-0.6018577403201775,1.482574619136038,0.4667828506499738,-3.77065082475181,0.7428350295071304,4.079108864512836,-3.000650539053847,-2.3732837724086444,-2.348911957835387,1.9590199876118533,0.5265300147550187,2.9211966806354326,-0.6845509527593485,1.6073344976767032,-0.43181315741786364,-2.2405376647784507,0.691795160174661,-1.8565590486618966,2.229780213008876
3170,-1.8624815235529208,2.7309570775895864,1.2855883809988136,-1.3464605383795103,0.0916015078817658,-0.899204904537239,-5.343360588536466,-1.890312186051144,0.6995764371914435,2.9091506935637277,-0.37275978435915036,3.9977054281920275,4.072715108135338,-0.31843700446009393,-3.9323703172956694,3.2300591559459377,-3.0448497834069563,-0.007117158918207522,2.461245010144715,0.5747222083135508,-2.728482057715757,0.24003076571814397,2.9223410094002524,-3.46985693586198,3.0367021208541054,-2.6722486853691443,-4.371130018055702,0.9072742577613031,2.6728878416719972,0.4265144831394654
3171,-2.3857655280636667,-1.5789484786814292,3.139287445977601,-0.6413670746774223,0.03914465494908015,1.4276489804963237,-3.342587134489591,1.5983458962297128,0.9102601177773133,-3.3526949560429937,-0.04823160107469793,4.234907677600681,1.411860568492905,-1.4592224938778688,-1.1725386810199563,0.8247928917772178,1.6410449017982565,-1.2459371871701936,-5.0228296313067595,-0.08704380163332104,3.208539105308631,-0.7066940184587214,0.7149038224640805,1.893124523625044,0.43063848620588274,-2.047154980382139,5.933905304134093,0.7982953586750039,-3.02348789169473,-2.0921962769360807
3172,1.5168781792205976,2.600487119053575,-4.941796940968402,-2.026789666411805,0.6515778220553683,2.199643487051137,-1.836274842126283,-0.462058204871699,-0.363525069426613,-0.8656496469649184,-0.6775692138351932,4.205076977225136,-0.010434911702972727,0.751201761740468,1.9350891247200117,0.2502657898625493,-2.1212700727460856,-0.8048516918735871,-0.796593909461695,2.232160343789417,1.185720591770366,-0.7265737351115158,-1.3637519714827775,-0.5309613195048364,3.669050097771681,1.100319374644485,-1.9244487143979434,1.1301685832511748,-2.6145796707960507,-1.3605096704713304
3173,-3.5133371608812904,0.2315919734699392,-2.6043688779857206,5.851323457978829,0.1586406384528658,-0.12385003103412195,5.040377567988472,4.249599998670707,0.16862957339382945,-3.4351288462257035,-1.0394903371314026,-4.983987956695458,0.01646638485869545,0.37380000032912974,1.7305253028443346,-0.08664227889270748,1.7076610334967164,-3.7418104426357743,0.08325070338177909,-3.308836886390356,0.9806767504653138,-0.13283530836193957,2.0055880657993423,0.3721566751047938,-0.9260235043958502,-0.6099791879736891,-0.6430784655781103,0.9629236501929963,2.069811198279332,-0.853653690522659
3174,-0.5944086485935358,-4.55051953005032,1.3569897375286146,6.070943221109641,-0.07013638036340164,-2.2128683996305227,5.224837220824998,-1.8915305900096833,1.0407627562962718,-0.6236920250305324,-0.026119893630635715,-3.7242574684499843,3.7443843519115134,-3.4497444005713493,-0.659548876256153,4.062857759135934,-2.5098551568762666,-1.1880936773432538,-0.24835162334958127,2.740771736961783,-3.340567421721788,0.5128839525761233,0.6977577094081173,-0.36249435387571793,4.1246510624958646,-3.0080353168046194,0.5536786769403186,-0.8842558943941432,-1.172843789824098,0.38680526158868567
3175,-0.5917022131105885,-0.0811067451823888,2.5268559038947664,-1.6483255518583277,-0.842837958847596,0.637116565104602,1.2076862457048847,0.2816557100699093,-0.33232334574912414,-2.766378590661116,0.4754507708511264,1.1339092097847718,-4.155516161640511,1.7330453663280956,3.674216092009118,4.085100974110208,-2.9735771871587655,-2.363269083647708,2.819523882005214,1.2815134057194566,-3.8933335291970614,-0.11869326523440638,-2.471791078558349,2.38278058526409,4.0546399596863765,-3.335195065221665,-0.7830159892084971,-0.8097759345477842,-0.48417708300174134,1.3575241122953194
3176,0.09386389817395724,3.6395954097329515,-3.9597802205076427,1.8785983639524275,-0.5764268372615915,-1.0758506140895872,5.2835326739458175,0.7982380729407552,-0.6165253508331991,-0.9361439728554828,-1.1223627373861094,-3.406738685811323,4.041778158520785,-2.131390325412049,0.5949590133937157,0.07580743503139331,-3.3873984148520826,0.8062441333187493,0.34044225379632564,-3.1177962709412643,2.2929782758728408,0.6454109470342848,-1.9594232151116096,1.7983880093483648,-2.318911195393227,-1.3758263769319008,1.6900305175000625,-0.15315766418583188,3.599120778348496,-1.4412560593355401
3177,-0.10481382634521097,1.2194664584505759,-3.3903781931792025,3.0328943394431214,-0.8638604874582005,0.10669170908945524,2.362239958143686,-4.766768296304328,-0.5419631263054843,0.4837281195245371,-0.029897346932288293,2.4926606918743133,2.4577978674170495,-3.955114366108626,0.5833218986467479,2.358690028646855,-4.2420845187570215,2.7973890901554803,-2.568054317592029,-1.261937267199265,2.515413970152185,-0.18281799361135942,-0.0164952736219508,1.5138908818713794,-4.325553646681431,-1.3305187997466064,1.2426890037352791,0.4889510565537476,3.244455751360519,0.6799766347805551
3178,-2.932551562243182,-2.1368942377486917,-0.8184834688533442,4.791307054977228,0.42696897663350963,0.6696532372350248,5.858804583106199,-2.3308838529019376,-0.6571816064937357,-3.6479202969657365,0.7578268679055302,0.01935430535013083,3.1780140673423674,0.8605017776493362,-0.015328435836522658,-3.1999852446531225,0.2502715359404881,-1.0734737004421024,3.2829299036313238,2.517117990579969,2.4004788888976627,-0.8402251551860394,-0.7842042387457777,-6.576097389178212,2.812540326801546,1.9666011651168596,-5.1506510481648675,0.917180749820699,1.89061560019384,-2.436286793766026
3179,-0.6205318764016567,5.269493378160554,-3.9526938984393922,-1.241865550340549,0.6800736876351263,-0.1344757406135404,-1.1994771501050892,1.547311791035618,-1.0616296125347748,1.257070553355895,0.6490647358088326,-1.1923403175600384,2.0163465073676825,-2.724700261449545,-2.27155829947497,-1.4942515553651745,2.73082076968689,1.7433428392355452,-5.752838322739681,1.9901917531965,-0.3329066210747538,0.7570630171346382,2.198146586752152,1.1403435867300757,-3.84444211140989,4.037051234407183,-4.091389914668305,-0.5114786391356505,2.84719387380051,1.5630655570082261
3180,0.5173097661326516,-3.033142776982899,-0.7762471732408969,3.759303477535685,-0.3586746068032496,-0.1085486866407166,-0.590031723123154,1.4165717123673467,-1.1672263798224494,-0.8891040563384589,-1.0760412137426631,2.305831660659802,3.2742372256361243,-1.4157649290024832,-2.764328759557653,-2.041333134403647,-0.27394432787354006,3.221133925201684,0.135403396587936,0.8880578701493231,-2.350210120065096,0.07011937582363803,0.42441691265394077,0.832212564849204,1.7507335212933128,-1.9089988898554324,4.802325989900748,-0.6687633890962372,-0.8742154487865861,-3.101081783453738
3181,0.7115378550611116,-1.5143955478039999,-2.389951132571589,3.3969937733789806,-0.46084903170695357,0.2566640836430203,2.6327378700801596,-5.702673937112564,0.7463929924386159,3.129424252753921,0.6420739236628172,-1.4479551018225507,2.024288120034857,-0.40411014566621617,1.9899373859258631,-3.0549124632510445,1.6135690651669705,-2.1687719622099664,1.2894057776293018,-0.1817720133758396,-0.16827959326587916,1.063741543018379,1.9959834091660742,-3.999079123173111,3.8231728077437133,-2.1443814790999625,-1.4066793810902993,-1.1985675613479132,-2.6947610099748385,3.621216623771371
3182,-0.6005009281114937,-5.0381048055520345,4.412801419793027,2.5882237066803633,-0.12651057042567393,-1.2359088223836334,0.2849314218813639,-1.4323181765952846,0.3259144376832044,-3.274539403706635,1.089220920600634,3.0067908001371144,4.003045685027132,-0.19396965897120566,-0.28459343402892756,-3.153260164440219,-1.2568653720897842,0.8856429445034877,0.8515389138802192,0.9082180074778794,-2.6775846595585016,-1.0699285032792694,-0.660807023533037,2.6485632650116067,4.833070585746327,-4.0006485605947795,1.3489527152338496,0.28664146413475233,1.2652417155216575,-3.733257920039735
3183,-0.17197358509871208,-1.200943833988621,1.5489384340823733,-1.4530039968580475,0.7001770321439169,0.5768059497196685,-1.3329297797589987,-2.221276322700028,0.16988493851088027,0.9536850408125641,-1.2333615481233302,3.663997671259306,-1.9048876706259712,4.044859430743699,-2.4667641630131865,0.6464597446190723,3.054251650077447,-3.373918991800572,-0.050826254908091784,2.6871139344781447,-0.20676074383066023,-0.03680538188902549,-2.6553140198278857,0.2625924659763932,-2.6898716456374316,0.8460764599965103,2.7223345969494837,0.4403500622048506,-0.33612293371819213,-0.9827665397931309
3184,-3.4142279108492257,-0.714968343580356,5.022300203304301,1.5501096034791821,-0.9211229032957802,-1.5220906490575405,-4.909357281770401,-1.3374327350209079,0.9107070222515068,-0.35563827274044435,0.6605474154138484,5.031173851866782,-0.3535059179657303,0.4736750345892986,-1.0480714379557643,-1.8647503720872773,3.351924099841522,-0.5592714064215887,5.509176904771103,2.01867263900397,-3.397950922859634,-1.0303566888646873,0.570595764013154,-3.6701376960650265,-3.169147417481188,-3.23182325584337,5.865560515439125,0.8759227906598657,3.14589140725246,-3.486404040024837
3185,2.4293599203734786,-2.995527141798174,2.7502482858164257,-1.8671547310144163,0.8478457935338537,-1.1647721269105613,0.45200515224703963,1.3070897134331325,0.10838362722351658,2.0326821050298527,0.13687361548965438,-4.037034213422796,-3.693747001968937,-0.8118958333150559,1.6201193749007636,2.2411928048623544,3.453199319613688,-2.808868664092362,0.5622384999272754,-0.0313991873052295,2.191098815273822,0.6983318639746656,-1.4766107260660633,-1.9436592658055787,0.5758327777317831,2.6462279026720275,-0.28975866464797306,0.1986968801819593,-1.5375371199798487,-1.593461775955877
3186,2.492048737433077,-1.4947343490042755,2.9351287848694305,-1.4828140416498599,-0.7572464507435144,-1.6923826809042506,4.9308337461433105,-3.1514002584338314,0.9629318451479563,1.957403174326906,-0.8636681468585774,-3.836100360325336,-1.5857831784879508,4.041817390621393,-0.8791543485668356,-2.574686797841199,1.906664776732903,-0.908857842457877,-5.250625922746913,-1.0732196939367284,-1.4122278821393213,0.7451906341700267,3.235822248373136,3.7550606162786977,4.076895603716011,-4.903613666111221,-1.7430293348525652,-1.0920317418811467,0.2193424124302492,3.4424367267007447
3187,3.5539918847977674,-5.650171497177425,-0.3402727383468296,0.9378802745744288,0.4815569333148009,1.0170151428378809,-1.7757588119844456,1.3323115148268556,-0.05546344505683454,0.7414056968377647,0.4960565549205338,-0.7385515095434947,-3.4930564856706496,2.7481872118030743,-1.7393722896437165,-0.9619220472904573,3.1351302253139757,0.3110333854881979,5.498782468991628,-1.5081180379783419,-3.886315362306611,1.085174818300433,2.585240786657934,-3.7747646736661196,3.910712480676793,-0.08825209032341874,-2.0586568275335537,-1.246997072973873,-2.7855436211772986,2.2687371313334275
3188,-0.5605750595563297,-3.984401619414868,2.181396315128687,1.2670390854353002,-0.5717508822685415,1.668292160676362,2.7542643937744344,-3.845491926921241,-0.5722588925074028,-1.7290141374426753,-0.10538352985371802,3.4978840929509794,-1.4515836196340164,3.130531462565326,-1.6218021707961956,0.7769777822015271,-2.4490905826165097,1.6149671282802913,-3.9625217871518537,1.7775937126262313,-2.948581688477395,0.7339487333442305,-2.3368018990733432,6.736362928730998,4.028595944338438,3.315250881945534,-0.11363182898611157,-1.2317987574828888,-2.882148841848542,-3.1162673979643056
3189,1.6519619546516253,-4.0469159587093095,5.908608115167773,-0.7909944630821393,-0.903890323532454,-1.8187693244948733,-5.030862467888529,1.2341451695395627,-0.11423189174147552,0.4225146694744719,0.7984907893326474,2.689943731283723,-0.3651559790227097,-0.9664081317140933,1.2284082843059494,1.3843989172211302,1.9372041649304954,-3.218447255720349,1.0289489959309712,-1.3114646317625578,1.9307649246673684,0.34993187551281757,-3.0718869710986283,1.0737058067489151,-3.700139187435312,-4.6908311542554895,3.5877796890907447,-0.05670303838905877,1.3299022203769475,3.529991470614302
3190,3.0497791951304336,-5.152263693125519,5.598352661130807,-2.361080580163893,0.7300465892794259,-1.8648341722506245,4.576361278106273,-3.1425085867637925,-0.13814591091083273,0.6998195666665836,0.21613873513576376,-2.2116650822336474,-1.4745330882754786,1.4282984452718566,-1.2182638423505043,-0.08429516876844545,2.743387798587907,-1.394594144464934,4.89511957667419,-1.901998509620059,3.2335701144423616,-0.1721413135250014,-0.91100514161581,-5.143544726356797,3.729088005659303,-3.9315841299135883,2.159574773298445,-0.48210375405535366,-0.6919507470828101,-0.7830241479038751
3191,2.2767742388277874,-2.084607632449444,3.731765804917419,-1.4253660934767964,-0.8824583402121393,-1.6161079776061928,-3.6713474185794155,-3.888464846344654,-0.06807752948964296,3.1778529528968775,-0.8156241590912998,5.265661000608453,-0.8817887962669708,-3.7642946511318875,1.8602650545468151,0.3267284772076664,2.323013883689054,0.1360760319556995,3.3491568292243876,1.294956237562662,-0.9715280131777604,-0.49692654070205844,0.018893117561415096,-3.19455163046975,-0.4475370494576012,-2.928242473755713,4.81570091313613,1.2240979555369593,0.49752304743585896,-3.1615423928935193
3192,1.027255057538504,0.2666280695045131,-4.3056056364436195,4.644204427382352,-0.6281684253215487,-1.0043134926595627,1.5187774848203262,-2.5801211743034607,-0.9066537732765116,-3.4558209546121024,0.36023948386998583,5.063578933502068,3.3632274767800325,-0.6703348004765246,0.8065108929578777,-2.9196143798324137,-2.711402184550167,2.131612995121568,0.972103603745051,-2.165009483591774,-3.0865721161249926,-0.9493894785655295,2.544926415301191,2.6839410592349786,-3.1780650358653553,0.567514395364558,-0.9555144202523849,-0.6629802128670859,2.2075406072476227,2.0215046663747636
3193,-1.6589686850261494,1.9939578661184179,-0.21035583330340302,0.35970640558672073,0.5360428395752739,-1.020382592950229,-2.963505201330637,2.7573748381136944,0.6909230939469397,0.39091076020613613,0.7788388873252758,-1.654542378261084,-1.7206583525310055,2.813155467477536,1.3228806760111773,4.070003746981769,-3.4528022704588786,-3.0325792674802194,1.8176359005576224,1.4490289336183118,0.16183574224401198,1.1314684316186296,-2.7912614580715065,-1.7687075499681661,-1.8773330368609713,-4.209902741006022,3.273555542976542,-0.26814254454341135,0.74225952595914,2.3395632534768254
3194,-2.294533147995347,5.457037026428267,0.641666853238565,-5.566638353788623,-0.368175967432427,2.130643589550198,0.7964372062744474,-4.709298198125335,-0.5714722462789847,3.161457038240272,-0.7669458591626013,2.0898220590525227,-1.3847696961226088,1.9678007525600236,0.13156285639854914,-0.35293109103630016,-3.081153942657185,2.7194911208578603,-0.12543792564987655,1.944225711768734,0.6624688043826161,-0.6002269417874739,-3.0390571255087497,1.1580274767936523,4.091618632983582,-0.6131016055190379,-5.543088165834874,0.6331391758962575,-1.603780536393927,3.035212498870113
3195,-1.9405999077643497,-2.2276527918292146,-3.2503158950187157,5.933071775183809,-0.7972318874795608,2.2827287069086797,-1.7175962958133084,-1.1628733842660246,0.23365748692534005,1.7039821936825916,-0.1379466557106115,1.0807766551823192,-2.0653654783263455,1.2579756382739653,-2.954894921594976,0.517600619975422,-0.3023242274634015,3.5470083691356713,-2.8953191310495896,1.6378710854799454,-3.6384223030132237,-0.5755167973672677,2.561792265299916,2.909594880649074,-3.8118984345384064,2.048765190581584,-1.0935203720516746,0.34062985261859513,2.1717047128788955,0.3443190505131515
3196,-1.0486725722471242,2.999980118323439,-1.1522912639909357,-1.92854465066004,0.3929228529678932,0.7366055156073941,4.9800373216504035,-5.351726321795301,-0.1969281425714069,2.909657529946987,-0.40643887984365357,-1.9346015073867164,-0.9968652941790026,4.060605788178595,2.827756757352091,-0.13052810209816457,-2.9397843567596773,-2.8211847924934634,-4.659975131843861,-1.4026561555232462,-1.968682060710007,-0.13014077598725482,3.2309583470926313,4.930495776970606,4.302022854220095,1.5198720980191212,-3.3166450691169835,1.0542981621109764,-3.0156912072131306,-0.5438568380179376
3197,-1.0017596910135609,-0.9457679590536436,-5.556494708168909,4.969011402926931,0.35527730832865023,2.1797336469811768,-4.933232217816325,5.368780053356144,-0.5547076721197941,2.730695671501149,0.540388491492398,-3.1519243264132335,-2.131965514973867,1.5001349118378933,3.8233002033611037,1.8948116112017743,-1.649861428534166,-3.4364197828923526,0.4039619192770978,-2.424001666756901,-1.8257461369881138,-0.029251777858381622,-2.4239160546520555,6.298953716977252,1.7048813655136925,2.110542353918497,-0.7062367420697555,-0.9123437411957056,-1.379214165717352,-0.817629070447234
3198,3.033969705261285,1.6765986960342971,-2.3403860683938937,-3.279682675822656,0.3607555019721693,0.5487448409494533,-1.7558625435337767,3.625415178365003,0.35173218730261535,-0.3087889501854999,0.28874814127294,-2.2012440132209505,4.237941535258482,-3.0768148056027353,0.8155603552902164,-2.8984593512459043,0.9806288655326973,-0.05885659923235664,3.389487804890411,0.6645632338450209,-3.6144331399328333,-0.013087784805502878,2.0827877913881725,-2.509317905386382,-2.7871985184240486,-0.7280866925541538,4.194755081699299,-0.7794248957432011,-0.21589220527550523,0.3158472302997364
3199,-3.138552081538217,-1.317971715584445,5.110672882723801,-2.748820792640352,-0.18657250476432985,2.2812442118041627,-1.0845919109852176,0.9740247979620094,0.6322666525510812,-0.24399506230749068,0.8669696238077451,-1.1446741010278032,2.720402430528516,2.8874384019702433,-2.533205724443773,-0.9824023073140928,-0.1812685675778738,-1.9109642331625984,-0.8427036969327482,3.108647269095627,-2.397216166954852,-1.0342028964524594,0.09449643078261971,1.070979060460715,-0.800708532902707,-2.2491805659500734,2.4924262156288535,-0.7362829624711278,-1.7639169256701663,3.0576627713673687
3200,1.8281590847045912,5.459666042859311,-3.2806959966495057,-4.526610277542453,-0.06420815393028123,0.583689300558973,-3.4004470043745947,4.934247666850762,1.2070205243562588,-0.44807394235395037,-1.2035391426035247,-1.0892081018746147,-2.3247680599905056,-0.2944344000878587,-2.1307916696482767,2.137330725104299,3.3943299142647803,-0.781666509642017,-5.541301981768804,2.8922671350502185,-1.6898249411500075,1.1081386630748389,0.015039756597843734,3.2156813681948258,-3.214667831714724,-0.9002266504015921,4.706323565891381,0.5423494744392672,0.7549440467414019,-1.888722604953605
3201,-1.8741545241578006,-2.3119959853836534,5.281078150435203,-3.920256486617685,0.46018765807756745,2.365141187646987,-2.8917451327780093,6.015635140628984,-1.1379842623537475,-0.8205013723983221,-0.5402561127080903,-0.6251482603904712,1.0813401297507816,0.5166859145415295,-1.1508076239473617,4.210756515488338,-1.7076773452223648,-2.950297590610468,2.4084627632652094,-0.8014807285134236,2.2834150554874206,0.07233783926959259,-0.2913241622302678,-3.671410767279628,-4.190957676366912,0.08679932708130167,6.177611939995817,-0.16136682818561177,1.6071924713369334,-3.519279233859386
3202,3.4769546976012506,-5.454944286138868,-2.273089585449881,4.352397449585656,0.051994043730185346,-0.15331231932770528,-0.014779551290306614,1.2963277245322544,1.2440292688143684,0.31561264727881166,1.2413987667593718,-4.082588856094155,-1.2347271775059347,1.1420241657966557,2.53021870528773,-0.9703893318075103,-0.804075900553535,-0.663050461216951,3.3061247829033533,-3.393012910029139,1.75017294653275,0.4289854226502765,2.949237844518006,-5.041508086576375,2.8569092170689707,-4.3956198018508825,2.510689791041383,-0.26099502479363235,2.1718976543783945,-2.88288183584212
3203,2.089491886657541,4.54111194018466,-2.7731167039316524,-3.778360226417721,0.9285317252466396,-1.0076586217388162,5.564496096123019,-4.008807332196884,-0.24913526235764305,0.5768082406954758,0.4782668404401198,-2.3616285827037338,3.936398608610549,0.08075459488479098,-3.895832896008317,1.2242673176548777,0.5551607429793073,-1.900748368120727,2.2744943786316796,-1.5289105309624205,2.309645329083633,-0.8708208903596555,-2.072708583010961,-0.1116997033834437,1.1418086055867818,-3.302651822240211,1.9635995425562385,-0.24861412026181995,-0.5433933157065756,0.989251110067709
3204,1.5371618963857365,2.0874395791393354,1.3683904584785935,-3.404514864670219,-0.12123189477047713,-1.4672451745623238,1.1124714947307695,4.545295719525463,-0.034676889350492957,-3.646828253415377,-0.3502810129885834,-1.6259810585014485,-3.691215834249981,4.111710256443722,1.0111745784344706,0.22214437277674293,1.3394615934768943,-2.993274966881362,-4.6274522364540935,-0.6724195109638877,2.8689333447203076,0.43550827802916636,-0.7870834840579892,2.7825136087253384,-1.8318664251445966,-2.4601262025070625,0.04593392184358436,-0.29419471978473144,1.6251326148473346,2.915120810747613
3205,-3.537279119281891,4.149344338870879,-1.735378977883407,-0.6295790229980085,0.9336712021527074,0.8192215791403843,-3.017705709689345,4.182468053713489,1.205950182816748,1.700907655375854,-0.07922920515077791,-3.992390977065625,-3.07955748554596,-0.7387416432489644,-2.8079243035480896,1.9613121406316445,1.8636394232149165,2.80127186849694,-5.277040918920257,-1.5794517421033802,2.4151555175591177,0.32984450085222683,0.8865040784809164,3.2249885641302036,2.3547638176375685,-1.279409820444485,-0.5561088308516844,-0.43897483375435975,-0.17669089789787407,0.09642056531299303
3206,3.5788441936109052,-0.9117095722382693,-0.8373385953205243,-0.35794362316052286,-0.2681073417111548,-1.2037450611797933,-3.134069797884859,2.196962340222221,-0.6767401844632008,3.418610629923016,0.8416923624067358,-2.6464553502035884,1.3932296036001333,-3.8239447451596043,-2.8436367084115144,-1.6585690020795525,4.118697801895397,2.8142230501556256,0.1349794674654703,2.5637324588473973,2.3158612922569652,-0.4648243962826397,-1.3413568103264044,-3.208392011961962,-0.7383515231884417,1.8123146179650327,-1.4056901757953355,1.1032976451037229,-1.4767792405525153,0.705208676469697
3207,2.5758870980527426,-4.011126665232542,1.6539120719977483,3.167665517791047,-0.9348102528090836,-2.4515277697992692,-0.9446622250981385,2.0413144123614337,0.9719570084689151,-3.087117349867432,-0.18389061124563266,1.2023987653811936,1.2868729589507133,1.7080821072979546,-1.0368452130133985,-1.1671146050095889,-3.640154660855279,2.8491594126300797,-3.877580786894047,2.974216320958181,1.8031112117432784,-1.0813853749123004,2.5122536392851753,-2.330615010181493,-0.9031337546150979,0.8211027648232267,1.9375583476190492,0.3996591085763779,0.9990040449386832,-3.254190511340088
3208,-3.109156284404616,-3.35939067407973,6.124392190904576,-0.3042506168496999,0.7523875557131188,-0.10398217128297738,-4.441749509600687,6.239914154405852,-0.007784298381206867,1.8682480695473558,-0.109536377670711,-3.549092038300188,3.500850423623209,0.15451867944026532,-0.058478796433991675,-2.9491975328502615,0.5258486820403547,-1.1735414558190929,0.512345517060627,-1.1012324582824515,-3.0673018904503238,-0.9160081415183363,0.6620151102495182,3.9101818629397513,1.5687600680852398,-4.663777454725999,3.398993192342658,-0.03663576069333363,-0.23131758646398204,-0.03602245854243691
3209,2.0282175814594297,0.7659018396843926,0.3081943342389941,-4.884519212048449,0.46370250970728444,1.3185029469590006,-5.702865296664026,3.350461005779515,-0.21545637704687426,1.4694807400370564,-1.1107178311681936,2.2090977590629564,3.989993803675276,-2.215483993788796,-3.952268827226465,-2.1039787152709994,1.997547112214523,2.2841906203969202,-5.802853803053221,-0.5214748995093554,2.177970832448654,-0.7978320013890556,1.8593133041125558,3.0848765673892338,-4.0746346794367,-1.2828231946299447,3.268016508507454,-0.6242427527777199,0.21849722653468362,2.49518689180438
3210,2.6627984333965493,-5.678581370443183,1.8049629341289588,1.4586251311524308,-0.28405975225294866,0.03625462401886459,-2.7986799892191954,3.9770219521595784,0.187799925202361,-3.4526544152900502,0.8519898843074634,1.234522642840318,2.350408438405317,-1.130010818440125,1.9973465305804332,-0.2664858530808907,-2.3118872275405753,-0.6393710699237101,0.9218239973230631,1.2262835205976739,-2.2167625031645315,-0.1842951271464628,-2.7148433787725477,2.967793491161647,-1.0936183371335417,-2.138012501590566,1.2586913624907226,1.18719019906814,-1.862191410547224,2.6479406877146374
3211,-3.0710648393414317,-3.7663867469510457,3.0412775167079573,0.8517908515415584,0.6999191254022543,2.24446409264141,-2.136581003779167,-0.08472573373715164,-0.8810964634744556,-0.3060663701067643,1.0569039650818786,2.351565606016127,-1.723475012696376,-0.6121077206437526,2.2549540912533423,1.2974043184788222,-3.883273813482427,2.6664981370908656,-5.659683258310448,1.0827183715708273,-1.53230324652578,-0.525971279619629,1.1738107399160445,5.461428672967813,-0.5734926499536463,0.6745897818968665,4.7112145404767425,-0.5006339213253304,-3.4091783389865675,-0.902499412105886
3212,-2.1003519227342853,-2.3439735442465235,4.037567855969456,0.23752391982194254,-0.7718759940307149,0.9411096852208249,1.424599118901451,4.275378635498537,-0.6191196146562836,-2.7216054891433163,-0.6232500804249748,-1.736002570174982,0.19610816548935261,4.1162301319693135,-3.487955392803201,-1.529350959806571,-1.5510091066273048,2.255977161778901,1.0856274708935914,0.009185178814782091,-2.914241562042795,0.25842431638934027,-3.0998478134063863,4.6608524093503085,-0.7492708166224169,4.01858972041277,-4.311759357160476,0.7764417908403614,3.5034810080671583,-3.2374823455351756
3213,2.343030189270973,0.01875855122090897,-3.8303643592218712,2.9639564090456716,0.522060599732248,-2.0174413900472734,1.734940918755143,3.8255955002842086,1.2234229182544238,-2.7464097590528738,0.8986025174838925,-4.936152095724353,3.957031646609849,-2.0440132281036902,-0.6613810573557792,0.6136703482633941,-0.7720823982094309,-1.093225311203831,1.2423481058626038,-2.844839821884385,-2.948881231693619,-0.8432140962655694,2.2898160675784887,3.10477097640133,3.073333892150231,-0.795536857306665,-5.337122467630099,-0.690428894661606,1.1181566468533894,2.631597680597004
3214,0.2273104984799712,-3.223800971949725,-1.0740050766686196,4.4585366422632795,0.5508636903640465,-0.9389047824882706,-4.415325664885849,5.348499926236428,0.006096399376043671,-3.412619929545521,1.0744088327859158,1.3989404360334525,1.4965242408430015,0.36727808593138533,-3.5553368254771236,1.4990570953147504,1.4347185937716809,-1.2422411903831758,-1.1358581792960791,-0.7694421270132548,-3.018751077829103,0.65778858863092,2.842260004971182,1.424002790535173,-3.1939098799636163,0.07206735777628026,4.623466745783354,-0.48628881856304496,0.2397613797957927,-1.2550967848264882
3215,-1.2820504564358188,-3.367917679975182,-1.343025359325651,4.067876965243499,-0.5742448969122937,2.4993614274061073,-4.783542310239252,5.931593103279358,0.3909494870502215,0.4328202136657353,0.3508394336305205,-2.322659927386134,3.5304049364353283,1.204243466969487,-1.01604824989335,0.6845266918306834,-3.660071581952593,-0.7430552633890244,-5.509495612709706,0.4146144558042515,3.235955466522828,-0.20609453914246334,2.6578746858458775,-0.5928544563219837,-0.8613862528150342,3.8215326621125136,-5.765162448370141,-1.2397469771855167,0.3232496524180508,3.7215133638423765
3216,3.0845568339754017,-5.079250318922831,-2.8391152488312557,5.947702187141328,-0.1200962121201643,-0.9937972412418077,-3.104272821248607,5.243935019295321,1.2259006501244638,-1.8939157575234233,1.0106925980262202,-2.4823396886735054,-1.6260011007809325,-3.9290310608245473,0.08701775505495846,-0.9710728307219476,3.411579663379495,3.027507573893498,-0.6039463742462239,2.9223538926144137,-3.202070195290691,0.3985678037066247,0.4299104860126288,0.05518438720209318,-1.0230138150006063,4.826498275043047,0.07940298917488775,-0.5911743285139561,-3.1503947881934184,-0.14131833250766768
3217,-0.5439519051648389,-1.5681102229495387,0.9853319461122503,-0.40864333430899435,0.6294899243631846,0.9058835919486246,-2.0580864998775326,0.727438332426086,-0.3893009022702918,-2.075114014898743,0.2284711278817042,3.566591956739238,-1.9368980817252162,-2.118456935845268,0.6297186474064205,1.9239056775198655,-0.21613565388487999,1.7178663465295863,2.7867316954987835,0.4721403430198894,-3.5297529006120794,-1.2320880104439094,1.7520162193743474,-0.2490473468381751,-4.028364436458823,4.89806978064523,-0.43187618321186605,-0.17866849277845098,-0.5527441899443382,0.29358352175053426
3218,2.0862532176902917,4.660807259197025,-2.334878783553812,-3.1756080289684014,-0.8089734960154753,-0.4276001683489614,-3.573223473356098,-0.6594381756155734,-0.7085134532491919,0.2989811448075965,-0.31766317418181256,4.959857131595552,-1.5315083678826955,-2.364842376912712,3.03549379927577,0.015233387584064673,3.2868866510606587,-2.441263093124581,0.8959747224251764,2.5322832554590775,-3.073492996880459,0.9954199078400254,-2.685674285067936,1.3354893962229646,-1.1736222872662587,-3.012281778802901,0.6420928185277397,-0.9028957934042419,1.53025029900261,2.9164567419453
3219,-0.8079086837293161,2.080866757324621,2.0894480569024054,-3.907068275071179,-0.8086365436854597,1.3532986882596187,-2.8816587056041882,-2.139866903236861,-0.35481186894969863,3.2986477102722773,-0.13660726745955465,2.2142970349785216,-3.4369442287359853,4.139208569469897,0.13392174797831302,-0.6686326233289144,0.17231742070062595,-0.33987088608344607,-2.6204995369000343,3.308436215051408,-1.812426660086393,-1.015480180865803,-2.158337461349582,4.298307624149253,-3.3277987451220596,0.8776053929041474,3.9421493074853764,0.0843978761315487,-0.6456602274832708,-0.9306936039135181
3220,-1.3721230718476356,4.29343946954755,-0.9636539194483973,-2.252346019334464,-0.34224272816995227,0.6369262692536157,-1.655223937230076,3.8301716886190142,0.761486358445941,2.4566486790955047,-0.06266868009331983,-5.330414108836564,3.9777831671300454,-3.0385241690398157,2.665149552209339,0.11878061464433642,-0.04534205757384413,-3.6778471073695727,3.2894774253931125,-2.60557548458795,0.47083162319116667,0.8906725361713868,-3.0268328700191454,0.9814267698502483,3.453489442253389,0.8638749734355855,0.4050840501026691,-1.1817883294663574,-2.6174351310838233,-0.9232250052392459
3221,3.4467910829048662,3.274376274427798,-3.016101116173804,-4.293969296003279,0.4453603771936203,0.14354267765153317,1.8444897094145993,0.4912341593661971,0.8214601681179214,-1.3917305026357294,-0.38140167709991335,-1.3840518571625395,-3.0666668343727963,2.5277693437793936,1.4762455895009268,0.7086545833833284,-2.5659921922629323,0.9199895099725826,-4.866754252731596,2.078534871821798,-1.4258731873317831,0.5764328683212616,-0.09737678605328703,3.7350364859723975,-1.522883196309472,4.861294095883405,-4.343934020936942,0.19954357788127286,-1.400777770211569,2.206757313695455
3222,3.0713888152635462,-2.390202364017423,1.7644254171160227,-0.8084048246421638,-0.9307684486460706,-0.706438595073184,2.274748616286658,4.846231447594082,0.9902376544450311,-1.4091270151810402,-0.5545416633184663,-6.147549039825748,3.960289864855337,1.3686818737159818,-0.9698177645862032,-3.531227731966764,2.9035232013189756,-3.7314494433368157,3.869628122049736,-3.274218628693518,-0.6831514694628762,0.36855297057257097,3.189162634112858,-3.469973628579968,0.5526826691991644,-0.8078401967295967,2.282658293543612,0.9441616543507099,-2.5328454818810755,-0.4388169384806542
3223,3.6326319952320034,-3.817793667840803,2.7477064781684355,-1.3465753531498947,-0.35889149755376715,-0.8570779548552974,4.698966227489976,-5.271782885561841,0.46561877433575116,-3.5199605619311,-0.8435941082677934,4.4707525539355295,-1.9640932993437517,2.284722867469288,1.6657003771663845,3.666287884173741,-2.373159280784055,-3.279458548681049,-2.8019566965047176,1.071643329759226,3.0500037196368446,-0.3937000307175502,2.982304843652777,-3.90829516582777,1.2352272477468986,-4.403198868542978,1.8328487968632814,1.1271480381563546,0.01623383441383197,0.19174095136479252
3224,1.4594194898880843,-2.5759929624366436,0.9029761821710629,-0.07613208923263315,-0.026614422937271565,0.31634380254806693,-5.875360132160882,3.6056063626096027,-0.03847573711006369,1.4233603221802547,-0.31135653083689174,1.196225715318505,-4.161773293678525,0.658934188350706,-0.17429681751332637,3.2355033070548416,0.8712386442207212,-0.42960602843382567,4.144244798537272,-1.1756767803467625,-1.6560016792687016,0.9168767178221078,1.9096376506723693,-4.139080707417463,-1.1631184897533835,-2.3815193222291136,2.3245587093441955,0.33553459790442197,-0.22676930508301396,1.111313809819066
3225,-1.9310355963241523,-0.19485915374070473,2.347301073578439,-0.03409842395220508,-0.7677778495482244,0.5804699499874921,2.5137411324928856,1.9928577784713077,-0.6237121225111837,-3.6604957072659356,1.1474441878711934,-1.3698352690577416,3.992342191467916,3.7664026388901632,-4.193057210499552,-1.4975019913171703,-2.33986414360513,0.27167851506437657,5.260419059095867,-2.53189645205274,-3.765004375662512,1.0034866148576862,2.8714529859346314,-2.8384578321740896,-4.355742277490151,-0.5010552681936282,4.403657974533225,-0.1802089068731343,0.023206126622117296,0.6101423514037929
3226,0.22398630692700472,-3.1526225826319987,4.144796812548702,0.23014087678143014,0.35024567429450837,-1.7965470879190253,-2.243840653457845,5.0118061951274875,0.9375128193663533,2.8964528299295615,-0.7317025010147553,-5.870228689950313,0.18153206827432555,-0.08807471155277113,1.086196694587919,1.3846778850967318,1.0367557326363688,-3.6010876690419593,-2.7057486304037077,-3.070313374590331,2.8564260582599275,1.0260433139274703,0.5797874314192821,1.3138052013861916,-3.6996933689569005,4.3544392388594595,-0.9228431411360631,-1.1230238498498988,-1.3464564761209772,2.7375775972065846
3227,1.5886680558710253,-5.002279983389709,2.7019617200317754,2.3813023547647774,-0.7337837438380561,-0.9358684034391764,-1.014808158318285,2.15705089867771,0.4974621793256926,2.4165281325593675,-1.090929468401907,-2.965303583842122,-1.3288511527415707,0.8470855177145005,-2.440761898446505,3.2889347988510913,-1.9908759767497148,1.6244687113728418,-1.86376499855362,-0.6167782352132232,3.991940614595382,0.22370776252069824,0.3225978786732533,-2.05770302202367,3.006229626871022,-3.5753390269360246,2.6028342786443233,1.1232031636606319,-0.1078980120997386,-3.049030030138006
3228,0.39352395268991813,-4.844621790858874,-0.6156502243980668,3.5945388000258696,0.8238005865459161,0.6484086759958458,-3.3015434910767922,4.7231331818256415,0.5520231448770936,2.536377489971869,-0.7125057196907276,-3.7974846059066216,-2.2878397430203883,3.6299824832529595,0.10632096458937923,-0.7814122220332109,1.8664091719361195,-2.533460654724216,-0.24382237719419564,-1.5233574916712378,2.8800657868981574,0.9302867744559213,-0.9108008948552921,-1.1323717976345407,-2.707851146288867,-0.3481840021425384,2.699691684932912,-0.08789902595637145,-1.40966941045526,1.8539118999123474
3229,0.5433799588186048,5.02514913490408,0.4020731183095272,-3.4435818748835203,-0.8276750327008848,-1.6993453044472009,0.6666984109428462,-4.870681226637959,-0.07897254661238051,0.4035525291195139,-1.0576120824329687,4.937014915621404,-2.1257226732841428,1.2752757221028936,0.5987615743783401,-1.0612500229233994,-2.3970225845706796,3.709957984297688,2.931289176954703,0.5221068639525672,-0.2200174820851366,-0.2571997948378657,-2.001348762577022,-0.9748300014084421,-1.6754194023996192,3.6815343704010246,-0.37308372542486623,-1.239919156547022,-3.4424943770458114,3.0493822910184996
3230,3.398650255532921,-0.7485941627251478,-5.475685456463069,4.909973087713475,-0.36252393392274085,-1.721819790134866,-5.410557246859881,3.9896887910015693,0.03182156543588999,-3.3006979797133074,-0.18650124243573085,4.876246112571909,-1.0079152084786287,2.0273657132820517,-0.7542447576099285,-4.0835311578695155,2.1623808018384594,1.655944608838265,-3.4230653034472276,-0.14141177374043323,0.9512126014036575,1.0842080627201707,1.3358458189752351,0.1932105940873896,2.113496416983935,1.7061113163160542,-1.4478210274241903,-0.832857988663986,-2.9030404381053447,1.3641117208957247
3231,0.12908108000170415,-4.640208513292539,1.7902347906665206,4.5607120937348355,-0.028415643104766408,-1.8114038080051849,0.44537198023569147,4.838631510678294,0.4708368782431984,-0.4578773352516272,-0.23810912901440062,-5.058853904890697,1.3418054775218096,-0.3733645613493337,-3.621227098003775,2.1093188691198463,3.7849980308053546,-3.2415307180932142,-6.240011507583311,-0.2801700072219848,1.909860282533458,-0.23435696929809335,-0.5247577091032412,5.369435910671925,-0.6736135436665585,4.1743061183244095,-2.8582281840592643,-1.046163847295705,-2.967826461401744,3.371525918101028
3232,-0.4752215964070494,-4.953870818067333,-0.25302294789382884,3.6558431226674877,-0.22476950834245657,2.2510417480437397,-5.953129365391842,3.4124188671513593,-0.13809982245893693,2.6268600121690753,-0.9697305333346273,1.021680841865443,3.531677888836409,-1.3929476026723435,-0.5836320853866681,-2.6262275520451634,0.025682548937371763,1.0454468023310959,-4.933312092971008,-1.2432936545901239,2.544326000805551,0.18208947500339878,-2.9595093503912047,6.4096996221421705,-4.205042931577449,2.9372678323072705,-0.2504129638718169,-0.14802173314782596,3.555559689510222,-1.8893498932182382
3233,2.63949427163033,-2.4766316650488243,-5.348690376123997,4.90975528932513,0.8522116373702979,-0.5761391571524026,-0.014219203638770495,-3.787478788308711,0.10445371575357765,0.5514783814542881,-0.680254288586192,3.826020183326282,-2.9513020053338153,-2.427148825918742,0.37441554462647986,1.9330250771381827,0.3403134138767143,2.730696795611891,0.3923172915222217,1.4268197475020301,-0.13894537597463774,-1.1806443860388725,-2.5809177376687646,2.0813704606567924,0.35412552081728776,-2.2159177541678723,2.3942831634910107,-0.04390547414152035,-1.4468536694291299,0.9582682134323548
3234,-2.4941690603836726,-3.407338098037471,0.11517708362814005,5.208842173280949,-0.9734937099655303,1.5509816114780985,0.4168337296930318,3.5232351133344793,0.09647458343930015,-1.4295857868212707,-1.1203895239191253,-1.4865681157259303,1.0734733279821604,-0.3457974627369076,0.5032509823965725,-0.34300609884531497,-1.0989095339303123,0.2109887851344805,5.2921116949968265,0.5716330713215445,-0.18645961956783275,-0.7799797497602148,1.3611115856276186,-6.258416982619174,-3.390764625765577,0.5664072189051907,3.7628355401449234,0.7752371411100532,-3.098778661602074,1.385063387209609
3235,-0.7978373131377854,-5.6971531840168055,1.6577949355356054,5.077471676313792,0.22917579332516924,-0.4694519080195043,3.0819946790943824,-4.002556477175695,1.1632722947248144,0.5445155991116586,1.1320007035350796,-1.919226799289742,2.46763846055698,-3.3797472747525195,1.8996787707348268,-4.002004832139331,0.15656697931509456,2.8578678962856614,-2.5319887886688512,0.41776545722288816,-3.139026305561517,-0.9022299908247433,0.7717038484312777,5.3837757793996985,-1.078649283565305,-2.083595260551281,5.584130751820485,1.2159844901588617,-0.9734285584982914,-2.6644421393623468
3236,0.36596700181513064,0.3138052318020925,-0.5070509774389649,-0.13550335585951245,-0.4495217630318007,0.4123038627135305,4.152708901051437,-1.5710920298936415,-0.8488278144608534,-2.307089577922115,-0.6340440586770866,1.2083445799027963,1.2976894044311145,-1.5349509872357814,0.014359236955005628,-0.28640129379921575,-2.355230583381916,2.8645342230314945,-2.0979431645083793,-1.0580063429046902,2.1707474783911103,0.8008904372310814,-0.8912799858236014,1.0755915776132277,2.3948110417565083,1.4458961475341923,-4.684587447976831,-0.5874755785325165,1.9363739113551794,-0.5050180741344175
3237,-2.0794165220284277,-4.414473452829942,2.841987103866625,4.427337200781476,0.24924107545286178,-1.0246754052421494,4.8450738452741895,-0.34505958603795506,-0.9978598283692124,1.7724133201089742,0.8567752729458036,-6.1313430239212465,2.930336180421211,1.0387625239173488,-2.2677473428845794,-0.5160268544771327,-1.2706172055609795,0.0852926985848601,2.804887091472718,0.08259294981196952,0.14756097196908513,-0.15159658931540054,2.3278550350140215,-5.211299458953654,3.5743949576861596,-1.2978882692549867,-5.864319224240813,0.722013095587215,3.0450130172091825,-0.17921357698462792
3238,0.4364031709431071,-5.251161417948225,0.4554753734775936,1.269511798702343,0.7290881738719017,2.360682900953762,-0.018522649575551497,3.0825997957335645,0.11884895935947615,-0.5085272018553759,-1.1683651104804404,-1.5060337931811034,-4.2447361603760445,1.5650664490786532,-0.873772702742798,0.11606043518473896,1.5557796188430508,1.8816023600131189,5.606695709964118,-2.689625788700255,-3.8448963277498276,0.8619392263738757,-0.035671227050734444,0.10155840716159403,0.806797313691817,0.14395881362043994,0.9213057163333787,0.3193717052616929,-3.56523836565502,1.3738048167498071
3239,2.973770953273199,0.7611557611078368,0.7613325392985928,-6.151347570397288,0.08674903100361764,1.568339285714499,-4.662698300537198,3.1717559781418387,0.9582960342551718,3.3500654392970333,0.048135950954076634,-2.8655551021103634,-0.5688078572042201,-1.5309614602723691,2.4722810933286077,-0.8173118484492115,-2.0427176843378785,2.4875177569358122,2.1371624194772316,3.1622041539872896,-1.5860925911419024,-0.9048260443804148,1.364120360964721,-4.172568298908132,4.898255480285734,2.572663884750792,-1.1522384092507494,0.42018229688448194,-3.748989534693731,-2.989873717974392
3240,-1.1207438036808117,5.195120131816527,-6.1543231457901975,-0.1557612216461699,0.6944186728791717,1.5412893664219585,-2.6018504899127066,5.136152457355561,-0.2468196737456374,-2.115797691290563,0.1994234126945118,-0.37110801510059943,-2.7328324636720254,-0.252716326608482,-3.623191035663579,3.316146633500285,3.0426784635824973,0.24991472886202892,-4.559181992075498,3.396857940527269,3.7562282498112083,0.303106716492918,0.5720092973153275,-3.4690202120724294,2.752799641705117,0.13421287610023214,-0.2714002067795853,-0.5811117413348148,-1.154787068976777,-0.8797135007120218
3241,1.8311160191693077,0.24038346739009953,4.4427083206509295,-5.998249288790429,0.7592562981714055,-1.275214816590827,-3.9946779149956875,5.58085315916367,-0.8029755774580654,3.653089905018998,0.679401197587425,-5.115690769315762,4.155438280154453,0.5395351342523362,0.0017211940485104549,-2.6751714391663324,-2.8007981069407695,0.7792749376525698,5.253323060724984,-3.483060714768193,-1.7214905730764514,-0.4377474393201739,1.9039619660887048,-1.514986299650058,-0.94466502963542,-0.5187690532162286,-0.49706032787683085,0.7508182959390028,2.154947504769112,-0.9452713899775009
3242,-0.5543563495326076,-1.2372924801036582,-0.8957871268396573,-0.06218463412095332,0.45668712781699083,2.2929334627803915,-1.5654332592804643,-0.3688933086220949,0.6328906259510108,-3.039473259118294,0.001433633022462466,4.339475568047924,1.539079717012914,-2.217177514290915,-0.6528074367368149,-3.223835215542838,4.192834958315533,0.3619054912428794,-1.4696599861193107,1.8890784360827197,0.22834596223067294,-0.02360188497489979,-2.6613247752614537,2.03716224804106,-4.063841796801505,-4.151378222543087,4.853185682002579,-0.1836512605692846,-0.03097380099394975,3.576659398907374
3243,1.78069412446753,3.916764834497357,0.5706561344430767,-3.593663951362924,-0.8946033605548291,-1.7798477814897034,3.001766337278511,4.652793363023935,-0.1812294465895743,-3.6017390857567957,0.19645921601149752,-4.068050383967083,1.1579734066804441,-3.0572038880025207,3.582463972512162,0.7943429092894156,-2.3352524649019752,-0.14232393557674783,-5.287056170151978,-0.2651878290547156,3.2760133787389165,1.2053202278349548,-0.8426476442170046,1.9135580368486167,3.991137347204983,-3.2970924169431157,-2.774186585644305,0.7252786029114642,1.7163588341762122,-0.36149578170313035
3244,-3.6539278469929695,-3.5066632507571285,5.356077745720047,2.0824844413941648,-0.14457539985967616,-0.13339568950393854,3.2343846103413156,0.3777258542279398,0.20249914761392152,1.2195216066883745,1.0429366243802205,-6.077067843251275,-3.5556834779673867,1.6406281751730525,0.5133301644198305,3.8730759514580306,-1.1059569284883253,-1.3653938845944573,-3.471202714579256,-0.4554264442547993,-2.4390996733641703,-0.5158587393362737,2.6718619835073714,4.209725588025908,1.266090842046335,4.922475163492958,-5.817979638344696,-0.44043546059489724,-2.675916828724853,2.7457659221272763
3245,1.6744596575759054,-1.4603938314237297,2.956463156140309,-1.31892594191606,0.010217706547751781,-1.8618207469236179,-1.3057328974768936,1.1765119627041614,-0.5470295660283497,-1.6005118498788633,1.197370860405755,1.0793914902747268,-0.691048123494749,3.345130591028962,-0.5160474487822988,-1.2976020822981127,-0.9742370142501393,0.13380407779708214,-5.965138589342882,3.0297813094261876,1.5826586639613858,-0.16437888038361148,2.497211236330763,-0.9801337399930539,1.1970856121208975,2.7888732401374057,3.50166308142013,-0.4177690689215279,-3.4003594767240237,-3.669493388030739
3246,0.752794955286932,-2.26709113544603,1.7089367304286185,-1.1865721172279926,0.3682622415262866,0.6236693254327541,-3.641275222582827,-0.6185755803766391,0.612642354612829,1.7987802043432026,0.05709240250878267,1.7913358414952079,3.0162456236782944,-1.0014608132220584,2.029139355414575,-4.123017171361209,-0.629644815273906,0.7087378207650588,-0.8411518848601958,1.0757673033404007,0.5555833773127503,-0.25718670344297845,2.0226034133767676,-2.5556155057279604,-4.083365216623905,-4.2701978748190985,1.3169986718566022,0.48791972255939164,3.296947596208021,3.251697100821108
3247,0.18680654010092113,-4.774462983769663,-0.027306648688703916,1.8479341065420094,0.6014200891355514,2.1656088966804745,-0.9496961627068217,-3.3722088847731797,0.4325447218861376,-0.2060546638131875,-0.2859231743331474,4.381338163740757,-0.63784553473565,2.5304977446569694,-0.2517064394310715,2.5202446691938007,-4.203052763668531,0.041862323985272454,-5.057224845348529,0.31268040635731786,3.252117562394421,0.0006294464611364958,1.5775471243325008,-0.08574969419806422,3.273681314729039,-4.2757583559348085,0.49756679326967657,-0.39398301041483386,-1.4018002879164193,2.3002935462694794
3248,-0.8682683652233845,-1.4491257201339636,3.630890237918603,0.3190497708457194,-0.05143652085350814,-1.5811094025528885,-5.509267044191169,5.146996554822977,-0.7966889000133301,-3.502357592720637,-0.532790200152208,5.194107182254939,0.33402954693901066,-0.29539650035911436,-1.5642396125200975,-0.8543242777800657,0.049819890454706695,2.3301109532663347,1.7908439723279876,-1.7846113154772674,-3.2924915617441393,1.1936919955877183,-2.9129763432520317,5.005543252556521,-2.004493793463322,0.06750636146132294,0.22200028631069912,-0.9075516728324429,1.2445861129756075,1.3779527055502392
3249,1.3517745158873318,-5.696748799968603,4.6295485211351775,1.410545810591465,-0.3638101281330308,-1.3313099195117726,3.8236062897283425,-2.2568786080635235,-1.0900108431754738,1.4481930329098418,0.747240699971429,-2.6721505713700573,-3.7254463947224323,2.2024709590744287,1.903012204594834,-3.0012850544509675,3.8063382545226823,-1.18508996901779,-6.184926932537515,-3.0072872668586577,2.846669020242775,0.017263364820257365,2.9437030446298245,3.384578769702088,-2.0196363352283697,1.6864995862472583,-1.6083269033687095,0.31965293101368975,2.226446039191597,-0.6046353178533561
3250,0.20129652775475115,-1.7517873096082575,2.8252438890582,-1.8911366428668401,0.9905402958881178,-0.37415676022541255,-3.0921311588511387,3.8226000079962184,0.876375574201151,-1.372684093403624,0.6781330915625254,-0.9122934215045575,1.9259321226978159,1.7700728842743487,3.737042707837677,-2.423200176366965,-2.590812939812359,-2.419034598629734,-3.758216710598674,3.1612061268763796,-1.791258850772607,-0.6072878723417663,0.24332792502150724,2.752229381813919,3.6997048942076773,-4.502351999352946,-0.7661230744725636,0.44715764127455326,3.24158559093809,-2.119973052592714
3251,-3.5446509841822422,3.6800720215726344,-5.174035689218801,2.5219355647194277,0.34734007216440377,2.169339014945196,-0.777781361350403,2.921806325703244,-0.9840742314852999,2.8629668742098744,0.0760041228963475,-4.098921729973192,-1.2551027344416887,0.05936259924406073,-0.19928974508171038,4.011458791857635,-2.7343455315531315,0.11791661997557945,-2.766456777090646,-3.111594792514113,0.5833909818978178,-0.5367307668435464,-0.38895762128190015,6.220348975831129,-2.1588182788816503,4.235508231031041,-4.704003936406181,0.009971270061964965,0.5500573985540029,2.0672853156428985
3252,-3.712959805844948,-1.7378802222199,0.6428827751092747,5.032450399899901,0.7157535079942825,-0.9402466549379831,0.31427854166012636,1.9986571178376522,0.11672866495482381,-0.14030424044192458,0.3558162541966894,-2.645176338206788,-2.5428047443229502,1.3401605226675883,2.739400381704474,-2.41210096066823,2.3143472642728966,-1.4390024636530256,3.537146466973912,3.0857686014570795,-0.06473839310056206,-0.13172244935949884,-2.5502141644538234,-3.8762400615183275,-4.70652407982246,2.118799603188208,3.927189907683889,-1.2135793963012986,-0.837941986545669,0.712055951799444
3253,-1.423589228331032,-0.6353588454574641,-2.974461678571437,4.079423827623284,0.383713149447519,0.5702727752897747,-1.6076122172957525,1.7299519534291932,-0.2623436920702158,-2.030669190009993,0.8191598802232045,1.351513265724158,-1.7193720090511704,2.354858412777755,-3.674048461872289,3.0054681618024723,0.5548286571866825,-0.5217347608427119,0.4747331600544129,1.4390793142127993,-2.2141093022862677,-0.03725843908889459,-0.02004665721473664,0.3576019243214965,-1.7062578229527041,0.42908874915833195,2.4035510708929912,-0.43957251324513713,-3.4642362949427543,2.777426811091374
3254,2.8425753062164,-3.433663729161932,1.0144502773106403,-1.577415908607076,0.019357147458164636,1.1346969067844679,4.817856165953248,-4.013608346142078,-1.151332742916996,1.5083562033518945,-1.2424146394772686,0.08114335923177762,1.1264365800634941,-3.0708124462138606,-1.3479824483359817,2.6362424240217273,4.2299647537822835,-3.573848863316954,4.273863576333895,-3.1314673748489525,1.5223847405101303,0.33839024311412835,2.3683482648838723,-5.37151944999426,-2.617357793278458,-4.531826999724075,4.446644519882483,1.0958579600672067,-1.1291319698509437,2.7358142829058636
3255,-2.6713227232196104,1.4413534881005532,-0.9568224932428677,1.4518806972427818,0.3835364985881893,0.35137453253160267,-0.24992698912006972,4.0273741751877346,-0.48805120355035037,1.414191564875722,0.7039458241912344,-5.407533371583675,3.468672565573968,1.0285426769670956,-3.35624669929436,-2.8462336757653333,1.2677932033783783,0.4374719291409228,-3.5527990589968645,2.6217738031811635,2.0834560484294684,-0.08379687648373757,2.7084452254360425,-3.7770791415672527,0.5804026011754786,0.4737124546679574,1.7864964852059195,-1.0859156334179287,-1.9434921766528017,0.18879626902345237
3256,-0.3201394276172156,-0.2078079420812422,-3.502370312863942,1.5117409174923147,0.3303602941161179,2.1882164709546412,1.0939303350394525,-2.2619206315711047,-0.47487365718326746,-3.7065901304934936,0.4514966026434415,4.897957481565587,0.7365405210233966,-1.8692309131542508,-0.666379644671089,2.4959264257873954,-2.2454310296935116,1.548574640708754,3.2044777770400756,-0.5780378297091691,-2.005759644349281,-0.883152025803887,-0.19144966822355158,0.4539213910446236,-4.2468912220399595,4.929566141085385,-1.8873443633958793,-0.5908941204737115,3.5201084386667176,-1.724544873840463
3257,1.6987929565837376,2.2314625943589803,-5.759864812187885,0.9536966146848798,-0.34702778646162713,1.2229404330226057,4.755449937314076,-3.7843328531032654,0.39979694861498327,-3.383369270531311,1.2362284338837464,0.7762268038224036,2.111787366147915,2.8570639236612507,-0.6833037157938335,-0.39142394578900763,-0.9018919383589221,-2.9922316898666814,1.675638167166312,-1.2636163725411134,-2.3626779746499977,-0.737213005802956,1.7254193966388929,0.9624497891876977,4.4919512782603945,-2.921241329243646,0.8194143436394299,0.590029600623204,-0.9594478082022029,-2.0207060850751137
3258,-0.8596104874136792,-2.4393792012471636,5.910198789719342,-2.6022669755969865,-0.29890250442610844,0.289960378965306,0.9275170354170612,3.237752989355222,-1.1565124001440261,0.015970764375749624,0.23818248561306987,-3.2629108746164377,-4.005685275197296,3.340141101921809,-2.9754303028773688,-0.17843765250229993,1.5783033066620078,2.2411088219938478,1.8254387840859643,-0.5590503355813006,-0.5180430444982189,1.0875599557000237,-0.8897664521839417,-0.9461389075237179,4.320402746068449,-0.48917908468004256,0.8059945260295116,0.6446436225502445,-2.9684789924130364,-2.3133828175530464
3259,-2.6674659100659674,-2.253954983748205,0.4114107843510695,3.911252391477692,0.15264160424219853,0.4461161137439209,-3.3216993304126525,4.718728483617209,0.6604663449003443,-1.2859645674330942,0.22592607813365806,-0.9974570088048296,2.1916162785958875,0.3842437703658206,-3.1023315997495313,2.814918678060671,-1.4587899540427678,-0.8296571732293607,-2.6317586457267694,-1.1084236276625052,1.7086809219536008,-0.6228797747637067,-0.6511908675156892,3.305571993713876,-2.7869372992590655,4.175497557498808,0.4461375508381309,0.9792063873596684,0.07619301167480863,-2.8900972081103014
3260,-1.757124416468013,2.478208275884697,4.457305045898707,-3.084005677962889,-0.8136560726766315,-1.2807271546751569,3.1530461456886023,-5.830495659557116,-1.0838109348407472,0.9135366493783508,0.1577371354536572,2.6899866638778853,-0.9050259912305734,3.799032335767066,-0.28671908722314043,-0.9366731027128807,-0.3562883790133071,-1.3143257755864788,5.074628297148486,-1.1206240478630036,0.9989225045340824,-0.1297121844917326,-3.067351019413321,-1.755863549915727,2.7898636434092694,-2.9480672943296007,1.4219717925045643,-1.1044845643793586,2.8541163230390403,-3.0133999002418435
3261,-3.1057711749098154,0.3739674598170346,6.087570539102025,-1.4989111772112373,0.3279130337223788,-2.1847686805196966,-2.0523338682435295,3.137532912556342,1.1150217920129162,-2.2574563981565774,-0.3838299760343018,0.44106553786576796,0.33685103832501184,-3.448568278953248,1.1937900114795674,2.83242731941305,-1.5632822488557512,0.6487821585920273,4.328881123920212,-2.246439159330217,0.19498649948037894,0.18819285410727282,-1.6996128838168634,-0.7660084343620213,0.030701305691451353,4.7781129408222185,-1.7450438701068585,-1.0155652279946352,-1.970995049447021,-0.07721009896308928
3262,0.3825099604540192,1.4099913239241175,-1.1283829741614895,-0.5012540115002864,-0.6148113652516347,0.4519470665359808,-3.784987480172372,3.9978705924148237,-0.2085051561249074,2.4207479821250324,0.21036796986467188,-2.635493908106632,1.2256821922467935,0.2372815389943277,1.1421368228950861,-0.5140075757434737,0.8999197486072852,-2.991012726999358,-3.9895015137354157,3.3732655727905794,2.0351499172316743,-0.7625429023956167,3.1198720807870544,-3.7762431546795305,4.339426434715147,2.4337647190977947,-2.1895067500250356,0.5187180709083012,-2.0659260435644065,-3.036476431129717
3263,2.5213067398760067,-2.3535546157219187,3.957873195315095,-5.195287809680085,0.45563450545493867,0.6140279847567012,-0.29058910586576303,2.9818228097204766,0.7986097688479701,-1.9938244730987655,-0.35190992934250254,-1.1441090702607788,2.537783342110199,1.5080429914029985,-3.6183106133708254,0.7635994705625642,1.1691107113469847,-2.36022590205126,-1.4211255116827388,-1.668088840975697,1.4483502384158378,-0.34245199215945465,1.7609049362567557,0.2224111701440492,0.5574385716305663,3.1886945085215785,-2.662183393324529,0.820452022621458,-2.403820766311263,0.4994190568642516
3264,-3.2958412828251813,1.1358540325068134,4.893170146410316,-3.7713748788145303,0.8707845618177439,0.16740742090558136,-4.880248368620073,5.436025230587532,-1.1637495380189464,0.6231552434860106,-0.3244635499504609,0.30928098251659364,-1.337192003809541,0.6775390290031886,3.991236832392513,-0.9405916340481468,-1.0987151150284156,-1.2922771085089622,-1.721208465193076,-1.7114431564627797,3.511400999106634,0.27517959470642417,-2.9132477270213144,2.55931875486284,-1.133316944402452,-2.1988798275705257,-3.531674411207945,0.5947388664320261,3.6711912326463576,2.5979410841045762
3265,-1.1439256859987808,3.805492919356414,-0.22248344359809735,-3.3372013694752702,-0.2741498251752117,1.1722674048916648,1.1130084854450715,5.254171666719028,-1.2421969580292513,-3.4108907983857915,0.7542132016436307,-2.468305597392085,0.6341692453539771,-0.5588853568472132,-1.505855585599397,-2.4930295165414247,3.741879014110136,0.18172219952458057,3.516094386184154,0.4693558335524255,2.792569952710398,0.872414912881756,-2.946563226509385,-4.7038718588206265,0.18845237396381975,-1.3771179508911224,-4.630502831044765,-0.31062679865172704,3.717070088443606,2.4127251181822196
3266,-1.5754103909087434,-1.4143060962826723,-1.1880406976181668,2.6155442331513434,-0.6714017935013203,2.2336147451603168,-4.648965667853975,4.514104922283504,-1.1748910722149888,1.6384657503568363,-0.37554489614357234,0.04683096357277705,1.53195845908839,-2.0337974851912115,0.1911862893428662,1.105953702689785,1.3017165731869582,-2.0970175391161554,-4.93164395631598,0.7291653031268854,-3.720987162921764,0.046604424646814024,3.171477451605096,4.705383939857697,2.8893117799215915,-3.77415684913602,-0.7683743496615385,-0.08100650667443077,-0.9634503235206751,2.6976762490731403
3267,0.12448213762463922,-5.6102947959054354,2.9582445244930646,4.792405208137001,0.2059272054196457,-2.4707642797681686,-4.3997299086397454,0.6246064420347963,0.910013107802329,2.4633158912199455,-0.17676345334847454,0.5785579209317468,-3.9508043588807915,2.7251942878148867,2.275379845119833,-0.03334078758666692,-3.428419943484794,2.411990957018155,-5.789384157500237,1.4391215415835816,-3.4623399427672243,0.520140493765302,1.6889969005361767,5.603465164381134,-4.278416793639927,4.786839508447066,1.807356476739173,-0.37446556669299813,1.2164158057335435,-3.1577294305847854
3268,-2.6820142376088505,2.6119032938071562,1.9083564111737452,-2.3093787648527027,0.8766995266703255,-0.405566229188949,4.592462426575061,-1.938720027465731,0.6732255198696624,-2.923572522056796,-0.9412059364513325,0.537810539529719,-0.7998765115706874,-1.7504510980923111,1.9098711721543573,3.271552195251992,-2.438156991383515,-0.19293876635919105,-0.5357942194352567,-3.4517282356785,-1.2213777320952737,-0.6656362911350797,2.8250108754856917,3.049525602857166,-4.526723065501054,3.8895610204103725,2.942970921403088,-0.9482345300881496,-1.4825584853764546,0.12498413915426276
3269,3.6549883807578034,-4.66368604171555,-1.5110999654942425,4.521712689524602,-0.9306554489834906,-1.0712596140883939,-1.965510857341144,2.784894131151596,0.3509863072125121,0.4543304202688603,0.606253392225157,-2.2309533935164154,-2.618130191729966,-0.2763826301958652,0.6055350973593008,1.2413602738942728,2.830680403904857,-1.7830629532319549,-1.5939964526992298,3.4230250528898836,-2.535680116778021,-1.0479670048678855,1.116897933369108,0.637720588084882,-3.418556940809431,2.381407507265706,0.984166432867454,0.263690762309607,1.68547167280731,-1.8961794344386043
3270,-0.43549278875415887,1.4176478270438118,-4.688198957346948,5.048620673055602,-0.9825659036679704,-0.36001085032959423,5.428129978517834,-6.146993748627761,-0.7626446414500814,-1.1375514796049426,-0.8578988662174494,3.4769587573829526,-1.692066239748458,3.394468528998111,2.616444766598054,1.53319651915805,-3.9183135076163094,-1.9337300673887974,-5.589441846607777,-0.1862347157484514,3.333358864359603,-0.6522008692038268,-0.26138341477217253,3.3559019819713427,0.30418430145792996,-1.1563478182823594,-0.296586740454277,1.072638619499461,-2.7656587261792076,2.8417703639604994
3271,1.1585950959205675,-0.8133233807208313,-3.1090642632326535,2.220795540993535,0.8337242200323138,-0.29072721299217186,2.4374099513802747,-1.4071468767123463,-0.20730820807270245,-1.1659471388160245,-1.079572158732347,1.422564430953706,1.6418508321522118,1.842378338808409,2.6347539280665764,0.7235944253972839,-3.7432644925938874,-3.099313031829965,4.526275029201383,3.1821610943156244,-2.3501917847169604,-0.6891124971026956,1.8504495733578104,-6.519581415056447,1.0627835549093483,-1.5808947047332857,-5.431459196434247,1.0070733280579587,1.2420722935770918,3.7004247246251936
3272,1.5935824284747682,-0.9071790638318937,1.5912858032712833,-1.6254387531922063,0.20998424649067804,-0.8622346612118665,2.670683069401896,0.748227315013569,-0.1551643997780987,-0.5052957946877843,-0.11366417543070906,-2.6447860145183135,2.9383140358776885,-3.8707217586287346,1.678347921764363,1.3243918276263358,1.3717846154958622,-3.4421166421348985,1.543029587012331,-1.026030011210528,-3.354337865024508,-0.1187411613174465,-3.006947046428529,5.9630264969673945,3.2901367322515895,-2.536962730863621,1.4589616502474065,0.28171910139479905,-1.532327266790121,-0.9615274862380243
3273,-0.9953429323020568,4.106357204583805,-4.61301225319534,0.1125413928902006,0.4747624658933387,0.9146941221308236,-3.711281721714066,0.7058078736892313,1.1108265895557397,2.909022030574892,-1.0857462091894936,0.07137143708424531,3.896857594885045,3.6646593339844316,-3.7280043883710245,0.24145856449456105,-2.004103596321844,-2.070867508670517,3.304559808812755,-2.966698687814306,0.41532067129432804,-0.38256480016423655,2.501365392621178,-2.871982384751,1.0040779743607366,-0.9618674661176492,0.9509712894746478,0.3137868237726007,-2.5850115503893942,1.2780429289010904
3274,1.1325625108327095,-4.236815736863125,1.0382563829485854,5.274849668240567,-0.9893788352618305,-2.2194739898961293,-1.335203170140737,-0.8203669214778166,0.9799357064022125,-1.0736552366195067,0.4656865626653275,1.783603059171078,3.0700372415636004,3.828953543271723,-2.6393684757356866,-0.44677047496137234,-4.2278470955558305,0.41499526141821086,-2.0357245650585547,-2.0609027562950857,-2.239122606256304,0.08459145464940754,1.8927723485482133,4.3583861244110125,-4.5425924387381365,-1.9940869871219107,4.028159742736907,-0.6311817755935349,0.6926870104263365,2.4470144482923857
3275,-2.9567284244388645,5.45080069245931,-3.153813121115892,-1.83509338616172,0.16282618463175424,2.332008054626172,3.522174668681231,0.6656876080751069,0.28914720368591507,-3.0815432343834637,0.611106153461094,-2.006572399519353,3.668909455244222,-3.807608986964988,-1.6084762069602796,0.43736404432132403,-1.1903838308331505,2.500195525193522,-3.132889406649845,-3.381051426724568,0.545893825617231,0.27614768188062744,1.9913223043595831,3.7005770215156595,2.363260172724239,-3.864986812194548,0.5171965899424791,0.3565222636825327,1.6189246389645113,-0.9909168531171506
3276,-2.3372429885532444,-5.185489302371902,0.4799908765988903,5.63176083011879,0.0627857591312253,1.3481948250770301,0.7506589875477978,-2.5145162476800778,0.5161544444406108,-3.1579467945166133,0.5434685235857248,3.8621810866230746,0.29148397874434195,0.571766261717503,-3.6014394770251936,0.9569885893073184,3.1435153531970883,-1.362314705940399,5.262718131686281,1.179487350953849,-3.9207478337724773,-0.3631058264128777,-1.5802626350210804,-0.578089187434994,0.3770625512088408,-1.5723317301464057,5.656116212540272,-0.7729290839866305,-2.263679680262955,-1.4242382693510702
3277,-3.21631850861859,-1.4004947983478004,-0.2675404711512037,3.9556267831151644,0.0689873175374891,0.8597396774657469,-0.19361625864592824,-1.8098363007053315,0.6707171819282944,3.365922728821971,0.9704126913823341,-3.0036000427808283,0.09587115940046687,2.7744475276311995,-1.913794046171727,-4.115000686990458,2.490911583430119,0.667564462701062,3.5577081376708897,0.6793326132873325,-3.9736256529084635,-0.6991323215229768,-0.07255149499663105,0.508268718468539,3.7799653296794418,2.4402641959126186,-2.062074372560037,1.0151085678730034,-3.6952557475357235,-1.4780079733672657
3278,-2.1865146351511875,0.6987012936032393,-2.1337475472009295,3.2988657135720665,0.12376935409898371,0.19892582107863355,4.617007804049706,2.2228482227256166,-1.202327004720416,-2.65291316206795,0.40655249587962405,-3.3911683558660215,-1.0221764779871467,-1.4282206183857848,-2.402130699716235,1.8282292468310324,0.4682278030855791,2.5560707461732086,4.692751409867384,1.2729949272393402,-3.8723911008880876,0.023947986228153972,-2.931188467116467,0.8138852446683558,4.67434877168656,-0.815069426700564,-4.036277148775955,0.3770557417579301,1.6855579934038118,-1.8856159313697756
3279,-0.7921706286496022,-1.297129800214936,2.79269134541088,0.28372764665178707,-0.9460249012453705,-0.04109366195194575,0.9495449088549712,-3.577304582220396,1.2053530768511527,0.8241543054042921,-0.4149155442346819,1.0131678353452216,1.0134524183795293,4.087976121859455,-3.1424992272017445,0.26351847830752817,-3.163179410675335,0.94073161933124,1.2990240222159777,-0.2282931025218673,0.6205228365003777,-0.6827103620138049,-2.840238951479213,1.8316955572972127,1.7232238326442868,4.535206679763533,-5.8068033877495076,-0.026822114901245087,3.2905804410762443,-3.715385450831306
3280,-0.24960706605780203,1.3068118667252513,5.494176802489054,-5.421973019009432,-0.5752208813127746,-0.5541877028335147,2.1701039418428962,5.6407789002247455,-0.47669636116881975,-3.6135185370252625,-1.1475913293707887,-2.573076614502188,-2.7814269117858963,2.651859453343935,-2.340701986273574,-1.4963323452864081,3.083476817240573,0.8831249727620261,-2.657716822462117,2.487760213919355,-1.9399207200277004,1.160482536941097,1.3951937618834247,-0.44579897025538884,-3.968179855491261,2.7175286595122117,-0.9291338661331778,-0.3308580567722341,-0.4208327416254498,2.931475860511913
3281,0.4917773667283374,-3.721901560280074,-0.8803263033297881,0.6787121574118622,0.9714415958169274,2.4602967436535224,-0.14471402903361508,-4.010385613391325,-0.10023033467958253,1.4208704879630432,0.48352935502240246,2.3509301341196718,-3.628179280782094,-0.6989386701310494,3.945662867180335,-0.19254799513113952,0.04457982006513106,0.529423258799472,-5.368206276930682,-2.3760278628997575,-2.0605254009818452,0.5937509278989346,2.629013460742822,6.581995152169213,1.8417015128558987,1.7847945731306076,-1.1923377039206677,0.6340720156723094,-3.334308850515937,0.26607845277979614
3282,-2.6328761634545437,4.995631768050917,2.346132610527487,-4.23212411602395,0.5569025710935875,-1.0336666701927104,5.229546125745692,1.2311142017966752,-0.10536626220252554,-3.138699235555025,0.8756044561276219,-4.0921992859118355,2.3411044689332456,-2.8250148611728108,0.7593759707914565,3.4597364150430003,-3.4476202405571055,-0.2875817530371272,-1.011888598498306,2.1207503288144913,2.2619330967048086,-1.111065298524354,-2.6672937166455934,0.4075641881476244,-4.476149563219593,-2.4718479065802264,4.859782572861398,1.2213437652951722,-0.8999514027326416,1.7668225343778978
3283,-0.32247060443818043,-3.053536807126509,1.1796870175731549,3.1545712999752205,0.19794580371001347,-1.1561967096928711,2.105391763070511,-5.788937124431989,0.6895205820757502,3.591142433596989,-0.6285488186326589,0.031431164322043514,2.2432872147301275,-3.809763796492186,-0.8072038082880546,3.4383504162142806,0.4566464589780246,-1.52131648514154,2.701348901766579,1.4382905938274426,-2.079287041548735,-0.3336282239601527,3.214088816929877,-4.940813047016324,1.504457406559684,-2.808214698864539,5.719957048717166,-0.035720424899606584,-1.6213656928205147,-2.7591136386901685
3284,1.1773958843601626,-3.360799078507668,1.4586069198944713,0.658545582657549,0.5568957234099439,-0.49064503181362085,-1.7509080834819848,1.418161002260213,1.086202309983122,-3.2680390340376526,-0.33057629098530406,2.8451600962622408,0.526062644435914,3.458242599881917,-1.7747137210537396,-2.465652415830524,2.170520911575167,-1.9144600190080965,-6.240910372294511,0.5715747246977081,2.6935589147014802,-0.46510592226513836,1.2031210027344201,2.2377616524246875,0.30515635337670943,-4.895563596254625,4.955223342425093,0.9418971858999239,-3.0998922455604188,1.793178960115366
3285,-1.263232326498315,4.464994917729925,2.2221726219644076,-2.4991154154373234,-0.5463911654284115,-2.3784286323294426,0.9792457127604131,-0.045787812563542474,0.37282918486145444,0.26498265731605564,1.2324570397001438,-2.803726782073902,1.7775398845089683,1.0419368928822017,1.8247911183147991,-3.9093170345420454,1.6988570670578902,-2.433807928221185,-1.396559901085272,2.4529802537561842,1.2130224305030097,-0.6942300117244553,-1.7845650930231578,0.20935232157233585,-4.570967458978883,1.6171268790383984,-2.953824345169842,0.5747083883575845,3.6070138948236377,1.725942641931212
3286,0.7115171637559801,0.6388696748100529,1.6869754347642356,-2.7004811298404654,-0.794476944916028,0.45759580142706113,1.0500053198303867,-2.1211312068351234,0.5622102999683296,3.2210887111110225,-0.7414553363402252,-1.9707177877337578,2.0081994261739524,2.2759900554034544,2.8971441721556204,-1.619181907983842,-3.869641628806905,-1.6925101169416514,2.6708356124454085,0.14148431506988146,-3.921923182480331,0.9717938295777628,-1.2994890144530107,1.4372984398389548,-3.561332340019728,2.6171283461884656,-2.1566686590995907,0.8632698295056356,1.4611083020529279,0.7764945213743601
3287,-2.839146090089951,-3.246279309060025,0.7683189641694455,5.316615089364362,-0.6446103956393898,0.6451017412563989,-0.33275082426063207,-2.376463431411999,-0.5948970640878279,-2.094653289996172,-0.5487042932847404,5.947468903042015,-0.5345530110669152,1.7337273683383962,-3.016557519741978,0.8759761218099626,-1.666511835768512,2.607918876429661,4.316903627993934,0.3395953355121861,-3.7304173335934365,0.5543170158087669,-0.6286496818699874,-0.8517489638527955,-3.7029926290340853,0.23398681295461543,5.920996617762807,-0.21318429214399615,-2.8246975772761775,0.5858910677388973
3288,-2.6753642001527655,-1.4577338053474804,2.5958345597682175,3.8319052256623394,-0.2965098067675247,-1.9981319731619624,4.931769423397149,-2.7176154230477145,0.11952545619752719,2.8958914970614344,-0.6058178201265481,-4.623753133481223,-3.770984716508943,-0.6589040563794306,1.9322481572976145,-0.85140503258134,0.5812034067593785,2.767842241413341,-1.2525801529597338,-2.8204315989521263,0.8849371065720568,0.19747400814081129,-2.401112302546249,5.391712939743904,3.152831043568707,1.6521035314208774,-4.93101716643503,-0.9566765943456561,2.8560725974784766,-1.7733134116853453
3289,-1.0899088451605028,2.385319069405611,0.29102954816126925,-2.8694306482213356,0.023329276797432463,1.2596615990183704,-4.046317946619901,0.011051123414578257,-0.907276643223585,1.106397320670002,1.048037207751868,2.788108938007664,0.9610831797091564,2.813002208402281,-3.922296887817458,-2.0606765900651585,3.569219990619544,-1.3603319008477612,3.666970146685223,-0.13556409578915662,2.2791687406326204,-0.5170626554529019,-0.9712214936427372,-4.322290642434432,2.0208449212021904,-4.869799945875604,1.9622212276543607,-0.04464601902808507,2.7841732266739285,-1.8527934106247397
3290,1.4634868266280563,0.6128113418384373,-2.5769029135606765,-1.745476899622311,0.8976874930162286,1.3483941517010969,-1.7755777533037715,-3.544892105383667,-0.20489176359502004,2.8782359971895737,-0.3038675578393484,2.950993182932841,-2.2570767739237905,2.4827613209967545,0.6999262853014763,-1.4796057884748457,-2.3914535395560588,2.945448495657125,-3.7716801218669183,1.8015776784419497,-0.4102944906853008,0.6230651034463204,-1.8854347134032885,3.642766544065868,4.071691150508492,-1.4845048588860088,-1.931249695779453,-0.7806761234841204,-3.462726679342232,3.587466206985365
3291,-2.6570105115932776,0.06586909011137365,5.771848152959475,-0.6777488164759298,-0.8147898124428372,-1.6881681025579507,-0.6248782830269555,4.7259913026178495,0.8768009970728894,-0.5341107533610909,-1.0755740962337326,-3.3682291670683497,1.0257620906361211,-3.4777868262287477,2.2442775985207035,3.3109769355779264,-1.2394902309398077,-1.8637395675655082,3.8392977576671043,-1.0628519792491584,-1.0955802201068146,-1.0772551636930463,0.06440264165542153,-0.66801303627485,-2.183592908774898,-0.1027339630544084,0.2679424915071671,-0.7978381174161644,1.225786114961874,1.590436382778467
3292,-0.2297273140842826,3.7022066207901254,-0.7376785142194784,-0.875752397753871,0.5957515986964332,-2.4547999934280833,0.17342499537108935,1.1863849596890184,0.4961718597624776,-2.981082623507227,-0.37903480951147106,1.5041356181967345,4.139879667170028,-2.9949039821506425,-3.096855916014654,2.419418075118273,-2.274795561238939,1.807257717116638,4.699923693175926,1.6790323293821618,-0.8037868026566137,-0.28366051211994936,-2.5468428737045112,-2.7446658340783436,-3.2148572216074704,-1.3375015086816902,6.0957171893825155,0.7691415776077051,0.931338782016601,-3.243838818715579
3293,-1.1417408061475065,1.2490838230448702,4.5165573772254355,-1.8418813026859837,-0.8304414683374575,-1.9515776230985011,-0.14047851606804684,0.5234008917966939,-0.3688112384769475,3.2978751196494294,-0.9203292088633059,-2.391657048037203,1.8706676014778552,3.1226920950930577,3.7274293244151195,-3.954293177998988,-1.2293088356574664,-3.537187007328898,3.5349150117796704,-0.557288678549023,1.9207654673272714,-0.06492071065239546,-2.6200651535468396,-2.2134059363599974,0.0877608896927633,1.7826031210010491,-3.0189825196537114,0.718083805547983,0.9587200212208256,-0.5281853178068463
3294,-2.4877253274175803,0.5583801082664337,1.5524932560301679,1.6995792193185935,-0.20012864666918695,-1.122598609527568,-2.6941497320950347,4.677246607455892,0.01133451050937584,1.9473264108962773,-0.03832712945755112,-3.903430667308303,0.6007294860315469,1.780010397736227,-0.8029355805746121,2.200134597083011,-0.7447928360645442,-3.033146064210939,1.9051849723589243,-1.050764837227451,0.8507292124589405,-0.010459234237832682,0.9196254116802614,-2.6143155250341756,-1.4643364589132482,3.6962099259940864,0.930301164192592,-1.1529404969470467,-0.07315653739487615,-1.9360775969294401
3295,-0.39665131754733096,-1.7634555211028555,0.5075478511964562,0.32342495397609383,0.10295095196166004,1.2261830815168455,-5.825891116879202,-1.8441013344559885,0.7791809775805163,2.054749806057089,0.42922221467086974,4.406839453027391,-0.5900055384362339,0.8510800383169652,-0.20888719046589088,-1.9091559359455257,2.6500648867859127,-0.7930962602545613,-3.047177760563489,3.0080948974713877,2.2689592423514107,1.1018499660920966,-1.2690856420520973,-2.0626407033006657,-1.6616828122830434,4.856721428156625,-2.8394093052269724,-0.3174858814885839,3.0722129426549465,-3.110356371810841
3296,-0.07823212306422,-3.892918620255898,-0.8908127403157629,2.682712389816416,0.5420903877240146,1.6371607060963083,-0.748645251351391,-0.23016215674682172,0.07112059019598416,2.318369824414603,1.1348781610737984,-2.5455611675854968,0.2731061003269737,-1.5026822938725424,-0.3552426361310381,-2.3449417311743748,0.42616344529882255,3.5035971155528536,2.358353840533141,3.405448321961412,-0.40249967530393604,-1.0616400411216453,-2.364680032359475,-1.9349824137108698,-3.6212389977603685,0.3614993407085869,1.5279369177214406,0.06833784934822429,2.032882055212255,-0.36941716522798096
3297,-2.6624946552862845,-2.3939652972728283,6.1466694809116795,-1.5895201610017473,-0.2814831543599794,0.7807937870100616,0.8057108760840137,1.5285819065818913,-0.9250702896891436,1.9026221515748531,0.07991016515498206,-3.39175480970588,-0.9811699417302613,3.0226929830751814,1.784845805902524,-3.9463477652746946,-2.8420586075174405,2.962037525545476,-0.6779252009029193,2.1634307326199256,-0.2511934444492887,0.056622464972898356,2.697840797676223,-3.9887753499182352,4.533649779202559,-1.7872319733871862,-2.174816677323413,-0.5976557002628908,0.7294828579066781,-0.7034282861336045
3298,-2.4716886708678345,-3.2423396898685013,-1.2165873607930742,5.427722577296034,0.9096154473033748,0.5932776969309117,1.1718933484516612,-1.6155369250199882,-0.8315948117398806,-0.9326679138781184,-0.07270508527794739,2.2806113874649796,3.672691679149146,-3.3192136305484414,1.049156735112735,-2.4392343439447437,1.411979673420145,-0.375380113188049,-0.04443304771186618,1.9662881424133882,-0.06479459836585733,-0.14212937967992456,-1.1023645352646412,-0.6125665813925174,0.9573997631511446,-2.774117948044047,-3.2758066614668877,0.5366197751508635,3.4762096608509836,1.0796954103600207
3299,1.9851911695067592,-1.6235816194153543,1.5648189281268436,-0.2326917046943997,-0.10930102051640578,-1.5844357530065345,-2.3196756124864564,2.777280016762486,0.17357069404810943,2.796960446122661,0.374882289791735,-3.8030178342378207,0.6142704327724964,2.775850879415337,-3.0821540411575263,0.594938799356381,-0.5076362289753042,-0.3952698414105491,-1.0011486157715055,-2.3625651945496244,-0.8128203603031814,0.6579579256931671,-0.18387764801858175,3.7024538929483093,-4.775832966251926,3.283044200951366,-2.41619097994635,1.1517344565992689,-0.48801703938501007,3.2452623280347126
3300,0.9309184425731782,-4.27227319579352,3.968856895871408,-2.585495345061471,0.5668971709623101,1.3910960314490293,-0.5632103169229694,5.926660738599189,0.11894449474977797,-2.615134579629199,-0.9819613027476128,-1.88529903404849,4.188607321745565,0.20415711568803374,-1.021538907970374,-0.21924596837180488,-1.2968005101806845,-1.855179050909845,-5.658099545709113,2.868675748041248,1.1651413129845167,-0.5826370796312172,-1.5263993953953765,3.733318959708537,-0.584854290719651,-4.422906817147682,-0.32851526802648223,1.0260744405368385,0.9382300719881442,3.3719718633708773
3301,-2.649427210814631,-1.0953342478228905,6.035955746658804,-1.3127211800444911,0.9339711038780245,-1.9124442118538685,-5.813191195387176,5.876773663904007,-1.122833752163583,-1.5101778601072553,-0.18044527567739355,2.7498744194321,2.568614178194128,-3.846618306136577,3.9701109910473775,3.8255040901657402,-3.632416467519251,-2.885194485750537,-4.278395203904687,-1.392445504984753,-1.777702548638393,-0.4541315600839688,1.6114438552378179,6.29123096237258,0.2033976128590531,-0.17566159936173875,-0.9355363496220797,0.21894183184820815,-2.9016301015337085,3.5904886058123324
3302,-1.2402074093492086,0.8902636314360208,6.041213192550586,-3.211021844312633,-0.8899228628139366,-1.5903247075098825,-5.88333184654638,2.3550646329591167,0.22291389985375432,-2.276665973541924,-0.11463549007064966,5.696654777346804,-1.8757783756996336,2.768245470846143,2.8918160683091614,0.304964952840276,-0.5555720813380418,-3.533676034957022,-2.1745173291773696,2.435422193402008,-1.598909722071454,0.2170192380473246,-2.8472689737132466,3.9682545935113396,-0.1509349511054623,-0.24907591181332478,-1.9818689896428197,-0.1264124453196711,2.1707677670855183,0.3375245307978094
3303,-2.8390185254735414,-1.195328820430138,-1.9035974724955764,5.788881886666211,-0.3442728392297125,0.49333577096367875,-2.0702694754694413,-3.8408034300855434,-0.1537873126425202,0.5259472304676738,0.8785529384340824,4.660360049296443,3.5015824370757045,-3.7757173863726745,-1.0194120436785052,-1.318186661665738,1.8651446579769129,0.7465889966652259,-3.902583818912948,-2.449615882846393,2.0541527863048508,-0.3706571630326536,2.801210889313939,1.867493189171828,-3.271315545954355,-0.9916272768446,3.8336638757336168,1.0271269558772405,-3.717452959986252,3.1196049511764237
3304,0.8091400137126445,-2.156436713783421,-1.7392555040032356,3.791576517346048,-0.5202383163346755,-0.18478599693642828,-1.0375071447639037,3.9565724261319843,-0.5494012784676103,2.1604383242943648,-0.5214192856138737,-4.008683041580291,-1.5123019129220392,-0.6006321897143998,3.5299411646756127,2.208622017008171,-0.2605766240518754,-3.3650524549945064,0.782135610478317,-1.9864162731137167,-0.6285752204976323,0.896478532508632,1.4404401203618242,-0.504062769738816,0.3613576403344041,-1.2435916862379024,-0.4061144904691396,-0.6624853925705558,0.2950436615215608,1.6557902674236935
3305,3.3765061338438365,-2.941016584419465,-3.1092380745269637,2.1791801631646948,-0.4391489039572549,0.9337172658960764,-4.264207349442561,4.341867592791971,0.21529847562234394,3.4214409884035213,-0.19760865331336674,-3.5167910540612546,3.0468013335439608,0.813260887634943,-0.8236826395664174,-4.185230752466882,-1.5231994933226236,2.6720506641780233,-6.174325282959263,3.074925290693198,-0.17086013039584458,1.234557423576427,0.7177219410005637,1.317980758083575,1.9588730439426563,-0.8789007257515493,-1.0172222507242168,0.5419617891558222,-2.3547488208665914,1.750036964245968
3306,-0.762656348003393,1.4854209891690218,2.9408790487160843,-1.20672562150925,-0.8284988026901372,-1.6284192656813996,-1.5478935690183526,3.6681156527563203,-0.40892645226906854,-3.374438654327042,-0.31038045786627677,1.9735234807250563,2.527966504809836,-1.7231150332161764,-2.9251254150787123,1.8554089257621769,0.7986019292324968,-0.5337369115086013,-2.9293339983147355,-2.6848308920106607,3.03061988486915,-0.5781661904084165,-1.6961342957532288,4.857845491616526,-3.6046139766936847,-4.6602153187843705,6.0508808114492005,-0.191797892082052,1.4812413869487813,0.9245049891641965
3307,-3.4030833015964124,-3.3441976616722613,0.7024411323200077,6.160744273972405,0.8727501610710227,-0.9886546040938313,-4.277936135139548,5.666373593478529,0.5330775570985873,1.9205727482538748,0.6066605616059659,-4.44874832529673,-0.38461518919357474,-3.9094701513278096,4.1004476329514254,-0.16056643940158466,2.3459359135451336,-1.99173176657251,0.7804306566939374,-1.209585847292253,-1.147516655305587,0.699616747292751,-1.9506444647406322,2.827699563350425,-1.3495745455861332,2.6759723436705976,-2.7414410896408796,1.007382819532241,2.208362950621993,-1.8007024785957313
3308,-3.204601332741369,0.08937404396596094,1.9575165777721395,3.4363019003914985,-0.876145467383854,-1.4024457220034385,3.04983800678621,1.193379050702724,-0.9869819771391057,-0.09135963240848355,-0.0310847103548193,-3.1337907375858336,-4.235812194487096,1.2431582087652018,-0.5356344912739246,0.7992259702346125,0.37990117401178125,2.349161332750487,-1.0236246009923633,0.5891660064908972,0.9769870551480437,0.5879127201960603,-1.066239301126231,-0.06420187971773217,-3.1402211574154215,3.97481109534602,0.6899842108958332,-0.7063163704406232,-2.2113523197456093,1.3930945413618971
3309,2.530893814210085,-5.171664207816644,-4.1773391282667305,6.124315273421065,-0.19517650865811387,0.88897075711124,1.7430177121357353,-4.551536290172841,-0.7486315891443871,-1.197382710067588,0.329757844154825,4.424775033094942,2.6165147921314933,-2.804871916742087,3.0675593427500054,-2.880716249041434,0.06893143546205494,-0.06741740455893108,1.6273646584685864,0.2938059616874469,1.991041933879238,0.06940827266880145,1.5716263177309227,-5.55324714443632,2.296302940179171,1.4423210507705413,-5.398596905730663,-0.47999440060710796,1.0092476682148295,1.1307196471753365
3310,2.6815464193802043,-2.154314726883751,4.683082226384624,-5.924339992507498,0.4900809571056315,0.22394511652167637,3.763439698048682,1.3961730746898695,-0.02133927730482288,-2.977647604298106,0.8343145727560826,-2.9949404638910195,3.9055237699505625,-2.974212627191619,2.5904643785017,-3.527572741693861,-1.6522773426295423,1.6580745630638667,-3.5282644217216728,-0.6884762269919449,-0.054159740296544356,-0.7213406118890351,-1.0159954218216338,6.008236422719513,-2.1320064367246516,3.695068040989355,-2.1098960350279157,0.49195628053064144,2.652944356646895,-2.5980662064122537
3311,2.4546460230033382,-1.3487941459184576,2.581914343686794,-2.560093500374105,-0.2091691835880678,-0.9185035368086254,4.155845898470712,-4.254060692549771,0.5404860997020373,-0.7947298706060604,-0.004972998270963203,0.3574315632547389,-0.9179734328292639,-0.8784220819734045,-2.5716194958158987,-2.0006192687794737,4.046245305086181,2.3223889743129504,-3.860322003773952,3.4511255681811654,-2.302741166924193,-0.8165590683950743,-0.9685786554815348,4.497075326392288,-1.8088726050229127,1.4825962922809097,5.636713305655142,-1.057531458119196,-1.6608304380022858,-2.5920750967895696
3312,-0.5666236227791863,4.020496825437014,2.089653835036753,-6.073308181352381,0.2484365213215982,0.2813446223370555,0.7198700356001488,-0.49859522862692174,-0.8654261893086375,0.21625138151211054,1.022010102281686,-0.5941101014576908,2.6991655569845463,-1.1211808165235873,-0.9853584644556292,0.6799094534798442,2.2396318804759723,-3.512167609960054,-2.872324571298826,1.8397620589438937,-3.9047823345304735,-0.32688606989586955,-0.3357713749661766,5.6000022917461365,-2.29428759215838,3.7529988537449164,4.443496977088277,-0.7387137581108147,-2.5328975688995907,-2.630596911662302
3313,-1.107778693647786,-5.379825958664174,1.323293593180047,2.4143021760900645,0.3457733768920619,2.4042355061506377,-5.401938632300016,-0.7011122076006515,-0.03842171791468374,0.6690667060037434,0.34279707305326923,5.12960877875901,1.0934491086900096,-1.9165891760603806,2.0505036046425182,-3.963778049154026,0.8674394330225468,1.8689750788604407,-4.636686911687665,-1.8038963879299992,3.58958362709415,0.3387277416262897,-2.7315727970810073,5.243844727976899,1.051608671571433,-0.21982726991145185,3.939121284341173,-1.0516183687825729,-0.22821862740592813,-3.491065689810547
3314,0.9548407830489563,-1.750914458099416,0.6338821514245225,2.6718404425444895,-0.2775298170686722,-2.2321191018490065,2.259659875651149,-2.955315987384388,-0.3022383500008754,3.004438206544428,-0.4075737316096175,-1.5989700132000024,-2.4176174223185587,-0.2608879162074622,3.6911208438112446,-3.0426700487172234,0.8727277112619412,1.157326832171151,1.6938166196173192,1.2639352992115196,-0.8029133116551517,-0.9855163049430562,-1.091634737339863,-0.07768756489210915,4.760983215383554,-2.8840652125046446,-5.171406201238501,-0.019932718927663018,0.1168463517170899,3.1975745655722676
3315,-2.244558149979362,3.0253160242469335,1.7352072742203148,-3.0503197919618295,-0.15176866633086306,0.68612330980568,0.4610726639185785,-3.907228108148157,-1.1806800760084357,1.2929569701917885,0.4117323022256487,2.922146247821278,-3.193170510605226,-2.9689691766591224,-0.43973447523876175,-0.3291246966750734,3.5988128246328586,3.3321860345464245,4.557351774448115,2.0971930675208625,-3.9121024983731605,-0.23347996838566498,0.9202996614440551,-3.429262036655569,-1.8108605894872376,1.8472624501002741,-4.1134972399716005,0.9264996540469959,2.2597555425092075,0.890840182804471
3316,-3.156848748626535,1.7899920142589103,5.245381770962748,-4.253702415061781,-0.6481335491574078,1.0233109276249532,2.6186691651781437,-2.5052595445085792,1.1169277128911697,-1.4819791971364467,0.3469535427631074,-0.09531167918670391,0.2422621238749727,-0.8966566575925192,2.2556068064178625,-3.225085800842473,1.4909387718533438,0.13293475628994678,3.1084063812526423,-1.6072320808219853,1.11982547405119,-0.006404329372267092,-3.064236523661096,0.4496410785501759,-0.4894526339879661,-3.5986822387480046,-0.8559338377359467,0.4361245145588546,2.219029932112825,2.288914263802326
3317,-2.7802004199700665,4.640161608022186,-3.499100056606892,4.3199241364065095,-0.5325566630179617,-2.14822860483289,2.8679204283350224,-2.3705543800720825,-0.7856367024089002,0.9590544511400889,-1.1718108377493524,0.5010270407559361,-0.8550748862615158,3.7257046597980086,2.5463638800068438,-1.099993416001281,-0.9116170937081485,-3.4053831438327578,2.6982535234446026,-0.19231208523804888,2.712035163403634,0.9777480294635641,-1.164730500769764,-5.0309941303053485,3.581470354125191,-1.3374739619676035,2.1789368630511916,-0.43630019254327657,-3.0898392923076177,-0.8967937703557549
3318,0.8200612432315992,0.1732393716700713,0.22501580823301026,-3.0129606133231768,0.2139063625877493,1.5807378276016593,-2.941305015719557,2.5415662278019795,-0.9418953544666877,-0.5802462827707799,-0.47120389709511645,2.393084322250907,1.0837589782952222,0.6721487121265355,-0.754317718701305,3.773666027674931,-3.211497300635447,-1.5637586987588161,1.4351343122113356,2.3482431415563845,3.4509456045015163,1.045451794160181,-2.216131724150001,-6.063643128280823,0.7230799820357312,3.006985630570213,1.4316956287853841,-1.150224237830824,-2.751092444323218,-1.2604445592351823
3319,-1.5465556013294428,3.0914825849618595,-3.5638326843939367,0.9521297313775783,0.8952232081135305,0.17155276127134123,3.2134824409755645,-5.375795996336823,-0.24040210722575583,1.2378093910572119,-0.29040740729066084,1.45531367882122,-3.3264432327168425,1.3731700293268396,-1.143560448240006,1.5814331411881426,-1.0874335729125253,2.6028340833555177,1.2511695081884433,2.658405956335855,-3.5737268956284858,-1.1503347816435245,-0.3511047638596274,1.1655909766059303,3.2497022307918826,-1.399212121003238,1.3723865544414657,-0.7287398134649727,-3.5893333616253127,1.0951965108622659
3320,3.288894636463862,-4.670363656610114,1.0335410541711276,0.14782406121767266,0.550096777206805,-0.34999287244844446,4.798276818498746,5.801856724149431,-0.34987876227789894,-3.6321639857376002,-0.36912533097983324,-6.248965463652073,-2.906452771289514,0.3763400573749891,3.926862929460299,-3.5367881213757055,3.9433483223196504,-1.803310416488598,2.708796172949711,-2.7565702233536094,0.8536900983365854,-0.9439534017660023,1.6190278244130862,-1.4809904705811832,0.04113101567560662,-2.9579695435980256,1.2929138506132318,-0.8138031137259771,-0.13503351577468692,2.5727613068119624
3321,1.6585740232692956,3.18875953693896,-4.468715034151192,-0.7715574316845917,-0.4139196108135432,0.8068585164420128,-1.84507025361345,0.8702594186255936,1.0785674024270309,-1.3460033319822635,-0.7201916617535957,1.9624384262975028,4.077792873873907,-1.4508782023987887,-4.172779631879786,-1.8083258296079592,1.5758312193875916,1.7783595706261615,-1.6934863860786251,-0.42596829365364464,-3.889364548834676,0.39662658766018577,0.49356068027215194,5.118631960633181,-4.685384500641835,-2.863714772439593,3.3444832896333097,1.2106752093588105,0.06365533447113236,2.9302854396202775
3322,-3.3994150365230187,3.909912265267465,0.8251920170810116,-1.4806068967357682,0.2408972772092346,-0.09597962629799106,4.370943928067142,0.689201533578224,-0.8876430930799764,1.2161132536092545,0.4949745724851988,-5.883590194659028,1.4372512290160913,1.0690163141677438,-3.528009536483667,-1.1630154652172315,3.3356441253912728,-1.150886666873097,-4.256343715656961,2.392812951513026,-1.257001963968463,0.8997044412132436,-1.5352540969145778,3.7560823838123234,-1.4858405653239828,0.6399399558224452,0.48642188129711883,1.0309923417527518,2.7929410412503515,-3.46445465479656
3323,1.5076195831972043,-2.417157133038341,-1.5403301625181918,3.9564684171592255,-0.024073899398201926,-1.4825268054007523,2.577316950965841,-2.050320720779723,-1.2079907228443258,-0.6625517980563629,-0.5539157523114433,1.8974620430268097,1.8459016156171018,-3.6367116968523945,-4.093808318196283,2.8779530558165725,2.0597788958047296,0.946886447811405,-1.4039556818436303,-3.217650744543624,1.7413803902846539,0.9899916456459339,1.3723995740428645,0.5178348164123747,2.728667703844579,-4.841063802916521,3.183211913432711,-0.9886430808162912,2.9145855793678095,-2.9967583129101882
3324,-1.2738882759920287,0.053578877575542805,-0.8898348513102512,0.9705141934189001,-0.09624711539756503,1.2358771717063615,-3.9854467685609833,-0.1555084522858614,-0.8723250449245459,3.0863944441750135,0.8312620207607377,1.0956238008364245,0.3214214992362763,-2.145463761789504,2.689048731783984,1.1697324930149335,0.8774240797417256,-2.9121630419862754,3.894772292226044,-0.7258760419566563,-2.8920021387839725,-0.3472841493504033,-2.3934009812242714,2.463791019087836,2.20578954176705,-1.7695427715896805,-2.8184865688371303,0.5212415203333469,1.556914853801576,0.30408342452696857
3325,3.0209982806221376,-2.1473793217014787,0.05197138738047258,-1.3437164020735892,-0.8757816823263107,1.293907738099751,-1.1733267712819284,-0.9594713480927552,-0.9034945107835304,-3.039796256944342,-0.011380329116033039,6.087469216219354,-3.8167062885146343,2.4538479037564294,4.21071497864877,-0.655714419428076,-1.8245698276933346,-0.367572346768009,0.6831484876850737,-1.78734347907195,2.5088863172621245,-0.6165428270855546,-2.927204011097471,2.1390555123063635,0.1547890632966613,4.785942699083645,-0.6741698307754831,-0.7520082117760944,-1.0634791110296788,-2.4510746087969117
3326,-0.8872789038098805,3.339621880338516,-3.001055496102289,-0.19126880312600392,0.2544341912154948,0.4855471314851467,2.906881570251521,4.532375343246315,-1.1697601512823232,-0.5300496210800318,0.42635149110410886,-6.165798632238836,0.0009664160908151587,0.2676094549455499,3.446098174540385,-1.2321971555783424,-3.3245016527808247,0.8420247627835433,-0.6189258938713813,-2.1568074155453143,-2.8726067602030696,0.21358143378345762,-0.9286235540161449,6.363382189851045,-3.0282453530156346,3.853743549223271,-0.8664006383988934,0.5049016930281276,-3.4398561429921184,2.9758568921573882
3327,-3.065726971554959,3.3824313847816256,-2.773758126347552,1.414536596044094,-0.05446128296356045,1.096978400041337,-2.1736317430540133,2.990276982899342,0.07592882982392979,1.6602085343461788,0.5777375940450735,-3.1305201980597204,2.409646126640453,-2.5700614355262914,-3.8027348029143777,2.8993554156061023,0.7743401376184522,0.2894545585767734,-5.772390717008619,-2.6869623475616358,3.924453312352263,-0.7746599970734733,0.5465241202696287,4.763035629020425,4.902508231130355,-3.5801683479077333,-0.7019847537156458,0.6602212600737323,-1.3649896866594595,0.08441329708086798
3328,-3.345753398569622,-5.374129451630868,3.7648596973245034,4.489420260883897,-0.566979245305087,1.032582137298185,-2.7108645877130684,2.350326114626281,0.9898726352226719,-3.48559749735891,0.2934275883860993,2.5628357468376883,0.11465657702991905,-1.7103564769147397,-0.9267189746708588,-0.46219878963719907,0.9797636608416838,2.0048540033523103,-4.883283814765559,2.8818348921936696,2.0009659096509793,0.8012003204225611,-0.6088301405624872,-0.19188716694058172,-2.684325516657804,3.952075403153451,-3.799535367931572,0.10891715533207691,2.541654750156411,-0.11878642405044815
3329,-2.871586140197353,2.9884107461605147,-2.8610782185563686,1.9116053488494273,0.040970808352449595,0.7916774553923798,-5.194225351310063,4.262092394719886,-0.7965817538679962,-3.1052115327358987,1.1957626855571828,3.638163557637661,-1.9625951678311289,0.9930243392026767,-0.9741370361715838,0.9233622868079081,1.837323568223617,-0.8169779902303667,-4.962579274570533,0.5043649417903442,-0.7425296669372639,-0.5819491889301558,3.107490103566647,2.6752030850795236,-0.08108915471031963,1.5782409354679139,-1.8512356716412448,-0.6925417390032171,0.4486692661520024,0.5979563637369747
3330,2.4351783073518725,0.529811730650426,-5.58765307138545,1.6681131396636424,0.7864958163100244,0.16805407741053102,3.557730137159929,-1.8707630209619879,-0.10995706537942507,-1.6412775944110436,0.3218137658689564,-0.25754622227563573,-2.258152937148628,1.5668676158479045,-0.5688460769774863,4.151160019310364,0.656509764805854,-3.547538385836896,5.89450748829627,-2.712296788043112,-2.776303612853697,1.0152840331158792,1.4999376071218364,-2.921128727638596,4.264731871237146,-4.534628982862333,0.11877709499320233,0.13172436492227568,-3.04958551911394,3.0689811708257366
3331,-2.312528675550741,1.8910332985089937,-4.6429105219510305,5.714504498131781,0.5084724419195186,-1.1585710410575008,2.2241316793078134,0.18415076687369236,-0.1741993342645447,1.9894733186638973,0.5217406498248094,-4.745297080404885,-3.5762213695991285,-2.3285097207354397,-0.5306244901477228,2.303070319177049,0.8969144417002752,3.2353708196060715,0.38970102920525207,3.471113276669751,-0.22008411299014696,-0.9902546466724207,-0.4702080961419899,-2.1802674500718418,1.4518581613309287,-3.9212095426866505,0.7267407475882415,0.9461948306769772,2.3733254114287057,-1.5769096083361163
3332,1.8812187736435604,-3.1679993972249747,0.9072424508731203,0.9809056378730467,0.9189115974369324,-1.5202790626006557,2.913428605095657,-3.1184353423529743,-0.839281885211089,-3.569044992740144,0.409696153063698,4.203637462145604,-3.9532874734880643,2.9333415452148373,0.661678698204561,0.37814629737268746,2.2821251126044935,-2.3020041799073905,-1.2429691648402788,3.2163844136575044,-0.9780417298574413,-0.8742845917894115,1.749953772944437,-1.8710427001162167,-0.40139254134320623,-3.436684610215117,5.822027263016064,-0.9496178262255786,-1.3258532747696101,0.29152098953954564
3333,-0.7538632500293581,5.4508811883879424,0.8091570068424367,-3.8949935720007787,-0.42162551956766103,-1.1895558536315303,4.530311303742561,-2.803914656369429,0.3490672123905396,-3.1140152498334395,-1.0404274470948058,2.078978837165284,0.21507327342425953,-0.11434754197751573,-1.7625526124040185,-3.622682281159996,2.588815477114938,2.695693685003466,-4.171888743033364,-0.12300087018271633,-2.8095062665746067,0.5171235093102906,1.8980624853610237,4.689209885117975,-3.433492509615437,1.8112652926821688,-3.2985104353570947,0.9305872088918923,2.0176482694339626,1.9725021739666069
3334,1.1332016518717403,-4.29863766188133,3.4924820501451137,0.9860857716026707,-0.08878455075095992,-1.2243472609861836,-0.6775447582470022,3.881680862402156,0.07254842563459185,2.7997058465230253,-0.9653472460256749,-5.111043130286365,1.3291719987282598,-2.565674437474396,-3.450130374908829,-0.012745871487574334,1.5226778701647454,3.176700814978915,-2.245265327171051,-3.0315441010096347,0.5538789997729126,0.9632527315323118,3.088659997289529,0.6710176995845352,3.6390456374906357,-0.9348825297763526,-5.838333790937476,1.0325227403042936,0.4414938387922671,1.660154104128683
3335,2.890184532634027,0.293956361919804,2.3838139741232034,-5.950208364962055,0.275001717200797,0.10725177908527961,-2.7912027322497828,-0.8163738318867502,0.34779014607653735,3.6139443599870056,0.6557638024346346,-1.0099217443608985,-1.8216628976150808,2.5432900514035097,-2.030098155340216,3.8430285896440672,0.4665299997598993,-3.0010875878510674,3.413032578158081,-2.4148094651127217,3.982203419574841,-1.0138797340203212,-2.95143835571335,-1.0151084428879216,-1.879980621387098,-4.012467414889681,1.7129798104432332,1.2147325764122021,1.4828544803356998,1.4818811690876643
3336,-3.2891089445698203,4.8923529444152685,-5.014265925523393,4.212874363164886,0.09403677952482337,-0.8958892170106925,5.96876626308579,-2.04072198797531,-1.1345008206410423,3.3093781168470464,0.03052692993731121,-6.133448501253056,2.9597305422632054,-0.7748665984104619,0.04269796279934113,1.3724383405405298,-1.5332083553452076,-2.0667918918462522,2.836568470119019,-0.42317213327160275,-0.17196036608651255,0.19142889414486497,1.5564709607984888,-3.989335825705634,3.257466618383088,1.2883601965804203,-3.903879713611058,0.3883216225397028,1.8375232783735562,-2.867792002263677
3337,-0.5957255455769577,-1.6643955189397772,5.430833929151191,-1.1873321584130387,0.34485852450914667,-2.3282392307294844,4.530498731256216,-1.1074173472121593,-0.8398634060053478,1.380215164284035,0.7646207239588918,-4.7280538662808915,0.7503049410625486,1.0904937589515562,-3.062976180490894,0.6112498512069564,1.900323109051893,-1.289395479780909,4.332776617115471,-1.7881681803992446,1.9205183636902667,-1.110011316646382,0.40070114145598623,-3.755816625217477,4.086800934908268,1.0174544536696395,-5.042144272172688,0.41052376385102374,-0.9394646218414913,0.46682974158731305
3338,-1.7980231852625064,-3.0025250615637518,-1.1911281912312042,6.05513363321915,0.7515526435042847,-0.8150098386648832,-1.0241922670029098,-3.6565193461926064,-0.9672962224141246,1.118825333255213,-0.6497173509298673,5.178899853285028,0.07752210682096816,0.03395007477311651,0.36402899467439553,2.4130718078176763,-4.1611067203975125,1.2725337363124964,-0.8974518541946956,3.04152284733917,2.809949127855564,-0.8224966606739095,-2.988404145770277,-1.1431193145572358,2.684589759321021,-1.0282955921874155,-4.340515612923269,0.7765221699976239,3.5692903533670943,-1.661591077573032
3339,-2.159548075540279,1.850302781184702,-4.741519265228224,4.9021651942708715,0.14720067662532088,0.0013986886886865335,1.861389308977813,-5.315749881673778,0.8614359217769163,1.1941367118813027,0.1557697616879663,1.2430181773505353,1.9245846345800715,1.4066175188372334,-1.2038758290581377,1.547533526190744,-2.9203299021139113,-0.7545299484348647,-3.187036244851619,1.7903662786323409,1.5239201837653553,-0.4362470533585938,0.9818232967702549,-0.6728264609591008,4.66385046291434,-1.7220863931222894,0.2861974972856558,0.5770144349100823,-2.531175893908033,-1.2738001080777224
3340,-0.3882625634627459,-5.0891588854659595,5.437383476224948,2.0098885076419357,0.00826056834887634,-1.9781111032859915,2.209259581674832,-3.6496683591797137,0.501841233928868,-2.9832085202746406,-1.1457932732136435,5.067569337065052,-1.0781356887201117,-1.7383653994826123,-3.936775992340552,0.9822522012543331,3.081945061341546,2.689079817948496,-2.2614440646411964,-2.779763131879351,3.236584992638626,-0.5530240484073037,-2.9160104838432837,5.273656736131109,0.2843634815385272,-3.988036255042683,6.145777963835272,-0.11933120822569787,-2.0279790162851103,-0.29479496581829423
3341,-0.10264764492621659,3.517524933148838,-5.669913278301003,3.9599577880570465,0.48362208026531794,-2.188543878242922,-0.546588670285665,3.039387875096903,0.6151169690243901,0.8370797147120523,-0.8287077526394127,-3.1162881359075207,2.4498945099376215,1.7901451149589356,-0.8031729707908433,-1.8093326809494243,1.4305546674858043,-3.058088640641003,-6.228498531211425,2.262883864957704,3.091581494414257,-0.012434624111449466,0.14836528041179697,0.7381025155377046,-3.8630945145640077,2.544480979679655,0.646543488814217,0.13854135224621178,-0.3491915121889271,0.882720206014838
3342,2.85975034026254,-3.663373041018396,4.970713829355304,-5.647523053827975,0.14716783776743902,1.3332640874621493,-5.2038091175910175,1.5423844442822023,1.1538889781040416,0.4855902946704944,0.4887100110445264,1.5332353894904713,-3.3329858184364074,-1.8335063776424114,3.252199881153768,0.504219434863785,2.102928418496731,-0.6928555384343902,0.30927407535173046,1.357700968312857,2.7324546611612917,0.4243911822148636,-0.4699822649819474,-4.353838622060216,4.610329748868388,-3.148062366446819,-0.3202838235610237,0.0851706188805137,-2.291439281309323,1.0642851035702563
3343,-3.479859917891009,-2.798894169985143,3.728159792157541,1.786556978272408,-0.13963328330713276,0.9036706007543831,5.049702028249008,-4.815070129380004,0.39967200008573833,-2.0624959024720066,-0.9810478679507977,2.4092398714688024,-2.2477057992984033,-2.2914571098970473,3.8504350441031825,-0.30913817730536763,0.5454106246472499,0.45245541775146414,-3.9757604204599595,-0.5128117048732985,-3.4217952645788774,0.8518172920217317,2.5781413267673017,4.480408771121688,-2.0968114535825073,-1.800321541177226,5.96655274073326,-0.793443496166752,2.365356838073332,-3.6413330878780865
3344,2.0930038590697073,-4.88338580863304,2.0380639633328492,-0.0349833791638261,0.9498761048834963,-0.16257473948811096,-2.3985552586932712,3.6705124641048528,-0.7840291276541205,-1.3742436058375311,-0.9041744271545866,1.790489955235408,-1.5661759851889965,-0.04428993442306961,-3.5492662415515195,0.8235598792364947,0.8829962308082848,3.4531760511198755,-3.706938219737726,0.9325066824591755,-2.2009509624914116,0.18892145190976173,2.571571670086918,2.2148893777718506,0.5358777338637211,-2.0630940778650775,-1.5529314476119005,-0.21583185468254484,3.1502330092825943,0.14574663701524138
3345,1.159397094547785,5.636444173949744,-1.7692129852568037,-5.521620622837723,-0.6979843445285596,1.192976684126645,2.398087393021882,-5.532221582748662,-0.533238209256508,0.9921430140495673,0.530811383014461,2.144418001920023,1.884531835557123,0.16251386761438624,-3.56156284499437,-0.9673117823612394,4.132799508679099,-1.650970584493935,-2.2560905850970236,-0.02684857531713014,2.0560837630340174,-1.126461028055349,-2.36802097418232,3.721337399616374,-0.9136412328181862,-3.2955836229733286,0.26144223586771886,-0.083745774398853,2.96749126258765,1.0640371317369954
3346,-2.6149579480885414,0.7407378132042304,-3.7681312778360656,6.059550863812575,0.08554258937670589,-0.5027420404678402,2.3449347494188366,3.190999813974443,-0.24964268586861849,1.0638140733511179,-0.8714340639949256,-5.478671886880072,-0.23055681546464513,4.20521907543457,0.14986129899671496,-2.614661890429595,-4.125668768710852,2.615807100174848,-4.456758010480446,2.9587885653053974,-2.2172577688605166,-1.0317585483873994,1.447636903891489,3.2993488585299993,2.597080754065942,-3.6147851179946606,-2.2718546431735547,0.5680523743255854,-0.3150473973085237,3.0365540300871494
3347,0.3393738531120736,1.217914790764226,3.9632229442019877,-6.1475145789730306,0.9657033439695524,-0.3387003530737225,0.4403570563042649,-0.6154611616011003,-0.44646881967910623,-0.8165407950792503,-0.20597257806086766,1.6440862981168252,4.11613230086143,-1.7412029889489293,-2.92787439448691,2.6296774631303315,1.5264230233337202,-3.603155403888616,5.27222030628857,-2.8752078931868095,1.1182155948493246,0.30602676711039933,-0.213437004939939,-3.607817770123063,2.951660655544032,-2.4889564966587265,1.5957734728287782,-0.974175014744433,-0.2706824891710653,-0.8136201277966322
3348,-3.440448804640525,3.948076140550395,-2.457596459284762,0.1210310357175004,0.41604818045325054,1.41288990720523,-2.8856951668106987,5.467502726120362,-1.160369364089541,2.872632260444668,1.0406813585237193,-5.334751814187751,-1.9014216727650464,3.8677474764323776,-1.8217785056988145,0.7699979163944874,0.2867846200229529,-1.2013298343849481,1.1058965901770463,3.363417685175712,1.3774605614993725,-0.013719126055071307,-1.364907259293874,-4.4681484515046925,-4.309428048014064,-3.3083762518840203,5.6679883642492435,0.6375604039278278,3.0825283380684283,-1.7702728063454654
3349,0.04996970899690112,5.172561299946594,-4.779645372882353,-0.7643344207626122,0.6719437929154815,-0.35049500821293833,-5.9351876877117355,4.655171546174522,-1.0281315616884217,0.27920552423100986,0.0053215315772323635,2.023620647418163,-1.338233605528405,0.010414385262631498,3.6596370112589724,-1.557184977054776,2.0687140565163666,-2.843346870453775,-2.224409286573156,1.5576252649410183,-2.1668676058208867,-1.0884582945875927,-1.4733213615509868,5.395431283590121,-2.5698767130118263,-0.5123084810117149,-0.8988914154582268,-0.5740421420395103,0.8979080595550748,3.65721069196816
3350,-0.6435421659151181,-3.8988077433895647,3.291137855306424,2.5506755066124143,0.8571040859710943,-2.1565675385841647,0.7481492440296442,-3.195791432768001,-0.4475320755204777,-1.5526947069809172,-0.7067881546288017,5.154657125869317,-0.6960978143121324,1.4999092919032933,3.591596551877238,-4.080923087005205,-0.13878635797838967,-0.17569858448377929,0.7655989385346693,2.3219114985284186,2.4534315184140105,0.8204552674021919,0.06640712912534141,-6.427804352006159,-1.3502573907253712,1.1315843232282496,-1.556373494398418,0.9862697958290703,1.3404464872898636,-0.5516697212214403
3351,1.1265122929828912,-1.3816165738985973,-5.974968686814307,5.724658117983179,-0.17717592459035147,0.6825907743382409,0.8763664898547674,-4.722369873755863,0.8918803288375639,-2.2923625295905268,-0.5663238738410339,5.81280945849587,2.5378088432505095,-1.0247946428578256,3.3986652318735686,-3.4638682331333595,-1.6061090260481734,0.1582978269163089,4.668716258593477,1.752379618139507,-1.658015156316969,0.9186579450249877,-0.4448935463588999,-5.236845119083622,0.0598483983820266,-3.1758707559876242,0.19352886983208606,1.0794659091559202,2.943102939314233,-1.1000753606946763
3352,2.7287997781073976,0.07084182901447988,-4.936063614480599,2.480699931225743,-0.5204447860760497,0.17616686221009203,-2.770726633713295,-1.745108359772523,0.39192023177371915,3.4517702331961004,0.993979158519708,-0.32183463000287915,-2.5230721508062466,0.06912883439225936,0.8830989703194945,1.5220509683794212,3.0548352136406365,-3.006041835924565,5.047326753311875,-3.274748973285716,-3.1478442331178975,-0.021285059298283393,-1.148387983313846,2.5449394957023657,-0.6987672124055386,0.443984035146034,-1.5331847606313325,-0.4947562916218322,0.4221236020446728,1.8606006274699638
3353,-3.0515862608786612,-2.544129422676882,2.9240568770741078,1.6151749558106978,0.7088618437342991,0.3476220069374989,-1.579381712758238,3.5367327006711484,-0.6283702266464344,-2.7324976893108026,0.7264976474533071,0.6770192805918427,-0.5789289714311217,-1.9025942963834428,3.0015502006420505,-3.1342788214738313,0.018422815107911106,2.5958290735394343,-1.625840614515102,0.10450166239231429,2.530780228391521,1.2010202192576047,-3.094695413036005,0.8842339175081548,-0.09858624882224021,3.670947553666309,0.40906802765149664,0.5183402229266818,-2.2768182504725907,-2.2229513049476815
3354,1.6110152615305147,-4.306871790299823,2.286558833682438,1.5956209150842753,-0.9643804973894663,-0.2219427226068742,4.928007780694436,-0.3004299456104853,0.8075036151185255,-1.8238892065840258,0.7401445043310719,-4.351336747948707,-1.0963488064086224,-4.236711617386209,3.2424698643444074,3.8469510216885574,-2.674386798897027,0.9180263366598869,-6.107089891606684,3.1695223999970565,0.759496925144937,-1.0071597625996116,1.386486801722473,1.798743527340335,2.3874971894384487,-0.7093370542812636,-5.942674920359771,-0.30893645326216035,2.228582674469095,2.344868563997615
3355,0.3312300051021069,-4.851158182637576,1.8362131166296365,1.436099102727109,0.6664125273655204,0.5812034308142486,-3.0386792094072987,-0.6363508720818984,1.127537566803043,0.018741919846357646,0.7252461986015506,1.803504396239088,3.5120880985061973,-0.22886517355419045,1.2506645540183428,-1.5745976173955203,-1.4405482290950662,-1.5187416324787613,-3.61866166089467,2.7813106763174957,-0.867908186214045,0.8627784721051777,1.317967487344017,-0.47548678865945604,2.8660685821483476,3.740672494752584,-5.021261521801783,-0.3147667277230388,0.023044010238798762,-1.2937568376129853
3356,-2.3821981894104045,3.0937850036620596,4.635099770354255,-4.487127763978272,0.2212300824196758,-1.0807889030462263,-2.544184392600428,1.1994108775159198,-0.7536731555191603,0.9734407821751461,0.4431884239737327,0.6818174644556265,-0.8977374488542331,-2.3071513743492496,2.529032162683638,-1.8695114283714656,-0.5649680762216391,3.1103361651139245,3.721013123880656,-1.913205289550067,1.2185072377372492,-0.9190092406981512,-0.4369478460794216,-1.6703579852917372,0.6888349318072642,1.5199539565262477,-1.7764842899986206,0.8784724562723518,1.2238874512058224,-2.5346645058111505
3357,2.9096204001699917,-0.4378184204056197,-3.8503880229662535,1.3638541623600595,-0.5545000795948087,0.5692319604377438,1.4899095051937685,-5.983668451450516,0.29978366015014846,2.9999780306478456,1.0931397688710884,0.10085748658850235,4.047067254743247,0.9950661907491245,-0.11695074872798727,-3.461515131526891,1.415073429134818,-2.878740994371338,5.278583194801843,-3.06148368738733,-2.4644695095960056,0.05488885292147483,2.93295273676776,-2.740471587509191,3.5351566243477777,-3.386645453204853,1.479241148634845,0.3858508769626967,-2.2740039147907094,0.26040071805213216
3358,2.465509432248929,1.3014252601217642,-3.64176879715934,1.5543216006888123,0.5623778182666541,-2.241865314165695,3.241318589249797,-5.251447720458259,0.6560438213387627,0.6916312240115854,-1.2229606699391908,1.885414755798152,-1.1258743920778027,2.655501487194492,1.5974080786668168,1.9410569828025324,-2.6533901107898146,-2.4147020457952397,3.833919937775981,2.0259491664896103,2.995015156546632,-1.054938810557927,-3.197381037778314,-4.602564412477449,-0.5941175841615305,1.4261023168197156,0.8194373930861367,-0.41791373005226085,0.06289798569010507,-1.2964063813802937
3359,0.45888973325261695,-3.746583256571757,4.236620932605845,-2.924295349004023,0.9706230837551426,1.004744855963322,4.7007655065887235,-0.6697376289751524,-1.108421867659171,-3.1910946717618174,0.34529527924867587,-0.07680661744038986,-3.328450566363575,1.471168168370042,-2.290982472410594,-0.23417549654469738,4.158998730425871,0.22344163652395999,0.8043063724308865,3.4109641385921385,-1.8135916084952708,-1.022922434047659,1.12054434214717,-2.499300810628746,0.5127835403996137,-0.34436439026496046,0.7255622544266274,0.31981781743636883,-0.2705884215730858,-0.9432108004227171
3360,-0.5463633101362859,-4.818004397661419,-2.2439789311911866,5.98443940980891,0.8582445944134789,0.765662634767633,-0.5869779224688614,-2.2284413965601324,0.7503169207003051,-2.627668546703113,1.201511179469783,3.491259765562887,3.818344705153212,3.0953198208685926,-2.9076957271023556,-3.8421808826643122,-1.1499459624865338,0.9861580462323811,0.4374838153424925,-0.24209168108755286,3.1870643688977545,0.6889687028971032,-0.4714957740970114,-3.5999294319542656,-2.8690944003738394,-1.3947925825665592,5.769769665436634,-0.5108203913754146,1.70319222671311,-2.698254517832064
3361,3.311292330601045,-3.898979966496352,-0.6027057727160319,-0.8077936129602818,-0.3926874614781495,2.390874483050913,-3.0740578485134264,3.7986019954813344,1.2273111059078188,-2.015077637609606,1.1713555514163607,-1.10813316668159,0.0484432275822364,-1.5711489632053581,3.3244341801571586,1.347865183582769,-1.5280141284664044,-1.6215794996493962,-0.2983871361615229,1.440298435792302,1.1777019143005631,-0.42266994461683893,-2.930788292685106,1.0338450233691248,4.345314841957052,0.19898299975819356,-4.781496917083363,-0.18678187129662316,0.4483441981975016,-0.02436325153093577
3362,-0.674141139868702,-3.206384968147411,0.16867355964784636,2.389833329318723,-0.43256773002191395,1.754586949072607,2.4123169381574776,-0.4937005655134996,-0.07161172434965213,3.693517938501312,0.6778946024754351,-6.218417189270209,3.497673992272997,-2.022278932988584,-4.021982550956412,3.88610136541536,-3.429356526305863,2.0898426525635045,4.985411986760514,-3.345078224067665,1.235092520765555,0.9105884968272075,2.3616453703302653,-6.1476601506173445,1.427985948764558,-3.8782177826538238,2.6845879361191543,0.38722904513342105,-3.678635007585033,3.057049860223561
3363,-3.11351275124483,-3.904301853698847,6.129385306957129,-1.9302528344570824,0.6017328642490498,2.2169492681957035,-0.29780853343986635,-0.08066259480214555,0.06327262693870583,1.6760015303614715,-0.2584010412281499,-1.102401987829154,-4.132381745188736,0.4482377326073639,-0.4010485311890548,1.8416203504509525,3.018593859174338,-0.7750216658538776,6.100021775805214,-0.2067694804391511,0.2503253529502132,-0.9899133148594244,0.6124880187634254,-5.7661523522217095,-1.2100203267473368,-1.1281483347324723,1.5700463296388598,1.0418822110870307,-3.103041467879171,2.829281588634945
3364,-0.006158257862123762,-2.549221713461396,2.5559495437307156,-1.4708285821560487,0.6625520862422265,0.8077069235077268,0.5708732633402782,5.9484275595360465,-0.7733310959367676,-0.33665150244199005,-1.0280409145148437,-4.381277309981858,1.4351242396086548,2.276903796122699,-2.2515739295121175,-1.321971892858775,-0.9952108705503981,0.8567286571908923,-1.7791823377267377,0.18081649804621236,-0.542067347968727,-0.07609135733043271,1.3428585480986364,0.8736659968796623,-0.2174969487579297,-3.983735468440088,0.08873019090493628,-0.5977900230070992,2.1693956148129026,2.540896634489169
3365,1.5784365684035073,1.0441657548863645,-5.779434815585553,4.506609701277476,0.9758022750768744,-2.3255794840575765,-4.550245844492224,6.101855592411582,0.24425764935991445,0.4063852546786446,0.4982074814296391,-2.70046013338672,2.5960901783351567,2.5930946075138017,-4.060022736253716,-2.102366360749551,-2.6361853161167588,3.6093896272720407,2.4169439102093655,2.004993652731258,-1.7243750448710689,-0.9372464663646181,2.2450350652578805,-4.005351116964228,-0.8195478408935593,-3.039897377869206,5.603261232720399,0.4953568910730404,-0.3137187626123712,-1.9254541424164504
3366,-2.813086047619546,3.548294873306908,3.1111452152843384,-3.59539746870443,0.9596090706036091,-1.210565642869799,-1.002679895496808,1.82270774446825,1.1725732076544775,0.015529167268374167,0.19182522729613005,-2.199955451189595,-4.033752100833045,-0.3269512076153305,-0.9731462780834903,3.905744902457979,3.2491733596319605,-1.8210686755570755,3.468777261028496,2.0859456568953796,0.2177218305065125,1.0817110463101036,-1.1015326325041865,-5.752623162237697,-4.4814831422850165,-4.122582858492297,5.342362261525071,-0.11527265940461362,2.946045112617508,0.4309312860412078
3367,-3.3743441935482394,2.8382490480029894,0.5887883638960538,-0.39116034293964574,-0.44406349330252404,0.7825306178924336,-0.37193849845497695,-0.7906888897828033,-0.9331467077913436,3.0765595586468635,-0.0903064194116272,-0.8904790432052678,-1.972966349765393,2.8646903352267685,3.534400770951052,0.8857003774561001,-2.849058906399593,-2.462766227467931,-4.855424982982655,1.1009655465874406,-3.924887887433833,-0.4908288211021148,1.782438213418791,6.387737931510991,-2.646141053693352,-2.329642065216081,6.1996599143087145,-0.2719062193592192,-1.2212838689105094,0.2693132928723365
3368,2.0556912265438463,-5.09205573068758,-2.1154998744377735,4.381012240595254,0.6938960162500045,0.07695612173730026,-2.1811278861149574,-0.0020760342903187734,1.143982096495014,1.0687336377555319,0.625340421814335,-0.6548522356587476,0.9013817185975093,2.2391761768512097,-2.90178965282694,1.1408080919008583,-2.06160166968259,0.6820253351609491,2.2029617869520983,-2.3734291018340787,0.6008469529026996,-0.8626799442538822,-1.2531746371617363,1.6854749433934728,-1.9314945219270534,-2.6014647882247743,4.361572025056503,-0.9200994234292841,3.6699047990266607,-2.578418090500188
3369,-0.46197314990850913,3.0367507686612782,0.3772910788074739,-1.0791938025918348,-0.011087959614928034,-1.8617869353524021,-4.095418647443296,2.078128861990219,1.0200173291004972,-2.6955271705866792,0.7362974758844345,2.9565021510556946,3.941321661217863,-0.1133462515171928,-2.197219353281172,2.7851433342396597,-3.986964982405267,-0.42893440825289986,-3.999509629944903,-0.3343911552622636,-1.5728872464362738,0.28967806772232496,-1.0235853595677025,6.640695323487371,-3.971476082637487,2.5881909338188436,5.480614055479862,-0.09898609236337741,-1.6906028524238277,-2.3077399618721284
3370,1.7835472545949465,-1.2703940991486107,3.8004556408632197,-5.0800555519721335,0.8424420945136122,-0.07599533884997633,-1.999101904745416,3.2361905244782356,0.8910140222134046,-1.0140216632434544,-0.9583307101076972,-0.1557502685942005,4.1437965767415506,2.0092874953932345,-1.5359055653151579,-2.507192510964728,1.2699953385287301,-3.3799813343826646,-3.5154185033500553,2.0912968420405527,1.6751029926315226,-0.614434695928205,1.4337726540332305,-1.0703192894285252,-0.07304327151763701,3.631897389320141,1.6189707259123836,-0.2963139294001227,-3.140364868854247,-1.741146045458617
3371,0.7925725149764347,0.7204091433508424,3.4969606983429884,-2.3944750064774567,-0.3900877939780987,-2.22537955621367,-0.25494499259007597,0.5739195331996214,0.01893039551321607,2.527063224619827,1.0666294072863653,-3.931597568028103,1.882863550270688,-0.7901997459573771,-0.9189212480781954,4.117074776685904,-1.2617864152007972,-3.0290309177192682,-1.2330275552351395,-2.0812914938251925,2.5411700751760726,0.4278040212486136,1.0764438648903223,-0.7310989122561615,2.169008463088929,-3.523900513262003,0.8837804787352752,-0.2160725752158461,0.8177364081149872,-0.13055226145944943
3372,0.7425163317817098,3.171567627691438,-0.4062587677455305,-4.132628598489173,0.32379832861077373,0.3010050781518405,3.8624970450870286,-4.000916899371052,-0.8218983924744014,-2.288523981415759,0.7444658169664473,2.5043764112085896,-1.7607429875383271,-0.6814578026379507,-1.6933081114041073,3.559207942731703,3.912008159424957,-3.335707200575346,-0.8875568300511958,1.3212268923009969,1.8322112376728619,-0.9243535284534046,1.9709965361019268,-3.3125243075726587,4.292041801488729,3.5098349038003995,-5.951166496340516,0.659240162443294,-3.6910374713078458,1.1810870999178213
3373,-0.6376427510270108,-2.532793238301899,-1.023983722289028,4.69183205369302,0.850252692202631,-1.3476650342766696,5.642297777359939,-3.3260514851088914,-0.7791039370196842,-2.2973836423171985,0.2317511518644615,0.5284901352222597,2.0028333842061414,-3.477175393045888,3.299498389513886,-4.1610112953478655,0.5526881434396635,1.783166771234999,-1.1003769045660796,2.529081479044237,2.732005369657003,1.1692887286656344,0.5457667610422448,-5.875765433844499,0.5405826896640775,-1.3842305491865474,4.967394389870552,0.3019635322737102,-3.2522720249194865,-1.173438037700441
3374,2.8115606939240543,0.0794017314409956,5.021323134405783,-6.018290603254158,-0.4635137251296606,-1.4304812313859507,-0.03907767693254982,-0.8606500232448795,-1.061443599505346,-1.960026732027936,-0.9057638850261442,4.826961916737748,2.497899858426006,-3.7563648860666845,4.003051604349501,0.6612542065847755,-3.586481379181256,0.18064059588860815,-0.8763149354168789,2.327140716637718,-0.7926302378109149,-0.6218495637987429,2.802055390689789,-2.838401370302435,2.9019592972654316,-3.4838615709128966,4.493667189920306,0.04822554242468957,-3.0226465720939224,-0.937343886601786
3375,0.2768299381258945,-4.283902340427222,2.931624718243345,-0.1255663290126421,0.5428032479527416,0.6582107651189428,-0.7575548099394389,-5.028424748350432,-0.7671252498581973,0.62026659201873,0.029090569076084094,5.903747647054132,1.2561313357172956,1.152156926377213,-2.885599945232739,0.5170027230681384,0.888215218809183,-0.9279062587380924,1.0612281575958704,-2.06815950471373,2.88044284779939,-0.920044803955582,-1.2209396427333683,0.26747294600594174,-2.218373360387986,-1.7408302688530632,3.2227077126956516,-0.7179671215886412,3.474276601781476,-2.0198135636456254
3376,0.3896550268565271,3.9584288705243935,-4.102478819136493,0.4703641493646131,0.9036377530223039,-1.6196069806302926,2.7953409702754684,-3.7741127009870006,-0.866699932863078,-0.9108250006875416,0.11954220712784736,2.6367544571351864,-1.3063253252085083,-3.633946860341883,-3.925464656742614,2.7554466788269423,3.7640817623297167,2.3462084011373605,1.491920775762079,-1.5887427436336843,0.392171510668188,-0.6917529195871293,-2.419919246137642,2.81632262292673,0.9188635245112557,-2.851558366302772,4.855210499975108,-0.7167723891859339,-0.8943460168286563,-1.3113972521672004
3377,0.11263776772870315,-3.6239421677869643,1.4170238236203723,1.4473362429169718,0.2210222892001643,0.42592204432181724,-0.7112332889336912,-2.9179425859901045,-0.8479571145081399,2.570792544026233,-0.35703679206144656,2.263377237468049,-1.6685940455061772,4.088059383724591,1.0429712170174845,-0.893913195374008,-2.8078264790170913,0.2393031191562116,-3.6049337565368376,-1.383681480354312,3.536627849665411,-0.006680879110905202,-1.5492799630495995,3.007948229384798,-3.767952860000797,1.7020037514340522,2.4867867555831538,0.9091594419041567,-2.735271577627481,1.4052744887087236
3378,-1.5329090286389686,1.7187013417894619,1.2509289839010407,-1.3585186211252136,-0.33354155930674745,0.25533888338149957,-4.567235432449824,-3.9098067031053354,1.0131862801718405,0.8811506103148563,1.2019018841985112,5.380803360870857,-1.7960105166062927,-0.1404000635134821,1.1197391661903424,2.538666510824772,1.3608590120710709,-3.0828541089653925,0.1369705588024992,2.5147389539578455,1.799085538171795,-0.4630189350642828,-2.270359671737852,-1.7174164441314268,3.794275899688916,-0.9865264098024618,-4.588497493479515,0.05161885797806676,1.2918646288374696,0.4372645167793241
3379,-1.1346592735049637,2.5267131999093166,-0.5198448829935138,-1.2921133230293975,-0.5732939893249724,0.9931982689445995,-4.679546915404536,-0.11513170251133786,-1.2434474498233428,3.3850548582003093,0.2719658242922103,2.381105385247583,1.4439107385065135,1.2273955815555766,-2.3939178481772547,-1.2030654145003261,2.4388530091296445,-1.5131760665131484,1.6219019086297273,-1.154192755721228,-3.0883991036948846,-0.26969981177366265,2.3014034005512993,0.5889863620073328,-3.090592791768465,-2.152374475765214,2.837621031431574,0.7033017084424422,-1.8706524102820747,3.572696937943533
3380,1.5176791651459638,-4.6627447049766815,5.047434450391844,-3.488172780058509,0.5962799564214247,0.9895239130770346,3.077527207743092,2.9401485071779803,-1.153537800540887,-3.1348753681528834,-0.048538442778641055,-1.6807241034477762,-3.3358267634256737,2.475570087790974,3.162499301060347,0.93427085701612,-2.2651919154795497,-0.9713215669612101,-1.6267612623676797,-2.1901367426217355,-0.9170212659570645,-0.5247037073809677,0.055086747505773914,5.203536230820241,-3.0883979144826625,0.34337047459538894,-1.0683445371833074,-0.6015059710628767,1.4181555522236735,2.996722395911604
3381,-2.575601957147178,2.8783651179659238,5.587732806386427,-3.8148199085411036,0.2523344384733508,-2.328010497136325,4.85924978867676,-6.237373239093529,0.5138517440735333,-0.4058269500463254,0.06147772446410826,1.2086209319263652,-2.1098671789151346,-0.19588572408323301,-1.3281628865499346,2.990935214856716,0.2827816110614769,0.3601989636310847,2.6812208658888608,-2.188319319251539,-2.8869003625976095,-0.7490352338608739,-0.9579311080921027,4.100965157911812,-1.166654838370075,1.053089549543511,-3.7612057991932915,0.37793011816424826,2.87967741526975,0.6171635545876839
3382,2.892156384548464,-0.4991458703966849,-0.35051410356772905,0.12070082602927457,0.212713444676087,-2.3759106812883033,-0.9158906967368772,0.7052931138098586,0.24404257139929975,3.1259790909987153,-0.2876295645105351,-2.87179451495955,3.739962993902953,-2.4151132381421228,3.5403093026181054,-3.757400591071832,-0.17933020671179278,-0.928428260594341,-3.2936777953732914,-1.9108523051353465,2.200628414440555,-0.4296156111181819,-0.07191539556897375,3.505432692753768,1.4648410006794812,-4.359872800992719,-1.8486079402552633,0.6738007211376518,1.2688590770010961,2.800979942431571
3383,-0.8437878596763291,5.000627782170504,-2.266466067651457,-1.4392007633597466,-0.535734290918018,0.08456119943617857,-0.005795722338046261,-2.008003547963501,-0.9834728880777241,2.4957163368183615,-1.1656127915729995,1.6671686131348302,-1.6313257723420822,-2.67416832941613,2.6881874626724525,4.002373305634077,-0.71379843951037,-1.6712682270369736,-4.177596562715969,3.4533359027876713,-2.7734136632480677,0.5485018946907516,1.1127946372479123,1.8363777912362416,1.9943824017205287,3.386950356390848,-3.331948419874262,-0.6301614537201932,0.9487333262318156,-2.3679562107469074
3384,-3.212563386054992,4.705545306612123,1.3923237550035594,-3.942219882535749,0.1573042939110989,0.8996099130650759,2.5720277412362194,3.1587825068291764,-1.2497196868823455,-2.1759876958222897,-0.35929251684641006,-1.9458103485134188,-0.9804498892448414,1.0916315529932241,1.8691857179804323,-2.5507330480677535,-2.801874850178022,3.372240516517948,-0.7044721542815111,-1.6055492204545931,0.17234584403479758,-0.01564208516469634,-1.9144091945869661,4.0677268104515,1.216137330381308,-2.428320621637962,3.446839112316713,-0.9967143840718498,-3.669719238063143,2.431777801076791
3385,1.566671597537912,-1.7990390751235026,0.3921844699171082,1.804784885120295,-0.7147252974668128,-1.2498765799839209,0.4230041083702254,-1.359886270762349,-0.49338498186350943,1.8632553852180251,-0.9498890571652687,0.5169008162037976,-4.159867747284251,3.9733333561800173,-0.03305347716015561,2.209723993279354,-1.9729798558961278,-0.01715626911782664,4.528332725446759,-2.0092353999188983,-3.571885338867798,-0.6889370938050927,0.9557469908216252,0.7859781163219566,-1.7712334281809277,3.0673171184548487,3.6139004805131556,0.16321067653294818,-1.8186444262899002,-3.2545504210282292
3386,-0.488512689869566,-1.8883442841687987,-4.534612229931174,5.474989798418974,-0.7396958404647707,2.1761752460163954,3.180163232996776,-5.058828481248543,-0.5830117082784216,-2.4526197292633665,0.6086223467273237,4.305674339067153,2.582950573059655,-1.5865227918982185,0.9771802067273008,-3.866186977233781,1.0728986158525409,0.8196803734935134,0.7319147114522444,-3.016720609860089,0.02361789023153804,0.07450664713926614,-2.0970908649229667,4.283772225958568,1.5807910515694132,-4.325411672903295,5.384497563816151,-0.39260511167017054,-1.9763462061522823,-0.270925624657929
3387,0.7085157372783417,-2.4743813931016234,-2.156821209656549,2.8989463744206745,-0.42622931127102603,1.449969802331248,3.608080987846826,-3.940499073396694,0.5311799019411199,2.0689159320385357,-1.1131973048776929,-1.154480443551165,-2.031694047392211,3.1975409295382704,1.4736668147276468,-0.4030096961789269,-0.6619605279838368,-1.574543472709932,-0.6334170297568953,-1.0688094540756623,2.5204199129898157,0.8231099590881001,0.04523226371068567,-1.6865356519574881,1.8164466171229776,-2.996989928039895,-0.6097597607794931,-0.7026170342074796,1.1402624090805098,1.3526576968252577
3388,2.333329616610726,-0.11375813897881315,-5.98708505584662,3.3457908052039613,-0.7447149225608027,1.1664376955726041,5.403947111819885,-4.4472782072513475,-1.0210059865892611,-3.2245215274199275,0.5043307694252652,2.7845278400163025,0.20977128945034096,2.082703103281112,-0.8061847039435079,0.43897637614905705,-1.200025242374089,-0.7252408225618456,-4.00466673676852,1.8016583963062,-3.4756236431091843,1.0804205602131471,2.173396316156637,2.4248151072002493,0.6935004862009997,-0.6950736341804848,3.4880198827436715,-0.3546389792714226,-1.5656800205766679,-1.5661277349142217
3389,-2.257983438970548,-1.5017572799335994,0.5284244963722742,1.4938186078017885,0.3817028649166545,1.3557947498144838,-5.01348861452859,4.007341804301063,-0.03531759294048875,-3.1204697867789086,0.3907983003358515,3.7711358896119833,3.793816884651367,-1.5503035704945507,-1.3557420844604664,-1.1506674368382281,1.935982275147719,-1.673086068004766,-1.7509710018673204,1.3050631195719546,1.970168928305359,-0.6747684478264473,2.198377413217724,-3.0478700114027433,1.468859561044411,1.9193346811331473,-1.2844887385280153,-0.3183714180289341,-2.1281667115357727,0.34283262591705466
3390,0.4640776239402271,0.49963645154576497,5.772408927523838,-6.208220658166844,-0.7398713465148843,0.21196900167293897,-3.261269427467827,1.5999697189117974,0.35081282391001967,-1.2171333945357805,1.161945974447451,1.3656743047352577,2.8089539807944846,1.4246164872497573,-2.2299157957148488,-4.1719912918507855,-1.2427951025926554,3.411131722115176,-4.574157796843458,-0.9453244449919147,1.1896727730872918,0.21299740275222057,-1.0208692535760449,5.137681319570419,-4.58725818374023,1.0625269922677099,2.3842295903237343,0.6009687834752082,0.5542063539565021,-0.014673536281037514
3391,0.5061390968247181,1.2079063873827636,-3.9828378918232517,2.9789182434127923,-0.8225200690641086,0.11239423326811604,1.6599876956960173,-4.388042454651373,-0.4710985031607331,2.5526922697292846,-0.9719244773524602,1.6183854697401827,-0.29240278260391506,1.6201218423776318,-0.5225227714824712,-0.37821086293056894,-0.46327662905971323,0.03629120370018235,1.9735352714755514,0.6209795332773727,0.9990459231992119,-0.6927718204015614,2.9401100093675563,-5.840898916919624,-1.326972260318506,3.5465768357255705,1.104391887965221,0.3055686552308652,-3.2236541126094593,-0.4059110059918414
3392,-0.5330842218896557,2.6309209039535126,-3.178031666054274,0.7139333647329806,0.31280339703672944,0.053458222221722806,2.9305837869347933,-5.80930299461631,-0.4168612652766903,2.253935600751202,-0.47919943605813664,1.520844308266053,2.926552724644708,2.8876664622903014,-1.1979790580873537,-0.9548492325502451,-3.561837886130686,-0.09955301016556994,0.45571195411303833,3.289163500508316,1.6137603914920327,-0.6923972855798386,-2.7225376210255288,-1.943700939509558,-3.6774717466566607,1.5840492991048478,2.4794173843512652,-0.24966929631816637,2.152871150186485,-2.2891967906659207
3393,-1.7768479224454534,-1.189838291641987,3.3623393773383903,1.9166676241485874,-0.2533062214617059,-2.059014565936776,-1.4568632332165343,-0.12516614865158715,-0.41287931161733127,-0.6043896595257721,-0.9347875976516944,3.5340859506638083,-3.8453848709753355,0.9750755751998739,-2.572396736091857,3.3061255345387224,2.492007331386546,-0.3554268340567859,0.423438437337353,0.024495422794457156,0.5499765164453692,-0.5437106754989358,-0.7824460211803181,0.32824632010051147,1.0469177371716611,0.4355534912629082,4.514553111220245,1.0050716984517338,-3.3042561159267994,-3.697839922177918
3394,-1.5653652262655449,0.6306011072820183,5.339840912567027,-5.925910960268343,0.5007269962108132,1.0201071704750593,-4.090484730014111,-4.510513831430423,0.13777528066015687,1.296527993682222,1.1604166265211768,6.006278660581842,-3.711928405312335,-1.0230737600729647,-0.7479950681733598,3.8447137820871937,1.8824010036449401,-0.24411755217229114,-3.5983809500390116,-2.2299748918644084,3.329976076428707,-0.9759714778853397,1.6839217822380306,1.7904294611204463,2.0510545460266734,2.909362821403139,-5.521413608087975,-1.0144279933445772,-1.4547990069754189,3.030223240980064
3395,-0.16157189180021625,-5.398868875365537,1.1549513479915703,6.030447949671927,0.7199167729779767,-2.3448753034746916,4.498591783525285,1.5788444323644875,0.26178174430098444,-3.646848425856236,-0.2788608845514293,-2.4135086497822336,2.2942472480477143,1.2509368982316857,-1.9616638893838125,-2.0869960049819163,1.0128775463183466,-0.509401798230817,1.8774584108606795,1.0691898951597487,-3.2723697820979325,0.09406724988216908,-2.6915523074985153,2.9232065336922304,-2.6915209890163467,4.861948337359948,-4.183351836184787,0.0875810668716257,-0.689488968175235,2.6148323891467093
3396,-3.0281845581435896,4.138126702130698,-5.827334508008619,4.540703563087927,0.28150930666121265,-0.10482050572660384,-4.70388178207104,2.1413185746836447,-0.4766968310471986,3.18962353502344,0.9958776856474731,-1.1462411822354532,-0.20962182705812182,1.829644598346004,-0.3250357058919455,0.6108998133781895,0.8872272028815971,-2.7931140816545277,-3.176964672399741,2.8598435768748764,2.893378670856336,-0.2538556294315697,-1.1048194717082325,-1.2175824741932644,-1.0679056975723569,-0.7455297679240402,4.875695842926195,-0.5815495759167222,-0.7053207991114174,-1.7753900023997549
3397,3.363775431013593,-2.9940205822652715,-4.4981532764669225,5.272041870897393,-0.6722528811412027,-0.47139056203655905,5.929135609573748,-2.7999749746816676,0.43526915193671023,0.40725696658627264,0.5572064778592427,-4.528893231273404,1.1669286234750338,-2.450524568542251,2.8369595921495048,3.1774223394906294,-3.661004613024188,-1.0697813735475385,1.090612183793958,-3.204395252060838,3.598606212046537,0.46805010197318,1.0736400567663402,-3.0265133025207547,0.6097528495594275,3.154204993925056,-5.914184057662197,0.5808149451252591,0.5644972499271628,1.0049140191271988
3398,-3.160171783022996,4.254071439708046,-4.579628794886794,4.34069202134409,-0.7607332344500626,-0.09422964869121486,-5.206942893947616,2.9531742752153605,1.038111514494175,0.39965796805788223,-0.14714287661440117,0.9631420127954762,-2.5308023701132925,-2.370978335777176,-2.4890712905965344,3.928245020557121,2.2977999722602256,1.1648070036708553,3.8241974231502525,-0.2643045732553908,-2.422058532465714,0.9423809383319472,-0.12229490251708519,-1.95792035324558,-1.8673865704957606,-2.52329654470838,-2.1298547941277697,1.1078690162666769,3.402070057649567,2.0105988354175786
3399,-2.3531487805478406,5.3103442372466,-1.702146322346298,-2.746977925801321,0.467990492159311,1.023938299290613,-1.9320547734220135,-0.5363388913818135,0.19690321496320262,-1.3423128387273024,0.6689610765343605,2.9448422120344446,1.511985416062256,4.236984161378562,-1.7457429635965287,1.2833240715317622,-3.760581272479513,-1.525969412895316,5.86385695992352,-0.11694842197264776,1.9738966461116156,-0.5068172460978939,-2.023000631625143,-5.1909873063409755,0.40726452237762345,-1.8087930607405838,5.806342452550904,-0.9408369293632832,0.019685620621068267,-3.4836626054437883
3400,2.3198942597928784,-2.6458486214826564,5.055532416471461,-2.3573103716017414,-0.8444694396775156,-1.527798243501369,5.229648336396622,-0.735042697543701,0.36431897700631666,-2.1291235597263594,-0.46143782488395946,-2.268363231248056,-0.748726940384433,3.0358290181625627,-2.3921792571854628,-2.952358898025677,1.8314020200346164,1.2260340573996125,4.982917042789744,-1.1621072107898822,0.5794479326964783,0.504362772326397,1.2769047672626446,-6.181525304286911,-0.9357862249795801,-3.235171006961828,1.3026444005333992,1.1545907172991923,-1.9395799834822665,3.6533020975930626
3401,3.45016269395742,-1.8005438536310692,2.920604404487026,-2.736125695591422,-0.7003283624610008,-1.1337691867599258,-5.130041715707353,6.138769179746557,0.09496175848214161,-0.01255294346612601,-0.9245077429170037,-0.16662853613734896,1.9091359046227225,0.5655956882046738,-1.807432388204699,0.8992964536820871,-0.087083224780649,-1.4795124335229097,-3.1588627483111402,-0.29814988790831976,0.5799836683639477,0.06613200690492516,-2.270623066042411,5.081520026991484,-4.714913605732725,-0.22423936270868694,4.606670267848106,-0.9620466583341782,1.2539967459177035,0.04053261301175759
3402,2.804240859448271,3.463360691851804,-3.2167074311355144,-5.330074781928534,0.9889649050508922,1.2902157567141188,6.218053519641849,-1.1988160199005513,0.002487417927486746,-2.884781883905241,0.8453269669373347,-2.982270000700023,-0.5517431251866611,-2.0066669230182406,-4.157831236523313,-0.026382267700334694,4.052872042841212,2.6897515095885787,4.965364707175009,0.09997333352408155,1.624557704644694,-1.0160766236649286,-1.2080989889329121,-4.465720132747428,0.9392837467965549,-0.7225684887586397,-4.569057620261177,0.07040714770156686,1.1874152442326036,3.094519970291085
3403,2.1520239221582784,2.688752649018973,-0.9345462273725502,-4.981077669542881,0.5556514430102011,0.5191958827289724,-4.233281885465306,2.036485544197813,1.0065286253610468,-3.499667798058937,0.6792572617860966,4.0106782521801385,0.16784316422008416,-4.100646176818309,-3.0777189257394397,2.980762020392447,2.702927379910541,1.326832538035955,2.240798105688963,0.1524660382962093,-1.043347490159789,0.09339041680333171,-2.9141880998934564,1.470881029263282,1.6625565338758506,-4.946597289992452,-0.3054910990235129,0.6144741521809873,2.037071249755936,0.9379864532052
3404,-2.977034468380202,1.8440648570029623,-4.006969882675403,5.818647709734222,-0.9443829920949778,0.2656747764144267,-4.95499350340431,5.417173580060549,-0.8333904456844063,0.07057796784689963,0.6850272584062136,-0.3843948572240876,-2.0950226820011935,-0.10333361125426777,3.2587054537470728,1.6297155666269347,-0.3787484983908378,-2.311316228726419,-6.098558896509552,1.2406452360727176,2.9600589320272874,0.519883291138652,-1.8829790426713853,3.260950479940817,0.8364366003453476,-2.7793869147975983,4.153645684184429,-0.7418234673449726,1.8655892393465088,-3.3344611417317065
3405,3.4259399707354063,-0.16320860128743675,-1.4113055348749732,-0.022596288401050657,0.5257213566455627,-2.3545509028164684,0.708224001193333,5.831391538448781,0.4694531620826261,-2.5318488587627783,-1.120974683626089,-3.3562451593350104,1.5588985889143814,-2.419681542188977,-2.0088718972871185,3.4188192045141435,0.3211345498067786,-0.8702989037578739,-4.3856118968860685,1.4074198155720232,2.7872459381855386,0.3679111012589802,-0.1645317341087491,-0.012433224023205014,-4.387204106760024,-4.5783869699092925,4.622221254240365,0.5844442393835259,1.6131604708755134,2.1457651121719152
3406,-3.3835920396290717,-0.6076569450323355,2.397776020148445,0.9949180240794568,-0.33901244960675303,0.9375673900413126,-5.293347869258554,-3.060415256303358,-0.482337795584189,2.8241453078364565,0.9955007270304721,5.016454886280023,-2.782927794540189,-2.674122631277971,4.145297260304254,3.1566472809144344,-3.60873411087767,1.763839995478481,3.0873629226333748,1.7965329160062726,1.1056230900901767,-0.5005591095194841,-2.6512115636761973,-2.837748255535619,4.049422106195966,2.284882380702051,-3.468322362934142,-0.24786931186282146,-2.721715146550922,0.10360233445185862
3407,0.03281282333630742,0.72562221555334,-2.881104142270555,3.7564268943817147,-0.28370201763061775,-1.3500557733691174,1.9815333750526278,-3.8738825401946357,0.19108786624535323,2.0138056645458917,0.5199633769024832,-0.832507742550888,1.687110358260206,-1.8442138460601942,-2.8115891905227457,-1.7590088594079845,2.32950450219327,2.398197035538768,-2.2788978106290187,-3.0689121349749797,3.0544173233925065,0.44982056938626513,1.2835681420534897,0.560003910770277,1.107268222489484,3.6959151825963836,-5.031679598347598,1.0899063824214466,1.038048924848244,-1.899459114005987
3408,-1.548559996372914,-0.05376887538808717,2.646452230750004,-0.40031886096767266,-0.22561129896322818,-0.4181931990570096,-0.7060119713719999,-5.446284701663064,1.1576399542142086,0.7704648907104463,-0.9676400209259883,5.1918318490372,2.4361331581124013,2.880548199916994,-3.603936230537766,-1.4361705518052457,-2.242276150779089,1.965701575094016,2.781495012495622,1.7621031113170904,-2.4614403983049282,-0.42761979384704585,2.3692353407240816,-4.023773272386311,0.9674114219443197,-1.2763522364087834,-3.359083887993897,-0.6665861906493964,2.5948837524463464,1.7397271406634047
3409,-0.7247172298216569,-1.8448713178319949,6.146861135643849,-2.7987217130883053,0.16692105903122867,-0.9454719339320246,5.343918698226972,-0.7450122720734242,-1.1398317341612225,-3.6423864524505234,0.36128022739943155,-0.17796846694045243,-0.7574674636708352,-0.41555513961012025,0.4650801761751424,0.8166934807366779,-0.5346997451243176,0.42594869149479386,2.0019297579865167,-1.1390720404374015,-2.9308746175719467,-1.201807641161714,1.594668952580518,1.6751555886025464,-0.9602999666643548,4.194570345858569,0.6101605285736689,-0.2214043698877468,-0.9860300532939412,-2.6369964845841842
3410,-1.611541872322329,1.100117848189349,5.141925905303037,-5.999931100670729,0.48886206955164146,0.880567149950167,-1.3379655537610802,-2.207459233242698,-0.4735485171810945,-0.15607840107852944,1.0835828877392357,3.0914688175249623,-3.065508565061398,-3.490880158624263,-0.5466612976546479,3.8436171066005826,2.6207484963071934,0.6386844184338916,-3.6790773128573697,2.6654576989992655,0.9764634805392411,0.3178755725125706,1.328169159658339,-1.6088885988534933,1.8343168609205733,-3.9222498360465856,-1.9784654293513846,-0.0857766043619046,2.421814137592488,1.7303608712488305
3411,-3.1549265706981195,3.346286325719017,1.8117205926436029,-4.751778170808617,0.4389740017626105,2.309723821382633,-3.431302987308154,-1.2683277320546367,0.8982161102799227,0.18323688572012742,-1.0900847401065263,4.70826246347006,3.407947586604891,-0.9426496893729066,-3.2849993274308744,-2.4216599707780553,2.50314193107781,0.7382194699004838,-1.408668502941623,0.7927151845384834,-1.2010398817801615,-1.0963989015892697,-2.3589028376630417,5.272294939434197,-0.6367304069436557,2.3806990725052586,-1.8529134058916696,-0.07653772297546357,0.8350995488272268,-0.6496170855196635
3412,0.02250780796758356,4.4867268921303385,-0.6997022727318729,-3.614603886561728,-0.19942534159993608,0.004496800796735201,4.464700707415066,-1.21326939265699,-1.1831028183772365,0.5134156825707379,-0.5072672448865596,-2.07447693406424,1.3232776593687028,-0.28776401496572035,-1.6765521357163937,3.9342323178679806,-3.7621233339832116,0.4689295074300066,1.3730610173479256,-3.2401324786050854,3.599971683554454,-0.3692977468463603,2.581351653344864,-3.9449541287972103,1.5011135167065,0.4858232809684715,-5.958490787443335,0.28872063746409005,2.170206238948687,1.5126271133576132
3413,2.2929380963704915,-5.724644239729777,-0.44362332533558657,3.952749449279473,0.8382593877107762,-0.9156793682942297,1.903788151016137,2.1320512734552004,-0.04363619826526488,-2.5813573625662833,-0.05308890299703606,-1.3577569606419928,-1.6943486670213357,3.209431574326711,-3.191660280767003,-1.3941108196286436,-0.5566959480495335,3.6273841411411745,-3.06311652190314,0.13287349021711314,0.8429780736615413,-0.7659720701327739,-1.5731363999155867,4.4263734280714395,1.691746169172255,-1.481283304975321,-2.74391829940501,-1.1526177182308626,2.9318193072607954,0.7542538461801875
3414,-0.09931324651702056,-2.1849535720100377,4.769049002793285,-1.390389233388241,-0.2871116494247925,-0.807281301452031,-4.974261181666101,1.488710567544537,-0.6577300725584063,1.5894499528113677,0.07524471701272883,2.4785860168566103,-1.9082391396960627,-2.047756557891029,2.046995547173811,4.06002321072798,0.12416808000345725,-2.275191140316794,2.9204448323633763,-1.2847233125018818,1.0067960110772454,-0.6182585423458322,0.49987052370167184,-2.524129512296014,-0.5900522916826105,-0.8401905068209317,-0.39416066078691614,-0.3233351355734344,2.7820389148761038,-0.6343003200101816
3415,1.5955770318662985,-5.222297972936278,2.8634669203225975,3.0754290619897837,-0.5042469373156362,-1.8079281039256152,-3.9917893324249576,1.2062673016108967,-1.0169986248329783,3.7049160296283112,-0.8807144023609528,0.978319028380426,1.738481218351744,-0.6246605393332132,-3.681513817555839,1.407064818346182,0.9930815443380467,0.16754677585441158,2.6904083476080487,-2.478779554410089,-3.3904305669958603,0.500756325920193,-1.6677285689251793,4.34577401680145,-1.389545142556198,-0.08364760632588997,-3.789862363624959,0.5043784214379006,3.3755702508792744,1.3831064401919058
3416,3.5900613368325196,0.2815619787394503,3.540818040863819,-5.814975300933572,0.3802611597910528,-1.9777272152921235,-1.3378566575687643,1.953468932395456,0.9126555378827401,3.68872505771542,-0.5701935757126027,-4.646799294711464,-4.2421813359445135,-1.3356201853871479,-0.061533486274495175,0.09011307961697312,3.6649477301409874,1.8842741978495212,3.9044069994690105,-0.38068491394253456,-2.210038551595572,0.29470920583121973,-1.6287187289810916,0.02032598921754314,-1.2945298673253127,-2.092088318731335,-2.4852207856116912,1.2044441052152477,1.6278456685578107,3.0395491978973297
3417,0.7133271746803658,0.8231421341274725,0.9709345452163589,-4.684373949169132,0.02734352597169476,2.149626569174396,5.529942926200096,1.8976389759007333,-0.6803526462551472,-2.2615354005534005,0.7906030664716033,-5.276296921763098,0.2627888541882726,1.7487964619232095,-2.452765705665211,-2.5575881615937917,1.782006406004534,1.2167621451443367,-3.382126430066414,-3.3947024008744524,0.2381086940016388,0.18255714825341585,2.142387655447198,4.21377533323718,2.541091995506374,-3.2630471765487137,0.586276865487676,0.18024141863354703,0.7696492010835101,-0.8142123041603586
3418,-3.638976726349796,5.400886890744797,0.02303951830102946,-1.9660623999004692,-0.2836168975592279,0.46472961476480634,1.7479081402967722,-4.293304957285699,-1.032495243684901,-0.7025969281983233,1.1885349361341362,3.091954052738778,0.2835723008185944,0.8153940716456738,-0.8865393960292494,1.903245454503491,0.8531276676574322,-2.9688000985946132,-0.03046650875826984,3.1315096877649076,2.256650336259522,-0.3147674901435664,-0.21861586862402582,-4.824310156500008,2.323675181178455,3.5624638127321617,-3.1804108330446326,0.47738914775749386,-1.482649114587204,-1.7004681940342294
3419,3.4576470434350917,-1.0176572554185874,-3.6194744856166103,1.7465502037320455,-0.38694177249250794,-0.18012373363830925,5.88151341306023,-6.189627411505128,0.03074722924364881,1.3760039159043203,-0.23198433712569688,-0.8666528095766246,-2.9952869619781968,-0.2880421919125311,-3.2827621784398797,3.374415036115522,1.32622567802904,1.865450618187385,-5.3080670500983835,3.2702994361472513,-2.4961383357031632,1.087925946392751,1.626807567630383,1.8191724356297279,3.013181625029702,-1.0953217964117314,-2.017909743373856,0.7296649969952451,-1.2954078878481692,0.6657928056108879
3420,1.6044829972649204,2.4787113132294323,-1.8093466693428262,-3.294210702874615,-0.7832914091639092,1.8036544708881053,2.3429981458113645,-4.494529891975006,0.3445444505040962,0.3097538586872268,-1.1888056356295493,2.686039072602611,1.1113879340960828,3.5194381209651198,-4.1086941358073314,-0.8763183854995447,3.701318897927095,-3.3471324316800555,-4.334733234634037,-1.712149043602274,2.9857428550526315,-1.225274285836646,1.597023906460473,2.6893898025584555,-0.6784631870791848,3.0759755558229642,1.6825381849235725,0.025990076195533618,-0.9341583869361312,-3.171882242924715
3421,0.4989758184375326,0.7248401276396415,2.0159530335842923,-4.787729005424886,0.7027266866786159,0.8452333390859046,-1.8425013749163028,1.0058948417553104,-1.2004106886851829,-2.9884231128659273,-0.6410242708999574,5.666464605612827,-2.500911722182561,3.427711512552822,-2.4259557721651035,3.833362351751358,-1.6841275805249918,-0.6500787894301503,3.417328871617581,0.3162929323978645,-3.1313310164000274,-0.5943071418371559,-0.13503713631656744,0.12705349053692316,2.394120248760572,-2.4238549087391554,1.6602891333086838,-1.0971593766712386,0.6723087367910434,-1.2057038334478634
3422,-2.7032215354614433,3.7700104988288743,3.2254977662551347,-2.525063951564743,0.706675079409254,-2.4738978574659924,-4.281239129341486,-3.2242324696116427,0.5480928504158991,1.202114919696463,0.9531858915826019,4.802077937258954,-2.342879862142695,2.366010419047452,0.2529489717099622,-1.9779396956180495,3.514997243570516,-1.8131370765658303,-4.3208671015806495,-1.3594769320462259,2.8503269878742685,0.7750893092404381,-0.12592962409503805,2.180857360605799,-0.8680291539544456,2.44498104135371,5.423238270152265,-0.06814961766085759,-3.6605538797836683,-3.2714866601049764
3423,3.6207974480131213,-1.4038342602784262,-2.0285148235764154,1.0343125445521686,-0.4344680433104555,-0.7882928653989314,-1.9702401654373283,2.398488105053932,-0.07174398705150686,0.8220060698416223,0.3202758538133983,-1.498785876219344,-3.138008130452093,3.420271011188998,-0.8429119654863122,-1.4335919492460452,1.5279488764070237,0.46629215758976983,-5.095678573631552,-0.785902801486305,1.2487820420172078,-0.7592539233886839,1.7552560894899418,3.6367971669979724,1.6291605931983888,2.018737564711671,1.8769859714761843,-0.8905549455793684,-3.1037120564868363,-1.530617127318001
3424,1.4089003052918372,-0.44183534081052045,4.136479176970482,-5.505360395409944,-0.305080211261717,0.706896465220904,-1.93929840938603,-0.2698687778457973,-1.1016034770638723,0.9184012744948458,0.16615951104438587,2.2262098787572313,1.2816555340587357,2.0701127812536235,1.3688214262893652,-1.8736991879836271,-3.448011876312739,0.6011213226960113,-5.024027192895762,3.317342116596869,2.4517265674582873,-0.9283039798619912,-3.082717071054633,3.265979559755838,3.7578157760900943,-1.57088595804084,-1.8353778275080792,-0.7697150301932068,0.22687242049653733,0.1912906191575754
3425,-2.1038323826332004,5.174807929062723,-2.323082027640826,-2.9683430795545007,0.5216459239980211,1.6988036367688082,-2.461457045750972,4.207688318399217,0.2526475549298981,-1.9826181713045692,0.39246257686127883,-0.4087232331341042,0.5198685327159573,0.646094164879969,-0.800929166857614,4.050880727910716,-1.2073937644591126,-3.2085204941885817,0.671106024586976,-1.698952565449698,2.0623634590343976,-1.1073768889417597,-1.0007200416207418,1.0735800123894137,-4.7927260378317165,-0.8496107602427045,1.1542740345683917,1.1595376450231898,0.8299662048871959,2.498558913597712
3426,1.1821104820063404,-3.9568749971382715,-1.6800344236987605,4.9466938367804225,0.5269003078376593,-1.01879520578637,-5.928215116255526,5.20689540562886,-0.4070122579069473,-0.763997044684567,0.6928424611468875,1.1994865520719884,0.7237064423100108,-0.6737407011823393,0.7538415190956371,-3.4972742553194838,1.6384302398978754,1.0550367551996054,2.672790835320267,-1.6850362523147808,0.3234715051366237,0.77884525919122,0.5822741356701346,-2.6723454830048965,3.4956570584945617,-3.69770455598308,0.4076393643585057,0.970807554183656,-3.567794641377164,2.391395220325581
3427,1.8269805470977794,-1.850363031210847,-1.9358962477986559,2.892838378435968,0.10169605431882545,-1.0352557008420558,3.7182743750247162,-2.5352823541072844,0.08892678577711699,3.600048005062117,-0.8722581479698519,-3.9997086637861123,0.8587543915447391,3.328858890598344,-2.9576704975839565,2.4596557596333675,-2.574161727144457,-1.1154368170467404,0.11453870357407325,-2.699880182221335,1.4851522029549145,-0.908158451421949,-2.1417736879167126,4.150121415029581,-3.0676975976999508,3.622913548063142,-5.61821129714,0.4234458010560642,3.704487042088367,0.9350625036344393
3428,1.379086291348063,-2.04699373859329,4.613690045591746,-5.738387437358291,-0.45481883169408066,2.2474236707068496,-2.3527119141309,3.7831906197468186,-1.1979062882389448,2.678845805182913,0.5468701458260217,-3.4582883683852046,-0.184397785889157,2.8972186944668508,-1.8002658375694338,-3.1239098386682063,3.8500587708040683,-1.6387040031428377,-6.031868764991515,-1.818364597888559,-1.0729414224766085,0.24505493094862985,2.069724163756387,6.608395690650255,-1.3753669511234428,-0.9709776134586683,3.606775137087702,0.3366832453957995,-1.405849406516925,-0.19126441138242
3429,3.586097979971104,-2.849982722940709,0.6578952555403959,-3.7748494880209407,0.921914515634751,1.4589244598163926,-2.889521165519376,2.897105710003892,-1.2425948456294176,-1.0349487938760848,-0.47811367244393743,2.7480727674656222,-2.7351185478400275,0.7138896499454361,1.1098290687698302,1.8242820120367078,-3.6319607822331488,2.7190785993224793,1.4545421719079812,-1.9249355226869973,-3.0459435272003166,0.8729405090059288,-0.37947966472827943,3.022876033700239,1.736830721705772,2.5795055046658852,-3.023201222189055,-0.7663497843637659,2.9177574403233066,-3.444542660140087
3430,-2.357327416642665,-5.128359167522788,6.094905972884451,0.16949669819992863,0.589928329510188,0.6313555835718976,4.94506619088445,-4.812205633768723,-0.5918390146698904,2.729403987151848,-0.12361585005008013,-2.1468096795468803,-2.845960798742725,2.100340186811959,3.519795810534127,-0.6960390602404374,-1.369619945676508,-0.7085161926851615,-2.304128385069582,0.9388087008777966,1.8046102730559817,-0.35502769323648486,-2.6251041663151895,2.540841270686009,0.7549044328196786,-0.6954345363483299,5.936052760356279,0.3591882217341986,-2.6068473447477754,-3.7478635338119854
3431,-0.6451251279936514,5.128875132030881,-1.841116981511,-4.660283738173195,0.5632789141756911,1.4543718014722877,3.905076551290133,-2.920928230261911,0.7892165927931725,1.3328472656460448,1.055490123043378,-4.161702302510111,-0.42293441088194683,-2.406578578640678,-4.101998186470452,3.550231058398971,2.2253219369688324,1.1559581806265555,5.896435442675699,-3.490159423207194,-3.311914593992256,-0.35485825542035343,0.15969983140536215,1.1007969985372803,2.982856875017273,-3.0725368843699385,0.791734034812027,0.9329136077139824,-3.715950968286643,2.080983335115345
3432,3.078204113826569,-1.3049280879130372,1.3701099666252254,-3.6219590853619152,0.9939892765877252,-0.5154161837635449,-5.950378279404948,5.459239272663954,0.8084491661332516,-1.7984800267768808,-0.9545175833843755,2.435687450769702,0.5855111851411579,-2.3900265806684917,2.612065519901634,1.571389575617225,-0.28422406012345647,-2.09471563986682,-5.688116615570671,2.8016939279879765,2.763290323162199,-0.7162335250215897,-2.307385078004218,3.146750967444831,-2.5371867070641194,4.452974014222484,-3.552509881756869,0.4261309943384841,1.6793706721811397,-0.4687790919190977
3433,1.0482646557493247,2.5607418422964088,-3.988131783346258,0.4002346502686258,-0.40094014591993665,0.37983078095285805,-3.5621072553211235,3.201006559837257,-0.531424903199067,1.6650442497813067,-0.8583298966241504,0.08581124552647523,-1.7503149287648192,-3.3770670186158167,-1.0276629904200405,3.690172063873625,-0.4428620183041758,2.9077348922324546,-0.9513838571511144,0.08667014540317908,1.7334399801198117,-0.696802120467547,1.1302491080403634,-1.3021732559461476,-4.915420588351935,-3.0888307612185137,5.334788883763288,-0.30420538036536016,1.486777145722474,1.4868907004520757
3434,1.9926986914699683,-5.285414818296275,0.21839976817067708,4.154002416191155,0.8156385006687499,-1.8953245582032139,-1.7237794457753424,-1.9768635917215178,0.9696481004442106,3.6308684100964115,-0.1762075522276474,-0.7236659208154066,-0.6868055351803015,-0.9298074065002595,-2.6080414301967014,1.2865844942720237,1.0263498837232916,1.9117199938832243,3.3424333587145973,-3.205765410052047,3.2338999792690366,-0.8607002103453292,-0.06278286810808176,-2.44708484947963,4.347065741342835,3.8423674570674855,-3.639450405364098,-0.05894892989500633,-2.329181410968836,-2.161852452180348
3435,3.3769789259920024,-4.4813899935331065,-6.216976233862347,5.512937480272363,0.0817666664381127,1.7266831546940704,-5.052002090061521,0.8111572691881328,0.38480956735842575,3.0793834568813416,0.5273233985621433,0.24932839807217633,-1.1015100298523208,0.6958017153221014,1.712951392409792,-0.34196859247409606,-0.14895706649988938,-0.8163174189043065,-1.1402311437487178,2.606886603099902,-2.409807974033358,1.0078392965029046,0.3913088351521239,-0.4559956169742918,3.9038562696685375,1.0630780754721698,-6.0594017212825015,0.5842594128895167,1.2151760616767113,-0.7069680984224238
3436,2.070770979974256,3.5613653674790484,-5.223617986615881,1.9282779546071858,-0.9381230708624535,-1.398673244581051,4.398818573658549,-1.7306657868696966,-0.21810475344784575,3.374706843675515,0.07857892240440023,-5.903333799420217,-2.0237560568933315,1.8140536208434028,-0.860505322004002,-1.9070489159188035,4.207422159839865,-1.230165485865868,-0.8586138903452891,-1.2491189989139109,-1.962579757201155,1.054686937810187,0.010374509638818807,3.0052511990099156,3.4282652934219726,0.2516196577128653,1.5356053381554098,-1.125721790094043,-0.4555101837473714,-3.6342583154468215
3437,-3.5219897153931115,2.7244068865456406,-2.351129291390894,2.87196496219115,0.5224655270503642,-0.24571836900206812,3.7646678087935896,-2.8140155328112115,0.15816877614102332,0.32100698732632793,0.3450452344788877,-1.774873273927966,-2.864775918432981,0.6875891073538369,-0.1693680403679103,0.6681367214102636,3.187197891049312,-1.5087797610112261,-3.133317062817625,3.079766938639608,-0.15749292054335662,0.5225210033322698,1.8321057521717332,-2.143583710784082,-2.1500372874816023,-0.09180656587618685,-1.339307951260949,0.8879114719732906,3.1530481271193302,-0.4598077944718675
3438,2.054056319231176,5.012214621976266,-6.133030263253314,-3.0896742859043584,0.4275938505172676,1.72883975743407,-0.5866955594085219,-0.3558791485566033,0.5193194527581486,-2.5060044211496546,-0.792377276006131,3.7216369523634363,-3.678750954133477,1.894572014828455,-0.9763977516490456,3.3810159754164495,1.4242847190565264,-2.044724003517608,3.364392146285631,-1.4451816799576065,0.9566674384019329,-0.4572128544765546,1.4068301384642652,-3.8254951887191417,-0.2377568579988889,4.339170097341281,1.7324999051151586,-0.6263854094605064,-3.1503739327555245,-2.0571538022395295
3439,-2.37786979872031,3.41907873325043,-5.824402454223289,5.86237634552203,-0.7823904715620702,-0.29679235426570116,-3.9507192887431053,2.1042255281077153,1.0754798255628568,-2.5221664745757746,-0.6076466092745214,3.9008270189234864,3.4132618669939276,1.68778693468823,-3.7841496094739426,-0.5533218643112434,-4.232465978402068,3.468888650506411,-0.33093890124393965,2.2143440945870445,-2.744884527298362,0.47042343175373613,2.672255542476135,-2.281199640276057,1.0207654234977284,-3.461688573879343,2.7816895601783074,-1.2387663008183445,2.992162892274756,-2.094163001251136
3440,0.04040354597587381,1.4921057614705937,1.0541700265642682,-1.3439254034892691,0.26237470175770294,-1.5051286322780761,-1.6393000748358588,4.033091871316188,0.09493791006452312,-1.1501283091724552,1.2070220057200496,-2.5456234030917884,1.372878615280296,-0.6709555261390641,-3.120711995566241,1.0864648029336479,-1.9959268305501894,3.3282509340428916,-4.603411070213507,2.1314456989770783,-1.3501681820363771,-0.8336639184681589,3.1789163682795767,1.476881103459931,-2.0603002632464715,3.623205682743837,0.1570841314981699,-0.46930919282296024,-2.3610748172264007,1.110394459055808
3441,-1.1648349203337958,3.8808080191263628,1.643570484913404,-2.210572576569202,-0.7983539077596606,-1.3506170993760325,1.8839789610669264,2.1827841384602245,-0.8420531719627231,-1.3267905561190183,-0.6501189556577831,-1.2478004157869442,-1.793440626505042,1.5247926942963446,-2.985724804569781,1.5077219931825887,-1.3107737243412139,3.057424467938418,3.695563043453383,0.578946731663649,-0.8302410633372972,-1.0358926317359898,0.4976686065424367,-2.906044686587638,-3.177081621671814,0.44749021303873704,-2.4721042046553166,-0.7716943875212872,2.687666092331586,3.285723908480108
3442,-3.384415686849115,2.9824821399838655,2.1232694624490698,-0.15465804681678819,0.3265056171175278,-1.8931834858834637,-0.7741263554603002,-4.074136327006034,0.9122116156163278,1.0643324348846797,-0.7607618359106887,3.632480467876711,0.7144600691090801,0.7961902882619718,-3.7862888678354167,-2.8607131599176547,1.417497137400094,3.7188545329832223,-0.06277169060112442,0.6215027682121299,-0.8826513467047672,0.5187359895888282,-1.00018461117301,0.8053688906764727,0.7875327422040819,-2.5361516360922565,-3.3795873893797967,-0.9516479610588267,3.677216320999584,2.4026379233291983
3443,-3.5061131624881963,-1.1812623689219564,5.450335133065863,0.3659456230965574,-0.07991738952597416,-1.0489878352251871,-1.0992449329095386,-1.1414028714646136,0.7306564596954281,-0.8196083025429814,0.213200481304046,2.116399165918363,0.8130050688459143,-0.2788125529393852,-0.051023864988668066,-1.2286975504504216,0.9861570419772221,-0.24062814244339492,0.36257325663586926,-1.9416066222230164,-2.580824191519744,0.45260228027842064,1.3187132056317008,2.388542071195296,-1.4914700390674014,1.2251484663843257,-4.009693093809542,1.188889904153255,3.5386345125120933,-0.45150975017079453
3444,2.0370703051883474,-4.856136673662995,-0.9302402205912905,3.2845306806237353,0.36991905219133736,0.09485685625197426,-0.40476176081636694,-1.773209091351017,-0.8458173411431034,1.4795511556567469,-0.26365277890644556,1.8078898165608983,0.3663029662934001,2.354740530895935,1.261055488028834,-1.542765758457227,-0.21947523613820152,-2.2198579906214775,0.3043929614206853,0.5146486264552799,2.1439041421385916,0.3695914467668331,0.18250339321929232,-3.515040570002128,1.5665357064363086,4.669222052136973,-5.723806619997291,1.2379318611893213,-0.5971672302831017,-1.1527157694802845
3445,0.8655763968342836,4.6984009806143625,-0.866257040158743,-2.1686261010844845,-0.6229392622303067,-1.9061549739740133,-5.101998687314232,2.901220340385997,0.3524372115371017,-2.383523333767167,0.1741253200481072,4.057739149110898,1.5027524260339042,-3.868406677639447,3.4646529409787448,-1.7571119491466618,-1.249991603603375,1.9081048633780604,4.6951488012486315,-3.1107393143093613,2.4904638963089845,-0.5513999074430398,-2.7202678782571432,-0.8032055975495318,-3.5642517776920677,-4.907409632530776,5.602709380183484,1.1497297371176654,-0.49661271904813375,2.215835011971752
3446,2.039869983936658,1.7668391103063108,-3.8670313140656134,-1.431692870610238,0.05713150418713431,1.4348835862468228,2.91357971269073,1.3296710391440634,-0.05950811642495957,-3.169723145679935,0.5495041628300461,-1.5635236525592582,-3.578153524978841,3.9980170212660404,-3.1186548469915305,-0.24382487224601945,1.727832226099391,1.2147839968521765,-6.199454345558646,0.959698445041008,0.24955210884470347,0.8319510688347016,1.3892113565720976,2.7690413662646947,0.3976051331005408,-1.8369895371011964,3.636415201219698,0.6635176998309982,-3.3478502415130293,0.4873017444648795
3447,-0.6918881702085535,-0.05197476813341595,2.797257566861319,-0.13547218661740246,-0.03948123848867269,-1.8784412034122138,3.7192266147491004,-1.8582978040178055,1.0479120050953217,2.4873462755727154,-0.03800270280289464,-5.358184388595742,3.766542305789393,-1.3640292910495955,2.281414007808813,-3.6366470128862396,-3.8023457302462305,2.7550657205850726,1.2531815089663354,-0.16623106760739859,-0.7557601224905603,-0.07959325807945916,2.9447642288144014,-3.1963612896047344,2.8118739544185267,2.932663966446846,-1.595491121821766,-1.0879993938207102,-2.655859798155779,-0.4051876070652014
3448,-0.13821723973810762,0.021578028893440404,-3.620778417994895,2.413614313564999,-0.525167110879492,1.8489704261551232,-0.332924413656972,-0.7722910579447877,0.26726293735179407,2.754906855164357,-0.378897749629699,-1.5380565712839847,2.65049294842202,-1.9347062585069335,-4.0562232330267864,4.079561362566242,-0.08432181772698755,-0.6548030017263411,2.978122053555925,0.2226944321721227,3.477463412628559,0.9837046631958533,-2.710734226902524,-4.951250334651345,-1.122917352508157,4.770705893712176,0.211218417757717,0.8757633901444191,-1.6470058072809337,-3.0877645418233115
3449,1.1187796887809078,-0.5062576404766155,-0.5304402774078909,-1.4060450520489312,-0.5673715347703672,1.8913348159239707,-0.2552338140863455,-5.85540240984734,0.5685371729938726,-1.0811047618487475,0.8962821585256462,5.726921654263613,-2.1603329617759623,0.7077618445104896,-0.6259188888306326,2.099405721048189,2.3803591065433984,-2.4012748214942707,0.27191007955406477,-1.0220120816283096,-1.4271509846025303,0.8238195066329022,-2.865703324657872,4.219136804700341,0.03744878829613185,-1.04675370550083,2.3346604490025022,-0.010504592930733914,-3.6946243227150966,2.3797733838499333
3450,-0.20348071362390208,-2.864359154347472,0.2931672250959032,4.067972467091444,-0.6607547904295283,-0.6325450337853837,-0.9115232415957095,3.331742113376155,-0.5528372211253476,-0.021826079451635394,0.12810591309058417,-1.973661484293313,-1.3602688973486572,-0.7386120908783447,3.2567434030866274,-4.118663180385486,0.3697377541315561,2.5910630113954802,0.288245643090697,1.8518371145648906,1.4308829784746244,-0.27313276716778123,-1.7766075023663106,-1.5212254665975173,-0.44717885796755397,-4.040526496507196,4.620724397642558,0.9788020564198332,1.782535585097655,-2.8943566846833697
3451,-0.5037682696116335,-1.6887060995673266,-0.4270124056215323,5.243376800351335,-0.5802098725418678,-2.043680153007889,-3.971600103566626,-1.0535947109970607,0.6492639852919959,1.1903946533658178,-0.4280474054046923,3.613583581311314,3.483940187591344,-3.8371826816775343,2.5766850753678945,-1.6194171237921697,1.0197781411969302,-1.623803598685317,3.6857715327552185,1.8516665484313677,0.409242658616904,-1.1298705804173603,-0.2566809039097606,-4.5601292554777615,4.466797117451222,-2.9410327523721698,-4.069198780464312,-1.2164422544669131,3.4928111091165412,0.26706556073756715
3452,-0.1948785244813962,-4.83538228544775,2.131205670962615,6.14343559759525,-0.760047288616881,-2.4843331700107587,1.3094487968108446,-4.5303266206986095,0.5998345545276917,-2.739510899734972,-0.6490823921149058,6.009636561210684,1.9830114915374644,0.37614642223275396,-2.9427753516619575,1.9328629601466822,-2.097626217798199,0.7483806955443946,3.871574879700404,-2.203226184321805,1.8218344195487468,0.8692611766526754,-3.0939570321003806,-1.2654872594810165,2.2374231439093215,3.9063875783953854,-3.355888443293626,1.2321347810605223,-1.6343443496885204,-2.3857127103811493
3453,3.251541176458961,-3.582412566177805,-4.627774904011584,5.100904714214689,0.25763429377713454,-0.3998927142602984,0.059785029643382614,3.1184841547831645,0.14167061270814774,-2.2432175821474907,-0.8521792413514344,-0.22454297363502818,-0.16966263375234902,0.9429644107326958,-1.5980728891128528,-2.179546195031884,1.165436107351077,1.8388811998144519,-3.746518270475139,1.6867724376096938,1.814247490575024,-0.8245938174719418,2.305401413160755,-1.2353092533997767,-1.8963425971509231,2.8507879353910184,-4.673421133458707,0.5673796723183937,-0.14121173663167497,3.2928078595338306
3454,-3.644350691374923,3.909874445222428,5.6628991665691295,-5.512237193699029,-0.7138645817660181,0.2976788550494547,-5.294995819423395,5.103722275960241,0.709866956889269,-2.7617621094926186,-0.43187922162083314,2.6750479176880617,-0.852557373845233,-1.2861216674082065,3.9633817623088525,-1.0157993386512807,-2.199592260236887,1.3906888778338775,5.002522016995407,1.1896736882062324,-3.2681203837068615,-0.35699121174709614,1.5571318606137048,-4.124215970362755,3.104177237107983,2.8949243820915953,0.5620598797156262,-1.1309589925690267,-2.731376290324542,-2.698826216019672
3455,-0.18587332714209026,-2.2146836254590205,3.4799534382214006,-1.9423946382768804,-0.02091685189224468,0.8839150045498769,-4.170676647217803,3.7753106316359215,-0.38049051153284097,-0.5976863970196948,-1.0299226934243935,2.4034656175595153,-0.809278315517922,-0.2445283615135665,2.9202077941436997,-1.3339455691083852,3.1071240885975016,-3.639579636600221,-3.680948333138332,-1.3886206591505914,2.725429508365636,0.9740938128592065,1.8697927854177898,-0.49974711435508823,1.7913599659381774,2.146224138439216,-2.1973376545297754,-0.28334395215398,0.6317277950621509,-2.088630292753848
3456,-1.1413725518910791,1.2689477758358798,-3.206356287035195,1.1278345152048423,-0.4193805821381831,2.3703271300247977,3.656958903753612,-1.3290998418673539,-0.35168592958827016,0.40040309534740715,-0.06114030694645045,-2.315435920698242,2.490186166002129,-2.1676903015755027,-3.146775951306884,-2.160356804758276,1.4407110373315142,3.543925854308135,-5.8214458655400385,-0.261351084417516,-1.3822450080023394,-1.107945950226222,2.5482476654540402,6.024740242730751,-3.628058031465276,1.5784641013332283,5.268041746129462,-0.8869211339135061,-2.7359616122533357,0.40443493017139076
3457,-1.2490165293713087,4.963019931314776,-3.6958376868013154,-2.2306543437646695,-0.16319727182301413,2.375685900446607,5.392612890889922,-1.481570888313808,-0.6767487608558671,-2.1642819383883865,-1.2447491613546453,0.1747378580234873,-1.6355804871207607,-2.047244508491298,1.6828394734770136,-2.765117884871456,1.7039399641485211,3.061163442859119,1.12442504104202,2.0343265185475943,1.5433853607622758,0.6184076103917073,-1.9207510460081796,-3.3997934847367546,-1.627383155937924,-0.6863773109703644,0.9700366117549137,-0.0057757293045472835,-1.4744900118605262,2.8239895963204305
3458,1.5892194221923042,-0.6266467366073343,4.214856829115384,-6.218469756253064,-0.5171392905064125,1.5581795320602136,2.715852824610348,-4.67036642785537,-0.05472351808548481,2.049020035354765,-0.13731682703821058,0.09753391301465086,1.8489016889970742,0.61732071132068,3.7710272124415454,-4.059015884499631,-1.192388112548299,-0.9858456157102768,6.229369174294277,-0.7916038619234467,-1.2722926073134264,0.18217903779570221,0.7303258113372078,-5.077977554191641,2.072546996715989,1.4461814204358348,-2.7442393950297017,0.6843306729460501,-2.1948994173215937,0.7360797222553668
3459,-1.6754711178192565,-4.608804039124696,2.8821937470807555,4.122909048638643,0.2015791813297536,-0.9224068201041273,1.0262240417627737,0.7378387154379276,0.1422386993761391,-3.527710599519718,0.40536983931023496,1.2160393036333446,0.2871061362881022,-3.721170291099087,-0.01866798977964379,0.13193089286181703,3.253878577801757,0.06692267392814699,-1.5718710633632291,2.6334385357209342,-2.4487513243962304,0.6930227230942316,2.4227047323559354,-1.7285436034129766,4.696942558915104,0.8026408533177367,-5.196155852460478,0.3535048006734405,2.8408914400736585,-3.4978238005175584
3460,0.497469758460527,-2.3438227352081107,4.804934670896909,-5.512463816747992,0.41275493101149685,2.1411271915881827,-1.555873783343376,-1.9309338733566044,-0.328950017157295,3.2057424017694167,1.198597045919601,-0.5885817738310486,-3.756959641732303,3.9113423866041117,-2.4048874504879603,1.9005416060032196,-1.970781365278933,2.3207444648929396,-2.1180861184167092,1.8181975434381723,-0.9041362547814185,0.2853833164339177,-2.4519917531097484,3.3706332664344707,-0.06136498292928394,-0.8388742547056474,-2.222608135444446,1.0768001599191113,1.301370037885718,0.7446771752764612
3461,2.571543306601285,-3.255438211319344,0.7485313201541928,1.1616143011125963,0.3202321390554679,-1.5464828556032053,-0.14432564087779198,5.112025903249627,0.0569248413891561,-1.8768422572776817,-0.07168311262168992,-3.076099733860925,-2.0659655074475367,0.40956418025985997,3.5613915571430823,-3.930282352833151,2.4373955347463863,-0.4121034118675677,-5.743117227066005,3.284271844445559,1.0235236319602734,0.016355405109459653,0.2879551894824992,1.1310111560668972,-2.3348135942105905,4.01667472786399,-1.5328938808811863,-1.0726273655980099,2.908232503544575,-1.9845723907168686
3462,1.0011891777277455,-2.736471842464386,-3.348599286041466,3.111407812779362,0.5758377783992508,1.3966363596004872,3.6025198775765084,-0.4245721130567297,1.1837279508063911,-3.204545509744694,0.704085478366955,-1.8612156839477372,3.5985314476963204,-1.9197644605989215,-1.934995636320652,-0.5263638599185079,-0.5083584823862495,1.2909509915290514,-4.144534525890709,-2.2300322412740634,1.4601150521366684,1.177260168336856,-0.7997562812388601,4.5369478279288025,-0.7970552032356544,-2.2945397649300148,-2.228068759826929,-0.341376089222436,2.1659574970767075,3.495082320140245
3463,-2.370394915255007,0.9264668217715801,-2.914000985964485,2.3300104763645955,-0.2593920904940694,2.2873106935783927,-0.7560912062265253,1.204064814170831,1.0493740625274928,2.8456562131725107,1.1104005634106633,-5.453404447054247,3.7945507914864223,-3.261058135117148,1.4684705503832873,-2.2098212870164087,3.56353540920675,-3.355677328941912,-1.5722059037918683,2.510674288328815,3.8815753759802725,-1.1165581929617274,2.1460770043654502,-5.849562571922231,-1.1590078115975473,-0.0005971166901410641,-4.774103611635702,1.0495679543963838,3.5493393382799283,1.3348012472489508
3464,-0.9162012126003205,0.7929016699545812,4.363651575176679,-2.256200586815183,-0.8261397965041737,-1.1580116492105628,-4.801654189016144,4.477985710536849,1.082879155941903,-3.1221147940625347,0.47308875931362593,1.8898153572870378,1.7737690807939792,-4.0732884302945465,-0.2937929744372134,-1.4546457958905563,1.293357031702584,2.754601088126744,1.7804618509526726,-2.9476002947501296,2.5416515155339248,-0.6682691459450778,-2.877529847624455,2.1712859218317817,3.2607501058210815,-1.758572560140717,3.353803181216943,0.8301923567494311,-2.248627021679164,-3.437546061965717
3465,0.546595850984497,-0.9645388592934694,5.706837984046775,-4.262383612268458,-0.8367416046226235,-0.1897697588456957,-1.1134834822492863,2.037679761048217,-0.8977859453574633,-2.0891766904674895,-0.6937589693310073,2.7565253263577816,-1.4845241360345813,-1.462489984957438,1.7916760275389372,3.0099010707069276,-0.7033008561651286,-1.1512621210877363,-0.48202735150056597,0.8777402970376862,-2.872102240268058,0.9707147688669551,1.9711957735033039,-0.465521247640595,4.963946451025549,-2.422666925080133,-5.581627499123968,-0.19982122370938615,0.007823804444591076,3.232345392445179
3466,2.440532486093691,-0.46048854109944415,-4.48836528906919,3.011245880044914,0.6612133139260137,-1.1641378498949457,-3.9089335470096884,4.59116651542957,1.1257272532471108,-1.2386405283629163,0.289534265395341,-0.8588539586986599,3.177354281670862,1.8384863806744463,-2.792137797188822,0.30669387431807493,0.9587828003520649,-3.4891795398256438,-0.273193505968937,-1.4624280314756408,2.3484882979756065,-0.062050295443486725,1.726612264120547,-2.277428729209344,-0.3110681115906182,3.2603286008320147,-2.1371351194053823,0.6325855660906878,-1.666373107225409,0.22166217130056154
3467,-3.442494162143788,-0.07720945211725194,3.1178544814341933,1.8184668007364913,-0.829483780222007,-0.5871338876866101,3.1320495514216766,-2.844902322380314,-0.3064227158541426,-0.9596855658235555,-0.9443317925878025,1.9232928452248856,-1.5019671514711792,-2.5242512153949725,-0.9799523962530934,4.141972054292342,3.2657928162608307,-2.4015941074329774,1.6882720994365137,2.4308710957528454,-0.7191549415045735,0.2801344688414824,0.8177419302627591,-4.497864652790302,1.9626632425608044,-4.2027172075261845,3.6329671708732647,0.3901683768855406,-1.4785977028243078,-0.30448387996727533
3468,-3.2647092292506628,3.314916854258829,4.928768611687147,-3.8988551860586362,0.4171960106646657,-1.4973170613003042,-5.453689697149805,1.958549524937073,-0.9633002950161345,-0.24463481008006838,0.3645949589040578,4.3384803184056615,2.617792459765422,-3.9080530159290614,-1.9144266169157067,-1.2456751467157563,1.6058029688304245,2.8445593509656355,3.639159946384517,-2.6201974922812283,2.0237985471031905,0.1580553316293205,3.0773888244335517,-6.278205157270623,-3.9570004732949577,4.768100377384357,1.063355527388289,0.1635909323926441,-3.022700070102699,0.9846537062342176
3469,-2.9935874345082993,4.123840317656136,-3.9625603257792683,4.109552279967708,-0.2556865943464386,-1.021558242988755,-0.8658721759532746,3.2634666129135432,0.7519766101841165,-1.7590253251911978,1.0878569754615697,-2.4784026974139763,-0.15665781619676267,2.3667542924539973,1.0249065368363546,-1.6269108002959047,-0.3133767422007132,-1.2947154705960493,5.50790372913378,0.5845600682280612,-2.3393118496216303,0.386087072764564,-0.5071139118879202,-3.632125108618119,-4.707501712933551,-0.39529744414486956,5.1567976990200854,0.4695847082552085,-2.0795863164685695,1.5560030662735507
3470,1.0061556725718717,-2.148053567483462,-4.914431243714549,6.044357943871667,0.745826132408169,-0.7338549376526036,1.4026070649694802,0.43187015780200255,0.4593240045224425,-2.740303163423226,-0.18053976846623865,0.6270417045963121,-0.7198292050220161,0.883682494270694,-2.449952366938076,0.6405629974010125,0.8638968758805987,0.7816392044086964,-1.533386007031769,0.6782832066677162,3.219485585695544,-1.0570693044258341,1.3939570051049959,-2.7012704860119037,-3.3677784653337532,-2.236932135998277,5.298308866796063,0.1803850885576841,-0.8472610520294594,0.9732776980095998
3471,2.057941113238307,-3.8157617810569704,-3.245321443028857,4.429177981585678,0.2188759197271528,0.35508820953578635,4.137260336354636,1.7349874367216742,0.4025728134881428,-3.2299050660058075,1.205132437891236,-4.250047958449116,-0.9777063487223749,0.3095623675547863,-0.1758324768025048,0.3481392227961919,0.2978397186422832,0.19799751653254027,-6.0530624379460924,0.40255309796864935,-3.4469596622441365,0.05308294097591837,2.394201974757321,6.65018408648708,4.007416073339407,4.303973877138606,-6.202360356620353,-0.21998124334735625,-3.156712646226051,1.2676642957176192
3472,-2.1160280704554886,-2.9200555268137016,4.982959164270547,-0.5669869280193787,0.6410494802081583,-0.0209381191890472,0.661155327600266,-1.1159590080893906,0.52054348798577,-2.6885099097939413,-0.06912366633183797,2.6918937686299103,-0.1260855311330289,-2.3826027783993915,-2.1777066074875844,-2.3511797807561994,4.123537057016922,2.914037640760238,-0.1465532885312406,-2.6166397040193186,-0.5966447429283193,-0.40152160888567323,-2.8711580793156557,6.632517423678976,0.9847317276475422,-1.8958935580768355,0.5879279975407528,-0.182550021406108,3.6048242314807872,-3.0990403771842683
3473,-3.0930070023364475,3.1822291972841583,3.202859696283518,-1.6559024882764568,-0.17536683180603907,-1.460812571147601,3.2648589787099347,0.294311424605354,-0.4843738431468694,2.2441311817056757,-1.0588694339003082,-4.260058307973029,0.1486859155276825,-3.6814989447129953,0.7475538845856171,4.055229947302241,-4.230620092520072,2.9606492898184733,-3.587544641106227,-1.0376059212785087,-0.6110807349614102,-0.19001617051395936,0.664572102183028,4.761675365675849,1.3663824090658245,-4.573836602427281,0.028188719143731333,0.08203706821401191,1.8604586358171886,1.236769770188367
3474,-2.2183467798615926,1.3330544868089937,-3.2667618306444623,5.643815956087611,0.2516704041076574,-1.7434322364970765,2.791189610107967,3.8662844371109877,-1.197895589513232,-2.8120646847149064,-0.17111496976052898,-2.476398803229536,2.008893959309031,-0.5500344542513602,0.7916785938158313,-3.0429585824758245,2.9363015392117546,-2.143881055608487,1.4342894237082469,3.0710312382966762,-2.639372908087239,0.3488179830422311,-0.13563211251368834,-2.0791336244474365,3.550006970035227,-2.267504397727592,-4.506130708301676,-1.1792260745679348,1.4277069895566044,2.9751472210072194
3475,2.4383931467181483,-2.310213029666965,2.0096685474538027,-4.276953345428208,0.7245277963228118,1.4145768846015283,4.251098062307356,-4.28301902663112,0.568774708430837,-2.2524902248294865,1.0916051624096195,0.6240313183135342,-2.484022297615132,3.2659490279101355,0.34417558571197304,-2.0536780977588514,4.068957637736329,-3.1413818559835534,-5.029102678750558,2.933374615684695,-1.9160663765885904,0.7547832897280262,1.7198917822413815,1.5371193676838821,-0.6168537431038672,-2.188348560427471,-2.425688279175244,-0.9339523120941147,3.411183808459281,2.7536590863432515
3476,3.261295897752518,-5.369421620050062,5.455444291440799,-5.57260727225286,-0.03155706392562574,2.2568457670363333,-3.717664642997253,-3.0471266374252224,1.0645980337928425,0.3089923628508213,1.10027828069736,4.290922603082212,-2.3242037094063033,0.062291689187201627,-0.4754908762903227,4.232990960497997,1.2374561677263394,-2.7330442317140218,4.39351085743343,-1.2723689677979273,1.4727569735880444,-0.06629212336987944,2.1246327433816106,-6.65223948323651,2.972682261461408,-0.7487335393133385,-1.8919613847140795,-1.0478985848824998,1.5784887715826201,-0.8625775241322593
3477,3.086949573465702,-0.260326800319465,-0.29959076990594014,-3.814239349793123,0.024016831450574205,1.2631905151033713,-2.676937548217797,2.300973027308121,0.696603022793064,-1.2295506106963767,0.5171015355321407,0.3918105732816137,-1.3370311477529597,-2.481373690231477,3.6818551103326946,1.888044713171432,-2.8272176153960693,1.07572262987728,-2.4979468633162725,-0.21653518931541527,1.4393784450313092,1.1378436695683884,-1.6120669746534801,1.7493269126842463,-1.5158608279851968,0.2225372585072769,3.406616442104905,0.2712579961374004,-1.7820820725740383,-0.6024687961885018
3478,3.316055870876653,2.737936644543698,-5.876364390176196,1.371258017503962,0.9176331091377721,-2.4665192518847627,3.034737360342451,-3.0564471147052146,0.6875261297653221,1.9876075959672619,-0.9308428943139138,-1.7225810770551249,-3.4919829230383552,2.178171033856554,0.7512175029349564,-0.40262410713009444,-2.334369995454006,3.299588488831837,-5.455976069109003,3.458343799207011,-1.9881376864654339,1.1775778785692,1.6342114665691518,1.1739806112278544,-3.0291731556874844,-4.034418406679356,1.1530243628174581,1.0411441117359246,3.3056125404932253,1.563810547322099
3479,0.1603746431894777,-3.1883724992533153,-0.14149838899546907,4.184255440396271,-0.3003264875121605,-0.714432707823681,-2.069128748246019,-0.2603558407842712,0.7375875570986352,-0.2461524258190284,-0.14870174620416865,1.9867512039556274,-0.17471726047610403,-2.7831900327946197,2.266321590696869,1.2909461698642488,2.9617183460337912,-3.5610788133232987,6.215956926665914,-1.324896548599396,1.1241136128436366,-0.14509055747448762,-3.0466038330673264,-2.8234796003695486,-1.5240211112721553,1.5881158829275392,-0.7303956332787784,0.550765913272059,3.612765413818,-3.497230465464801
3480,0.3354339462485374,-4.199957589233591,0.24856994360930074,5.144709663199507,0.24976299674976854,-1.7785189605723684,-4.955840074210698,-1.0471990639831503,-1.0159100866618096,0.7443002085459565,1.0302004311664943,5.244448585143989,-1.6393128344407586,-1.3528757641438744,3.4206194539445782,1.3279923108332667,0.14315687638591967,-1.8995800425782292,-0.15860502382271946,0.428224664601661,-0.049174017367471734,0.4380150143626018,0.7791450614749902,-1.4376056992502662,-1.8803655043900989,-3.783467279721169,3.1694857272701817,-0.2347642273666617,-0.9823365280416745,3.7114478122512793
3481,0.371947270618076,-5.265683708445078,2.259146721756359,5.926152419772247,-0.7940822513544861,-2.4974804523459664,0.09250179417818671,-4.667058612710441,-1.1224962243800571,3.104846701477488,-0.09488964757086915,2.6870959890064654,-2.1359062596916125,-2.004934659041643,0.45723623723910833,3.3358179318430814,-0.7034542350386204,1.0512409846905904,4.400678054635691,-3.2439381729440218,-0.18197641146018384,-0.015668886054418962,0.3631009298854373,-1.3221955140637007,0.985367344201709,1.1138981686781655,1.7837995133822773,0.22667090807819257,-3.678884367603965,-0.43085156673456915
3482,2.1936172492830686,-3.688547589818871,0.18586491697667995,1.5431544229680512,-0.8680515398179123,0.633962540410133,4.184292953996447,-3.333720612687692,-0.05453645035712196,-2.531361346437377,-0.02850966395670973,1.7638351194432147,-1.0110549275478071,-2.3782902527582124,-2.262663941646686,3.8774188648704673,0.5737120709799548,1.2008781861031856,1.7135563554243092,0.36684886245744686,-2.0696379433348344,-0.8907729553709505,-2.55971486360035,3.4397205444231993,4.170659899926175,-0.031220418716518594,-2.177106205729988,-1.128374815750497,-2.829945511773259,1.9959870520458587
3483,-1.41256095349833,3.9008592772922057,3.6330413240013755,-3.3294494375770043,-0.6525483268771943,-2.1393418833399096,1.0282092780571404,-4.875559771321626,-0.31649832937331723,1.0638978044855136,-0.7501205708232703,3.8500715889763377,-1.4537783221247373,-0.05860095885734751,2.8958405372872527,-0.9314321689182918,-1.7934893312538538,1.341460243867843,1.7902140510147966,2.9809782337586412,2.9837089877949623,0.7507412022320841,-2.4302147541138304,-6.075427720687866,1.437802038544767,4.3240494595557415,-3.3556332190271974,0.9265013520006811,0.2380857838826369,-3.5708054149548083
3484,-2.195670122004932,4.572343839355369,3.033926539261259,-5.124079088261205,-0.1425578302117554,-0.14396333813758133,-1.5739094089462604,-4.793869382280654,-0.756987018707207,0.11292119541333534,1.089139105704243,5.922705508817309,2.6216858307819138,-2.5551643558905948,-4.106355962333101,2.552190194428931,2.175909590143238,-0.6882652971295435,2.0541805262898833,1.1353451091627065,1.3639905873678124,-1.1014406884175458,-2.6205179178276783,-0.8315576165763829,2.481064915223687,1.961294595964354,-3.8235523483036538,-0.24458861561411815,-1.4706929358466052,1.0964743885781516
3485,-0.416668449517811,0.974066336421167,4.67378969350548,-4.361499255701336,-0.6970102278016976,-0.17267809690464908,4.250529237734689,-6.19009130957037,-0.07653635463989072,-1.1592908682024827,-0.39662361084195474,3.572012905520779,3.1864457254509695,-2.4531519807999516,-4.20083766538446,3.2259772774299265,-2.2492038192917487,2.490770462596089,-4.361286764248863,0.8743380424944664,-1.7347172503237722,1.208538186760694,-1.6162907860013842,5.6294185713176645,-0.31335309140994383,1.1207533408154653,5.276081777567381,0.23270295427899068,-3.623971123427511,-2.6922138578225727
3486,-1.1290106209194803,-1.6363869873887182,6.2245480648431695,-2.677724137504427,-0.81944127876171,0.03801495973233493,-5.649501499870343,6.0737914827116235,-0.6524945655139014,1.0592201599498843,-0.3198697723475368,-0.5111458049289404,3.0820676098243993,3.2382097561759196,0.647427009892187,-2.805074048024082,-1.6150955161694522,-2.547534811698135,5.355778724982663,0.760348823102925,3.818840317055084,-0.7284007247389033,-2.8940173699988403,-6.312549770404161,-1.8946236845172812,-1.4482772859638224,5.7570892283111235,-1.138626228771916,1.9177116162874128,-3.1932736453436767
3487,0.7294635040126458,0.7879559473316888,4.332084892648883,-5.052795255347373,0.6400078045181958,-1.4367168931628829,0.3699194575131344,2.8049960040507145,0.6873974347614684,-2.9470698006374487,-0.3159578218267578,-0.5992852738603318,-2.80459800951685,-3.187992770321717,3.9585886339761664,0.9403873275759729,-1.9230089029059094,3.0166237211931914,2.9502200505837486,-0.5524786614790447,2.5866750447987705,0.7375995474677088,-1.6713980833977171,-4.0506178979747,3.199821829502138,0.8636885532975853,-3.599938030918654,0.0017420299464818711,-0.8698395571246973,0.4045251752989749
3488,3.2643229700249137,-3.488381014637273,-5.990969240725562,4.551643839583839,0.30821938974067287,1.3551640560145461,4.980302953526774,-0.22644795173185983,0.13317650394579683,-3.2190397195867373,0.1765665281720148,-1.8445583143252016,-0.9390616661296001,4.171803585508389,-2.6706079147154274,1.494422251134207,0.2894168569445945,-2.345973112741321,2.624458740750846,1.3497524916454804,1.495401901397571,0.883590619955001,-0.9803251080246209,-5.372878645725521,-2.713939146838886,4.021746905642569,-4.043657105924961,-1.2343897427366093,0.7857104607602423,3.1845286290994643
3489,1.0819920079944794,2.567030083444724,4.597642365390364,-6.232007382911107,-0.6632592807902564,-1.3513977931270347,-0.03244873949924809,-3.827229023342884,-1.128263141906448,-0.8252589105201285,0.474679867545575,5.338519947723917,1.5186832502803007,0.7936458971337821,0.5213272210241584,-4.14806266873874,-1.5707870337509515,2.8851933340522713,4.315609744722845,2.6402267639799852,-0.22712785543712144,-1.182026782723844,-2.616791221655083,-2.929890648888037,4.154336802102108,-2.2838478160272047,-5.7263311140434325,0.5108826496670593,-0.21359907576321113,3.5585585540664617
3490,-0.2716523906819468,-3.649794970533158,4.090626408226591,1.4192322340552934,0.8694417356674347,-2.4578530167330337,-0.1110746615760334,4.571365420519019,0.5907647636808058,0.9303002708902532,-0.35201529818040367,-5.6293404953328405,-2.3088513021428465,-3.2046810653296554,3.3929939675629264,3.147926519740267,0.0030820392458217327,-1.0304701590757013,-4.8708033436014055,1.0073903461663445,-0.25330111770585084,1.2195297544805488,2.908782878260592,-0.01159851760148456,-3.876329768434225,4.949803116455644,-0.6487940994045367,0.5464403127208675,-3.095961313585093,2.124841752249111
3491,-3.5940260007329545,3.0565676839929274,3.401237126044137,-1.5026796237220843,-0.5623018206740151,-0.7987973649067595,0.6357251028762221,-1.4185439263867963,0.6293253159451515,-3.298570960166387,-0.6055589303074012,4.057623398040025,0.890347491138499,-0.2772558861482217,-0.9822744377201929,-4.195345391639403,3.4359544070730017,1.1285738172971236,-5.247699858720935,0.5432905381567075,0.4891230499773549,1.207313352983629,2.3118840571800856,0.6960888604218667,1.8953921396943834,-1.9743665362277802,3.950604948929776,0.2101420479678584,-2.0412599167193264,-2.040512683643122
3492,2.514551935891838,1.6908770753281708,-4.826062637656019,1.9743215014920565,0.687372565269385,-2.041060440324184,-6.248045367999406,3.235188893605631,-0.09502790902246616,-1.077220446848699,-0.8778213108908846,5.062926141156627,2.583898174099648,-1.8434716781719622,0.9153712173967108,-0.37699799074917806,-2.2093762348723267,0.9305765122979466,-3.3293539998184585,-2.7176227843618292,1.6632970728048697,-0.7611214811744977,0.31144394556887356,4.833357246979745,-0.1907236913668875,-0.3274660702302832,-0.6835804616281536,0.6425285656531692,-3.121399233129525,3.6806408907034722
3493,0.5484779581214898,3.4187137500088802,0.5929426372813893,-4.015903127308423,-0.7925917497009607,0.24836053159888394,3.4672174473542796,-4.263634417676521,0.30836604550833613,-2.979209999534504,-0.01613315097228618,3.483394075321524,4.055551697278801,-0.6742292525881624,-2.9662220843538094,2.607388374923616,-3.308145474850246,0.2856567395907028,1.8630175019954898,0.18816208028866122,-3.1452134819736486,1.0456439541545697,0.7068636336745406,-0.6584736881409121,-2.0336374776618804,-0.1053618928195803,0.607015039111019,0.9940426372349371,0.7350917770483196,-0.19715008291102798
3494,-1.8819024062808314,0.07381408246833132,-1.900260691052054,4.7389419339189445,0.7705885763378024,-1.8011814953909262,-4.304744948434102,-3.4677681808057876,0.461240523138402,0.15030945080511948,1.1513176626255488,6.009645492671652,-2.1200058388980576,3.9608876558352257,3.4861602959432467,-3.605467201906281,-0.5351841681345952,-1.186390742838654,-0.10634697816039207,3.3129459866656816,-0.8936638212094064,-0.7953488958150956,-1.3947088227789202,-0.12287746870314464,-1.7209749634082314,4.00806602304694,-0.7774227634911135,-1.011307251722311,2.1828607227355548,-2.681221767159018
3495,-3.3287669994529896,4.636622226877879,4.003277888370796,-3.3353920906196386,-0.8451179011670416,-1.130623124007725,2.9212806942541825,2.518573294937653,0.3130827065850754,-2.859049405834762,-0.2609050067999288,-2.632982283141409,-2.6293498180857213,-0.4469838912299977,0.26207238115464193,2.98560549358875,-0.9401379949823365,0.7687938295555483,5.228764443764824,-3.013810283573685,0.8437065608781182,0.7534110535011882,1.5883337352602744,-5.400405509831945,4.834024577326332,0.5726422084347327,-4.3802038749541055,-1.2436014582800827,0.7222316809524223,-0.5050931334774535
3496,1.405099226888023,0.8338597724532271,-6.033883707148803,4.258005088504877,-0.5431280461332786,0.080047665437192,4.926406530720119,-2.0112876641966935,-0.6355687921590505,-0.2969662450182948,0.759901402444406,-2.7424852317896935,0.8508214413339488,2.8546531548397915,1.8336775448144174,-3.661551397342649,0.246328378813633,-2.123929122458227,1.3815910607727453,-2.970523662439126,-1.782927553738915,1.1391267442850452,-2.5822127871677836,4.814946198286801,-0.9664542988682854,-4.622644268713568,6.160109849781598,0.5441955829735434,0.48068639617398823,-1.5958932613454522
3497,-2.823204211950518,-2.512125891779071,1.2331498701201653,5.90200476104879,0.5526426644159024,-2.3524671918540188,-1.3358758411946638,-3.258978748708369,-0.977367158622017,2.9610600690304594,0.4918215822008092,2.1193400972945646,-1.0533017694532774,3.1751114229751494,-0.6801940146294818,-2.5502638460662155,1.6824855846183517,-0.5738373774436294,5.545962488856883,-1.2380074941971717,-0.1457794590199626,0.1203313911973245,1.0835636888175237,-5.36607061565584,-0.6113968953418194,1.6245775828441396,-1.1050859556310648,0.009198397529615043,-2.3879352255671566,2.4706420961680635
3498,1.826473357052567,-5.093762183118216,6.112896819349981,-1.7289816432299254,0.9775701930016818,-2.0941965430548555,2.215339431890861,-2.9883431209082865,0.2618369552300308,3.334958073407094,-0.5337939187783576,-2.2899974208405105,-1.6562771442440436,1.9824683116554027,-0.4099113917556103,1.6676026714069465,0.3706080206207112,-1.9544904676825539,0.5024633253387556,-2.309119263513649,2.2479774232866134,-0.8419681948699518,2.2739282034282304,-1.873281493671243,2.781562640048623,-2.728268438241308,-3.7564135504465277,-0.3480752720443805,2.267396635810414,1.7837979848749583
3499,1.5901315785127004,-3.084401272313471,2.128518071598144,1.419801078617656,-0.9895309235201726,-1.0645185328936346,-4.300544713946813,2.1826601900439897,0.6880734930718857,-1.4720312151593529,-0.2957674374477861,3.1976096834389374,2.717165289501782,1.6183986704432556,2.71075547030129,-3.9440798948936457,-2.412417319478484,-0.6898222158733276,-5.048268408403118,1.8560442183877033,0.4850822816622582,-0.7462505027478823,-2.82614590622838,6.279538317328154,0.6691817415494832,3.0128512076503107,-2.5640538395250765,1.1370819308076578,-1.1697615149523024,-1.0852995255283115
3500,-2.101626119096286,-0.5409982619993201,4.561851348550537,0.39085020365406464,-0.5456657723185303,-1.7644113987892514,-1.3381575538386166,1.3875284482705013,1.0973066283102186,-1.5063047396160343,0.7406893286693146,-0.3810621117945203,3.4693672768479544,-0.8264450305429527,-0.6710003186025091,-2.666064564665078,0.2441433902902439,0.4499992466731797,4.455181678021351,0.13781702670044993,-3.0247979125948987,-0.16981986588679465,-0.9685468862160427,-0.4298340400252947,3.5773612980400067,1.5356929124199503,-2.628685691890741,-0.6237373791545062,0.15948609912726397,-2.0201172385402106
3501,1.7956476971325372,-0.45860576532758657,2.8843332363071106,-5.736320622608034,-0.5537766380296831,2.0687220925269063,-4.4248079944371135,-1.7786789233739633,0.9035157528426243,3.5246993421713277,0.6816376786148277,1.093634144183202,-1.4690431446672303,-0.5217210983042193,-1.4478673688234789,2.7016332623184702,0.9766478378228989,-0.23964948834557553,1.2861803661505071,-2.7536180706751487,1.0901090729975316,1.0516501919937253,0.9888637188548923,-1.6631852793227395,4.742568563080734,-0.7995122356185789,-4.828218582715095,-0.8014127504516146,0.43271514758192176,1.2538598581244145
3502,2.522004413746867,-0.9276333144892384,1.2814877963079745,-1.4611414370476865,-0.6285486438603134,-0.7861688146563672,-0.4903103705820726,-1.811852417469229,0.20063030024343043,2.0415307813792047,-0.551658342654183,0.6116600490837278,-3.2964488176508056,-0.03200115703844375,1.840259962852869,2.443864569374046,-2.613007447028096,1.6573328894912862,-0.4930765249844882,2.1449345551228376,-1.2188927112067667,-0.7802352499535683,1.9444734587724266,-1.5972035277516845,2.5009248465324028,-1.0665959592176897,-0.9298199103685469,-0.8710372307034966,2.0064260251337984,-1.6398977713746916
3503,-2.0236449740733686,-2.222055503755378,1.3888727704861346,5.084396029561653,-0.01838071075956149,-2.2091876114582583,-5.140253819998605,-1.2293179580822802,0.37589245277242433,3.105623408866613,0.34241008876298196,2.54564582767971,-1.7727052663930891,2.105570270737342,1.9103707397800846,2.5840481233475785,-3.9590951214228873,-0.8681887460481565,-0.12244556297433462,2.936783581627566,-2.4351274241805996,-0.8581252766772911,2.8816654874697214,-2.4027508052663293,1.5615370590318136,0.517463586914392,-2.9711583851515933,0.5923610447447318,-1.5099467358561611,1.8097434303186013
3504,1.1962906067790549,-2.6203664131761535,-5.797965106011905,5.19662043139796,-0.35732775925276306,2.382748240265041,-0.20832515581539468,-0.9219503590626026,0.8127228736560967,-2.298167222312335,-0.5087915447821816,3.1245114083172467,1.9350585118506665,-0.7654578454355345,1.3285433063120564,-3.6972152425975793,3.6735307614090296,-2.474459491537772,-3.8877700449234354,2.681206835783584,-3.7840851999016625,-0.6591480372438792,-0.625105836813308,6.2749022830974255,-0.14673535115541014,-3.918179515199842,2.5134358925558935,-0.4601617934732056,2.791590388663117,-0.7799496213887842
3505,-2.1363339444302056,5.185590581856985,-0.1892087802934732,-2.193612493002526,0.13277715802509027,-0.7992125221546456,1.9541245665801519,1.060917007907193,-0.5283414841764751,2.4115510040355126,-1.0509953866463562,-3.847255707699169,3.261450068814277,-0.05497820555875421,-2.9645154708619756,-2.4986594046463413,-0.5503746808288241,2.80707769308248,4.391480263135147,-3.256979586584322,-3.174222240419782,0.9837919364953116,0.42787123215841305,0.6280583952139942,2.6904663000817735,-3.497536313594942,0.0914393951326744,-1.0862013124657937,2.087265246423552,-0.28543331557549756
3506,-1.0151395754609496,3.113258806571018,2.4079645814360653,-2.7979701946960915,0.08240750278728415,-1.7905211206360967,-2.618304077464309,5.909927405437898,-0.7120834040029811,1.4426478481306368,-0.7109612781377086,-3.3112264939626677,0.6406460393164402,-2.9255999079498363,0.7734286986679386,0.8341445894070709,2.427710062585568,-1.7503294820263697,-2.0393128137381993,2.7143645097510003,-2.9176732108105217,-0.06687066941359276,2.078150250085187,0.23134193412487747,-1.4375621448981946,-2.576565931752995,-0.03971902474710376,0.4749724927758159,2.8266481025901875,0.7522265060340452
3507,-0.8911699569960714,-3.971556837262309,5.1130854284587315,0.7575419009485422,0.3670271447659239,-1.3749276799135721,-2.950291763152663,-0.6026728197895288,0.9903642168759319,0.8165140009991685,0.8986661789399486,0.8474201861280122,-1.3119424274644338,-1.7396983876827647,1.9393184542748507,-1.0079580680021962,0.45179725395844983,1.668483174916883,5.4577133997020155,-2.7680606317854934,-3.1686177584784865,0.7533898392034128,-2.7759533184256426,2.501528469782979,4.3417234712380655,-3.2608285126617353,-3.085888806373319,-0.15115172954474598,3.62820760743449,-1.4720620300910046
3508,-0.7999124391848547,-0.6485747913525799,-3.3307349710682885,2.1833901115081,0.6935726423009125,1.9022594477979826,3.5918943568981234,-2.2188575588475707,-0.8513832083408408,1.4362526912424691,0.8625948202988871,-2.820501101250162,-2.086973330289114,2.767029334934442,-3.629003317160624,1.5080443243721469,-1.4866865203058026,2.9275895084497527,-2.6819017820141404,3.46870745611292,0.9243691073912821,0.9607905096281453,-2.4282103187327575,-0.243754972386661,0.1315099706759888,-4.63148676704532,2.396975985782955,-0.3042924003354077,1.4667340355073648,0.9405591754161904
3509,1.1861495312970654,-5.096447149436269,1.5976138882540631,3.3312255242196507,0.4412949191756752,-1.4598367135089116,2.1318311008051616,-5.591634748665967,-0.7760293532183073,0.3519476493725566,-1.2083983085762684,5.092283660283734,-1.7616029078010182,2.1168116868155806,2.2945877918953954,-3.355487692876702,3.1669526503662446,-2.4612615283986994,-0.5776938539107377,2.5561258868565453,-1.167416397987724,0.6425678566296851,3.029719686164917,-4.483303177753886,1.80664050470957,-2.079795169093355,-2.41071292439446,-1.0806808459767638,1.6950866956982615,2.0694617390585464
3510,-1.9106188188785307,-4.670979337142512,-1.0590374881461777,6.031364387117389,-0.169265628889131,1.7785368859402144,0.7250600357128647,-3.695693300030097,0.83141269664306,-2.403525442546309,0.595902011544255,3.9468439986771457,-1.4840995387520781,-3.6958830874432884,4.093509694992676,1.9801383521885434,-1.758592527380415,0.8649271063953989,1.7353227533987905,-2.8044611757266047,2.8754894226088474,-0.8912744243636057,-3.173885087838233,2.258808511919618,2.484985451803851,-4.700086923579091,5.647691505874047,-0.41588739782357376,-1.079260665698028,-1.9374419705753994
3511,-0.19157230510040257,3.527909319334249,-0.4267231952826016,-0.9570827393715184,-0.7476606280270248,-1.204870451551452,-4.541348043245996,4.282382773716897,0.4698995471602849,2.084555953986804,0.22149884913339957,-2.5169890807504984,-3.298826903915046,-1.947968842708736,2.3651246489238993,2.1157136436984842,2.1863046120862926,-1.4203471580840876,-6.0795473323012175,-0.11749123249466642,-0.09906326049239311,1.0791941579459268,0.4873938855019091,4.729513781839252,2.2385863871074108,2.3202806300519505,-2.3521495163263566,0.7446754709232062,-3.610336729525459,0.6589437577710058
3512,-2.4040057852813277,-3.8415844093780294,4.611025827555295,2.253239060007637,0.6240534512971512,-1.2427281441994698,6.030637989517089,-1.2656231613335152,-0.7733802310077484,-2.4394248716542535,0.8265533992139167,-2.3787631247346326,3.3654596905152268,-3.4190745206780253,-3.949328453177781,-0.8445681409623766,3.3373105497494855,1.5102008745543003,1.109792689426591,3.2747631626450158,-1.7027549239924422,0.7527388430025628,0.024683269092916404,-3.4592230401758286,1.9318557365663338,0.9623216698443997,-0.3241935902945876,0.20806311581903358,0.8029413665305345,-3.5809882984639483
3513,-1.668337059347408,5.312130531761525,-0.7159158498368328,-3.627750562159509,0.43277818644248933,0.2670947531409702,3.825856159749712,-5.655670110389991,-0.5862126698471055,-1.267617448051677,-0.3802770226399046,4.063921091179829,-0.007055572184036407,3.4240919017420914,-0.11021657274241647,-1.6493771038071472,1.3190000311830339,-2.9764426841907365,2.3966865125219634,0.4567999779115546,-2.843795785530297,1.2367652898833992,-2.0455710318801774,0.7991150370923741,-3.959216649522915,3.241119230358347,0.5826844784981269,-1.0915480486937814,2.1319691890710537,-0.9050081997090835
3514,-2.5423412662751037,-3.9971580166278606,1.0579801536101279,4.543860767196726,-0.4805187648277902,1.4181771269251353,-3.246051854677095,-3.168348493511381,1.203072429656591,-0.2134871240891556,-0.49946654028162385,5.9242815829035465,-0.08841488662643826,-4.224049023591505,1.633942288528342,2.3670915672072645,1.233184181817915,-0.921754127334772,-0.12377207155008207,0.1633444565057367,2.787384892429568,-0.004181950944677659,-2.1534152831796263,-0.6693600432621096,4.061979725247621,-1.4437533550671446,-5.353540865707345,0.5859657297305079,1.7307357105399959,0.41861305525808845
3515,0.10139031639128859,0.5129422688042133,-2.4378246573124933,1.1465189633629116,0.2515981339829385,0.42537497477239583,2.339930588118957,-4.890712498295951,0.0006378494854830663,-3.3973341735018217,0.9731969579855964,4.974281276208593,-3.7009676705667545,0.5820490008356352,-0.271866804821876,1.8120154124284724,-0.866949173094941,2.4457192352202775,-3.977268762433866,-1.5599012859718364,-0.6166121124349626,0.1108737494563421,-0.37480183812356316,6.417710249506712,-0.6982744080648118,0.636728917166046,0.8808605991855849,-0.30725429994174736,-1.4101142067241437,0.8980533983808101
3516,2.9098317011752677,1.5926675812862605,-3.4817304746445146,-2.8544380818291977,0.27086340140495446,1.5628058726084912,-3.7971074222090913,0.14302311497213438,-0.7909165942743197,1.185994879415162,0.07640131743099321,3.1826047046659625,-0.9623111859284386,0.7296494709908004,-3.4704942615629832,-0.3693758159146725,3.174618840845266,0.8979129515708593,-4.159711989618806,1.9033579644701977,-0.8230261706062123,0.7562649913415074,2.8082837865595245,-0.4851685821474092,-4.319863636993695,-0.19639847547534472,3.2087858369315576,-0.2826601314239685,-2.0833680532041132,3.6735044601672726
3517,-2.1115331416374197,2.152876289366276,-4.968570661568151,3.3757713041966113,-0.0014967262821852234,1.552952935926136,1.5896513949695112,-2.5496704776564627,-0.736235764713955,-2.056760417002133,-1.1943331211650912,4.947348385568972,-3.63667034037581,-0.7970224855822217,0.055372415730722935,3.640268965662287,-2.4600232356050693,3.1980746801709046,1.4663347152714827,0.435692343434118,0.7414522098703351,-0.9181040641602882,2.139228316283811,-3.8646035207006477,-0.6187343839790245,2.219741013346365,-0.31888403910502916,1.1798062149296866,-2.5231272273856504,0.06119842219537297
3518,-2.6315205485461295,-0.8378134483657469,6.140532751467351,-3.2074074954172715,-0.09423037041164806,0.6304391112747076,0.5089631612068217,4.539019756747088,-1.1747612992921592,-3.2842216280572565,0.6578306334553297,-1.2468306240589762,-1.7623258082764064,4.136387976116595,-0.5075611643036027,-1.2819305675260324,-2.91603395643911,2.33146352042937,-2.3239628738939686,-2.3619389411419984,0.93798307613649,0.998489707140485,2.4336928045098762,0.3157362272479354,3.301397639317571,0.9977586050814651,-4.641941452819388,0.25369110953579366,-3.2280999680661875,3.3171940669524815
3519,-3.1589925037120903,2.946136667680449,-1.5042078863474408,0.35872856989534796,-0.3218505016952484,1.6801856541802813,-1.3588637785780833,-0.5586916540055924,0.5550083122648983,-2.488319804465668,-0.0768833350672713,3.9277502598525693,-2.1945133323959265,-1.3194568213907658,2.1039915110219134,-1.5653351132828828,-0.6461204932865883,3.621434249335074,4.4156684166127,-2.994743245439219,3.064087394666643,-0.7201262277077989,-1.6630031755524488,-2.1018831625810783,-4.617300989733456,-0.7439340069809539,2.5545020074050235,-0.9938685465056327,0.1331399788002372,3.6674615570165265
3520,-0.8201244153385225,-4.030020999091171,1.0832601457727549,3.5932914337617916,0.9220727795276136,-0.7484789446311666,-2.8664485864941938,2.393484380767582,0.871408550484583,-2.0131540638345964,-0.09091657678485099,1.7056262958623023,-3.107392066497397,1.6225255602682012,1.293658740061062,1.8073777157632058,0.4162460855102168,-2.0324160351044824,-0.9211366571105053,-2.785446787116012,1.356890738144621,0.4988156102845185,-3.0394389625301272,4.89031605832632,0.5516446521207534,1.330870188363722,-3.144920369888048,-0.8682700296546386,2.865794584742641,-0.7351190256826836
3521,0.5424868249221522,-3.2168506949797866,4.588790092369738,-4.7578956524702285,0.9487511925322041,1.894718237627215,-2.204366826287533,-4.2404625160054294,1.0168100750907874,-0.6721927231665763,0.20903581385555725,5.891176176514033,-3.101104395866603,0.08070390267463523,2.629791085507083,-3.372710680446847,2.7927240522359753,0.9705960358966017,3.0618787208836586,-2.5186393344380313,-3.49015463930834,-0.48219073112986344,2.9257109210082675,0.5033950629831239,-3.884235512772694,-0.022780085177210196,-0.49386360169352983,0.002850508672926466,3.5042472897494434,0.893781401222812
3522,-1.5057486917082183,1.6838780648836078,4.183606960985625,-5.000134141743782,0.36644171454453245,0.27195609303953994,-0.6969688643116072,-2.147610374557015,0.7194587166780071,-2.373471049333098,0.5202488928416562,3.9783426786829352,-3.3740196549796657,-2.7589463450954153,3.725746120020972,-1.3996363596445764,2.4563715444768413,1.3504846952226686,1.2973772482337331,0.7387519702393401,1.6663860155933925,0.9990467754949064,1.3807077509228058,-6.0822697604853815,-1.583187257364191,0.8317470603695831,4.338282232221015,-0.28499401999016616,-1.1197396519637337,-2.1821083632707996
3523,-0.8311732590366336,3.0722906984580334,-0.9555650903224624,-0.6508049622386132,0.5137484953082656,-1.148495882167266,2.1021836443928876,-1.8103118591652283,0.582083284986866,2.139387252764717,0.8532051679027894,-3.866547490881139,2.952451485550757,-3.03127743020508,1.4910705204746542,-1.253453117842751,-2.471017907010431,2.3122264490336875,2.544696933708085,-2.5403325852195717,2.327008674569125,0.2951648824680069,-1.9675990682972753,-0.6589388372295844,4.383821901580003,-1.7876962303589963,-3.875998454967579,-0.5082566160137105,2.663799175060845,-0.8756697752988742
3524,2.658770236272396,-1.5732689718342492,1.050833143433433,-0.6957079814520668,-0.08825622428694002,-1.3523702021312776,0.4543885455614358,-1.810142317528527,-0.5192190114735027,2.399007923719587,0.11810254083868443,-0.6421376811167505,1.53062054770432,-3.4898813668329858,1.1687427396103054,0.46268844539922327,2.3082224114200436,-1.9803927773000751,-0.9909264984897526,2.9740824644697454,0.4559216889056792,-0.6857851670600859,2.7809869481188993,-4.534279435945699,0.015010855082653762,-2.091006426781661,0.523759902547642,1.1149292341174402,-2.1275409197273394,2.564847354762943
3525,-1.4742906346284563,-3.2143459730856883,3.467832513569718,-0.007266117622439339,0.6184430569485757,0.6096271548195702,-1.2472830544158384,4.400332604462573,-0.009576684968195082,1.5269937312359403,-0.452025597123491,-4.218440999190069,0.9038918470338402,2.4226135383358205,-1.5850330347536872,-3.2914687083786234,3.583829338326911,-2.0338329805634334,-2.884102749635545,3.4287752228339095,-0.7322357939240032,0.010938017309181092,-1.1900922236446085,1.3667175270598442,-0.8201748111578269,-1.6262620664548209,-5.254596036193934,1.1516447175211226,3.2728660957375375,3.2765221005496272
3526,-2.2814800518570255,2.6558670375913245,-4.9147445428437315,5.7197148499314565,0.7348640319640865,-1.9142213247848368,-5.697059695978986,4.64448328540265,-0.3947314137116349,3.574832090122122,0.3905825473323823,-2.518106813165616,0.5220482987406285,3.0824971553310405,-0.24822500972811667,3.8852234001958372,-3.9926272235338143,-3.248916621004712,-0.8374583393598165,-1.7564412591599776,-3.5953263161947255,-0.5175275168796096,1.4027333227835985,5.304020108809297,-4.488396034379084,1.8077526465140217,-0.10519369396008216,-0.8696064233344174,3.6087417006093148,0.046701804551993575
3527,0.9828952577799335,-0.5641172779426391,-2.713812410925712,2.2240784490768952,0.8597634760337298,-0.7888074940209435,-4.853296453311728,3.0567702207624237,-0.1334694222414461,2.3380550572202026,-0.18495447515751273,-0.2231049272710095,-1.5116772799053013,1.043980965143536,-0.17350416440412886,-0.2999880728357134,4.24027495645954,-3.2990864044570714,1.1865489361535673,1.7041572188963006,-0.03707534856724237,-1.127371280281888,1.744854054782806,-3.4711135809847633,1.1744047473490404,2.8784237061521694,-4.994384581680851,1.0574933467890286,-2.037114765979082,1.921177547371439
3528,-2.7065749102932504,3.1024399190704024,0.23433442138301785,-1.108818593081832,-0.9780095515426894,1.4566287144655803,2.325480773207108,-0.8461356826827284,0.28617924743004064,2.4283716046573574,0.24946752769283087,-4.443363470303673,-0.29695853760745905,3.2617502646659204,-1.4308232635861913,-1.327828787017058,-0.8357577496413562,0.6296180731870571,-3.3547237477307945,-2.626510849296725,0.6359409462277306,0.3404006246187814,1.2943474786319982,3.7105455475478273,-3.908917324646314,4.297923887629459,-0.23820279109570208,-0.9122314466140375,-2.9778821853960498,3.7393098601243615
3529,2.4097930488363666,-1.3412934006042754,4.849358963896162,-5.302055462148303,0.8619015945866639,-1.4777047445653704,0.06899166505220222,-2.280469632576356,-0.3158615059894627,-1.9153004103555418,0.9121384798114232,3.530501404058647,1.9619109253346885,2.988127932483362,-3.071745002819098,-1.8961729694096796,-0.08176833497428504,0.09964744938594805,5.26264561767956,-1.923792502253594,-3.7305833126252566,1.0041242764248741,-1.8553765221869583,1.242982442960212,-4.678315412066773,-1.249180794868078,5.157193810754105,0.8293073953752428,2.052851665239917,-2.1118566644326844
3530,3.263966820640036,-3.080621566093434,3.420450531191637,-2.714801778810269,-0.9483366034151794,0.05934259648846307,3.712338278177196,-0.7468838422413953,0.5720896202623429,-0.16353756745810166,-0.8344154438250451,-2.5395910449140544,2.6247193220712077,0.9375329834829316,-1.6568406320600353,1.0146904760046844,-3.5557611493390144,0.6356589998411568,-4.93020812394699,-1.0249098735238569,0.7067674944825697,1.1935830816267181,-0.6626003687043358,4.7173677900647455,-0.7070233717252137,2.9425236166799102,-3.8510464079619275,0.35617606937574475,-1.8146597016190658,3.0740297952522866
3531,0.24160500211487168,-2.067873055268194,5.223568734188632,-4.437581466759969,0.2672257837799994,0.773055001945913,-0.8199107744676084,-3.5723334749518507,-0.23514360632370668,-0.4002175922878326,-0.8066749592136642,5.834280407245576,3.3866883458176247,-1.9363909304997176,0.7126817087230073,0.2076479986613684,-4.004865412516221,1.6342382898148564,-0.852102145568626,-2.3246447968162585,-0.7763544646840828,-0.9457288231956191,0.04339855482971977,4.855431675433753,-4.502474710346016,0.4072455051861965,4.5817606270320965,-0.37098254865115177,-0.8477426645710899,0.7321937913516976
3532,3.3045880532749266,3.1221287809304314,-5.793575506090626,-1.1749793575855136,0.7414168718630525,-0.19957884239099322,4.718910127611828,-2.0273303161182987,0.20906402415203917,-2.8617478948562862,-0.7229285521312212,0.6840326113428468,-0.04257434961167661,-3.140470782395047,3.932777485015176,-0.17619344877143917,-3.9600165145410013,3.386477610304908,2.2571460029909574,2.80541239836905,-2.9412311948903227,-0.5738205383172446,-3.019736915258152,1.4722302471045765,-1.3637101113527876,0.4131096744701921,0.7870568574229893,0.2290656285406154,0.817864801044168,-0.883386850123431
3533,-0.675568164309789,2.4095668292661614,-5.727139006608631,5.001532741363704,0.14439539939001422,-1.1527877991002065,-3.5420502810370706,3.520972108035835,-0.5033290770610277,0.4534054421586564,-0.1791943128939959,0.25019612079851683,-1.4476249119795757,-1.2003505900174094,-2.046826698856199,-2.0331634016480393,4.123359481253107,2.6046061212490343,-1.8084831760929418,1.8321420932551593,3.5389304553532916,-0.8317032084464131,1.263088729514024,-3.9939748935842445,2.6500363960159454,2.78147132163663,-4.737394017118849,-1.23671399746069,0.015454661906158407,0.5271456350225581
3534,-2.633309041710037,1.759571760704194,-4.711028965363067,2.8116393608156223,0.6486500198622593,2.1244768656922464,2.718017520219199,-3.4234304939468423,0.3793792514918177,0.8164371944725595,-0.8924810838960715,0.4020776116602782,1.3656032298964256,-2.181678821191001,-3.620837900520513,4.141528088159255,1.7768962066868035,-1.4815108030300408,0.5211680351421535,-1.6173516938596144,-3.048417688750572,0.6620687427273513,1.1727151226821295,2.3098174820574116,2.9914094641820768,4.9297368771518,-4.414900717301286,-0.717084767837453,0.23563484509699428,-3.02479570129036
3535,3.2301599385916653,-0.35717367624206986,-3.028543105499029,-1.3072036012839838,0.2764507223064463,1.1863097221281809,4.623426724277731,-2.9643325022556404,-1.0236685053404928,-0.29762061491545744,-0.04385195304298328,-0.2939531487222098,4.081149940470375,-2.942303999149157,-0.9935808695687456,-1.5626182626889324,-0.6266417270373736,2.043994917974718,2.01813529960744,3.498851853600492,0.7271863772339415,-0.8353815634679487,-0.776631056454983,-4.632160910520085,0.23204204248827764,1.937271580791048,3.531120712845457,0.22645427942170304,-2.425162116846293,-3.501726498698435
3536,0.8795559384366705,-4.356703509848053,2.106950063604799,2.1483138433797606,-0.7162899008313088,-0.06182643474065408,3.061183716207296,1.398040283503466,0.5510095445231133,-2.5673436804535914,1.0380698108380892,-3.4809596746174343,-0.5784815746771557,1.3966118932877087,1.0486076588568665,-2.1369020982149323,2.3817237921279997,-2.111559671379595,0.7196157959286431,1.7821437844304224,2.9150056333136263,0.4188884452061705,0.41922093653259296,-6.254874595412588,4.808693749703885,-2.4641869885272207,1.1339160553790038,0.6466137988785619,-2.4376398530388546,-1.687396762393579
3537,1.9254281659145782,3.916172670198513,-0.4371219721474269,-5.73674867011594,-0.6554160765816792,0.9876858827331478,-1.1611574843511079,0.4267413494831658,-0.7306008502607382,3.370047456137282,0.7526606698171969,-2.657691140824877,-4.098888585318305,1.5517621396544143,2.188246636444841,-4.164032958899043,3.1859423745622237,1.3369703935567934,-1.4913513694524063,0.2624428615238905,3.3615914429235083,-0.4682169717515068,2.6957171973109997,-4.360183160555632,0.9758841731449124,1.4136512254352596,1.7631120435932104,-0.6221433119764104,-2.449162683372835,-1.0813414468223428
3538,-3.0779292302585244,5.214883158614452,-1.5181183046367615,-2.302911114891117,0.2458840057850331,1.438191485388126,1.942259477069598,-4.490821952253189,-1.2444530749250933,2.329249767962388,1.155995868459902,0.30776991368733775,1.8880837526561187,-0.7996421828524518,-0.19321919236698903,-2.3502355020906993,2.7077395825200554,-1.2527264578651138,4.557663517720801,-2.518975320990183,1.0889615035209061,0.8766572986665775,-2.7798871541754977,-1.2244198447437569,-0.9284688258768661,2.1235467345729333,3.725143334453712,-1.0999530560969908,-3.7219977459414775,-0.09827044110951455
3539,-3.7048606341989636,-3.094442012025784,5.103574775581734,-1.6459316124842616,0.9183647124119494,2.423294770716529,-1.2000134596022392,1.5963910895221645,0.8595385406209184,1.8662693981139356,-0.6122774711667054,-2.509908097487127,2.9168802906301394,1.8389285872852028,4.205350328188683,-1.9190713754839006,-3.382129161185029,-3.6599586694341575,5.973503370666872,-2.4077787234406074,-2.9808279659867285,-0.7496325414055169,-0.6845639428143073,0.8492998029791359,3.338796516325921,-2.3313752654821727,-1.2509950411478101,0.09096688273269216,-2.1931631857749974,2.345770093348154
3540,1.0372391039119364,3.704621033942736,1.05748063492209,-5.842174482817267,-0.20393721659343345,0.24677092663513278,5.849692805107537,-3.5700513659779674,0.2898859323784482,1.3451825371810422,0.8037841182331471,-4.718494026921249,1.9879812308136557,-0.23898804389244788,0.39512930947518754,-0.59423906377328,0.5021254011557588,-2.0520088337778937,4.479088919462264,-1.9029882334321417,1.2773885839657488,-1.1621122045572374,-1.580622332004932,-1.1107547334348666,0.33511011988451855,1.3685920112077419,-1.3862405634410067,0.813641566960654,-2.7762554718592263,1.6451523372490904
3541,-1.595936594823625,1.2823708958937416,-2.6076922128061284,0.6717599931391618,0.7753332333098744,1.474164685288157,-0.6482606915640154,1.4786023335680945,-1.149636698438953,-2.3124116985889565,-1.1647439978742358,3.796450752899002,-1.6987359549128414,-0.7457623460903768,0.21483688036063242,-0.6132941718609644,0.04442376274502635,2.798531829759458,-0.8385653864013811,-1.4359363756483052,-2.592189024781554,-0.8733352313355685,0.8783464993468293,4.861679518818789,4.299883759115527,-0.1325035533168908,-0.670563574232947,-0.6863728719081701,-1.7647804883282596,-1.0456632713274754
3542,0.49803631514689783,-0.5946332745437317,5.450293405209827,-5.098517368889606,-0.3269007251430014,0.07172164822081584,0.4733048717990087,-3.0972181327916033,0.2413706806062308,-3.7047433828770053,0.343770887393843,5.743515075870501,0.10116833966692695,1.8675094885007866,1.1594129542422458,1.8536857310386807,-1.5026803302095235,-3.4790961832381964,-6.134530213739289,-1.736518976775674,3.739293198884365,-1.1343594778569144,1.321117004695564,3.9449984647907677,-3.697421307683747,4.944262711360455,-5.50080511386976,0.33159467686313704,0.23645174913449551,3.685917284197192
3543,-2.4190462462646334,-2.940119652027569,4.99105210643717,-1.4852637755034053,-0.2661631874603907,2.1195407548200365,-2.3144411622787047,5.257810087084398,0.1546982748711505,1.4499904554590124,0.8869910444052032,-5.4350486995400225,0.34500799145565253,-0.3148044118097886,-3.6101402059511454,-1.3497034550079263,2.470494446374037,2.459145634940107,3.8854809210069625,0.11803449502932928,-1.2902727383216934,-0.4134706944930082,-1.6097577869699826,-0.6900141962527968,-4.9895174038622265,4.444786056616994,-5.379576121193967,0.2763722868160503,3.437532923435054,2.2104022581898626
3544,-0.27434799377085284,-5.48175202553432,3.4944045062195848,0.10116835892200626,0.8408411255592947,1.3196860286054743,-1.9655906107899774,1.9253625212112908,-1.1831879211706644,-3.6970696530436307,-0.3272345959622811,5.247720259756285,2.591924029312466,-1.7104363388775674,-2.449931857455608,-1.7430142356568012,0.7618813948718,2.5495770078066435,4.0001782595979805,-3.4416467607170365,3.910193179426102,-0.9996342900219659,-0.4331507053961463,-3.035939682890131,1.852729394461651,1.7974703813890045,-3.4558392849366726,1.2333538602378304,-1.6493139560870596,0.22159960493702435
3545,-1.0766203641278054,-5.018349491610337,-2.415326876054813,5.37559120844038,0.8272816996545167,2.307423823699283,-6.0399778842213045,5.048337020512335,-0.058576901982118734,-1.9934717505727466,-0.19737854098733365,3.241068057252175,-1.9002936902348448,2.477271419267055,0.862703031723747,-0.18876542635882032,-2.503596746618266,1.2526814122220635,-5.245199254110851,1.0424325531511691,2.1825534790166543,-0.3502504669897224,-2.3449580433811867,4.715421732312766,-2.5862340990795474,3.9767425987259983,1.732168396436922,-0.41219895388061456,-3.4554490548807433,0.7449711126797816
3546,2.3191108822099977,-3.7571976897396553,0.6033068661118541,0.1237250345918568,0.4977897026808664,0.2132652041462979,-1.7231693722181802,3.1388744360627427,0.025141658816703938,-0.47504318773878396,1.1799838287803777,-2.145787363701867,-1.045868286964911,-1.2244356154799618,-3.385623666403397,2.0001948578522324,1.6875810621171325,1.9681516488798856,-0.24429636019180023,2.8143308542063252,-2.475505361894072,-1.1105999341845227,-1.008199046593047,2.0242698486559725,4.178996740169936,-2.949842808238067,-5.401469667674075,0.18028899983144786,2.7418259486009973,1.2502007873115701
3547,1.6382629395105361,-5.663510279879215,4.341686909445318,0.7438295319276023,-0.9977657101365052,-0.06250339086654222,-1.3514744488014045,-3.028994468600363,1.1509846405036415,3.518645892683409,0.7365960906334799,-1.0257577064177532,-4.180381565336901,2.416861322235455,4.054979705236267,1.7209058391587888,-2.495524976677908,-1.5168403246147157,0.9574922037746454,-1.0112995835634884,-3.6344067319060045,-0.9105257951146912,-2.1241462520013066,6.7228861588097,2.252283179154894,1.8096619448058782,-5.518120523563816,-0.8901417672582834,0.8434428371808345,1.5028743296823137
3548,-0.9904073867008005,1.1447786773892084,-6.15633961689225,4.887555436060747,0.05791962866535716,1.056493261478895,2.313321633860795,-4.2856160004294885,0.7084135375221949,-3.5555699695337797,1.0180786805167497,3.8013721180645206,-2.204092597306488,-0.5278803519609845,0.7448429878945326,-1.3078979868964566,1.931208954813382,1.3638189934570555,-0.7263454492464625,1.6072166760345503,-2.084908356150761,0.1539631565891355,3.236096386614726,-2.1860224138423483,3.511596427854297,-0.2490087322378578,-2.7091483616738437,-0.9011517733985084,-3.1157728408274448,3.463485280285216
3549,-0.6087762094399611,-5.534947117776529,3.5332750940810342,1.5597918052310966,0.4184777744413002,0.63217865346423,-0.6377533269654236,-4.464179898373832,-0.7057264719861029,2.1531447154736547,1.1859121903533891,2.468602791499311,1.9754706679379126,-4.133800677553822,-1.4617818621741208,2.265109874654769,2.242488806193741,-0.8874868090574566,3.0034173907832624,2.356162665983547,-2.1518808948322654,-0.03257009903428809,1.7280162579521097,-4.903145320853515,-2.7628161469889747,1.5941471326040642,-4.037315903818488,0.6385953865104073,2.4280349160230266,2.1393546156718415
3550,-0.18800388141517033,-0.6644296363108317,4.475659360328809,-3.7379297242826794,-0.12070355683237155,0.23540743851343038,-3.277272442108245,2.491096759317756,1.0243932836778997,-2.1621858819241506,-0.4284605095324592,2.3524287905701797,-0.06294940762560941,-1.373978401797153,-0.5301364564346969,-0.1798643849146906,3.0300291083908064,-0.8831004576176422,-0.7537490685480606,2.0862635212548426,-0.5690397449641384,0.7844703339499146,-0.8169521671807551,-0.7309928745129533,-4.9114155260569206,-0.06471528896463141,-0.6627189477086795,-1.248759274410959,3.437304993397266,3.450304043745792
3551,1.2678201961573912,1.6867821243329288,-0.2708427782333267,-3.503846137685997,-0.10068699545297966,0.9207735908831811,-5.150458090613299,4.772376425733789,0.9310002506571742,0.09334047463104334,1.0178265808390945,-1.6640856412468459,-0.5957719778177761,0.9381905721557402,3.116079365063282,-0.8799679203264361,-0.19002647098306724,-2.3885035680907443,-2.5303508129600765,2.9169780781199854,-3.6024367815826253,0.49032341806868907,1.810122091095245,0.9153640072576259,-1.5457195076056252,-1.7843996451275572,2.6075998624124708,0.663046628457935,3.302309837221891,-3.2428371753572574
3552,2.868883398528137,-2.241796832622992,-1.3760035437281672,-0.9210192464387461,0.7287375974701331,0.9411986267928469,-3.296934264270849,3.472301578884057,-0.13732785509542111,0.1362810082050263,0.7715576786789855,-0.9458781464008226,-0.036498722711030496,3.7585274911969293,-3.4820295509240715,-2.0959315746862757,3.1513361093012904,-1.2954037521758153,-4.309292197074562,-2.2066046612686634,1.5806011522970635,-0.40620395052650604,1.6943811806197182,3.6471184759517605,3.527534669505478,-0.6677528702778304,-4.248202445824848,0.5704297510658591,0.7042923867134974,0.11369850881970756
3553,-2.582452849972052,3.1064133668587672,-2.295590927288071,2.3531666926727084,0.5843659359839899,-1.1659022182541392,-3.6974681567976546,-6.2241045116776235,1.1118575280403693,1.705537823412012,1.0366177226342312,6.067559594389646,-0.596955248871744,-2.092046318144174,0.7074958667697047,3.072533243483118,-2.3454679083104732,1.2544403650746077,6.094587991281756,-0.5572601402121578,0.3385446694582832,0.586345307968374,0.17989071973898163,-6.642108548236415,4.8749620039786485,-4.9653448932676625,-3.3461606104757458,-0.306742081776024,2.8587949723138983,0.884490609228779
3554,1.2435199451591004,-2.3949877092946537,3.1757247765317693,-0.13757898906696653,0.5299040460192481,-2.416582069347288,-0.641809469640112,2.1039270974911375,-1.037931470463728,-2.4782421857778036,0.7048084238955958,1.3492476044959076,-0.7611252024682926,-2.0108551092336917,-3.4525920867247812,2.583068842398518,3.605126643284713,0.03637691274455257,2.148703744872929,0.45341589642584523,1.938216575421741,-0.8698589009870377,-2.6145653121795824,-1.0559120035550968,2.5934705770163653,-3.5126652572937616,3.8626501412352994,-1.0031241703759788,-1.8721595640858393,-0.06817172649420122
3555,-0.21102767235989006,4.189983960494491,-0.07016467045330543,-4.530507224798139,-0.9085900061295327,1.5303056132475774,-4.651515056517987,4.984223022551053,-0.09786880654920882,-3.0160865978491778,1.0862969007979757,1.6949505375683884,2.9400151513339345,-3.6739766089679478,-2.2233799629420474,2.4947812523481474,-3.0401665677643255,3.502726735993207,3.9015880190238192,-3.1012425902379857,3.5005458940468728,-1.2459583008446056,-1.3835748519891347,-1.6713581700002003,0.7182019512745228,0.6200787253383382,1.434906899182188,-0.9703280471431031,-1.555355982743496,-0.2475035459065431
3556,-3.517932301104885,-1.0424543881982409,4.214563526732764,-1.2759305340488396,-0.6152697780830103,2.2370234747034345,5.166279613292449,-2.0753377677640543,-0.9586702091582646,-1.7609927023568144,-0.6616707707610852,0.2903918367488032,-0.5503950442699335,-0.16679645329088189,1.5965316939358445,-2.1963123456088347,3.173395522930491,-1.8564233736956979,3.1105832533495317,-2.229777588085014,1.498996691417645,1.0296809147628139,-0.7753859307585937,-2.634097340687596,3.220385373724735,2.5407927250642857,-2.7248270538323247,-1.1728744026139313,-3.16929733543453,1.3058206930936471
3557,-2.975644890262581,-3.4136677201977186,3.063669109401829,4.711132194698116,0.9138990582058728,-2.2993877518443044,-1.5268835353520274,-1.903331132642876,0.9442642172203506,2.6753044128758248,0.8868080706559454,-1.0761620327561587,-0.1668168082152377,0.07837445977378721,1.697014247183283,-0.07837935534254115,-3.561089141546514,2.030896598148228,2.963703808195639,1.1236758914223337,-1.6704756941710563,-0.748558980786493,2.816266736782273,-4.484611761443901,-3.144549124952114,-1.0454502020206249,-0.5826417959047951,0.5708814600740233,3.63069119207222,0.5710684707331737
3558,2.4004492746613444,-3.9571633708697824,3.1351675669488834,-2.1222949128088757,-0.15887511459979153,0.7027165566694293,0.6747688927068509,-4.88675847428188,-0.42232831045626984,1.28727796645963,-0.19721484368342512,3.5442547692561597,-3.1296136434048467,0.41616735065145605,3.925235705247516,-1.3839486068907974,0.550892233088426,-0.3787330386907328,2.24232432430194,1.3187002084068187,-2.190728147848617,-0.2012638546504748,-1.63075762069737,0.46172509048648536,0.709373868031598,-4.130621023905986,3.7769055491001424,0.30039702391975354,-3.5487339445621355,2.8926785274184894
3559,-3.0727700518184644,0.7817860835342465,5.450749001231255,-0.9861277924653216,-0.4000771982805835,-1.7735600421999091,3.598674449110902,-1.227297309645607,0.7743031341150726,2.460455041220463,-0.704549653027807,-4.901585661771925,-3.3203883868020565,-0.7441685007918863,0.7405027844479726,0.32534878310447723,1.9723841920682723,1.0263211279742137,-3.343442167639658,3.3088145367624193,0.4149329079572901,-0.7474162569535441,-2.8790548078801823,3.246165787752485,4.395933775179049,1.8801527304512575,-5.639292488219191,-1.2138224989351327,0.13306173613641192,0.4439667453894618
3560,0.7536879124200055,0.6118082483168017,1.5877018220618915,-2.3784353567305097,0.09380594765856509,-0.6685685737255298,-1.4608686953143426,5.401154921390265,0.7921284367816908,-0.8494248785882696,0.36889034985103475,-4.25188013411929,0.20828356014703786,0.5158652103332066,-3.2642055136966643,2.7570803565999,-1.2882364740897785,1.0712128607072948,-3.9359583068285247,0.1937831405402477,1.081905101893934,0.03785101217498621,-1.7851097064477521,4.407528758665915,0.5963634756605174,-3.1650721198377703,2.6031351243286736,-0.5370435503979234,0.13640922421194723,0.3662078460364224
3561,1.2093523384755223,-1.9233531480344688,3.443291932807938,-0.5090577968543499,-0.6960651890181278,-1.524168137375316,4.738899585130088,-3.098600509356274,0.032567865266133644,-3.6433156418157893,-0.8442090776837139,2.814657778460667,2.752736503643721,2.9349029307618686,-2.185935979157417,3.258065430522837,-3.664366203358707,-3.0954026824112955,2.8321202210771332,2.1914435520137197,-2.676304147777625,-0.0613041133196317,2.3872954967022437,-4.673251008697012,1.348514128206972,4.047314888720344,-4.918507510999568,0.2873275882778801,1.6048158775716637,-2.369464971775427
3562,-1.7234286781224952,4.277813083012649,1.331627773654116,-6.120739675493915,0.15482826796397386,2.079899228986873,-6.086638556717215,5.407023637427237,-0.11484470044288209,3.2578425137888303,0.6846061196841093,-3.1479890137389575,3.581988041459084,-1.4369266934706815,-0.9266438678732847,-1.9105148303368082,-0.6881476655192813,1.3802450157419734,4.6617491147464065,2.800869758649,-2.80796716128698,-0.5629125289365211,-0.5642747124782321,-3.527464470694845,-3.4295376660671373,-2.971877257405655,4.17570945856189,-0.3952809160265094,3.5745444778312603,-0.9535580968919444
3563,1.0295793436611298,4.213102416125729,-2.7421275198441712,-2.2902365135622595,0.9601363921181094,-1.1704541184973216,-0.30329165585127527,0.5327515672149943,-0.9432487513413781,1.6306257170090888,-0.30488770583585456,-0.6119491711944605,0.39572540099274534,-0.8182039301045982,-2.277803916228395,2.1053983524755964,0.9736988830334425,-0.3788147901678034,1.9495549122859046,-0.9792023278075348,2.0706991763779357,-1.173319459034745,2.1340100939404074,-4.001742395763138,0.7905930447735727,1.6008428922206548,-5.016454746843753,-1.1405595843990675,1.285697818906403,2.4798805753441258
3564,3.2836394048020807,-3.0451125995599924,-2.6119023698577024,3.5024518695182074,0.2018767374041972,-1.3309530423055573,-3.021937202911573,2.427720378195751,-0.5065020364737398,2.3430409941039514,0.7723402138760012,-2.014662346789244,0.5594505540661849,3.5475351343183696,-4.016553787560282,2.052782275230765,-4.061144117761142,1.9179299417071007,3.5386077187190317,-0.6643905714439331,2.1097882103807883,-0.053946063938978384,0.045275369854937964,-4.97533466357303,4.701431854501283,-2.9417460993080695,1.6694318387309295,0.12497503590971171,-1.067584433680489,-2.486508196151391
3565,-3.1339375198512514,-3.325599524723831,4.305558372075396,4.142713821033002,-0.3386531014290832,-1.6500820471030213,-2.0106751657557425,5.021655600906691,-0.5241427876580369,1.7391885276484693,0.8173892502250943,-5.043415425365335,-0.3491017911753076,-3.3706428505958996,1.9801586326894736,-0.2154461264986658,2.4998280050470107,-0.5447958694656148,2.5812602052364113,2.937348245590279,-0.3167972759636033,-0.6168825016616619,-0.3550189242049715,-4.229909748997628,3.754865348016036,-1.735847698273055,0.4688849825920691,-0.32862365131450577,-0.8289794238490629,-1.3302995571695337
3566,2.7568484126264323,-1.1214005708278982,-1.978662103414507,0.01973264469074465,-0.25915919420593436,0.5826408111324106,-1.552657197075078,2.561200623622568,-0.6749213229207118,-3.044478490189089,0.6337700400295168,2.0770863465339353,3.439163513581935,-2.30273060324447,0.8021306980585763,2.9636384660563273,-1.2443681290690574,-3.6578339453822863,-3.324865959679297,2.543729557603033,0.3842989853995711,0.12666504926511202,-2.709152446590261,2.97932481400062,2.2722869012704727,-1.0245278420148054,0.1043616275511603,-0.6733300833726279,-2.593509780150855,1.9147191767185916
3567,-2.8644787305682016,4.859832941126655,4.575438898515728,-6.007607874784576,0.6359807360774128,-1.1991659703657511,1.3639063233313635,0.49183952214066906,-1.0870802929022272,1.5807389475077258,1.0546373228310237,-3.40404182290742,-0.7238440511974957,-1.1855938578659746,3.56003155419123,-2.371325331107908,1.4800996235158088,-0.7593679375346216,2.0437116501298256,-3.159390541326225,-1.0622322340381238,1.2083585402545713,2.8847425758126253,-1.9151899908339018,3.995704069242006,-3.6749040712587444,-0.5307362835022609,1.0783904937130044,1.6151266529714192,-2.483580861163519
3568,-0.6183148043737283,-3.079718054657281,-0.18476400111308422,5.93508609441508,-0.41927828180559534,-1.6330109524641347,-6.215827087354839,2.490336850809836,-0.40619088948473614,0.34654522465290505,-0.04784857261739628,3.832984473995346,1.1074510772702837,-1.1987181630116428,-0.8771332804739131,2.672257754512529,1.3214789994095284,-3.0253363877057744,5.037242844839319,0.5538363456457205,-3.1199075040159556,-0.8113719399234931,-2.326463244680232,0.6666634981334312,0.9586566250108639,-1.915531907214799,-1.0300842102811458,-0.1979550580351468,0.5389227560708818,1.645991794451227
3569,1.1211511733508317,1.3876583242338896,-2.547239480039444,0.4879623932457342,0.8354446653081227,-1.2849770760978547,-2.8704241286412575,0.8428021922213418,0.07715145107513344,1.7546857830068632,0.9547691387765322,-0.7589844364375331,2.8198867928718023,-3.5139547269607636,-0.6665772198372437,-0.6182061081134869,-0.7057754639108644,2.68462672595156,-1.2651804103959066,-0.7177751388554334,2.1960753871797962,0.7198904995928173,-2.004249696637128,1.07123935911466,1.239258710853047,4.135879495773938,-5.076100356427688,-1.1350747015155225,0.41708494264549856,0.4189519086725806
3570,1.1854398804033899,-5.693254697610051,2.6038105911944136,2.079538502933435,0.02286370461607312,-0.19839798153600974,-3.6836613479404043,1.2534903479726722,-1.1692049329141878,3.467980437198591,-0.46847210210283485,0.5998675977872523,-1.8157657484488698,-2.496406895238401,4.168554929167303,-0.3315263779958926,-1.1337785088192955,1.6089226013361433,-3.5579850902794945,1.1371179235267022,2.1835665416683163,0.866508552919421,2.8530623314985544,-3.4822702593346726,1.3455373419646044,-1.835682428763647,1.6304986925232967,-1.2012110140642607,-1.9891576897886782,2.0500150981305367
3571,0.18655131430781147,4.852402334044466,-5.386594771485491,3.072528123599291,-0.803445318115743,-1.9214416823490819,-0.6358409505611036,1.237486896057689,1.0805245122560132,1.590978714890909,-0.8123002442873943,-2.460848928355034,3.3534775413860665,0.6478286600692869,-3.2912086643655964,-0.7052180108806283,1.6599035647120743,-1.664783090920233,3.398891182084192,-3.3442403931787936,3.2096616717053728,0.5855497199940434,1.2484160086838667,-5.098278189289843,-2.0798130017859826,1.356516087462218,4.705113288225988,-0.8567209177684516,0.24607074740835522,-3.37116620354025
3572,-2.602102605076645,2.1303993123273663,0.726547027016732,-2.873569018490876,0.8358478798151578,1.7828774044095148,-0.6925508927811279,-2.7455094800621644,1.0584375702399447,-0.5949581006274887,0.506925559086465,2.4676553441454523,2.6520566889838193,-3.7207738152453107,-3.8511500043920464,1.137610584780564,3.939612356666334,-0.1573558107923958,4.007327646028564,2.107533139064593,2.961389420446544,-0.5075940201044293,-2.715233306299835,-5.853422879136609,2.702405541431922,-0.9065623348678216,-1.4636828516623552,-0.4854373537312249,2.115190014594276,-1.961913015762926
3573,-1.2321231097278886,-4.627361638770832,-0.14601262902866097,5.740874165678246,-0.807693608770788,1.0723168206211398,-5.080145937962179,4.273011682276341,-0.8227030357627276,-1.8479393132919135,-0.3767382621127151,3.8545148668542417,3.9833110019393274,3.6358993846203305,-3.8224500765177236,-0.22341798463411422,-0.1838171176381067,-3.38952520776874,-0.5207267761401724,-2.468478686121742,-2.9870027712722997,-0.9094950032811617,1.7850374632618564,5.100665773552343,-1.1197785980283612,-2.2387669889419435,6.155968277907718,-0.6004660075531527,-1.8567719307378105,-0.3401847526445678
3574,-1.9291969938156814,-0.9254316799323661,3.9029259169187043,0.10165139335218498,0.011313345973363198,-1.1612619824949828,3.6547981231564677,-0.926691529657834,0.26981728817179995,0.785614353199998,0.8754141508702888,-4.658952385739706,0.28207526870727406,2.0280885360250167,-0.7678821826792905,-0.9625276089175117,1.951677259301146,-2.5314312724356487,0.6133106930441876,1.6228264174411926,-1.8317279894833476,0.09433219983804442,1.388506961210041,-1.8872482820512744,3.186323382118868,-3.377304392898541,5.59672181000451,-0.044568028247902625,-2.790043458485009,-2.5711293124900614
3575,-0.06462857524770449,-0.9556016430504606,-0.1408772253862871,-0.6120507675500342,0.4381307424195091,1.335027468816195,2.659044830513718,-4.699449526553863,-0.879226573975421,2.2681417551882355,1.1834937376070602,-0.5320042227787205,-3.5138533127764777,3.761453103084939,-2.8892161965635292,0.7009346224307862,2.1250370956160403,-0.1843553117907657,2.2957312691431326,1.6266000647893435,2.8134607937896234,0.7672349858377379,-1.6293104559671452,-5.873716657593867,0.606743272207968,-1.071447487145356,4.122030260635363,0.38837051246361654,-0.4453018439474228,-3.6003947142123103
3576,-0.004090385679447195,5.429906786565105,-3.4567520219528056,-4.345354953704209,0.0722446017466658,2.3040459730258913,1.4672299047422293,-4.898676553265133,-0.36823571601865357,0.6184273049870743,-0.15616961658907424,3.3374246761445505,3.2567310707210027,1.7247141399501267,-1.581579179375094,-2.9530540132960823,-1.758793217701104,1.3119811997021706,-0.6302835422553912,1.6837139563651942,0.5743142056103174,-0.0999252660361094,-2.2693945961662614,0.7415752424810869,-2.6010313088611134,3.74654952834792,-1.4202028392193746,1.2491760433204355,0.17798490764519492,-1.1524763312312185
3577,0.05212994082078026,-0.4660646757551987,-2.2145337465974073,0.09230410404499523,0.9111530440140938,1.6250113334739318,-3.4907886362716205,2.8161054685340083,-0.81522691981489,2.01226350072643,0.740329007101173,-1.2626824202741176,0.5648090745675418,-1.073812042812241,3.4017148597177957,-1.1866693977365284,-2.7336975671631834,1.0276550734276526,-4.065982291869176,-1.4740192224994324,2.9032885774105495,0.4822769433137921,2.4860216398973662,-0.3315856462542506,0.9815476341063594,2.651438308467611,-2.44452528836252,-0.6862613315038519,-2.1572419363265745,1.655042613620811
3578,1.8056666808655208,-3.145620366107547,-1.9910300664651004,5.949597709029359,-0.5463040377902186,-2.0723099195307944,0.9640496607412601,-5.623111348894692,-1.1908068885903278,1.4010723424335048,-0.6508231815375751,5.099619415848814,-2.301768059611863,-0.871632354432915,-1.7877883863140127,2.744380625080197,2.0215552030351276,0.19525297224451776,3.8193611647516263,-0.24437200648714352,2.878300790934272,-0.2691595264969058,-1.0318156276399684,-5.152314795063052,-3.5338871789478965,0.6079935244323416,3.109119181425477,-1.2134660483770787,1.599474125193396,-0.5692336037244434
3579,0.5289502127338821,0.605854382930179,1.0597718701536003,-2.419030769630723,0.47425213941383904,-0.24979783559954605,-2.816028642848739,-2.727908761867905,-0.739141784608984,0.5459354581490619,0.18795388828269388,5.549189842894844,-3.3851055603252043,-1.936097726156822,-0.8897563576038152,2.003460815577604,4.081851185967992,0.1256476425412707,-1.6932973543678642,-0.8717802865751665,-2.854692542876352,0.5301580322006432,-0.46902895659995636,5.358641108217512,1.7525754616935245,-3.1615309693112508,3.3197463910025924,0.502256756855866,-3.1443935863560206,0.7313459461170364
3580,-1.4541251286158303,5.703158908414714,-2.087215703230136,-3.3422579393182517,-0.15758066329744302,1.3380205260481794,4.706275343775335,-1.0281639791741704,1.1541364892916413,-2.6610346635496125,0.5336857054018553,-2.7048988957440834,-0.7128031597150333,-1.3250942679363718,2.572709328592417,-2.3736480531668853,-0.33922470005382266,2.178060852280737,-4.037675661136774,0.7687042365448438,-0.13882809581873978,-1.0818373642740928,0.9642272668846861,3.5254096177989,3.925269382805567,-2.431353379660756,-4.44429916640113,0.07907373076169044,2.5274901804867937,0.34381925200961305
3581,-0.18219748480053255,-0.9802533936591509,-0.3155228525549383,-1.1530251495614046,0.26375338468946996,2.367245495887797,5.32559191078451,-5.898228195408457,-0.8241053178965121,-0.37511315012708835,0.6659580464222339,1.1058967062262823,-2.774881785870054,-2.83187970079773,2.3675000935415014,-0.0467972619141932,2.1625708364985883,1.1234878185429373,2.0204340811763615,-2.796448687554852,2.0907671855677954,-1.1704291231076023,-2.9998751950104836,2.855551738927641,1.859024514081451,4.540410266802201,-5.244914832582026,-0.8732121234598598,1.2894141350640993,-1.5707219599041053
3582,1.8413907315518045,-0.5647514031624041,4.738367252026229,-4.371530077786556,-0.7643586766177162,-0.8791178260101216,-0.04489919005788323,-2.0552166863474888,-0.5429264649047472,-0.6460698018522546,-0.32205139637073277,3.6111635395340613,1.4193437490401877,-1.8372370399340046,-1.0199790279323686,1.1968344654093173,2.057487923101924,-1.8164500696840253,2.9286375195888468,1.4764083391517815,-2.5659942621448533,-0.6689156807875003,-1.7465787172720901,0.5764428014626759,-3.340205121384013,-2.481175822292311,3.642999251478166,0.42419627813816874,-1.354684590173834,3.1088700042356088
3583,0.6548929858834356,0.3965563970273642,-3.219396038415951,4.114070077668153,-0.049047580198113394,-1.897075841963657,0.967363693257532,-3.667394097287918,0.7653154107426161,3.037873937447202,-1.1394233581592825,0.03626441400079017,3.9672998304389537,-1.901861657967956,2.5090574916828317,1.0857874762175221,-3.201800091745186,-2.4584830486251423,3.9477348032872506,-0.4215170025687094,-0.6522369529255201,0.7813513959615639,1.021700623135203,-4.677032866890954,-4.060333356224477,2.2085216697191647,3.012594834720627,0.671747167487057,-0.5150946618727836,-1.317435653827788
3584,1.0870466088561344,2.3267326952286886,-5.865042522622048,2.4271474348552893,-0.8131284150365621,0.8372441987197412,5.19824304752504,1.460186265379555,-0.4941138099229363,-2.3143210075287683,-1.0990104801530425,-2.7509840152989185,-1.8662004930301563,2.6009972796169194,0.18310131065626578,-1.6864334136775199,3.953946492398032,-3.185411175962484,4.5620692817976405,-3.445172192499909,2.704075953748692,0.504172460488209,0.8749597815308174,-5.200105285066623,-0.1467365939856009,2.864732516605333,-2.8139920877599067,-0.37657889040105097,2.2835041916157373,-1.810929136072719
3585,0.22567314965041696,2.0473140115090906,-2.0820258836764616,-2.9193976105226156,0.38657926679655263,2.341857066244243,-3.7742557734405686,5.397049709753357,0.9060788256492556,-2.5747552701117975,-1.0207951662680892,1.0666776744187594,3.9634863117578654,-1.6942426314505656,-0.43272155835596493,3.027769972180618,-1.4089627110477352,-3.455329383083125,4.83995543504631,0.028938090474351696,1.2714042226354572,0.8927520490869236,-1.6204489572998426,-5.412600839944368,2.2081477745853313,3.242232548443159,-4.60976842709854,-0.2066836803011176,-1.1751648752787105,0.5412366596516751
3586,-0.5165741748637007,2.1491529432613135,-1.1049182112566172,-0.9288237909774253,0.38569232829018985,0.015470905547472213,2.1034870368887937,-1.4659035274857288,0.6730226083868001,-2.5088275123151913,-0.13741253715221013,1.3356339316784478,0.538276344964455,-2.764594982020661,-3.0268307842744413,2.6427904414492502,0.5505916853620825,2.059767294520448,2.3133609374489126,-0.7465428759406443,-3.2365583392768276,-0.43132555928547056,-0.9156211545367281,3.0166869915896193,3.362111509505862,-1.3954300792162897,-2.6841215767065307,0.9134123751659695,2.5168713042964086,-2.7128435330436336
3587,3.722981502355733,-2.4555305910099,-2.77869158014742,3.4788806427523546,-0.13401653540036484,-1.8336234385492105,1.4490465901148752,5.791939282188473,-0.924752022755305,-1.506496717974521,0.7860819503476089,-5.595819081920219,2.5561719111824353,-2.1539192015892343,-2.55503603717718,2.186155133552674,1.56374685965908,-1.5971186656266365,-5.3042247633559185,1.7958271864971156,1.7740274296402418,1.0727677821162445,-0.8142642429132216,1.475866608014421,-0.18025174711813463,0.14536191899878403,-3.0363820496119587,0.9482807215570075,0.2882576467614335,1.8347335094146366
3588,0.04968447697764411,1.9786001615308209,1.430290481390287,-1.7538249758041289,0.45245999768264067,-2.1572101417760727,5.848272833466918,4.717141980427705,-0.6249516568616276,-3.3731271291962166,-1.14000816865836,-5.427327859177492,-1.7432352064884125,-3.003213573042947,2.1617225053963054,3.7852946349414225,2.5424793904815814,-3.743047751286822,1.2993781191361862,3.3909149101688207,1.8937367664423626,0.27581867502858515,-1.3935738539229519,-5.466274616854115,4.147996032920776,-4.896358995267597,-0.5561501296610771,0.7863728971364159,2.4865697715579387,-1.9684295766846862
3589,-3.180923736271186,-1.5776034165111952,5.410029714323922,-0.4818169707474489,0.7800752429057858,-0.9497608336987149,4.414088908521528,-5.616463828865911,-0.9993150164467792,-2.8577805956396283,0.8198110589122427,4.239659473519463,0.6475304740808134,3.893514748522616,-4.097229910855312,1.3824156339823226,-1.721129822819364,-0.10510112290999274,-3.297651908231934,1.180421178052038,1.068234927573954,-0.8225232959641486,2.27464303428491,-0.40312393571592153,1.863863533489198,1.8835613823917328,-1.6251755805852177,-0.08042029393273253,-0.6469852581765139,-1.3948437831847063
3590,-0.8527635134165301,1.030463773675141,3.667059185088142,-5.059990803405832,-0.41548842104634964,1.6307197791066237,3.418835726911208,-0.23653109600593325,0.8495521856908814,-2.7219422128374156,0.5191686819347661,-1.8290832856925654,-0.3302113747191271,-0.5413370987348536,2.3741043800350212,0.7100126380344847,-0.12194291082608899,-2.090625633788335,3.743681278946273,-0.1170942578069809,-2.1424807397427106,-1.0007864009268492,-0.37823492342940845,-0.10508495704141296,0.759601854201474,-2.866163611161493,0.5251901119517086,-1.1569264207226109,-0.28987346663788216,3.028171532370539
3591,1.9295774155436618,-2.651656232584603,-1.8084866294062891,2.0388714582535563,-0.6029463509072375,1.0946403391021224,-1.556203975876226,-4.912784271339053,0.014866819253851027,1.2477270621141088,-0.8576246582227487,6.064019024071008,-3.06449365748216,0.498779029901538,2.779580718559881,-0.5659024540878335,-1.821638498469305,2.1736748615789594,3.7511963839677804,-2.8045953320680734,-3.318649513170522,0.650131202893621,0.06678533742259773,1.655131920953508,0.8979984450548493,-3.718327013661451,4.7745444830386035,-0.2069715603737139,-3.0476595377867497,1.300415183730209
3592,-2.9036217620831763,-4.85898976839432,3.602239849782759,2.3412944000931404,0.539957025006812,1.2791202555959948,-0.8963680418083584,6.096313948424914,-0.36467498286784394,-2.0329073469284165,0.34344154097022006,-3.145805117789571,1.936209637859882,3.3604470363161454,-2.592227685067062,0.5342980959692696,-3.2250647931165073,-0.013662291960596207,-1.6259544978391318,0.45799074322193434,-3.5876806647418924,0.02012374458677524,-0.4930255358674369,5.228546210638683,2.2905952799682474,1.8343136076383857,1.4877810590648153,-1.0057387517639098,-2.1719833894410723,-2.434967805464728
3593,2.740413313758612,1.9233255008253352,-4.863857432736882,0.3469308468778145,-0.938616494375077,0.7918042656514395,5.55388510139986,0.8863043614063031,1.159711443679777,-2.5186932986819297,0.7058133881844268,-5.787020995987511,2.869498472142187,2.854520208931227,-2.238736851106486,-4.174389138342146,1.3443525594322026,-0.6552452510558275,0.7448377833169708,-0.7920452305651065,-2.4809359751739812,0.46732004055012855,-0.31597644862851304,2.376799830499415,-1.2126889150148727,3.458171348004992,-1.827748801197405,0.4325562587467804,-0.27973234097606436,-0.5705575495616735
3594,-3.4667473761235,-3.477170796236404,5.982786302706309,0.579118873519139,-0.03588465416695752,0.4178976503026135,3.025649513111535,-4.578144128463137,1.131593492171631,-1.0073744030830465,0.4560121500549572,0.972263376208975,-2.591815103574671,-1.2057478890926419,-4.047663291640969,2.854572034706461,1.386601572257888,3.604052677345102,3.8460323849076588,-2.823897319627461,0.22999317656359253,0.7008635746080767,0.9319575824771977,-2.884949398930118,2.2610230789692487,-2.447094129919911,0.4586889652351829,-0.8885003193329482,0.2340567212512834,0.38182568379886916
3595,3.128549371945514,-5.186649181353861,-3.4100822770174766,4.812363660145813,0.30070504349763283,0.35511338278356597,-1.7930841573086056,5.977354602554765,-0.6034815815903487,0.025867429812311826,-0.6188820337469751,-2.9877742597202257,-3.9526635066886016,3.302697869452306,0.8256278944516602,-1.185072004801139,3.040562404513249,-2.0311526569263147,5.256865528778128,2.11047453918156,0.3271863957125163,0.7196950596651606,-2.883974792550781,-5.530246730787617,3.2695035204684046,-0.05141743118227993,-2.523787543567842,-0.7298142954952507,0.09413283339422307,-0.05861708361551621
3596,-0.31770004328729584,-1.6680702104242613,0.9530373633808082,1.9588151617117617,-0.6973135070929524,-0.22876876428687432,6.134026201950714,0.9554696877544906,-0.7225750246917348,-1.6033422277240614,-0.017560228676080314,-4.746018408612407,-2.07632198890823,1.8596190539355888,-0.11681250854778824,3.5856696368146572,-1.8609517955485,-1.39120239774455,-2.654744304654141,3.319888274347001,-3.314673305170313,-0.8901053058522006,0.6314326227995295,2.9082020185290993,-2.404750866457796,-2.2982119411569712,-0.9906849503720849,1.0438945546519962,1.9335630966582862,2.71619010667834
3597,0.39970712679846976,0.8951800148362494,3.973157212083457,-5.752848002417743,0.6632308556487052,-0.17842720694790692,-6.165015470745246,2.7196115371969185,0.3468010582850205,-0.3547389482962515,0.8593124288043219,2.5940293947561983,1.1649139378853661,4.123343143154461,3.0443700108209626,-2.6026171631617743,-2.175065481327769,-3.5549444473700973,-4.177464674196205,-2.5066853347861464,-1.4969800259907373,0.3171857256007682,1.4698244799266806,6.394119829444584,-1.0211267649484093,-3.95187197122565,0.2532123997074116,0.5476878243571086,3.741923639222634,0.4301748728886494
3598,2.5910347699271696,-4.673121609007321,3.864004027452193,-0.11921207474673778,-0.0649894112077729,-1.597715702416279,-3.707026000279427,3.4566717297803855,0.3048567385526866,0.8527079432882445,0.2047738862006101,-1.1119842975415253,-0.9466510875294247,3.3083477854270242,2.812661801194132,-2.169075198621213,-2.929374819848549,-0.0759084806208179,-5.400351356067315,2.162576471061122,2.4406125441593396,-0.9395408748853749,-1.9671629435973195,3.703866159328495,3.456725170685832,-0.7622777534417438,-2.7730896754151217,0.6633128498627467,2.466358043591928,-3.051028635281913
3599,1.5721412070720184,-3.4918147964220694,-3.471133703457415,5.828729969862572,0.7899215228383119,-1.2278441998921803,3.368360000883211,-5.65516517867912,-0.23361131868171725,-1.347107509245589,1.1886963333616896,2.6788276723624733,-0.28129707872930965,-1.5613591003732896,-3.1224523403034645,-1.0952412499807718,3.254651779665444,2.805697989722514,3.709716450861947,-2.0453988406546557,-1.2035360645973086,-0.4408777148829941,-2.371117124258566,2.3512132935305097,3.3641007577335955,-0.19146485545644865,-3.596466757439803,0.1769689479165395,0.7644039767508062,-0.517542069502948
3600,2.7702650802467197,-4.165096342271987,5.848620509955246,-5.802207150572713,-0.4661984471938747,1.8146163498378165,3.1228796042754325,-5.189899034531866,-0.9284662519199678,-3.5784545340188547,0.47371584056433846,6.100224375631846,1.0748784765106656,3.206765207728651,-2.145085492210537,-2.2844709892043547,0.012752976146071404,0.13515982103063884,-0.33642548523641835,-1.835661891838285,1.7735854173774968,-0.8607693213128318,-2.358520802005394,3.6177920830143826,-4.548691106890475,3.248933738214138,1.0684255896949857,-0.9912102134166725,3.3822210737507064,-2.1596790813509816
3601,-2.144803724896491,-3.6404895771038497,0.593965707767854,6.234417025520678,0.6070416517867185,-1.6501310830736937,2.923635843162149,-5.476200440546371,0.5681669740480304,-2.6854934647209774,0.6414423330383165,4.028448755019809,-0.48401827481610127,3.0512721601202486,-1.1027266424172915,-0.12729056996816723,0.7286128032269445,-2.0658494761444572,-0.39343785620477334,1.2075129798308737,0.5548881088555362,1.103102400861177,1.7250406785050476,-4.197106311848948,-3.653793012435557,-1.390761795710663,3.482333963674968,0.44003606689436037,-1.5540625374583374,2.6762473150369104
3602,-1.0547830221585421,-1.4889397451128517,-2.406765878592182,5.307267816320227,-0.352587424889256,-0.004191745566169303,5.428549256353811,-2.2522026656427876,-0.35745426706133365,3.2363212151992897,0.1868971260374348,-6.242110664885487,3.5642137575418573,-3.161042328950618,-2.1504193408186048,3.3734983421976494,0.3201647448263323,-1.9464151747954297,-0.4948920736393987,-1.5935683840407968,-2.010519126348612,-0.00292704783006581,-0.5417572700065829,4.643663901864365,3.944279781280585,1.2168201010708337,-3.569347955538266,-1.05541565598097,-1.3744100935640873,0.8380738227335787
3603,-1.2742993030805145,-1.361063369672987,4.820474673756642,-2.600236152780397,0.6787575594461139,-0.26363340766761567,-2.7801715522033312,3.645175136243811,-0.5445114151020247,-1.7774493122486703,0.1277110382059794,1.3292461051051632,-2.453401642610242,3.899465350626688,-2.3903144781013843,2.2009105552965487,-3.5778852447890124,2.321225459578578,-3.7110876873605925,2.81253003276991,1.3517419751974842,1.1482381252743714,1.1506438995029065,-2.752066345385149,0.5746078714226783,-4.622086146325035,4.132707297340957,-0.8049283924242197,-1.4385978569468794,2.1582972269342022
3604,-0.027785882220760172,1.6436657039033271,-1.851147276162603,-0.9722946260786571,-0.057085291529338056,1.2646473720892324,4.9413865784193405,-3.378548953411162,0.46369185936664703,-2.4347555611930467,0.8534220619442916,-0.44519598512512104,-3.236958151455889,-0.7352191909643295,2.898070433351343,-0.6944333575502029,-1.9221897140124131,3.6907299806326854,-2.345915323069928,-3.2731779165282067,2.43720665707124,0.19745887256316141,-1.7704818529934059,4.754909562956069,-0.9640847810003272,-3.984676389067239,2.257979492856691,1.1425909697856547,-1.2046535061507768,2.752844213577692
3605,3.6786664273946847,5.130993849774097,-5.801026923795764,-3.5079599285595258,-0.2911646437628932,0.7904912189505708,1.629882071763685,0.20887185623793414,-0.07076819011525703,0.9298106858831208,-1.137710920049499,-1.560085503719037,-1.9992861352864502,-3.937571110430671,3.4712320727461297,-2.630093813960629,2.869938272946346,2.225780713986442,-4.981047902064308,0.582125702791668,0.4880487486862002,-0.3808746589984491,-1.9155101963480128,6.207258305931816,-1.16567741734168,-2.2590963325515006,4.3222533144436746,-0.8972007462024454,-0.8346740490909603,0.8343952307446134
3606,1.178287231646454,-0.22761762707315114,-1.5861588086909535,1.9258055624731938,0.2716404318961483,-1.561956790250587,-5.794516976371764,-0.28090858698883636,-1.2326008635633081,2.516144467050136,1.1926258989653569,3.5992560609093758,-2.9295329079734174,0.2651011309434068,2.3664335314533567,-1.7101030866698537,3.501950161333461,-1.4938488290857777,5.110506813396572,-1.0193973832355407,-3.6534484859091734,-0.43009689328108447,-2.207577153698022,2.200013102726153,-0.3597351525380823,2.303299916413554,0.11864326284867488,0.936306860560161,-0.6018013579833053,-2.3967135292993245
3607,-3.740562013895623,4.828742919102162,2.8850804968281594,-4.236856502213421,-0.35843110119496324,0.6220262013747906,-4.6729822294280225,1.5655387646866465,0.35745893396212836,1.7023429408405555,1.1188386020008272,-0.071197012061198,0.5017385391069631,-2.3417977253387967,2.957821355147967,0.2623293280001384,-2.938140101257721,1.5580486043426411,2.719039103628088,-0.7461323793692909,0.27309184662371777,-0.8673697985761919,0.02786411830525104,-1.4064928906126717,-4.333879951450555,-3.4195311002531668,5.3460135635750525,1.0493536238862253,-1.8064346868073642,3.164478551051495
3608,-0.7263776297788826,-5.5594413098977995,1.8794962088033103,5.099662601516592,-0.2841807053663963,-0.40915916527572804,-5.159334295848193,1.3632372873834377,-0.7861130326372274,-1.3446790225467833,0.7530225616580983,5.173866501991583,3.8036702494840817,2.415737235501986,-3.892764827003665,0.19005502359992832,-0.3279724175638279,-2.1887252640173447,-1.5239918621797592,-2.4085262151861997,-0.7623296120832705,0.9535847339121357,-2.7117769686696924,6.453039924205719,-4.383923304478463,4.886378687561923,4.430405719086117,-0.9568899811712415,-2.9769930205698785,-0.998978100426763
3609,2.3851930988167815,-3.2115874130464057,-5.962139824299076,6.095604036649316,0.7298586901463824,-0.03692858826585699,-3.8973413978149622,-5.168499865817637,1.1778947650979115,3.4265238666718822,-0.4595315214311615,4.92095415329489,-4.074551036107653,3.698780095311797,2.897340507928515,2.43124765269247,-3.6477584508952656,-1.305058768928708,-0.7585270286343366,-0.3922204060896579,-0.17571811961655825,-0.3459844549162332,-2.0981248878176864,3.770574897073388,-4.908516831608084,-2.013974144751952,3.4040069896243423,-0.7591527739589088,3.3491309237049407,0.9285058369913468
3610,-3.136075108042789,-1.2864636612192406,3.545952989376733,2.309988838221283,0.15317928251260415,-1.5865823408474622,5.190268303195001,5.318727185321421,-0.16155812176829087,-3.11487830429599,-1.0638299977461712,-6.168729064705023,1.2688734991533366,0.5487109921675888,1.5514957245951635,0.8643696294188743,-1.31526737575237,-2.9181824695814136,-2.8375352445947364,2.1156455623574217,-3.5035609561509222,-0.26452720722377343,-0.5436332295207489,5.0336110751316525,-3.815326312611532,1.6379802781394446,5.004578867137305,0.17560641407440336,-1.1509780999907147,-1.8518611467472184
3611,-0.8571216965011015,4.252948328724006,1.0295686888956723,-5.18261060030531,-0.8026741598180405,1.5598894390059321,3.193532182941869,-0.6579437662498542,-0.5828060412136251,-2.2130046433016535,-0.7753053401277192,1.0355276079519449,-2.140778025905078,-3.06054724663017,-1.7875954546971826,2.653874947249971,2.0506084677910366,2.284437312192644,-3.064898794548416,3.303706767754516,-3.935604798809022,-0.23513560787499266,-0.15681078972148832,4.088743223198296,-3.3222127097598566,-3.9382497669436383,2.0952558298903625,0.45777842068981744,1.048497467176393,3.6589307589486317
3612,2.4886005735242698,-3.420769849079278,-4.48876301719465,4.821398270478905,-0.6148641075344827,1.2143981298063995,2.2839889525566512,2.330349613518109,0.2171007057722365,-3.066242197071592,-0.5052513754305243,-1.2599456993438878,4.112275039724192,-1.7256431080867642,-0.1719357088144129,-2.6189350463489163,2.8610536518876906,-2.4568148283605726,3.2138424167299107,-2.6534289571966667,3.145185328154316,0.557312452256645,-1.1783564166143172,-3.0845548233310005,4.019681062852847,-2.978329541765671,4.320433935001994,-1.007405096687711,-2.7377130587696357,-1.616667300630123
3613,0.7499336117006532,-4.469961474454678,-2.254257494966179,6.21831050708866,0.6782807462785652,-0.9223058956458701,-3.5634593081870207,1.609927027213061,1.0983794658311004,3.7331564931692753,0.5610834909397084,-3.4390871689651163,1.9551601417040274,4.2261190436647205,-0.4577024662382705,-1.5562925641695688,-0.9454804992357566,-3.221803655723919,1.8534126512860318,-1.6026730336892197,-3.937286028374915,-0.34450153601697675,1.7318297677662997,2.2992181790276724,-3.2872187395025456,1.8543589855961393,-3.072438104950109,-0.4379770988899141,2.1932644927582956,2.7500104649898454
3614,-1.3366440568231095,3.2192411883553724,2.7787530897324793,-2.858972773977346,-0.9842454653737318,-0.8181319819124724,-0.9166495793646554,2.7265892452319953,-0.1686377567174171,0.20415513524817186,-0.5851513267351782,-1.260305717661911,-1.2183846639791422,2.528178498910684,4.08054002324268,-1.1150235764796683,-2.946185617298296,-1.3291246643950476,-3.2198581982219494,0.031165398621565643,-0.2771779865443751,0.7581513154284387,3.185215168483861,-0.4774956977686493,4.290372968955335,1.3302773363509992,-6.15485360461993,-1.0527081716732631,-0.7800843197304363,2.3669957907189954
3615,1.3012791310818237,-0.16036796771879125,-1.0416325969859699,-0.9626356134986018,0.09213765154994613,0.7712193955727695,-0.5097649872574763,-3.4219634224019053,-0.30684418679304226,0.7829646266956978,-0.4465730261103902,3.9021809958681217,-1.5754908275022892,2.0535718019945755,1.7431461360920295,2.161660752815905,-1.657722735288253,-2.7251651281107794,2.2628022684888798,1.563063787598992,-2.1627700196047943,-0.8578011557358671,2.5019004600727133,-3.3071953408210746,-1.5142445335286965,3.6690446884945587,1.5668475971371727,0.14284189659035906,-1.5630116304568524,-2.3014780182348513
3616,-0.7561355495245969,2.482002784780722,4.579637194343338,-6.21541829885355,-0.09073517704814371,0.0006490463034243277,0.6137212138717416,5.682753970384816,-0.17988113780394777,0.03741709050066078,-0.17748405002399004,-5.9765270869282965,2.626338719061529,-3.7016371175421448,1.2341823616321506,-2.3909835207907975,-1.0608850774322747,3.2929846350727345,-3.8277271994077715,2.6336096026385647,1.6369810566674694,0.3624447512760547,0.4321479129179835,-1.237456124093466,-1.1786513648765577,-4.014864576343083,-1.163287170437716,0.3680913339548777,3.3725666049222056,2.616145172781959
3617,0.40082859514685687,1.371707102838684,4.709763963793865,-6.179935945796409,0.33405621457302237,-0.6364199305548386,-1.8327581047878212,-0.37220653093896416,-0.001788404991313719,0.6760028503554416,0.7549605342058499,0.7757896561577731,-0.3451406298354165,3.9179609232789367,-0.8803731298749113,-1.1188507137925505,1.6029642630442318,-3.1765607128190663,5.776601740476561,1.5533110106062047,-1.3602764336405873,-1.208631594282732,0.2894528996422263,-5.050457622802856,2.094127624797867,-0.24716193394879937,-3.87425516102477,0.8649459311101388,0.5516929319714272,0.6106506070958453
3618,1.5411605246842228,-0.966914741847102,2.9102430562866637,-4.843587992645556,-0.563641419927496,1.9227405734504757,0.18059958695956269,0.841950503863174,-0.06646386928603754,0.1932610779853814,-0.30309022347361747,-0.8462570760474897,0.892669835004881,-3.996170524096083,2.4525206346722364,-3.7437682462054536,4.1873238999424025,0.2074244006832462,-0.9820150959887499,-3.088798248405066,1.4679440413669518,0.6457777100122986,1.9923806935468011,-0.03528910053342571,3.5247683197484996,2.0259272070046066,0.23462266052890612,0.23193152762818858,-2.309894823397242,-3.7073548915112635
3619,2.851830992995982,2.7207629702733698,-1.2344838649332104,-2.4904052970567285,0.23755610851340503,-2.085260909791584,1.7772686715832187,-2.459611999113445,-1.0954859759857496,-1.357522555160088,0.9488148014236941,2.1865370572533323,-3.5339977619869547,2.8613296889215576,2.1218062445706423,2.6673977097748818,-1.539565806904534,-2.5769700743743407,3.9358378489289336,-2.531178468112051,-2.952885357957477,0.3949266018344302,1.971653427209997,-0.8183540519049899,-4.004616265672407,-2.0316358643988757,3.7513881420752426,0.831547248866709,0.08130862815426099,1.3720081109767506
3620,1.9852772193375543,-1.6671013230932843,2.309052181161615,-4.591267318132296,-0.06713542598696343,2.0311746667146053,1.6637744786877597,1.3752359674652936,0.10432957274519783,3.1714071290513246,-1.033739231533099,-5.281007916415504,2.417528171172073,1.3523707534758493,-1.4359686595906673,-3.089507295212435,2.482246830538436,-1.726669800382009,-1.2920590632105053,-1.4199257911256886,0.03196037662296192,0.5760079799867839,2.5768858870117537,-0.4728693892864655,2.3391270121123036,-0.2263401645240677,-5.366774187327053,0.19790237948890077,1.8764533541406152,1.1796316061109522
3621,3.2300815786401067,-0.8976193789349267,-2.2616836362222728,1.9928159975625235,-0.9823620781411684,-1.081232482903026,3.665205591792354,-6.159317615309526,-1.1052141517045881,-0.7303385439045442,-0.01940004234610182,4.349064761473386,-3.9425210744716193,2.0881992892940744,0.6897012917023524,2.2726809233554697,-3.8274950790745326,2.719434649195481,1.4327374080303947,-0.9519526195489441,1.903603000209884,1.016338672192644,2.2812796671356743,-5.682006128020824,-0.7773043913502526,0.6845589292800582,5.7593035919601405,1.1624637890290597,-3.145385109520591,-3.6836368093967486
3622,-0.24602658997335602,-2.3331489211942262,5.926463177928248,-0.892942443320667,-0.2872462484870737,-2.167098974951708,0.6493912827428368,2.3456192956110584,0.3900072238235621,0.8367000900261221,0.02057007581433279,-4.242287968016946,-1.808669256159929,2.1094351069680712,2.7883243152802244,-1.95202899822662,2.2429725101158446,-3.3800336779763818,-2.875782233882223,1.194927409890603,3.7842093340988896,0.5047082759863493,-1.229040382171517,-1.3790224039233223,-2.905500594231345,-3.6165551305867076,2.845170050683734,0.13058234039394812,-0.15609200552596647,3.70239533926798
3623,-2.8742418363467124,-4.190205738678852,0.5188965898293212,4.664722216560701,0.22281931102038222,1.6580094576163749,-1.8207865968808825,-3.3291996512001845,-0.11076261623568406,2.438835190841239,-0.06821558427238905,2.890129257748864,-1.6228330055146305,2.2863736014625005,-1.900468009227973,2.978912125165955,-3.9229641551291525,2.1809794432445386,-4.386516009809974,-2.8701259330651148,3.9503767853936154,-1.2252638988539282,1.0885928090106152,3.442936247323562,-2.4717991172120897,-1.1283412171120446,5.390015287019846,0.5991959984765973,-0.44861467961068513,-1.9404562715599702
3624,3.475431147220082,2.4333758441320015,-1.345291401163525,-4.801160429303945,-0.10219199573668702,0.3398368348533083,-2.772366506857079,3.9319723165898424,-0.9641986262991082,2.0649596567474013,1.2343720723984442,-3.4947389125785406,-0.9445239735777236,2.275496775771625,-0.7675434172708293,-3.3769961516040166,4.016744548902722,-1.2031777822205836,4.485277472227782,-1.7238171773589563,-1.5090051209444244,1.0472943366669503,2.8309295014072227,-5.130679011999835,-0.700827008747396,3.500265444829104,1.852718640223248,-0.008329499746692726,-2.6112805234751733,-2.0325470530814034
3625,2.2569547303981103,1.902694036319179,1.3982463231515148,-4.645318150643188,0.09313572527681035,-1.0057126645011927,5.587839910836728,-1.3274205655621358,-0.7866077592123002,-0.34378388688716477,0.868694990744701,-3.9987226899188535,-0.17921051502992924,-3.8950020055769574,1.3456164278453784,3.957323832674735,2.1407130864187707,-3.3694408263308073,-0.1887429121098556,3.2885281798441675,-2.4776362286833997,-0.11936948416988535,1.283331720188169,-1.7861112750704216,-0.17701373076466353,-1.5032095125328198,3.6003487459202823,-0.723985577405486,0.9803397075177855,-2.1764796327334217
3626,3.446961539326608,-4.327074850231,-4.198798867368726,4.860232021742089,-0.81254994420962,1.031230100741908,-1.7901847746202542,2.41132700458261,-0.44647005643885773,1.099955409872173,0.6006380207850768,-1.8752656041797984,-1.5169944373727233,2.086902485882078,-3.659471148701142,2.7733132556766975,3.255047199724544,-2.938797355208253,-5.594819987948949,-1.575612020316548,2.290008527168137,-1.0687659259656397,2.3658352589791996,3.583354148082581,-1.1361928865479705,-2.989663820922001,1.9470640428344446,0.8972719960721411,0.27535152242268524,1.0061691461423976
3627,0.25030986213024065,-0.987469070732633,-3.863243147698313,3.079299941358574,0.8914180350621432,0.6296843798812564,2.9925087044632264,-3.0883167530676268,0.13703916876903754,0.7752437669463355,0.7292504074680988,-1.545725294578105,0.5435799870699363,-1.4415544484851939,-1.7622675998413477,2.3476145756465705,-0.4213116497751166,0.7339391353863682,2.9282916569404875,-3.2850718881957786,-0.9265988610001479,-0.29952669645506713,2.0385497844926874,-0.45564399578337955,2.8395915397214786,-3.551269992862199,-0.02480225831818217,0.0980509204604445,0.3399057005036923,0.29852409049646234
3628,-0.43912166180520273,1.8018425645941214,-2.6476926428555245,2.361064310953342,0.13383169080789026,-1.2099242616932973,0.2768033522260964,-2.430323704053304,-0.06345561321488802,-2.033195556384989,-1.2469533086668614,5.497124830094894,-0.3539036275203884,0.9126949477050204,-0.031509421569811735,3.7863409241734978,-3.008626567227777,-1.3049962555593382,-4.138440415927885,-1.3525395540785965,1.2860254533344815,0.25191566841369895,1.4688898848770453,2.4841489633800364,-2.7270949453014524,3.5699866030290117,-3.4400038489279225,0.3964492637026229,2.13214503798973,0.06851788950971205
3629,2.453664249973233,1.1436714189730708,-2.1721532586682955,-0.46647214632274014,-0.41343537150472787,-0.5452748924492461,-1.9056718459111117,-2.7031837177247695,0.7474955419017313,2.446924680496661,-0.8965877791565928,2.311023120395024,3.9258669049634776,-0.2995121887699099,-4.034994557119495,2.2470363030722744,-0.5787340373610164,-1.2596624247841213,3.117550221239071,-2.8128477026389156,-3.166618783056798,-0.9195448380258,-2.4378991354458286,6.219360237927049,1.7334622954638164,-0.4538895530560012,2.545400054595092,0.573787210798856,-1.8715152730520082,-2.5272447347480345
3630,-1.7590114165460697,4.616898489887621,1.5452182099970244,-2.3707354763215918,-0.8291463034131055,-1.2032235036025796,-1.2646655702903473,1.7560106954142611,0.26636631318715676,-3.0720442030331565,0.4984668709573441,1.8158658937657144,1.6794295963697152,0.004020405603945676,1.8798833791617717,1.231834586068672,-1.218105668657051,-3.5770622985458242,-2.536760214031368,-2.193906151241105,-1.3303522498959026,0.9439023128448039,-0.2076260138016064,5.324742316123981,-2.0560545640392007,-0.26198259832320403,4.91443415979095,1.0037718142180125,-0.40635503498729264,-3.193813776657553
3631,2.8350634279587297,-3.6176202436428646,-4.668368091493928,4.438362154785384,-0.22965607274109434,1.2422188251351098,-3.545049368730748,3.4413636906415803,0.8671989295457472,1.2244629198941261,0.26143961908378444,-2.2494157904335026,3.024936734864184,-3.12790979034299,0.9262753720613794,2.080944665080356,0.30930853913691436,-3.213555520798634,-5.725462096853917,3.104674787963571,-0.6457805017697797,0.7942021918342386,0.5755375266360723,1.896828092188617,0.6061191111166018,-1.3155214897980478,5.641023123947306,-0.22398083868478125,-2.1999834085851155,-2.507656497994237
3632,-2.781981989140224,5.573413947393021,-3.5128229331572918,2.421458339015942,-0.1229640206234448,-1.577103343486666,-3.220498346713086,-4.1824480218563025,1.0586140454400548,1.2986625466275967,0.40129610561256346,4.644373670890168,-1.9243395580096916,3.998296009302255,0.17075565035577256,0.6737357060012279,-2.999599394475018,0.08115158682662837,0.7053456903897519,3.1985079192965884,-1.9513497099486994,-1.1041867727867736,-0.4729991078461673,-0.37531801910587603,-4.986340444250379,4.343807196346678,0.27620569389826954,0.633003817446717,3.1579753325348285,-3.4246515959743515
3633,0.6135561631515234,0.6133233628648398,-2.167291079441892,1.3540214424586274,0.9200862582210059,-1.3336961472527662,0.5130075527353313,3.8139067924496537,-0.9710450736032064,1.0915511016034074,-0.9341470804408871,-3.5132732927432855,1.8586319380651126,-3.6719587082389307,2.9909023617855404,0.7708123335385331,-0.8214953350329992,-1.1268925901161335,-0.7599042640272593,2.7750523643448552,0.45782745651845147,0.8234190591461212,-2.880244201064478,-0.4161504149188531,2.4231898150203506,-0.017587736820381394,-4.684913401825437,-0.09091505325896332,3.4220768004360806,-1.0518504235498547
3634,-1.8778345652156965,1.4576381122330382,-3.7556026271480363,3.8383400492322224,0.7676116137732576,-0.4301525828734434,-2.8796540159717523,3.260967167600878,-0.30958689208399726,3.6581123998685854,0.008425738108448044,-3.7382643975211423,2.960519303625233,4.111476845955114,1.4029964179554568,-3.395317648107893,-3.763228564522697,-1.3164463549041,-3.169293050295721,-1.3534297196729064,0.5938489390435322,-0.4465110239023753,0.35802858161764206,4.017356273208673,4.505432428226317,4.656458142590203,-3.479950882605916,1.1392584011841764,-3.3377739240584603,-3.4834241653345064
3635,3.333928056586899,-1.9781918575989152,5.350390360098562,-5.241067913637242,-0.6043430543679262,-0.8607155910800373,-3.9761373834571643,0.1535331167866012,-0.10980037828836409,3.397070962006026,0.22720643480072145,0.30812724815320536,3.6432290805407668,-0.8487568884217929,-1.269151111395038,-2.5821328682623044,1.0745581665879698,-0.01774637904851062,-1.9376440007911278,-0.09856972315697377,-0.7600527917345765,0.19944110740611265,-2.930002452294307,5.526827860569718,-3.823263210435261,3.698176083994607,5.627948119787035,-0.32372074008767093,-1.715724115327074,-3.46341613792983
3636,-3.3008217085506217,-4.574568387672315,5.292514434835187,1.1162302867095342,-0.8164885625926861,2.283133937272231,4.7688985365621654,3.0360642452651945,0.4694437302614407,-2.2397353255919548,-0.5314420790128365,-5.503229107482969,3.2922114783951955,-0.8329067287436089,-0.15203742364250417,-3.258217441825554,1.318495388786264,-0.367545272968659,-3.6611549310157905,0.24692704197451754,-0.992967512351747,1.0514934472080473,-1.389137152824505,4.744839107008332,-3.9389813416055226,1.0384300134848736,2.5389885968700483,0.49271174641429294,-3.288347730431699,3.1571987152698107
3637,2.2563903384221646,-2.0183591867142,2.1023778626718226,-3.3987238223601146,0.2822387488497311,0.7760760591318991,3.0401772642436597,-4.3066454549533155,-0.33802641092756947,1.7515035027967336,-0.31494093711144,0.16793203595298323,0.7250879910836403,-3.478470225441768,-3.513421665770359,2.550791436959173,1.986981509628425,1.7290309535420256,-3.6728375863165965,-3.0513160575177434,3.0394516484583356,-0.9377439137885881,1.5181648820289855,3.1042810271344905,3.3363292084065073,-0.7127532124929878,-0.10233852895487772,-0.9360669597382474,1.9938931620602567,-3.57906366927884
3638,1.08002863819814,1.8339310356344356,-0.6816676147282408,-0.523212593039279,0.38945471711983437,-2.098534183183564,2.097531804514162,-2.113577318645504,1.0330633992431677,2.9230752961710635,-0.8515162475239535,-3.088576933757878,0.1234308668191808,2.5538601276747634,-0.7513641431949551,0.03639922801198381,1.711147942707104,-3.6734740220169826,2.0697179200694364,-2.9263372707109365,2.8325725916561915,-0.6697333847717006,-0.6089521109150695,-0.6972677453290217,-0.274895271386292,-0.9996409532180763,2.0210749490344107,-0.08889865516800644,0.9468534320641417,-1.604493501324372
3639,2.4906273002234265,0.36502434015272556,-1.433257627968203,-1.2693732989392217,-0.3630840117036196,0.21006329823620717,-5.5766499168879555,5.811699462704134,-0.305840687318363,0.1982207002536196,1.0348704326958842,-1.1622999914462433,1.6014615135936054,0.4394073212195728,1.736862280755517,-0.9569291179846999,-3.7894463679657537,0.9686443703828331,-2.600282487947574,0.6892894679192612,2.5208158376103036,0.10433640509140396,-2.8756862620811976,2.161527039406703,-2.2283273578546847,4.293198362534383,-2.076594120733585,-1.2155161472661051,0.21896906670802885,1.0082701966137861
3640,-2.216175023898101,4.291388230739464,-2.721836815193587,-0.1534913355024763,-0.6902713572119423,1.490386301067959,1.9088320493894173,-5.918941108440883,-0.5545865053529697,-2.238460206947245,1.124232687417031,5.678923083935722,0.49632097130526276,-0.8208964833642334,-1.4344678829590798,4.154140535976918,-0.10903567192032071,-2.2860614690374987,-2.9010261202860654,2.772027589553936,1.138363849179104,-0.6896422465486021,2.469189859205942,-2.7889129311054432,-0.8760919336865172,-0.6276769956557438,5.053330712671059,-0.13463818088396806,-3.6871247569043994,0.2722011544613814
3641,0.8718472029154398,3.4165701761526677,-1.901606136899204,-1.3128420318745206,0.5032341940306866,-1.5772034043237362,1.8086983324583983,4.4616123532853535,-1.171782513145704,-0.8483669509567875,1.0319051461831457,-5.282066367823315,0.5365986245251548,-1.9897186818853196,0.8820883747352717,2.8335466204573834,0.8839481346716411,-3.146463072503069,6.099711241955074,-2.108432375548377,-3.4142477717990953,-0.9548603722305486,-0.9469933622828588,1.3248226399046814,-0.20095362773772152,0.28826650717529745,1.4415880507414407,-0.4740972012508422,-1.7243822673578428,0.6695785384314554
3642,-0.7957635012734023,5.431213850916105,-3.032845070447511,-0.38404660229204524,0.24135383187228854,-1.459912508774135,4.747659306802689,3.789475705970066,0.5659954097809594,-2.1464136976252224,-0.712821591725235,-6.243895133202194,-4.1235597612694725,1.2947268968037946,0.36185622602714673,-2.0815064918063904,2.68024575504068,1.8682373752052897,-1.5983240720313816,-0.4764841949512242,0.21205016002651433,0.8501854668730715,-3.1753781564885895,4.187950796570497,-3.6046734446260267,3.305831768364598,1.3866901035574806,0.6856474427580741,0.33234533748382944,-2.1058412075361694
3643,3.5026712086988,0.7323181699497425,-5.069468875408337,0.9604715829239368,-0.07777459699310496,-0.04821748916977775,-3.5256945250010148,2.515434250038169,0.6443067336266557,-0.9721574801037125,-0.047382223890516606,1.3854932453314817,2.782497507636762,-0.09241497573441393,-1.6206669922620112,-3.590499447968254,-0.6278648728197211,3.1489487811487287,-0.09909479682167799,3.482786513185811,3.48959762845465,-0.6086274765377295,-0.8681126476862957,-5.396549220595876,1.1307333621093925,1.1028063839012354,-4.968783156331408,0.4954094899219452,3.3524568688040723,-1.1126229484034251
3644,-0.5281123364394507,1.7855338160247562,-3.3056188548891825,0.42967156889375957,-0.6240036571710903,2.2425294635824713,-4.445010122307867,0.24950669551052584,-0.035339631161734886,3.3419005315241606,0.368120717285116,0.520821809150867,-1.474782137465299,0.15433305040981082,3.791647640994917,3.057225581948291,-2.2979625119719476,-3.2304616239146835,-2.7700886329681396,0.6350154054873318,2.2870638628032687,1.0047936422212844,1.4558603123177587,-2.612644589862665,-1.1760904429970793,-3.877920388356859,4.491265817830033,-0.6861558403439121,3.4098257027955015,-2.160924848925868
3645,-1.29176292295036,-5.478971159795915,0.3806455992663764,4.3203546967985105,0.8486073600215382,1.221126426661101,3.6327700053264316,-5.078581741192782,0.7033466826344084,-1.4991719412259865,-0.7949895818204897,3.0366265762795237,2.3303921378858874,-3.041246047516516,0.9651413920420211,1.002511120412649,-0.6672761876808693,-0.5895224151420848,-2.749285211717581,-0.7017083774024169,-1.4093529626080628,-0.6670641354141251,1.0402642347343658,4.487146452406673,1.3275029366811602,0.2635756504585238,-4.180077364452753,0.05067192196087067,2.946229537470927,-0.40790268211692116
3646,2.874110722247444,2.0654875161105792,-2.0863063751096647,-5.135072847399364,0.047133334231082014,2.2346476499211647,-2.184156798372044,4.421078053339979,-1.2346113225139788,-1.1977434624666614,0.14923373494272862,0.04619979507109662,-1.9305444244395638,3.380176476603957,2.2712972009847476,-1.8079355571077258,0.2601669204899366,-2.17316061653022,3.9573291808356323,0.062353447031009424,-0.25406441336830277,-0.699452844310172,-0.3193722931097618,-2.7467930770795164,-1.8333753930945953,3.7521324583969182,0.7488861571016052,-0.043647477349172625,-0.47344684691396743,-2.150548898138984
3647,-3.152364990148019,-0.8897089356933208,-0.6606829592392032,5.814805646524434,0.7041236476649395,-1.8161724091076046,4.2336547768964685,-2.1835700145160075,0.3499692819561053,2.746613452052692,-1.0510359793241495,-4.095631517064014,3.635851667829936,-1.3706576996641928,1.176756964743472,3.0541790254463344,-2.786032486404549,-3.710097471949883,-2.0223516589474038,0.5833154071992741,0.834865378367251,-0.3850848181971074,-0.6808395130507545,1.670095204627664,-0.5920095732820023,-3.9949239921107775,4.169978087461423,0.3422809766187047,-2.3687766219653774,2.4434511232798357
3648,1.6164372112722099,-1.6076758261084585,-2.244649651545892,0.38187232475399213,-0.505411917116505,2.3594278587459137,-3.9519441185360087,4.184176271602887,0.13787092239150223,-1.260437030060487,-0.0802826618967103,0.9706166164999139,2.3591869466021116,2.6966873259482895,2.7745584956728635,-2.380549998230734,-3.4965825808298963,-1.9533001891615172,5.441292782016493,1.7857013281075158,-0.39916862964752653,-0.8070981461270073,0.16781513109722468,-6.188542465447796,0.7693449709209688,-0.6285342145323405,3.9736350774336593,0.7796903398666597,-2.1564582827784218,-2.737677890908701
3649,-3.2446294751319087,5.005374235912271,-0.39327688609272826,-3.8429805396580896,0.7416662568145562,1.7338464081571558,-2.6644020437765867,5.4774884192848745,-0.9517575854490463,-0.305141504792358,-1.0318902443808735,-0.5242970408849104,-1.1002496495772771,-4.111243902684311,-0.8579173461693124,-1.8470668617713297,4.2048513826182194,3.7116263775851372,-2.8989836966365274,3.1800760366905614,-2.025423781322825,0.5055259211645362,-2.6096721278051547,3.848477647908304,2.7979420322928874,-4.357648595396922,0.2256936693832401,1.0165050138846556,-2.41131924432149,2.7288271241594515
3650,1.7087124623247938,2.1528420707319995,-4.509523870907156,1.1589425329346383,-0.7816127149186265,0.2706395198356528,1.4752239677559764,-2.8177544654836097,-0.4177697791790269,3.540790462658883,-0.11644895727916715,-1.66404122847198,1.7995377597546742,-1.1519663026972573,-0.20048283675667022,0.3710286748743883,-1.4508934889588794,0.6327761937849186,-3.5824363958861625,3.161748655353499,1.990001197754875,0.5321692474961175,-2.503922154845988,0.4024394501265576,3.821610186712352,0.411815214979697,-2.0969747856003877,-0.7669377333831111,-2.233575647551108,0.8640627648443786
3651,-0.7405009790775061,3.843372784892477,-3.019615346311202,-0.8118741888448753,-0.05583379835296509,0.7844515276953814,0.02792943001000836,-5.6762552814981575,0.5176064938895122,0.19077054214233158,1.1513544715972515,3.788594343860119,-0.9121799188877091,0.8778131617851592,-1.1495727988072932,0.34710010956903403,-2.162595185579409,2.9994346319213676,2.05364753306457,-2.7020526866411387,0.042382814242824196,0.044137233228856765,-1.7598746369800846,2.321759743083863,0.778943905478684,-4.535646721366939,5.389072851629642,-0.4619546660877418,0.3706059105159305,-1.5410212801677332
3652,1.7900073957120206,-0.4828352752227154,-5.540692876537921,3.240260432854001,-0.904733086145906,1.8979934093418152,3.7838478227351366,1.7660093023156662,-0.2150907305960077,-3.211034533449034,0.7557159267815328,-2.8794477877862334,-3.1712760456144196,3.9190054695864234,-1.0169437621463011,-4.002175550590449,0.9024858298803409,3.3689040588855477,-0.23910912095906056,2.329584976892061,3.2967314751355445,-1.123095317572313,-2.8930059705935918,-1.3711060429037474,2.4647450023342614,-1.207913783763992,-1.1002574184627605,-1.1522018531327252,1.799370858620179,-0.8037428055930782
3653,0.8501007196737298,5.318536178025209,-1.8978286770217494,-3.5485814274025564,0.43624784383578463,-1.158474637109121,-2.7321858111476267,3.127728671759293,0.5024823297677754,-2.8126121333770726,-0.8015227270916547,2.7161096700903364,0.8380563833449557,0.4599215595189001,0.843867644320774,3.6804220881319054,-3.7054806322978244,-2.11678704301759,-5.026012800533959,3.388194928986646,3.8780359393659865,0.8753962178211596,3.185207197774158,-6.300821483415042,-0.49638691517478506,-0.46194519344662766,-5.305989212180766,0.3251983190264296,2.789245860398097,3.149877141379555
3654,-1.2001499177701493,4.950173066244972,-2.842970817942817,-0.6648221797895637,-0.05916406992558487,-0.1830660808156015,0.523403516010351,0.7789973324899897,0.9064290591451751,3.2086987406542704,-0.7660247105706688,-4.651503937728027,3.7116079018260173,-1.9777855873287606,-3.965404684362774,4.040344209118533,-4.078967742798294,2.270205903546433,-3.9895309459446366,1.5514794603523416,3.3829602068521467,0.18250344857368006,0.6439570372635153,-1.7713692070981004,2.3870639848140875,-3.07385537211659,-2.548229471913494,0.415706693268147,1.8852053278389427,0.9341088381107898
3655,-0.023006087375069484,5.435729765790057,-3.017325606220947,-0.36638593091996796,0.03716611570692496,-2.066178256979751,-4.958159544775118,-1.0643782860077486,-0.9868390823314446,1.2136988343440116,-0.22920267009958373,6.024880748870942,-0.80182277292867,-2.145989815835696,0.8897089702312897,1.902659823576343,-2.37578915662154,2.5312329515794225,-4.484199030905941,-0.8874551038116145,-2.9012758509417935,-0.49697457335033945,2.213814976615284,6.556089582393376,1.1017508454100167,-2.7996956635796444,1.6124924879349258,-1.1417414415960532,2.1321311862566823,-0.9049374144240563
3656,-2.7668958078994894,3.839694112320288,-0.09486336361827696,-1.7138938085483986,-0.8897421444537543,1.625701012200878,-4.417847521603321,1.3672235761884295,0.699591405307781,0.4268888830754456,0.784270172223847,1.1398734848088772,1.3398128728456022,-1.8844080151754312,-1.9265988935820353,0.6893393644510759,-1.125566288941096,2.907420960403048,2.718077596380372,1.4853454609199304,3.124618825335329,0.7926989327970455,-1.4709266476379863,-6.649814167795707,4.611267640804023,-0.872782113455898,-1.314322964890998,0.7086507657320933,0.08154227964541505,-3.214355607832765
3657,1.5219517184350373,4.381720544937462,-2.761211334659965,-1.1390918720743244,0.4838173916448216,-2.487186448281774,-4.434419545132414,5.376899075159727,-1.0449311004867687,0.5641378612467367,-0.06724812395615931,-0.3944381668300565,3.971395911641835,2.819214631782195,-4.1633121815038905,-1.2474684089617813,-0.5137059411598415,-0.8661240117973712,5.960487043178549,-0.9580731694516551,-2.051691988918849,-1.2217940654760442,-2.745976556005788,1.0170487366727627,-1.5645754538929175,-1.30286759751354,1.7981327070589543,0.6783755744899427,1.001039819564351,-0.6101050497049307
3658,2.967216561398793,1.1211031768544046,-5.2306806912635615,2.840520150658257,-0.08199868757785023,-1.6161605100688057,0.2237994874246816,3.577398430397359,0.8571097635646119,-3.164278036928865,-0.8403125943664573,-0.6537170500902718,2.76528918343487,-0.9937052116593925,-3.826644700776317,-0.4229255344750946,0.819918997323267,1.6580672661538074,4.741679987727572,-1.5354841264888766,-1.550706137406948,-0.16431424205871625,-3.1941441381907367,1.7029686564166617,3.7571868364119823,0.8429202551772264,1.566819364955908,0.1168310203991263,-3.3642930308104457,-2.9194644461318973
3659,-2.208630229677267,1.8195235993408048,2.3585004795219753,0.2547859078296746,-0.5678448176592767,-1.656334939354661,1.3122221136911918,-0.9769363811180689,-0.3270000959547996,1.457288781474741,-0.07632679496023886,-1.3892476231317694,-0.2066000357093607,-2.86708724333522,3.5040484526275684,-0.0902213519341366,2.9157998243050898,-3.255939645952804,1.2986161624518964,2.6577653290795737,-2.4783150635271802,0.32085016698300617,-1.0369234042111142,-0.7619931907772113,-3.865093929235684,3.9903799085313025,-3.074420820276437,-0.18225898105973126,2.075048391762831,1.0563454302796096
3660,3.360959166920985,-4.403546925347879,-3.426849805730786,2.913316204651231,0.13027721333206044,1.4258441461756561,4.3035245200158485,-1.2017001352821666,1.1319100947338319,-1.6115940750252822,-0.004487091607822791,-2.6176533128333475,-0.9745488773438638,0.41472416622088915,-4.180792153408605,0.7503684024854422,4.032244543204033,-0.04199608115675879,2.9226309544479143,0.04740936938456031,-0.7976295142369718,-0.024281396260564136,0.3060030622461909,-2.4541324755821456,0.369916104769036,3.553890688254466,2.617282073993266,-0.362724857854273,-2.6547276857182425,-3.523636323442375
3661,0.8439509139713284,-3.5712950945246966,-2.6114481412455284,5.947966478935754,-0.795197557217227,0.18602340008166607,-2.3391412703998036,5.817258840930872,-1.1738618819995819,-2.4672491932931777,-1.0221324529156401,1.1851259576784052,-0.7742598955551081,-0.7007045489761801,2.526377391058819,3.508583786225607,-2.028066883258454,-2.531929849493526,4.084851036532591,1.212135465081733,2.7326198263143375,0.27184306356371746,-3.1863564984365844,-5.115092893056815,2.7915516952326342,0.21786043990071136,1.0881753260239826,-0.5821541592333617,-3.5487255819049484,0.03329227998286299
3662,-2.7088501631870336,1.8147281888264928,1.4223412096127852,-0.5953455131077448,0.9211154340510372,-0.8539891561942081,2.8142441725972986,-1.5551696777101078,1.0709044852831902,2.0714695327725607,-1.1758598060999255,-3.225588706841897,-3.509255723154059,-3.808088003777298,3.4298618210666945,0.4026065642671526,1.142638407804906,2.3422369337937567,-4.461961963886019,3.4180777211615982,1.7033933251598512,0.08973503173447206,-0.04699378126977116,-0.7022503329011585,0.07209211070287225,0.602846524852815,3.6613774323810233,-1.1283654810190051,-3.511708084661377,0.30375749774558436
3663,0.17148636670512296,-2.0435711708777227,0.0551810622906288,1.8509306430715213,-0.5031511141123257,0.4691242129241058,-0.6589724739193485,2.3313301866935987,-0.9448700940557719,0.8124868396936336,-0.6469428916620501,-0.8930315667489737,3.3373187881783792,-1.461030590653241,2.9638794334080636,-0.23896473726053102,-3.6186732262387338,-0.9825296674327717,-5.066794293202129,-1.4690203053597042,2.7989359605814776,0.13037776432982717,1.367188870904469,2.239312002744999,-1.9587813986878224,0.7928835262233491,0.11428994920633784,-0.41759477529373257,0.28124765188271006,1.1879550466710498
3664,-0.20821187734815538,5.01156300282117,-1.112009006897697,-5.332434058796512,0.749348053584018,0.8917438866385226,0.7606923402869512,0.7770642199071283,-0.13641558704411239,-3.7059725604747165,0.8436069542531941,1.4610246330726326,0.18556678459901121,4.106007356950936,1.1446388897928834,-2.989535154311646,-0.9168524590067406,-1.529825418023277,-4.251099611278029,2.3285187144587773,0.712873342191731,-1.0166755329575161,0.49630737727968643,1.730075710304284,-3.261677305168252,-4.530123111877838,6.081036886645389,-0.11315633726711738,-1.380733130298701,3.2046529979683775
3665,1.9334481310745275,-1.4979953875316738,-3.4914648730006625,5.2802670358374435,-0.4864183418742587,-1.7378365645040326,-0.6037193139605712,-3.7898144411728403,-1.101352276131272,2.9350575258386336,0.39110307979902537,2.1687254256280966,-2.3902938911031324,1.731438265333498,-2.9505013320388382,-1.950911196235829,4.12399141397167,1.4362767400738008,5.986795297905626,3.128450225432225,-3.776546138875421,1.0382261979186627,0.3274901695862642,-6.704415751968423,-4.197289194521071,0.5168682227692898,5.260981582873679,0.05017717087436502,-0.6023013452819619,-1.0284364367124574
3666,0.5161775326082267,0.4016655083570271,-3.732629028962375,3.083404552284115,-0.06029745285918331,-0.20832111142645005,-2.6858797489427175,-3.0157340371291745,-1.2460401378436479,3.342833041481075,0.5685434401503464,3.0362774422851793,-0.5557317179798922,-0.5423285649078693,1.8180438202286275,-0.35768789003176593,-3.5606098665976873,3.1983142192897738,-3.4070894069064046,1.906283564508362,1.0235134764667606,-0.11099849908173631,1.3539262187034158,-0.7656353536914864,-3.4592360683580665,0.13695921006172895,3.509616063814061,0.6389653013355456,1.3759966297872062,-2.2023011366386314
3667,1.0016836184910396,-0.14913156367322955,3.8811848043327544,-3.260074572238672,0.5058765981388618,-1.9795388850493811,-3.08327199115762,-1.9395996602692236,0.8808536234822641,3.2222279104810525,0.5102356725300892,0.4095544449344857,1.652794637612562,-0.333241803841851,-1.8462234056481623,-1.2417171798607036,0.9910327685946072,0.7773549831447397,4.414459351452823,0.4241643033504747,-2.2102331263923904,1.1477945870838724,-2.5335481787201246,-1.2426369367757175,4.30600768927712,-2.1348321991062136,0.6282648043248287,0.46583318865079626,-2.760731668814161,-0.504541814330528
3668,1.9370883168961264,-3.6651122207981714,-5.436584725350581,5.541837220898536,-0.016371966731958842,1.639143375087416,3.778885081565239,0.9586809110987176,-1.146570261379555,-2.0134532183369185,0.2591611268320939,-1.836703639778559,-2.367981452476542,-1.7433890220609918,-1.806572199993358,2.4997636647847656,0.5113098950141044,2.906869114733194,2.9096550361542484,-0.5323666805043068,2.0934104274835867,-0.9218235242547905,-0.9127564084101198,-2.636118850469664,-3.1347563809981267,-4.231434803391485,4.452662142640602,0.7547750579674126,-1.402097424455592,3.5608514082390244
3669,3.1393530861286933,-2.0830706765159803,-0.3943952494107492,-1.5013200273615226,0.03548940133907008,0.8039434658218472,2.6694483972210676,-2.7468626696451324,-0.7336091493881005,1.0017408915554142,-0.08051334337286598,-0.11020412636938204,-3.6789737660968065,-0.71291693966716,1.5825654770569884,0.2803450629179771,1.8985380922717816,0.63044207351839,4.679696210734917,-0.4778107189569809,-3.40116694286222,-1.019446250959263,-0.5106058223859389,0.7293335244284052,4.834175302613943,-2.879495966186415,1.9197066800861649,-0.021450034963319986,-2.952598645979828,-0.9003373355686737
3670,-1.2160838797739935,2.272897349925856,3.693191916263654,-5.350242517995937,0.32976267709916396,0.2704744544825637,-5.677263843574124,2.2573158327653786,0.43083653180008596,3.1667507474471748,-0.9817820742888124,0.8041428058512601,2.670085381065295,-2.1815789633735054,3.743962515327585,-0.45798186719191136,-2.0799517989208773,-1.694535266905417,-4.973504289345751,1.0570310937198641,1.587741961917029,-0.6003182195496501,2.0940473994783932,0.8350020537790428,1.8840254845710973,-4.434185140340674,-0.5815176510929057,0.16740352767340827,1.2812850062773933,1.682988772913525
3671,-0.08340261081638367,-4.429605758895207,4.2312750037327405,1.2905055282800042,0.6008359083190027,-1.6096080706188474,1.3964792900712375,3.647045722166002,0.7431181050130737,0.6281513784763888,-1.1854884898146554,-5.2293060059110985,2.812916358356741,1.5350047993727216,1.0183192870379223,-2.9834751304314047,-3.7056866590370454,1.322921344702202,2.741026317393711,-1.8905400692769518,2.604433425874145,1.0790741006009483,0.7896045672202661,-5.323598341813227,2.387306152752295,1.7089275398657549,1.1091724606754312,0.11035597726974977,-3.498095246558165,-1.8176668840032235
3672,-2.6578578123090075,4.172398748180548,-3.8667117086370517,4.42807212545117,0.41950237686185776,-2.495403729546192,-0.15534639602580924,1.325809606830699,1.0322834290101763,0.5165798203488663,-0.22959158497873045,-2.4897348751842543,2.7304219626633106,-1.8884597727978836,0.13956162809931527,-2.85520859413303,-0.23155860453057997,2.105243380700017,5.5883211844698515,-0.8415393393961814,-2.122486905190618,0.15274823466740184,0.4223699835813193,-3.1994131581329057,2.548414238144872,-1.629306365784629,-2.2373559407909482,-0.5410792735396681,-1.272679795006086,3.132007136978306
3673,2.061186104969167,1.2998132215755689,-2.506934994468484,-0.7024713699978022,-0.9388467564595293,0.7872537943823872,-4.175397348348131,5.538812119737031,-0.44912735068326004,-0.7272147164730356,0.31784491923694347,-0.5049176234686072,2.043040594504596,-0.34283874562961003,-3.4267904910158205,-1.0746017260401928,0.6565936814658819,2.14459668671633,2.597481655904133,-3.364898020027187,-0.2071183519483455,-0.3500145814308935,-3.0664452451313995,4.390994542632544,-2.708031912275448,1.9640966292998883,-2.7002350091279688,0.3213618378134555,0.8031894780918964,2.319618976200019
3674,3.263807958737175,2.7906519525106646,-5.782433633667317,-0.20292737366147762,0.6810813770693289,-0.7501802809870775,-3.080436152586561,3.7189525238979186,1.2121665695796935,1.3233077678874743,0.4646188613906901,-3.63860957016826,-3.324865921943987,-0.3315350740134875,-1.707734858816016,4.072357433283894,3.4853162207673343,-2.1935377992765694,3.0587366035900985,-1.415278172112691,1.5868017660924636,0.6607138187340054,-1.3903386046022241,-2.5006354117027776,3.6842948895713974,-1.5579801216177493,1.427773445436852,-1.0704799277098735,-3.6042248335385665,1.1206165478597931
3675,0.4260267410080747,2.9677827003952757,0.6394570596540916,-2.6635881522278737,-0.29577366962118234,-1.073904679207061,4.402988089071844,-5.696240259435445,0.6173257658770428,-0.7813153326050521,-0.8087610778071452,2.2660028148996965,-3.500697714432759,2.4262653626768476,0.17470087789573796,1.4268054749761134,3.07576541932416,-3.602839420438949,1.622935988104821,1.775795774081347,-2.8837703087255857,-0.4123353935950149,-2.6116870499979274,2.5090609901312106,-2.5745407169848207,1.7313012381724882,-2.859345318876649,0.47434765430796944,3.2639766569108026,-0.03573951352790772
3676,0.4114747330696975,-1.0077562295642863,5.690849532392949,-3.761388406317078,-0.6704637765553867,-0.6627158530245403,-1.7985524427991635,-3.922999929974889,0.054021097933903306,1.9887727278921865,-0.006066568482349766,3.6848251154312237,3.0370105356830948,0.904722828434835,-0.722076041814578,-1.3634192107406626,-0.7742966099723851,-1.0819415015891352,-4.7708186139788005,2.3636254890791086,2.475612188220399,0.8114555947021707,2.9693447546123366,-3.8492194126363692,1.7186074294575846,-1.5083354399275528,2.471571798940957,0.48255191602226155,-0.28285734500492055,-2.881538359486443
3677,1.0499418596124848,1.4099660682349437,-5.02261947075128,1.884469009406132,-0.12769303288053835,0.8059355663796453,3.324344559783121,-0.06272701932400437,0.5467181083762753,-0.7723237817766186,0.5066316114477587,-3.542643478505603,0.8502734090712885,-0.5052032483688649,2.014995954527233,-3.9307955975805697,-1.5851681713518335,3.155897653703935,0.7885354995543068,-2.616639513511924,-2.3168006942901815,-0.8307737921531411,1.0085424195201949,3.967136080879566,1.9192112533280365,-4.466695224849127,5.126176983663214,0.7712126857529524,-1.9714243995454872,-1.3784812983477153
3678,3.3332628887459954,-2.3182543653027032,-5.236686535321152,6.13587171930833,-0.22443014247724813,-1.689763564951841,1.3253707188834234,-5.120888614022171,0.8687470575259244,2.4308748634159016,0.9466477484982683,-0.45075177430041435,-1.265011179171351,3.189906668393043,-0.05621227038376375,0.670797892150766,-1.7269055705355747,-0.812575540451931,-1.6241843976959025,-1.346801324865547,-0.31358104466101366,-0.6060653431084289,-0.7768968123940496,4.667528922723758,-1.7506254396420644,3.8402550762526992,-2.672200820862166,-0.012833186600484048,0.27356060340639665,0.32184376744746324
3679,0.5521669994218357,-1.9940119961535423,-1.947644135410421,1.3849215415055127,0.9222883240195716,1.082279266618409,3.57601764680793,-0.8497200670021634,0.14127324882290004,-3.1089905524955093,-1.0278088479083984,1.2692285717761607,3.2991075842536475,-0.2025590690008805,-0.03529777723831273,3.34478568217677,-3.460737209439067,-2.9452992107509655,4.147840443192706,0.3077774453966384,-2.193010048674191,-0.17065220897288835,3.0485263647158796,-5.140481995659293,-2.6020851498707387,3.616003423477988,-1.5419591068933336,-0.8030614392991193,0.5745575669316736,0.7565447056553758
3680,0.3731861565163026,-0.6617923282094793,0.12318924529868269,0.23992573553870855,-0.09847972887740086,0.02397091973457144,1.6870160118455146,-5.111353043995766,1.1480282120472918,2.497780868464922,1.2012129981728634,-1.422685046533914,-4.136492184733349,1.1559226088930323,-2.8466773443454976,1.71261229148163,1.7781639454767344,2.3364706832286295,5.5546833731586815,-0.14829022203291942,-2.1748913205697544,0.3355884116310177,2.817785052836035,-6.384875295024191,-2.679375616249576,-1.975419493637233,2.4152198306954844,-0.46690817286028263,2.597433153278782,0.10905029877467776
3681,2.031115253372988,0.22535194457342556,4.139152167343767,-4.499426845346459,-0.8146896111238906,-1.081502908818445,0.25596832220313814,-1.3202362490428214,0.6846039332499751,-0.15968806438262995,-0.41775449666783615,0.9571065546411113,1.5806204230118723,0.03089966692537871,-1.6795249129851761,-1.040113119691684,-0.2136273224554408,1.3217452651962063,0.9473961439937924,-1.319978098561922,1.7246559530469483,-1.241276786651563,2.8228819472162137,-2.9336791590445905,-2.4156432863620267,-0.27393491381725,1.3046647532803952,-1.1761417910001102,3.1113665517004208,-0.5503113137995861
3682,-0.7828324090765282,-1.2020125296111708,3.2565267927649373,-0.10710451298886525,0.546859333180004,-1.7114366742670093,0.526601484079336,0.6746425898652184,0.053955061324294284,0.934628867849618,-0.9067565309146977,-1.2830714722028596,-0.2536832400122968,3.0525504087021176,1.2605152972203904,-0.3596121447355287,-3.4935338425980653,-0.2062364785754749,0.45635067375262395,1.6868844457204943,2.2329700911168224,-0.17713885861360357,-0.22992422497287457,-3.9691421270046057,-4.106842037651852,-0.6038131099368975,1.987135828491759,-1.0306251108637507,1.5697031551577467,2.184441274804847
3683,2.3353170732253474,3.6260202461068793,-4.7590932693503945,-3.1182958441218815,-0.3541293764594642,2.270181170600873,-1.118909920002615,0.2950328371466533,0.37916415807154724,1.6823231939698573,1.0831995753270647,-2.3208098445116043,1.6424436567288367,0.6763488954448285,3.5861022097691766,-2.960685013470693,-1.5480342133940823,-1.3961755350769405,-1.5646271911108727,-0.24922516556587837,-3.103153125005395,-0.22567685764762402,-1.0636312409845896,6.206313580313193,-3.439488324045932,0.49127521116445294,4.9311847212808715,-0.989495913526147,-1.8830356740038514,0.889559979132466
3684,-3.7254579695573184,5.377766518651981,-2.908602428936657,0.7232513799251521,0.34451271333401,0.18852978658419595,-1.884398184038357,5.367959692721293,-0.5129803056000188,-1.9306439212602378,-0.16251149213994598,-0.8774257896818227,-0.8881493205583659,0.23632640671973704,0.3740573271302665,2.2425041719088803,-1.4363453155444361,-0.5283932696549822,3.133633467232407,-0.7102238281077682,3.7194121518438408,-0.672659843867768,0.7934616941057904,-6.263623641207669,-0.2965723950380834,-1.5090902847140129,3.792711707427781,-0.5247084825414454,-1.8181180811278423,0.35577753599547
3685,1.022630911490488,0.40002116547698563,1.1725163314251148,-1.050373471190614,0.5573962519955602,-2.102191189196162,-4.94127612903759,2.611175773016189,-0.05087234542216734,2.56161691873778,-0.6620243256015268,0.4813801083082332,-1.4537935166865186,-3.927005842073312,-1.5576918027348956,3.1541577671062484,0.6319505140442203,3.1523828803453853,-3.464592515959904,0.13814768665154276,-2.4028294522769365,-0.028944572290626525,2.107531761978212,3.6506870918965753,-0.4273323988794999,-1.9083742514523685,2.0246605309800643,-0.007981891511042782,3.69349467058451,-3.3744666597198023
3686,2.406736987394801,-2.981657691119292,1.4076576991681407,-2.81957412343084,-0.3284578220469905,2.3152949500355504,-0.1775006948437472,1.833490357197153,-0.7503408875684601,1.0827671363500606,-1.1051238279386233,-0.8832920831954638,-3.916140386761569,3.3796958722270745,-0.6103017659156436,-0.9512380975060886,0.6320396649038287,1.4659447130535206,-0.8228064138579043,2.94118226451004,-2.7186780065962957,0.9113784530235485,2.513110844026137,-2.8241871411066874,-0.03180048298689542,-2.857100574066049,0.6670928722062079,1.0793084142470004,1.2629783624594069,-0.12047859185782883
3687,2.59215273967736,-4.806711833195138,-1.653019223369565,1.8757529729232019,0.19113669725476434,1.80068864671075,1.8473174999609157,-5.173947516707159,-0.1761009324165519,2.2081216033055746,-0.660222051528641,1.954831397386755,0.24598129742290809,-1.4627163675007058,2.48059093105158,-4.242369449053523,3.4218547441318634,-0.4433411560509999,-3.755355120778109,-2.1613042146920165,0.7296862322987607,-0.3578679978543855,1.1655571704640266,4.3792839305605575,-3.690436274690338,0.9892669074438665,4.818103929130011,-0.4282793818642938,1.8716407064975193,-3.560295886514899
3688,2.057383411054829,-5.411113770592568,-2.2618530173432845,2.784419168996738,0.33750277983648225,2.4936614280491334,4.676298883004179,-6.138404950273472,0.16033647333692524,-1.751740208589048,0.3977886411931175,2.6557211613291862,-0.7261347140397696,-3.649671444223344,0.07922699654687904,3.2780082579826804,1.799873527567616,-0.7813026238329197,-4.170119505202386,-0.4736324614558072,3.8950210729968973,0.5038961238815549,-2.470070663911642,2.714905433690216,-4.490130116251402,4.549160074805219,4.693537398838181,0.035113301774497785,-3.3366956159454126,-1.4509850432191982
3689,1.1536981117006775,-2.3498727091350844,-0.25832102212280006,0.8297080349450958,-0.20602464583730296,0.8308122304507624,2.787633278998296,-0.6732217721968965,0.46619916685219565,-1.080219821365782,1.0287839685385567,-2.5291748208254994,1.168207339749344,-1.2372196371005728,-0.19050353832331268,2.3840972476120292,-1.3629552831992626,-0.7616261287370438,-3.2662951514157292,1.194258403096839,0.7759442291312766,-0.5731674086419938,-1.839746901905345,3.7090068297337524,1.4507731124982826,-3.3653705939403444,0.04460508553793474,0.14679452299916118,-1.9616395806916351,3.6848374535984725
3690,-2.496316053686014,0.33082490420808597,0.3446150233033798,-0.043241885419156745,0.24048687057802676,1.6236311410170217,2.53815204592847,-1.6649636212908767,0.10856278230574201,-3.6417557270586975,-0.8596818330670262,3.5196863531832427,-1.2698918228759482,2.9236264613253837,2.3232310984508615,-3.168078562151571,1.0142568303558868,-1.8231440051034404,0.2912435187855742,1.0585599036783968,-3.9712159929970365,-0.4695774101323149,-0.31029895341894864,3.4012889340831514,0.23274973108756214,0.2008090591050582,-3.3197162254396986,-0.8341585417650954,1.6032226154266453,2.1170933615873757
3691,-0.6430113654158216,4.499868069322389,1.549680844832615,-6.085957286668457,-0.8678474301601962,1.5472671680907837,-5.280887678414317,2.0595126608913574,-1.086559713431614,-1.2886210300850198,1.0569251837469302,4.539630577293497,4.237379050052798,0.5993193933726317,1.5823563623811232,-4.086975079529466,-3.8911165047218965,1.559036778445975,-5.116142260958128,0.6566822553663876,3.6129273667858293,1.0699460911135183,2.7458865162941013,-2.9692999686029005,0.06737785821926323,0.7338062563258418,-3.879726789374999,0.7601971247286139,1.9470026145008816,0.3713429356022466
3692,3.624805629143289,-3.3552965843347593,5.938266858447101,-3.482910519935995,-0.2383836471634324,-2.486481736154868,3.7328588091362036,-1.2232664429194067,-0.6135865956657138,1.5959316046625815,-0.7024049000547485,-2.7895324751580794,-1.4266947316243677,1.0470818173609011,0.1420893432914312,-1.1788783282551787,-0.6582013906382898,2.0746032898666833,0.6063839935683113,0.5562695982622046,-3.0095719669839927,-0.4512733421550639,3.063193501962587,-0.7650017846552721,-4.151969214147163,4.288498145165757,0.2502371950181974,-0.01638770862227279,-2.6432969315723014,2.2729185141596275
3693,1.9587557721574917,-3.4509733613058238,-1.6285625169433828,5.37612414528061,-0.02287076444716596,-2.2324732747403875,2.0461597538141554,2.9569473456454674,-1.1838806705150806,0.8446122608521183,0.23332985223069613,-4.89716854202651,-1.030205690256782,-1.34286217703065,-1.5634224831745112,0.01681772651217983,1.048960940567003,2.8707116833839343,-0.8889746346884664,3.0314516982430106,3.765568935898507,0.33022581079437163,-2.600294099682829,-3.637977710565792,4.503506594882992,-1.3978447632689672,-2.803117972328714,0.7676494321997076,-3.351638176592745,2.2814448851095435
3694,-1.6262813547907626,5.347482796085039,-0.7912437990420074,-1.5183659082964631,-0.5322463439879528,-0.8793453899665007,0.11886134070516263,4.908846165717598,-1.1942039308412467,1.4739474505415444,-0.2591847577956612,-5.048266268326547,-2.0722043217265256,-2.119653928565384,-3.7100806584962385,1.5223420102707408,3.7376738929782434,2.6419230055403524,3.8830978372184966,-1.7159162798753975,-1.3014846288134923,-0.38262158412727576,-1.885411755772889,1.4023364113693795,-0.4206053451562042,3.8866138551552147,-1.2339521770363682,1.0593802090784807,-1.8739186525415388,-1.4175178894977432
3695,-3.5429028610669153,3.8292633351354297,2.77889978140983,-1.5116742801464902,0.2844440607075738,-1.8380300360381234,-1.42086868721902,0.28955933059186734,0.051149037061093416,0.7959937517495081,-0.6614159861094118,0.9455825539268297,-0.11545423966787993,-2.5436062418811947,-1.150215223308921,1.1489079377849336,0.5284745377608928,2.131893229313331,-2.013281390334029,-1.8997117442812232,-1.9097894499416412,0.0761596100775579,-0.7297150080021702,6.476337982480281,0.4740195956202413,3.3193421805439733,-2.2711054183912047,-0.548230418554799,2.004613233866081,-2.978639173082474
3696,0.20887718843366265,2.977770823053987,3.0637341152429194,-4.6985399021139465,0.32491433440916584,-1.876756559024475,-3.8764162070054233,-0.5462991221706268,-0.05860069130425227,0.8043040428272281,0.7005483127563963,2.976463664897558,0.016200647439468696,3.015268216810586,-3.06602179512781,-0.2516178295700726,-0.4277888883216363,0.7139596487705901,3.8563376129166365,3.384568701032844,-0.4684787635077665,-0.7004428734460859,-0.2661977343511239,-5.805786942645707,-2.5711379803489685,-1.3496643339959853,3.482470309348571,0.5524626144360179,1.1285884903433718,-1.2427190997812012
3697,-2.8157962592492716,-0.9590891233372503,1.2576653858489983,4.500986651439462,-0.37305647296639766,-1.6107101817342286,-6.175878207378041,3.3988609574434356,-0.5410237785807626,2.854112766833648,0.34316237049214315,0.1207658911905014,4.179557895801032,0.3514060937000423,-3.14515457491777,-0.456305965842958,-1.4309216829102205,0.5014182341710001,-0.6332672334617904,0.8941684817271227,0.027164686605129162,-0.23787203108735522,1.9184413074765772,-1.96863521126091,-0.5170050678741873,0.8371091657951091,-1.009391934215646,-0.4455259002669374,-1.5797722336975966,2.714585970261041
3698,-1.586831078465048,4.848478460542978,-0.4819622536044825,-1.438888883903772,-0.5882403618856553,-0.7525558826827101,-3.8124006010695233,0.269346275182464,0.08828744513492115,-1.1054723913794575,-0.05265602606739783,4.612895298199927,2.208339402088079,0.9070834112723958,1.4625106622232806,0.29640450213134883,-1.6828261615022342,-3.1915118162117153,3.30121127062608,1.3992452595458538,-0.6339987997439955,-1.0524699618867248,1.1678079373646852,-4.181795705907131,-1.2969646478281796,-1.3352821187754316,3.1351070137517283,0.6964156350676687,0.05862775279924115,-1.2579036350132107
3699,0.06046472678473691,-2.335032059709569,2.3723367245054483,0.5789938507307397,0.5187357371067574,-1.1954989794168007,1.722948204724755,-4.55607329492096,-0.5896318246143482,-0.4027906226919704,-0.6313215935688659,4.45686913107231,-0.8265473896026023,-4.249627382054335,2.6055351969114042,0.43005000213170774,1.542679775539387,0.4979097970755948,2.7190649133724776,-0.4109780610911731,3.107642550047668,-1.1639324586270767,-1.8520774062313414,-2.399719537471764,0.3847203653191613,-1.4561282274120018,-4.201250152542823,1.0086710772917575,2.5009352023657456,1.7630517349799852
3700,2.3576168307219625,-3.225725363766287,-2.002841979653809,1.0925974979801651,-0.23185744276130604,2.010210457480593,-5.702835110353515,1.5130871548792655,-0.4383494743931706,-1.951519994291342,0.4543388631973482,6.125278560962364,3.814756830943267,-0.07622638538594728,-2.751607238282622,0.5081835056962625,-1.3737545839316443,-0.12135212903815606,-0.7803717238147065,2.340470702499836,-1.6925310328543333,-1.1908123660794905,2.783664561394085,-1.4604201411465887,3.8353998957612347,-0.8425979514008688,-3.7919217800368443,-0.23861564643843547,3.3002715054045844,-2.262536023287838
3701,3.287672069639882,-3.4541666638081594,4.4562754280317485,-2.2931375192556445,0.05300582566533718,-2.0496491402717982,-4.024869064003926,2.1032074542455597,-0.19483964936218268,-1.0601116044694425,-0.9845390454556444,4.161151909046584,3.6598028242686134,-0.56316534435501,-0.9188031744311616,3.279523282395676,-1.8851568415673867,-3.5722007463095373,4.222420735183036,-3.314201707013634,-1.9333036999123117,-0.4516282159131899,-1.9025193575774981,3.379232245232412,4.142286505699957,0.20469775510721888,-2.001234661471134,0.17798596623028473,0.5902894555250366,-3.1140250210895264
3702,-3.4981912113546656,1.5995379483305534,2.145807239866283,1.5279953030315312,0.2692708716557801,-2.044420151528124,1.6324395209797302,-1.1040145108991268,-1.0628670710049226,-3.2080328648477465,-0.7439777635153435,4.486452689288338,0.9714337088584308,2.1838633142139443,3.400449049256025,-2.791862587359457,-2.144025811453485,-1.619857673514261,-3.378758107115921,-0.7665400790798831,0.9263668104284228,-1.125626336302055,-0.9864386906632951,5.330996402731557,-4.004205247054516,4.307935386264365,1.8293184797886788,-0.8664285284205961,-1.4002127839125933,0.13359269333652612
3703,3.46609199818986,-4.12817611620968,-0.2534002602828309,3.5881064548784423,-0.571643769858698,-2.1009783067157413,5.848591114312427,-1.4151407661834803,-0.766227463372056,1.1509086202149028,0.8786061609179807,-5.696737665888843,1.9719133185316764,-1.4796618843995386,-3.227350879312972,2.5662929213942114,0.14064863902725477,0.02815788476056902,-5.43593580403256,1.125272860618992,-3.886916844103709,1.0612061932873758,1.9073445206142488,5.22902907361447,-2.8467204975247746,1.2641549442491566,-0.2602467632845702,-1.0484897045705863,1.680538514177531,1.2107635069550966
3704,-3.3560900241045655,-0.12167616929255587,0.4211567173503994,3.0550889532164724,-0.76154823759477,0.7630687604263819,-1.9233061322118736,-4.256886814299797,0.6966617775582806,0.35519960117254,0.5475977589293946,4.580733808852397,-0.07914470155180808,2.5693633055300964,-0.1032072355698439,3.141446274177383,-3.916198467119843,-1.6122591754648141,1.6933307882752473,-0.4694603949396594,-0.9504512252907134,0.6460983326606318,3.1417098037026925,-4.0612273044093925,0.938035035028669,3.556705545629484,-0.6584732789087688,-0.24423681412092524,-2.3524926294995137,-1.2395378581271093
3705,-1.5276304328918204,-2.722623835362466,3.65961511838092,2.7154169798544885,-0.7851981346603838,-1.3395796953193688,-0.04473435887793542,2.4741896469221203,-0.02766359423094933,-1.3550447222100566,1.2484374710001358,-2.2951844426024124,3.732571871866643,4.2443788975530445,-3.8452154301158874,-4.007295086905486,3.042740684387578,-3.167180936784712,-2.874533190951734,-0.10745892797759282,3.155669423653677,0.40000145994835634,-0.7103744296968433,0.1366956650229163,-0.353144589918319,2.6641232317282473,-0.9662360121178288,0.76405446596661,-2.025546688033936,-0.08325040762293767
3706,2.6930828721480395,-5.343925416623428,0.7102972720830465,0.9191354613666043,-0.6586628998755049,1.6800727109025662,0.8044758509516328,4.437591794369336,-0.5182740354987043,-1.7240671757840147,0.5057549201005962,-3.505481354137931,-2.6995356401358066,-3.672700701919828,-1.5694310553226725,2.7799816182176578,2.537324292945371,2.6243614862164577,0.4992249704443381,-2.210312604653021,3.5486933890036845,0.978363945382009,-2.9651952672689177,0.1492255670907099,-0.21223260903638064,-1.3107209756315008,5.577095417316038,0.12255320769079336,-2.115913691181804,-2.060781349155288
3707,-1.6975304257478658,2.3178013727670965,-0.6145305370512588,-1.3835032267062957,-0.5714198725957638,1.9491826893354265,-1.987315945450142,-0.9834619039836312,-1.1584900857368616,0.47647902728046,-1.1047090234908774,4.757497931381959,2.0015046797140705,0.23630836411587453,-1.9124760949554798,-1.5979687027644776,-0.8412504583034632,2.113882212194646,-2.7024537426298956,3.1908817165404706,-1.3860374164420612,-0.5970333488188659,2.542847568726442,-1.0482047773772862,-1.022225127552943,2.3348552281592276,-5.296805798787794,-0.9411411151197644,1.3363082196572407,3.5890085936458576
3708,0.32200345784674056,4.380381049682551,-5.962606093970965,0.12981406722672517,0.05721700445946798,1.0731905147568224,0.9015947132268778,-6.24777509088705,-0.4572416359246505,1.376541797987656,-0.8466355347360128,5.273515750334088,0.7584863605309202,2.761846055092807,-2.819926113845206,2.7375057233889315,-3.28040992176264,-0.157502103403651,-4.432097150248335,0.5950393317429405,0.8587500913718706,-0.6309802910026701,-2.2550741930504508,5.864362211185423,1.1187950014879426,1.716294482078581,3.4054001036975627,0.17174053920976284,-3.049126968283007,-3.363103158189002
3709,3.3982369297298725,-1.1062326604019503,0.5764970566122578,-4.163630674171127,0.4430017121449432,0.8521276360873458,-5.539659652259147,-1.212871883801352,-0.21414782471272353,0.9624164165812719,0.056612117793408245,5.947650826399467,-1.698573913215295,3.6011379452061476,4.093611274233009,-2.7023953388420097,-0.9062346182382299,-2.387545349142499,2.651545839964669,-2.6745916584566096,0.6229096009301784,-1.0891751244694294,1.94301524475107,-1.4537039027211165,1.9662414370461043,-3.8130444223288578,1.238849177522603,-0.5966907437706155,3.0598254026151714,-1.855180851082583
3710,3.3959315965420913,1.154914684148551,2.8499240357299023,-5.142556907035292,0.13949628524492663,-2.397709694628829,0.3325072541238008,2.16441110241632,-0.3197644847201966,-0.8521135754931652,-1.1437675581698246,-0.18127273815602862,3.5222421259759606,-1.727687029382194,-3.203287001790379,-0.7726850970858976,2.7430552187853436,-0.5616382165017004,4.103823275598732,-2.9847667678577725,1.578932944647562,-0.14419490494395237,-1.043324232685885,-1.510470314759928,-2.0164879837087746,0.8289653478321597,-2.40503703586333,-0.784985715331171,1.489554168877266,2.8879912181957117
3711,3.5200515109610677,1.741822291922908,-5.465957519561815,-0.15422981379641243,-0.09375085923195026,0.4520643897075374,1.3326802003363376,-2.159532695685673,-0.802184460668351,1.714444260028884,1.1141052388532913,-1.199512542863598,2.4431324512616364,-1.1455076004676918,-0.8913469130756155,-3.9753239326536303,0.5295851041937354,3.039460890742685,-0.7065044835412522,-2.543030397228881,-0.018680868388083027,-1.0419154592125244,-2.013454173937914,6.323585382307414,1.643629148219901,-3.6729539944869423,-3.884156119636515,-0.9142850716081119,3.258503223334923,3.569262814178586
3712,3.1857532807124826,-1.410159523930556,-2.916075215414992,1.242636915538533,-0.2369172547315983,0.13476179782747622,1.8388413254393754,-4.017117656223551,-0.38654683436626236,-0.07428046332116267,1.0471877863919836,1.591915842080521,-1.8746667719643604,2.587458716255828,1.3107945169217636,-2.968306563316954,1.6362465601778382,-0.6915264580729996,-4.274805301592469,-2.1125610041697698,2.549860758955063,-0.18586082462819142,0.7125687616049134,3.3107976098292227,0.01673958250389873,1.0116660134532864,-5.1621648303942,0.0879787945219741,2.0463290172033837,1.9994514227135127
3713,-2.468917696885452,1.929049434656669,4.5958667696458875,-6.058581829877511,0.50225641376759,1.5003269086941629,-2.1114348990076515,3.454503391967201,1.1195668459833952,1.6968123913732143,-0.8202640655473328,-3.339183664767898,-1.2747753720527601,-1.9492028069725595,1.4132126770757374,-3.3737294946664775,2.1304000260444056,3.054094970572798,2.643485970974325,-1.8770408725315164,-2.830604930670855,1.1535062806120528,-0.14747718776559893,1.0581307393803598,3.664205617760352,-2.1722592941032097,-2.07284047900772,-0.31161645201256505,-2.3608833790430523,3.253393986408085
3714,-0.6655123082704186,-2.473469426440431,2.047383657494624,3.1902663543585845,-0.6740316993618718,-1.4246365777791468,-4.714440816884782,1.2161676665266228,0.9222198021641788,-0.4680940152493793,-0.3981711826042922,3.442318546048593,1.4102923470274504,-2.3316058841345075,2.8320997994707717,-1.8289638443301097,-1.3000755035124545,1.2182530854799865,-5.46155139829791,3.2443337907050136,2.4052736193651576,0.47349380998656176,1.4081050992869528,-2.069654921047004,3.232390498667332,-3.440785528538143,4.731723700528189,-0.698107160885316,-2.365224008598817,-1.459997501171344
3715,2.1303372541441554,0.4590960050749757,-4.535570775475616,2.27898816971161,0.9365303813909014,-1.2693810348446881,1.291184374888612,-1.7403900472544578,0.42464200103539707,2.4404585339009017,-0.9786711978101863,-1.437223664759376,-2.5821636641886787,-1.2973115981121062,3.9796862400256643,-1.8689325806331372,2.5301260856579937,-0.7614044827486044,-5.144771839957137,0.14507789522248515,3.034568590466975,0.7632025422097897,-0.4257296645407038,1.627652476597305,2.3907326217768166,-4.505629047422598,-0.800200114933709,0.8729347808348349,3.616695487293086,-1.574533727546516
3716,1.4847295523848487,-2.4594599239926325,-1.648577922953045,1.981047536713458,-0.590005150926245,1.2322659087749503,0.4129422665155431,-1.654259753542668,-0.3977114158551407,-1.0418527656771293,0.00813540099112231,2.67274626756916,-1.9277517113618803,3.326052649884595,-0.20610762685165795,0.9084713480685167,0.480416699967126,-2.5810813597055553,4.93431397053282,-2.8559649037748738,0.24469776471950766,-0.11952054658300781,2.2386859223458355,-4.442212207241553,-0.483020132628031,2.286447964143779,1.9653334754482152,0.17944452446630876,-2.013001514404152,-1.935204317024148
3717,3.149351091069107,3.8501283312912804,-2.979180301061305,-5.379874357291044,0.7566745172944351,0.6029007186988338,-1.102379400143029,-0.7151644840981319,0.6096586528336356,3.277081575086104,-0.24726755885872542,-1.8219287848189296,-4.1520915835776915,1.3850426647313618,2.4806523886649927,-0.7968953103017142,3.284737299142975,-2.2014454586588226,-0.4115451491816735,1.471475166912823,3.0526775813685596,0.3142471809805958,0.4319035373405953,-4.858758317422183,-4.567548177027884,0.9674119037001461,4.391090759323028,-0.8758918156775923,3.6270334864762184,-3.542096156791944
3718,-3.0540097829481443,-0.5813016563135278,3.2674373151307208,2.7773343800331105,-0.9337832079213733,-1.475677047979465,3.3647585255345476,-4.614905589216566,0.3864515723670001,-1.6376429487288036,-0.12670699708070732,2.6280454371254507,-1.3488615896897045,1.4702371253511188,3.3559770754498857,-2.529988057517601,0.9636374538807537,-1.9110020074733427,-1.4700660421215375,2.5024175842582075,2.7036003157962547,-0.4480645091238076,0.7431148805827856,-4.031002229393206,1.1727755886708415,-0.30236167162060923,-4.572346309023743,1.1563523538827152,1.2763335886493188,1.2692464494434397
3719,-0.5832740573223756,3.6226085922382794,2.098776909901936,-5.433633306686179,0.5810853735735297,-0.2855635117038542,5.631270827152708,-3.7718621633459826,-0.16457771352503858,0.7324988194124522,-0.888043662628176,-1.5392861070650135,-2.541040313489363,3.4736120326826665,-3.8690469189111862,3.9674493051771833,0.07897390239005375,-1.1099480078482404,-4.78764888035867,-0.5563558950669805,-1.8226685492975037,0.08361261799317177,2.5315652836956204,4.551495423033085,-0.39763993535937203,-4.5959749854583265,-0.3027701264253331,0.8133812823733777,3.0971657122863263,1.3858380525852958
3720,3.3577514316440933,-4.686416355777421,3.4764436786074455,-2.9131324285411893,-0.08024595980334359,0.8455996338717693,-3.3505632293296195,1.9955713492004996,-0.22379609002739098,-0.6822348999006884,-0.7686168628700685,3.029639732928203,2.3627553882806147,3.810151001368343,2.0322653196958242,-1.0989393035366355,-4.2412520585567535,-2.864980347250288,-1.4013258122495778,1.970921991333194,-0.45994075502890475,-0.893189473256033,0.9337378872694,-0.1502038380693307,1.6148073610426685,-3.73078254373592,-1.3267287492280175,-0.36802728448049393,1.445194561491963,2.3655366549117574
3721,0.5820580503998052,-4.452060698605166,-0.5286622985377107,3.8134580409356538,-0.23604652416087135,0.8212534299696443,1.888395633834321,0.41000382048911277,1.2172265202788015,1.0082173740844809,1.0820055925096073,-5.605848941195376,-4.006620217643386,3.578636165035441,-0.5805040987989365,1.0866506925928938,-2.2308586081049775,2.1526960669200506,-4.679434546318262,-0.9294309688815741,2.1354953608306673,1.0545460397845314,2.5205228404877342,-0.10169872590433826,-0.1619202476039021,-3.3254386774201556,4.82225004128469,-0.4265991955892918,-2.408623179553288,1.5003312588838895
3722,-0.7724874286280343,-2.835549873812173,4.2475712043252685,-3.8358090226483874,0.7484335497798575,2.4478415709848242,2.951475735663653,0.507134171111062,-0.5879705354924454,1.2371181140470924,-0.38474355547558226,-3.7230139298528435,0.42595346763198805,1.111108458731195,-2.1544799075098595,0.8467269058668059,2.516381699479904,-2.745690624198957,3.1674108946924484,-3.3384630780785844,0.659833272307047,1.2215539061420477,3.183871550541056,-4.894206545605272,0.055983625469181675,3.959093667725412,-6.133558715906414,1.2437728226165872,2.9250530984569707,-2.0503444983597863
3723,3.211113489504946,5.179762476936215,-5.610354206344738,-2.9736752197156733,-0.9232150231137597,1.1163684827343516,5.096896044718871,2.1175391034564583,-0.37624642569505085,-2.314656507701539,0.8170305374272671,-5.3405627522050665,0.8452214318102413,-1.9945525927406607,-2.256817978603033,0.42913000719104843,-0.2405459291986496,3.2175650615421745,5.096003089788024,-0.797762294701716,2.2692919493979673,-0.8350179080690401,-0.9489227753042382,-4.783592061112305,-0.23271551345616004,0.14684682641694735,0.7135648123303362,0.24175046303683967,-1.7422538872974247,0.8728072989714111
3724,3.431591912003615,3.743386422584212,-2.8176006638917492,-2.3340282142593267,0.04714932877842326,-2.070498785213802,-5.758502818036256,2.702989703392049,1.2265004703900253,-2.7138506471051436,0.24204061340698946,4.300822677953253,-2.03519918447828,1.4610278446290756,3.2746909810610916,-3.3228218108040757,-0.10103084337051627,0.7233330129638222,-0.4440391664513612,-1.1867679693419877,1.5750000622137783,-1.2163034401178252,-1.2758007080382718,2.5479112217343562,1.4306444212702694,3.5013978616385195,0.13897122165440834,-1.0678690333543113,-0.630036536700139,-3.373107934506791
3725,1.792898154281989,-5.171094390771895,-0.9244004927162202,4.063035307398305,-0.6807154645521378,0.9202768863613411,4.13492154235259,-0.2689453698160449,-1.11808031621399,-2.9991477949369596,0.5767993912371105,-0.32554745262175544,2.915992765522759,0.13621333762754873,4.080878556037931,-1.86655802685004,-1.8598883907467325,-3.406638241590361,-2.2653032277371175,-0.5926816574129372,-2.7846615647755257,0.93762213494756,-0.8411646558592487,5.546188970835971,-2.793365829538306,0.5327569381250044,1.4413704800407423,-0.15940288819335713,-0.37190334415900494,1.3505446437268809
3726,0.8077704070098637,-2.3065305779393768,1.3723118274155013,-1.7183727357137784,-0.24613495852680267,2.0909560377559533,1.1501033156029052,-0.5914514252753662,-0.07143254564663692,1.5859449289602061,0.8927761321383949,-2.9659404057785466,-0.46003922881043735,-3.4434859488428664,2.685069901840013,1.6522433243468377,-0.7361844131175417,0.302396364585098,-2.3802061301419464,1.1344583455362702,1.954372069474644,-0.4661549683932904,3.067443375331699,-3.309912691808666,-3.1780239034822166,0.07626611065010636,0.7235190872119581,0.8308588910759687,2.5008181137464938,-0.9534382992003554
3727,2.5575339594031234,-4.126049937592683,4.83894099276489,-5.750806892274831,0.1686887536619528,2.31169312403887,-3.1089535374143438,-3.8420273387230672,0.640185820832258,2.230693943082688,-0.11932852790379123,4.199429640127196,3.015776871644505,3.245776928250393,-4.089028105132957,1.5597394340038946,-2.3180419601243685,-1.4142231686403441,3.027577739585201,2.2377455974162643,-3.9110423613167207,-0.784545548501212,1.1915152708596146,-1.7612506980444635,-0.12892179248329327,-1.388779633577144,2.0789885060997264,-1.030327834244528,0.669699979546543,-0.20065922533935776
3728,0.12824909238368853,-5.6074792452278714,5.08289758239038,1.7800989984359674,-0.18993245203129017,-1.1938339759495644,-6.088364907870659,0.8847580100062125,0.564619106744896,1.930914564923814,-0.4137647418520283,3.121837968048677,2.9225245949557177,-2.028910530700557,-1.118511538189372,2.91563811707751,-1.5986266211520217,-1.0921140219901844,-3.530769488826099,0.33343709438699065,-1.5302411222640604,0.784063170374707,-1.3055711088953181,5.249081455222466,-0.05984877323621163,-4.761072983234877,0.4282752667858212,0.18893674802441218,0.9524805486721988,3.251229192990614
3729,0.3209705799725757,4.900296116519488,1.1568884576733964,-5.402754233746059,-0.12694999072973068,-0.8484509296883687,-4.719065176025108,-3.6705692659227758,0.22564487496667684,3.2053072221109353,-0.3309613227588786,5.289643667630063,0.5254559654784039,-0.7612065970365087,0.27630178237588154,-3.1631179649894,2.6419106828447454,0.4806561313279776,1.771125603632047,-0.72278129900727,2.482187185847099,0.0800023257313951,0.9777393567706838,-4.588273172975253,-2.364594303459235,-4.897767896051219,5.2099974216738545,-0.8298950632188111,-0.6828774127493862,3.5651372538067285
3730,1.586561890451602,3.0073422021925147,-3.4225351043774097,-0.48297747011397263,-0.46876548647016314,-0.21962603168127437,6.212965362205406,-4.132985569627383,0.6090443115474296,-3.6704603546411363,-0.4243539615552052,1.4057902120718282,0.26933284642880295,3.0257771038662824,-1.6103932054435486,2.8660254003665777,-1.2067960429549025,-3.3439461022621195,-3.858139155135479,0.9769014873384432,2.8038828825435544,0.7227961292172136,-1.701569882501591,1.0561285385365728,-3.4585238714419866,1.463505275964497,6.188659693245722,-1.024972398292726,-1.5550114140816476,-1.613657285391934
3731,2.0922494923486425,0.4128206413263733,-4.83811161781507,1.2047672330678907,-0.8394339348196425,1.967708185893125,4.411809287272746,-3.9647712636649395,-0.2445096742161823,2.162234337189961,0.32765871958358517,-2.692421406164236,-1.1239671364724764,3.509943323318126,0.7349601705956594,1.1858586887027194,-1.5698135992729583,-2.7369814468699687,-0.8314394087793318,1.822427302593665,0.5128891077996975,0.0686882864419891,2.878897458353128,-4.4514627464104315,3.0548757919756326,-2.82298705014151,3.5251510784215796,0.13795857104348208,-3.2514355184982815,-0.6435628727989684
3732,-0.13605428153640275,-4.822461721783675,5.816776366229849,-0.8826781177884264,-0.34777267030777503,0.37219042518776924,4.179228585520168,0.8487989813743617,0.13151148733804163,-2.8779825221437694,0.8789111846490076,-3.160467716736914,-4.063868504261794,0.3059098162976994,3.6692637632647056,1.7734361459858299,-1.684951023748713,0.0002098024633685469,-0.36909981829062133,-1.2067470733910284,-3.2403439268244263,-0.21799084269752456,0.19751293792094238,4.836668723281374,-4.40429677306123,-1.4815469204922245,3.128972786432751,0.9415530351335564,2.4596950982004557,-0.6443772262113363
3733,1.76986189752364,2.6381545761730614,0.8334000503868921,-2.7110356120821457,-0.2365188347567342,-2.2938620772433325,1.0166095036080378,0.9483263175646925,-0.34246443857131403,-2.0843038456893552,0.40905615803250583,0.05277630505626618,-0.22331853587205686,2.444526185393908,-3.6221309739790097,0.19090908350543145,-2.2584372005571076,3.4684514415099095,-4.585344525850267,1.9962159131049866,-3.2640444761999454,0.20475191555449435,0.787837582862533,4.8605835905269394,-2.1202198243797525,1.0062486454058366,-0.6620737975630284,-1.2428008690040544,2.3770415557241478,0.641804289818781
3734,1.8247569633078093,-5.308113678657417,4.223549301503198,0.20417435359815173,0.1944377617155575,-1.1388047014659257,3.114945833923503,-3.6623731348529347,-0.8410595011312427,-3.3903307110944976,-0.9019214767303279,5.680738989886287,-1.2056811635007687,-3.3607666025698233,1.546668073253219,0.1522459118129369,4.046967958954429,-1.179434177948906,0.8065524534486244,-1.2381884236053722,-1.3006912779139306,-0.9162981343240979,-0.45488983775479497,3.103515220148303,4.788908031579364,4.894294617631132,-5.831467748223162,-1.198734026880293,-1.9204034565355013,-0.7325974175696555
3735,1.4082144236237362,1.496706525037066,-2.9156713107169807,0.48790525181690825,-0.658137043768575,0.1809821540092056,-1.9281646277874955,4.136173656676576,-0.7234477369436361,0.45358800391601584,0.8578256650977529,-2.7959749609584534,1.4351123723262162,-1.723047866910525,-2.6323689813266657,-3.97816669062189,3.727392491580652,3.171078674953282,-4.335424678484163,-0.9035176252943273,3.4962653940506847,0.283354635992751,-1.5192803833576338,2.9786026570914537,-2.886930334011687,0.661876841349919,-0.2090115804286512,-0.32077182445148456,1.829213161358446,0.925623736185365
3736,3.0148895583098927,-2.0546023049755497,-5.6549393137245865,2.8654083570942745,0.7412302479062358,1.0880134553911116,-1.937621625508882,1.9039043870828287,-0.2046044767987496,-0.4499205749282442,0.6603152794236689,0.027927010730106616,-0.5600456486902843,-0.8140025493829626,-3.3970293549500603,2.371028143899345,0.421360322240826,1.9786890868841986,3.1163096080670236,1.3328478146621414,0.5123335003895519,1.1577398199672295,-2.193527675332909,-3.9257030677542737,1.2433608707894201,4.020234729776789,-1.1287042032640997,-0.36026027886319145,-1.2619367520124918,-2.512694366424485
3737,0.9028188255475964,-0.7142585199406355,-4.859402392162529,5.0214175866067166,0.015012326084428373,-0.36558782613418117,-0.2197242345205055,5.315072677941629,-0.1819757523452079,-3.581649970542335,-0.30305010735907256,-1.0286726131737574,-2.8901516419217117,0.4781541540354439,-2.2351027871384233,-1.2621558878891186,4.182042559745856,1.7272136031690337,0.9310625629527536,1.8252967751448743,-0.7805909724679445,0.41935069211896714,-2.57267282642543,0.1775537686755051,-3.847985636942507,-1.858863998893728,5.433629819798025,-0.12039875831041158,3.5546956978414137,-3.1610771234908075
3738,-2.9617957639889028,0.5359374984620651,-0.9501516380284478,5.016385367387034,-0.8593261319733916,-0.7810493318569378,5.0101072068569685,2.2228089247569542,-0.6649666749046679,-2.8270755447793174,0.6231385747518052,-4.36401248668103,-1.0429048538232575,2.9744131143442516,-1.4322430864286062,-2.173208431600644,-1.380426336727016,3.054369594236398,0.7740416072581269,-0.33339769182857815,-3.1108972252820113,0.16548795865079136,0.5272972688773461,1.9774680823230675,-0.5791583072084592,-0.8971493892208677,1.4370446519997984,-0.6094421232462572,-0.4123624039875029,1.0610675716652764
3739,1.3921439781563123,-5.485280003705597,4.523394955168737,-1.4190101102303814,0.9655213531567943,0.023229827455539365,1.5317114266477887,-3.3614626168303587,0.981997787151605,-2.0316209221436505,-0.742875633679045,3.6222499588543897,1.807642950040524,-1.3427298085058137,-1.7656353398128317,1.5834338072628817,-0.2589496068289989,-0.02376200215467783,-0.24404023221212867,3.137722036912038,-0.5213707547563509,0.5434122249998081,-0.3199981120052975,-2.595725162939292,-1.747140001038069,3.158586387267448,-0.2505376094934135,-0.5568727444198043,-2.8556527244958385,2.2516166921816243
3740,-1.200799832023904,3.9441172818241412,-0.9470875952044047,-2.475011698665309,-0.9048613131112464,1.5836431571821201,-1.1601925764317755,5.0750377545154315,-0.7509464255022067,3.70006346530268,-1.230373477313555,-5.633588740569802,2.0583970937972893,-0.3390096310114252,-1.8398160434896838,2.8256504586624906,-4.132352912783638,1.4271310348260329,-2.6650973916937453,-0.6444416190447413,2.185719480622339,1.038237116841401,1.9985128171411972,-1.9129304038676622,-1.8545443355702744,1.8695212796401144,4.126696897118773,-0.6766874272235253,-2.7534397144789278,-0.711546699484181
3741,0.7205611222158392,1.006530459323951,5.943193327490754,-5.952237117764426,-0.10755875279379978,-1.6104890384709236,5.671041810577567,3.201721820872219,-0.8112702410023998,-3.639517420524424,-1.0191307459041203,-3.4028452240180798,-1.8392056705900224,-1.9227051623461087,1.5379918976690128,1.8770631627357695,2.328770698532363,-1.9819149259999165,3.5446656044106177,1.519709746621544,0.7448614430449894,0.12271231340214594,0.3059441893289936,-6.237893296809492,0.11809152655538213,0.221177405942246,-0.5381850499015002,-0.12834147965073228,-0.5377109711022499,0.8649685681588366
3742,-2.628078095239486,3.1447511635921686,5.828439916266085,-4.187569401639141,0.32799179205820117,-2.4855353750364406,-1.2414936343343967,-2.4103513854565826,0.6414363305501807,-1.5934245762077222,-0.6018872708870289,5.205720536336308,0.8252451879455585,-4.111439354813232,-0.44800381062293226,3.5296555005393913,-2.722198088719015,2.926740565671352,1.6572150730109136,-1.5811206663930317,-2.8659656582943764,1.1092718843554286,-1.6774780283437813,3.3580773956636385,-2.7171422764337834,3.6455921516249212,4.397313491149486,0.08474988879270029,-2.2588774455686913,-3.1516358095626575
3743,-0.15680741852531455,4.330920529919009,-4.565146664204988,-0.9962158877920331,0.8175749298484645,0.5696745107562577,-0.8782699672427867,-3.5745528393490673,-0.21077911585921338,3.273629895682184,-0.009023437183333094,1.3989954639529536,-3.5261297791191097,1.8165039930342708,0.5220800721323435,-2.566718000932701,3.982709668123505,-0.22844595323716632,2.2139623041777874,-1.8626962279979544,2.8886575782406787,-0.124033723015887,-3.050643498202076,-0.0652464332037681,-1.8644886632010476,-0.43914705874745863,3.901419832198812,-0.16596770010136197,-1.8960613897369623,0.4642449795900152
3744,2.5485762854814915,1.3857975132063487,-0.8006115996365715,-5.973763964157353,0.5515271387644844,2.2884746263429907,2.254288927153656,5.55911081549916,-0.0747992345847992,-1.1778519576056254,-0.6897841258522028,-5.87096442460944,1.646236335909954,-2.3962362719048507,-2.7178393855404916,0.8144844437596568,0.868663832779859,1.7846910449970785,0.12114566319333875,-0.5073270255612918,-1.344758369472416,-0.3827501138645255,-0.4176603427342478,2.5313501884379477,-2.31694377581087,0.8688959630523279,1.7977706885030322,-0.8763201726276284,1.591936677290981,-1.065339380405856
3745,-0.33228838016726137,-4.250999874539239,3.3887781523048766,-0.3335904873046722,0.9266999218191252,0.6014006678885533,-0.6210773631415769,5.7025852495841285,0.6722174880016532,-3.705001046121705,-0.6920007302741631,-1.356723598047573,2.718344939742284,3.1024762775693198,-1.7908140580376415,-0.7916761586004242,-1.8512152456256725,-1.387115755046656,0.8440685211771957,-2.701245191758268,-0.16375988011857068,-0.14080232739745657,3.23790039564755,-1.076161517551654,2.060685256506755,-4.475413221581082,0.44130080773204483,-1.1693267021026852,2.5149194780344466,0.627834381412514
3746,3.662483585350092,-3.7557220071989335,-0.355154421924162,0.2443197338591041,0.5355699017110589,-0.3314967917957592,2.641778134495482,-3.8523039118689617,0.9390307635606314,2.053521567264898,-0.21461284175863682,-1.5674137116926339,-4.028351255519205,-0.43832613648543983,-1.659008199964351,3.926857978831187,1.8093105782996588,0.38951703483935773,4.2548376415615365,-1.7900811931215816,-3.1275998998203622,-0.6208383052195376,-2.3421041129707625,3.6257858695695155,-0.796174346941239,1.3855035107333933,0.8508281692558803,-0.15571642846499323,-1.6429488944519477,0.3585079898708994
3747,3.471582122251803,3.154515925974515,-1.612941648871118,-4.044540029012058,0.8902508910394049,-1.8588672613811799,-2.02032089438654,1.9555304937269895,-0.371300173847529,0.9231596695261306,-0.07229854916784273,-0.4147705458503914,-1.1872965494893215,0.8642309637901064,3.904592550520455,-3.6078365466674533,2.519218175284582,-2.4929085934371464,0.3576378600531456,1.3747104908518732,3.3252521622359943,-0.9269611711016523,-0.761788125827886,-3.3688512162126933,-4.14324569245785,0.2796841961863521,2.850032424775307,-0.08936558465034672,-2.1878713846717623,3.29076604082033
3748,1.5620121891234575,0.19376826266158176,3.1676207456143928,-3.613745724123529,-0.2915319373297198,-1.0181235359448184,3.4415008342779174,-2.588873444140116,-0.007706431830248661,2.9991192537387903,-0.8547545299782868,-2.9892856820672016,-2.661354126849334,-1.1412311797036612,0.3375017930184754,3.019536601182395,3.1035588387171877,-2.6580119263638284,-2.530890645458882,2.532138264815025,-3.343862082961776,0.9025035960008587,3.1888108710500127,-0.7487000034464693,3.868331508325223,-2.1180841773958328,3.486643308730134,0.45571085553030244,-2.7642166498879757,-2.928384845299812
3749,-0.2383755349626533,1.1339237400206876,-1.0530222441660904,0.8214864152430223,-0.8900407624172875,0.22602838628364097,3.950976800325538,0.22851796982005013,-0.6192600956828,-2.169533584768077,0.7611383996708492,-2.151839489364747,-3.5789243278727643,-0.738198923592055,-2.8662564759930316,1.6678010113429664,2.517258090300487,2.9983206258156514,3.3218419721435097,2.13399556574457,-2.5224444542920317,-0.1646796057842259,1.3210892625058364,-4.089802740318902,0.01570388573674464,3.9733707626800054,-2.4888015356906052,-0.5791004758122495,2.7275908664097095,-3.6487635033215895
3750,0.6489174874684327,3.617723613679683,-3.00341321570259,-3.289642808483201,-0.13355756400015317,2.1599724870391466,4.794797637741688,-4.3279297244885875,0.8880076877409895,0.41732421349728277,-1.2082356055248313,-0.5639642089657393,3.165357849259255,0.36819321084230694,-1.4498302391361158,-1.5679091715233575,-0.04104670779566533,-0.4747649416452209,-6.179232062540265,-0.288860359016617,1.1959075987893684,-0.6299860797426575,1.8193326406583257,4.082838261850572,0.17886174079775685,-0.8754836621662854,4.413953242665123,0.3383885963792741,-1.013750768822705,-3.0419691488511305
3751,-0.11490736968861981,-5.0840312820073414,4.485345744957428,-0.1292130146591468,0.9707931279004196,-0.12798720650142847,-0.9827069960176829,-2.070806975962874,0.2627116879768412,3.312195942013485,0.04757669760509575,-0.5689703556140735,2.2664297328484366,-2.1087976346558257,-0.771875469958605,3.5278281099680733,-2.7114735281430313,-0.20211121005786126,3.5514297987216388,-0.19767301484073485,-0.28534852519895715,-0.034051460102629605,1.085298282992948,-4.1196550815735655,-4.434999078980951,-2.4674853554435785,2.811088978928268,1.0886628398849254,-0.636821395695609,3.6395540113089773
3752,3.0610932960184627,-4.404644971706169,5.670837120542394,-5.47464992762805,-0.3756904786638007,1.523054961438504,1.2849083130092396,-0.61890223189911,0.9931037103728464,0.454015883108573,-0.9438760461862943,-1.1692496284044722,0.7382275494460409,-2.5435179547791282,-1.6784726840770539,2.321200232214963,-1.6177844681603908,2.780347325356747,3.425868135431596,-2.4725665801818835,2.1944282275779585,0.3916782247110939,-1.5218449618907144,-2.0175630456493643,-2.3594941404005993,4.75591631702925,1.6105605420693792,-1.111797700314204,0.03700546438157737,-2.932190482763355
3753,-3.0098794306262526,3.8336389065678276,0.5233118422894947,0.24144146179421,-0.49004855070932685,-1.0984642293146045,5.43612337592808,-1.965100982220374,-0.5530257709636635,1.3479451738571449,-0.3871331624609038,-3.8788086341395065,-3.318897674361425,-0.5428884612798335,3.06684035267174,-1.8115923158186433,3.1017775755740296,-0.4952394767846826,-1.6891598003382633,2.660429506154099,-0.36284967799812584,-1.0525237568948143,0.7485700897261474,-0.30446636065035193,-0.887537056474109,1.4776826849534714,-0.9312951582550753,0.3659963586732218,2.4498430812795533,-2.474689910174961
3754,-1.2827358930531112,5.519261229679376,-5.680406713300439,0.7466950919645257,0.44686064047022267,0.25032564424079773,5.189119767739292,2.9328892655669705,-0.2618062633427609,-2.5017994416112685,0.5421936471259254,-5.900596975477377,2.239993951015915,-4.030076622861085,-4.229940839501106,1.146039780827973,3.0609279084287913,1.813055822090714,-5.1106807092659885,-3.4378294524508224,0.18977420527930633,-0.23125384087905054,2.938250048093451,5.651739749221811,-0.9693671417617651,-0.5772285007344209,1.2364565027285614,0.02227303012959503,-1.7147092388659324,2.002575348506042
3755,3.2042156045268335,0.09081128947738648,0.4455040873013374,-5.905373860948693,0.8993388184896842,1.2655040611548003,-1.3550389855593785,2.495346501241766,-1.181723501654059,-2.928012525163984,-0.05481117651608347,3.0242396876525532,-2.0365758673843075,0.45657236276202795,-1.609264236147398,2.8015153044687473,2.822228956765578,-2.4344765204634378,4.8698067963758085,-2.1672351647269146,-1.7818795620743693,-0.903414390619341,0.872268088378096,-0.8895457673345497,3.1836658976539205,-4.231322745658293,-6.041044776268624,1.211236312639322,3.3191289933289347,2.5583363183068286
3756,2.353459063026097,3.789829960394556,-5.617499147664965,0.2877533084344428,0.5741857849262058,-1.3877289691149883,4.823098312039811,-4.10666619452547,0.49867918958437585,-0.687556645991453,0.14634479231409525,-0.673899453420546,3.392023166693825,0.8638225919044835,0.3882484812388647,0.3166370200516404,-2.8318827416595163,-2.1288485182281036,-3.100070501307247,2.3696582162778697,3.860452013238568,0.4913829198794435,-1.6798357666325057,-1.9415868814573969,0.9339814801991295,-1.4206619265584841,1.6446985851196025,-0.06610858545167986,-1.6407918066439748,0.5488822533375117
3757,1.3530505179566852,-0.8772400106330593,3.3600729880292377,-5.293722740482071,-0.4167289578204545,1.8745682029509947,2.035467469744738,2.7366083629793323,0.11459001810146852,-0.529996270261254,0.2860416410595654,-4.642711221622999,4.102636369812309,-2.799608819913562,0.8593201976205798,-2.16022221080536,2.385456209129689,-2.3875817458424695,-1.1644933821982093,-0.24093134825194618,2.79179595201909,-0.5325681485688056,-0.3461659470869556,-0.5076371259144459,2.140468823020889,-1.897118441445123,-0.7569999721990612,-1.1717669724865147,0.1903004076608834,1.4951161554510257
3758,-1.1824031434348914,1.1810278648029673,-0.18055683053712457,1.2554129500098732,0.04122905303064206,-1.1147098938701294,-0.550438275494006,3.857378216562232,0.6951944664328833,-2.7359415738814494,0.7984697812790609,-2.0646626148978804,-3.4479101291650913,0.2037461813177437,1.7749273048572434,-1.1324054040431886,3.2102523308329225,-0.6086102837984164,1.6073058379061749,1.323885069508643,-0.47901163907833677,-0.9806621775320004,-2.62017545927851,1.1486583684727236,-1.303728224106031,-0.1038106554789664,4.853225440288398,1.1367796599468134,-2.8861454659981156,-1.696320754649994
3759,-0.2715618175882746,4.974687826546894,-2.257196792723523,-4.489391896394373,0.6046495998963088,1.4388130802643069,3.565398785208341,0.6669549224671201,0.14316953807534905,-3.132368255345785,-0.2287090270415284,-1.0144459633626646,-0.9173457264129503,1.646837078492542,-0.5270560830248812,-3.931401292744047,1.1089847491495277,2.619981274541029,-2.178148492993067,-2.543795965800218,-1.0178005686675888,-0.981718619384802,0.9040610802345608,5.8174025666098,0.190230015327721,0.22133194110330123,-0.7015456142233667,-0.7941502658984323,-0.8012145153577279,1.885348439050599
3760,1.749439071664554,-3.839218377674424,-0.817677050037144,4.140442719900442,0.968434772580967,-2.201421136433022,-1.967620426240174,-0.8097673345248069,-1.2005986092264935,-2.3522025588910047,0.3646336406187727,5.965555288264511,0.9395213888236178,-3.307800946195261,2.3320976674935707,2.1531842483974124,-3.9773934796944026,1.8603911211762778,-5.3066818837179675,0.4490043474497831,-0.8265525644245617,-1.0555715005204185,1.8101021848570777,4.929699416354769,0.5072127563145123,-3.9052318745696795,0.594660185528479,-0.7977473140151705,0.5091407134126289,3.0919655333313436
3761,1.779423863614113,2.7815902439949376,-3.0516868750900734,-1.6196410799380416,0.1093106581589649,0.0010031892615245397,5.9042169450299085,-2.2554185590285876,0.33788983915292725,-3.485241744651754,1.1502890991421344,-1.6517355796438302,-2.249689929936995,-3.3267260122443485,4.041124172554987,0.9655716885726413,2.373128124673041,-1.8034080436180862,-5.761139865324392,-1.5030524679853485,1.421443915326531,0.8826589949872394,0.5381200259938588,4.421969397000783,-1.4614127586879242,-2.0647815588975718,2.4109586903539046,0.5812398604317233,-2.141745596069951,2.6757413628719746
3762,-1.697183081454412,-1.0610130004522702,4.03294636222606,0.8340453541973183,-0.7709607851226008,-1.337834849392653,2.1651802938910976,-6.190833367442615,-0.39615357661080886,2.8305842293461225,-0.48990226258022407,2.0811246833972277,2.6723334773405654,-3.5685179203370723,-3.3222069157310976,2.360596210760338,0.16793430693512335,1.6898608410333864,-4.217934989130917,1.5299986561353833,-3.2291414744765046,1.0752862368759573,2.324028354673736,2.517763215920997,4.934137822821661,4.229953266934814,-6.2204530154260524,0.18576080317968557,-1.465256348200688,-1.6641425293072523
3763,0.5008869046365874,-1.7538659666863055,-4.716253242924523,4.965764262857096,-0.22509444271875134,1.2285624848373207,0.28534533792243977,-4.433190162880695,0.35320315494782406,1.1838737252045135,-1.0732935786302793,3.684061523437002,-2.9468918917499956,3.179860062251496,-1.5809570482114985,-3.146800107343582,2.636837059835429,1.8579519252193784,2.029589195205297,1.5822730776169838,-0.2433193975898238,-1.105430069998572,-2.4405670058316655,0.17745420059644346,-1.1787572050395063,2.6199706702881222,-0.6494061491947498,-0.43031182732491313,-1.2165373682750822,0.8550418795482813
3764,-0.9414529461372112,4.177268761233503,-1.2341489799822938,-3.7930967228877854,0.11152937786521111,1.6799005099100022,-5.089294816410138,4.027921141967862,-0.8451850164798991,1.9226117035776404,-0.9341607039730349,0.9181076913183333,-0.3932924559066464,0.08339671334296739,3.289927220374942,-0.5290950725085324,-2.2523484447701563,-0.19858796053134142,0.9331059606256851,-0.7720270631120307,0.8038975988809831,-0.003425530586955716,-3.1506294198974736,2.1890784540884596,3.042575355296073,-2.271186458079299,-2.7487949341555336,-1.1820657539320463,-0.09926118031621378,3.258732971189165
3765,3.679489552425995,-2.6252355094945834,-0.8488765626651187,2.1888505756189574,-0.20155212327418348,-2.1926759326096397,5.189938693462153,-0.5501857839143831,-0.5542003545015559,-0.2947622932736724,-0.838146967915705,-2.952643293856042,2.748683246298622,-3.8096381080061654,1.2030982893439202,3.0677891096796976,-1.6525211763175207,-1.557411360997282,-0.23166912566425069,2.766788801784866,-1.6606793933575617,-1.0956736595194974,-0.1263220315598499,0.3475554083149497,-0.5450872024505067,3.256370547729329,2.2913501759953547,-1.1624392144858922,-1.1084898904675597,-2.731704416318557
3766,3.145757545817304,0.5151214338750734,-2.7219395984214927,-0.3237274132996788,-0.8013700964546098,0.18615812848484126,-5.641813828306486,-0.3912493182984136,-0.6619097221994181,1.683134768486287,0.9986625907261599,4.013175509592703,-3.3779608307887763,-2.71282680127322,1.5535114664002805,2.7647623091419753,2.496473991775794,-0.7239601352548011,2.4946894741769334,-0.7096703028737164,2.7643170127549332,-0.9320310087305286,1.3982601979877387,-5.0155653733167505,1.525829128746917,-4.163413918453752,3.0749181170336826,0.12317634665088484,-1.7401606374076373,1.1796509634321168
3767,1.7211546580078867,2.9117591105993768,-1.2046331424384498,-3.228716513300892,0.8227673352356781,-1.0223314481021344,5.373617061251647,-1.8567017971116329,-1.1596933509163403,-0.27588797040801616,-0.9465303080839069,-1.1348036347308827,-3.4465700644147166,1.9458903462704242,-0.21673818464106276,3.8376981344828778,-3.472952389632523,1.3526721579362544,3.64085997152252,0.2608994156083355,2.5293179776145642,-0.1400516577302513,-2.8081418988177944,-3.4828838081987534,4.221642845981741,-2.3582850050967714,-0.8697071596434505,1.235303515184178,-0.5860807331253817,-1.6428734632980948
3768,1.9646209584352121,-4.490770180678663,2.521754893883209,-0.524980785052783,0.5789368629661111,-0.049561749551616074,5.312278487765862,-4.501873964041373,-0.08999337783924855,-2.632960858415972,-0.15847545761059756,2.071025170142182,-2.7692749706411792,-3.2884122440520223,3.1896075014349776,1.0370234803111131,-0.42217092933871214,2.253227162287075,-3.311786860655129,2.910123820197029,2.8094535583556315,-0.28198089501251733,-2.128613027568992,0.00280340468258089,2.0173104562331226,-0.630037407474564,2.101022566759017,0.59319175504901,-2.27660746807941,-1.8048799024849735
3769,-3.3614252371693336,4.97026528322986,-5.391191854523566,3.1861939647812036,0.5524809617348909,0.043676881948385926,4.139597306166081,-3.86755771821349,0.7327876963018056,-2.212706741861183,0.16431249449980623,1.0435669631078426,0.4189128887832787,2.908004411139366,-0.02826439911364531,4.128210404735324,-4.184326700583366,-3.242536604959687,-3.1281793380731884,-2.34942199983238,3.180980320677449,0.71831149315903,-0.003639912442597648,1.5819494365102855,0.8042153978911486,-1.0203131282300575,1.2848465885653368,-1.1677538245749877,0.2611921949567364,-0.16218722860593893
3770,-0.443482522715799,0.5778757522370768,5.43393030901176,-4.014915209515664,0.36797793875254214,-1.9213862677684617,-2.2391252511432818,2.5484441491624565,0.06894446541053512,-1.8579207732441443,0.016597565956124605,1.4630598438591527,4.194962798334544,3.1948628071338163,-2.4585797555438322,1.774307858415355,-4.245684458937168,-2.4598692494014376,2.229670665068589,-0.6380474925132305,-0.25475948417180305,-0.8795933637973841,-3.0601957634141943,2.6029254388266487,-3.339691393903202,3.633494455062756,0.9808508352623093,0.036840681618196314,-3.202548142090608,1.8910535640528074
3771,-1.9691206390360758,0.6601911413657007,4.598914566809139,-4.738275753880718,0.7433644087814861,0.7049262759619044,-3.6552025681529656,5.257884695583961,-1.2066757600940807,0.3013707627996265,1.1640341536983172,-1.8614112838340198,2.972533921562377,-1.4629526761683334,-3.955957468204385,1.5893933632335404,1.4650694201252819,-0.6080865605472106,-0.1362440478434621,0.3632129307809677,1.697508027094898,1.1723451650477656,-0.10864060076480975,-2.9881814743167325,-0.506073534918265,-1.4391984773176425,1.8300951707044497,-0.3192724958827844,-2.7814244069789886,3.2158737443954735
3772,1.6633576752983572,-0.3248337748967387,3.1635595809456483,-2.7622041676840254,-0.4910738350791741,-1.2488054785825966,0.06616978974869525,0.9996087766080741,1.234537807613604,3.0898482825054785,-0.94030727870157,-4.449857377773444,2.6337791639302317,0.7860156507458562,-3.380671715439634,-3.651866380363911,1.9856346091429558,1.62710867198577,2.772588129796624,2.2453313212445956,-3.029932692915567,0.9827784916183555,2.3349447937877557,-5.3057100435331215,-0.3233082639290181,4.697519018232132,-1.84554167880923,0.2850736372325722,-1.280618827601053,-1.5331238851231728
3773,1.5732803616659936,-2.8377504762013395,5.751257235465456,-2.0916799299507893,-0.11232569541529536,-2.2827814955625723,-3.2042611816529636,1.2061111444264903,-1.2209355213125614,0.6666681277757007,0.4490151522592649,2.103402278504902,-1.9220952093095391,1.2714780254816098,-3.709439787042525,4.157735961054872,0.6531428050625046,-0.4508217952456697,-0.9383246563369276,-0.8192370995697278,-3.391369846267862,0.12252645623151981,2.129405818861871,2.896999327079776,0.6358710345236069,-3.423503900470589,1.0076556137231485,0.676436662895588,3.0536200907377093,-1.9500795014072043
3774,1.529352279277468,-3.6464507514069027,0.7702265483071038,3.572546136616836,-0.10528241284336337,-2.120391799949692,-5.614303460622235,-4.653476757547164,1.1862817043191045,3.2407743047119126,0.11169269443221364,5.729031514706982,-4.174568821764266,2.2923767831690434,1.2993571521197396,0.6046651947886588,1.795402971835152,-1.8172332801470716,-4.621914893988567,0.958186031836707,-1.33009559524867,0.14721233704861802,2.616536492232891,2.230075628117678,-2.128837073762611,2.2759041474703103,-1.140899809074817,1.1521884319128581,0.7589407033064006,-0.9172963998498957
3775,-1.3486469084193526,1.32525751956722,0.017417673795037558,-1.3172616250779683,-0.9502181821930995,2.2734515223296548,5.829213468538683,-0.5445677508869267,1.0940427984419907,-0.5516087267049539,0.15764280912066742,-5.984722598508615,2.8914565697450314,-0.19827379798629252,-1.9474033575422816,0.6350414589657092,-2.423589541862178,1.0427686686812834,-1.5169991557087847,0.519587464491643,0.16806121178620614,-0.43426753114228855,-0.3356077267256694,1.5992257372975445,4.684266780222959,-0.9191927857267181,2.5656611585031293,-0.2053048401214017,-3.519224498953907,-2.6062058139218482
3776,-2.283657124828949,-3.238486707585018,0.4997706437694873,4.114039200015089,-0.7627074021977149,1.6710413908286181,1.0404001922417052,5.08028432479432,0.5409317595244296,-3.208050203533819,-0.7810398103169041,-2.672526262708896,-0.16170575825731248,2.5655843377154994,3.3760865843207952,-2.023669335472011,-1.5268372157114118,-2.229458612594293,-1.3979223562287721,-1.4534353485693536,-1.7707907488439592,0.8749738628016965,-2.225096179282657,5.972270770121703,2.1960901126779824,0.5666626257013441,-5.749510410464481,0.0349638309938225,1.450644695039479,1.5011491460540753
3777,0.1289323359464074,4.07211691146756,-2.1975643652629806,-4.502506072384186,0.278055623349196,2.220965566885509,3.3812060526214722,-5.814974456585695,-0.011051287492451323,0.37475459853811444,-0.08899339473494816,2.1590584876543346,-0.6554077179282558,-0.18512305405883112,2.4082187294229698,-3.107851334116459,-1.0040285370015933,2.5441919136834414,-5.900908834539315,-1.5477471055806191,1.8136901249270103,0.649370455271896,0.6764696823218479,4.309125677597859,3.154983104646224,-4.58763174855692,3.832911365929508,0.5409350013997596,-0.15645601438268741,-2.7847417090336553
3778,2.2711770598997276,2.6098488395484374,-3.3307899390649567,-1.4860166929960918,-0.49504025731216483,0.4308209899265272,2.138489951853103,-3.563894215694699,0.857651537759736,-1.3931265342588368,-0.5045264510183705,2.4654057113599066,1.5472657545250144,0.0015852246505616563,0.6771466239621837,1.9502879403450208,-4.136994099882887,-0.03929144359863024,3.777790371480826,0.8183299649656952,-2.7910248873812087,-0.6148541171375967,2.9433829577341175,-4.133624289663135,0.5360347712884028,3.102507903244696,-2.643298618160994,-1.1949727473357905,-2.6463910748017483,2.846119765767657
3779,1.5823854381992426,4.152241597595328,0.010631231993041723,-3.974005367676785,-0.5980483006846078,-1.1732045994246985,2.1354132726583472,-5.637855862443665,0.6107647031455397,-2.2866486371259764,-0.7492945397314887,5.927621063498048,-1.1289281508642421,0.5027414122353377,1.9111191621343515,-3.9246386663570814,3.7852150597063066,-1.1455088168534147,-2.965091147863127,0.8986004889189445,-0.18830829745515487,0.5683238402121544,-1.0593583517395686,2.7458334679254577,2.371797544922856,1.481969401095327,-1.609861507201174,-0.08699239113181889,-0.9026086336616519,-1.2543044140213073
3780,-0.12846754060730525,1.2002297569416776,-5.129939305034533,3.1979481438295316,0.8871295903791543,-0.026900645506998444,3.5609159800472128,3.621664283716324,-0.5256065523286155,-2.6050005078373513,0.20372009812477998,-4.255693301721571,-4.079407241752566,-1.399419664432905,0.8628465028764403,3.116568539168977,1.1364937973170122,0.3629180668242782,2.455176008013691,3.1709153950978575,-0.895597797036837,0.005771561541902059,-1.107356761806539,-3.6289084058113588,-2.259984037499798,4.252037152762366,2.250607355684213,1.1909050021780754,-1.8420813179622915,-3.591484155160364
3781,-1.4331730321477014,-2.772010891957045,-2.633662671938996,5.316429082436514,0.6899123822070803,0.832505131401664,4.1893240768503475,-5.073432456814711,0.35661514729574506,-2.2875639573654727,-1.132326000986604,3.947383191021462,-0.38012820828982186,2.7963224993400715,-2.458885759822966,1.7508464397611085,-1.5129088579786405,-0.19524611300852257,-0.8329959637522926,0.6835619484590936,0.3199036163666982,0.10491183928361547,-2.576958730828453,2.3015772904700604,0.8815778823168934,-1.590283100338187,-2.734699704425708,-0.9319363309363382,2.9108425913740987,1.4644986620114437
3782,2.215680181654591,0.020875800603516126,-0.277730226156919,-0.24489305739835032,-0.7992999627570159,-0.9146327359443287,4.614785360143387,-4.058657028436826,0.8424815919577364,-3.363364346117267,-0.25134495029936854,2.2160993727530993,3.6968645298578124,-0.37256299102342183,-3.9383833799411505,2.1262372113731516,-1.738140398338082,0.22598502807290188,5.73147860546063,-0.6484197222691837,-0.08190591540188841,0.23819878323416965,-3.1991365697507206,-2.0402151812743377,-2.9496240194027976,4.745739812384311,-6.155904581639319,-1.1051086336890061,3.6628461999598656,1.8020512223891707
3783,-3.177793908599133,-4.275150220359333,4.309303409472015,1.2856467101185487,-0.28086897689235646,2.138862986261726,-3.2053740262027794,3.701110601372335,0.6450081753446044,1.7358914796293163,0.30556642193981354,-3.1822026520825446,4.1217996474854175,-1.5522247380706204,-2.911734875614597,1.1974405777513937,-0.4678233324305445,-0.3874572791198396,0.9005359250891587,-1.792166696559974,3.345719360660876,-1.1281787910141192,1.5246474320248424,-2.850557230202135,-2.408240898805534,3.365935684800828,3.4928753284927687,0.843243788602063,-3.15252330908946,-2.141290593998413
3784,-2.9357388730502993,0.5620029250238758,4.212026768113152,-4.196395761692219,0.972423215158035,1.3856817264489418,1.908108183453713,-5.604951981576182,0.8663199290566235,-1.0208570273590762,-0.014267886254229367,3.8656487826798767,-4.019826661078504,-0.7052611937346605,4.159199239044245,0.6595249938210053,-3.6435325949369908,3.5498962168861183,1.043059061397777,1.0882242795144137,0.13702026392951439,-0.7144284202142233,-2.751264691100655,1.1973895064717972,-1.5309407729246765,-3.913259315908828,4.5379118432023375,0.9479250642589818,-3.334315186345899,3.292678367720356
3785,2.781491064198015,4.941389252213526,-0.21601294676545635,-5.5760806921773955,-0.14594415064128352,-1.7848425268259245,-4.764191212951985,4.4389663521596034,-0.9498509948252627,0.7363247168300475,-0.3626826656129758,0.9014338044012931,-2.6399392386576555,3.8864701964392907,2.6219384200040174,-2.9046389142859734,-3.25616161998453,2.2923311564860676,5.312612901718577,3.3980933600578,-2.2655232109507164,-0.1020015221256001,-0.03864849117108271,-6.304533037530351,1.3089681683681675,-2.698341544945613,-0.8994408129165592,-0.30149686896741024,3.362408534515719,-0.7720974760520463
3786,-1.4784131319174385,-5.236203223710039,5.2804594487644145,0.9596665003205516,-0.6821257459792827,1.1566161525232381,-0.45204317675535677,5.772250127935475,0.834902995927254,-0.9833134484194979,-0.10110108668629714,-5.0706954120008625,0.8453351258750601,-4.032664092735182,1.8203051474541745,2.3808938792625653,1.0102372150904593,-2.02410727494585,-0.6859167885489192,-1.1882535466227058,-3.846002476663001,0.8859753146509686,0.9721541147897685,3.862043382392507,1.5417756299109406,4.365412897429795,-1.8032023947887232,-1.1418663802787816,0.244495450902674,-3.20661520317363
3787,-3.6009980224960003,0.9111924234682967,0.10953552750804008,-0.42649274184692487,0.9827801353051391,2.0239826780628967,-5.216394017063603,-3.6361244120502434,0.2662359866707247,2.8767236350297125,0.7065905736057747,5.002968233808357,-0.03536588186355161,-1.4049357583183202,-1.731527883650683,0.39598018726404405,3.0293011088874415,-0.25345177231772276,-3.874080829159009,0.9216374872782431,2.526540377954987,-0.06113258054054427,0.9694260641032741,-0.4823905196383471,-0.5062687034365929,-1.868990959278456,0.28736395201956455,1.0240279107189219,-1.2380642139897944,2.301932013968635
3788,-2.5389550340305007,2.6404149330694544,0.20146864661536057,-0.32797165142799045,-0.003334266684042131,0.028377372459170047,2.090530048501954,-4.76538830918107,-0.28219856299102375,-0.5557546738002728,-0.47516564818817475,3.9879771456593076,1.4399154083142172,1.3499952993513062,-2.485018486545167,2.891404688935932,-0.8586094332949763,-2.337687476760088,2.605985594466425,-1.6838688256961358,3.622802823643955,0.83859026005213,0.1264777499264813,-5.509987602394254,-4.825223996592017,2.2976506988511076,2.6083995527209503,-0.14035220494590117,0.178302871255255,-0.11877692128712702
3789,-1.5197414535330367,2.597779798003625,1.9319354895216527,-1.89992693441744,0.9683777136925187,-2.07842461326587,-2.8575397481925364,1.0402938251015037,1.212791148967641,3.4642463045026517,0.36696248282980193,-3.2267540132083177,2.7617414690300244,1.5151004250166196,-1.58844374803388,-0.11390613602196709,-4.018792286172749,1.444300276183128,0.32898415648284995,-2.1402793616992213,-0.33258947130105554,0.11956157709220872,1.822522748886854,0.20180035053695633,0.35401031445607956,1.4464306879612039,-0.09018797279333768,-0.11732986398553535,-3.1783665898205093,1.5854434241843762
3790,-3.4001590355240268,0.5092519018267758,-0.6293685169403602,2.23286663324404,0.3327717907556975,0.9546372266393206,1.691803541555327,-5.806975505312405,0.450257551532216,1.5076101756684643,0.46780996829560983,1.6894942682615515,3.0624851239494753,-3.337366668237504,-1.1616440704083075,-0.9369622808064442,-0.718208519354949,3.091696414858909,-0.8186859673161386,2.3638759159460605,3.9674653225534584,0.03162316330462822,-0.3317575763241525,-5.2125208581652664,1.8430072828060133,1.382902208426156,-0.9128860954486662,-1.076658904408606,0.29533970124255937,-1.5317041926151749
3791,2.0517732741415173,-0.8831548251380532,-1.9658621430869054,1.9343504822536026,0.36491193193555826,-1.5020187201042337,4.614533061724657,-3.836530019536628,0.3931572547438753,-0.07459749116119418,0.6609550539108282,-1.7575178596807781,-2.7010656158018396,-0.46419839690350173,1.9950457018959966,-2.736329312610801,2.3861099656422056,1.5204376577791336,5.353883715737503,1.7885596784567213,-1.0590384734127252,-0.6246750933083671,-0.5917402541821986,-4.866989573292329,-2.931271082506104,1.4601626166457464,-3.201174477273913,0.375143794733928,1.7542335072860986,2.5429056411165156
3792,0.24404105158463452,1.043750342067888,-2.2231557212040265,2.8878761848265206,0.33510311651369706,-2.287614973787223,-5.759182214351924,6.229853909287904,0.19414599051606718,3.173167806453101,-1.0352151198010793,-2.802770372103282,-0.340040254104256,-0.9659867839145413,1.58962716156379,3.821028011338349,-0.6646462325326574,-3.4399819023494693,1.5589891244664926,3.47713093620899,-2.7572010582467392,0.8385751308473823,-1.2091194919546346,-1.9083746413228617,-4.571033687482712,1.8611099794720758,4.034504412172456,-0.8643312926931968,-0.6617186595591509,0.20146924809278843
3793,0.2333004903940008,0.9694424575734502,-3.3392485520469712,0.9460913829724866,-0.4511309427990571,1.6415451639076366,-5.726651887319967,4.794583340545692,0.5111664810684484,-2.362390109361657,-0.6115733035368232,3.3948654786050696,3.3198952439912297,-1.87579552319667,-1.3894924135449092,1.6604904317487126,1.9995700641064076,-3.7146678031035663,1.0455735885773656,-1.5363369340360258,1.983704236451814,-1.2483979189145948,2.177886858693128,-2.4224298307730763,0.47887832196049374,-1.729848878741084,4.237937117619808,-0.4340283381586838,-1.21258063239641,-1.3403575902818812
3794,-0.46478026314673215,-0.7794099170318773,2.900332268088487,-2.0253925587582664,0.500488278499815,-0.1312378076498888,0.7409336474986112,0.5896351896345742,0.24225619176682933,0.43175648008607226,1.0048001520976637,-3.0093816610829798,-2.7175089236131083,-1.6956600451156838,-1.3171168325346638,2.8178295346996443,1.1956392987781328,1.7168169677868796,-0.38929260675909916,2.1980705942839016,-1.329534875063107,0.5824325649631952,-1.7478662790221104,0.6861906015958539,2.603644894641697,1.1526625143135725,-1.0221774396868248,-0.8339469912415778,-0.7668073875751933,-1.1333755904494165
3795,-3.174562138243557,4.2440045132690685,-6.083740839602999,5.752327208408786,0.7257553594490518,-1.4637841032788366,-2.147362563998982,5.517741541669643,0.9904566853921972,-2.3679268215281084,-0.9293319541101246,-1.063576887423828,3.4781048182796326,-0.991403170575051,-3.1177437151983067,3.0427795645190656,-2.230775072239764,-0.18096242478439173,5.361160837828617,-0.6498762925629737,-2.5945861666852466,-0.17434604737257064,2.3711299891278355,-4.313482320336984,1.2251041076158593,3.7379988155120536,-0.14277952482481382,0.8009511820217092,-2.9220735759551424,-2.699201004367451
3796,3.675393223955048,0.6153887147606625,-1.828476328198878,-1.5489754926063206,0.614950685346741,-1.52828080325577,-6.042928193766883,-1.193844427780487,0.20669450601220873,1.7318971214808556,0.10246187224736758,5.195719121807734,1.5776224472520255,-3.3885633634057424,-1.694715312963254,1.784425511557636,0.8552608902566092,0.8659698273038838,-3.6866610338909105,-3.1628774481447905,2.546615611146578,-0.4620493223150426,2.7697668349897064,1.9952053582131235,-1.7100214239372882,1.2314617847209526,-2.703217929034704,-0.45672723726822273,1.6478243233966303,1.9906804821248514
3797,0.9046346774234202,-4.940154957552927,2.23701992765292,1.6115125624528908,-0.7606223064479405,0.9476100964731096,0.8846049640192106,-3.5900199495957743,1.096835695571011,-0.576827961820209,0.4638923150205079,1.721514936806031,-2.24076377300673,1.7446253256978714,-1.2840445379287448,-1.9823042793320642,2.1891646264287523,1.5733226381421161,2.5370733282685833,3.3338095120375293,1.3110400144409375,0.5332491257039651,-2.247808441533534,-5.467363538918832,-3.9202524878802336,-1.5725261651321851,2.2518858301042997,0.02098706623138824,0.5153282969617372,2.704577459717253
3798,-2.803295505253237,0.4581983085115553,-5.4354161042011775,5.135455013805299,0.7923762282301721,1.8526820589088455,-0.6363857357419072,-1.6318051495904626,0.18160351453049728,2.555737576697748,-0.6570267946012036,0.18787658870608226,-1.4649579850686756,-3.9189054081147106,-1.5571733633396807,1.468580304373372,3.1888953083618894,2.283561143789033,-5.698404835979659,0.7321978300360605,2.894263145011763,0.9300311580276883,0.062056714595506435,1.079855988307287,-3.026324378473209,0.8982650786842292,1.1920977686051195,1.1382849365539487,1.8375025245636039,-2.0398259299314425
3799,2.0320901439522636,-3.33481610826939,0.352224420021944,-0.10229509957212102,0.8319666009684177,0.2208300429003387,-0.4868279993051132,1.666996138178444,-0.549676721095695,-2.3839332721861695,0.5720896430823839,1.1813522113269244,1.4084957838982426,-2.819884034276283,3.0846392408231758,-1.7883405592512691,0.8802213464390825,-0.7651317776317299,-0.7619096208601981,1.974941805800075,2.8831249154608116,1.0976566460538288,-2.9363535747542304,-2.257460171701638,-4.374619572749394,1.123928574339729,4.436174868689545,0.4546732156830702,-2.1160104372113047,0.4758533512505725
3800,1.0968420419559024,0.3895179102393982,1.6022970237254235,-3.014685524604854,0.31294577124465794,-0.38691722255905603,1.0274304588363066,1.8465484149957732,-0.9937325772631116,-1.066252990561079,-0.439295775219847,-0.37469753078726953,-2.4241508683723847,-0.8752723058091583,3.023054203471009,0.7144416968682314,-3.4462409816922346,3.008168255535754,1.4431200155335482,-2.801648957756864,-0.9723321274862506,-0.8883548295265022,-0.8441569584810402,4.063372857715791,2.0956344086420486,-0.6162613253086171,0.22577873948826266,-0.044273904309538814,-2.8409116785203157,1.1800337600103532
3801,2.59709171878691,4.1223029196694085,-4.4083253472886526,-4.201426874507359,-0.016847139747942608,1.907204723089123,-4.85272386708489,-3.8658341670884013,0.6607044003161597,3.1513552149381994,-1.0405697233277418,5.947068142247435,-1.3995390046462877,-2.584100788928838,1.4541414228970808,3.157736597844629,-1.0611550654346118,0.43291683826920924,1.902506624498109,-0.30809924303908964,0.5002746616741867,0.16271870410265254,-1.433037997371704,-0.8243627498654718,4.808972234692597,-1.9375528306867054,-4.246088420518973,-1.2010368636543793,2.982454790145784,-0.40674890997613034
3802,-3.7499981972250627,0.6673231900009498,0.17663850543376824,0.7099788506355438,0.590478026457832,1.6055796246984624,-2.8550462087969386,0.10512136002576256,-0.6206991332956111,3.592248733224789,-0.6974467007372827,0.4758219495800162,2.030957362652181,-3.9999754558018346,-1.8806632984004654,3.257740105898815,-2.0118698951482514,2.6038111808007294,-5.444171244693365,-2.0762881895648206,3.4176697077826965,-0.9287571044287226,-0.045879467080636616,5.077426297983521,-2.332912942159144,4.3777910849787744,2.325592857055703,0.7705976993831118,-3.525248479779812,-1.6158202194764186
3803,0.533831788823024,2.711262613255471,-5.524811358344753,1.0222534042133056,-0.2503365566046445,1.5078001086591026,1.6745426822431462,0.1995267704342112,-0.3309023376165037,3.6839181588651186,-1.0383148875501158,-4.18877038637514,0.9801869857639218,1.5457215262604151,-3.804848330641061,-3.153949097994184,1.7605355227610886,2.672353393850969,1.9402663644990632,-1.5680216919174885,-0.39875372735258807,1.0165175377331028,-1.7961249389957636,0.8061164560323242,-1.2805593125413068,-3.261983002396601,0.6109076044743809,-0.16771490410939638,3.118350619927174,0.9809989946479867
3804,2.045998700139151,-1.848751006153627,5.681769897032254,-3.863263899106549,-0.23240648706257327,-1.7833472048471304,3.581506103624342,3.2031829402608807,0.2614693908955159,-2.0559811678805087,0.40347712762094634,-5.393654394520471,2.702439311998724,-1.6403000506397696,0.3989090193296718,-2.3594156231382026,-0.6938448716932086,1.5922122141439345,-2.409600091363938,-1.8008873944371597,2.785648654083097,0.7823817409308678,2.7979853075950345,-2.1555282168092695,-1.6684208021119922,-0.3116228535711656,2.1903013915070026,-0.839846742756837,-2.659262585695915,3.2888515926311293
3805,-0.20285082964674395,0.38222479439244594,4.693237131982105,-4.942123203574802,-0.9278644483963971,0.9973765552449496,4.019243715133182,0.5106682097616364,0.5036137394512412,-2.528469408845634,-1.126787416850851,-1.3782688386489,-4.145045887598707,0.7225277028220134,3.6648770674871436,-1.3508792298930086,-1.4231193949289018,2.531639742112624,3.611282801735875,-0.9629750901382828,0.6598390001442276,-0.3028726717944368,-1.9779127505569107,-1.0273612893918802,-3.547977499795582,0.291245114057876,4.880940136956994,0.22048605695088863,1.0447235128172174,-2.8894173209851974
3806,-0.2551513563616634,4.6432766076648875,-4.018292658766125,-3.0397789142235183,0.8281558526338118,1.8417904690541675,5.13882943078066,-2.790200759175626,1.2179178515605242,-2.1787222641293678,-0.825921982751515,-0.5619022762840089,3.0171415937741948,1.682935888333187,3.51432388849981,-0.8564341087989575,-3.9736913590906173,-3.3842759027164657,4.381177584236244,-0.658502170919153,0.6079395555582039,-0.022285835329263648,-2.7144197989236343,-1.593909334623806,-4.004674385504321,-0.24589533254398432,-0.2083815770764268,0.25506071745540737,2.9775231334546035,1.2263674442169155
3807,1.2980581653407448,-3.595548714063611,6.230042967714731,-1.172796055433789,-0.6440734781362965,-2.1156828854201937,-1.969254227936375,1.4440891430508742,-1.1573305269763776,-1.2232356952970598,-0.6980532271460254,3.6037845343056354,-0.09581914596974528,-3.3547769235802924,2.518420782303682,3.354311079039899,-1.3745026891991294,-1.0476331025932684,5.681057571830046,-3.065361393314216,2.1025768193412873,-0.23616930408265713,-3.113837382794399,-1.3682663109815145,0.27202109731452495,2.302167024574743,3.639629284225819,1.035230577529723,-3.596900147370352,-3.6521478362722704
3808,-1.2427486216924066,4.7963405759475535,-1.072024159407274,-2.648806940017753,-0.21180352984394912,0.37904267501541256,-6.084363807039061,2.1388744559531467,-0.5818334599479682,0.3434601595682345,-0.45430613444196055,4.638168785908281,-3.8493441784088454,-2.92099977411322,1.1774565298234343,1.6466149072465228,0.8602373011960651,3.0860352142571656,-0.16920739577506438,1.4703828276798898,0.5885661794532986,-1.1262400395762335,1.871140761211537,-2.634642332994897,1.6371009248147779,-3.9223657896297546,5.485239037571919,0.0680640163445867,-0.4934075019250681,-2.7746306871742767
3809,-2.9073872329016446,1.1683871419639047,5.842519805732163,-1.2379181614473787,-0.9686871640382986,-1.8969143893071827,-1.974563363326773,-3.564141633991781,-0.41546013122537495,1.7029209319232876,-0.5832982707325458,4.834542467353867,0.09021044421332647,0.18069203812150647,2.2668071442146243,-0.43116530707306566,-1.5587239703251736,-0.5478203491501041,-1.156389683588273,-1.0951406351696313,2.1508948378736505,-0.3013417850497824,2.4600486615939516,-2.0580713956613828,3.633127169855488,-3.4180101176534734,2.4874075685960904,-0.7041437233372925,-2.1354410975736133,0.1370602001150072
3810,0.5811475225969787,0.1547220570536858,-5.457502623606221,3.7109338877850284,0.2608042949957614,0.7498948611763492,-1.9563611070074565,0.9215777072878666,-0.7751982332964449,-0.599983658531281,-0.3580542906524089,2.7680195822004094,1.515644871533894,-4.02859129218966,-1.8598615578440043,1.1067903067193967,3.952799000117391,-0.6867813283358633,0.03753630077272874,2.157246264831219,3.693872631399664,-0.24516029773904346,-1.2199037899537775,-4.423591109312248,-0.4501100852478146,-1.590460573735374,-0.5834129131928698,0.8515469321766194,-1.1687827005220601,2.9412193405236877
3811,3.3688730756968717,1.5086059808985617,-2.8018245507405553,-2.2120086513819146,-0.40652509201093845,0.542879237539557,-3.058028952756004,5.131170764232458,-0.48143453467951947,0.8310535948533531,-0.6086450877655842,-1.8141157838840165,3.9475236193960015,1.0153401461235205,-0.09845338155488648,-2.335877248242145,0.39691820293158386,-2.925451338652877,-4.828868150144775,0.5466594680297909,-2.4614930795184478,0.18038732302416793,2.128774687095788,4.434539751511991,-1.2938344924259546,-0.6618212892863937,1.856283618926689,-0.5141714799849906,0.9636617789713178,-0.35011813619850507
3812,-0.573074813357282,1.9824914343511395,2.7192292105868994,-5.689761861551105,0.5750298434459284,0.9860861865259842,-3.727009475543479,0.8740599784271446,-0.4716074021399468,-0.8427878962032,-0.12495337237385051,4.292298167834026,1.3779055733197971,0.447782251833587,1.002506500239754,1.7630174305052222,-2.3137440030980123,-2.277467752799165,3.558879977268468,-1.0920880008154867,3.219751641107134,-0.5250212111533505,-1.885285338701232,-3.2762370677070436,3.1940455715241782,-1.3205294170251562,-5.9244468905366325,0.018701621694503956,1.4831067242428482,2.5491223901024043
3813,2.2753109565171172,3.1881567231028356,-2.457107659250905,-2.438036120920973,0.2826860750848508,-0.8510099745313724,-1.401893472911297,-0.7993933425725146,0.49923221713333277,2.826253306157575,0.7358666370191029,-1.8600653448255287,0.16183631728710068,2.3901083503797587,0.6954901559641193,-2.825900699085908,-0.7963176171527415,0.3747834926088647,5.974300047572754,-2.2670012112046187,-0.348600577642145,0.7383509927382494,0.9947253511691265,-5.091774602634906,-1.7935031758544966,-4.417906567602131,0.5081282373961145,0.1117595870800816,2.337438425868193,3.254083493114365
3814,0.3867277585489095,-1.4483817895688986,2.280023551307515,0.03279013207298931,-0.6902280581555429,-0.5609315942033959,-3.7686215788886592,3.6929659729590654,0.7877937531444914,-0.9665044555288986,0.5027388315317758,-0.24837252321709258,-1.2440830418223392,2.3768233813999977,0.37270772914884986,-1.0842946142578853,-2.0977343838365208,1.6765809293690879,4.186512572665972,-1.778863741942816,-2.888260506883398,-0.5185205503735215,-1.5366995512583141,2.5358317777905413,-4.420157611785868,4.886055215020786,3.39699668817925,1.0092834537713076,-1.331220425593072,-3.5409573195902517
3815,-1.3500614312954848,-0.09571952176129628,-1.5767287873499356,0.955708333670664,0.6063165422991719,1.4604848644384507,-3.907421366850393,3.7829197827386984,-0.8626757765617592,-2.902045663839374,0.8337823655661616,3.0554406589473437,-2.5210466145439057,2.65685315122526,-2.7075952663865905,2.4878295335605287,1.634497612940514,-1.5505384167946215,-5.019415156465339,0.5103181833910106,2.273015412620957,-0.2420624361271413,2.022350077403976,0.45579391917498313,-1.5621098704493193,-0.0583149712284623,0.13703176456748878,-0.00252580139837999,3.4804001609262656,-1.994481282415416
3816,-1.8660229103064143,2.093457424185278,-1.880753803623012,2.912580944007267,-0.3110090200154181,-0.9482526342461366,5.0887459899050995,-4.6559420311191,-0.6708922548265228,-3.527557149110839,-0.24332206813193746,4.008967513283988,1.7094406837281468,-2.318126726975091,3.921113749047638,-3.572338902391264,-1.5821318951715586,1.8420430917633013,-5.38973241145769,-1.5326525835679874,-2.093500822355608,1.0278804673290045,2.4452576518606506,5.542747698190105,-2.843204503889318,1.648958328770128,2.002626558181653,0.33748410496079906,-1.7907800516693513,0.6449155636482633
3817,-1.5900877591134304,-4.4045331591423995,-1.088712034474561,5.053744863465926,-0.2595474547887249,2.28913554405473,-4.28038849349635,0.2003464278884799,-0.7329216459124863,2.424722607711182,0.037807794019152574,2.350433309790688,-2.5179754092606768,-3.6225482613408957,2.106562344846317,-1.8731514928994724,2.4005120210165174,3.506600797639358,-4.726296063570437,2.322990171972581,-1.8319723913010932,0.030148882418061795,1.704510486942933,2.500618913536428,-2.9788036751494396,4.6638877872954545,-2.0432157257110077,0.17962644616515355,0.7305565761973547,-0.5520514087953678
3818,-3.0850129524304997,-2.8123725564677784,6.075740379130906,0.7073528426402511,-0.01584731259469052,-0.8698604002766253,1.3720517068632319,-1.2494875517811117,0.1170881584148491,-3.571965840058951,0.8910220664968769,2.441291460065809,0.1840912889687587,2.2719857550443407,-2.7222966374866857,-2.298851847328619,-0.647083069552302,3.2121545103556564,-3.0240419527617064,2.6921785212912503,-3.011948979185549,1.0588347466959913,0.9214408020362495,1.3635368619222419,-3.147141638507854,2.648160068702186,-5.628049633716774,0.29158977972732103,2.4835334383982683,3.351907985398995
3819,1.2602422941131017,-0.038500354059561204,3.9525308824517147,-3.8288737040065257,0.4961126110815868,-1.8415117295787766,-1.8022673407159786,-2.5714447338638102,0.050869830778601965,1.242391969199243,1.0841909269017114,1.9962593477009243,1.5422710477336672,1.2076337484037687,-2.905589504707679,-1.3527252291663707,2.1157965796412412,-0.6073866419034584,-0.7348880424203053,-1.4326726724899164,-0.8020820581940793,0.3153528692539975,0.6808979916675177,1.9733919121812988,-1.9491276435681115,1.1749091598139465,3.3679904732460955,-0.3108152169806715,-0.07296765838133368,-2.2099891141278025
3820,0.022576024223775804,0.540446795381861,1.8225540435115697,-1.5498948591103172,0.3242341738883936,-1.159916177893738,-2.4548004364253835,2.8474161685521366,0.6533334184397086,-3.4708096764165735,0.6668037506897457,1.7580567751610339,1.8094452835638464,-3.472198364607724,-0.371495674355554,2.536326245681657,1.8260606983177006,-2.3281381885987447,4.438499536114776,-3.1078047701132476,1.5663662289555766,-0.44427650808288455,-0.6024371076807515,-1.8503473791949503,1.9865429430983461,-0.16863423541494527,-3.3437158047125415,1.13119453670142,-0.8234065373646846,1.21801909769448
3821,-3.6675883470961246,0.6777737642693893,2.89140242677394,-1.1386250198028698,0.5477287903768469,0.6893083854803503,-0.05360668952978642,-5.465914400578679,-0.24691716553422705,0.28240344847100474,0.4032272092454843,5.080807597926849,-3.3210875246446268,3.025061963271412,-3.638577570810833,-3.1666849840324716,3.508369497410385,3.5929186188073423,-0.5520255774408582,-0.11425632136674224,3.816769810042942,0.4487313863258038,-0.4358842674482979,-3.1633350301143217,-2.1113947245436613,1.08416986735185,-1.5086472993571398,-0.011636089798421345,-1.0888541644900993,3.6363624108395562
3822,-1.2838285675807732,1.9327295585025297,-3.817360305760616,4.282541247855701,0.5572512187518992,-1.671333151767195,-4.912682461410711,4.070780786306948,0.23148718090547682,-3.2734662086248267,0.6636275197399932,3.220253183083795,2.1567524453191638,1.7604268162221004,-3.320756097308429,-0.25989690509030083,2.8084460065628924,-3.1449722657042187,1.773000631540782,0.8550595296677255,-1.0608532960382977,0.8946366595572854,-1.179495402259274,-1.2823481224696636,3.474391582341781,0.8924791847382743,-3.5521922481664134,-1.2146549982329078,-3.234376357193799,3.6343528365151343
3823,-3.085756474606649,0.5999565431906682,4.683515159801946,-4.395109263112477,0.36544054978577245,1.831953484942245,-1.116775613747663,-2.6002559671454613,0.4813583050173662,-0.9963629712911288,-0.13489281758809568,4.366929064755663,-0.49366549420433614,-1.5097577319264008,-2.0187373872723064,-0.47836091367335953,3.5951375083581745,0.9053840187194826,3.7972909901982064,-1.5632230236179492,1.4374855017540362,-0.5394370311866998,-1.174895547528017,-1.9572208896210164,-0.20280265994472302,4.725099241943717,-5.592729924130847,-0.7788060668703665,0.9520218589209382,0.897217550083333
3824,-1.1511419309327309,-1.0521746831993362,-3.687563708331897,6.042001792833474,0.7750068203700091,-0.9261282907380277,-5.121030263278026,2.1246621594254336,-0.8375612833683368,2.44968064206477,0.15539452541555843,1.228854219741251,-1.2419454088225468,-2.2058193619537576,-0.9613561857140951,2.293433161420147,3.327927272810264,-1.2122394777387626,0.35640531559727506,3.0085558199030764,1.0484395229788355,0.04077844575000622,0.5719796071811434,-5.026158711411799,4.271225727223083,-3.054553491772257,-3.128534617836234,0.8155382469258363,-1.7714291947853802,2.867753330247023
3825,-2.130567163761466,-4.61863604235624,5.844949281843036,1.4413682052388879,0.24694607011911707,-0.7840603510818358,3.085727281536773,0.21343442456408113,0.48335953244409247,-0.7026741262785414,-0.46270505188601607,-2.6171420603797486,-1.5008726908419519,-1.96372325086989,3.455267866765265,-0.7471247910087477,1.6712607457013,-0.9148078797447301,-4.502152159579325,1.1426030225731072,-0.49006497853054576,0.6165358816580051,2.8726457667330774,0.3604324671441965,2.526593576515218,-1.4341466611571398,0.27086590323008153,-0.9398252397740938,-3.208426448588691,2.7849388697766813
3826,1.8877777610831323,2.6125441486268635,-2.9638761940156435,0.6808624783994048,-0.5046316515258897,-1.7126765425664257,1.7922828460333449,-3.909300271642973,0.8316817063544013,1.3682840883897391,0.3031460934364043,-0.38609446257027,3.3814603578713083,-4.203901194316922,-4.155315735359881,3.7653195345434227,1.0958273860535535,0.11660965120976563,2.673694723919951,1.2647922142122034,0.22485543520118156,0.3614904487716917,1.4005760355722288,-5.925408857678743,2.8189834052617826,-3.4700366937135243,3.492508332642707,-0.3103203558687708,-0.9057135498950082,-1.6254211384251178
3827,0.026073334484442157,-0.10563647374868523,3.1164831205334558,-3.059565050817085,-0.7014366866012138,0.7240817561505164,-0.8167814589921107,-0.44459782480574006,0.3985182183088609,3.433039280207524,-0.41355242402876957,-2.1566257906891373,-1.3648692762370604,-1.8456740484759777,4.135976261274688,-2.810521286991378,-1.4046808426871156,3.2897691931180937,-2.0173506491544053,-0.515012697294976,-1.1368324108432049,0.2261960712816844,0.4538141921063801,2.9891854939030154,1.3091864467044019,-3.7395916973505976,6.1075845399309046,-0.6471006893702889,-1.6310373713500077,-1.3990412285623375
3828,0.5333728633805421,3.9133954927532884,0.5260094971707439,-4.88655541797263,-0.9616848732636374,0.8754624379331499,6.118442998618516,0.46449020585594525,-0.7034456666220992,-2.7983246097767065,-0.24444388341235612,-2.836719044662704,-1.5697463292224576,3.07111678207718,1.6909538309198417,-3.0364980889073987,-2.7207435973946428,2.564917402528714,-6.209975923365654,0.22772619655674475,2.24514434503352,-0.6010113822768712,0.6539082560822127,3.684208507968542,-2.169752220238909,3.2848486113199584,3.4344715072639183,-0.9209645725391749,-2.9840578284873267,-0.6445454973164146
3829,-2.4584969568563864,-5.259922937412046,1.2063812403376062,5.265074593993887,-0.07471576441284977,1.3216798243512269,-2.6478660627392188,-5.356842465030926,-0.23094148740980636,2.8796758931723474,0.3936316185616029,4.962342503446621,1.8599686580234618,-0.9538824017174399,-1.9443654910833335,1.4114106712020877,-2.730845826324636,2.357714389901087,-5.090186411328002,3.0868178620929605,1.828655010932433,0.33467183185686444,1.0130227299064565,-1.172981023462203,0.14656391387762824,-1.927584989805844,3.955845915623314,-0.9911246742425579,1.607595358084538,-2.7912955235350214
3830,0.034993873631613326,-1.7539900867441496,3.308804059070223,-0.3956650850429604,-0.28282683387547336,-0.9113159270378279,-0.11852965722376396,2.3289253015891163,-1.1507504785979203,-1.9030184681038538,-0.11743232741813525,0.9608056297551926,-0.15303874318967914,0.3358538422266655,3.426669960953504,1.9514193446647567,-2.0090016706847784,-3.551902733969225,-0.7386560857314137,-1.1483825213724401,3.486529836794663,0.9682251952843615,-0.22596898344136918,-2.3417474415352686,2.400301766969175,-1.8251963526921458,-3.9064719954046154,0.9070868588619616,2.4120809677839823,0.012198754483733865
3831,3.4246755113629312,-0.7430797514094394,-2.7241826167000056,-0.6256599387676864,-0.6233240318035007,1.2915708273191182,5.041977754931551,-1.7720491787312582,-0.9208034570965582,2.5901084980984166,0.7287477002287899,-5.6679813174303,-1.9242372294841754,2.6241982752322635,-3.538812378608265,2.4829782913752005,3.708973453345944,-3.3531004118597565,0.9194260112171122,-0.47554729994501876,-0.9046546817649759,-0.17336365848888136,1.1837524454087287,-0.5496128164284286,-4.379641564337851,1.1821550082368866,0.6098156053926438,0.9405717221960588,-1.9367060211971658,3.583805249711496
3832,-0.0656528465921351,1.1187732240556052,2.3863490738140953,-4.697524908690042,0.21598534978589656,1.0420701076279908,-1.4634211626380456,-1.9614875546424102,-0.4870274058624213,3.3958018386089535,0.5458085636020158,-0.02967427906745712,-2.745551608795733,3.928615021326941,1.2613737623376267,2.731876863611209,-2.7045380760221196,-2.4717759624567037,4.904121838900444,-0.5019562095405199,1.2950803272523856,-0.026061040136965197,0.06997220881313737,-5.741157125289934,-2.7731177080525846,1.2213989356788275,0.0974696644291484,-0.821011015748728,1.8763936267799934,0.3988664969153799
3833,-2.0494319864500934,2.27880471061448,4.326463264601745,-5.210561266741095,-0.806996257927364,1.4617215359037168,1.1294569705881123,3.2256991412233162,-0.9100519634272999,1.239152216802342,-0.4893416342480723,-4.194914730937743,1.380691823784474,-0.3012953630783102,-2.1884602249221867,3.546054300086965,-2.61612056268093,0.1791300268112117,0.6911950147900185,-0.8390201388393752,-0.2030756234965665,0.24138140084211113,1.7348674509805893,-1.6253481042782383,-4.129520468062321,4.665434765211533,0.5187657464362161,0.8882669278526958,-3.0023620468561223,1.059415075420027
3834,-1.7060392505102815,-2.216194213646016,2.1035195980876757,3.091358006356163,0.8481630665802578,-2.1208072068664308,-4.572332555722042,-2.470787233347828,1.0425069845143513,1.4674732205439476,0.2764152888235696,4.25672429518869,0.8463187512737811,-3.398079847967926,1.247818456712885,-0.1095753349865376,-1.2582688104578619,2.6717867854268924,0.9200442064497274,1.6373249032170136,-3.987696102410691,1.142885535504833,1.0391483954447178,-0.7517069382070467,-3.110313236789743,-0.7178064363925465,0.9103795342647771,0.029623602815800787,3.7356018000235345,-0.8474852639197916
3835,0.34029062569912405,4.053392530442654,-4.944919130601875,2.978683910780589,-0.38129170644702093,-2.046156229872091,-2.20578563745158,5.697217190187459,0.6555047271392427,0.6514370951232422,0.9564082519027677,-5.754781626900414,-2.297866470187536,-3.6082882893402335,2.85324522488245,-0.07561190334959633,2.675687614451437,0.4528338235446796,3.731711067634688,0.8695567066589316,-2.6170285193734006,0.46618182913688955,-2.0265665681392857,-0.4238545159192242,-4.871923084509914,4.717511590767181,1.2670725938689031,-0.7066757627052391,1.8257436278876895,-2.231728965306557
3836,2.4874264096753187,-2.4984134557977704,-3.8594134031949494,5.710317917435113,-0.4495866292444748,-1.3903308388718667,4.169944891679439,-1.7637530551497314,0.29774591361515323,2.651928314050277,0.26921867869271665,-5.625084742887154,2.1124402983681208,3.3763556171800992,-2.352353572878215,2.3943527868708365,-2.4977462524746734,-3.0330488770649673,-5.845768509763108,1.2684988260589822,2.3059288352051475,-0.5598569020249187,2.1519991321263987,0.6791986183960859,2.910093282027848,-4.188956596753821,-3.229332979265571,0.8148078469187423,1.4544657971134924,2.238922649961374
3837,2.6228819136921544,-3.8043045862922966,1.2584616731690481,-1.835301913317327,0.860447074973798,0.8978158377760135,3.735460032542562,0.4458303795960248,-0.9871912995200391,-3.4025303887648857,0.26535121691578567,-0.056919940768715094,1.7518312545194803,-2.295734259506652,3.0770311850390684,-1.1843676041655549,-2.891271058097706,1.5425104822125633,2.16751896920195,-0.7091675109743445,2.149837491188915,1.049223871728235,0.7823468034665471,-5.439759624612705,1.2214315998266514,-4.6331748293090484,-1.4240656162091518,0.7539416764998954,0.5527054509137237,3.529161718280033
3838,-3.691401781874605,2.5056930627704546,-0.7966409193717254,1.9959695808237257,-0.2845905007328078,0.2709705583863524,-4.254283672595122,4.697980658696807,-0.35816323608640843,-0.7253101259814283,-0.974935130404786,1.6147115063716981,-3.7999649343586697,1.030873346726203,-1.9769342625223754,1.1142099939471493,0.8314192142723016,2.800396641936583,-6.001545359041241,-3.1405420610658936,3.571436475220196,0.3368224742761665,1.162552749081966,4.071275721527403,-4.061813620675302,1.6232477286684315,0.9387081507181634,0.36112122194515806,0.9690219920645458,0.16971452728110314
3839,0.0572311076864338,5.202178715334021,-4.8549509237356325,-1.0041805932805552,-0.37813149593998996,0.9778531899371234,-1.0996498275556448,1.6279347903614863,0.31795549692856007,-1.1941109325845396,-1.0640204222556102,1.4118908951064952,-1.094671265471293,-2.5047922330143866,-1.6778299676003652,3.904220166958112,0.587008188578757,0.7860651105503376,-0.9747583829906112,-0.4333926881404384,2.3527037994556146,0.9595499288907154,-1.305621570381014,-0.5984810868356867,-4.120047171385142,0.002348526987091759,-1.2003317775582971,1.12278344634111,2.2358306245792363,1.9594163510381115
3840,-2.7131732508046813,0.9244351626648104,5.345560628269041,-4.568328916387628,-0.10386874109950317,1.1153751173593776,3.988117047261561,1.0004689823676642,-1.030451161826956,0.7850366658041565,-0.2938294010465965,-4.449342132559057,1.1105561078937072,0.13963709777497257,-1.8001710329493807,-0.719644365215423,3.9666274153116206,-2.697005222814335,-5.634854334948756,2.549342718872847,0.6367003966174103,0.5067560313708652,-1.6424065871631282,3.5844617752493377,0.766463896992402,0.6735421917563222,-0.48051780645608844,0.365340389848158,-3.251961162762976,1.9271324906243095
3841,-3.616080961062618,-3.0739847754962213,5.49552218909178,1.679574520994354,-0.8799841792362386,0.3949532057103706,3.724855106575724,2.584211704267677,0.13205944131570035,-3.310004684048973,-1.0337919610025543,-2.0973296071067864,0.04046562232369055,-4.071163853149388,0.06697997712160131,1.0583860168716974,4.021852706537455,-1.1165204697038824,-2.874685752472253,1.430747994296798,1.840462974586412,-0.8732717106541212,0.7173341617844748,-0.24058766754271232,-4.276504404434897,2.7867422033733007,1.771150217265781,0.01017017525105679,-1.3812538856628809,1.0896956942097944
3842,0.5270490609456964,2.478150513790144,-5.817678659988587,2.501476223927302,-0.9245309052571569,1.235533766584009,-3.0649359252099764,1.0619580163405722,-0.252766804076308,-3.1053217914954683,-0.4141770025442666,5.775243506986232,-2.2121445564394513,3.970648441326855,3.677540377018861,-1.0805241825881158,-2.7472515696835114,-1.608268509633497,4.219933327042121,-0.6762755548329764,2.726891721952711,0.18234268030799594,-2.3682596566161394,-4.084632517855148,-2.4231212121398826,-2.132031653266374,3.1935620185763796,-0.09975420435648452,0.9188330141315912,0.5425120370569481
3843,-1.6999899648128736,3.453565772619477,-5.948625963696131,5.864957490753827,-0.30130237952244254,-1.3686049553404747,-2.2279421354500535,-2.96072063472716,-0.18303380831129346,1.2781349692089847,0.9192159835741611,3.1743456257061418,1.1524112411043923,0.9897319038377397,-3.1249039453948892,4.181972740046852,-2.863641494517669,-0.3355704450752999,0.06929982777190347,1.9944968871900102,-3.051009502470606,-0.6634943749769411,2.1999740051701497,-0.5492668426859204,-3.0927661791834176,-1.6240565483253526,2.4727951702061013,-0.005515869250472427,0.5194213925301767,1.7301220340251646
3844,-1.8338736582141575,5.60712813090576,-5.17868150039148,4.1311434903859485,-0.36065927026189115,-2.365057192422796,-0.22324606911145395,2.381853597970423,0.8571687131121388,2.778349014152802,-0.9608378521811964,-4.833287403941952,-2.802161484048991,4.057608331502834,-2.6121434351012063,2.128826057726755,1.691334998961402,-2.4634644690396463,-0.8362351772590237,-2.0149719919420317,3.924825915450299,-0.7048981510288606,1.4469860033876145,-1.8157065986094167,-0.2328422285063816,-2.6078742727438105,3.948650745960844,-0.9466559432009323,1.6994847723732889,-1.8607630738808147
3845,1.0221799874877746,5.4456710611353465,0.9199938480477563,-4.701806524566592,-0.5533242494179831,-2.1327141226849466,-0.403817425462762,-0.20739095975003963,-0.48699324721323745,1.7456338720084084,-0.5099982395143581,-0.13743400006725537,-3.5863636539404933,2.6389909222792767,4.123578012562852,1.5076510074694838,-2.4609892689314137,-2.2228670194385494,5.094882780694604,-3.3215325194254195,2.087249132576357,-0.6483301520634566,-3.038635117986786,-0.1736341237967629,-0.7571619422988505,2.618320166554657,-3.307417848009102,0.3757727998380114,0.984180193761917,0.0863066301555584
3846,0.9623414456072741,-5.426554760977254,-0.76528167636787,5.604432101095739,-0.26726852350951513,-0.10766858584700323,-5.315079730610442,5.25346422543776,0.20908325458386923,0.15922835473227615,-0.9584070055308338,0.6517109013881317,-3.819132059722037,-2.6602586661388035,1.7733372140859025,2.698563183538109,1.210713383685306,0.7967769445526933,1.2001938746381846,1.5707277233224293,-3.786481755783443,-0.5615627544325266,0.6215811072310959,0.9555418050228148,-0.7220318351403598,3.4224285810149375,-3.2769195328353717,1.0011381622702515,-0.5795937122400474,0.15497833693276775
3847,-1.127637710880471,1.4922052206286516,-5.7582142497332605,5.541300537286485,0.1685571003570714,-0.3162108976571041,-0.04947648733180543,2.9909310948388423,0.22084037051376626,-3.64713459945251,1.1361459438052748,-0.651306322372804,2.874981565226957,-2.778209263051872,-1.4062484987016646,0.18086570447757921,-2.5951830094505226,3.723793501500694,2.990770504674778,-1.1989865143021294,2.3750675163684782,0.47943400037227946,-1.1352494493565217,-3.511036057758382,2.4548641136185267,0.4635933716227214,-1.3379278433432837,1.1453510873466204,0.2600140122932437,-2.985894741535672
3848,-0.566639303462285,0.5289648915146046,-5.521223058098975,5.208543672436431,-0.7190048581584603,1.0693586557700598,2.5422429077441464,-2.69133509202938,-0.23651965349786064,3.391527655148302,0.62002176877363,-3.625937586138072,3.7055407173402592,-4.19061530494027,-3.382366552199395,2.8023705888070722,4.020064265255542,-2.954993714262068,-1.085675471086983,-2.245578867771206,-1.5541692328185182,-0.568402221441568,-1.026690256575634,6.480516049692412,-1.324007335751034,4.89352421846748,-3.3661578827490004,-0.11830536606677544,1.099451426684503,-1.1845050605830174
3849,-0.9147973198006127,-3.1333077425932885,0.8858348517900652,0.4883569708809503,0.7221380058022309,1.9517752339220458,5.76768909139161,1.412614992439579,-1.2251600814077621,-3.2622919237140238,0.6756096656177348,-3.368461744326364,-2.9329243533677474,-1.096874175071049,0.31094153077360076,-0.5046761489997422,1.0210874232483782,3.2024457234176644,4.854032164739078,-3.200382355045461,-0.7501113935346027,-0.7918752960426216,-0.15158751166122109,0.03992439154334804,4.759410246669255,-2.9803555912618585,1.4831367450273767,-0.8437973573884232,0.8011317287064728,-3.2195257717506642
3850,2.3232614580843496,5.2552114407724915,-4.827491788616278,-4.071876633594343,0.24983153200448438,1.0710639913506697,-1.7864799228172892,-2.966937075367408,-0.7248819419488575,-0.3057348069101451,0.21133791090742093,5.572695836137008,-3.7609256343851047,3.662150901329504,-3.847188786483251,4.041582822457077,0.0072346479197484825,-0.10285395083689508,6.041310072835952,-1.7327271575356828,-0.3120646850428468,-0.9339610712166841,1.8219595061646423,-4.884516665206892,-1.2986313386125268,-2.149380962323651,5.406255624471719,1.0407221400696391,0.6810056121072101,-3.679971075710231
3851,-0.009862053030735396,-3.702668290592186,3.985884889982824,-0.09433354100795555,-0.8254266467755351,0.6464056414249448,-1.8670585079701638,0.7395540956628359,1.1482384074152963,-3.725313611243152,0.3771665578941059,3.327413058241852,-1.236954554599274,-1.6966368547905315,0.47075950643109366,-0.6507379440011256,4.005374498328305,-0.8918046513673978,-5.470643663517226,0.5420302657118317,2.6998168729933028,-0.9755332879667034,2.2263019549778846,0.9780278577993933,-0.05352918783391658,-0.30310214072824593,0.9791246957343454,1.2087018766665532,0.5001581716709804,-2.331353415507504
3852,1.3474134330378682,-5.39984218576512,3.23354641431677,3.4013284830986414,-0.6886451787361543,-1.8938009659506605,1.645407417754953,1.6740710797157519,-0.4961481590271726,-2.007785370976329,-0.2530198014996614,-0.5625251659667683,-4.113652980168627,3.7240765631529875,-1.471296449749163,-0.9741575363802113,1.87175653534905,0.9632738677970387,5.782853536619442,1.728415318382357,-1.0700008272924801,-0.6028248770193905,0.715505727573154,-6.5539488782645705,1.7683598523808364,1.4652688568679118,-3.2173584710282555,-0.377504125455431,0.3939620327109665,-0.03272814547380953
3853,-2.770793497898774,-1.680444850350323,2.105058304047006,1.365101371145908,-0.7511736529330015,1.7322523259905118,-4.934018479021557,4.832926871491228,-1.1006453255135136,2.4897788548298223,-1.1429203080277284,-0.14512161375747468,-3.7898794209920172,2.2859290207737004,0.6373350793400974,4.161151142392292,0.22747346362620036,-3.522009285139198,-4.391438012900792,2.512668238098673,-2.3806013816653824,-0.6151890710654611,-0.9449154614264135,5.819475688957894,-1.0971385975361336,-1.6285109051842248,2.505432188173433,-0.7670584080436829,2.1522662066438194,-1.164990484050982
3854,0.9030916017471746,-5.250769518153781,1.5940372351966978,2.9355292402412836,0.1737592825890344,-0.35564784161908847,0.7333369698796588,-0.3870319360662293,-1.0774854609722633,2.3871987458273907,0.11036720148550394,-1.766385520153289,3.4974637481012394,-3.5881774349133284,2.4845455489751913,-2.394634475102256,-2.331982948494389,2.332785561434619,2.7912216260421374,-2.98853908633518,-2.948455987285067,-0.741207912132058,-1.9567254366803262,5.843706796389007,3.6411301748617397,-0.8528813574573135,-0.3121166651958305,-0.9839492013004731,-1.5734193016674354,0.08123635076157854
3855,3.1911009102309933,-2.704334410318367,4.812411712220882,-3.9152227809012636,0.6792038813978052,-2.0631593126287227,2.9690462996037326,-0.36588070403034223,0.4529454288656227,-3.3535438521609695,0.327229227327285,-0.029796399604588686,-1.0051695909711231,1.6350266786944054,-2.0752614804710205,-1.1954666917987566,-0.9075660585505076,3.5484371430981234,-1.7290269247218149,-1.543088136262643,-0.4951840535424985,0.8929671165588822,1.1029934036212783,1.771338594345334,-1.11534296511757,-2.0847602258078304,6.082177019097262,0.7665377745063244,0.03074196082617675,-3.679353563502101
3856,-3.060787185914906,-5.60765600685966,4.3865310128840385,5.113553928432754,0.86074905495372,-1.6923908034946358,-0.9590843402744156,-0.40601205671769236,0.37065061924037224,-3.5660253675371294,0.8742282251948392,3.686242920094749,1.8661397680726957,-4.058002156669655,-2.706663082173886,2.8150729755700468,-1.0100432118072025,3.093495707009094,1.911168078216086,-0.34400128235255956,-1.806437232776009,0.2785494788078289,3.0669533744554904,-3.106232416352295,3.052157434927558,4.234877646484218,-4.273057969225199,-0.521277082181312,0.39074621054087544,-2.8834462405438757
3857,-3.1911543163089817,4.247542253870215,-5.914994065620942,6.222431595469658,0.3187977416782388,-1.6826232090868878,-1.8293710980232518,-3.545907691250008,0.8464580964068942,0.38338850581822825,1.1490997438322799,2.9963324432165948,0.5446645190927413,0.9201701284429049,-1.535394516375085,-1.0601339984829803,1.7987578522594703,-0.6680639849359977,-0.03555289549972329,2.09995617704649,-1.092348748601891,1.248263279077948,0.391277518445893,-2.61159533047017,1.575534007924258,2.7303265565212023,-6.126979073760623,0.7014073157362795,2.9427241065891074,-1.823012913007977
3858,1.69761383768801,-0.7253172006520785,3.494918924074579,-1.8812234244982804,-0.682988309295764,-1.9030038273151995,-1.5350025142588635,-2.453918229925378,1.1961947155330455,2.4949796838546767,1.1489809363038308,-0.8512345915065431,-2.95106359938271,1.2936200204115025,2.624668540866473,0.23273383096750422,-2.70974150644361,1.509782713581881,3.1357128460852763,2.381495422025626,-3.9441767460436967,-0.20273356965731004,-3.065607973589975,1.6953100211786243,-4.189364437691312,4.90304169528272,-3.413431057202253,0.8128614804074843,3.1411209694148567,-1.254228650209237
3859,-1.8071005458852696,2.483144389598433,-3.51058459071864,3.2766609246288,0.8017081348988357,-1.2438283125208862,-0.8291380430739927,2.899758290430455,-0.6324970228237499,-1.7283641216274965,0.2893711276641273,0.0008697694314001581,3.1956615508671185,-3.085775074954979,2.457194346336955,-1.2968655370816347,1.2116509112384861,-2.481866196404919,-5.674131240686975,2.630647987644341,-1.077672989632731,0.022913962415943345,0.9231359708039406,3.175106309454023,-4.3819286676700155,1.692725083972622,-0.3607797129883217,0.8230542245001535,1.135546900811235,1.0913821713765905
3860,2.6977506442419,-4.636850735609471,4.040202856885465,-2.8178017496574874,-0.46395220138691107,1.1806511855277684,1.137406178328419,3.2956732438878973,-1.0051950051422343,1.1809308809896137,-0.05844269789927736,-4.550372600163666,-3.5120719646936642,-3.4399562266414474,-1.7159473080281327,3.8278819481589004,2.083593408309561,2.7565001428957814,-2.3085314646647603,2.254026642665039,-1.3842285405402492,0.4486830952801366,1.7257698151733223,-0.7357195479149361,-0.8120245052079049,-1.9796188146631089,1.011041172680013,-1.142814345538302,2.2217301097239712,0.7016863830075923
3861,-3.6652974371283022,3.2442765916715963,-2.8664311522318933,4.726999098587349,0.9576729009866112,-2.3972200018840777,3.005568678684643,-2.4139885352171824,-0.5518241352332671,1.8153272962386673,0.6756188075055691,-2.5307021119776714,1.042368678984971,0.11294652479910638,3.038818631797213,-4.047367248568355,2.185607436260085,-2.332374023271983,-3.8890945153065317,1.784224217331758,0.8394899980813193,0.657063361930093,0.591592800814194,0.016724137147701157,4.070550043566566,2.1840254209634367,-4.677612039452782,0.60521666483353,-0.1579024478551414,-2.0242776420533524
3862,-2.1084497637589266,-3.873257380436428,5.95792145858853,-0.0044413833893166554,0.9874759082006919,-0.9592488392032603,5.270752447928068,-4.758281018266896,0.5467260365806954,3.664189558913293,-0.2644296986828767,-4.458957326471534,0.8247903458108397,-1.3617600860270898,0.10449244001278757,0.8055177015316097,-0.1342374862631317,-0.23880291506402074,1.7257990140822557,-3.3755324160280047,1.0136731960810508,-0.06563701275177092,-2.727378525325072,3.4290757439400608,4.198537656732192,-0.8015645895370298,-4.757584236067611,0.5533372178894593,2.4227018524550026,-1.615427901469797
3863,1.9540727145113017,0.6018004929651966,-6.069102207278355,5.560336974547084,-0.16088534485071726,-1.8862226298931937,2.361128147441935,-1.9267224351463668,0.262419888216769,-0.5319904113140517,-0.09396219452651433,-0.0708729946710207,-0.9078673428314623,2.7428746165992735,0.24682915446557985,2.5423381351769976,-2.744550641337984,-1.879623922071385,-5.2841263359526565,0.7694813691652485,1.2311048431094882,0.29886843938037533,-0.636729161815877,3.6214008461119285,-2.746997083355307,1.6926625803177835,2.167840269817436,1.1491079547680005,0.6478096962492597,-2.9104234177949504
3864,3.4696417131190493,1.2845039992414478,-1.8436326339576041,-0.9418220538676181,0.3903733587342195,-2.359064383268205,5.7972901272280595,-1.0786974656176334,-1.241244934508761,-0.5600825895722075,-1.231084276501631,-1.6861808610270899,-1.774442482250496,-0.9659293520931485,-1.6872296537889486,2.222239086219137,-0.700806295657987,2.906168697572479,3.6205974933827676,-2.7974314224336183,-1.9927414963607024,-0.4947694725076932,-0.6870974106813197,2.3514423085991005,-3.7115662783180277,3.0231565090017334,-1.5485161910281242,0.4147395362959907,2.441001584996215,-0.618815160945557
3865,1.3153165079162221,1.8093490423280443,-2.5796808291221893,-1.2705310069450348,0.7735096873880942,-0.047963401563821506,4.487855485328865,1.5452118680706448,-0.3103517514197156,-1.4460280673204888,-0.06428812696456454,-4.21239940769399,-0.6324752723780982,2.088421177376105,-0.18155784805830777,-2.7182706362431706,3.7395661045740134,-2.2956835252695154,3.088294734084453,1.2290732710756398,0.2552903457230862,-0.4686939941976025,-0.5513143287677362,-3.5526500279193165,-4.751379152983995,3.4033266178576085,2.136974067905541,-1.041140915429351,-3.301741473341556,3.5539608559939886
3866,-1.7839899509122663,-2.0458014031734706,-3.30035182019801,5.879598909836318,-0.08179594157839754,1.3323402060271334,6.159996876403586,-5.3882638298183245,-0.735286634245786,-0.4262770135606022,-0.09858869159700667,0.48841929281888596,-0.3410647764518373,-2.7805146896932733,-0.6952051583645087,3.620446365077335,-1.0085949657827449,1.2049332252160632,-0.5862784601558104,-2.157537263839364,-3.800405115059835,1.2075118722097162,-0.8937380160420734,6.23044698288588,-2.4503177882505085,-0.8588897463073337,5.631295324662684,-0.25265000715555797,-1.426726299836238,-0.6427114831107978
3867,-2.364977639328421,4.401406782965051,-1.7462909293813702,0.30907129292961244,-0.20883000106683136,-0.3903795061167301,-3.8884506108922885,1.665553051364622,-0.592628305689785,2.029398004995901,-1.2153433346905418,2.0014711949128277,-0.42011953337258845,-0.46432518263979006,-0.2888841084919349,3.3469220030638347,-0.6702413842289587,-1.503351794329543,3.7996081666836616,-1.8200481735890524,1.2828580496319297,-0.819203322654471,-0.8013789318191495,-1.641835788254383,-3.757979676466988,1.692892515186724,3.2223409387965063,0.8129127604683299,1.1922675428302405,-3.1624340808125666
3868,-3.6778721363812448,1.0926818188238805,3.2141895191660694,0.7937616739637363,-0.4651069097454672,-0.9576539658256866,-2.4197647435904983,-2.996139191819566,-0.255313347287375,2.1678600760224356,1.2102196197393242,2.293137586936414,2.2115745139476815,0.19066802605830802,-3.8369891881448694,-1.34113223731541,3.8081584299235907,-1.0322795444683006,-5.133044402028823,3.2174439242537183,3.7039341386702347,0.6481461729945499,-1.1355423384645515,-1.3009374954266058,-3.602223956473175,3.3767658751026026,-3.0439464657055133,-0.6207010703767484,1.2086554376523644,2.6814501798027024
3869,0.5941889588195277,-4.721040883170179,5.6663203074074815,-0.8818704875541528,0.4783674560576281,-1.1359653515590136,0.226781439443549,-1.8813679467181785,-0.6393352736785207,1.799992750498106,-0.045919114827300156,0.5398481452830772,-3.346338118242995,3.5970929397594986,0.04733782391227237,2.696092262842221,-0.11255536043853454,-2.8816295478314835,-2.168993252639769,-0.26658049905286063,3.8562087550746043,-0.6134301620140894,1.7660967253156805,-2.5733015666850036,2.2426178198673803,0.49868906037711724,-2.991420903600549,0.342094218316606,-1.994470848915741,1.9024906539574005
3870,3.114328259215174,-5.093396403269157,-2.7417146668176926,6.161971434761551,0.775430643367367,-2.21661926725592,-0.7656105957577886,-2.165087671389511,0.3818870886207799,2.541045218002427,0.9119463862644759,-0.9041804257396358,3.7409861298361555,0.7981402655152756,2.0934983029392917,0.46853844103613795,-3.3596540840835054,-3.7415090552423838,-1.1284289093484325,-1.581476473942427,1.5666737654814007,-1.185460415608766,0.2734912644303886,2.0552007689864205,-3.7592313738468484,-1.456511513567257,3.1476871946619482,-1.2097771990690354,1.7278874190549516,1.5499454727684778
3871,0.20599696082448382,3.303466622612394,1.7813531102404347,-5.289135550941378,-0.6085310094984793,0.6068498667638575,-0.36943698066269093,3.6317707811079636,0.050277683761816405,0.6574352219928841,-0.8268884990645162,-3.1431582071347073,2.5781194341829234,0.6536665229051302,0.788435263725578,1.919242962901322,-2.8765320482193957,-3.0629321354945898,1.9724252196665404,1.7097437836128169,0.8010337365443867,-0.9281891029638345,-2.4396439816669133,-1.1153696551943995,0.863429186466032,-2.2703430126613178,2.5001775912084696,-0.2526090144368629,-3.2773867293901393,2.4367319788160344
3872,-2.076658322680899,-3.51531010905234,0.7178163985205401,2.314635519109313,0.9823887099915578,1.5771278041131698,-1.7523612726995879,2.260915782774166,-1.0874969016670972,-2.7206929894639167,-0.9909668429444363,4.2906022240016455,-3.7345909147195595,2.6072387034863773,4.190369318037167,-1.4922428409165107,-3.4989830334324914,1.928208767545975,3.598343681135301,-2.4976936227045456,2.796758664228193,-0.5796614415803125,2.2877502895494786,-5.6054975706295025,-4.785196511064548,4.131459226794902,4.211274073462899,-0.9483538560190992,-2.744280160578521,0.1350972274065878
3873,-2.475008789399128,-1.4140356496047808,4.838107690075148,-0.7472031723985069,-0.9920506380331289,0.7901905593617276,-0.195163294338645,-1.8592437801065493,1.2227902089358738,-1.1221205356249424,0.464363419393786,1.4893739817413092,2.372869294560598,-1.9785820979390785,-1.330237166403398,1.6260273906164748,-3.312621511757989,2.622544090924329,4.440885766738177,0.9787460016828824,-3.1118874527557363,-0.13090392169578013,-1.78738778184014,-0.38945261213079263,-0.936382147931873,4.638020658843349,1.5728400177180113,-0.9049277599185022,-3.5163093094219136,-0.853241459286858
3874,1.1369036080027541,3.5704844005188185,-5.138139284137495,-1.463180397337002,-0.489490759273564,2.383422432227837,-5.634702639725155,0.008204497866451277,0.7524987066946371,1.7700618819824143,0.41546706009464174,2.688470493087806,-0.03283471169291019,1.460618535410024,1.5025709630106618,0.028701109877331987,-1.5606898175302906,-1.398366079073881,-0.11059690847014991,2.5368103455802213,0.48740279379848417,0.16908202726857358,0.4631447048750612,-3.5458429630535946,0.1253634983962577,3.1896083892461604,1.1075291891398251,-0.13843395513199663,-1.6684059653480716,-2.615661156299984
3875,-1.524234654655622,3.4507210380651756,1.4229157274252806,-5.0787635978991155,-0.651537638146368,2.3808991252119913,-1.424837999094354,3.1803710808550854,-0.08076529264832377,-1.4518580937840806,-0.0902377835104069,-0.13267191181710913,-2.8781623922277504,2.000594238496628,3.065646489100601,-2.4148916556757047,3.6149465144783903,-3.388133194171239,-2.737149749249845,1.5855392586585424,0.6510468361759294,-1.0816407804688852,0.28500039847422975,1.2972040364086226,-2.554656340672505,1.4030923626831822,-0.6368360115080307,0.2762939723986362,2.578752243505786,-1.066646226404881
3876,-2.131553652026973,4.642856930026657,-3.942078046209737,-0.9727188654901866,0.9174312218532354,1.4860624118483567,1.7394993848416789,-3.0145222511116323,0.832717310491593,0.16027687885405228,-0.1938821702566944,0.4759108471818152,-2.724805611655663,0.15473334604584466,4.170656656208017,-2.921641575197123,2.839285355225993,-1.518228170626145,-5.762668608298721,-0.9163709401084628,1.424644490892863,0.9806414074673935,-2.206953103268546,6.480706753314102,-0.48043339492308235,0.10949724888099865,1.6307946837213052,1.1194849257680062,-2.959546053761546,0.5802025903165688
3877,2.0654963615394237,-2.366560436404619,-2.645212535966561,1.4690320145488265,0.9837860421217859,0.49345855416248696,-3.1520094732630426,-1.6950269766132635,-0.7101029048906868,1.1611246894303449,-0.789565405857136,5.185580071194597,1.726912731947749,2.124191567991261,2.4728886660617775,-3.971802886044294,0.8794673388638934,-3.2316574188194895,4.369197985143636,3.3063231567350897,-2.412193989654293,0.7730645793347213,0.4979299261556367,-6.53432165771612,-1.7340311875266963,2.5728880619999046,-0.2342325140416186,-1.225437405105279,3.3460062546302893,-2.725193209954366
3878,0.2816271793929612,4.129982858040982,-1.0681530754583832,-2.830928380753175,0.47559440577783363,-0.9881229869988726,0.23845734245173844,-1.0175044924207697,0.43398961369069244,-2.48197098261517,-1.0271085157698794,3.8541370346641877,2.2306293078809425,-4.125887337144372,1.5590438105834181,-2.894451283139949,1.2819818557792715,1.9486836460415908,4.056206730184645,3.099134767458807,-1.8667874005208702,-0.6940964363513542,-2.923556642370535,-1.6709010184020165,-1.8659544505490402,-1.553555456062071,-1.7171181996264444,-0.028812807943655372,2.196487539965151,2.9689533742182803
3879,0.5567482527120511,-1.248911963354555,2.0102461712277133,1.610837708874591,-0.47293809791848473,-2.455982071539986,-0.050838264583031645,-2.3875136102109984,-0.5039112284096436,-3.6216666220996316,1.1140078149284989,5.449921910375579,2.1828776978912785,0.8658643913342452,-3.7796438767741307,2.939342904123883,-2.2145229999349905,0.006081883360629092,-5.64474990248771,2.650134167577768,3.126832438175935,-0.8221397985727252,1.9903958905189167,-1.300472795213519,-3.472292384829583,4.614335474305985,1.6358195468232104,-0.19906079944544075,0.8855500157628295,-3.4643518526148043
3880,3.36141623615325,-2.380185626027366,-3.1022542394112484,-0.07625766766017605,0.491077639617711,1.70620365732918,5.480301484591379,-3.453173928981112,-0.8528511772257357,-1.9844846727531564,-1.2163855829497487,2.0265938773191152,-2.4420758272846133,-3.1988469175205605,-1.4730688587760579,2.6353528165746383,3.0819184676148623,1.3967203193926814,-1.3945736319794904,1.8105051644810697,-3.2505641973352066,-0.0383011949819565,-2.690746780749345,5.563680640563582,4.6454924975887515,-2.7849168287952537,-4.972287486078969,1.2003738120999374,0.9183127859705138,0.9930252192172375
3881,1.1271580212882384,2.3292477105836795,-4.886712857013013,-0.6600217400899311,-0.3096273686252127,2.399956233857589,-4.528586827743727,4.6520735151474,0.7235797210668808,-2.595962561494545,-1.1443886181724419,2.893284771197159,0.3236287113990812,-0.28133981907990346,0.16727056467228607,-3.4411078075073807,-0.2536971513916093,3.4852455019084836,1.3862475032911838,-2.6965027822186745,-3.1202039745069676,1.1786795362529299,-1.5548078731456414,4.806587590325826,3.616028201557537,0.49991906456855517,-5.357964549516428,0.6270750178072957,2.5868396071515747,-1.971897341566292
3882,-1.5718819876967398,1.3998824204756062,3.38215867215208,-3.0588017288447453,0.4752840240354117,-0.6266414001202385,-4.77353112077121,0.1571116421750709,0.3048364578438534,1.0075772698873884,-1.20605874365557,4.510064494521231,-2.112558183418207,-3.4360682843619124,3.271077302379645,1.6575981674789197,3.916010382849862,-3.2960593849273536,-4.873804852064367,-2.322276231947262,2.436065020035336,-0.15405992329205453,0.18437978617665252,4.729696201090363,4.180123298031326,-2.197808159235933,1.095821295955556,-0.6117013423071249,-2.284647403866723,-0.18178768857484862
3883,-1.6609927994263476,1.8964811151104257,2.344156580013877,-0.5255745768883031,0.10897356528258983,-2.163043884090846,1.4078164069235655,-0.6282382429000819,-0.33293918939622635,0.5019756267390498,-0.11449771657025831,-0.8341168847952929,-3.136676960058834,-2.1175484350132656,3.8676390998765093,-0.4318187188328828,0.2732199827778672,1.545185031251581,1.347045012748822,-0.5429757331033702,-3.7387665074626604,-1.2252143529367716,1.28116805309023,2.8787435276624436,-2.7301546813807853,-0.8199722629899746,3.553967489448741,-0.27219041849518355,-3.363870697467176,3.6322205708866413
3884,-1.127641694439875,-0.33344480546285027,0.7932641627277768,1.4118290043444723,-0.9683415100775512,0.2243348429094123,-2.60353436103426,5.414067052407958,0.14656618140094047,-1.4669339900080907,0.3527148916540037,-1.8428797744197745,-0.131938587507765,-3.7141846342361884,0.01978275806710883,-0.6324815830007431,3.8531272197945654,0.6056948268839939,5.124276732187571,-2.356408837772614,-0.07423248216506373,-0.7804999883882289,2.806652644829228,-4.719788068692168,3.553752729613617,-0.7442238755016497,-2.7687685382369587,-1.1582323622882598,-0.219092108651882,1.3365641550673892
3885,-1.632851261869824,-5.541308468358139,2.823473598227306,3.690983608520291,-0.7531862603561115,1.4128887838378894,3.8963675166442258,-5.685321717769558,0.13583524683073112,0.8621098308406516,0.7083187058647633,0.08269041758995499,-0.6458513478271612,1.1638609521596415,2.5564542418060157,0.6381443224290173,-3.0377393417746337,-0.6748688267919167,2.2925166459074333,2.833795004979674,1.9143111586530388,-0.4523320884427031,-0.6606241293024855,-5.927666591796243,-4.609677040712599,-0.4821820646043484,2.527393277377012,-0.2088742995031092,0.9469091911455827,1.8264309362997153
3886,0.4736372401171618,-1.203769184295755,-0.5973585212642867,2.5466555296427913,0.834074255189575,-2.0532393193881058,-2.908281469428836,5.618885074920655,0.5789835161851373,2.1289861814004034,-1.2493115557908894,-4.169261747285667,2.1599954629026286,-2.337603046100595,0.8151640761681698,1.0512957930736455,1.371927321519717,-3.0607796075625693,3.1674340244528416,0.5541991987298722,3.35053027471675,-0.6902405648525027,-0.3692087926630485,-6.012714140385235,-1.1607377499744125,2.1594817930955053,-2.941775755779709,0.46107186658708166,-1.4409928103446088,2.922952656418385
3887,-0.8591307693994832,5.256582394942313,-1.3602278359474127,-4.530677570737502,0.9514215748650678,0.5420322062784066,-5.525599602855543,5.065178841647999,0.7709587496707089,-0.6908339327216293,-0.6360492638356003,1.0163452080948758,-0.6398671753469358,3.90323578576675,-2.7539770949420213,3.5878889573103514,-0.9767218402436697,-3.120558632543478,3.837999022421233,2.729792568250083,-1.3773699570101563,0.3192734371676478,-1.7633619313257967,-3.746333139504312,-2.3631184192370256,-1.7895063337565098,1.8299883630129692,0.8031140540933936,3.5392994688647654,-2.019777132975335
3888,3.518708344479169,4.800293246502498,-3.9544514113095808,-2.544834183108204,0.3766380979242405,-2.196354094486747,2.734237623849399,1.3326033637475518,-0.16484545558868025,2.098117364074646,-0.8523063164296296,-5.1478065796524675,-4.096224961831254,3.6922135608649818,2.823040013422677,-2.873731978666113,-1.3610957367348817,1.8157991029455793,2.365544466820303,-2.002038350627263,-1.519829882705812,-0.42147322756477834,-3.046937109145297,4.624734103221559,-4.021261884972418,3.385294704287734,2.4954866789963006,-0.33435043411404664,0.3160674067031586,-1.841236470898485
3889,-3.5426371283841895,2.0969633882530836,-1.3308346700802147,2.571523050899277,-0.8502985283028788,1.0552838876163229,-4.300938720194985,1.8126913562588634,0.20359447359226834,3.1159442571762668,-0.36436579200393115,-0.46692557482765196,-2.0501795532071423,-1.4887342970953412,1.8385610076252341,1.7067940830102089,0.4638728124956444,-0.4703140528276606,-3.1735362090096615,-0.011964619905706186,-0.7190287693344697,0.3408580342491536,1.280582232059066,2.2830893319403067,0.6482503534215063,3.4175629393816394,1.2290465488704214,-0.40301846661595064,-2.6919775162198416,-2.1998638588355615
3890,0.46936541324825676,-2.900687682704966,5.409091398041831,-5.134716314523427,0.6781057320288064,1.4788414539108832,4.062659771274678,-2.381622847037722,-0.31405025769005945,-2.6457601560929724,0.8276199618764553,0.451153527670467,-3.8372706356099524,-0.5478269642442051,-0.5746575656716288,0.25230222256926993,4.194056343818417,0.5133965991390337,-4.500312690857658,1.1558580870074504,0.8874754655707697,-1.2262418927510317,-0.485401830655956,4.168622861685151,4.771979688236673,-1.2124046516141398,-4.1416515440820945,0.8933536211447581,-2.9047674423476693,2.5934903286646716
3891,2.1502729623884065,-1.3493748748420025,5.480811687697397,-4.327437251066886,-0.7184929186069895,-1.235779605568549,0.6749292060930472,-5.508540986421924,-1.0391160738563245,2.0602006713303496,1.2164223121804438,2.5961048706752337,2.3737421797595637,-1.269945013503044,3.0083172074004025,-3.7854355903607093,0.5794060737801736,-0.9060848570754487,-0.015486466329694082,2.612809964947047,-3.1231885488216964,0.001348007429793796,1.3971561541111281,-0.8726391113378398,-1.6986672422847597,1.2147469535267845,-2.271443705421831,-0.9365631712145577,2.3245557990743,1.3673713663222848
3892,-2.6121275750453687,-2.394294972441962,1.9485814781333453,2.975815821766055,0.8792361472640873,-0.7972108996748073,-5.0936202221116424,3.728480485647953,0.2935183127357366,-0.4949631852021259,0.1706461450664829,1.3959384638644252,2.5216724001459596,-0.4784047067913839,0.6285695138174603,0.2458515959794454,-0.8216964842324259,-2.0959923189181087,1.6974943940137273,-0.999496141560968,-0.2598034134804852,-0.34491088907567935,3.0479176013403766,-3.1412015512382254,-3.1342212238369243,4.773421306667096,0.6681197862219932,-0.030104516632389,-2.7820858641140003,0.5048705116964083
3893,1.114178863450043,-4.008906699241315,2.1490930813006095,-0.5784276337781336,-0.42803139239280763,1.7520937806629355,1.1303700729719282,1.8164322509682833,-0.7773838880558142,1.193683085037403,0.008051065338203323,-3.371152586259182,-1.1732349706676501,-1.687983429993892,-2.5085109776217696,3.7210759861388425,-0.5964026798221411,2.245056071967511,1.5498525136224792,-1.5676077742143022,0.32648651037740706,0.7390265777302236,-3.0399178157991145,1.9921599882820402,2.1077463674041645,2.020711846171711,-4.389468633800391,0.7618773679365889,-2.9732270017296916,2.47236005401982
3894,-2.692072771208883,0.4310992678208727,-0.05181455756570941,2.033585692859802,0.1736071667745991,0.1055952013206305,4.677678416284934,2.6099846516082152,-1.1060849559251924,-2.5295100392298284,0.4320662109765898,-4.084134283713919,-1.729940461318085,-0.1196072864095008,-3.494065586098815,1.1410019604542576,2.403962071219418,1.7986493021536596,1.734915186280059,-0.608908375694817,-1.3090895784992878,-0.8917523874925015,-1.9421128369542924,3.0169479923595866,2.3407957282605594,0.4623790443476885,1.628675245873918,-1.2323034838226161,-2.622267254553355,-0.5772792801039941
3895,0.21032550254068383,3.8297937329008747,-3.8942383060804,0.22064424932387183,-0.5335208307867001,0.16699565210293876,-3.9200427501470685,-1.687122731540235,-1.2218348300234378,0.9257686258264446,0.9421020407354437,4.961129645149647,2.421678656256674,3.4101402053254866,-2.358378922967656,0.13051869517861903,-3.3085258443060077,-0.2954327894862061,-2.8789726221590755,-1.1198794959736524,-2.1088096341138733,-0.12620246114452627,1.7528764384120983,4.48098777497777,1.5186228644969617,-0.6102265721118982,3.0882666336374704,0.27319759169875635,-2.6438176942698384,-1.6260428234492394
3896,-1.006660151673497,-4.181704401247831,3.831963083237774,2.060970417714927,0.11892110600498329,-0.8234900540350836,-2.142387714768546,1.6878875586387352,-0.9565169853392019,-2.6234219194650255,-0.13302241664812264,4.167461477582936,-2.3767867295050493,-1.160324490724161,0.5096425627349888,-1.2469746390247956,2.168671452027162,2.1057718444927644,5.472557540863772,2.9897306838737627,-1.593274462316204,-1.1844428616203384,-0.7168702987976356,-4.967700602004641,-4.281893221531568,2.1212447189733012,1.0608323402434365,0.12841878738666423,-0.6595388896369112,1.6309362645673033
3897,-1.8463675073885497,1.5253461603529601,0.7518008471636755,0.443273206899395,-0.7250385246959139,-0.14901418233029418,2.238428025500628,-1.2061569636508267,0.9160024074047426,3.1414387815440357,-0.030731615447361804,-5.058980635350441,-1.066937328806734,-0.2264946517035682,2.1626744466472267,2.4341927057940005,-0.240596673557409,-3.0628384983725905,6.047756042768775,-1.8776249180920512,3.8786566000783367,0.40275459307945116,-2.6039670330832934,-5.8475752847525015,-1.1379682805377414,2.26414982427983,5.0132842043256005,0.02591026754563952,-3.1897516410548157,-2.9756243745563005
3898,2.469824933520062,-1.1300740693165459,1.727740088997841,-3.106951495040999,-0.38830555292679736,0.427766094767728,-0.7877674568924107,3.4526707179580143,0.6022039514979554,-2.6343685853076053,-1.1382263461363324,0.5054877188811737,2.2822918344673226,3.343576131040841,-3.7145695652305264,-1.2544928320815263,-3.523530224970438,2.866724656775247,-1.6758840411432558,-1.149781141185107,-0.33349272020069876,-0.7738005989963419,-0.030961772119479036,3.9639202736436374,2.139771138103363,-1.1417560926969301,-3.5000620659436024,0.9472064923253338,2.547379950910706,-0.9925394226966731
3899,1.771341625330141,2.3798016555573938,-2.043267469409791,-0.5694356636137954,0.4180999234540246,-1.956540071316681,2.0562925874500806,-2.7776992375532927,0.41148721112780073,-1.207844832016928,1.1088415078958507,0.40892276309728715,-2.828742932490922,-2.4178987475251343,0.5271531171073818,-0.9452884625599935,2.4547431566446036,3.2100338688250005,-5.635096457748233,2.4509368818210007,-1.3925052541258758,-0.9284836170124482,-0.7788432322917114,6.283991679356028,-3.9322983575445676,2.016124137050621,-0.13153297577068912,-1.0813663370831144,3.505110210261705,-0.3760366769117294
3900,2.480828417030505,-1.6211936815467318,-5.036836729148117,4.40018368882879,0.7679930691363683,-0.9909747642995619,-0.8107797717838459,-5.198622626151717,0.16778525903060704,1.8201649003739107,1.1938765499148847,2.827575688616953,-2.520182336508043,3.8628168080221954,-1.7128634651814725,3.713355018482101,-1.5028793352695207,-1.840246689544328,-5.0890790771216246,1.2844614586252696,-3.5011743832084434,0.6485652993459414,1.458095119594887,5.199131582762746,4.891303233700487,-2.115379792100807,0.3269890455483129,-0.10639818043894422,-3.560392371470023,0.5638780647632267
3901,-1.326036931076466,1.2366411555613368,2.216171781600462,-3.770445764045771,-0.387268921481432,2.0309386794431035,1.1250314257818097,-1.1717917856824727,0.7054680863859382,-2.818774695240652,0.47895642100812186,1.6811105477480304,-2.20341937254922,3.753744417145814,1.4293757516917225,-1.1759791026806763,0.6466315308875465,-2.450353224494247,-5.798569820684307,-2.1729005988014425,2.413998411881227,0.9778033702334215,-0.01088661412924985,4.590555251499133,2.3197651796941727,-3.9254182191794698,-2.8309831090514592,0.7069252523508567,3.3811522296798024,0.348558666508362
3902,1.4820257356959772,-3.6159693517968883,1.8154718830511882,0.04807465243940712,-0.5240005851748333,0.7943976657863434,-5.976303052882368,2.094490306173931,0.8373842434321626,0.6916487383860854,-0.7347137313858809,3.0874934962768528,4.114371515515895,-3.4055117121768532,-2.996603477353897,1.975194875680991,-3.293914990487748,3.6064637888225626,4.892235598975667,-0.18292187695094242,-3.0514341147310304,-1.0917828026079297,1.4979897254595684,-2.064086530146586,-3.6745467107616037,-1.2251583376812007,6.025638446830264,1.0374531814149686,-1.6602629369475608,-0.5031236428526089
3903,-3.748257398091088,-1.5882978038508817,5.090899122373109,0.0917236174381948,0.26267512331323495,-0.1087426611813207,2.268573600809379,-0.7385253617529912,-0.4692296991209526,-0.4635740143394358,-0.7290427073641128,0.13179818176892866,-0.9746574850750847,-3.1036935762853304,-2.042045027249431,1.4649252359729807,4.0772292026543475,0.578241649983454,3.975570113406544,1.4636598972092578,-3.009003039382378,-0.3365268379206352,1.773108586024298,-3.866808719338298,1.8386847519823455,-3.6353376614828363,5.37683688921782,-0.4977716437154527,-3.3831613251594526,0.3007489891598265
3904,1.3528710640697064,-4.822051034121952,2.0964237307955536,1.944521584280924,0.05138643968540224,-0.6231517847083801,3.8289549234234634,0.5956421746556408,-1.1089657563275375,2.9287278868728848,-0.885553385626908,-5.35880584299672,3.1303440274756547,-1.8927675975539753,-2.1487777240029544,3.0903256233783694,-0.27846299243596917,-1.9006613368601606,4.682822288598267,0.1612052480691073,-2.4073196334614746,0.21476870312397622,-1.4287164620646866,-1.2227601442663882,0.40932143526262976,-0.39644731444463943,-2.790523556781981,0.6389254455109352,-1.295632218900213,3.434356209355535
3905,-0.4906060777689891,-1.9530501739855453,-2.377116008696749,4.023994026258169,-0.437176086616593,1.2339543208109518,3.9374675342001133,-5.787418864899141,1.0728444838909041,-1.031550729305117,0.5847188151232645,1.2239387609908121,-2.6601284067923334,-2.4939430505250595,3.576970931097378,3.9657324643420857,-3.1785112208112896,0.7898792826902383,3.1292563488362397,-2.788522449899542,-3.089009820707483,-0.4461477565643879,-1.501564093806401,4.695987772140338,3.728695036285849,1.4800709776033578,-4.203371675092523,-0.6632763340996819,-1.2402191992670062,0.8981011945722539
3906,0.9063629448145569,-0.7309038002379786,-2.759486061040956,1.8949938933396382,0.17325130842542125,0.5157817147005357,3.921812513108204,3.2617448479185143,-0.4450914446651817,-1.1763397029194902,0.19572607599349734,-5.757852289434666,-1.5522225051796799,-3.646759836041502,3.3135587316482287,2.8767659574613837,2.248978968604554,-3.240321316491981,0.36787123243502506,-1.8887637952773595,1.7399547323538478,0.5290534887934522,1.4441170325723203,-2.192232690878541,1.1697398887522787,4.727183966782587,-4.4272748087435545,0.22607699138193293,0.7468643263684314,-2.4425903645394094
3907,-3.194761198699572,-4.64923681420186,5.8095672706824395,3.6095219729107413,-0.791373445395835,-0.7837177852946944,2.037298763993583,4.736686576160139,0.05955486287793388,-2.2524144415487477,-0.08420643492539259,-4.496919326556636,-1.5366008432641731,-0.7199742368969169,-1.4477079414814913,0.8749340252145998,3.2506778613505496,-0.42132886492156274,-3.1909182873439867,-2.437143323283273,-0.12115107512659051,0.2227300033960642,-0.4390611495179719,5.9655438318745055,2.6856771388585443,-2.5979449593257513,-3.251468815017301,-0.2806831176454452,1.6587655128859993,1.785654240246231
3908,2.148321164469575,-4.367584899775874,2.79362291204993,-1.0534064476435319,-0.5241773101898266,1.0032245810909561,0.4176315525497749,-4.993535721552632,-0.1663879975312641,0.39158118225086724,0.6055364774838807,3.7451745068002715,1.9392123266663148,-1.599943846572625,-4.192232930915642,-1.226670698882856,3.3543482786432826,1.725286871062515,4.056162910533416,-0.44070310981069305,-1.3212870125008678,0.6773746601252562,2.346685177597717,-5.318232625946088,0.8817290973876268,-3.5941826843949265,5.270232763292686,0.20054424279160177,-3.440421480777582,0.682098061702856
3909,-2.486570540411236,-2.2167257933912694,1.7300253647076858,1.9500600881174037,0.16252685497786334,0.8606840260007758,-3.85822265367338,-2.8212194680869764,0.6228589005920488,0.0401986773234988,0.8448059716134111,5.1715785722323275,0.7084458133901208,-3.778618732796023,3.4319369670730957,0.4135093502777565,2.450286498701132,-3.2255598966451338,-5.244227804679223,-2.1289844995887446,-1.217939652272353,-0.08653428431022281,2.439836104205561,6.237850136643722,-2.947997025102147,3.5497269651226446,-5.450879346014936,0.9135237398783014,1.930459244454319,2.0051664216640894
3910,1.1907810245775536,5.504971385891796,-3.9298449153934634,-1.298072518391134,-0.3991377756093757,-1.0686972010741513,-5.098637288794709,-3.2159671855668286,-0.9483643967904669,3.121328803050748,0.11909720223735398,6.022542865864825,-1.9653835215301587,1.7480360671114603,-0.49631837031887116,-1.7283369873440435,0.41602841780610333,2.0259743942764743,-3.6897011593169324,0.9766873416117186,-1.2239396508727864,0.7311844047858864,0.5457807047063135,2.659988359084533,0.228406054339942,-1.57458337696346,-1.5261459417023957,-0.10935609398994384,2.780760916479757,0.20091844183838248
3911,-0.3240860499872529,-2.4819862877695726,0.19112200769496113,3.577266457199439,-0.15719938064854988,-0.8051167464878173,-2.6086525570392887,4.27214918687989,0.2906113251619571,-1.366955227851724,0.027413358982090408,-0.6145660861320472,3.4894652893671925,-3.2461254998649256,-2.9144638512349648,0.45189757668975616,0.8385834463308157,1.3806430387130888,-0.3314438464721938,2.019159591243028,-2.5612557611414424,-0.12736983710560246,-2.716458784481244,3.717368637956163,0.28323560033385675,4.131326887893742,-1.5946375527667414,-0.38852623888043514,-0.19422265838161223,-2.237176038196516
3912,-3.6193701932212043,-0.42454513864504406,-2.82250842415867,5.096782482791003,-0.2797340552669836,2.0493753285021157,-4.229049215126938,-0.02673120718823796,-0.4012373651319239,1.9314444955564696,-1.2426062597428569,3.9681795516343996,1.5409844370934174,-2.0275828771756057,2.40038622666237,-1.9208028025106003,1.675436932002647,-1.668421916071292,1.5151238226851795,-3.0457164939856316,0.9827321331078451,1.0651549054824692,-1.5677345391820623,1.0504401718909335,-1.8679132798229823,1.0835382040953725,0.7263043185917013,0.5180468057050689,-0.772488194960868,0.3125121463940026
3913,0.7123086541146666,3.5187621298226155,-2.7684243766749255,0.7978633944965878,-0.041932517920791,-2.2185772838369395,-1.3970614530447563,1.6458149411855487,-0.47184869455203504,-3.741761760474491,-0.28084691934532025,4.245703886231947,1.2720064859498734,0.89157563416369,-2.361823858511027,2.491970395736818,-0.5640568773898451,-1.7296717799485872,2.6405149974936286,-0.4852731484244721,-0.7643083865071763,0.7328745833269856,-0.6720110855209391,-1.451796960369272,2.4950951663865517,3.5604821749066993,-4.22750419719717,0.672948722668794,0.9057855070324745,-3.406807373795033
3914,-1.6372210033755916,-1.728873987965553,0.44740650087895517,4.10493553157346,-0.17652875866912598,-1.009718282440927,-6.226751984954568,4.86277625055461,0.5689481810736741,-3.274915003948255,0.8519733371765321,3.217969220098869,3.797972103928142,-3.9351486726489355,0.5981222117612255,-0.13970877828151984,0.4670346616587828,-0.788271526416807,-1.9580117486206063,2.6208919710595993,2.048430926273028,1.0413879661051837,0.4868894370018264,-4.239588551820287,4.097934373958726,-2.6859849334149146,-4.033714030737556,0.5464849375135641,-0.42449145504707353,2.4997711077295683
3915,-1.4741949465474526,-2.2673637155156676,1.8821094890897037,3.4061429432933537,-0.8605552329503916,-0.6861385373682989,4.22378143568254,-0.8187438547709434,-0.04712870767279398,-0.2824794907140191,1.1543110384062256,-4.22974042093017,-0.15888249823133904,-1.1025375839109657,-1.4051894083021264,-0.2575490677141765,0.07784752059920308,2.8463110375602696,-0.5456543662442748,-2.9889338327048964,-0.1504437199042581,0.9297038758377134,-3.233215799605711,5.988543842620153,4.293497738526593,-4.215879777113313,2.3519642767876654,0.5327825502231285,-1.0208507642911488,-1.94151402413058
3916,3.367894600264666,-1.917506775168789,1.7377555912432996,-4.687695524018327,0.658431974014329,0.8411201336660614,6.047398742001118,-5.911135927237673,0.2295395877698727,0.02501556146563466,0.8300437352380978,-1.2208616992362131,2.413256436630018,-1.139924386225978,-2.7069433864834593,4.184655886818323,-2.3520245238490034,-0.39902002688907956,3.6948133329206847,0.5873854810233876,2.6437725155623184,0.817370442556629,-2.3547345263639876,-5.388607245700275,-2.429815853163607,4.737698028533675,-0.1779781436997112,0.4114990239913361,0.3410755386250752,-2.882478594284432
3917,1.6208064952228405,1.6201369909776275,-3.899453160100677,0.5971501868940656,0.23341892348204585,-0.1720594364746706,-5.084507753854876,5.695454053517668,0.9168333489404423,-2.8759798384895277,0.8764868292091306,0.4717133606780095,-2.704020441837649,-0.9750777228969838,0.4380651736951009,3.0634073148162564,-2.841547374913791,3.019173051137887,2.769093768130926,0.5212301239310282,-0.693134061057755,0.6604778083660694,-2.3166295073185204,-0.9410381320529808,0.273360531196186,1.3271901751195792,4.722583554382446,-0.2581552567838008,-3.4382464025266977,-2.6267326013853456
3918,1.030220892099024,-0.14172962778754794,-4.9968023141590905,4.322173320444197,-0.17396530495897355,-0.039896965636375015,-3.8848235743140513,3.1754004034241383,0.8786438071065055,-1.4050368457106526,1.110322653626132,0.12549355586876842,-3.9863578777955766,0.08710620047837736,1.379274808518307,-2.677897442756363,3.9646382256717985,1.2332360858842932,-3.7221466027722876,3.2021031427927724,-2.0398597372216294,-0.6885180268752542,2.7924521142976353,0.4559691097775165,1.558360297271566,-4.444854070064434,6.080558368624967,0.2628927661548932,-0.45771179882352087,-2.9992455631611
3919,3.213124374944446,-3.205062306967207,-2.7354757076600222,1.9833833707884594,0.5161154398628622,0.22791482903271465,0.5113651199462872,-4.899166307152733,-0.25581754029180104,1.4488867874418716,-0.42434302990352,3.619074969960767,0.16092048439846707,-0.9726647239562283,1.6489879836482721,-3.715630685206156,-0.12143173423012854,2.999818675346628,-2.9327239780199754,1.913917586435753,-3.7806742943347995,0.7440373106771467,3.1173707005703832,0.9380726746702486,-1.0940727268319002,3.8517915566951864,-4.203991500168108,-1.1539921349834636,1.4862478963900223,1.1140169089006058
3920,-0.3823254870705046,2.472367263413126,-5.1553657292771895,1.0881758642046542,0.8485645781723306,1.1285835105588014,-3.938833983440567,0.4133096940700618,-1.0820790818184016,2.033774765609188,-1.0341382556629823,3.6079668612435825,3.137139198976005,-3.5218794087826524,-3.911098376289546,1.7502313746655886,3.9961266039840844,-1.450519392552632,-3.39142381961711,0.7766758366513802,-0.9140442980634393,-1.035427311301742,1.1448102523458488,3.4194093399838152,0.7210230818603129,0.32666284290928616,0.13293750142991456,-0.8881917487228703,-0.7651313090707372,0.47269963159645556
3921,-0.7642201166640454,-3.761777429343688,-0.4444062547091292,5.525235705043329,-0.28560935411286814,-0.26922255021237973,1.610499869209292,5.973119174991666,0.9125499110993385,-1.8286254167415112,-1.0703926157991233,-5.597150922758782,2.764859415739572,-2.3605454883055774,2.581626437341807,-3.1885432218190353,-0.8860420452912123,1.088644902335293,4.664063977360087,-1.9331414899272232,3.0265982620235015,-1.1380722011425903,-0.7017651025243659,-3.917683445790651,1.7748314965115704,3.0258948104915397,-2.6725774329215497,-0.9702606876431839,-1.176710581337657,0.018822394901635064
3922,1.281225661071879,-2.4883432647604096,5.213025408668841,-2.6429619109155027,0.06904777476635626,-1.4319936688299606,0.018493485517360853,4.7054848382061465,-0.8794309430973257,-1.1276809340136005,-0.9897005994640322,-1.7271658471476847,-2.782804036924288,2.217507839762469,1.34226483814966,2.1587104207685783,-2.840239758934219,-0.09543930282137403,0.8705923513867759,1.4397781932735931,3.2805137808166265,-0.07690230462164926,-1.1061474632140573,-4.4078345576425235,-4.923989977295166,4.15529820236851,-1.7849143599975505,0.6761941031090153,-1.4991734195168078,3.376585451334364
3923,-3.494279504359735,2.8132117470432583,2.550593787293238,-4.00856367315415,0.9099656729125316,1.2290719702660589,-3.154028807821682,-0.09580600556650509,0.18750733919597184,-0.5734245036070984,-0.4046074096354859,4.040359387435689,2.164922502260783,-1.084580305625762,4.1275025768627565,0.5779079760631305,-2.04460333831047,-3.741149411249655,2.373157993377305,-1.5424354542689738,-2.7976683240646594,-0.39996692731022243,2.9174245853479537,-0.5505118730826268,-4.545277713049101,3.278783010131516,2.543509308775292,-0.29151609195973993,-0.5480602496254274,-0.4374382642701633
3924,-3.511603005580527,-4.648213063206743,4.801112118593551,3.0709485282867597,0.5015364490480794,-0.21378102713992142,-4.899435720253642,4.930600089825358,1.0202491852737623,3.0763035804092596,-1.2307901678506652,-2.8969269674031892,1.965694377579613,-2.636387106770883,0.9544165371334543,-3.648871422884545,-0.005007489168647794,3.370155104111795,-4.848235000095883,-0.07690052378493561,-0.3298361540097261,1.1535513129865071,0.6955353014843073,3.4058850634185056,-4.877241576311052,-2.392895515517779,5.388499692555875,0.25557732948588274,1.3502586341302951,0.27580143565913673
3925,-3.2908155376982187,1.3134807876136207,2.397126533580618,2.1254725491222146,-0.8365774636964727,-1.7086868689205552,-2.2559364222996976,3.1099212372119354,-1.212639541166602,2.256301732440548,0.28774527536098393,-2.1853922815462745,-3.392597620218112,0.21873144797921995,3.813283356701117,-1.3795078713891407,0.2895019603716378,0.45058872655602755,-3.2480179971977314,2.911071056477141,-1.6247829434501853,-0.39223761125077505,0.24323498032012836,2.110732515100203,-3.1319189192673385,2.351115963311191,-1.8691516640472479,0.6569782776782018,2.502031764254898,-0.5090554219273553
3926,2.4815960055918644,0.6322856974716373,4.969001948383802,-6.049512846940786,-0.10014119995456139,-1.9332296045507693,-4.493058074803976,0.10377245850950345,0.03773718990340935,0.1606478384996084,-0.008914908263409238,4.199815496155757,-0.3858112532189999,-3.7002384155047174,1.3616220146061906,-0.45796337103274354,-0.355293627793138,3.5376846529441686,2.023866901937261,2.2751561439296424,1.641876262784841,-1.1895456853276407,0.642398931049815,-5.393752554375176,2.5108022010239175,-3.6701852469500444,4.903002561866099,-0.6183725547327921,-1.9796178538214058,-1.1456291073834404
3927,-2.8898170481506273,-3.16718815629989,1.2692050038209715,3.233084586930584,-0.7450910398067054,2.2998066535068435,4.858801570641756,-4.9675912284028065,0.1460098460031718,-3.445979947585368,-0.3383591055218309,3.7471188648659677,0.4696449521026409,-1.6487530796485714,-0.23560283838005347,4.079449305343363,-1.2660585430501268,-1.398679796366487,1.7751674279918426,-0.4172054769776832,-2.0327096665072535,0.8595058111969065,-2.2090078895879355,2.024249793882852,-0.6546056638929869,-3.5919200113563576,1.7669812079015799,0.6045864787910116,-1.7223338088957174,3.5972917974548437
3928,-3.620908628137869,2.204748884586369,-0.10476314453843116,1.9895651593113186,0.8670152939692843,-1.3356575651894698,-1.8329081037362123,1.9076567477540074,1.0269126704299723,-1.029695779678935,0.5763048789898262,-0.6482704137577393,-1.8605453769244633,-1.554426828788765,2.126925653953343,0.2537368239433704,-2.3107230710702265,3.345032798887516,0.7196432646415261,0.5547797833952117,0.2864257566385895,0.5660774008119773,2.1698701981785415,-4.296796403667091,-4.140395289790325,-1.0863205276573318,4.764630728529603,-0.8558594623454816,-2.00714681553708,3.3250913668029938
3929,1.5013753799174232,1.3019072974987083,1.6614797797436438,-3.714481779898197,-0.7878006872283403,0.03752000996793825,-2.0068681947628093,4.795475877330642,0.8102852738056274,-1.2833688712618478,-0.11546477907908947,-2.2000593060315907,-2.372280202271794,-2.29161656922126,2.003020464392396,2.2540228384952954,0.029075995678979893,0.3777774729271286,-3.527680334220406,-1.066899200241206,1.83680765488009,-0.060661937029183655,1.1977823758037953,1.6206514408056378,-0.20564708070647342,3.672639356676278,-1.6180347283239058,-0.24458289576122105,-0.26400534710795753,-1.340369304774324
3930,-2.805145569226232,1.9715055123560994,4.957473872531491,-4.59254620856105,-0.592064393582584,1.060776786483487,1.011527036215785,4.784847995040693,-0.3094959106788684,-1.1721496960389288,-0.290121077767612,-4.024608346770144,-2.7152580201895695,2.442128252768729,-1.8595107361424237,-0.2926393014393547,2.6373644492967223,-0.21208464429336793,-3.1940509620387445,0.16063522349017667,2.0698533767648506,-1.1486377081049373,1.8007657314702357,0.31143433841714696,4.581433245994528,0.9012026331968244,-5.386941898588436,0.14330557005562206,-2.3834435598131094,2.1444440091569668
3931,1.84510009736006,-0.6695774238189927,-3.7575937379966753,0.20102225321044642,0.7218243521306835,1.6592244591156913,0.35204597974043494,4.029413865219286,0.5330264699556464,-0.07926202796509152,-1.188588687713307,-3.6466355992360455,-2.954029261407955,0.4497958898901331,3.8809444331020764,-1.3161181523238366,1.1236370804536477,-1.1842299897133017,-3.068630100812033,2.159324112283862,1.280002581057591,-0.6979466969324628,-0.2659532795252382,0.5932033839270261,-1.9265749172648228,-3.6326068041228368,2.410270091831265,0.6220316377242554,0.40095669677388024,2.125923295060634
3932,1.1430570326671834,1.0679573009862509,-1.4665245125689736,0.045082166116856115,0.09106038414414197,-0.8806323713442659,5.561527075456723,0.3700357963524077,1.1947574843215643,-2.9692310451018464,-0.605122525511657,-3.5519667855162638,-3.8729393677661292,4.022836797430539,2.8683114546310975,-3.7002433597404547,2.9343073921753273,-2.252272916729593,-0.24981992442933176,-2.776961983431322,3.3015120400408904,0.18881537966113449,-2.121630689175289,1.6580851773326906,-1.8025882534122992,0.813658625275977,1.9178023042935273,-0.6330349848935048,-2.5761464417633224,2.280308750502005
3933,2.7738870760080836,-5.10837148731655,3.5785560268246606,-0.3938743163119014,0.40497076383397257,-1.2551680630370576,2.7271835413041288,-1.8638457891954232,-0.7708858799006615,-1.5541837215867602,-0.03205931216578595,1.4937911615454702,3.3465808520587146,-1.8785106538837084,0.431242474680392,-1.6415966394415396,1.9620473280268271,-2.219763361439906,-3.944121107788991,3.0000973886600306,-1.7839231132106388,-0.25719402580191364,0.6180389745930928,2.367101883547196,-1.1239753454981916,-0.8704347300471724,3.8958254843956617,-0.9503962519139311,-1.4564616187435675,0.5054424618095794
3934,2.0105759184817416,3.020444618627181,-2.0831362861761917,-6.144424740994857,0.9371335241198135,2.259406965943505,-4.753798387205691,5.501121279012494,0.7405407132066424,0.46276184993500635,0.541829072207979,-2.492454527155491,-2.95622086873996,4.113457045652851,-1.7816504590057818,-1.9900938385918199,0.8110965538896906,1.8034115667957735,-2.210800124654895,-0.12791037027678342,3.1368368378760536,-0.052159220004103446,0.763540476187826,-1.5095075991293037,-3.924874744898979,-1.434839608207593,4.50467759064373,0.19438076579766328,1.5684463169708671,-0.9077903203033184
3935,0.9871517738228395,0.8989861096781766,-1.098482985433634,-3.920680394698536,0.9449543356075756,2.188071161024771,3.3985875113025017,-0.6653042708402772,1.2200095899417862,-0.2859881944014617,0.5631031023672426,-4.230407738368839,2.991167338605756,2.789243471631945,-3.099509633863402,-0.12345923060546937,-4.219233899396482,1.6617919536284411,-2.0066282259041586,1.0154444295010538,3.1630042273393464,-0.43803546282077477,-1.5946993842346515,-0.1390855838820606,1.132662075382754,-2.1531815668219068,1.421026925943881,-0.3240768078372156,0.7977302623188542,-0.8741608889839974
3936,2.803414139142628,3.868320495360173,-3.5754977536894614,-4.515565822800564,0.1156556108559963,1.303673331132428,1.4311812884991255,-3.3177767531273687,-0.057419797825511765,1.848852795762273,0.44257680767109964,-0.34741434097867696,0.6111032118636182,-3.1222583708977645,-0.7094896495184955,-2.4518961215992245,3.2757171010131962,2.3968238291394606,-3.4359200418490197,1.9093355545464377,-3.4168351717162686,-1.0636752211944454,2.656164249475758,3.350930630736297,2.7538206129231426,-0.2096707349230904,-4.709152268997592,0.6282197784121282,1.921996471441087,-0.3852138588533247
3937,-1.658761710155364,-1.3576557140580547,5.220316719629377,-2.731269344000502,0.410627482186702,0.11674256639904357,-4.633063655023943,2.246474690501845,0.6741288469335753,0.6189689885011056,-1.0008603907297244,2.0943515198181153,2.402761919631878,-1.6701601887764426,-3.409759475511761,1.2627545237929638,3.446396640709832,-2.031993419845687,1.4263625147427952,-1.7530248805407886,-2.0391763680461708,-0.32665157830872626,2.573285094879367,0.11920521727229882,-2.325707248344564,3.3247148774160102,-3.8144747358291653,0.5270998933039497,0.9974126557015079,1.2909545577546382
3938,-0.7972285611590006,-0.22353565894071892,-2.1962255814717437,4.87372978146669,-0.17180492556408056,-1.484935054329915,-2.4000566421698366,0.29818912031421974,1.168183511708139,2.581491352806154,0.7779645840171439,-2.4257719266748055,-3.378426328260902,-2.602812558528246,3.474751695499446,-0.5817696277412914,0.5568205014779188,2.5314363175538688,-0.862067506441921,1.6299046657048528,-3.431942876369087,-1.095255121659629,-1.700148577958414,5.45950941672298,2.4373335474594633,-1.179746127800538,-6.074803038426516,-0.1900386256666664,1.953547157883218,3.0537070865534126
3939,-1.6304798592651757,0.4199178425665444,2.077282646343729,-0.760697681617323,0.17988623963855588,-0.28590918766509255,1.2624268651520794,-1.295636750611159,0.5835338525011782,-1.2547492622083123,-0.5451532427705779,1.2495785379378184,2.290891368214968,0.7710738591761981,-3.5635640080208137,-1.6684302095990091,-0.23374662072667007,2.403775610956128,-3.355973945245985,1.1842672226540003,-1.4126798120740833,-0.634951344521963,2.0089733936703507,2.2103644855164433,-0.9607363685705863,0.3278167878736582,-2.288702723422311,0.6759403435127398,0.3979690500005191,1.8477129106083616
3940,-1.393470677623716,3.588508525397234,-1.4570610797926875,0.5997698336903667,0.38505044545750167,-1.7227970471274414,-2.3444171808164747,-0.9087976865317522,1.056945640123625,2.486677805078404,-0.7103756931803558,0.4199671153276121,1.5756752464051118,-4.221642301498878,0.323754703819116,0.9331637130859498,3.712142425892793,-2.323093787703316,3.80724406899445,-1.3185649221235423,-2.5649332044234363,0.364320293199067,3.060073658120313,-3.348139893768085,-2.0190863275638726,0.5621566250200694,-1.8068377372533249,0.8700236107449566,3.0563574938467717,-0.6626136647922127
3941,-1.9715467428618858,2.7299451794656733,3.22075183887198,-4.355652873083869,0.14465529238113373,0.23184730522823216,3.6759304153439345,-1.358704630613218,0.7393160916617658,-1.8991938984690453,0.25786612109991136,-1.4152140990222897,-0.1644280243810563,2.605419231960518,1.773632712572308,0.37445214410985983,-1.3904861957723824,-3.1985898684884475,-0.3382560060818136,0.5398166860240572,3.7017826868852772,0.21187260216729875,2.042165440500071,-6.1573814094961214,1.7047062354874747,2.2211474115983414,-3.283649357753042,1.0218364537106979,-1.3713054491580365,-0.29273529388307473
3942,-2.469847306901544,0.09807843540043137,1.9371851571698642,3.006175154657683,-0.19092263600686743,-2.3806688043183373,-4.04588097446381,-3.0323387425326587,0.6296202064590934,2.454421694852961,-0.3679229937396089,4.362100809425119,-2.601542790288308,4.072745332535561,2.0445424404688453,-3.0709898849809143,-1.161356789707316,0.7166016919729437,3.184945633847555,-2.205522301433568,-2.4152333045299663,-0.255006964682436,-0.3928156783805683,2.083632615177727,-3.65617735706363,-0.9782078060414179,6.137442863965546,-1.0003589298781015,1.818688102734484,-2.321386873714541
3943,1.0003749654016758,4.966129305296313,1.219503671489175,-4.131882436362908,-0.6001013390425758,-2.4540241667804725,2.7694455765678434,-2.837105555396956,0.6378809868685211,-3.701524781009603,0.25664754594209516,2.8746562270291847,1.577262092962897,1.738620827812472,1.0226466233938964,-0.87697612361438,-0.5279691558075861,-2.9335842647465036,3.8869541679162722,0.8038550771539441,1.6111456876605672,-0.5069280710519095,0.533195693429029,-6.3282225551091535,2.7034843309154084,-4.544669660338835,-1.4488315698853889,-0.4363759141435839,0.7206335735937159,3.0057592398610247
3944,-2.058761155825586,-2.87811278691305,4.328925143668986,1.2094249818117646,-0.13040712719322878,-0.4710690555476571,3.761233284096644,-0.8893640711762636,-0.30002521036681085,1.1467838211786123,-0.4656365314174762,-3.25299129231362,-3.698027378867094,1.234483153916024,-0.19115498644604756,-0.2599344901536291,1.4245211667606057,1.490112534790935,2.280195041141951,-2.3725881854352036,1.89555484387353,-0.19923731551736346,1.1590248080100682,-2.762949192074224,-0.004557593234036261,-4.83651945531626,5.418513292463167,0.4332532742906574,-2.487977598826358,1.4772880806251827
3945,2.631465214244386,-2.0823214622809125,1.4659038374752136,-1.6949917773509995,-0.5841973762590222,0.2641415641725864,-0.861880894677288,3.0802894471699886,-0.37912039120121577,0.7793584716000925,0.8403889144859944,-3.4590355473764696,-1.5798359820790768,1.0459086536209625,-2.6018279958595034,-1.2155758119325828,0.8391610053233869,3.512170130927583,3.6766257085323915,-0.1563084128792962,-3.328392581016246,-0.9424473621195597,-0.01787868879486254,0.7684013362763231,1.3886139067489083,-3.954681395796719,3.53664661274939,0.8535117616306804,-0.8569188351614692,-0.967172050168422
3946,2.541825328827464,-0.6773287191468036,2.5729712292684574,-2.5859753547672177,-0.8145283632321925,-1.0369641209484204,-4.988908354298221,-1.579812029958731,0.30209507346823017,2.7820817216284546,-0.636239490544316,4.120783079705745,-3.127015141401671,4.154091304698621,1.8214290373940543,0.9915341890651916,-2.1103501865884837,-1.7296892031669344,2.155297222528567,-1.9764720151064754,-1.4802622391906421,-0.443597133785822,-3.1030099035678287,4.8480440691209665,3.181997401472188,-4.23589512608598,5.631817330772144,-1.1199914132648634,-2.969421122635925,-0.48850707025520634
3947,3.4040414524977365,-5.1987021259277455,5.8059558206761075,-5.326821676718659,-0.9252342345097164,2.2407607639835945,-1.9924074338482392,3.7118500402754258,0.3733476294043818,1.0396760192245829,-1.0139608286734814,-2.118505426381528,-0.005863157100897354,3.9795148575656647,-2.2742069267421083,0.8196738431906141,-2.9026129263791347,0.383494309466645,1.1859275226291999,0.7643813945363114,-1.3198615102783773,-0.2583452188799944,-2.4335759957922374,2.0614738077838446,3.042607097940607,-3.354547044561361,0.3170530981817876,-0.795905316816305,0.3361067871277772,0.45468537812985943
3948,0.2397434856788454,1.517365028998011,0.6306676439246601,-3.7867254017875,0.0013838514294759463,1.3975653917577961,-5.757742658988995,0.17924638001135307,0.2421295052254573,1.0890065821821864,0.15184769043575486,4.095512501135378,-3.295066233966832,0.980599554693157,-3.8638908129399923,0.6282654224308892,3.615041700091112,1.935050369692462,-1.0066625195183825,0.035063497027230994,-3.252709725976745,-0.9351857804862416,-0.5686699467694254,5.728164475722295,-3.3627999076958552,-0.20914753451978285,-2.228073858893328,-0.5323342510529194,3.092020097413748,3.2403354547505216
3949,-0.811110917743763,0.6428994202285132,-0.4177646069011942,0.4085355393248449,-0.23009073287063986,0.4075312979635246,-0.25581200974576035,-2.389435017530616,0.7709623599065383,3.549630993663669,-0.5565388333987293,-1.1188074928939535,-1.8649166646778959,-0.30834038963384813,1.3025870959593497,3.3706127640936145,-0.5133676355804688,-1.9865751701599645,4.2752789533330215,-3.295764566809991,1.2525043486071716,-1.1433475558879294,-2.1146980648796863,1.0260268856361527,-3.7352753689573603,-4.551330746820771,4.083382708954993,0.6712245260154619,3.4078799000884885,0.12411898072160454
3950,0.4117394482741812,-1.3312633965272909,-1.0939549110231503,0.6773295081873059,-0.7426709637232962,2.0788203148135285,-4.399349647884087,-0.7988036586323197,-1.0311617236706843,2.568128092652831,1.080770663174503,2.5804162743608963,2.425876883589744,-2.6249785514781543,-1.2173069271651151,2.345366368089067,-0.5456484842990328,-0.3833092887357168,5.51942942044149,2.7592229631895364,-3.450860059901858,-0.4558736688399785,2.1697483913120035,-6.541667046202445,-1.5972656598704376,-1.0119338627530858,5.21172305610482,0.08311824208598129,-3.1275398965194743,0.44189812095463665
3951,-3.0323703115674743,1.9812726041902984,0.2617973436366867,1.042556227598773,-0.4899385141781294,0.2366826503211339,-0.34148464918266086,-1.252319640446828,-0.7374087807531611,-0.10845893166769471,-0.05748341397290879,2.4971554160243983,-3.744078919967979,1.063481879385428,0.6925143582024553,-0.5602423560626022,2.484756182186871,0.06356885625661413,-3.48363947185382,-1.4358548646781983,3.0769451367405267,1.027200757820859,0.7885884946312611,0.026759947338113932,-2.0190138274397427,3.353090200947399,-3.2475418529584132,-0.3437193357432724,1.440335162279247,0.8168496529171776
3952,0.7821157920007398,-5.4014066287080915,2.319327303769107,3.0431608738984295,-0.9288369533397707,0.1856396123808537,6.050618669671017,-0.7129150739122672,-0.21690007247042775,1.3377760120055484,-0.3413414985118024,-6.117238036780925,-1.0921585179156388,-1.2409520912534955,2.423081430689887,-2.187500296571324,1.28574800467214,0.811781470379227,0.33692969100957626,-1.7763334130320878,2.945058424730984,0.8912897957892882,-0.2621459961572761,-2.1347985023417344,3.850439186699653,-2.8708807208150837,0.9645084275302978,-0.6607776224813149,-3.084400935237749,1.8011116643066032
3953,1.497287127927759,-1.6160648970157787,-1.6693922131007,2.04138744122638,-0.5906917507862139,0.337474291749821,4.739678369275012,-4.47576685605771,-0.7197371056898172,2.0425810441949572,-0.6064350797454301,-0.9803203719758748,4.108392392562369,-3.1051347271482754,-0.0451867369355341,-1.1117573460392745,-0.611428222440999,0.765114640002512,6.182894405749103,-1.4638071606047713,-1.7746000632395447,-0.7417210912626864,0.4334346135315261,-2.6362007041748576,4.004526318936744,-1.556202079361178,-3.248885192051784,-0.3375524225804494,1.1367860880199743,0.0013272870391123348
3954,-1.1638353163817126,0.5866803612460103,5.701948519288852,-3.8060341224143137,-0.5330872905191044,-0.7856721512184599,-5.822095266231589,5.261022132641838,-0.42716772898144306,-0.4348501518164234,0.19916072488225645,1.2239302895065158,-0.6362562983819551,-2.7857187010842956,3.1197498854737624,-0.6142619618238498,-2.303187114376099,3.219674190193178,-3.170700161883918,0.5327891410234713,-3.6085419234388656,0.49085130207406813,0.21036630424731406,5.545235337976692,-0.5097968305222729,-4.35078065450281,3.729836988660111,-0.5426537908972797,-1.4554924706147911,3.1288867578794672
3955,0.9972980973862402,0.12024857692767199,3.1753572818179023,-4.327408452942915,0.053575413493995416,-0.019070916681595662,5.268330296211669,-6.096808263726668,-0.8174015435742259,-1.9367467087528514,-0.478829321574306,4.061455541417548,-0.19067405193933595,-1.9261177066818682,3.8371597725679756,0.4565393145874843,-3.5713982114424088,1.3944908829088973,1.7707254439647535,3.000486165510612,-3.059454292098831,0.8374352975981036,-0.7042376621492412,-1.844954952826651,0.8937639792889271,-1.6055335935988069,1.8916925887149567,0.4763971137069829,-3.318107579617317,1.6617874915076598
3956,0.7486122013221532,-3.421443494720485,0.003902459641551559,3.629908075197335,0.12252546740654324,-1.0835047088457994,-2.952563556439763,-0.8034283349705049,0.33262622275895115,-0.5505346921047956,0.17869885510140904,3.795201505655868,1.7394631602500077,1.1279847618646919,-1.421274564472327,-3.552773162439239,2.4251366310264544,-0.3185368262288435,-0.11040695433227299,3.1586060902211806,-3.751821803029852,0.7321439139857944,-2.719172745299959,2.6906514984538283,-0.4510640267533361,4.254008075102643,-4.926931093314085,-1.0153094986490614,3.4946713465296746,-1.3553748029134205
3957,-2.989968287893575,3.840164376935906,1.832978105035771,-2.8215904931593556,-0.2509883120274934,0.38940461111004154,-4.847612240471616,-0.2502336399599372,0.23936470595111192,0.2693377247041919,-0.4130942775463531,5.002237727323795,0.5721943637408025,3.449342699755274,-1.9354934681643403,1.1580920890404158,-3.6590181874081917,0.41488250303681085,-4.445177512011131,0.3825459090883747,2.548015394961997,0.8639800577628023,-1.5999840552085214,2.2506202054051982,3.464905253136603,-0.8922568381364613,-2.8285740054623645,1.0146354593907851,-2.3369224389981795,1.5782125700720542
3958,0.3781891837195097,0.2108786437465433,-2.93993831773232,-0.7360934235463361,0.7562592750676842,2.3307046387462016,-4.269023657226981,0.4669593631543023,0.8173411595891613,0.2571680971566188,-0.48626247662021793,3.2138175139483067,-0.19210402032206986,0.11263185214285087,1.4505563219932327,-2.6863235507756276,1.5597615054693534,-0.24452210850696332,-0.5597651912335024,0.4261997267204034,-0.5492104601810794,-0.06009999461121307,0.854501449165836,-0.1116255298617368,1.4292019177500244,1.356436965754721,-5.041914256107692,-0.16693176376180752,2.806646044875432,-0.38343890850825524
3959,0.04798778699153239,4.66336986063628,2.067688207398483,-4.701534752290858,-0.3226641247969755,-1.7548469779372038,-0.3260182802272489,-2.011154474985272,-1.151396853628905,2.5047691162158294,0.2542536983312811,0.7295467942955227,3.8614899512817367,0.0851992636225809,3.647472933451901,-2.514970818785864,-4.145844354455592,-0.9333469751140022,-5.834153407121338,1.3332708297240838,2.5837572555186874,0.02002120411047148,2.7070932450647245,-0.8099891272979107,0.4688834618747748,3.0332280894071246,-3.5272473852804325,-1.14100537349549,1.4218209391226964,-0.2556797316262376
3960,0.09355809784179847,3.2837984432551828,0.4627883296183839,-3.9713133304431594,0.15121449122494734,-0.020046031495914107,3.4126858759680694,3.540355699780342,-0.3645093382276121,-1.3929711299609178,0.8902895931538719,-6.085850700712527,-2.5279787565450853,-2.3678971135685956,-1.6386768700780898,0.5789219647183828,2.6705956977917857,3.2850350776823376,-1.3506528554349657,2.42063497901702,-3.761478506822723,0.14580433390434333,-0.5926938514112585,3.138385900746286,0.4463121536351444,-2.611005984928706,1.6489791507914653,-0.3603118558869376,-0.3772043796283242,1.253230916019774
3961,-2.960938695737653,3.4318780361990626,0.5042709499739928,1.8964229212527108,-0.7047646002660839,-2.166868611420785,-5.659280190187303,4.806183765963226,-0.867396973716299,-2.1721074984351567,-0.8925259544787547,4.78512685085553,1.5719733155186972,-0.5884702703419258,-1.431662119569415,1.4477948855216844,-4.2250840974598844,3.225448286331595,0.13954546048607241,0.18882656832789912,-0.6516031568738629,1.022046211965705,-1.1349097470675176,0.4360946631604179,4.3685210327528345,-1.2571283618699738,-2.2151031762705173,-0.06711190729237959,1.904970363917375,-2.734147951234956
3962,0.758279654169721,-5.130727371055421,2.8756481217799603,2.361474937103491,0.46568915626851304,-1.3303644982650553,-2.3206967781798085,0.6395895626143222,-1.2114338352227438,1.0191599073555686,-0.6455292278510978,2.518910371284985,1.0964330666710147,-1.9519239449922132,-0.9264394440401347,2.2358059690407934,-0.5429035884279401,0.08902794174925788,1.464004626838733,1.4699933510325103,-2.4095877427118104,0.6928798500983522,-2.5021692042712456,1.284879119012171,-2.763209167987604,-4.504184792709422,1.2489666196567448,-0.4729330089376509,2.9425886889720587,3.5487716610082245
3963,2.3281835793315224,0.834205966720063,-3.499210119158789,2.4481111283759134,0.3342847162106426,-2.4455752714781314,2.6553296062409224,-1.0472587848683226,-0.5810765722814866,1.1117653318120055,0.09760882931147297,-2.2363684102133483,2.3637411457556006,-0.48589758664995486,-2.922968859947119,-1.192525059911766,-0.46198673470371787,2.699637095457767,-4.5098425580353805,0.6994292037216532,-3.1057762757511824,0.23137345029489875,-0.01823553895784258,6.703051718726535,-4.244529596423584,3.068789458741783,-0.8206933643839704,0.6779123333749277,2.326380841843438,-1.0078596731502518
3964,2.051400835189913,3.522220056865468,1.9513697166132644,-5.44280144857661,0.21865961370527298,-2.3008487737960923,0.3481351358293736,-2.9209727910643295,0.05858702715071207,-3.6636559349391007,0.8303314218443063,5.347575141180286,0.5937237899318433,-1.2002188580885864,-1.9423462221178802,-2.1741368599764552,2.061959552536784,2.6610185977150813,5.803348786617981,3.264150081174634,-0.41593319297493636,0.6382045623661341,-2.5951249643179892,-6.69464527286717,-3.865009182069887,4.6765217169513456,-4.510859244051275,-0.5919893858282812,1.3735559761292393,2.917780118871196
3965,1.623912659582757,-3.9367787607044207,2.6447888088778377,0.3917265105512122,-0.25930242328576236,-0.4643467950203899,-6.191904586996877,4.875110691620684,1.1542390795328776,-1.141735350066753,-1.2416076526488755,2.5458978185601744,-2.554646632594709,-2.8646005683081928,2.7606763945047597,1.99339075791465,-3.0324063702225565,3.6975864187068233,4.925716529037377,0.06607542722463222,-1.8287013225517494,0.4742507731252479,1.319227980899063,-4.956569387735904,2.0408811741159845,-3.0643111676311463,1.467574536880413,-0.29564246226458835,-0.6663940828345147,0.5178920017361719
3966,-0.6092953801769276,-4.847780140292915,-1.7928774471813576,5.163015662556258,0.9759827775172218,1.1109545275789436,-0.569787913835448,5.052982533709542,-0.31268101526463354,-2.5176043842764244,0.8485547670769051,-2.5014639874087194,2.0021860006311627,-0.1651632275942525,-1.7049776547475624,-0.34885125300776565,2.13194791922648,-1.915141784507279,5.508573385523249,1.6845382754762177,-2.0269529846268597,-1.1537051405142695,-1.7567982334408274,-2.2556553024188695,1.6982583804899392,1.7659963124868625,-2.563003868491119,-0.5273406196386707,0.10266746709649688,-0.4765776719411967
3967,-1.3434809655724465,0.5469625901571717,-1.9187707236442613,2.057330338703757,-0.5204426187847986,1.1784013791417642,0.3055631360616218,1.1412676186052693,-0.5120277592653695,3.5164980581368077,-0.6147734968501783,-3.8365275566869315,-0.2546320091039149,-3.174495607762223,-0.16256853969959906,-0.49267510825700356,2.8851002145127325,1.199271050310788,5.035750117736637,-1.1129493405609843,-3.3559916489218367,1.0619861937481962,1.7940212565067153,-3.4228165785100586,4.715953727995281,-1.1456424870230215,-1.4757109409115365,-1.1600642945411752,1.6962342717635188,-2.6307702772807406
3968,-2.0723142699951627,-1.9976628412213202,1.2224613788063792,1.3749415872625619,0.4722580660648594,1.000316079083877,1.0391094108473986,-2.297450765298507,-1.2209350227099174,2.069066445076441,-1.1590913619474015,1.5693012940332416,0.8636786823952782,-3.082245219133304,0.816879835194527,1.2226141573019937,-0.867046865463287,1.0461194097055362,-5.60808888979447,-2.066628360832812,2.8280175788060333,0.5164353240139663,-2.009162608280864,6.339426956086804,2.4809736305055345,-1.4438741962139758,0.911417783580653,1.15643194043672,0.2601672242704023,-3.365116382576991
3969,-1.4760147657064717,3.5531188106986136,-0.9491220807444307,-1.745394312826658,0.8639857474197559,-0.2465733988396135,-1.0424757461750502,1.138461808473643,-0.7550811266694542,2.6036561365222433,-0.288544717984327,-1.656016354165768,-2.1155091110515887,2.358218077027974,0.34753815146824607,3.148568648480886,-3.32781795780825,-0.41099780811651776,3.1545922117963663,0.975759090309408,-3.3527767272111397,-0.07247309643488276,-2.171900156289384,1.4667986778282724,3.4029651240945142,-2.1689021750718886,2.700603405028552,-0.6697245921884871,-1.0882533868273754,-2.1766883750329313
3970,2.221614623080608,-2.2130796773575874,-3.693362422717044,4.737619589039539,0.9473455532835895,-2.0001376653279195,5.728279777335185,-2.3997212592132264,-1.0391420862815757,1.1533469330712123,-0.9606188751905798,-2.4821444897197154,-2.538434393526382,3.2240414490643516,0.6318933923311896,2.000429979894225,-1.9890007225987976,-1.3289297051638371,2.0165268346810308,-3.3688605638492053,2.091178283293292,0.03655189289978278,-3.188929090859876,2.413532643833637,-2.321429004174668,2.0356532693755263,0.22961987869838296,0.12459071233897667,-2.833459482347802,2.7650246261119555
3971,-2.8768363720641954,2.7915977956340683,-3.6935034112842864,4.488528763848976,-0.29923847025972483,-0.4105483058736539,-4.828224533115513,2.731526894645249,-0.9046980649166967,-2.2125624514251925,0.10992010697122989,5.10403804784222,1.8078199458615458,-0.9365497891330961,-0.7632472769705991,-3.961504751759996,1.689988191558573,2.163493680444322,-0.739666200020153,-1.7395214197312914,-1.2271350102270766,-0.40364471487639264,3.1325695724752265,0.977397772378346,0.24035191971152514,-2.3983077714825605,3.660187277495247,-0.3425033574220473,-0.21515389137307217,-0.944574176926734
3972,1.25299315019398,-0.8303747625048423,4.1403808525195736,-3.19439903004789,-0.5047051382305945,-0.8638950719290595,-1.2589153517724903,-2.0045484415936663,0.5696118477267849,-2.2078638124475365,-0.5763959015000344,5.478111659588279,1.17179255156951,-3.0885822246940435,1.3966414799874052,0.7979884380003135,-1.8775810165349132,1.5997407716724474,5.3476689022508594,0.6417282199683658,2.9313755875326066,-1.2220149880898905,-2.366634014957274,-5.332123706705989,4.438079388397835,2.7022557932131654,-4.4865864232646295,-0.6464963528358876,0.05009912705553177,-2.057351532563647
3973,-2.195383718868724,-4.1650213006148,5.882437895988698,-0.3118287765275092,0.8888829177623481,-0.09908701773884587,2.471310337042734,6.228846919886525,-0.24275894637795137,-2.8104095166173924,-1.1620388290920967,-4.484949964840496,0.185711060789842,3.326995868018056,3.122824803845642,-3.8973497806079536,-0.7912030472748732,-1.9469789047699262,-5.873827353634049,-1.8884483290312133,2.1857041254263905,-0.3375163617725647,0.9056135422879894,5.008474376722148,-1.3704750835979596,-1.6192310403384518,-4.4678933799709455,0.6844858222845573,3.6837255474355004,3.0893881341896474
3974,-0.5100654769491619,-5.687807146856585,2.4928036475702733,4.421973937586106,-0.5368778295610259,-0.18002713178845475,-4.632296376304975,2.424374731625491,1.2287794872525195,-1.714375043436247,0.8518746395457057,1.8416425613188423,0.8174362148964676,-1.4003638350029046,1.7402157627406112,-0.7480365613378197,-2.6946893001754564,2.28543771887988,2.5726300469773733,3.4238291623838464,1.0931608939750141,0.6576164483997164,-1.9204312271194564,-5.826805324617801,3.94554040609961,-1.6711508692994634,-5.157134549383784,0.24724835150095092,3.6861546319014025,-1.0506579708163954
3975,-3.723178070345279,-2.244618177279584,3.6979088128600317,3.905822826481497,0.06757385506799762,-1.7035092467834883,2.7338528743351773,3.6518408743912616,-0.004684497691284761,-3.397759420023199,-0.6341813849831226,-2.34906844602747,0.5101851699290023,2.40010137825816,-1.3440062272854636,-3.3719998555899977,-0.2441984834333688,2.0499180181224546,-0.3347872090934736,-0.23228928139859129,-1.2660178971863996,-0.6055378794261106,-0.35609148386043366,2.794723750963712,2.3445014757932334,-4.783901493948138,2.4456533739158495,1.0719414249974974,2.039803435873587,-3.1179982166296956
3976,-3.693400020430282,4.058538377972646,-1.8344300108598794,0.3146960912779484,0.5416456618718515,0.6129499001688625,3.403694210693118,-2.030710928939559,0.7049758086422999,1.2661084665474895,-0.741320134279829,-2.6027474226621585,-2.773424393308872,-0.39191168160412104,4.0339194305028485,1.8067209301910125,0.7843800160940297,-3.459684301874086,4.5283424058833255,2.5587478905610084,-2.101271298462926,-0.16741441826409176,-3.197354948685904,-1.6210496310326832,1.6508461135295533,0.9032372636009818,-1.8554428168343797,-0.036989053753439194,-3.0267607545369373,2.3651092479965605
3977,-3.42458220166764,-0.782023084704079,4.400105477674781,-1.3629071745006343,-0.9926209886988511,2.1620279718975937,-3.6163462690165638,-1.0555746681628797,0.11654466511905426,0.2596030655192809,-1.237839799301681,5.533613005844163,-1.7943642590139515,2.601658336085219,0.15888266929458084,-0.42394060706018877,-2.0089251677490854,1.466689028444197,-5.511086739111473,-0.5688911137854404,1.6744472453072454,-0.5192451455016265,-1.600817393674582,6.5255931467646064,3.9518055123312585,-1.2601591300751345,0.1526713934725379,-0.7979310440629455,-0.30580401897136156,-1.7405827126920244
3978,-2.642205563161067,3.6583154132824838,5.9872687940451925,-6.035425376076777,-0.40841157212524437,-0.5595416959634054,-1.326906267011605,-3.522307166515109,-0.04351326673839484,1.4210959694165375,1.1923699126588279,2.27926081819113,3.3779533985301917,-0.9136662000847267,-3.6606408753910564,1.0902259201649827,-0.19730823691385524,0.3034359936952473,-1.2483649808063824,0.11455441368705976,-0.9225994864905083,1.0439235779214924,1.9657398042247056,-0.9532533285376523,4.847083948328699,-4.81586599048398,4.396524337680059,0.34586112267584834,-1.2557453767151756,-3.517858041483157
3979,3.658175138423559,0.8612661675200783,-1.6352898617899747,-2.31575587433705,0.6407811531577372,-1.209176722973167,2.4515234972028743,-5.188826935673951,-0.3131650907399859,-1.009226719606831,-0.6141916004871053,4.673886849306388,3.0269343397009116,-4.166974425304662,3.8333150841323125,-1.1232279315712397,-1.4571640405831108,-0.11288302637339953,0.27221977954055987,-3.349114748834582,-1.2820827097423884,-0.8937402656043636,2.1675337537024664,3.0851841909370243,1.971929955118192,1.843763969318708,-3.083211319472703,-0.5515245404016431,-0.9535716759894335,0.7726136114291791
3980,-0.34472750327540247,5.637412202341878,-5.192865885814388,0.7178711368277177,0.281502144108996,-1.099192094187627,-5.498888425242868,-0.6237569378012324,0.47648303605268705,0.3776053705940736,0.004554454728045165,5.264002501670692,3.42348821701529,-1.3205786509551398,-0.26639134290149613,-0.7781716078185212,1.040516922611591,-2.098863537950951,2.0247216952228158,-3.4178180084058063,-0.801572747009816,0.8747926399194954,1.0482702562493884,0.27160616402266413,-3.188809609545345,4.896179428642991,-0.35583686246620516,-1.0908885582270322,-2.170922876888884,1.9102784784867985
3981,-2.7567006470069497,-2.7342789933485,5.570464878405872,-1.396967176476977,0.8190557847815843,0.4984261536461503,1.8614973195433038,-4.894941194658276,0.7713324106015902,-0.3635771086936632,0.25434378828081794,2.3713447849276044,0.7542715508228497,1.621336073665578,1.0091154583872886,-2.635212983597217,0.995264089757967,-1.7447741890356703,1.0851587486572782,-1.4742198685933445,-1.8998710187798515,0.35034655424893923,1.9515547300983496,-0.012969145632652612,0.3120871545825672,-0.6013563927009145,0.06675506050572366,0.04955361888788801,-1.373332049965061,1.546292608692152
3982,-3.1540375831132383,2.915396251088051,-3.5507956513546866,3.1689935794830504,0.5985316363146551,0.02191176758338642,1.3848709518816626,-3.506910871082738,0.6812871376086251,0.2891049379036339,-0.254314897418741,1.4059627411089508,3.604970162256098,-2.6607087590302516,2.7893666007942315,-2.3172423536810083,-3.2805911237710443,1.8642054734327793,1.3452510113560585,0.3888365522152579,0.25581495674082433,-0.8136150070024595,0.7183495664386452,-1.8946370797496286,-4.566385302485235,2.1557652723584226,2.9215066595646526,0.4021253759022665,-2.5137200524006325,1.6007080470628772
3983,0.2862960929194891,1.32626033659389,-5.76255213318057,2.568243483633271,0.6680500533741172,0.9137021666610039,2.5535793423970787,-2.990133380233388,0.9425704550991165,-1.6393610337684397,-1.0754325904891195,2.208777206996171,0.20227515502337923,0.9499178549931635,-1.7909809237908298,-0.24795834882496948,2.9533609359573703,-2.066614673357293,0.08593305748932423,-2.8838049692502636,1.862998703217709,0.4545623330743309,1.6578166260013525,-1.1775057505337188,-1.3372679031590664,3.3332771584849326,-2.0722224829305276,-1.2349294014862413,2.275161545520227,-0.9640189164269515
3984,3.1914345967944904,-4.411111580490179,-1.5749321367780098,0.7630369039395326,-0.2520789272003461,2.2836511437357245,2.876687450150616,-3.5871208954136726,0.04444168732258724,-0.01615971196371646,-0.4751140488663461,1.1572655187719363,-0.6087383202431802,-1.422116896642457,0.43771113307791865,1.986293647585267,-1.692649366207382,1.299499802430656,1.3148397429194425,-2.9257883890768,-1.2632847608879203,0.4985301767993269,-1.0998168395450634,3.47552006978977,-4.814413183922284,4.0281972738558665,3.9795364660242214,0.6150764339714838,-3.11718559630536,-0.6912113936215221
3985,3.3158579951949214,1.9109926688920034,-0.3644525155799343,-3.098783362285065,0.6229246485283828,-2.386539434749097,-3.5824402279020333,3.0053895634132637,0.4127737372608786,-3.598257617189631,-0.45749566956162724,4.220030213980564,3.6714509580319437,-3.8553562104125696,2.7836945949299086,-3.024526191541085,1.6750574139018433,-1.2503205649092148,5.283606595528152,0.3898072056856794,2.75406116103332,0.9458926082289301,-3.1382572741677883,-6.235110296309511,2.540059676371797,2.5670755059393606,-1.185486038017988,-0.7743083517936222,-2.163661779880414,-0.983679012616701
3986,-1.480099773094377,-1.6350464869985437,4.794348640577773,-3.9773438424899723,0.4195674317184399,1.8785740302878953,5.085464353827788,1.2120271898057808,-0.18118259000003878,-1.2930347555994768,0.2489462259120918,-5.072220423944742,-1.899079992387236,1.156119717910201,1.358374938679237,2.0937860103208017,-0.9689350029803983,-1.7402656715417795,-2.9427430277734103,1.063946029860876,-2.8792859907586816,-0.24643525998012983,0.6681178840488364,4.3364003646013,1.4305571019387067,-1.2990516660030416,-0.27331096701360735,-0.005643709218923654,-0.7557624238572416,0.9032116641565171
3987,1.8093028365922876,-3.2054846949205995,-2.8046289249431204,2.1154568879690174,0.5221218532551579,1.5632320420484902,3.4646897445253515,5.968751886438714,-1.2287920582964902,-3.681830320225492,1.2241201303097835,-5.746939382750458,2.093296494595627,-2.6761087345284604,4.219803183172708,2.334522407583968,-3.607252207058572,-2.3642611437644394,-2.0540624013823248,0.564244038958229,2.1328760227268226,0.31131535375762454,1.1472479734828855,-2.101620987544475,3.217828044766506,-4.500318833815193,0.752184458803292,0.7595835958323907,-1.5345110735923235,1.3052338080077064
3988,-1.7605205351805857,-4.191989181226614,2.598857696836099,4.896754229311359,-0.9090593450267641,-0.6340428647122334,-4.588089245865493,6.025139131968309,0.5600443790876923,3.1035764348842108,-0.7125916147933999,-4.388079085279912,-1.9479780593231837,-0.36054655669341074,-2.6427875657021165,-0.33704733167880363,4.191703578120574,1.0966559352777345,5.356433834616201,-3.078718025707156,-0.5243132777776722,0.9260361294263042,-2.5722287137574664,-0.10720994680145068,2.302947510896079,1.9707117947544255,-3.504607251471736,-1.2316235974066467,2.704220431584968,-2.241648888354703
3989,1.9711728913353248,-5.2273700216651875,1.3830084098876867,2.516545788625802,-0.1791279764770488,-0.4642290917052794,3.023566058474593,-0.3215700334652922,-0.7778975643732053,3.3813709377921093,0.8458759739031789,-6.151345372329963,-1.5475112122736743,2.3143813191836777,1.4283706643223475,1.1238521563235402,-1.81010388058289,-1.5089890469721645,-2.7657516877129495,-2.1247860492081188,-1.4458696618549531,-0.275162009382349,3.2170962493906465,3.394473158766491,-2.171966917446067,-0.5039786780366917,2.5473799941757207,-0.5981138070647241,1.2873569446053637,-0.5606775362312124
3990,-2.513272614619739,-3.5204017196663813,5.119401605763404,1.7129336316658694,-0.7873341352743475,-0.011326767867522847,-1.1846204534535865,-4.932380872189508,0.12046629334780157,1.2512478020340545,1.2483060402373267,3.496981190025366,2.0408039903550375,3.9261688478430585,2.9801035921373966,-2.759648073369851,-3.249567044508762,-2.9378613124560626,-1.042297347813772,-2.977783377000673,3.724950059679845,-0.9864293124505634,2.93165819728239,-1.6500982196984388,-0.09544667990678946,0.8718645718169178,-0.1967120302683263,-1.212018898987338,2.9723500879108222,-2.340037050562909
3991,-2.62743066099506,3.382520381063472,-1.9320347301856025,-0.8670911851972889,0.17756401883720896,1.8664721764785135,2.739804774854864,1.0088669591192776,0.5636134504484325,-1.7327043277753695,-0.023145690323453927,-2.5564351663222915,-4.200018148049663,0.23179449973000388,0.3825956905698007,4.219110851196458,-3.4122456387550155,2.778762745309212,2.9115534087257586,-2.915849352530417,3.9545926727675464,0.7276143129047394,-0.2125910580169883,-4.46531998385187,-4.581295578905664,-0.022149074256233803,5.675545545977933,-0.14570760856484366,-3.5922979810684073,2.6659046968196023
3992,1.9548226580732333,1.523493705902176,-5.180380616085824,1.8753802104589887,-0.35922049397822065,0.18590453563087195,5.1577877948603685,-4.790877798841514,-0.27349244074217705,-2.724497774942538,0.2110955773694574,2.4199846422978695,-2.6506861537850543,0.2974799492132547,3.298668519959474,1.5679226399725579,-0.40718135137407074,-2.1062036039853513,4.81256657873362,1.4088880941012434,-3.4440809322896335,-0.7411437095805669,-2.8486809016041263,0.8124508706382088,1.5945980023376336,3.949549770218354,1.76994291286249,-0.49434316549165924,-3.480846186470858,-3.3389013334535314
3993,3.43539447033406,-4.39501365378214,3.177054200429083,-4.754732185173378,0.7323059705873085,1.8049911976063093,-2.3688752646561966,0.9751690450653037,0.9273869115594415,-0.7533352050914495,-0.5387919288717029,1.7584464419960675,1.0339813687478703,1.8650251797797068,-4.1723066335840855,1.0016744338117114,2.7142569345365715,-2.442631283290952,0.65154161228185,1.7348402236810472,0.5818512854844009,0.5841958777096998,1.2741202894435197,-4.8265492886017505,-0.6168191285808753,3.351181057270338,-4.35032628706486,-0.9610261482825431,2.6978192343306056,-0.12082872767027553
3994,-0.22321143298847268,2.7196419638818234,1.3512467998324134,-5.659859014451698,-0.33557718528539415,2.1477588690125717,-4.939705552879886,6.0849306714502625,0.7504713817529964,2.9465258574406654,-0.8836043302198844,-3.958618027542716,2.1035366452268427,-3.423273516631511,-1.3343312539808991,1.7288633085367842,3.460992499499998,-2.5357876826503567,3.1566758274591535,2.801622469485441,3.4609297146646227,-0.9492246308701535,-2.223052059495881,-6.246951321244442,-1.0754686233001962,-4.822333193116812,3.871677052498299,0.5597328413468174,0.5930433098045604,0.8733486127697248
3995,-1.1288284655663805,-4.354351795178424,5.227285586785147,-0.5014096534503416,0.8668355683348477,-0.1095312409235838,-2.206150668920259,-2.367940698992939,-0.4205891836946698,0.69698710548378,0.505965816723899,3.791727629401585,0.8541273306383417,2.674360736825257,-1.4977582238508234,0.04412127676513933,0.32843881062094127,-2.403289930997996,-2.9078842739823827,-0.6560445537308599,3.8482158315794415,1.234703630236961,-0.39794489491710294,-1.121045739187327,3.61523966751162,-3.726633826579583,1.8934284385190416,-0.9142851614607999,-0.809479540401087,-0.05826957758677587
3996,0.20461460309290835,3.923547951244746,-3.0487389273459087,-0.5826970751649156,0.19238971576792618,-0.6891162675934925,3.5710307428745907,-0.7879928465580903,0.3662401079151216,-3.5091706126478304,-1.0352498963113264,1.3951425047289305,-3.973147093073692,1.5028883772664088,0.9408679216784073,0.26106605771988356,4.200998609702523,-2.932673873292652,-5.22289148000587,2.560020328845127,3.6986369634738203,-0.32578149063775985,-1.339785050155447,0.629800728478866,-2.7549651819653604,-4.843747005518564,5.582962317602117,0.7150242945469909,3.714059256773755,-2.413333681436482
3997,0.12599684227491714,-1.5493326078782736,-3.361900643287651,3.5858178529489635,-0.4634301000315406,1.662848655974834,-4.587302747032922,1.1126647135257208,-0.36834135673323765,0.9415099340001696,0.9486020304610898,1.952867425780557,0.5988686180753966,-0.2648497437543007,-4.094210399870347,2.268527616271058,0.8357727545899074,0.6558911546891473,-1.604559569206021,0.9333580794126011,0.21373878375948152,-1.0858744019215276,-0.3548513115094476,1.89818841946364,0.5730998506662388,-1.623843224550491,-5.392274001860919,0.26230221781288154,3.7336104593528283,2.44710469858191
3998,-2.6110627798569244,-3.6435993510893745,5.542154449756556,0.10477802509140233,-0.4793611701217164,1.0870908262213064,3.892552255663645,-6.248475419950481,-0.4383679448692348,-1.9994824178492756,0.7099575141082672,4.0838160128984775,-3.597713042387925,-1.2873931882949208,-1.1557417290773735,3.4633577035531786,1.863222431856375,0.7142678243515235,-3.46485007947766,3.315404536305916,3.929343007803965,1.0756189362632202,0.7361204753293702,-5.591636876226076,-2.0260516771773673,3.48749039707797,-5.710313676733428,-0.6672237776023708,2.350226261884451,2.5658724725532345
3999,3.4782107834594385,-2.2483035639659867,3.104187761655208,-3.069031541393926,-0.010133931152292774,-1.2549295086011618,0.857277317419598,1.5617310267347015,1.0183284189699124,0.8687956731688296,-1.1365545629579041,-3.1695778733337328,-0.747998638968749,0.45890465104654865,1.1089144590864777,-0.6511317136635562,2.889060756315697,-3.057749513815576,-0.5918915708236199,-1.2928817794951506,-0.6944139391413966,1.1046599417137664,2.100087608941614,-0.6255602611964797,-4.655476169195975,0.6695965973280487,4.1361941254761305,1.0674005444023278,0.024996492090355815,-1.242711590098418
4000,-3.1526116197852474,1.8514545070931554,1.9869602703596883,1.3224220224183405,-0.5393986594505107,-1.4688265206341615,-2.1879850705869863,4.792895033835052,0.8234463389221922,-2.739471577143158,0.9927539095339641,-1.6816386345596612,1.0822837066463755,3.1732952867306814,0.670706888827727,-2.6763926061586503,-2.7809201021876895,0.5310268261424298,5.03242009167305,-3.2774187668710226,-2.145771960688643,-0.09550755800342081,-1.6725105587029443,2.1587887525917324,-2.5867867119303405,2.7861007390709034,2.035576802795834,-1.0808196552083178,-2.8666240338226636,1.7125528590970944
4001,3.327365961480343,-1.9410065600033022,-0.8416977180117975,-1.6533452288306627,-0.16216892294509333,1.2708524683117766,3.685128527301302,-2.2951874401975942,0.9587125916433106,0.8115812448162547,0.6502709164671074,-3.810505840028984,-3.954080906800799,0.5493980950030277,2.4885293855417423,-0.030682141096594506,-1.1562328532321509,2.1030684205856147,-2.5532037443049944,0.8585791038650221,3.6394979810936796,-0.9985300579017924,-0.2715730417150901,-0.6747702410380754,4.278670425856358,-1.985281998268185,0.5001306623050645,0.8363545835743729,-2.1364519573496707,-1.493421716115412
4002,3.2905920660240007,2.0433972791674684,-2.360302494785227,-1.212120219758301,0.5846193246939131,-2.3461859553405935,2.9876942620895264,-0.5813160588129556,0.9059867482643238,2.8276850491942973,-0.018677764470615976,-6.121372236263156,-0.7251632295306116,1.7852241055896805,-2.353603593427776,3.809253590550611,-0.04371217153966711,-2.4719987016414198,1.2880435908425163,-0.28610768335945913,-1.3834735736789625,0.7455490089454315,-2.005004970299085,1.6409936275482906,0.32661480070996163,2.587453427654971,-2.3961190069607667,0.5781179702564492,1.89293192517529,-2.988999116833323
4003,2.037126959987752,-2.4153297862956826,2.484252264721878,-1.1052731048292337,-0.9244905993455337,-0.07628573423793483,-3.464769387890893,2.671927407285146,-0.05869084565534344,-0.38302249496726226,0.34857100937038954,0.8859843118593851,3.9557025791068554,1.4149203734477176,-3.6613228251024204,2.4110681916629133,-2.605790147177512,-1.5145781719367566,-4.1113650616968584,-1.3328723726011926,2.915209472470515,-0.008796603963689975,-2.310727261760949,4.848551827550889,-3.850145833658175,2.2446815151853343,3.6367999224688923,0.6496949546211104,0.7588503139862279,-3.439880872600787
4004,0.9274546642560999,2.5774563142561924,1.1067886728863705,-2.4402343446657433,-0.24217586210708308,-1.9292894446245956,2.3202769943875197,-4.514600305270164,-1.013173614488236,0.2945269509525641,0.9280982360273056,1.984871738392446,-3.4818358948341377,1.895121117041711,0.2243425537782251,2.3363479410281336,2.2631546025170515,-3.23713031953017,-4.544698977480518,-1.6053194080435578,3.6889154240497,-1.0870006487192048,1.3720862579031206,2.176017352289186,0.8510223947626621,-2.063971341010788,0.2121949487644379,-0.4102764157064165,-1.0230968232414313,2.43412723643414
4005,0.4574801369992816,-0.5887886262162532,-2.761266187787065,0.959505186583236,0.9335474754212645,0.9995220150007498,1.938390147918149,-0.4192587393579039,-1.109917754440739,-2.0207305567856473,-1.2429299667401073,2.854446869407667,0.40890547053466264,-1.504772898118258,3.6862217476368215,-3.248437216901463,-1.8554134277823895,2.51349632463144,-2.6065828638978488,1.4633221641968515,0.430507562500523,-1.2416602691318142,-2.7627555475333203,4.71716895386432,3.0171486794673896,-2.5324694976942688,2.3451957104020558,-0.9205364127288567,-1.9726719683770018,0.06333348893332946
4006,-2.9126737847632818,0.5344299585366947,5.67434158068707,-3.13013479847546,0.41640949223037094,-0.5823724482141763,4.752517351453893,0.7971668164780183,0.4852485482648081,-0.7410414896967499,0.9237539092458578,-6.217645135744402,-2.9316366355380055,-3.9185115767702516,3.570915700260265,-2.325982583007727,3.648853805071745,1.956361289984759,-3.4128107165009673,-0.19962729613749453,-2.664105209460768,-0.5029967778377253,2.41664156865804,4.362898431277639,-1.6603013544291336,3.297979393172003,1.6620504297217593,-1.0007243128694938,-2.3883355108182744,0.08933135522579505
4007,2.81550971353904,4.2338933214948575,-4.456316595269826,-2.6310951184362104,-0.0005188905834665469,0.03852756925682854,-1.018184852662717,-1.211186981913471,-0.8210343906152966,-1.007421031241858,-1.2244217719748667,5.28224902840962,-2.9385003547220823,-2.1882017867009687,3.4175995519812297,1.101597923641389,3.7564454402550567,-3.1489407744538216,-4.6563518826527,-1.8719751702331333,0.5838318779169711,-0.67436408610327,0.13894864428525366,6.479910616785602,-4.346137459277001,-4.223209631848819,5.089247179174354,-0.2671235176168558,2.9533907913643738,0.7938326382066254
4008,1.9840519000590326,4.794338626583347,-1.69162022536252,-6.167562039286629,0.9987294940751466,0.08206224393282646,-0.9161050985996937,-4.164850091954648,1.0254098315080515,-1.493595390363744,0.07626484235960795,5.472875907051844,-1.0185406567634736,0.5543513231481967,2.937107465421388,-0.4011038406031986,-1.0723526379087502,-0.9994616532933733,-1.666678777825755,0.15781062294998094,-0.7972035533656161,-1.001146152639289,-0.12804495333755384,3.435262814216948,-1.7750521443560743,-3.5890375313721705,4.904431581954832,-0.015172238439522978,-1.99290022873706,2.4677305609526883
4009,0.34390578302715724,-1.978965155580802,5.710382773819102,-5.045345491741884,-0.2715678691086192,1.2415899595862712,-5.3149249635152,5.524206818283254,0.87625542360714,0.8417547921547328,0.11497829012803162,-2.042270360656559,0.5321238553323795,0.5433773285180905,-3.033185491995317,3.2475149415531774,0.8385835464980929,-2.128414179905679,-2.8872073973019567,-0.8969920788625281,-3.3219329220361082,-0.5160614371049759,2.6131262501392545,5.0090675851650275,4.9032494467336285,-2.542196155178324,0.10158395220474503,0.3023788187815146,-1.0313555672560994,-1.7336604952827557
4010,1.8657911548593624,-1.263031891298695,-4.613437633155712,5.881089323258493,-0.7891791303211235,-1.0812318233411045,-3.8824709979334635,-0.5233567258228504,-1.092909928035795,0.8828588240141997,-0.4507451083695262,5.066623936148844,-3.3816570300302367,1.8609227421275953,2.187518143066569,-0.10956497473335958,0.9708433251571584,-1.5280622055870072,1.0964638665273476,-2.4656028905281886,2.8350855007074074,0.07826024233881856,3.2457151482912288,-4.789921867337931,3.52496842376987,-4.774498358564765,-4.05259490190425,-1.1581964964379852,3.0233513269468055,3.436970006193068
4011,-1.1110493924611173,0.7646760295361545,3.00790045200155,-4.2623695070082945,-0.21062346135884957,1.8114658792917808,-4.166768500468592,1.5609982470887793,-0.07583368804293489,0.4811262923818109,0.7543802477630859,1.446097401279257,3.8045377884919596,4.205984221603167,-1.5765661519672367,-4.19567520638088,-1.3682819084260274,-0.8699987433202683,1.958894501368274,-1.1651239173649461,-2.2483459943680835,0.517037271794984,-0.4350695959276898,1.3726077344961318,-2.742233861030197,-2.436076474008761,2.2694359191567486,0.6333512583394745,0.9573135744253207,1.3182095831201224
4012,-2.353445138967837,-3.153350167704005,3.9081378048907176,4.026587577498098,-0.4530974910683079,-1.9748325846474373,-2.192462969125785,-5.857732774800681,-1.0489969626995106,2.871630863105448,0.5541085108295638,5.673453332692354,-3.2594668639819684,-3.0123140327495737,-2.371141098655153,3.816011750534397,1.5800596114591627,3.246850633393869,1.9521214137453207,-1.1063729936065467,-0.5431130593603619,-0.07102459315482168,-0.7315473449785248,0.49993657735359776,0.9805501389226023,4.699875993595043,-3.540148147392781,-0.6288627563394158,-3.5260787895359247,2.0146635607531884
4013,3.737495695629004,-2.1053288153716956,0.5611702162575867,-2.8544034837907546,-0.6795719187391405,1.3406383060162277,6.0563737532905435,0.3935875919867655,-0.12896606899924734,-1.4312362345316227,1.0264852568609033,-5.916244298605953,-1.7337266202865784,1.223379505348131,4.2427029123963464,-3.0044000756576796,-2.558796105282136,1.8308403834826343,3.5465940022204556,-2.755950786032143,3.8924088988229535,-0.2677371788933183,0.41706369509789454,-4.832378631217214,-3.4787398719624463,-2.089543532099409,5.830853583290725,0.2609407961806669,-3.5858400313801084,3.0623290559732865
4014,-0.5624062082520869,1.3700927927502953,-1.903152587634061,2.507499370212358,-0.8488092568219616,-0.5632241102532927,5.03664390032543,-3.8694590549425136,-0.0036096221338999257,0.5584027801714537,0.8229041886607886,-2.5448821920798785,-0.8536774945077106,3.1152900136588,1.4967057012486862,1.5104674537646616,-2.682205155504345,-2.5865805186593693,-2.030014694493289,2.974175628336269,-3.917220663933348,-0.5067445256870071,-1.3978923424346927,4.877696598210687,1.8580482920338426,-3.695384546865128,-2.07278496918628,-0.4292244645185441,1.1845991605205342,3.154746528018304
4015,2.129384297684709,-4.220319003361855,0.04483723143150442,3.4428494112477317,0.38633840658951524,-1.7830903435903593,-5.2529233909214526,-3.511433918899691,1.209687487254576,2.554188789253658,-1.248993227812492,6.249474261126782,-1.524960641204224,0.3323782586604551,2.977563866402903,0.05764497904599608,0.9919712587976761,-2.834597721702112,-5.552265838329635,0.3350715267026061,3.5039101293343116,-0.7902472043937063,1.4503520831161207,1.0531793035689319,0.9995968572033007,3.006801168535983,1.7956898904164724,0.026444666464993993,-3.6352153449382882,-2.1933172376797216
4016,-3.3249959437059644,3.744867191238253,4.198433613279942,-4.818796474553789,0.01018695666314784,0.19030465707968247,3.005563634430267,1.2187895076101007,0.09940455336255205,-1.3331275352135545,-1.0811753052860338,-1.9094548549019343,1.6897752130395176,-3.994673549482007,-1.287948145779307,2.3432333563374854,-0.01935813044451251,1.2689712563294933,4.285714177917445,-1.463522098042331,-3.9721335486750338,-0.770452319366318,1.0051942826533082,0.9151995055115378,2.189425827384966,3.0962338500952455,-4.72721998501725,1.024479390659291,-2.5332935138411905,0.9503744307216291
4017,-2.549730181527181,4.742271762009256,-0.33661723844511826,-0.6432850957081833,-0.7705488751141376,-0.4420903712133697,-3.2161937823038436,4.420422072890755,-0.7573369159225436,-3.1759772144710396,0.043857859701130764,2.685227980106916,-1.3404122799980094,2.5731083288005188,0.7840785930367673,1.0466184471400517,-0.5855706571030872,-2.477822431875568,-4.9353018363505505,-0.22428653843262047,2.155872723772319,-0.33775425516759316,-2.699402983252014,6.040872889429053,-4.856618347403826,4.233234252087229,4.521842578570542,1.1900104769468838,-2.028164022969344,-3.060304937228775
4018,-3.057959707334552,1.4082914777262303,-0.8188719852726507,4.101861684908126,-0.6675601686594528,-0.9657613013664434,-1.3942920949717283,2.511763647210433,0.45160990409861324,-2.9716523012491862,1.0126204367464178,0.38995040816685034,-4.115613639882778,2.541961829984867,3.5853473708089396,1.0548020108917306,-3.789601283677829,0.7231037118757762,-1.5005267753941425,-1.40593137289245,-2.706817538929805,1.2089242297798402,0.8470122848056274,3.5573391726295043,-0.6232677914699849,-1.7869076278931537,3.806836652770734,0.7225578474385213,0.9913381802026766,-3.110557261046088
4019,1.5598759760267065,-0.6593379763201845,1.8658086869149137,-3.4904518653472643,0.9364758666293898,-0.21237068790231994,-0.18002367567638444,-5.557481995223863,-0.4137278602696579,2.4569159167173993,0.8046596204216794,2.889657994032241,3.670365061798723,-2.726717337944983,1.662762012794893,1.3812863338588954,-2.5126563816218255,-1.4750396888850226,2.7006214771401034,-1.7616954020574926,-1.9130260997721784,1.0637093911268032,-2.985684336854055,2.896074970415384,-4.48945229204897,-1.383601205250816,5.351359338121718,0.3210311116848201,3.1328069373105976,-2.9321438898146432
4020,-2.116189382071264,5.518765614604661,-3.3171676167858877,0.2938958799079181,-0.028443820723119462,-0.3508606749310541,-1.740554763659837,4.799914672357147,-0.9245863637095324,-2.8493812131263354,-1.0721562625946661,1.7867639307346153,1.870572205241853,-3.357336451493847,0.0776710541921588,1.2756096770033594,-1.2650411540181299,1.398524669075286,2.381631261927126,-3.0491002459596572,2.069852331150365,0.7170581996023042,-1.3632389220864862,-0.7562026246350833,4.824780759638738,-0.5583501893057772,-4.738880435714819,-0.7844714724462571,1.5022242995754915,-0.24530296174469868
4021,-0.09626227494634776,5.176475900093038,-2.2907957064949294,-1.6995471180854942,-0.5100503224005668,-0.5798204781644465,2.9758864072144604,-1.7175241693603738,0.42571456984491984,-3.195190695759049,0.9276525317209439,0.5834613563404787,-1.4977879236684437,-0.32017630159156596,3.737527142201639,-1.3506954311599397,-3.1514368923823106,2.582569406601287,-1.8488262386474297,-2.694205368225024,1.6815579243924539,0.31921212230189866,1.1321667154334243,1.4100948447432629,-3.6101596681225487,-0.6936195275059163,3.7891527980084945,-0.4667113643812062,2.7359144939124036,-1.754576731908518
4022,-0.33951904031315294,4.779861435142841,-4.726045814499731,1.1318265428981853,0.11726008293110723,-0.9633832061580083,0.6355432862969472,1.2432357809842252,0.9957636592138268,-1.8208349576373664,0.6838815576585215,-1.7375893265147972,-2.6677038807890963,0.6484518443439669,-1.9536264745749232,1.299885114488358,0.9836962002742631,1.6892971962581065,-5.220086541822134,0.7906033560716619,-2.395971785883777,1.1963494837525115,-0.9794780403957617,6.608583528276057,4.873793532100187,-1.3666640684988032,-1.5124775856049162,-0.2802670071865361,-3.524321496279395,1.8099366254721474
4023,0.5486883048621767,0.476285303866387,-6.010560145203257,3.622512146460508,-0.4627509523723601,1.8258253423877928,-1.2940638035270133,0.16919406986783514,-0.27548221711912024,-2.6619818150200274,0.8306648878847751,3.231668877914906,-0.4872172318736183,-1.7353504201823622,2.1550778393522414,2.279858154840536,-2.9702689948573013,0.7579006527211849,-0.7692526979767536,-1.0142257795726142,3.9472393272917934,-0.6677074801728713,2.816800922673936,-4.312854292244918,-1.0766192481844072,3.827369680211561,-2.957460222207807,-1.1275477914677028,-2.189560729064853,3.5238183107158747
4024,0.37301547557993864,2.9908312678503535,-5.367740339808282,2.587954767974143,0.0874103840859104,-0.6714715556808208,-1.8910313043727385,-5.563737004133149,0.41015377628775607,1.4586716502205377,1.1534364852992587,4.432506396699651,-4.196387687017676,-0.5954879537182514,3.476175937807824,-2.054034540215712,2.4003002486234912,0.9694339945209762,-2.6795319176799985,-1.9559516349847108,3.0805422305730374,0.40257456398974867,1.65942433164766,-0.5070575735471756,1.5055798646320682,-1.9054475784517386,-1.9299043467453743,0.042843249224025826,0.4025784505553194,1.8843503607883854
4025,-0.9081530978130683,4.533342166621644,-3.2127789841876506,2.6445933863637805,-0.9209584963126713,-2.1360449746707566,-1.1521100995299776,-4.177977356304879,0.19783005101073137,2.4015031769103885,0.8023696580737258,1.928384569841345,-0.9147226354484523,-4.102455470907559,-3.221389170392877,3.2727730858695807,3.9872025305627155,0.9785916603172584,-1.5418502897111814,0.8787082513743378,-0.7703600914927105,0.7622885325498334,0.2134349470581398,0.4577786502201313,-1.847329572500577,1.520105439647537,-4.599337303729289,-0.12426440505211378,2.4286163446023252,2.6222094970348273
4026,2.3258107567102044,-5.052275273480063,3.6782680009763915,-3.1437967692994384,-0.03385851998681222,2.2258518050809872,-2.2760125365625115,5.184495387028022,0.37428354447763645,-1.2503134459972784,-0.13842293508491377,-1.8940300138596342,0.5715758118573468,3.5493628375269317,-3.512722206704952,2.1162656956032464,-2.4113569183578285,-0.31312521992407305,-2.7254324540039647,-3.458207309322731,0.05224968320562695,-0.22038060647398794,1.3760888890909104,4.975681797502684,2.420354356697718,-0.9666511962719717,-1.6848690593619828,0.4247731552886833,1.6813600379688864,-1.874967294318619
4027,-1.196622492034411,-0.3370455147455509,5.679302433074991,-4.821357863075161,0.6757746051758509,-5.1168394433531716e-05,3.4955464753042484,-4.956254571472471,-0.787055630727326,2.3708639552424984,-0.06643108365347761,-0.05666914469216522,0.19473578561148486,-1.9874787123704678,0.5530524575564613,3.3251718268470185,-2.1403876114615024,0.05490625381766989,0.27209812932103006,1.2124633389940662,1.0724631951178658,0.14977630406642906,2.3488188540106485,-5.0556198215115025,2.9224597922058777,1.1371896766701362,2.5896643166775455,0.05578326063819539,-3.6806617673395756,-3.024435278849486
4028,1.6063253073567836,3.79179823649671,-0.6369742116683632,-3.512623640676509,-0.593603614577831,-0.6549220769294735,2.309760599234398,-2.6990330538759615,-1.1233774998986341,-0.9515218492820239,-1.0064861425469434,3.470657946370448,-1.9597522663963343,2.950616044070717,-0.7570993308483089,0.37947080348934037,2.706706142614273,-3.319941392929019,3.7907592186216057,-0.3739247155405714,-1.930332557561666,-0.8621765823227987,-0.9011196444060392,0.27679428120801575,4.188642810314821,-2.481430257678589,-3.1954056574206824,-0.3936642287498344,0.9624256417612962,0.9194316917756868
4029,0.059663063313905695,0.998302843444236,-5.426568851051901,2.6009740518643305,-0.18397218020792594,1.9516010726386135,-0.8485887817205331,0.8167177033721131,0.3810619411696585,1.404226083308771,0.4788739296487474,-2.2322908757774726,-3.878463039825739,1.3453181703825159,3.2544926546007247,0.16871494459073944,-1.106420073034112,0.21635734328654443,-4.71734452517115,-0.5074070084266609,2.955546009173794,-0.9872015018689533,-0.4400766168305488,3.6964836431220576,1.8515397010720314,-0.22792163818169087,-5.67924637406216,0.3233106678827484,0.8928793922519453,2.8394382510398337
4030,0.7364843843860864,1.0235572353302693,1.7503172819405641,-2.8066504592728876,-0.8243323177845896,0.12062387540181163,-0.6706373497158324,-4.487792630744799,-0.3949732381302935,0.21673638305341036,-0.88068163592928,6.217348471468068,-2.177075409422372,-1.9454835398197563,3.827724169243986,-4.022991586366276,0.7425669387000298,3.5752594276650527,2.2504957073957215,-0.9380114256510996,-1.3133082890979573,-0.07862324554988387,1.162354980127704,-1.082907727225944,-2.15609682261859,0.09362966208037093,-2.381016414055722,-0.15258512188185236,2.7634949283558683,1.8325737681226038
4031,0.7493769513478963,4.308789186732604,-2.9937439786696523,-1.0126013748727516,0.26295922537963845,-1.3147800099164844,5.31976261112953,-1.2070283578100778,-1.1445348404618976,0.7007602120394303,0.6409566716979223,-4.309916296593666,3.890100683739405,-3.0450204538961003,4.03546942617605,-2.798372610900982,0.7558307710918015,-2.838007816209462,6.2371666695175705,-1.8502874123141275,-2.7008041433551053,0.11127692193697314,1.8144577306695684,-3.6118097664563535,-4.434593443398601,-2.119242575518868,5.969371884515809,-0.6454675946867718,-1.0344274529143629,2.2643591820054887
4032,0.5644333289217371,4.2921415301619525,-5.013522171972344,2.204132900848549,-0.2817235162909617,-1.7654620716676686,5.886474726116173,-4.542594726375274,0.6191251590393003,-0.9414344499451879,-1.2110528417398085,0.18948213290600435,-0.45174327211781673,-0.13157765998567683,-2.836265059808518,2.7084404706893963,1.8619488306618948,-1.1508033094385954,-4.272517306246968,3.018865133773886,0.8337416463249916,0.5650535647390358,-2.7047929341969983,2.559649895604597,3.459853807451843,-4.163568405848114,-0.43782406922403183,-0.8439421544893593,-1.6441427126501686,3.629623534762519
4033,2.0437417914669,-0.7703516760481044,0.6025312243806802,-0.3483025421125596,0.4305549541447582,-1.9581737518303761,-6.123684641110561,3.168022832262796,0.500374928660702,2.36620997539746,0.9880759382593656,-0.8989990334685807,-1.81244401322836,1.9582125031967337,-1.777616859257714,2.8047287249417003,-3.5364127586523377,2.3635324030007006,-5.1063966880220875,-0.06588903341953944,-3.767592908540113,1.147127653359382,2.544730685832187,5.24802029078873,0.7156043191350498,-1.8157650075426837,4.972247372558357,-0.41266431294200334,-1.0008895900039114,-2.4585327812021625
4034,-3.4224059423499256,1.347847194199094,0.861809392414596,4.170373859618454,-0.47132606850989767,-2.486298435371027,-4.202023909308966,4.794288697042976,-0.1670257215521893,-1.9672292688048252,1.1278192872284123,0.41417091539577555,2.9952443538454823,-1.0237475030421415,3.9897359319276227,-3.395875547824973,0.6128321302729596,-3.1781893651782127,-2.917555434422887,-0.23689377952578816,-2.0176770086377047,0.4993456144723343,-1.0885604881912965,5.761341096303923,-4.442730619778146,-0.6046711548238655,-1.25192809459325,0.829373647012134,3.171105378190809,2.2988508439949342
4035,0.928108392188566,1.8508007243303233,-0.0017430692330755448,-3.2531566506332084,0.17752764736806403,0.2984629559806482,-3.799695753960396,-0.13967057243750247,0.6946860726791089,-1.581310382189514,-0.27485075518134927,5.100841391090825,1.3087554066712705,1.032717185177404,2.694472846177586,0.03800654232551892,-3.6298529288798775,-1.4440990514711505,5.950373586158584,-1.9114005993732075,-2.99470781360629,-0.7028478563900951,0.26979339224553556,-0.611210709035948,3.0080018371614194,2.0937704157532337,-1.180874273989616,-1.222290930397174,-2.2658530652423163,-0.43275398328291637
4036,2.4933608546837895,0.11439226282091397,-0.799865443136639,-2.062167881073595,-0.9721989658436552,1.226479172550503,1.7723895603024467,4.508051914357804,0.6155335781024087,-2.0854946115408204,-0.1726248987694854,-4.6378555424511845,-4.219859076368454,2.450623744344245,-4.062674971764945,4.136953220609097,-1.4701314372076713,3.165088520388455,2.1076452388986695,2.41546255440338,-2.378911031951901,0.12907488716959659,-1.0754389692951811,-1.1978326792259537,-4.577439731958128,-1.5599896191133986,1.8039802804242306,-1.220894307939648,2.914600903382013,2.6397424752075906
4037,1.9984207904402034,-0.2343356664870555,-4.954942806382697,4.521680041582979,-0.004767555086282904,-1.3260548040658389,0.7529571144631539,-2.322486317779269,0.3313504837715824,1.2303704354299434,-0.7962090807858653,0.8040173649016147,0.7434200328380136,4.087049287276134,-3.0918267877450063,-3.401666594484194,-2.0375649883732123,3.700589050488979,4.838929030948929,-0.7485353596493436,1.5945584698084438,0.07797783237183875,0.8441597497517925,-6.607089723233081,-1.1406990799772636,-0.2733005518855123,0.9726057067792944,0.32711233323290667,3.1595454862493852,-3.045263894396122
4038,-2.731404946811173,-1.4064918733664875,-0.11557061914682976,2.872736993975824,0.12958960860233582,1.2511408367476324,-3.5174682073229384,5.554875419063805,-0.6676574727568667,-0.9226070040538268,-0.901186251090814,0.4540435161618177,0.38426047101719973,-3.512172809855617,0.5003238182078,2.879431463550919,-1.5602409202051195,1.3083979772855443,1.6889440223202747,1.2322186553551298,0.09913859770020039,0.1335991324424084,-0.24121974460863704,-2.9126806632107822,-4.414006531151049,-1.1701535658486044,2.897162899850951,-0.3542094512432463,-0.5218538020683727,3.563060450462981
4039,-0.8542852509548897,-4.838232610077309,4.034351656057641,1.0314779179317846,-0.12947455326803947,0.7561628403121166,-6.219864759964985,-3.216398994638869,1.1222873140704532,2.4047591653905016,0.00779640760759559,5.901420867536494,3.3646969524370363,-1.8237858008275936,0.08535182012431264,-4.152389118954378,-0.0012636994187431583,2.527389846640073,-2.4837738214449416,2.4628400588301673,0.5814636034514535,-0.7199901631896726,0.4693832509529514,-0.3099229286013774,-1.056982840544503,-2.5392312268096617,2.9880871324584604,-0.4601104149118669,-2.562630745646276,3.6308680954565062
4040,-0.8625291416829484,-0.5057693538754648,2.951599812330528,-2.95560802437808,0.7357150297629595,0.6365916778443115,0.493534962280755,-2.6521771972763553,0.9224241461204663,0.2006110871117439,-0.011355105300741464,1.046962107065351,3.362088798991902,-3.607749870158951,0.2897707954287263,1.9561373426529691,0.3361761097205118,-2.336423176634433,0.4948234538601639,-0.8226795148265591,-0.13508036649923305,-1.0687559927430277,-2.7913827482673614,4.323075168474567,-3.9682402525078615,3.256634162159891,0.8423112597892768,0.10449950508781303,-3.111829192107841,2.8766245175813694
4041,-3.1793510254750945,3.2116417484429007,4.9906797328742165,-3.703762648215548,-0.4428125631454174,-0.8763952444797418,4.924992891498842,-2.5208223017075824,-0.7653981951930096,2.421820926002752,-0.05680083851141493,-4.003792482088333,2.7293992369498064,-3.1189743512533514,-2.5209948136143847,-4.096504289808648,3.3768336159270866,3.6302406018001676,-1.8782542019867066,-1.2178040392869516,-1.7704836897008107,1.2018655605074517,-1.5352703670292307,5.199946737494827,3.4004315912164813,0.5916109836610168,0.6301304284158391,-0.9757788057648078,-0.8183577268135114,-2.8280364707123447
4042,3.622211281177819,-5.222108085213705,5.693061121456999,-5.302104377867572,0.366578786249558,0.8423612741982343,5.015563933917182,-2.206955180616646,-1.1499993170142626,-0.20769699082229565,0.9146886279129864,-2.365601073375675,-1.5196039226695373,1.3044218094480584,-1.6730886410758856,-2.2826883802951894,3.941376908744118,0.22958222584911603,-3.832627518870833,1.5262157167350594,-2.6824517963397216,0.11835484457216428,-1.5644609653853578,6.434969719287281,-2.2294891218631996,2.7769689261749235,1.984898552873048,-1.0970146518202486,-0.3741646978808575,-1.0611990074809263
4043,1.9400614625657155,-0.4061978185166595,4.061169695347282,-4.513063337279938,0.31423694017443626,-1.3962069422895134,6.066448294935437,-5.751836034120561,0.15437337381242244,-1.7282465861294636,0.6960641495111588,0.5631968019923121,-3.535195144422852,2.5163421439262876,-2.234537271584683,1.285895591311533,3.6409968997924587,-1.6735022190220796,-4.908216044768974,3.4531339567373145,-2.1663704859433803,0.2394846547828937,-0.9283643139966831,4.3103322331874026,-4.355103120214164,2.2170248430717976,2.8685397346940817,0.3331989777659716,-0.580805727422737,-0.482854707892189
4044,-2.610078407174573,-4.717139005484793,-0.397736964886402,6.033544125593114,-0.38109577359235436,2.0725060255463443,-5.681274554949436,-0.0016616954750077184,-0.6968308059480197,2.355691827352306,0.8355346968614477,3.188540532160033,3.9803795362386296,-2.4524503545762464,0.3053936979350276,-1.8234132215713785,0.4631617276336897,-0.4730713856590665,-0.47321626921297266,0.5926942986280768,0.09334671129512628,0.06225372159942921,2.2967126108785614,-2.5717910731896403,4.298117044050354,-2.4288998406994224,-2.3568868731737815,-0.007051971672381363,0.9596093065413758,-0.4648876650433955
4045,3.121956670315903,-4.010994664088241,3.2000249482514995,-1.7368275644393698,-0.6223169330621394,0.04815754302369335,4.666309495985434,4.260415587954686,-0.6110828311084635,-3.1930345890254905,-0.8666617745306633,-4.255945889274187,2.5813395507276233,2.765190938359524,-0.8849337722012898,-2.417903417417019,1.4328612422257372,-3.4765545416939236,-3.121908389733278,1.2366280007277943,-3.3108244825394024,-0.04014884852023748,2.944069233546349,2.2921844865173533,-0.9686859231303657,-0.38096258643134107,-3.7669555172425433,0.7255083837389478,2.535449171668681,1.8556464713993606
4046,-3.2641177003921644,-4.897018125900296,5.108873186028941,3.595850123491612,-0.75008727417142,0.20649979094465465,1.5430919046679321,-4.890889901799682,0.15002228364894954,2.881227934545617,-1.0736302380365395,1.390178016975046,-2.2882966155608084,-4.1973191295545185,0.19213452639684192,-0.3332460367157246,4.050241829020997,2.5764854264138854,1.3070131574539268,1.2559991758799303,-3.293392913185663,-0.772712818652523,-1.9219217852205883,3.4250151837234704,-3.8282713833730533,1.333988231408501,4.75544757095993,0.21101944418815588,1.2074201530683197,-3.679604016249117
4047,-0.3001633163549897,-0.6440253567273047,-0.5882133158548264,4.5113664163339955,-0.6801472859100905,-2.2988171414854444,-0.8582137548565072,0.3951973894842631,0.7992907119819384,-1.0715828944791372,-1.099823729774073,1.8351322776447851,0.06233300707445366,-1.985811911041477,-1.5496197940208543,-0.5059572017430156,1.1070067341514296,2.872049165580144,-2.15077534818408,-1.0956079242111905,2.2980824974726133,0.05636379279932857,2.9593224729481733,-2.067385490826279,-4.263399292372958,4.791645483406292,4.578939606163605,1.2172212890709,-3.295326259606826,-3.029080826658271
4048,3.141453482435729,-4.95339043688012,2.0472900318962353,-1.5872063927068254,-0.11204658159976022,1.4638998968560557,0.528966748060931,-2.966367866701308,0.9425873110113541,1.5458749276521573,-0.7929435181507589,0.7418823981288973,1.3719990246073266,-1.10236743572049,-1.8697498826444399,2.6333292389159304,1.1935000290066142,-2.2267109741642503,-2.952560275546251,0.2786978787652945,-0.8410814655020626,-0.5248803281360939,1.3780425843116841,2.6617816061060005,-1.72377608499637,2.811470614646886,-2.428950204763204,-0.10253786075506977,2.3435728780473255,-0.8997793421768243
4049,3.1855568567071977,-1.3540619189077994,-3.756517104880281,1.538807871127517,0.4547345970359107,-0.06852030108122698,4.529508864848509,-0.6272542322979078,1.073725332107931,-3.5934417142689696,-1.2416271725389603,-0.14091107784932078,-3.6120358505326084,-4.139825484584538,-0.0698364116878345,1.992106621925533,2.6354134693283306,3.1941776555517833,-4.123001456142802,3.0169386730990624,2.2526307786372115,0.09415366535458602,0.6612971192918504,-1.9020187802413666,-1.1681704646934108,2.0479974220092636,-2.994914320983103,0.15934261957211326,2.5254002972748957,-0.569655553177018
4050,-3.3232669383937505,5.490177832509083,-4.973816723270993,2.5062660807401898,-0.412447297636227,0.7130870460530048,0.07032092792295686,-3.256722838705006,-0.7795521654676838,-1.3104993714266655,1.2338879420087991,4.042565505668893,-0.8536976885567746,2.72781351142304,2.097554664671982,0.39504667845226393,-2.5995279500640756,-1.7671892159257592,3.409811703241431,-1.819307218985582,3.217472077953609,0.02546114176262737,-2.393623260970333,-2.439814443003211,0.3146998337155935,-3.4083305816076255,3.663517701615838,0.6128182903718269,0.04809708174981786,-1.2308023258427188
4051,0.062105365859455475,0.5776711119673053,5.977818796633478,-5.316591607538506,-0.8608701651060107,-0.4401335018144579,3.498214177577456,2.511496991212404,-0.41677838308945514,-1.5221679584080317,0.5052372672282104,-4.5760020945192785,-0.5136453267864809,1.8089730983120482,-1.6830498781255123,2.7935133491090944,-0.12398249179806342,-2.281808750710411,-3.9922624097511807,1.939524681655989,1.0472884706889296,-0.3405406624389844,1.840045379859788,-0.49405546001603184,-0.5666572792531213,-4.520891649894782,4.200425420138114,-0.17280400498126447,1.9328885536704519,-0.8729610396766851
4052,-1.1089876787620234,1.6618259227441285,-2.3425201533473547,1.7278809995960458,0.1818149006888845,-0.1200139909184248,-0.6675748165416024,-4.084004008927714,0.4312227726582778,2.9049986752442045,0.7416197432750691,0.6737376342930297,4.132610053562157,2.371241299145453,0.5203498543468967,-2.5786253899475025,-2.743703383932857,-1.7018724331734667,0.43258925174145446,-1.267797278673724,2.217362008391472,0.5128699455331978,-0.6168287569102002,-1.2781951700836913,0.2677002100017525,-4.920069905841306,2.7552612391340894,-0.7111076641449916,2.6949375258001,-0.08672140494694958
4053,-2.036591333700631,-0.6147506580348008,3.615229916489618,-1.2202722786631455,0.16195022414373117,0.09443412976649057,5.4728905017811265,-4.575759763998846,0.09825646754654649,-0.06306752654977998,-0.6056251297661799,-0.3266945490116058,-0.556157677581222,-0.1329304902281372,-0.3718891587664075,0.38589230720182144,2.8049240930301593,-2.129839073655564,2.685539412078775,-3.4890918336848262,3.869028488311603,-0.6366807725457031,3.222759525869318,-5.651554820030647,-1.0944199817303826,2.195560787869155,-2.817656850284635,0.29873280182038986,1.5643855683682162,-0.14660232604003554
4054,-1.00621311203472,-3.345929493001833,1.8597911532138802,0.2814324131439392,-0.18809086058685676,2.3990098992668454,-0.046235834720683044,2.046715887824817,1.019455729536908,2.1792056367754427,0.17852209353294146,-5.377663512948164,-2.789789020146488,-0.4207393756621691,4.052593420489689,1.6757534061645742,-3.6871980571517895,1.169379626306835,-0.8080500829069379,0.9941079293956285,-3.821755783141942,-0.6968968220973011,1.2836613556586745,3.048933403090409,-4.763009526113999,-4.593118548791473,3.3941309784103346,-0.021588916188752805,2.329453360274499,3.6541326524121196
4055,-0.510724659879287,-0.7848536149706113,-1.1194970395935862,1.6325955282490625,0.06146583837279751,0.7210139478228914,-0.16951497752021538,0.35610548037163525,1.2421918769933349,-0.6983232761677431,-1.0890311511843151,0.3585720475085381,-3.522782940050707,3.762835551699119,2.590717550463289,-3.253841264858627,-2.409631943461463,2.8327030462090264,0.3332569225440807,-0.12220598673050276,2.398000050122036,0.4232043512731458,-2.5051159624492865,-0.5271393747609103,2.966722132937342,-1.4210827320165826,5.168764971422,-0.8471924371844066,-3.21363747399106,-2.653574461164567
4056,-2.0132532518215758,3.4832974528754903,1.5279678386603024,-2.310723256122582,-0.6660872252562466,-0.021201558334107418,-4.96239621333115,3.8861798045634366,-0.7871818814041838,1.1699639826134778,0.21126502334639685,0.48216928421328475,2.0308909331607907,-2.1954173428995336,3.4853411689930844,-0.7579838468512676,-1.7554420603307772,-0.8073888520716483,1.9149461891204318,-0.2043821490302946,-0.22585742733658876,0.540444184738103,1.512886903411495,-3.5380377009045425,2.0156647118402766,-2.083505238017686,-2.886369768229841,0.5632677559558381,-1.064164108270953,3.455106646725106
4057,-1.2426998470025854,-0.1346561659115153,3.526723763116813,-2.2200231841301097,-0.8899005378478142,0.9605559717765075,0.39995158948567777,3.5988823481136443,0.5376302002029378,-2.5595089249582905,0.7163145642424809,-2.693269777085206,1.038162394536517,-2.303474914739944,-1.7199628113932892,2.871612209358915,-1.4498518153025266,1.5635149375410222,-4.257002386229132,-0.8270348385341624,2.496008099974972,-0.7383713238431859,-2.192955767497173,5.519356216127271,-4.136110904383472,-2.2533392982224676,4.937033027594399,1.2335671321121113,3.2595599912641866,-3.0407099483619895
4058,-0.21181843383513943,-2.4707759591418075,4.826177997200311,-2.513583521644115,0.1105010777712323,0.25949883965079934,-2.4916332760248316,3.95200140818919,0.6074848072341066,2.748201673613316,1.1566063336929506,-5.972660946703467,-2.201829472187482,3.72508531733914,1.0207522837373055,-2.1457240423787294,-2.40740757828671,2.009123491777199,-3.591922894710855,0.6849592683010624,1.3174774622353773,-0.6034602084453349,-3.214779700202616,5.4077260728210135,1.7887915908064862,1.240596875138582,-1.8185989262860147,-0.9712437722725484,-3.1009968949608187,2.8614511275770624
4059,1.8609483728950131,3.206854262069413,-5.910941624651347,0.3144134683185982,0.879253638338354,-0.35052811696874286,-3.469364010751036,2.636129485604595,-0.8677873303195067,1.24949711150391,0.6611370083810826,-0.209612264417796,2.711768924097292,2.423515226918152,-0.22028022363895516,0.006701590976025074,-2.246430162695157,-2.675275355656666,-2.4399797156584597,0.42218584776320967,0.07723187972536394,0.6344111769500103,0.0600871618184744,1.2460636494000532,3.322009720131618,-1.7563929422632896,-2.7219024878609908,-0.5503431201347055,2.5765639085808516,-0.8699350784507356
4060,1.1371528529681676,1.5045447682741084,3.0657835884225833,-5.090525529776311,0.7479044648044884,-1.3648601446917485,2.293228907910919,0.8193677192664488,0.10352476672132749,0.7945271123371782,0.2008086724587681,-4.2114571786933865,-0.4580218152252833,0.5242992704118166,1.542065536207776,0.5948903311768206,0.8658489426577916,-3.069082265228241,5.878320980304657,-3.129848577140356,-1.7668634259512768,0.5653832671303567,1.7619659294455055,-3.308958173790245,2.0023288729131146,-3.022586931684131,-0.29487618093021695,-0.6106324557388039,3.7162999503415115,-1.790533254898678
4061,-2.3219482575645145,-4.491137869076468,4.996923116275628,1.7211952888956468,-0.1980279421086879,0.2929956635796991,-6.128478722089145,-0.3549657844067262,0.9392797624513385,2.2184141419010395,1.113753690249073,2.211996911895689,-2.3933063285994507,-0.12493514751891865,0.9345663539823086,2.335566411082006,-2.190018836078032,1.438127547132769,0.7853080833028159,-3.2712220559689253,-2.0728232080778604,-1.0852402162179025,0.7380898022961144,4.905887594664417,1.2280236602028012,-1.2200979393261697,-0.3481147079571336,-0.7987536750404605,1.9830482831023346,-0.8441056209785724
4062,-0.41404944667126387,0.22610838823236534,0.7252732107313662,-1.3452551610838164,0.8900920168475963,-0.08216900805496508,-5.912979706770802,6.080435629270138,-1.2490862335645643,2.2088293058402613,0.9237839455223877,-2.050982940296141,-1.3991747965147319,-2.558460888644179,4.0961819531188794,-1.6602252051466557,1.5752565881542786,-0.05357765096691125,0.5169869892414276,-0.5687838700972367,1.5016740107968687,-0.9541407215520232,0.5942385198109434,-1.0899749282013502,0.08175065639998635,-1.7357342458770049,4.8139480534941725,-0.583128771550081,0.02718495163387047,-2.6040206440981546
4063,-2.627980119958016,-1.5911668860766746,4.478508819018781,-0.5139719185393581,0.49733609069410667,-0.24272598513760535,-3.1678242117451774,-2.8985541460104045,-0.48633802768851897,3.493286714524981,0.19303279802176032,2.8663968728986084,-0.7127914927476589,-3.676066183998943,3.635369429646108,3.795426949637516,-1.8908149422094294,-1.1511237603268718,4.297005542225133,-0.9108041880598723,0.9082482667660727,1.2051983959636763,-1.5421132692392874,-3.9575347476571174,2.949042060105654,-1.263730697307114,-2.7493479588787437,0.18388205587051232,1.2110604299986676,-0.3309058897862105
4064,-0.03681743943751137,-5.452776275457673,2.849529524607636,0.6557868307969876,0.5225293758109428,1.4617479836808869,-1.3175092582373438,-3.5959811991702395,0.4468117135230738,0.3950781412922648,-0.6418673244226332,4.713467927016104,1.0203353972769555,3.2800089800645438,-4.22905825898629,0.9387866882000075,2.1046486486655134,-3.1147214552200033,-1.3049109112879442,2.3450757366046275,1.7771277649264583,0.8851233090967066,1.1229989776223945,-4.825414876963606,-1.1350586858555687,-0.2796317371148831,2.1960547346345507,0.9663872093396391,-1.2824938665847423,-0.4652576544162237
4065,-1.4650182148945632,-0.04164732859321063,-1.8950610002270025,1.320256681355481,0.5823694802952923,1.4991003820652935,-0.014341979439770114,-3.5798530943764213,0.6672432424181007,-1.455207055658816,1.2100980003293786,3.1720608867287865,-3.2447730494463727,-1.872164077953629,0.7007293357902178,-0.4173654562319413,3.0518044440428618,1.7817688037995758,-4.0197356494634136,-1.7311873753189833,2.4320363663744864,1.0929497525547704,-2.2037474047813532,4.429684310633128,3.317760539722535,1.3746364476421853,-3.286017789293794,0.9145449239833994,0.7632507018539574,-3.0841748239055686
4066,2.8196352108881406,1.210497796995888,-4.821555056286503,3.848831465546187,-0.9351395054213174,-2.122269911721113,-1.6651193611721382,-2.068025877369614,0.46909526898748233,3.0525342327493235,-1.2394868802072572,1.4510026170134473,2.3919646381338886,0.04041438884998527,-1.302480912776172,-1.8189701765218462,1.4769154747947866,-0.7878434124799405,-4.615199432567525,-1.2093294495514115,3.614244849310843,-0.6021942643584293,1.4128940398957948,1.399584257269364,3.9664234202564046,0.8108262303122196,-5.917758109686716,1.2038153891932089,0.600186905094013,-0.6634938351663706
4067,2.9674432043414605,-4.475588234473474,4.536552324801658,-2.5453810820350427,-0.24025584443237835,-0.2427703682009632,-0.5972418549888978,-1.5773453934894555,0.3387721771279102,0.8664393381791804,-1.0399357173523365,2.0093114505248124,1.1644435057307767,-0.021541328782973324,-3.3193878544477506,3.095937289993657,-1.7419082314702656,0.8224566189772364,3.268627092047808,1.7415071012684908,2.50448149240108,0.9828975034033762,-2.627760182887741,-5.869753006234387,-1.3101937508926866,3.107625586518431,-0.6565286415006533,-1.018593908461507,1.609097319881311,-1.73140660554213
4068,-0.6877983213971461,-3.8545644307805347,0.35686669877200927,4.0849236971410114,0.017780877163542375,0.08279147910238116,1.4665450312038146,-0.7854118776048473,-0.4462036200448276,-2.6834139151045324,1.224006677681432,1.2244777038701748,-2.4472036773478667,1.1159207465006311,0.1240130002141484,2.855995461548023,1.4414120226454017,-3.090137553559625,-5.037564410271717,0.05083481448298777,-1.0646972345183396,-0.4660206400389182,-0.0887846221977302,6.606232092542356,-2.72860701241871,4.162773158114366,-2.5108094561689143,0.1511333054218973,1.2113837446278488,-0.2858737395737645
4069,-0.7705513562548649,5.387598460880444,1.4651310093342502,-5.983117729248487,0.16241885370691334,-0.26147923841701726,-2.5191293872237637,3.6514362084159444,0.12835613280272362,3.128471782336259,0.109560522909109,-4.498695259239039,-0.4194751259155325,-0.2785429891531592,3.7505319151744665,-1.5133394192089664,-2.626676444489908,1.0875020635938242,4.55676702864076,-3.1729273529500492,3.223695992334502,-1.046580113323948,3.086787423530261,-6.647742978232895,1.86098643652738,1.1906546064823154,-1.8189657968810984,-1.1019205101289122,-1.3165456744367905,1.1857909384398333
4070,0.28558726561946557,2.3489802459435865,-2.9498751855869187,-1.4472800677580793,-0.18235419536785336,1.9449419371510093,0.4603787560209831,5.072983090995859,-0.9071588091348373,0.35204326153612087,0.8738298505334416,-5.852076149950296,-2.5685738064925143,1.0004459530494145,-1.4192105653776252,1.0808813487395135,0.7363148562598809,1.1701422138220323,-3.0318021131036232,1.1646344238049178,2.057998423917681,1.1191246246902855,-1.5548796702127046,0.2449243109020891,1.1924328149642527,-2.584963313021305,1.285958432119429,-0.2588527251903834,-1.9715827110875495,2.3370075022182526
4071,1.0458400658403484,3.2740125059285248,-1.6715589218706093,-2.3111427369371604,0.44740588362788136,-0.7845567965877418,1.6422634160336465,3.338746041319098,-1.2138586862889542,-2.387858569205129,0.9874471570837287,-2.366739358941121,-1.949907011360418,3.466009409280712,-2.2432082565934977,2.567686943985784,-3.3634396968067897,1.5228586114949145,2.401889107082738,-2.8387419860728205,-0.9302200131520912,-0.430454394934193,-2.298462277152387,4.095989564227409,-2.3589676610426196,0.7864627180356152,-2.348611702157612,1.2253511007184992,2.248924499883504,0.4468410445653106
4072,3.2550464257840233,5.084595062886105,-2.1137342100469496,-3.140043211765672,-0.8036571822231557,-2.282206884633104,5.469839356979353,-4.173557952541124,-1.0513662228956902,-0.7748787483267972,-1.2416950184281128,1.7716585852136255,1.3972133427498825,-1.5834647926460885,-3.549893396167647,-1.9693303390603436,3.2114480001598906,2.494027184965006,2.0587750624433454,0.8836492327919139,-2.428220274804195,-0.15604525195943264,0.23976850323312604,-0.5979272717061335,0.9943499046322479,2.4411347077879455,-0.9764274452398354,-1.0406434379336078,-0.9833914092366225,-0.4350223200074179
4073,1.3391776390729007,0.5249420466129031,-0.31544298523429504,-2.8702430006835513,0.0706273149272989,1.2509389853059858,-5.202361166634567,1.9667153811010891,-0.34355168340446696,1.7062753924914382,0.3045171147083394,1.5684049617394642,-0.9395564295139245,0.42011083021132123,-1.6517817565398918,1.3689432619577993,3.180277808809958,-2.37799371492458,5.898433223041231,0.7818305395984648,1.2852013278530237,0.07034459989987774,-2.9267640488148263,-5.109045641579158,-0.7865329482202057,0.9904429416255951,-0.8578681465625806,-0.5642383658987749,-1.678342055201087,2.8965385742597576
4074,-1.869453987807363,-1.9092861376827557,5.297565620517137,0.9949952981074262,-0.8123577936315083,-1.701462999501688,4.986295261679846,-0.8963599015186539,-1.0615703359122826,2.7273715035106605,-0.41388075124127255,-5.3418557765169865,-0.08636488575735513,-2.533871093555394,3.6922177688065645,-2.7977750959086336,-0.8693097752883787,2.595103081703897,-1.5358100727017465,2.053856568576876,2.461682212739344,0.006578005503322437,0.9038509386941076,-3.8901576528133077,-3.939350515559294,0.05863976173866803,0.47870222332581136,1.0716471148180915,2.1919326389945084,0.13842877668490594
4075,-1.9846031248663287,3.991160019066566,5.557484673904856,-5.703113779500416,-0.4447012809278774,-1.4162265076755443,5.2699553454786745,1.5825637542350712,0.6841102685694214,-1.171544969866309,-1.0277463886603453,-5.337338009755236,-1.0653118363956704,-2.6280534210277597,0.07783850669314063,0.9942584086339998,3.268886787916909,-0.6476184458199334,4.9195133095666534,0.3547786687215204,-1.9047283476842853,0.05236104453952528,-0.34785089327935736,-3.0740737818654615,-0.2941869350465822,-0.5602115321654573,1.4249841180000615,-0.30718688237082326,-0.10582246823825159,-0.15757630017620627
4076,2.6086948451473617,3.6921178926387164,-5.97252895490222,1.3400119305835716,0.6998886038767189,-2.3681843173428616,-4.917326347987785,4.587085664558934,1.1088671410757067,-0.5050416577778449,-0.5645418815866758,0.29095708171894685,1.2298543589329007,-0.2839155236460158,-2.4541591669169076,3.9809921938517405,0.10354106303240229,-2.5763129252534718,0.874355238424851,-3.4805937599046732,-1.8512321538526226,0.8271001463949235,3.1539877659668676,0.47638276296927984,2.30751608800405,-4.962528927773613,2.3920908573257584,0.6909320119539384,-1.8066741564326811,1.3786641269252904
4077,0.34883629665680616,0.5415760658315634,1.1777300464754141,-4.295994104022149,0.5340234893365676,1.6938282057230332,0.20243191159426388,4.87280322177504,-1.0481933967642183,1.5995302124428221,-0.7345254345369137,-4.892046514509698,-3.796344712447441,2.0784488718875522,-0.9271499540162687,0.768588135982796,3.8838565631910065,-2.0073989045969842,-3.923288860419124,1.8487991136041337,-2.5112836731851296,-0.2681901856308322,0.8752440500814807,3.978719555548075,-4.8162678639671,1.3974481962521672,0.5839729709287269,0.4459362825002682,-0.2677528793090911,2.656663293597756
4078,-0.5504923574811151,5.277266558149094,1.3730197983596995,-5.543985404360875,0.46285033564217537,-1.018658930307721,1.6547194052336067,4.823367552030273,-0.9135953025387904,-2.9065685858191603,0.08256123300900864,-2.74048430191365,-0.5918362735960514,2.75485752565114,-3.6799780460124882,-0.5547956216741667,2.1360334311125264,-0.06428101548025111,-3.3794928391036407,-1.036135989907045,-1.2824060385281406,-0.27358605674552816,0.34724012807695104,5.624380796205983,-4.895470010299574,4.188381259205663,-0.2878619753217322,0.40940472073164713,-0.3051279694802016,0.8906739751669086
4079,2.1059899547229577,-0.5228884007301069,-6.143452859026098,2.702520840617474,-0.18519395639213787,2.0430244208091786,-0.9887603194273353,1.8106685524752812,0.6011534033774515,-0.18172897871299654,1.0727527227690379,-2.3140853804801473,0.32206584119740356,-2.1137132798011518,4.043106492923872,-2.726277501018057,3.1908354494093807,-2.716017002710723,1.2087123386606073,-3.479270603995813,0.37974278768514225,0.6115264874279385,2.519305207061576,-1.2400162168408748,-0.8044618739255576,2.7501530881634757,5.077844806663169,-0.13848494167088532,-3.4993051515831883,-3.3857459276443116
4080,-1.0629151704665567,-0.324832373268233,-2.2047098319764302,2.2301937840525774,-0.22335981082428447,1.585623402484181,6.035448433732817,0.6360849020907544,0.03253978813647773,-3.571282642096522,0.3495166995390191,-3.482307181401257,-2.0513264166294576,-1.2605297586630257,0.028979608954191605,0.0894228986075376,3.4492470086323124,-0.2557933409008175,-5.112197489275065,-0.057820311440488936,-3.5607964057249024,1.2183877111091475,0.7822728596773239,6.73015363565257,0.9722266223896625,2.918465323574729,0.17563249681803583,-1.146150579979765,0.7304914968799068,-3.6506653596798913
4081,0.9846857563091262,-4.389289528478123,5.709020690313533,-2.7655278196239976,-0.6739291614597422,1.13504006294046,-1.8146654401417166,2.0870825159653457,0.1938766677211472,-1.8065096026508822,0.3774461353428098,0.9627697237645947,-4.05406399747047,1.8497488201848284,1.4739029567487485,-1.5929851074052177,2.2348195836095854,0.08857774433324472,1.555242917118754,0.3093439763234329,2.55968350167047,-0.10471287599246892,1.7372845680264017,-6.056842087148009,-0.9245316099087013,3.6799280465113995,0.2662170534606929,-0.07699720009356348,-2.394661019636782,-0.5499552703303543
4082,3.059098878579242,-2.8446354111281487,-4.961815005312907,2.451219596024032,-0.17618998858192692,2.4723219304209483,-2.582336682933029,1.2283261068554303,1.1209114394390163,-0.8493551296259216,-0.15903844645931464,1.2414927127251296,4.166419684292851,-2.669182834356242,3.2974808568137775,-1.4855494349243852,-2.3807372075747146,-0.9284310642505798,5.227225375732665,-0.6063712295013115,-3.9756435397788046,0.4407662980619529,-2.8769350804559686,1.7909581759400446,-1.6446610633473604,2.2510481051258573,-0.3736225814995393,-0.8562491140836768,2.5079754198604434,-1.884490766053064
4083,0.9226139800254938,3.315867849367809,-0.1060082027098126,-2.8412878061462727,-0.37349026390175055,-0.9176955566342198,-3.021379459258238,2.854377378252444,-0.06517200320456418,1.9398705936276954,-0.10532176448143815,-1.6023747449345613,3.075321074539339,1.6709698479116533,-1.126171101046829,2.0969524228106913,-2.2314323476755433,-3.4856398965386326,1.419599980604307,-0.03833951114355294,-1.7877663895211686,0.19075042218331628,2.578148628763053,-2.362393130887387,-3.839456466288837,3.101541441622526,3.7488892672078116,0.2204872773435005,-0.3235156892775528,-2.907945830604808
4084,-0.9098324079773334,-2.146499002838137,3.9762793861081036,-1.4772812248382259,-0.32230163726721495,0.8796348868140509,-2.3564605935002945,1.8085538652396984,-0.27143510403759485,3.5238423883664574,0.8205958933552466,-3.525096449422218,3.533952402741736,-3.945774458183685,3.7362444614760726,-0.7281376300305382,-1.3886329955029204,-1.2076517804999902,-4.999350442330368,-1.9555953705049607,3.2798398362812016,-0.05341193230124741,1.834718695399273,1.893799213454706,1.1690325555711887,3.6399946645121624,-5.737398224803204,-0.19263397493738843,1.6494927158307533,-0.5284877361708862
4085,1.4414461081317214,2.0518494118688295,1.2472650331306276,-3.0302622688518035,0.6633673093261248,-2.373665593604257,-1.7189946746757627,1.4339343118081018,0.8346313571548754,0.6271934011156315,-0.6599510590854116,-0.5168133363161473,-1.1590039247271182,-2.297486734591491,3.094270012433107,-1.8829571071131763,3.248836514530698,-1.003658760531339,0.664045470356271,-3.390816296292332,-0.37778636169451296,-1.1243380067889226,-2.1342707503447826,6.363165944762869,-0.16940439054053513,2.002451076891699,-4.305606790727907,0.12307815238715047,-0.4052376654559655,2.7547196174482025
4086,3.6984478397199965,-2.361231240082617,2.6752213923510304,-2.23073337620184,0.6207625385470963,-2.4024671543324434,5.98341970650943,-6.054873412184552,0.6071957557382417,3.2531929614787494,-0.8495873278530688,-2.939347683687476,2.432283404388439,2.357562267457123,-1.2695966654454605,-1.405790924757044,-1.4870246393472186,-0.6274334422951249,-1.721069257388642,1.7771052517056933,-0.35603201999807155,1.2221351271140302,-1.8036364139445205,0.8814973125101062,-0.2812300433874029,4.653702297626712,-4.593435564063579,-0.6656792469928545,-0.37938809307309107,1.2660306498928975
4087,-1.9272144225734706,-1.6899104517890002,6.215434552405458,-3.75984374411577,0.5085808559905667,0.6529532100834192,-3.4709224875691476,-1.2685960664858875,1.2153443332014273,-0.8963647458580013,0.168172344562878,4.252366622150056,2.4691252919431967,3.3291927210146177,-3.443727533256409,-2.181458507529314,-0.8956553405331782,0.722523368361804,-0.511929827894388,-0.6281361829335435,-1.7632573952323618,0.9387967973078357,-2.3013786804186935,4.265905289169737,-3.4759305989541147,2.76492564256068,-0.9980940426362501,-0.3850405707368054,0.08801085033903355,2.0061287194301727
4088,-0.9982878584884016,4.847922823724094,2.927731249541999,-4.998932896591999,-0.9329981679182717,-0.8454351502662032,5.21108000990187,-2.180377584796961,-0.535223624775016,2.768206538244314,-1.1686642033396297,-4.095021135233228,1.3732470130285641,0.8016877219346945,-0.5447604080647253,1.5243250409393703,-3.7562328830644045,0.601733515227199,-3.6459369050174324,0.0583736995256654,3.085153651298132,0.6434692989987028,-3.190542294838364,3.0494825500318825,3.2972543468162243,-4.451170424231378,-0.11176150868164925,0.668269483471061,0.3081693239203105,0.28923877870810877
4089,0.7026916691753833,2.993191618034821,-3.046486219861734,0.6233823729135466,-0.7625827925976085,-0.5101966476631681,-3.895264593694641,2.1654476473723285,-0.29299973711638305,1.43044068995059,-0.5705130901534039,1.1628890836428525,0.4680155323460653,-0.381218593753303,-1.3662722571297294,1.0919652811791494,-2.8093043991745574,2.9968144365330964,3.9205621576075487,-1.932833756517912,0.8106007799730932,-1.2228300680440491,1.1651595963749202,-2.7406587093950243,-4.438735716222414,3.7303195386702726,-2.030901254039847,0.7427853081932856,2.5690138450170323,-0.5724817216156719
4090,-1.4018200585384921,-0.8043749834515097,1.5669015676409543,-0.8330310152675082,0.9672837386567608,0.5050407509610455,-0.12241586999327225,2.623881892999627,0.9396262277216314,-2.7841858526008174,0.7046149698377153,-1.3615213679635332,3.2954015356992663,-3.769550688755679,3.9778240492390857,3.4198114709582867,-3.473470847326139,-3.4500155198141123,2.4842915326571706,1.6851037910961981,-2.0038406588970883,1.1963255715453274,1.834574303880503,-5.196454540283554,1.2356632287620926,-2.3740307032420525,0.8529823559271072,-0.32010777084874853,-1.6480361306525193,2.2535290200567673
4091,-2.260254905267889,1.7711219863787733,-1.4134864019609452,2.8321886706224433,-0.18209893189250903,-0.7474704178786205,2.890594923548832,-5.297471215124403,-0.8056378762447522,1.0516193830172753,-1.1111591044308544,3.2720538892352273,2.321580655299787,-2.018726969888185,0.7277905311689743,-2.357663575682002,2.274762423420583,-0.9477430643184483,5.01729924821673,0.42938396359170206,-3.3778643056682824,-0.23011616025401427,-3.221614345011984,1.382911599124398,2.016733741374967,-1.3694013155850513,0.3306949756292852,-0.8630928399820323,-0.7464064805522277,0.6314719191177147
4092,-1.9532794591888525,1.018618261468177,-1.9001521803776917,4.0128725132857355,0.7096456221389422,-1.8877047573250554,0.2715816165184215,-0.17891830666733455,-0.9996047041970106,-3.5839041466318484,-0.1869172423461709,4.677762783325246,-0.7309229560941795,2.5962390564165325,-1.213634895773822,3.424849352959111,-2.9442658680927654,-1.1322646894141535,0.7293568357011253,-2.290799434033964,-1.282484668115071,-0.8660453081672825,0.6644059780214437,3.0455665965922734,-4.835585011670146,-0.5689872785256149,5.076155863720032,1.1929268344844113,-3.2567396591499005,2.3922292511438457
4093,2.4562279495545063,3.530272661267624,-0.5830607224434523,-4.7155402170706715,0.7109303697824614,-1.3988300410892336,0.8801563112547512,-1.173599729416118,0.9413431408295505,1.7457552758486798,-0.9002850324109959,-1.4933699661045736,0.4622700606950012,-0.564622007182134,1.6054686745873177,2.245424688244949,-2.881927377816588,-0.8666140385278354,3.8906926731465283,-1.3860319263080374,2.5183934545332356,0.390248014032605,-3.0354604857736067,-2.3778417296321734,-1.2921796297035293,-0.503148257831004,5.845155214187393,0.09410757866680264,-0.6996321176214675,-3.4443027876955306
4094,1.001161484332691,4.333722167725899,0.5855905245912822,-3.8401979222538323,-0.4814215779834219,-1.5988546764113831,1.1337757799371566,0.6255207948227834,-1.0277861723932165,3.3824791759761474,0.1028364312898864,-4.216826009631429,-3.201821732055997,-2.915332436303732,-1.5437665698173397,1.55643563078538,4.116941351965544,1.98754375542687,-4.270779497844501,2.820243621417603,2.0744092167356243,1.206606201473683,-0.4208137607361291,-1.4096657810477282,-2.8650982373103417,4.449620177415721,-4.154648344295616,-0.9053436289054666,1.9460011809621633,1.5294688521362332
4095,-2.785216406818112,2.430687566556969,2.029352942496132,-0.29896807963830696,0.11130747819708198,-1.4871635007924855,0.6625957789308821,3.343687695444242,0.7932833733804765,1.0334362759417175,-1.0801530350495812,-4.752850088646401,-2.641668796001614,-2.6804337117210277,-1.0333329187981057,0.8296541366161527,3.7263004549345276,1.7994808349707725,1.6616651104717768,0.9163697611395492,-2.198820256784634,0.36948266399225194,2.4504941001920706,-3.199191379012426,4.661739212645003,-4.674725992990696,3.1650729817177954,1.0673360379762693,-1.1558199370510884,-3.0636023022945835
4096,-1.9324484034314704,5.107474013368954,-5.381419219971669,0.33515823525969424,-0.3190471125469321,2.1902824873227136,-4.313214704500716,4.041898203510183,-0.20418218126333798,-3.3278717156380004,1.0279083941896934,2.775462003703506,-3.812784044737395,-0.19852064463594843,1.927637635261501,1.8958276541439183,-1.0849887734478916,1.2728281734165066,-4.93435019101247,3.1253706706508666,-2.8302527050294657,0.583229109205381,2.127323052254356,1.9286800639299102,-1.6128515701482762,-2.098604698040077,4.505530120191004,0.19983397549895976,-3.6924893262635443,2.698581498764611
4097,-0.9321758440373848,-3.5385383839813613,1.907090034187192,0.8470300585782482,0.12737608408457257,1.5892180511700484,-1.7365834303506098,1.34665066973972,-0.45888660112676405,2.6925373286607233,-1.0798501128183138,-0.7638678541034594,1.7232178178392807,-3.579677558729996,0.7078299627800284,0.6964578099591243,0.3105097753624264,0.14166219278986425,3.6779291152777738,-3.178283525285307,3.669632155197938,-0.1982476235239714,-2.8121398767858494,-1.1588902448820129,0.9900944165183638,-0.9971643367302505,-4.731401013446341,-0.28746522113965334,2.945800725396378,2.080135429404166
4098,-0.7254583733679318,-3.6971641629471073,0.02888149252310157,4.30238312634971,0.9300642669423214,-0.8387063494987874,-1.103095964011228,-3.1097962165783173,0.025039205816780097,-1.308785066490211,-0.24094585863078954,5.73758389989505,-2.913702568595495,0.0822888510545603,1.6258193728495343,-4.187402695091551,3.6298350994248914,1.763161940358799,3.8155653221803085,2.053198246926396,-1.2098325442149456,1.2205617310339951,-2.8615395462175446,-3.017953209709642,-1.024136813310971,4.093768060976515,-4.305658172098095,0.08984455688286186,1.4969752877425506,-0.35079292019021047
4099,-0.2750858721564633,2.4740815087422234,3.2239197340401233,-4.702559015023937,-0.05264326258885599,-0.6677130930118302,3.2452073090852096,-0.690982801777956,-0.3551232130659008,-2.9213574012718606,0.3208346090539287,0.40142149797787496,3.334471235512936,-1.78098524108138,3.6398420576716752,-3.383163449111848,-2.7251785290427204,0.915013926052092,-1.4637554603107787,-0.2332188363400789,3.2656566514146306,-0.07158493209330796,-1.6759118610957238,0.1788144384238528,-2.3297307974262154,1.1615692970683469,2.403091941877463,1.1435232795140902,-1.8258783706229522,-0.5525753504081052
4100,2.5190594792904015,0.21031929235251923,-4.530362725680273,4.134660082689919,0.1315160615121873,-2.465192190163471,-0.6070817249388902,0.8459879819044609,0.40115080608524245,2.1712252725362298,-0.30026364382877624,-2.5110186917569592,-4.234316981682641,-0.23511659864626466,2.8761191542422537,4.049786363507202,-1.6763911704920638,-0.7800807669277372,1.9645492289705473,-1.376857053365093,-1.4265169862550646,0.9103980737530701,-2.855067748806306,2.7834944857014747,-3.2023023984955223,-0.5694150819705079,-1.658318868495222,1.1723523366032875,0.7530351748784678,3.5046488374821365
4101,1.2591061554107519,2.37515626895026,-5.01835990442742,3.5046968930185116,-0.9554975409142452,-1.1651018720365585,-3.919747870863052,3.0851600706858733,0.0541943294123417,1.7946200642137917,1.1391470048322958,-2.1533735982798845,-1.9192608377753988,3.8769792267956262,-0.0340202383919781,-0.118689256595637,-0.21769717802671806,-1.587311716005134,0.3723460585860501,3.1492966114764513,-3.0311947397911787,-0.6867449882378001,0.42484661346180985,-0.22854955549669853,-4.2872580894912495,-4.780312568559861,3.2795154308212346,0.09172744310688508,2.2337918355335233,3.462535948592084
4102,1.5878034367161291,-4.853125671835077,-1.5495676810931585,2.4734733092825927,0.9985462651064254,1.3428703418243675,-5.626200431514757,0.4371795062135,-0.8813885823940071,-0.057718819306989744,-0.008344835112585436,6.136473162116179,-2.987968435542138,1.7414666888950308,-2.563384332965704,0.5077312598019645,3.923452815725639,-0.6212979959140146,-2.8015944395797234,1.0167147114747195,-1.8693949347315364,-0.5370505032666673,1.4844983306118156,2.706826835490059,-0.09015170368731873,-2.208419297804923,2.614552354446804,-0.995830419014097,2.802930796021787,-2.1230817299596403
4103,-3.046032100761808,-1.1137633243435658,4.562307986028635,-2.790040763107463,0.18253505627715239,2.204993145908343,1.7164107038904,-3.9573683872652623,0.8216802431576529,-0.6694303744173062,-0.05940115673121493,2.148108971367087,3.864784366739862,0.3884181731454497,0.9697455505150039,-1.3418000061244584,-3.6650248621934303,-0.21612322208161316,3.1428985263796108,-0.5177493971030991,-3.012276028197201,-0.16780144139480235,1.9455604817917642,-1.3906321414775569,-4.635552105821761,2.052325176090335,2.242441240201927,1.049488364789096,-2.736042195217573,2.0273395199606057
4104,1.291537004870662,1.8275395594088586,-1.5156731592554635,-1.6148767495589773,0.2763636557290088,-0.2648903111928398,0.5649917458364868,5.1136048793278555,-0.2165665283192082,-2.6973017807141577,-0.9226708665914343,-1.8420574495382205,-2.8614912883122763,3.243769236918343,0.5329794659901843,-2.488533324576439,0.8923120863522733,0.6809638236287494,-3.797156684845934,-1.5158118726346643,-0.0035267738647437596,1.0175952193583004,1.780473074157575,2.518427037828207,-3.5164704479452915,4.278563836162537,-0.13883758142991098,0.14838646214172346,-0.11945465650790155,-0.6521876124185244
4105,-1.0308034036386022,-3.372288894267246,5.014739723239156,1.2759283208694896,-0.6522351878499071,-1.2353405583516395,3.0820904431873153,1.3851644167956145,-0.5280306233033576,1.1778556839977554,-0.049258302693606204,-5.067821617982386,-0.5964201259922994,2.9269141500693614,-3.4208891137163615,2.853563254894638,-1.6198614020854496,-0.143306763169047,-3.413971103433397,0.25826879368742617,0.5602081071876874,-0.7700204014820766,-3.159558812012401,6.525073416051505,3.924661590860694,-3.6342109655518158,-2.995334542856515,0.6520819344523439,3.7344011483449826,-1.6815991652470181
4106,2.56118479454787,3.149578391581798,-5.759851250244555,2.1427971246156368,-0.8134754368085082,-1.280233623690993,0.7725558496495317,-2.7189468358500086,-0.23873289830949496,-3.115780583885069,-0.7261718905605417,6.027076358956879,-2.5782095178128444,2.201690822555406,-0.18677091218991038,2.456808555958247,-1.613828421207712,-0.2796905273023995,0.44995596068109833,-0.8854451896112945,-3.8939501938068446,0.09232211601002316,-1.3789807237396108,5.6160980304653805,-4.350082267434221,-0.10527249779719838,5.720418189570172,-0.7719582467220683,0.4386098034154653,-0.931714981029435
4107,0.0990420096179232,5.479366234528879,0.7078241889892674,-6.029369264604735,0.8935555950932712,-1.1504187636233851,-0.19202513893372952,3.2861730348992246,-0.8963949537619129,-0.47238680089068374,0.6871587924862226,-2.412524933797812,3.762136463929018,3.642972066031973,-3.760772785244459,-2.7869215672434517,1.1299686396480126,-1.987382817120288,4.1561276276549,-0.4457085742185871,-3.829157199730826,-0.8732026980495684,2.2640898943202963,-1.2721490499774752,3.4647247941304293,0.1055049743664469,-3.5249814489332465,1.2347087195227315,-3.0580571768109674,1.7781001377273284
4108,0.568558314818091,1.8486695193976637,-2.465777178966288,-0.5602350589324914,-0.6729314774468096,1.281715881131058,0.5340456712136827,-3.256241869867438,-0.9032837740980924,1.4294012407586685,-1.1338129436365878,3.3298916756311137,3.40681598302503,3.8428437097704204,-3.0606659050824483,-1.5274267566703124,-3.9397197962299106,1.2781527651880253,0.9736787230998942,2.9284588885683043,-0.8379532083598349,0.9855922281640792,2.614342280494016,-6.664118911967751,-0.4896400895523527,0.6956065379210692,-0.003029186838961806,-0.5763342305254513,1.0633352265544005,-0.6899382575559923
4109,2.5754987920922474,-2.7363029282031377,4.117310583283874,-2.4304075051909315,0.8658702401533027,-2.391969182134117,1.8156628238970178,1.8479385772376382,-0.39358053280014893,2.1543644226111844,0.5231243868700721,-5.947509677814413,1.1671517202780741,-2.5396852284477447,-1.8413255043899888,-2.5340742190347445,2.739921801630345,3.008011429964828,-2.50634341841225,2.831832372479383,3.562874687760001,-0.340606978300217,-2.602483832235407,-0.9452728312927761,-1.571142256818554,-0.9489091927749698,0.49800287753769723,0.8713520604464193,3.633089103215152,-2.4823925916030447
4110,2.305630113496484,-1.26255031937324,-0.15796690170350658,-1.1466396940662413,0.9781383726999522,-0.7166115710522174,2.0279714129485242,-2.2989257880611085,-0.8374060962463661,-1.329753956974237,0.891936534757253,1.5461778935772799,-0.4444832452440082,1.2315858202400811,-1.4273097593198667,4.0562275891232105,-1.9538788585045719,-1.4621415462940934,-3.4168124469259844,-0.6953367106145869,-2.3495439452980484,0.40545849248817056,-0.11379028439166383,6.170024894740841,4.198042022241886,-4.363865583496555,-2.2594854353339926,-0.3168006672267376,-0.9984692579903367,3.7405789218083996
4111,2.157137575958771,4.083903178522114,1.9964919613045957,-6.174935686625151,-0.04419055090115842,-2.0184064782579396,-4.150394538541427,2.884433578252814,-0.545167403478807,2.0515331422910172,0.49589608653173833,-0.7363008650539733,1.6218600726701524,1.3570061270216627,-1.492206006704194,1.8801480495999563,-3.2351939950595234,-0.131614247527299,-2.192696668211223,2.4455611778003323,1.3703832273783938,0.9701113707907734,1.8877640800839384,-4.48112318784349,1.4535523955450707,3.608566154345567,-4.237647385124266,-0.3658316489018354,1.2671697767902934,-1.725809292652169
4112,-0.9815720428593675,2.7999406197282006,3.4340237563858445,-4.130296898081454,0.2013578106840206,-1.3234532458560153,5.023395500502559,-4.719688428393301,0.5799616955040232,-0.6400109051590714,0.3581720680847109,-0.601829930537555,2.627457159099553,-2.373979811851461,0.7736046576205347,0.11013762929938764,-0.13832475408739953,-0.9988948800798632,-3.4723995246558523,2.946707051997535,2.7685318638173015,-0.3594140999711346,0.5833402102652894,-2.4667655014544287,0.40316935323823344,1.4020101051919127,-3.8681599858130404,-0.7441183872324988,-0.9083784495147462,3.7154773641328056
4113,-1.3033463814043884,1.4446775928099562,-6.150647195443565,4.060397270345661,-0.08811445883581293,2.0370331725293624,-1.4518151116269422,-2.7708083673838075,-0.03736928813998652,-2.2452114656398034,0.4688922934126829,6.036311939379214,2.086762612439074,-3.3434888400868523,1.7818641088831626,0.2799373622290702,1.050608783527455,-1.855684026991181,5.7487062836418765,0.16021168883627368,-3.078947387381909,-0.16646229984093264,-0.5295653580394024,-2.1339429272172055,3.9255284408313535,-2.438672565115308,2.523916322061485,-0.9399170564539379,-0.43969452530735254,-2.631160616013556
4114,0.23989798678663377,-0.11309343606847833,2.572251421955201,-1.8154355594328067,-0.016014171834317414,-0.867606241405019,-0.09113870043836769,1.5140039433584214,0.3067376654349534,-3.656469549637693,-1.1990226412000013,3.1258892824840387,1.690781949010514,1.156780871866701,-2.21909850865417,-0.1228980263866255,-2.328942954596272,1.8233766687605453,1.0370587072847641,-2.665339201994895,1.026365417027673,-0.8354049211350247,0.09730784809462101,1.340012150721595,3.510069713650303,2.2542137592982208,-2.5821044744599817,0.5197493418111208,-2.7880749456657163,-0.9138533946312588
4115,-2.866331205129116,-0.6417743458487664,1.2097838887786274,3.10010000961282,-0.5972187601846275,-0.20455958722772039,5.091392714019623,-0.40850882615503536,-0.14553733222279686,-2.416861611471383,-0.5555210232484473,-1.564963920920647,-0.6852247912881637,-3.980127354908671,0.8361071335143393,2.9355116560418892,-2.7493331783348225,3.6430665349761355,-0.7303772992208621,-3.1762246819452145,0.6787458392750381,0.7579105436191442,0.026968587172701675,2.442977011097934,3.6591353311760706,-4.329823912745908,-0.11788158405512306,0.3422281862545873,1.9555276714802545,-1.5091856921072022
4116,2.8849390855046373,-3.1895664937344215,3.34944013498896,-2.273958299844171,0.16175788043619121,-0.9326123073499968,2.1239471776042755,2.4585247731635747,1.113337999923778,-2.1828889499085626,-0.5765241659339226,-2.936396834847809,1.3758443131706102,-2.3634301031950695,-1.5607793446028229,-0.30787434070965247,-0.8483768659785227,3.7046163413161963,-2.515291547418876,-1.1328665910417328,-1.9237244374517193,-0.4501089567517713,-0.6909012193889019,6.712892752051758,-4.469077839430575,0.13460432989608506,1.9606185175216133,1.2264657727096466,2.799927715572487,-1.652538496266569
4117,-1.1824561434011915,-0.6141859372938647,2.445467692297086,1.907549037653041,-0.8154118375510913,-1.7409628117027847,-4.079291756582094,-2.6810030927061135,-0.6324277729665555,1.4447492585235224,0.014648899031286966,5.933324464701286,-1.4979951017142987,-0.732796129966566,0.2736522022867973,2.522044064362934,1.0152562680341468,-1.5801613030023116,5.967578218704091,-2.3175262340468556,1.5345950518281626,-0.2562293605033723,-2.47139186575437,-2.457025810228913,-3.3095315760380366,1.522165466344891,1.975331725894236,-0.7622398169203759,-2.318516849062398,2.892791049784332
4118,3.4628422710693556,-2.1557080415287686,-4.7500008319432325,5.5320266838084144,-0.5627254552070351,-1.5264346261975064,1.242966391794873,-2.667156329590913,-0.2770034344307577,-0.6782104126841499,-0.37772199147068797,2.757125776382967,2.657440763317659,0.4798080538015732,3.9087136800070788,-1.972694848664144,-3.3930117656155137,-1.6802558828459624,3.038227384734249,1.822598371965281,-2.824255343384781,-0.016306473333780325,-2.0848288263329255,0.06456488635072333,-3.0988063207223178,2.311978941565812,4.828119276564646,0.10129253574407215,-1.9557003916283193,-2.186884041521232
4119,3.1455501195281776,1.4214896560300723,-2.144897763788503,-2.545099496617386,-0.766342959182017,0.889300444030912,4.7612018718116325,1.5136577476404547,-0.9297783201529475,-0.1997208703960478,0.08072096911346183,-5.226081398015236,-3.6932736459712885,1.4178990799049274,2.414756304185943,-0.7208929963060378,1.1838984750728798,-0.6023872168857647,-3.0185315820751093,1.6930572938754,-0.8307103552043209,0.3824842586282253,1.8606279731038544,-0.08692758832926728,-2.4441769842082692,4.522022346287859,0.7334860295744186,-0.31467920887990086,-1.5731241305330048,-0.9235280522384262
4120,2.670450094647407,-4.435929780940356,-6.203903028980669,4.816034838574616,0.755753970563974,2.3975939061362688,-4.015560799649858,2.658178048684775,-0.9616808015008482,-0.2460108276249251,-0.969700972770541,3.5347753528626846,-3.3936992295689876,-0.10025956739824693,-3.4399698508483354,2.8855298868840222,2.4505403373063643,1.5978584236258335,-2.5723939914521132,2.067461898966723,1.8944318984643864,-0.9092936444254294,1.7185965570957666,-2.1988027186505654,2.6194164251732914,-3.245053950330636,2.043361235793345,-0.3102630366528256,-0.03194551542859436,-1.0755151585519034
4121,0.9067220349261831,0.5213049358813073,3.0358882475879696,-2.5982816949732985,0.5854709699321838,-2.4511044933531014,-0.9289399743836313,5.717111108008947,-0.7442353288231267,-0.7760985426161895,0.6248305938192091,-3.8926678560039107,-1.1788170956864956,0.5289768489576865,-3.3715342863656197,2.746311030206389,4.044471936450538,-2.7694084335618747,3.341594602392451,1.8222366401140082,-1.4006953277871244,0.21557629510159426,-2.3528834251771595,-1.6258287846450123,-2.2934899412559773,4.52586828872003,-4.180689074786759,-0.09317317707356665,3.4603306607052886,-1.418846756306321
4122,0.025916812716328508,4.801054882978029,-4.624516089158526,2.0265167058297067,-0.5521714915283324,-1.6768008208359717,2.7929918927970654,-5.373720467332497,-1.0381854469365148,0.046161469113448206,-0.1437512350647303,3.7165037874245215,3.8619258765298525,-0.41414979080711944,-4.249187323203785,-3.113922954720305,2.9573623698552147,0.9579718223467939,1.0963455073932273,-3.243792280572066,3.4499672300533994,0.6483902420775696,1.0569232790574894,-3.007833978010858,-1.75367508407588,-2.174729318616116,4.414555564860667,-1.153322334404593,2.079919478505875,-1.412748306267222
4123,1.9057294140960153,1.7111620738443243,4.2962767768072325,-6.215310633833418,0.25762104960004173,-1.9554786805129662,5.022977191138519,-1.6497449637090966,1.1626466114171654,-3.6882602061216527,0.31203955773632064,-1.1596581904599539,2.082894699181317,3.034368632832823,-1.3076300840144892,-1.8299091442882531,-2.151380212721236,0.17165610901047224,5.484801106627732,1.138684161038615,-3.5438772506628737,0.4238223556947771,2.1286723190368964,-5.632102691736364,-1.6216637221817258,-4.766808805834138,2.141366339244634,0.4614804867761926,2.6342536898475153,1.151372012150258
4124,-3.606968493613465,2.767912961675968,3.1846229792257823,-3.8244901405616964,-0.07967572519000532,1.558598418464653,0.8340223977264642,-0.7741139662036289,1.165076856649983,-2.93682993014961,-0.7029276226307957,2.4147722646089136,1.7443183333753147,-3.501218496723478,-1.177566358832248,0.7879181254964429,2.463506184272134,-0.3169577875875387,1.761045592656231,2.367134215819977,-3.0041199767268303,-0.1335729773296901,1.2712387413344501,-2.2617255957553546,2.1380692708682787,1.641776450193781,1.2484155521629852,0.34996399507456566,-3.4021018747265632,-1.9761233935703029
4125,2.369494436310596,0.2904779753079154,3.3747072504209115,-4.428634479574889,-0.3965582944434929,-1.209486888019823,3.1129527381820274,-2.989372778228063,-0.4143084370211545,2.116201866213455,1.232961629579564,-3.0584350187244915,1.3625988964075901,0.2666380091534286,1.346495478044794,-0.36664078342083073,-3.49823837494527,0.8891467747609063,-3.207683896969044,0.1543921161855959,1.4283489220207777,-0.9919345406622471,2.380888643802935,0.23598875562077382,3.0714827369051747,-3.1060330567147894,1.2261590494501746,-0.2825006059343558,-1.5250616150449332,0.6159534913414699
4126,-2.9152924170310826,0.6854015908106597,-3.115250201855307,2.487004466909571,0.7915118150528127,2.0666247461145364,-5.044012057203826,4.7844967439319355,0.5248163338760463,-2.135619193674051,0.49607406964090295,1.3742441034303354,-4.1028494945014184,-0.5319630940683133,1.764092291651636,0.15380058081606407,-0.07018235133961426,2.787102067442241,-2.976749117158885,1.9196139951677598,-2.011929118102163,0.5190737852683451,0.4148987857315074,2.135091669092244,-2.5575245981243846,1.8871279927729958,-2.755032205660946,-0.3688178583814272,2.9213685247494574,0.8728781446470002
4127,-2.4017497886180905,2.843758768898681,1.4516926859443977,-2.279398513748461,-0.8563235224988965,1.242020370023532,2.4724094937535455,5.388442335364154,-1.011188440280773,-1.2601883563307066,-0.8999053522980587,-4.689569680206823,-1.7512351353677253,-3.725869572228877,-0.9850806425034193,1.0335914846987215,2.591469802909046,2.837124062492876,2.3236364819089914,-0.8791221980694992,-0.2280475931511159,0.7373897284785018,-1.24504958781373,-0.7088068313543232,0.836745821608357,0.3320982092299616,-3.0374928982602967,-1.1845056000098482,0.13607267177598814,2.9170817956585644
4128,-1.207965777411797,-1.0095109135228668,4.984341890942503,-3.8850288129219592,-0.2671446977598557,1.3853083106751143,3.901958592673555,0.3343862895589531,-0.6100411780935655,1.2540110101303874,1.0766607095378031,-5.95697542380578,0.840006053760618,-1.0458875799643081,2.9153572927251545,-2.1184597021541904,-1.7896569469400454,1.1986408825734038,0.826177290162569,0.4045616055913914,-3.359686531073814,0.1424176657885834,-0.7167428612471092,2.703272830777216,-2.121319209257855,2.964523049941402,-1.2574926514888496,0.7666257992153236,1.9875557273992825,-2.3398927158066076
4129,-0.25980816526148054,0.856693631110307,-5.047628642307782,4.921096626866095,0.41085792245351405,-0.8812113728594984,-3.074007626665889,4.904754060773566,0.10883047643633592,-0.5836753458279116,-0.1618590841996168,-1.1940424805151508,2.9314729361842744,-2.626053191064962,3.515675949573808,-2.3969017964884856,-1.210420683835455,-0.2137732143685156,2.185140641526253,2.506526976814655,0.9846430859214763,-0.826836293003602,-1.0083928334580108,-3.8410815778019227,-0.1498537818563399,-1.301830480281204,4.27853327709742,-1.075372778407274,-0.23700533715184768,-1.5144708993980789
4130,-1.7264515599356454,-3.081836797243678,5.8502253237898785,-0.37460377020336466,0.44789985278321476,-1.1152330491892535,-1.5888133708505308,4.404713179682815,-0.8293069638521517,-0.7251192601672898,-1.1733944531791254,-0.08807913163239078,3.4217713869685014,1.7613553814595768,-3.9148930530985044,2.531978090944449,-2.525960379669714,-1.274251426603655,-3.0794301088540976,-1.3565558564038245,2.4096514895470946,0.09813796953516007,-2.4549194638965695,4.383115970071078,3.5059557121881326,-2.142343370242955,-2.3283277208264828,0.2798810405359342,1.9657779658969297,-1.28094362754889
4131,-2.306759798055099,5.646080235660037,2.8173284331088944,-6.061018584671459,0.031213228591907782,-0.1268435146331548,-2.2839149931533704,6.023195128858113,0.3779482381479031,1.3696510553032795,-0.6438143246241452,-4.843065104530453,-0.6414796970275738,0.6229783290146429,4.150944302898658,-4.073361048598667,-2.404667626425587,2.345585740139164,-1.470209203441371,-2.223916009656106,3.0729791541077525,0.03085147990773418,-3.1764019746196457,3.766696553700463,-3.141430877338742,1.4818745765511743,5.834399883330104,1.006979949783247,-1.5127364976892839,-3.6690870346338116
4132,-1.1182481716858472,1.478620593493691,0.7742820247192377,-1.367113558035765,-0.5223733827460337,0.754832494255842,2.8703030923042476,-1.010879648840394,0.08478634416865649,2.7140463695054784,-0.2398142093359752,-4.418441947800673,-0.3549549808128951,2.870869529108237,-0.14392813671494054,-2.7834456208294043,-1.0547831341055343,1.4662423433551872,1.9154444211795152,-2.9302501301061117,3.62965954114199,-0.6967885988082934,-0.7824324015733666,-1.135632831834851,-4.022711295657231,3.404430867865795,0.8557349513402421,0.9951474764604438,-0.7608370054852571,-0.47176499452127985
4133,1.134294398865837,-5.433252881131473,2.596366504639164,4.134883175280468,-0.8392257023223362,-1.5930654953305137,-5.3176673749632215,4.42124255100601,0.4046532790603674,2.0872858804346635,1.1053071637566285,-2.7008214992931165,-1.5432355599080658,-4.138568316191321,2.394847381989937,2.320645966990959,-0.5765972211176731,1.5429077482367788,0.2425798290140122,-1.376029294988804,-2.274672079831454,0.05818568283379655,-2.4269783443297204,5.776914207301047,-1.4842397661315871,-2.1944417447327353,4.0594510060736795,-0.3959383332920412,3.686687177653937,-3.671518339568527
4134,-1.3704212901227955,1.0680213159842573,-1.396594209115385,1.4479052284650074,-0.9998361145005115,1.2509250692905933,-1.7762842828910124,0.831850931608404,1.244863799653893,-3.5180486164521945,0.9595789950164617,2.2580391730658143,1.5467858105668277,1.0178032291273347,-3.8022914482682957,0.6364186437965245,-0.43586551313169863,1.0371492779099363,3.3081616157232787,-0.2528114713290748,2.498439805290115,-1.1325722065568296,-2.9928628499728216,-1.4283548931557775,4.564457408264314,-4.147577223815359,5.237523226957332,-0.25770649116219424,-1.835120335269817,-3.5615765849715793
4135,-0.9321002203006064,-4.956148579301743,0.7575689215886428,3.702842750680418,0.6560603012000397,0.7717768261344258,-1.9136063146113393,3.8358527705804732,-0.6371855877666714,3.5834407285250123,-0.7225899878291564,-4.1459116088969346,0.3248171486305971,-1.4956532099204782,-1.0282064970026727,1.8600501992392857,3.912170544625525,-3.573178185571644,-2.9122177336705946,0.8879911743330684,-3.2675790546094596,0.9819352910466828,0.426806541510496,3.8830637813886995,-4.034621451154328,2.8155176497308325,1.38495153293686,0.1594625144023789,2.8982094817629154,-3.2235197276759724
4136,-3.487351861037432,-1.9714262176013833,0.07709389732341165,4.49812221415203,-0.2860880917678037,1.1696500589323566,1.2400574577409849,-2.69542648204666,-0.7111825219519341,-2.6847827464121075,0.5907071580970111,4.260627134574115,2.4063641340154653,-2.075099835223563,2.045558661133814,0.4400023351553699,-1.8012322745778242,-1.0155930205026706,1.5589157997709933,-1.2488122933228727,-0.9034688618123816,0.6850222047116201,2.177337691556499,-2.2689945409049415,3.480238195406592,-4.041779558443547,5.212417656787213,0.23150888089813204,-2.512691450189859,-2.369693724455882
4137,0.5334086282188011,1.503901973978305,-1.216835634777798,-2.9607926033229006,0.158755815096272,1.9815618208084729,-3.375208616249477,-1.7211407046427745,-0.23213776975779776,0.021797982758650747,-0.6468414783153928,5.953530586208188,-2.609831897272583,-1.5782252459557338,4.086326219696904,2.1729410799859465,-0.28522034393651907,-1.785989812517423,-2.84834870132752,1.7034877140561075,3.0873596656381537,-0.5771544815754481,-0.03781566960067195,-1.3275285271917099,4.06858588630773,-4.148366908571246,-3.1886078946096,-0.3155900324509915,3.619944959798911,-0.03596601047211401
4138,0.2691067669908733,-4.522714506478312,0.12616847930447506,1.6834878230903705,0.4556676854680979,1.9882837516256373,-1.43055775888768,-1.3433827605429975,1.0518149567920023,3.096154158756466,-0.4133608942017908,-0.9606677019146126,1.702905347167892,-2.4083736490519065,-3.1345494146246278,3.3616043070560373,1.446302203415577,-0.9678887939623664,0.015743464160294707,2.3905996966971514,-0.959921411283073,0.6697102192531528,-2.7162084007143683,0.600076431885757,-1.2040613590227025,3.0795717937847122,-3.4502324657763666,-0.7900180416670839,-0.32238756950938985,2.687127642193527
4139,-0.7164654334118872,-0.507636811717127,-5.945896912446845,5.783920895031006,-0.5456108880678254,1.9316891506138472,0.934885997425404,-3.8284255877275726,-0.626601865542959,-2.0347833048679504,0.4277537964694629,5.127170964244986,-0.9287883814958242,3.500914253184728,-1.5045958450726786,1.8934838993924714,-2.7387287152877047,-0.22228521072038454,-5.064512574269717,-1.717565664446493,3.071099198404518,0.7951494037633644,2.486341823676092,0.4294878128711339,1.022722370710067,0.06021992732764758,-0.8521663027261539,-0.10953507788109373,0.6204864284810405,-0.7417273459088314
4140,1.4099160192664755,3.2171029582556088,2.8025514227499393,-4.890902701054099,-0.6195466614693337,-1.919121037747427,3.0438756073577338,-5.581664495659769,-0.9167858900921555,1.797329260581428,0.675295181839286,0.9819503359748403,1.6026005224618984,-4.172833563150762,0.15073649292215308,-0.0670672241623187,1.420061624566113,1.0665021473635434,-0.9274361621828824,-1.6119005238093997,2.689697556192584,-0.43602611298435257,-3.1719572416526844,3.4576224844356354,-0.3911145293306433,-0.26120311025053056,-2.045362509348923,-0.30829693171876826,2.384531803258721,0.6214452773928478
4141,0.7699365609044673,1.9728719071876881,2.8974708424744655,-4.7270011976562145,-0.5157638264389148,-0.39751428647034714,1.374622720244723,-2.5183381836599743,0.1938479565609894,0.10092567222830695,0.5502243333451604,0.29871750128218366,0.3757319285005387,-3.851381001257124,2.480011500691635,2.8298007163434313,-3.430176248960853,1.5960131046830206,-3.679916243374894,2.6533762906494047,-0.9194253663877561,-0.6745781855834752,-1.0499613845568607,3.6705048892524488,0.22870135210157372,0.6274788150461781,2.647331830569371,0.2040803501797228,-2.482178964659637,-1.2254133832345246
4142,2.5409522352081098,-2.7003879120405294,-2.84746476445207,2.9562129006806686,-0.5740443036527261,0.6247318442577114,1.0967844240503304,4.337051622811096,-0.3595913432975051,-0.4653581843991983,-1.1331918780606829,-3.4756946411026206,-2.217074425459627,3.795572289453709,0.04968464171264131,-1.3953794977813274,-3.838483564376734,3.6056805564519827,-0.037453147949566556,1.5230307845756457,3.07666668633998,-0.11367047800908292,1.556560587725313,-6.00513443268342,-1.1715140430344775,0.636918793042728,4.394786210896015,0.6627001242067614,-3.5915462937496496,-0.9313447913586774
4143,-0.07742750049224867,-1.8449960508508063,1.3171880188946048,-0.28032904171534057,-0.7860505497109738,1.6716151238759416,0.6969416095260925,-6.051865998971678,0.8508708308084625,2.213027291309757,0.20339562285856516,2.0876306444702415,3.4210476920023325,-3.6866139792086887,-1.12522833722789,-0.5377116326084561,2.3257297703217326,-0.3972235132783801,5.575587000114336,0.36777161633342637,-1.647730716767347,-0.1396469380477301,1.5841319190417984,-5.7401128806756425,-1.377459638030217,0.3492186778789339,4.362797974003222,-0.7369525965485266,-0.008308854895959783,-2.589295562404706
4144,0.2945140919879101,-2.182043054826554,-1.3019575777094552,4.632430685657283,-0.4694549657380449,-0.9734891793699614,2.0785201263765245,6.085672464449537,0.8503887989710099,-3.2850946641301686,-0.7056094099944072,-5.0238773156710685,-3.4934770458428464,1.2810929685809747,1.1558833873809924,1.7657908738055603,0.587819545258931,-1.2971097291829494,2.2083735750697073,0.4785333934227882,-1.265152008064133,0.18498529356361182,-2.621387871210205,1.0146476172170473,-4.389464849267492,3.193447727222111,2.4350192972934863,0.5386073154160034,-3.030152221138243,1.2525427304768755
4145,3.6499122094659207,-2.4679076764865435,5.800680619936191,-4.7981567026490595,-0.4711900041305048,-1.7133384461348342,-4.785465288894997,3.505929427177062,-0.09730721472982218,2.2248852994752184,-1.071453275197591,0.22341105217154578,-0.8762618558764146,-0.5505476256044197,3.7646586376150992,-1.4797210788742916,-0.7182635236940804,-0.13986455356523742,-2.751892611953462,-2.7411490597229626,-1.628362957064036,1.080219967951571,0.5645411983678734,5.4766434624198155,-2.3468672948090905,-3.943288597523157,6.098141447582375,0.9133228285984867,0.6713228824708164,-1.3926312663166875
4146,-1.772192288305293,-2.8297051966373914,-0.28910563613190376,2.7168204355535046,0.5323422157404716,1.641840469781771,2.0862409970041362,-3.6909337723531905,0.8364434109955825,3.1361451135943454,-0.021479463899515494,-2.3464162853399735,0.8068003796702605,3.413794669589432,3.2842267031526653,-3.7555497589871933,-2.30616993730478,-1.4431020561196863,-5.3920724365353045,3.292844810167516,-2.923384987107477,-0.9336599278295941,2.208976915779564,3.7472956255240923,0.8213165664831941,2.1979087457532422,-5.74549903561126,0.744785643843934,1.649838501503627,0.33164957803001727
4147,-1.4463360993848688,-0.8684536725655612,1.8372495469414822,2.876484618193924,-0.7822412392699158,-1.6167031539138819,5.883256588299467,-5.688720200039722,0.7505653142417499,-2.4308914607342356,0.5180457461068153,0.9677440121273051,1.877384262091585,-2.636979002805452,-1.8820429877927793,-2.869535869881405,3.401697297592733,2.1094763007960324,0.5472455344067342,-0.3457832099598832,1.7853293933193122,0.1618824869578841,-0.248901896408384,-1.899772308316873,-4.805288525674218,3.348230580187739,-2.5762818123387348,0.2587328628098229,1.2978218578783824,2.4767850371397593
4148,-0.9242250076095395,-2.9336692915856695,3.3971997471785684,-0.6500164551173349,0.25636593156839327,0.854345075566771,-4.098482143155081,5.905059536884568,-0.00966353967073097,2.150536265388272,-0.2791014608938829,-3.668348658551775,4.195262936445719,-0.9578050566497858,-2.552991301535455,2.450763162478207,-1.9269940104937078,-1.2082357302443025,-2.8912167635720287,3.1942668607864846,2.252636728339013,0.44601231991659507,0.6872902449111713,-3.6889893903824458,4.693663034128431,-1.1434527525235012,-3.5730699571383475,0.6701134863044098,1.4932272622668705,-2.1404810730351134
4149,-1.2307067324817673,-3.077112775892015,2.256973941066846,-1.0042521138494749,0.95536462162391,2.099733059533671,-1.3054397079385183,5.925866754628519,-0.16402836412277555,-3.665701670227845,1.1398386342445477,-1.9305356465825518,-0.6124859700089686,1.525217227690277,-0.23655272170826436,3.765808118588833,-1.661931034472211,-2.780055620088998,-4.53138610465043,2.862115750599724,2.5784426114624743,0.38902751854511486,2.1885631237330223,-3.486762899691133,-3.0305773766813076,2.5252259974677003,3.3190253753060226,-0.7670492592435609,-1.9927322865413206,-0.05389245030479728
4150,3.47596972450874,3.918411080101862,-3.7525199730782255,-1.8788241754167494,-0.6317241296082425,-1.1313125265062283,-4.781760768202588,5.643331268419999,1.249540789309032,1.2849865348049043,-0.8604149703052277,-2.5356828540247243,-2.2804228127153987,1.4907658003959945,0.5272017942923988,-1.0116800334346348,0.15950249283167395,1.114632758630659,0.5358478359290828,-2.333541953542184,3.1936558103498562,-0.3176286342552128,1.7238670040720194,-2.802200062554789,-3.2179898932473243,0.7059044029330721,-1.6059299680873096,-1.0185696883263353,2.3955898481976483,2.7409952985329653
4151,1.4511688096815725,2.3541325123638437,0.12842767078533157,-2.8248503895470662,0.5253540037395861,-1.6342326070220619,1.9012399170152712,-2.937268050794632,0.34136884647640375,-0.23155060342073952,-0.8885174938585001,1.8147273845835414,-0.6329545292332064,-2.2509414712648503,4.03328152507013,-1.263183001551461,3.4295946094837824,-3.3157971325036986,2.393565473644319,-2.2292731296588517,3.701039618349718,1.0784994594133561,-2.5066379973707953,-2.437193424378947,-3.2353325453008424,-2.2821638005984717,3.0986379105310036,-0.6109095841280903,1.6236163412034124,1.4061516782957248
4152,-2.6408726091708576,-0.4227296427201175,0.5397882273084633,3.366547955258909,0.46908622710960923,-1.311820157784851,-0.6248329907566799,-1.7461573106919133,-0.525649394357484,1.09926945438567,0.6413245002873902,1.156045741134367,-4.009616347001048,2.5792836343528407,3.969499491222969,-3.323701752657186,0.5032839744512643,0.28125099963182976,-1.8411055804483993,-3.07817602993865,-1.7523448708099103,0.6885540571255655,0.7587320791277552,5.224340344942455,-0.12739597528887003,-2.9078388102995447,-1.1827319426428744,-0.24660291866608652,1.7649110891054747,2.699658557794656
4153,-1.078743481422622,-4.166136300270267,1.9419622656572741,2.93195434799048,0.36055126512022184,0.010411902926104943,1.095871889760339,0.9846809290431366,1.1720396071215768,-3.580081165479731,0.48929207445151235,-0.16180333489544196,-0.7957010278198595,-0.397601890114462,-0.45616897580229576,-0.9692282019843503,1.663744528368543,0.9549555673530961,-0.11979197660340901,-3.099134062770437,2.7476724312636946,0.39870809215934067,1.0937393573223737,-1.0211938413727566,-0.2699730428571172,4.593418888637817,-0.5222218248903694,-0.6454996747388408,-3.2414180947522446,0.08569374860350898
4154,-3.3832983928106515,-0.1971505133071929,-0.6785092060998501,3.2849522509318696,0.0022664023312342074,0.9717394589557689,1.3240052862271163,1.3017312023849783,0.7143684904637073,8.35765122495502e-05,-0.8877758117781802,-2.4524127438084875,2.5448796400614278,-3.422000803022854,2.3863736793713386,-0.24373445788299009,-1.1741030660788674,-0.09141499244737972,-1.6465735344445918,2.712403178012657,3.4151380545787084,-0.22786382623412038,-1.1639657506324497,-3.0891381212813798,2.9076682999941035,1.4422286200395078,-1.982367570615029,0.5864646761907473,-1.4318162074253014,-1.5221778181812926
4155,-1.0078473919557585,3.614028654770326,-0.20831981827046775,-1.6734914825449785,0.45460296304882153,-1.1789729250467467,0.6255867728227962,2.7634231783977192,-1.1711797593366016,2.41901203269547,0.675324726860179,-5.312166951438201,-1.3199627608018538,-1.3407787660770296,2.024831940167754,2.4383295105860974,-3.635073154389218,1.8326532305149499,0.25876563448664314,0.8625765420325742,0.8765260787320379,0.02916574916210557,-0.15566208872301246,-1.8713719156915296,-1.4606635840217983,3.111171140909203,4.708808624926192,-0.4512376414803949,-3.6175069342777917,-2.290571606052657
4156,2.753404100670597,0.36457344050717566,2.5098532750839446,-4.474544691275213,-0.2290036457940512,-0.9242824791912341,-3.6091258147132024,-0.513750662203158,0.6670720408736992,3.5318594722123677,0.7608873049454941,-0.8369423411138115,-4.039591435905349,4.185436059323962,2.3587293562642166,1.308646606094097,-3.184424175084068,-0.6287964106921198,-0.5051849208490111,-1.1876100719750209,-0.2475895332258773,-0.4173489456772357,1.1510789952753733,1.206654476450609,3.739345434925049,-0.5304078505418417,-3.948957089788056,-0.8817962721318118,0.7785532439599407,0.8432625335794501
4157,0.7232469437342353,-3.1512918375150036,2.069181490762265,0.9836016087827559,-0.20712042356577554,-0.4176177821972509,-3.7207384858593606,5.094485809730045,0.07937793206250987,0.45523990168405604,-0.6856986084400933,-1.2226665491757593,-4.056267270645662,1.812639933085567,2.9719066073329543,-0.1552545706413042,0.33223786369295283,-0.9052625628237863,-4.628157209587265,3.102774967125395,-2.023591258924897,0.07091409541075144,-1.4716020633327513,4.949661469307607,4.311566128588048,-2.0261818019739515,0.0035044284275080884,-0.32189636771726526,0.05982820768715946,-2.0268205950087896
4158,-1.5307994502416928,-1.034896835105119,4.077039374228715,0.7931729035558277,-0.5896367048389715,-1.7148792875975083,-3.024016632713998,3.328769325219607,0.049086614195124056,1.1792112569803201,-0.2360214630291777,-1.2970291006504908,-2.3806270454700282,-1.1721981153490049,2.3035724334569387,-3.341128510789682,3.249204393595914,1.3411768445565961,3.0863598460283264,-2.657390810900898,-1.0993984345800634,0.6326673416504462,3.14453691988221,-3.106774862081174,0.3522933439394613,-0.3443023582275586,4.643794120230403,-0.2792641326067491,-2.0176796668098174,-2.3548413065230225
4159,-0.8272825180929217,-2.8185044318216086,2.8537441533177486,1.2417920398662616,-0.9799529834157243,0.5302037401474902,-2.9927616044888055,-4.1665788936318755,0.9310354348276944,1.1704528679678319,-0.17273368330108774,5.230585878627625,0.15431821513142197,4.160002988754595,1.8572418228435197,-1.2527549225676253,-2.0572329832232743,-2.861575120937907,1.26570859528384,-3.4547056281650406,-2.636525708605598,-0.3067385597855701,-0.562714235696621,5.694975536967853,-2.4802327712777483,2.4062100825622714,0.8910858849503249,-0.6341478489249672,-1.5425940227064974,1.3596786753993122
4160,-0.6211464588088518,4.34323239093597,-0.9542125584857502,-3.7565998751017453,0.49285669293653234,0.4958698085250717,1.0488128210582666,-3.767514859998304,0.2210339018637777,-2.329305950956055,-0.8362676113458356,5.663241699379487,1.4650498240507837,-0.2709904012416011,-1.1495530385220043,2.5267083440759706,-2.412348999584836,-0.15886572877755079,0.06253595667812917,-1.6463845576009888,0.36600955912797417,0.0063156433004216694,0.38211099009995486,0.8294124083933738,0.07441835807487962,0.9061755182635167,-3.2280409429654497,-0.7402654540900206,0.09354926772406635,2.8941632529956856
4161,1.2325395527454326,-2.1411161026600034,-2.3421333163883915,3.8801459094167186,-0.9485156196376481,0.3190795765251089,-3.9484328456236994,-1.0040063494688383,-0.8342813349581064,1.2081212232679626,-0.5410145191184883,5.119613825902476,-3.991532193015537,3.101338092198315,0.4567423527272858,-3.354190318081187,1.559781079037439,2.2278609871344415,-0.03636759394660416,-2.7525679734471478,-2.369920357725107,-0.6376337511379795,3.0837568312342185,2.7127328450214705,4.965679477457144,-2.990588070840584,-0.18417676174653508,0.5502202272794863,0.45732092601718044,-2.7984557981640066
4162,2.2924379906590246,-1.645965362122002,1.6963162469527973,-3.534968794847167,-0.49651812034348386,1.6886980397020661,-4.615081647672632,-0.8539612850870384,0.9263227767750744,-0.06325510486803587,0.8219919490130154,3.783983311840913,-0.5936149249253013,-2.800648407699022,1.1243451140978884,3.1228586006835215,-1.5544513061071044,0.7015109239507638,2.201987453560882,2.9090764542833725,-1.8781820016615463,0.48049088241554205,-2.7662033385689817,-0.9471694500304366,-0.9702360057131401,-2.0285980954979337,4.303644771307042,-0.9779672678744511,3.3621525314304357,-3.688995933649249
4163,0.41478987761827746,-5.1178163585592955,4.726802933692966,-0.47611178129974974,0.11822161636361139,0.33411371218538655,-0.6870549826281582,1.5594936861468476,0.7820662911454344,2.1490543590296376,-0.9350375231638965,-2.8685218305285503,0.00534755858577185,-1.6715714567101632,3.7555164212029446,-0.29463892920041346,-3.2120819890489134,1.417428395171509,1.110378770490616,-1.682056200621373,2.7295840546014425,-0.9163499312856773,2.8929999177254615,-4.134556610911652,-1.379756781717937,-0.087736157358556,-0.5732215850742719,-0.8159420787885763,3.5970918613377023,-0.7404352583956566
4164,0.518854267282526,4.580273199970986,-3.013002883384381,-2.770094136137356,0.8101272235272079,-0.1261576712577579,-2.280494038379196,2.07869304055313,0.5078341261326242,1.0951158922036797,0.16845877835751466,-1.5696077988664427,-4.035888372209172,2.2178458915263946,-2.7503225781014677,1.229264704763402,1.2693859869623125,2.06971436705928,2.8623374791920213,-2.266931187785369,3.0760665059042154,-0.4447719631639018,-0.7127096351028186,-2.5139911990453427,0.6195828334812745,-1.965657969679139,-4.1645935190731755,-0.34252653808891775,2.8697422397230277,2.9834529536396808
4165,-2.4388189408799423,4.94497483090775,-5.874264792902238,4.545722025337014,-0.3339351698956907,-0.8436779525656348,4.136786074141487,-1.036095431824112,-1.1038956564993452,-1.3068646299028135,1.0243673377079716,-1.714297693621873,-1.056161934737343,2.4453349656500514,-0.29715126249315205,3.816136080477765,-2.069146994670227,-2.8390108542263572,-4.60696886629405,2.194707022814999,-3.796498482010003,-0.844184557145164,1.3929583844316653,5.659986498201356,2.5508229064556396,-0.13272755431466976,-2.8183256103596044,1.0415535441628405,-1.4051617203534104,0.7638384344119533
4166,2.3122717638169874,-5.110307767051655,4.942474376611326,-3.7327035266416146,-0.466051482465746,2.0543166357319773,-2.9639303593386614,5.188194412706213,1.206048749127139,1.4501924312070713,-0.571585052680927,-4.308920181019555,-2.204230827438158,2.4262623287700187,1.3292835257671136,-1.821119880934976,-2.1064625161284187,2.376267369965184,5.142548217096454,-2.3565691570505436,2.304514413788336,-0.03023924143279011,-1.6152932790402126,-3.444960953362415,3.8788295534549313,3.3917747966559233,-5.257262159434326,0.7175629361046889,-2.133545213296955,-0.59735991348151
4167,-1.4255926623660233,-1.6859582427351363,4.194599874479984,-1.982584811893073,0.3810917956492057,0.5184440468663212,-2.897440569563827,5.767992005237264,-0.09744224715676353,0.7669240556513088,-0.89174864284906,-2.648284601317634,2.2741635214421017,-2.4362036789666277,-1.7164460257556495,2.7480594613566645,-2.718145801241942,1.8485725231662187,-5.5546725853078485,2.9794919952880043,-0.4608645603727446,0.540456688342295,-0.9869976704848877,3.482586132534017,1.050471142242749,-2.798054529739783,4.842923427579624,-0.9256625047562865,-2.6235236300867193,0.45384609476323057
4168,-0.4288710739508321,-1.535016373442243,4.355302718652876,-1.1992168222879407,-0.7301647855430577,-0.46203366342749064,0.2546064456552486,-1.2606787741812013,-0.32509069262472146,0.0800585397005964,-0.8731479176899288,2.1242523991412448,2.768271150680981,-2.7707519404411816,-1.6983079541193469,-1.1036854758161425,1.1009745666489046,1.7034996530475368,1.2237399483754565,-3.404098711531187,-1.8740954058511932,0.16522396403547557,2.1991677617280097,1.6900624432422724,2.645631141477587,1.4981828187623734,-5.194871393237243,-0.26378679128700266,-1.538405563763611,2.853249788050711
4169,-0.008637161705605578,-1.165564002929905,-4.880126762267846,5.989071524630152,-0.5596562675923837,0.624912669866907,-1.6629618278250717,-2.5660409414444807,-0.6015063768953324,-0.2705640240589151,-1.0892513706220441,6.190324540847065,-4.224385937943639,1.0203404216839864,2.941473152262656,-0.5180972202554024,-0.7900616222475385,1.5707312065007066,3.761969944957844,-1.2488406798223863,-1.959236951141607,-0.17214656536158124,2.078784133968309,-2.460529882601733,-0.034880169117538884,-2.214989374360947,-2.5659834142022895,-0.9916421578061412,3.0401457005417214,2.7673494149480256
4170,-2.5670227599354796,3.7760901491291143,1.5333986148053675,-4.806587641023825,0.8853807239150564,1.1787409131110813,-1.5281149944171055,-2.62485275702695,0.08201166330024545,2.2911143043207325,0.4332132003412621,1.3466285834830352,1.496224871368426,-2.2228658463316773,1.0185588128069298,-0.17789059239771632,-0.4576472258562134,0.3436199804110327,-0.7099272491819129,-3.4987920996026958,2.9654035048196548,0.36516341259363916,2.0395106393098157,-1.1613582079396494,0.6334384842180434,-0.026778628647161185,2.295901299991211,0.8370389558569231,-1.2074614077863384,-2.5321387036298795
4171,1.6305761574685143,-0.9840270309885675,-4.0244772846971095,4.779560381853013,0.19716062544557333,-1.5987928490801036,-5.812007664918138,1.4442414580287135,0.9191781902729348,-3.2086190476231433,0.42221503074865474,6.2349920334921975,-2.1149852406914746,4.058896799102669,0.5697860768263894,2.5667711752188254,-3.540075492737138,-1.5403933177185074,-3.9376584515549418,1.4000043642117568,-0.022569623784795212,-1.204912017605102,-1.9930946235392284,5.758230352271191,1.7106024675521212,-1.1134936970960858,-4.435756216754221,-0.17935976499268946,2.8547933867870228,1.1632138245065882
4172,0.23876792036979744,2.774373317501041,-3.6501551787112057,0.5911331872498344,-0.4472611293197035,0.4931418829115426,-3.9825691553551863,6.079681685605564,0.05376000064892761,2.4300263764568477,0.899703600549369,-5.480602507904305,2.2048558937774807,2.419469733399172,-0.009553932312865498,-4.249191039857401,-3.274744353192178,2.909163698186557,-0.47372373193570994,-1.51640535249215,3.188045219219763,-1.11318265145125,1.388693407923073,-1.4734268912648218,-0.6486656405532258,-0.22755506352633148,-1.1027815264212748,0.448117293338524,-0.6282332767157612,2.1591182138808414
4173,2.289433849490905,5.2306671058720795,-2.155328651437511,-4.402908991457576,-0.2497914281291722,-0.7120718843374085,-0.7189374401243462,-1.3348514190267728,-0.6922882752031407,-1.6705323655927966,-0.3898774928591413,4.806486992807393,3.578683784054469,-3.2666116779164387,-2.335843258844596,1.1620446159786084,-1.6245960289756542,2.486322565704409,4.578987614008234,-1.7820409868208458,-2.6610897075112767,0.9012029540890749,-1.8882577091748054,0.8511978354084881,4.695891169543078,1.9186253442172898,-3.4055267430170133,-0.3150893098098937,-1.8344355022871621,-1.0594649586435363
4174,-0.7184550974268546,4.896183985624251,-2.309126828381199,-1.045954257854632,-0.2048387689670399,-0.6178090329932289,5.289662928794421,-4.6013363293874825,-0.0686421353051907,1.6911102685566064,0.642809422001621,-2.953604154658784,0.18474490708261726,-1.1408309679378164,1.793033914171179,1.6675100337425377,0.13360120047560997,-2.638059087533369,-1.7052706622556535,-1.3732298276641508,-1.7064987980414976,-0.9369757573497477,1.2568144403791877,4.465160604930741,2.2267181476199056,-1.749974854404666,-5.278611385207615,-1.1954249909770476,3.242267231781039,2.7550258511911387
4175,-1.8020898489678316,-0.9268158049354156,4.507788496383785,-0.395723418013155,-0.30550652827493185,-1.077652896191161,4.341055684670511,0.15078032114891826,0.7839775925772496,0.3381661405451446,0.17572590440350488,-5.78970564334416,1.928436321978083,-3.616345619720022,-0.3302299592365614,1.7608091113316462,1.3551968763142277,-1.0978667306666239,3.2904127584875518,-2.2366305425922324,-0.8751114390676928,1.0864444353961513,-0.7455833560795746,-0.5195318561453028,4.472357061477087,0.4882569652290236,-4.38555907236341,0.08227879518669834,0.36110047469665396,-1.0184342242232827
4176,3.3116722341774576,1.6756585697366972,-1.6132270943235625,-4.6533248157754095,-0.39513392701492833,1.674355033201028,4.595473093909028,-2.091410822666809,-0.6625540169686932,-2.5747036605572653,-1.111972366588807,1.8451677728737366,3.757204715849632,-2.47240450693074,-2.0108631284960854,-1.224667166349672,1.0901247017585085,0.8606053841691157,2.5691047788222185,-0.7645197540133779,-1.7431770044384187,0.3183911926727374,2.6635684116921627,-3.043367624736419,2.136072630212386,2.1701138466159158,-3.3306037513143316,0.7339105212956891,0.6279128838368706,-2.337406130643771
4177,-2.3343160189379972,2.0262406600725953,-2.543689873243018,3.1992726060629266,0.19111121300276146,-0.5386185869559803,-5.155851202622831,-2.475788029808097,0.26061357535072105,1.393780264989818,0.9662561684218192,5.01098922366976,2.341449479601124,-3.6815339306156627,-0.12353287002544278,2.0722725347254105,2.2837053054759053,-2.8923605191605706,-1.942976503803365,0.9111986271514052,1.4457113324076722,1.0406055916563242,0.7776089155463453,-2.232147962959502,-4.774243887695121,-0.5735665918355117,4.901906609880193,1.1331897105929425,-3.26961098443158,2.5823251434918753
4178,-2.3085542016916225,0.5027949355891401,2.866916556148009,-0.6723214683414369,0.26602655546090714,-0.6548623771637025,-1.3212892436565369,5.462298403074502,-0.7955773610500394,-2.11453439103647,-0.6518951830894224,-0.5790022242408632,2.9470892190251092,-3.9461080625788743,-2.48481733823872,-0.028840961486803707,0.7285945806850833,2.7840825625950067,5.328181297333035,-1.0683636342583362,-0.8019705528777337,0.11098931482276342,-0.6431635711491968,-2.9256728538716423,-0.015863283359259128,-2.120486461651886,2.2731433827197307,-1.0058656064699574,0.7831936739465277,0.08587829481768594
4179,2.4874080029851164,5.36858256687044,-2.705477692343692,-3.3083743918449677,-0.07376979584223209,-1.7683686898233635,0.16611418370353803,-1.0343995725523278,0.5859140015998978,-0.9763880770296467,-1.0206869473219276,2.2794464116016506,-1.3312824126509835,-0.16206430729891608,1.0086483399204589,2.2576684197910204,-0.9399258405083941,-0.8330441992523792,-3.622401662883995,2.6689947144781847,1.3825164367363492,0.24887163278098257,-0.4521322072531042,-0.22584891385952588,2.2764084176921244,-0.5292865963550781,1.1355355840205377,0.047651318814279975,0.5092486085282069,-3.439557332697216
4180,0.9604690869868175,2.1819045455097736,-1.9475595836605812,-3.5661387229754133,0.2472577322795435,2.1240669418611553,5.988977697394677,-5.33950183277388,-0.32998982622011486,-2.1852489480649755,0.8408608479753417,1.0249020616901632,-0.7200077481760658,1.6622073373166018,-3.105466440195844,2.348177123392425,3.3620654232253955,-3.5469756955617235,-0.9313916898248564,-1.225124184643736,-1.8717254016136273,0.46808666105090957,1.6698772329967895,1.8902773820333998,4.209651865817921,0.40619700140524273,-6.040779166694794,-0.36334628684421943,2.779648282149221,-0.9913716958305248
4181,-1.7407210375670665,2.6024160463236363,2.61663377368998,-4.76022114012029,0.33689302188984493,0.944999335785182,0.2564892608787339,-4.686575210111684,-1.0000335824209974,1.4280370841905885,-0.9909804075587125,4.993062855023286,0.7849751830227696,-0.30108046082532525,1.0066529051617934,-3.050902426129369,-1.7950386712677684,3.355393470038681,0.6402940746696402,-2.032366848162125,2.5035544155097185,0.705564285839996,-2.852813523589619,1.0357675957312686,-0.958288144494734,-3.3152575450942514,0.6659843290491665,0.509885271369706,1.3523439901614296,1.7453320990115557
4182,2.33544678359506,4.883867034838882,-1.773071754123702,-3.3061646686394326,-0.31995385313607594,-1.8201235425334517,0.92320968088179,1.5674317732589103,0.6241767770462641,-1.584878925934671,-0.1945460177222884,-1.3353932875288166,0.7736332768155094,-2.138689803799979,3.0046449306550116,2.1277606259860242,-3.8593644132698603,0.09201538361403472,-5.233745291781862,-3.1742426659247087,1.1930756931232267,0.5138542907133647,0.012993257053951268,6.688064716814907,-2.9639085581753157,4.599994719185791,-5.242172640971333,-0.38857615485386443,0.40614808631841726,3.5885145484991767
4183,2.206324602247836,-5.541183171293081,3.4084717332042302,0.6879237021704654,0.16264961090063101,-0.9241864772287993,4.804383638430824,-3.443900782743654,0.8428142305716992,3.2508199470752537,0.5648734834966067,-6.018990516829518,3.329922892538292,1.292451962022529,0.9567087026460328,-0.21372184453386467,-3.6889834416710965,-1.676378271001136,6.237632943429347,-2.9601454684592152,-1.034321320464672,-0.5834229529780686,0.6091361421127921,-2.2688793436413413,2.9993342404911196,-2.0285225248428844,0.6645242774650839,0.6830854376112159,-1.5648352784241943,-0.7535861522974638
4184,-2.8564420691237444,5.517263421195626,-1.4538277428436963,1.8332540802265775,-0.7865958663118287,-2.2536518231416443,5.908677845232809,-2.9435087552941326,0.9742045016767085,2.493074580745727,-0.7392348939065254,-5.693213278453374,-3.5784811750773873,-0.40868407979360555,3.1961562245929542,0.7304332154591684,-3.688003344124512,3.7485791589441675,4.099773367119955,0.03957142781386658,2.5916029173488084,0.07437510960660099,-1.4403421491701476,-5.36498067272025,-1.1533799615179419,-1.5788171575023462,-0.4780035128123359,-0.4028251183057847,2.1114019181226844,1.5016238320186126
4185,1.7897500916477185,1.5774006360231816,1.2987015159050337,-4.0523923667727395,0.021794771486070896,-0.6352546482879795,1.6955616179957111,2.701018396021624,0.7314473111268684,0.09737950755771685,0.291718065722649,-5.517124898423358,-1.6366293907512794,-0.36185868413644684,0.8233283637412292,-2.6910827496025806,3.7306139021475744,0.13562855860226364,6.172431928261727,0.26377942757584094,-1.9485176361281695,-0.42815768715506675,0.15866643283645487,-4.21820246539194,-2.6953071734743013,-4.880691286622454,5.574472678190965,-0.10625439567470885,3.0526653229624046,-0.9448851453790166
4186,2.168022867519415,-2.643131866358022,-3.1515113043239893,3.66539684030084,-0.5435992461424743,0.5048227090055235,1.068786317043898,-4.989982901416912,-0.6418290496747829,0.26001456883780705,0.07522970590320277,4.227781359308025,1.4906074174960118,0.16536949704685,-1.18281266994852,-3.9505933245182483,1.1260423347760806,2.3513867451485773,-3.1484573027623846,3.458810519952241,-2.233437743559719,1.1460464990249122,-1.669253358641276,2.446291385985063,2.7826592345933534,2.721852745266233,-3.1223898842768634,-1.1417550742642524,-1.5135147254584673,0.2731477041428807
4187,0.0890852203777115,4.578275382878971,-5.641320931002195,1.1426830054571475,-0.8495174332155768,0.6807947555052394,-3.9611253778665727,-1.2180892671644443,1.1155219257154503,-0.14113666748558273,0.18446689141403372,4.020362495388394,2.0770317431166703,2.4988469495901136,3.108574840815045,-4.111362569378567,-3.354237176611912,-0.2188537875306178,-2.0513881230779134,-1.35039132138383,0.6921789489463421,0.9675310146391487,0.8489639604934229,0.8931055203816811,-0.14393000467978467,-0.41068117039094787,0.05299303673827893,-0.726323026587596,-0.4526359147317951,1.680577079654725
4188,-3.639534926601627,4.619530188494,-4.050789418764925,5.090706757229917,0.03080337736382921,-2.050715977719883,2.018885165211646,-4.753818006497525,0.7913221603331717,0.28967142828307324,-0.14234926045295282,1.7962885131238338,1.6087984288714026,-3.719232256249203,2.86808387311185,1.0860847404201053,1.376268885225926,-3.220003671379345,1.6843389074027861,2.3472304473763685,2.774401120814346,-0.38382192103530777,-0.15158839280287495,-6.27056016175645,-3.816205357015761,1.0048358336297447,-2.815098773737539,0.8186385637934182,2.0894382893898715,2.718391443943169
4189,-2.74008662843044,-3.9073784915132705,-0.07433854221925174,4.872433293671403,-0.48622676918866325,2.335597137681553,-2.701886634105943,6.21228575848518,-1.2210139045435127,-0.95484574585657,0.16018705409927314,-1.4947265280771944,2.3815849976081047,-0.8304073409618447,-1.3608954370048387,-4.206763171136606,2.7963833673546503,1.220097584141282,-4.972239594385506,0.5832158997167305,2.624966426770282,0.6060602942534592,-3.2369787371382586,4.39497571078217,-3.4641025998012083,-1.248737027384994,1.3293367368409719,-1.039242711875683,1.7281874736573997,2.6945581285664133
4190,2.0275174852975653,-3.193013221734379,-2.6700059489143086,3.3618824847452515,-0.4824533893695928,0.9560725899767686,-4.806969419628842,1.7755338489404942,-0.7800659273397113,0.48002538598494837,0.24219227548284294,3.0892838365615205,3.333076201095558,0.5326280549969269,2.4791644952294973,-2.260897283748079,-1.7418794859272104,-2.342091981645938,5.237129861001982,0.13435029166542378,-2.7036207251542557,0.48734598880942404,-2.4132583826522183,-0.7419470336714937,-2.2819886845346495,-4.739677160723515,6.074740807145552,1.1967703345938734,-2.804960766663857,2.555115470185509
4191,0.1725467981456088,2.7374145498982116,-4.071787396149691,0.44085918218424425,0.4714230883393933,0.24954377758353274,-2.537469896027325,-1.485040014756681,1.1203058577508607,3.012461601293051,0.1775912795706711,-0.28784882782935384,-2.12987946192178,2.5568118505526165,-2.823902895996481,0.7198211018055325,0.2849982073221291,1.3921511982387642,-5.365857676985385,2.5110973085138397,1.3207301000155063,-0.5193413305022228,1.241698230548316,0.8116733684087585,-2.400772288175631,1.425042459294957,4.072901107793662,0.2797340560597563,-2.824415593280829,-0.5524897416890084
4192,1.3570288826101589,-2.093365792310827,0.31021464536229004,-0.14495903032931068,0.6880631830703186,-0.11698188840133383,1.9366437214779886,-0.4763505442505789,0.1969047947362954,3.6670543703712717,0.29039359261294084,-5.614645934946665,2.7085209895480666,-1.2557129235032605,-1.407652187050278,0.8301614746047576,-1.6893061418795696,0.8139887882810655,-5.150630975274048,2.7769339331712324,-1.4630636624118658,-1.1070016701812273,1.592894820614406,3.3508675540803274,-2.295273475598055,1.4791756065999877,1.2050541897307312,0.623353280509356,-2.6950976732451455,1.6827880720060087
4193,-1.6752872281546,1.6128519134227872,-1.8371139107996584,3.613734185269095,-0.7359911115070306,-0.9781938482293082,-5.822361571743144,2.697305276931914,-1.0483682848154015,0.17853382840387333,-0.1635477666835694,4.158438517907566,-1.5843832201563384,1.3334539897112094,2.8204758059402373,-3.1239646083859025,-0.7891204354299184,1.3435384683214906,2.20876132704921,-2.425671783497286,1.1027017274845292,0.9732095213254173,-2.5044418645883137,0.6454410722252462,4.4903976338593345,-4.381820649408384,2.7527124944416883,1.1944269958825373,-2.5786406699812066,-1.4770758047911308
4194,2.7819389827784597,-1.2946023870823744,-0.35748391696549575,0.7585441839023161,-0.7387163628935025,-1.1496804997381211,-2.650974220502494,5.089648577262217,0.7079777218954515,2.6154885777215817,-0.9502990241793254,-4.811841632196174,-0.8441369905432623,1.198316218026438,0.9545389655949315,-2.823956864406947,-1.486620913990551,3.0018595853202115,1.4717827509596049,-1.5120275360061957,1.1967692105966847,-0.5742115549315407,1.9122693581689703,-2.494582228788712,2.8323161404258457,2.8244642859999196,-6.0233575877941945,-0.7980247763363097,1.7385718811835282,-0.5739699434759533
4195,2.2663718902087666,2.0681292875532407,-1.513108005239605,-1.284816163880464,0.44065346309434617,-1.9772304717350124,-3.7709244705537124,-0.159535328732467,0.705878403494757,1.3073978459231803,0.3432346431131288,1.5739489067563355,-3.572604304818313,-0.2857137862030754,1.0934647390873735,3.7833789182113833,2.62436440450119,-3.642889970777725,-5.397698718108252,2.1386116343179573,-1.9716489808274549,-0.6989415820802574,1.0544421126369272,4.875235534059911,-3.207108304839437,-3.1232299308568585,5.558020443025146,-1.080756479662357,-1.1383588031591998,2.9914330754955714
4196,-3.488670221393548,4.0248268453256735,0.627469088559625,-0.7580556852673972,0.5977513931861633,-1.003321420409229,4.1607369910142324,-2.317271784159182,0.37250741452024716,-2.5886363842903144,0.5599710894268757,-0.1873073265106875,2.498411784473614,0.0977431953333543,-3.247078112933602,-2.748397249810818,2.215216551729789,1.184103831208482,-4.333856323054011,1.9189290183172432,3.995621990259121,-0.5705859509918145,-1.005304381460057,-0.004804353071687473,-0.9276864722269984,1.042797031037228,0.28028704759386613,-0.11080585857513814,0.28228352456889283,-0.566875272395027
4197,-1.5633629744524509,-5.132100662926025,5.991256676292384,-0.42531071283145394,-0.4786901124303071,1.6082077863491708,-2.4652363064711267,-2.0613730223221083,-0.02842772583704889,2.560575836064327,-0.9365277257696647,2.9309889443368107,1.5416271607427596,3.61867537731926,-2.9701949843828626,3.6453997899484065,-3.5273246372683857,-2.3081827063583678,0.5270115167911804,3.323232118965379,0.8319728669730502,1.2183744230306548,-2.888924567538899,-3.011666358222545,0.38764895425459045,-4.41113298389361,2.8327805748037704,-1.1792968875756462,-1.2424940761229966,3.6124944185367553
4198,0.308997293608293,0.7600407429208786,2.322724431724861,-4.6090581623985685,0.5534827726946285,0.6638129214512336,2.0983420256952776,-2.714732063335827,-0.20994022773844456,-1.3891859247939706,-0.8082738712274153,3.0237900614015594,-3.3443312385778174,1.4780343075804367,3.483878792469717,-3.200881327012379,3.7944564951086157,-2.21115702956776,2.475432582916312,-0.9720090081480013,-2.6588282806090717,0.4033283175141644,1.850464970005607,-1.098388581680183,3.6867527341879267,1.1001050096202363,1.2764620369921076,0.18985099959270002,-3.483458416283522,-2.7697123641065957
4199,2.7491489007153938,-1.4948263926164458,-1.6044560441255697,1.9271458170436127,-0.05276909386752937,-1.5242431871481195,0.18434136025286563,-0.18488564542947827,-0.4304513315335683,1.8061240201260098,1.2241944342461721,-2.5993228376608393,0.11626950659413282,4.087654209115907,-1.5281220902369128,-1.9161294933926616,-2.446264621396221,1.6865924893165456,2.0563735673687162,2.063364585262132,-3.591758642010875,0.41346070645840705,1.4324029240366105,-2.373843141116186,1.8102370495530984,-0.12711914275206837,-2.3747504216502833,0.755882824679178,-1.3644126751634431,1.3001623653363943
4200,2.630536626099861,-1.47329465654823,-5.103959935187316,4.776048598351981,-0.4799034749175868,-0.34942715779735245,-6.099479912140609,-3.5176919765286527,-0.6831296956749,3.0396343636959458,1.0454891013521435,6.215178119297239,2.289998431427879,1.3063843587672324,-0.6441676684611757,1.0831723914144185,-1.587603188062456,-2.4477843250851183,3.9010063303855276,-1.071303415957722,-1.7933533849713683,1.1395242656417484,-2.468846667994038,0.29297287289464435,-1.4438919393307401,-1.1338289231493697,-1.8527338354472356,0.273265598298269,1.2865387320169717,2.8706503676149957
4201,2.9448541347729247,-0.5491316220945421,-1.8197738887022261,1.4962821098773738,-0.6924360910838179,-1.3797946427683563,4.311015379083152,-6.211422789854051,1.2349605950555187,-2.943789887074523,0.955304617623149,2.653932085167934,1.2494559355915698,-3.3283389873171902,3.718712477304482,-1.0028743027036775,-1.5427240114618588,0.9057688885874491,0.3005436298857731,-0.6120115080052511,1.8792423992648892,-0.6650610156031309,-3.0081842901182867,2.1054707845747984,-4.523134125901292,0.7055869484010557,5.104699155828591,0.7180344720768153,-1.460902219703538,-0.544284230698743
4202,-1.8276356054693075,2.589539821164955,-2.7093850117262193,4.165362322106667,-0.7755172868053102,-1.442364239269418,-2.132947443574743,3.625965401702519,-0.6768608036187249,2.407267527593355,1.2282728692189941,-4.451697551320187,-1.7047359405293339,0.879408037844275,2.24825742488402,-0.546994436098835,2.6104286950572018,-3.4863637811565678,-0.8049018111780981,-2.6202103050344263,-2.3492654533730857,0.5043942769235308,0.7103054514317968,4.559677841229103,1.8895258528627679,2.019779798185347,-5.807609846348257,-0.9925358422349255,2.2185998482287346,0.6722401893092336
4203,3.095886207886849,0.08829672503210517,-3.043136008898493,2.294216275766857,-0.5017573417625976,-1.933505858023386,-5.110514952131158,4.806976152245788,-1.1051769854679856,-1.3267197100563806,-0.7326830998329203,3.4681185952438796,-1.6895062077074439,0.8619840524448712,-1.292012300471443,0.9076264614163314,1.682398195544753,-0.47049020122633145,0.8761061395641434,-0.9418493756959307,-3.862121147947386,1.2125578562581465,2.8599956080619773,-0.14468908024212013,-4.174350105477204,3.3827999647408404,5.151326219494873,-0.14908009579753578,-0.5913371021664986,-3.619358880791559
4204,-1.0986142842800373,5.6699133993967195,-5.303854008940526,1.962795649965603,-0.488239271002199,-0.7420014851382337,3.57901316084639,-5.873451136921929,-1.086667665369633,1.9630840825853468,0.4073230014455129,1.0106985574155303,3.2685296366303263,-3.411316866865924,2.4444531951055133,1.8776350073997676,-3.890517606269343,-0.2887833659995369,3.1988330237941938,-3.086270859119553,3.8927274585392873,0.2937708407098665,1.1821099048239994,-5.4811703687489945,4.158563993496383,2.6410641387080602,-3.816254922520276,-0.4292457659590232,1.1243693487808777,-3.678496792503088
4205,-1.7982356160751678,2.0187765494336,-5.027228622486053,5.698888226750153,0.05130743396532855,-0.9435079715865449,3.4369539458627827,-3.5425725726581128,1.1517548026369502,-1.0764617333096709,0.9036225496885963,-0.8732969922193057,-1.9579739161861838,2.164669860013259,1.8932676537857098,0.6455940789702055,-2.0305491683412544,-0.7150085082409756,4.451724993373485,-2.114031395888537,-1.5031809731571215,1.1080183026532815,-0.5366091964747195,-1.4059217305076004,-0.5000213473067845,0.2221181104504062,-2.542773805166501,0.5290018434548847,0.8704958074836604,1.4211793910872608
4206,1.7021107757731393,2.9059308976051668,-4.4426754289047565,1.1857016075591567,-0.9220006727908143,-0.4290671792405565,2.2683148704146134,1.0434516971906582,1.047803402198351,-2.4117725563884864,-1.0235105137967695,-0.9242868996171261,2.2780089845245755,-1.3207006066775886,-4.244197102865568,0.9644877235557523,1.281070293924838,1.0413307075387443,-2.5504629750026027,1.5231038628765692,-1.2314192816482983,0.2321069906849269,-3.173730621666923,5.200402024755135,-0.5085983852388019,-3.556249299420333,2.38014072581322,1.0352023198144318,3.6580345406615997,-3.0085299016272504
4207,2.639969878618608,2.017780961062879,1.733060681223897,-5.092313665910535,0.6452269689655727,-1.9437248239590872,3.231782015348113,-5.50928026010536,-0.6879295247481725,1.3765465832279773,0.8506227678253504,0.7382584184533343,3.6613730285977333,0.3564141761740913,4.235397959167603,-2.1865398620077467,-4.089571461335808,-1.9770738405951338,-3.952597507172065,1.5182446654974413,3.3616318179862184,0.9685529842329368,1.6227509511083547,-3.5185829116540646,-1.4889898669575885,0.8938717922264701,-2.5877796935524664,-0.11390584086456812,-0.2997456894785593,3.596549298629558
4208,-2.830849612799822,0.03270774470548332,0.993896426287364,-0.9831772561269609,0.9994729012983719,1.787949796636891,-0.7433183825754419,-0.8969659428788006,-0.45300894424593174,-2.463902398037021,0.44403630411998574,4.113159363618475,-0.5577974345439927,-0.0896258388372253,3.521673275390736,-4.201954018947779,2.0517904971107583,-0.7240864801717724,1.1688150929503678,2.2432272269612703,-2.5325723454571456,0.6939989189898856,0.29618926433033543,-1.869658157775902,1.2951768237520689,-0.6572949978723557,-1.604757766240958,-1.1339019721739847,1.4335778209025953,0.6672000916354826
4209,-1.1793839106035566,0.043705643527360394,-1.45686709388362,1.6889466146240864,-0.4156145529986792,1.319213299335761,-3.7007059265646483,-0.46932858392180776,-0.9819761632350419,-0.6693095584268942,-0.03890082420273089,5.860221056352376,-1.5271043522208352,3.5386331432704843,-0.49909310574418697,0.4919260362768938,-0.7347668235917872,-1.2695948979898368,-1.8674105311677174,-2.5460849824059775,3.857566283576009,-1.209841265121705,2.4015627381385283,-0.6357922430203118,-0.6979309761422066,2.285266016354271,3.4900218710734947,-0.500531197104455,-3.5663664028505355,-1.0104593113277165
4210,-3.5617102000638816,0.8120264976684837,2.2632398821224733,2.8775629991836844,-0.7111681908110989,-1.6799509880982697,-1.3604198236118954,-1.2863314017037837,0.7523185972175819,2.9766065062739813,0.9283594688657466,-2.0105333470403473,4.178364052996024,-3.6709178377361322,3.087029735248006,-3.9125240368764285,-0.7796036083348454,1.097651694704119,-5.349016495549801,-2.258177368519446,3.250559150179008,0.03357284365686386,-1.9998094101392194,6.322871280371402,2.68745014992572,0.3546935415134769,-3.987895590301939,-0.48195337424227436,2.804979842426487,-1.3772745693186632
4211,-1.852915487134501,-1.39600090991609,-0.31430148899199395,3.367349802536033,-0.859452638365384,1.055320721873363,-3.5699818478781964,3.9316321107438554,-0.9620201937819193,-1.6096031383004537,0.7150746807427435,1.4948983884752174,2.8576418738969593,-3.3373975198917307,2.882058652871379,-1.6140047594455886,-0.6000980905892703,-0.18820015684102742,-1.6270308124225892,1.57269587728398,2.929796383199079,0.9364114272137583,1.8307875829217704,-5.642660458197167,2.485254824133854,-2.9866527513342973,1.1518139556598257,-1.22376245363989,3.36320209653201,-2.7898556713487324
4212,-1.1065377447973397,3.70174574090381,2.3073650209163787,-5.291425034980918,0.7887361533206163,-0.399884135361118,-0.02838479553486195,1.776204703107446,0.8616760733485869,-1.2960124795476737,0.7378597464319343,-2.0513432478041658,0.29767622475467803,-1.304469316469529,3.295025020775949,-0.07910871397337971,0.033272019869709624,-2.2423952349566942,-1.2157008610251232,-2.1725421420600117,-0.31199509530881997,-0.9342265339504285,1.4538787270960878,3.1805859052470993,-3.9944877217559913,0.08805967235623413,3.3583285460718635,-0.05447221628825716,0.7284164642393627,-0.12584474462041406
4213,2.9194536295475935,-3.303983401938492,-3.57583189650369,5.081972972191512,-0.15475672662561557,-0.9668545766698795,-3.1837171220388676,3.2200856172937264,0.39283785993322606,-1.7604094679574,-0.05480745276916732,1.3860105655397312,-3.7398118835788345,2.0520421788558636,0.6992739979791516,-0.823014918329406,4.043980999747127,-2.2324703746731416,-2.1898417307562035,0.03414087574927116,-0.002419279475935454,0.9857921776866343,0.1967316695260557,0.9755962872689672,0.341560314429568,1.9785953241640435,-6.136861385966679,1.002551905111365,-0.352945735309385,3.1670995775739144
4214,-1.1890349984009525,-3.5406886599280796,-2.2499215108357404,5.045376648756012,0.46091610696033314,1.4733524134498115,-5.284547688631633,0.46589927925844776,-0.8436776260368397,3.3297087824527623,1.121304624261712,1.2113126286968026,3.6359139671688503,-1.7470629804561781,-4.1474648347508545,-0.34513138844740965,3.7764639681054746,-1.172718731619149,-2.6168062432495134,-0.35848861193230697,0.9697547323342874,-0.08871826996685961,-2.175771393143169,4.270029785956343,0.48367222148529265,-2.0402188577588625,2.7866511122750737,0.5206619770314251,0.565078542440256,-2.31584499547038
4215,0.10786010391707634,0.8426177261243346,-4.632443474251279,3.703997952777989,0.4739894268868139,-0.49602173545351214,1.6299700104366366,0.10600811292913193,-0.15329199930513138,-3.3853483662959754,0.2661679331413094,1.536494309095243,-0.48135153164571065,-1.0603486811496587,0.10621783622951853,-2.594854859326947,1.8559984800196574,2.1743387558738867,3.2354549252794236,3.02484365170071,-0.4482408231827346,0.2385954519496467,-0.4409477666581232,-5.609705439090117,3.157399504952739,2.737967785092234,-0.2506701768116635,0.38984637203552985,-2.4166091221277757,-3.6179343631382874
4216,-0.5122891061026404,-1.9787449961231722,-3.845028564247542,4.305760385139941,0.11484488261307879,1.9154573987217347,-1.633795035867145,-3.027364433973446,-0.03356998481193152,-0.5600831548872502,-0.6836102385873142,5.938422848128301,-0.12130556925936986,0.4094199057146639,1.5686619759795413,-0.1232900062066129,-1.2061825488092897,-0.5273037574181796,3.7427960323335867,-2.4272939176336443,0.7465860269171714,-1.09676634926263,2.2722621493899844,-3.2375839417456547,-1.6667404503549292,2.3605173806637936,-3.1006978290930896,0.7843811322626655,-1.5408583980394681,3.1633981645638265
4217,1.7610468633786098,-0.6599236488684497,4.711569649295338,-3.63455973694213,-0.8023106351090155,-1.37582249175294,1.2812543420888325,-3.656711568141443,-0.8796956247668328,-2.3094420795669244,0.024228885878369688,5.540366044509199,-1.1408768140300314,3.9940023038203805,-3.921332553794011,0.5127466965482164,-0.325917788552907,0.8813781560091307,1.1848009872105614,-0.6056752786654442,-3.035689621659948,-1.0911987935200171,-2.2792247315377043,5.826987438171344,3.0217571670899765,-2.599742671318708,3.9199464160233255,-0.5062517854568442,-1.5136787984455786,-2.3220303278893812
4218,1.592736969742326,3.377882713205615,-3.0148994930256663,-3.2991844724513335,-0.06938534940649621,1.4128496319369575,3.1515424613420784,-5.72421495991615,-1.1808897326115262,-0.6643601036201296,-0.2988127487081087,4.716735083515022,0.1230248771304403,0.6762021138128489,-2.587954501081162,1.6482821668728356,2.3937132095577986,-2.2532678662920045,0.34910804991976363,-2.836786572279836,-1.7142805674425592,0.772866352917557,1.627536106522827,1.8015566303610555,-2.168985275065399,1.9146373319167864,-3.5533421894693618,-0.5836214769764725,2.7448603095254462,1.6464513000717709
4219,3.509302498339842,1.9658217746464217,-5.616230668996913,-0.9915111731957751,-0.0012618071701619993,1.1338793763779904,-0.40218135953261935,0.8924634252288968,-0.9307766944426668,3.458084521338293,0.9427028548488572,-3.960292747439553,-2.6724617059831886,-0.4927982024254689,-2.690513078686168,-0.6276801513923793,4.213395831306961,2.2700573071810304,4.195832574850815,-0.12860226142482745,1.2105162680573756,0.08948596097268968,-2.999107288235665,-2.368125254221564,0.4158092840806731,-3.8646972500219725,1.8267948410068904,0.44132741124459063,-2.4325104166610423,3.6132761303536256
4220,0.8648549437418946,1.9556787046076636,0.557098958911034,-1.4738763132313863,0.5177640651849473,-2.4215203592127246,4.368213281033309,1.4192562163917373,1.2084541927803558,-2.4695698017583947,0.934827081225249,-5.461180969671059,2.107391531730432,-3.515255323800268,-2.407467915904263,2.8903169333846748,-1.5488573339182459,2.4738721085085125,0.8206838338104063,-1.151512357150839,0.9022087031906345,0.1234491710620702,-1.7946386456392798,1.0998092947258158,-0.8292862805338608,3.430085876794603,-3.8642715335937474,-0.1353777662105733,2.647686883822825,-1.2488371802765084
4221,-3.6517608130063497,2.8077733461276573,0.8889778263505868,2.8950388026817855,-0.6742589253820226,-2.2657702367702477,-1.8353464203083938,5.203109854893299,-0.12160329090635358,-3.4493458067785294,1.2490143823462088,-1.0458287192450086,-3.5201033373490986,2.68409153829257,-1.4253258893877305,1.6008397246824693,0.5077078770386869,0.15279008672393068,-4.610745728012464,2.4665037416652176,-2.852462638916629,0.7144395556753818,-1.7492875530557548,6.031552622643055,1.9515621485170556,-0.7973416725117772,2.4657809617040485,-1.047930173694672,-0.4297366901832813,-2.1423345738286432
4222,3.5859852736770073,-3.1094596927793603,0.32403421281878053,-1.1966169309883092,0.7382963389021175,-0.34223920162882493,-5.337834464007731,3.333299202533258,0.08465349713143233,-2.834258843100436,-1.051124753470491,5.8052653609152,-1.5654061461044524,2.1264286997766852,-3.9394483449975546,1.990000608865131,1.9544059362870705,-0.5659807538260626,-2.978612073001198,0.1579323535026287,-1.2468968700850862,0.40648001589237026,-0.5256904509277938,4.186787024617885,4.966572462015428,-3.3027653750413144,-5.756246811067562,0.5749556345494717,3.336793371653936,0.18069071789276414
4223,0.05923297578059561,-0.11432873598154814,-3.4807641019359963,3.7970948597919048,0.7309922297323665,-0.9922272273859001,-5.306047363121188,5.157847212651507,-0.23863500989189834,-1.175911154650601,1.127701573011688,0.4350447420017467,-2.2732303759711243,-3.4467394253582118,1.5558928561694678,2.832643224133651,-1.4993541158881385,2.8307878369151673,0.5888149234567521,-0.22438281960249817,3.945242587206746,-0.6638909538834792,1.6608304739130464,-5.306614211091766,0.5410202232616399,-2.150361446679838,3.671618370863854,-0.4506153133816655,-1.2913515412389298,-0.3203102928223309
4224,1.6775669532716009,-2.4905856521230696,-1.6459504844185062,4.451622790754726,0.1005753072430422,-2.093228914726386,3.5021595747360266,1.4760671846700006,0.7662925020197697,-0.6085164180527567,0.20731970884184125,-5.343322552213596,1.366497911760849,0.07530679017656539,-2.052200010477172,1.0823247357386023,-0.44797492223797164,-0.023954504960054024,3.463182089058293,-2.6450763295065087,-1.2201286790891093,0.48456853985113746,-0.17941117893926517,0.09686555862426616,1.070158504050788,-4.218310448714503,5.769790337467651,-0.004587444312280198,-0.11291787263253639,-2.5041330758564193
4225,3.0865842064611115,-0.9299550352745563,-2.0131609841975866,1.706548923044128,0.23410569650421165,-2.0841228065358868,-2.92434146608732,3.9753653121752777,-1.2453670788115012,-1.931419124519337,1.2392167224515305,0.8865456347926681,2.637480858486132,-1.5776034446356277,-1.4834202347136287,2.8432238124592466,-1.6428630159704554,-0.7768179756248301,5.905909629417657,-0.9306012355276092,-0.4783070843451558,-0.6995560815935526,2.3442535141175753,-6.141698742070094,1.8278821403473309,-4.418107634912063,3.4719541913363905,0.3738723378956603,-0.785409980027838,-0.4701910546368069
4226,-3.5361506656221913,2.353557384344377,-0.8911086269601682,0.665659885449088,-0.1406209801836762,1.5486630029740134,0.6464246234017068,-3.144084418451481,1.0845092259236395,-1.8840491586354169,0.9235782368179883,2.3736214909449025,0.588367078106856,-2.5748215757759656,1.0003292893690485,-1.0769353711150256,4.1248563289936655,-2.0617957495777386,-3.319698939312488,0.28529499750714926,2.0278141902780433,0.8394416465118901,-2.4086494158875364,2.5757975209017587,-0.5569681463649587,-2.4691220394547457,2.0406789276411175,0.9991811288094494,3.3712111635608295,-3.384981034189023
4227,-1.5038591104970482,-0.24941855469033314,3.8331240345788906,-1.8925639412153608,-0.3290081023553233,0.1417256741806039,0.7918709728752553,0.8058494844111195,-1.0439550005306417,0.6451558405857742,1.128435598232672,-2.3273568955728443,0.28093734310545315,1.4963947624533915,2.9938697491594937,-3.5656606842630776,-2.753913375713978,1.5483722052595468,1.4007179269289018,1.260541693730616,-3.615008068196218,0.7325839681621886,-2.0870304480099886,2.3081949273832905,-0.09954873074241277,1.7429371936095386,4.31343920169407,0.10866585420286068,-3.494089522009883,-2.5714039967515028
4228,-0.7860513129830284,-1.9376723886829872,-2.4543759377580834,2.8169281580626055,0.3829517678059977,1.9782197135569284,-3.445553816335753,-1.9306183632353928,0.11022076507317102,3.515623805443031,0.41841860882895876,1.3319090002273306,1.0753438536107751,-1.988836144423903,-1.8760205130409062,-0.009599482189777575,0.7591352915978362,2.039976994446832,-5.011917977130736,2.4815375501826082,3.515089871877244,0.6165286825070835,1.6727096396976737,-3.2739477671350876,3.7016886821891575,-4.6594751027127455,4.584740683961783,-0.55885523652411,-3.6329741382174667,0.5648751113060442
4229,-2.0827842800277114,1.3262855923233516,0.2845865342522522,3.4526338300046078,-0.8364215066917557,-2.1443001698593287,0.9106244093918185,6.011301466706964,0.06751581729227407,-2.829502573678525,1.1790515693021852,-5.338990689013347,-3.231557536797933,-4.148164407146117,4.237241124947339,2.3207192310261817,-0.2643596931227421,1.086121281094151,-0.33052429071231515,-2.9761771867460585,3.5053204301036125,0.38494323444620715,-0.18824727116434126,-0.3953149159283278,1.4869655124279397,3.475100392813456,-4.709147839880103,-0.27950555239194497,-3.0344681474391297,3.0610556344724387
4230,-2.5527682508837852,4.985464616214042,2.9433218399639465,-3.5999316841757683,-0.5870623165965378,-1.1890242045205088,2.8729861301679414,-1.6749794439631067,-0.34535735298372394,-1.887010767219092,-0.9368814265946828,1.9712428605940282,0.905533203588643,-3.930211096379214,1.9111675646538586,-4.176596098489544,2.4239538193089416,2.8661526073181953,-0.5000330527088472,-1.9657606874900395,0.597084064539505,0.23322619651844168,-1.575940713999083,3.211424193138736,0.11498890561773223,-0.8760840109445311,4.598160178919716,-1.1195364847904625,-0.6439848626467519,-2.073543726153048
4231,-3.309399332734735,-0.06503595557445863,1.5916873769067408,3.0582228011771164,-0.5022322926928289,-0.7732425970804631,-0.4989830337258816,-1.9760853101120333,-0.620901796573663,-1.7783021418200704,-0.961111100792718,5.83538338302575,2.4456322509441257,-4.123829464911031,-3.5889484472847446,-0.7014528971152281,2.8593910272591003,3.109207531108652,2.8604588969591447,0.8923740425182558,0.9100238323770746,-0.858475733356836,-2.8743716116584945,-0.9300094268404351,-4.67021079538341,2.584759544448879,1.141757525294075,0.23932640841655672,2.587898448151652,-1.8835311309251264
4232,2.437917927395393,-0.03294187255686509,3.9545851636112843,-5.344193477828778,0.5090781439299343,-1.524445884549566,5.224063768247795,-5.8943043107978355,1.159736993556585,-1.2248297417573042,-0.33868919564580935,1.0740224863979435,-1.366926012180837,2.5256524540296326,-2.6487271159798222,0.5507357972125249,2.699294269632187,-1.760029392712795,5.230639160645783,2.0707141740437294,-3.4070179441081194,0.35224425784209235,-1.7598798904982438,-2.4866997579265373,-0.17595238678804392,-4.9767135572119425,4.655056277469683,0.6637982297898768,2.321485543741712,-2.4876741069986643
4233,0.9952783309101569,-0.7604310433795298,4.72917735912111,-4.415595197527544,-0.017846666096045904,-0.530582783026766,4.713203808341728,-2.9297620989964166,-0.3005642439070808,2.2961315545835532,1.0043116884593823,-4.783320708479778,0.3072912507654735,-2.1917651147952704,-1.641488676362716,1.1723039298611297,1.220284201014728,1.1333744095175682,-1.3930573301547362,-0.2045561435878973,-0.005934583939712468,-0.6683058770013277,2.906540321368267,-0.6346863866859138,3.3478551196655424,2.5526690163042147,-1.0874986565059466,-0.6326032586621846,-3.5530837600607548,-0.6273384607382688
4234,-1.3725612585658435,0.24424659233528345,-5.7311987967508635,4.758692689483482,0.26167187816067905,1.8391488953386474,5.934401740215101,-6.158814526350842,-0.18504554345647772,1.4927444710544897,-0.35305036196711104,-0.7302357794937819,-1.2280880034048494,3.9267599914527658,-0.11136933460641885,-3.3982708930384273,-2.4552566109430565,3.266224850540876,-3.404517597528269,2.3475245001300955,2.163086196989383,-0.8704768217805743,1.645321682853428,-1.8809379606653955,1.4700471222705325,-2.65207965548295,0.8944919133150648,0.1856607674500541,1.5819325149077414,-1.480052662457835
4235,-1.5486965667106727,3.980846677516343,1.6544327479583316,-4.665968319644097,0.4044718562865439,0.17491360459494487,-5.355816353129814,1.7652772558463283,-0.8180935981919397,1.2363123601003814,0.717287123033719,2.4550332123427516,1.350567862461041,-0.3194932735759579,0.6190716407656573,2.0284604129779957,-3.135947048862734,-0.5426595937651051,2.5232157278872975,-3.2127141978012013,2.9304484711196928,-0.9173474728118327,0.8357773241733941,-2.1593798525686907,-0.45616516885545977,3.8844693831418518,-1.7070347277402895,0.9804654566564537,-1.3085073099897535,-1.3932276332101967
4236,1.2445146810662315,3.9600606808675565,-1.6555218967879206,-3.646282685255944,-0.6161459698030387,0.713375189914478,-0.5591209313310976,2.7955515340870676,0.626932927887764,-2.0881505122734563,1.05155098889478,-1.8267640072636588,-0.7174964350065878,3.3909193328994682,-1.889711487613578,0.8839222466675061,-2.9495603024916033,1.2819266455457132,-2.2340117743272714,-2.9041867166215543,-0.48880796427698847,0.09372036409942819,-0.5869240523642603,6.120210143489281,-3.74603696695133,4.895610392866839,1.4253810049418654,-0.2006593525755731,-3.1440779633868168,0.7697828851076647
4237,-1.3013518461959794,-1.0463612075190873,6.084052051407593,-5.247097419326632,0.22354805271529443,1.2872103689201655,-2.7902375239135075,0.1763807099349144,-0.2676385114653268,0.9049595454202102,0.44717037344849153,1.5293654065766376,-1.1546358499795986,-2.388213750155808,0.6749678789441731,3.6200192589824027,-2.6816169596023496,1.929479421812097,5.995977490487114,-0.6990565954284627,0.713033098431449,-0.3781384562952761,0.9079103522467395,-6.539725889442931,-4.779746211883111,3.580949978608597,1.365691746307828,-0.8653501634877809,1.3277851112670156,-0.6293304608098857
4238,0.963978142077691,2.464095911100081,-5.273558497371084,0.6090474096039245,0.024594742765738253,1.2118422918249934,2.7568384834268684,0.7915315778594199,0.12084884345971414,-1.6670243276010748,0.3052065997435811,-2.3074011768871188,0.5877306191869529,1.899513218636006,-1.784939873339443,-1.6120948131621216,-0.19485263225932314,1.1046434809388543,0.38249045207708576,2.225592528585775,-1.5137995989052389,0.17904800272832322,-2.5790355324005674,1.305704147913218,3.7203136281150613,-3.950861048545189,2.381530671515833,-0.5824622337896912,2.173690145276691,-3.7422111625700385
4239,1.8311718372219516,0.28858301823957433,-1.0541729886011382,-1.0952944942129221,-0.1124180342805956,0.14213066163446797,-1.9173870044951329,-1.4615758266606917,1.0944570048707343,-1.9273752138069025,-0.4783265850730576,4.690207625166444,0.7309138553853423,-1.7940443959778705,0.6363946622292147,1.527878726877372,-3.9324526735963232,2.8313098250831743,-1.507990724573208,2.9997655702956223,2.5487554894818345,-1.0413776933160745,-1.7357040548485418,-1.263448587041058,-3.0678776481626535,3.3872665254735637,0.9091667550208378,-0.4876507147895923,0.30489985698878286,-1.0458047745282872
4240,-2.966464504298022,2.624775317559422,4.0953909541742455,-5.164808994961675,0.9543157364565773,0.4567914910707689,5.5875080000732815,-2.337848489916592,0.8874806543515472,-0.7530523881490048,0.32701964065306655,-3.7111074170108793,-1.6804616394416527,-0.954991214918298,2.800699805656677,-2.1953103461632306,-1.0272083051609506,3.05727170002832,2.523340333814769,-0.46258905833923514,1.0242191338367022,-0.5747247738351673,-2.189636184996937,-0.32060945048154466,-0.8137467249493433,-4.116841356932671,3.9675707271116956,-0.17900291620739672,0.8414744477438294,0.3005458232365239
4241,3.295759153641505,2.1749930454072945,-4.835262647539768,1.5705088332440837,-0.3790701489088599,-1.826928235842967,5.395556152792974,-2.3885163879052023,-0.913482966872138,0.45351850774794755,-0.41034239737025135,-2.1367329083918953,0.8010858808297883,-1.5524827151683898,-2.039587486054117,2.9866952932800963,-0.5597316624057953,0.3640206895192577,-0.05075783394650202,0.05211532298334376,1.8384271551841778,0.06418556655087926,0.42101295188679266,-2.3249831626600788,2.5223052039702054,-3.730971894281975,-2.3749673838664442,0.6434863922655376,1.841896063199222,1.0982516187160662
4242,2.848829002759924,4.051416399167014,-2.0979220741318336,-5.540737430980748,-0.31810518903824914,1.0565192922251914,0.8944569227871995,-2.330299679421831,0.05639739492995588,-2.191086547926453,-0.8579471561184002,4.428479065750949,1.613462437038855,-0.27976311375442364,-2.437896930412025,0.8661176547288463,0.6327085735675162,-0.3946286211679304,-3.924116415644832,2.1000654137389816,1.3667446715400189,-0.36912217001446734,0.38653101853098804,0.439897481847936,-2.555920739340273,4.967512098864521,-4.216794824446481,0.5504932657732136,-1.6690645989508486,2.923774798102464
4243,2.958553034014365,-1.9725575099772925,-1.5212904674122356,1.8764219490719825,0.017067193779509715,-1.3581941994750242,-5.532030026343804,3.7036175939621394,0.21475778509545318,3.5054177767072794,1.0885669089447978,-2.980330038364478,-1.7614951649863215,1.9081667186179452,-3.940227016462009,2.0697442124283256,3.5410276234292297,-1.8172163730263176,-0.6270744048456578,1.9553135257205625,-2.52616251804613,0.5806161296729355,1.5142729879130545,-0.8969657204161301,3.076830360874716,-3.7028028469176704,0.43610849690658426,-0.755282810727131,0.49709776683425666,0.4480490330318396
4244,1.8758293387531033,-3.5691400720450837,-3.2327004123304093,3.328075884861857,0.4249206656671025,1.1730145950947168,-3.8560221392164316,1.0376229247740447,0.6860363640890643,-1.4010423718864686,-0.5372938009116499,4.070699023152859,-2.561970632792697,1.9133267769770548,-0.6206223282382339,0.3317337587223719,0.35539128075204474,0.5821411445802802,2.5963826178715905,-0.41219764763641464,-3.263660295028764,0.8288720747341323,-1.2403877173003472,1.490990967358428,0.7098629444334357,2.19896650142109,-0.2532820971051848,-0.9507673987916858,0.39613407190146255,-2.100914021856486
4245,2.6395977920833964,-2.6037701769918336,3.5418409772831154,-3.1262515747896735,-0.5879410845960824,0.13652406701236686,-6.034692496705215,6.2487913637278645,-0.6128948848608022,-2.2055363130466876,-0.5087906928379766,3.1131230237242455,1.2819234827150474,-0.9319756711748362,2.8308366717747155,-0.27817090441966386,-0.8757390192638539,-2.026874559630615,5.21547323729893,-1.5035101354834897,2.8351646942274336,-0.5993748671312176,-1.7582726331398426,-4.18948029577318,-0.18879985156953438,1.3852852347706133,-1.5173908419829871,1.0590841597894123,-0.43185324708469963,-0.3063254539201594
4246,-1.2998717250137002,2.8405308814898973,-3.1930087011063613,1.8767353519432532,-0.3847257965423292,0.16033998923050596,4.163004962599334,5.095847994020048,-0.7084612355183282,-1.9305679736338135,-0.8160920963180684,-5.803731651147746,1.3891554013956267,2.522535050730262,-3.6777085076476244,-3.714226860134925,3.2132605813290844,0.26698433432835955,-5.8333603717741696,-2.300972876270258,2.869401577399401,0.2714948040885057,2.232550353706161,2.760886512848984,-2.114401141945706,3.4586450702892506,2.0461814435938663,-0.39738514898921107,-0.243206116124961,-2.7498341068206074
4247,-2.4525598844990757,2.7291834297372937,4.431466134128602,-3.127411299780352,-0.42937527722858904,-1.1513031023565876,-2.026661851210335,-2.9744793874111792,-0.6429339558293314,3.520781086267778,-0.37220630463921545,2.495500412823681,3.897794657313238,-1.3566724032235378,3.365909525354329,-1.5074713616919908,-3.644730096415909,-0.7548303213353336,0.380012425390003,2.0147413461369332,-3.996509098885273,1.1493855669095163,-1.2721215698508175,1.7244913302982638,3.6144662013081827,1.5391638031329826,-4.660847779067822,-0.4164767126602502,-0.48361509021016147,0.4073095774996922
4248,0.1824310360576682,-0.0938683528015325,2.2231900548099546,-5.4325721126668185,0.7662305699555443,2.3545888046464647,-1.8764601814096018,-4.801141922587799,0.49570171550353415,0.8752426087971834,0.07208104544734084,5.234576734250769,2.5219194768557713,-3.3528055279186706,0.17044388529765797,-0.4304194054856296,3.562762015957908,-2.471900444706213,-0.8001178016591766,-3.031796369490614,3.1613076145326424,-0.48625567141311077,-3.128856520001907,4.285718748030785,-0.691722558449996,-1.2883092436474506,-1.453547645065445,1.1754613570028942,1.5714839665752756,0.6866341235873428
4249,1.9051026010805323,-0.6622795402879156,4.203168619183099,-5.011615693385281,0.49039095067698923,-0.9247669372661402,4.647408060402885,2.3709706521362364,-1.2156979548676183,-3.460493246443896,0.9431061030326351,-3.2852936142588014,-2.575034931893798,2.157805919762996,-1.9085289149127895,0.12744109171306306,-0.11180074878658175,2.310117584117947,1.0399210690349925,-3.3408056167084847,-3.110273326096907,-0.8335357227227629,2.518676343541518,3.7260172529502853,0.01863251598913962,2.3354743097728203,-1.4593844291156088,-0.5935800434254865,-0.26035982816860503,-0.04078252504963942
4250,-1.927968530800925,3.740235218568177,-5.293616335266599,1.51510085229242,0.011670561512692412,1.9545782336955,0.3903194269843091,-0.11519347458781581,-0.857238793304866,-1.497471891421343,0.9774526900198746,1.1021320423112222,-0.6169015336486261,-1.6844317843507035,4.232632201079884,-2.523332616989176,-2.863102373191918,3.4551361071013673,2.0587836186165447,-2.8777380380304223,-1.9542569272820955,-0.0610918605985411,2.4820854201230436,0.3522177871701295,-0.7007934690525239,-1.5669750491834584,-4.0753865237317335,0.1024100234391403,2.6643506075080943,3.576394411023106
4251,-1.1537950785154383,1.9742404492968468,-3.1176659535747575,3.7111307295868663,-0.19790789506245776,-1.216002251729778,4.5682605508088585,0.9611386037541436,-0.635663533749355,-3.2311799995422295,-0.9107878328728827,-0.7517677883971565,-3.160204614337699,1.557870925609521,-0.8445730125714022,1.522057277831557,0.11547578025650296,0.8093736432123517,-2.5160979916016686,0.09958794487810074,-2.523872206601194,-0.41472685631697903,-0.24725691977999809,5.602366029420374,2.710780032020441,-1.1541778083114238,-3.738459529094495,-0.2635169333405889,2.7507394683175335,-0.30536522958882095
4252,-3.208538961329605,1.825965033268325,4.945742372210983,-3.595696354972098,-0.32280614101750205,0.3553340518411474,0.5621647961168321,3.385955450380269,-1.1493407633779174,2.7223237158392166,0.4612589801043887,-5.982362179061422,0.6391090824375212,0.3814428340063891,-3.387206640468456,-3.225683716756828,2.0982503041776184,3.494088136604592,2.1196808684441457,0.15134059508367947,2.0176163686367694,-0.606624822532341,-2.816753831844265,-0.8652591777893726,-0.8971920585117807,-3.0683370669362837,2.0068821240924493,1.022810568020911,2.6102624652175983,-1.6744260318802642
4253,1.8995818477409827,3.3834976536000667,-5.643912481758722,0.6207424093419576,0.340948079963038,-0.6008575088860866,-4.823513219270879,-4.2526806840396,1.0854131504721352,3.310143482919564,-0.016930764545302956,4.697568034465466,3.707754427569107,2.462860858037626,-2.701319931773252,-2.52868621877192,-2.875690977373921,1.935081842313192,-0.8617543147691009,0.20500142316107883,3.39196188459859,1.1340947648096407,-1.628131187113505,-2.241172570688068,0.6051124438629572,-0.9374784463054588,-4.701283595634564,-0.8999659978321022,3.262129576239296,2.671486019672514
4254,-3.2763295716320453,0.8813060536739776,4.869891216833441,-0.44373092765358635,0.003944078460386802,-2.0350808496808988,5.487769799663518,-5.050953211765297,-1.1863425252315225,-2.3025482506482664,-0.8302362267511327,3.882310414734121,-4.144403609988027,1.6005469384909432,0.7790358046953862,2.391740737968135,2.8511927320728176,-3.4781126032384044,-5.570860681935603,-0.9816864444341533,3.6352393269287298,0.3355080507972561,0.43100447766003747,2.1507952709823677,-0.1202747216761324,1.185201436513136,-4.351337591905555,1.0448571700941631,3.4058021138786962,-1.1642484069016827
4255,-0.3400429849696298,-4.147857996581951,3.6226805694175255,3.9451716654341737,-0.9310123673925343,-2.1489388859062837,-1.9666100967133708,1.0108985445282421,-0.7376758071713212,1.8649473214698844,0.6598843229498446,-0.8314442850618882,-3.4657881652445184,1.5702830664638157,-1.8257503148329075,2.0064208353452315,0.6865744208930202,1.0282601573761987,-1.4121803522893437,2.9106441350038885,-2.8163501030649627,-1.0716492742920787,2.9391046581277855,-0.5495690634866648,0.6897599987560987,-2.66695848589465,3.385368197826807,0.08489944357801615,0.6446524562555762,-2.1377216105192183
4256,-1.6104582755733663,1.8260757792432152,4.721286594740246,-5.297164397753264,0.16904528476798975,0.1912150145764535,-2.92600670735985,4.483255918136482,-0.2552041647586316,-2.6886519016638566,0.5142479343635049,0.8723589212837339,3.1126226008581988,-2.801198815497603,-4.225067090235367,-2.343385402641754,4.088113684348048,2.1689150231693155,-2.9224342100407306,1.7414370722102497,-1.71659349640505,0.21289750709848398,2.5620869094015415,0.12260621773409497,-3.8434229138196727,1.5353014535011091,3.8906470663940844,-0.13011578084978748,0.9727874337892555,-2.425197259012382
4257,-2.8560426224544244,4.4374030835705724,2.751726999118201,-4.636786201600298,0.0025587004272189517,0.3011400409399947,1.0423057112483,0.24245609433030424,-0.23593052320701347,-2.284944435222105,0.6702199451908903,0.5658932076610199,-1.4635366140077917,-1.764920649155492,2.414043719673444,0.5605550389818497,-2.6904189671920893,2.9442774717009286,0.6020018436621335,-0.5549815756541125,1.9330700971930597,-0.5121764822202115,-2.3641149866950624,0.8962011037127695,4.380546479749043,-3.4924207343944893,-0.056734233308326054,0.6054858228243374,-0.486892518124435,-0.9499848167435694
4258,0.07524466315290468,4.219409047813553,1.1428845510337169,-5.2549680041705535,-0.7793196400007907,0.5967493821724243,0.7486003579029514,2.2434275620336486,-0.4672603155164117,-3.0871996803109933,0.5219507950386859,0.04048128085349845,0.4139350096812109,-0.47160261476874155,-1.0466637981264881,3.205335134541947,1.6253083514938567,-3.726312082820945,2.0572624073504144,-0.996929766349842,0.5121903745558427,0.38813721500757836,0.42618879568995993,-2.386849026255433,2.7872692729623765,-2.960407839466974,-0.5032204944446939,0.5098583259398577,0.7717919333867034,-0.6052911983746814
4259,-0.5277710619799105,3.718634327243567,-3.6419329150654924,1.4231619844059296,-0.6260039058703066,-0.34608842873251433,2.8596726983373806,-2.30230391625577,-1.1316070401521139,-2.407223045285928,-1.1675939696276982,4.149055272985542,-3.78418207266723,2.4348318865956173,1.2812479061335473,1.5063709611785612,2.302493693758585,-3.740762374998221,4.220054545158664,1.9182456939654244,-1.3929262464934737,0.08002792495036015,0.5985526460617834,-5.423954563644241,-0.36303951730270967,-4.359731789010125,2.021209150071563,0.13077857315552777,-0.29341949455908,2.864203077647403
4260,-1.6851940176977394,4.038704995219117,-0.29968423112631726,-0.9947109385749577,-0.8442377157846308,-0.21487809203419594,2.4700486405406146,5.114877943422027,-1.1761739046320545,-1.6869637270573712,0.9687340859665188,-5.6905230382383145,-1.6663837194909412,-1.9705855522965923,2.732373137168427,0.45450157543015024,-0.6540952164884004,1.1041897756782184,-6.11727808090432,1.7826603537427133,-1.6845917925328475,0.3897309566205305,-0.5237063993456772,6.153184962418109,2.003888681221774,0.8023540028767044,0.10487205129220456,-1.060322498254219,-0.5383548851228284,-1.3124373520110808
4261,-1.2844005768410458,0.2871115300492555,2.670438714437342,-2.665939735611591,0.7618419485443364,0.230948119422953,-6.100078308487671,3.161264079849552,-1.1375910408000371,3.15466189296745,-0.9933365853339655,1.915079961806093,-2.128669844369327,1.8214869806071796,2.221709066899489,-2.1288162589957693,0.10992373495454899,0.1043663209047132,2.2824101789308813,-2.998004324372465,2.0620923592280427,-0.9634958462285192,2.6894789924316083,-3.072481359991052,1.9493607075778492,-0.7196649626179052,0.226954071505709,-0.27558428409458724,-0.8247035003465921,-0.35636203202193073
4262,3.212188595220802,-5.703690096388716,2.611377683048417,-0.8445444008320848,0.6924317679493317,0.03223645100350225,2.480885198497912,-2.144028365395563,0.7165695535659431,0.7962878875818262,-0.7081904627295375,-1.1415238115191322,4.19177937353291,-0.373806829944769,-3.854916139964713,0.9050515880291101,-2.579104704856281,1.7109967132045654,0.7175782901770944,-3.3356045781982058,-2.812793371596406,1.0142613309876936,-0.4468412529339503,4.86339958156227,-4.335064006704359,-0.6698493953952216,5.356496339533898,-0.11467037786991607,-3.520172049654496,3.2832594900926537
4263,-1.5012037169128014,4.179523493826959,-1.8541113693680842,-0.41172888870660174,0.6031646204898449,-1.0156441393280549,-6.22615027686016,4.8616641507004275,0.9416458274852539,1.1056889218437043,1.249281219666062,-1.9321298428338203,-1.8727871181831368,-0.3365736017121961,-3.590365507233294,2.441453812726362,2.055624595589883,1.3026478188132202,5.667351480815835,0.17755188104544573,-1.8003274214426277,1.1746949434156537,-0.708687483881679,-4.510583399954125,-3.8976668122182083,-3.7696712517538806,4.90317251425741,-0.2282810501388708,2.7059228899455725,0.28652370991056486
4264,-2.6810870553293906,1.8408241231186864,0.6606832096569342,2.688073448636736,-0.9174557538556187,-1.591037972226113,5.463219798701697,-5.976114949786762,0.4200332434555465,2.2547805113328216,-1.0593790017673732,-1.102539601934481,-3.7086509869268554,-2.159356226598808,2.6806264161893054,0.3492988170908191,2.6652212679104643,0.17286071233587208,-4.526608577545279,-1.515704186665113,3.630391419050703,1.0653712013472365,-1.8963422777662053,3.2428924215771637,4.560182446825003,-0.6267160817147577,-1.3293888684464896,-0.4675462438106308,-0.276355817777846,-1.8601754350727209
4265,1.3656631562809416,-0.7727158392607052,3.64364640890933,-5.195112893074384,-0.1811451925775005,1.1396643597235556,4.654471279092824,-2.9871033573262444,-0.3045047119392228,2.9162578177697895,-0.5001463188426953,-3.778974708752987,0.872354245876803,2.213034897885045,-2.2335776195708945,-2.3566926786579607,2.5575333635573934,-1.0526522090895813,3.7446359065382637,3.1026807201992277,-2.4114850987105694,-0.9420593178725518,0.6241886727359969,-4.117960882891872,0.9731969916676348,-0.8953780679348924,-3.9177080726658318,-0.3633778848644713,0.8955524185588857,3.3077146152412418
4266,-0.679965973586043,-1.0842152193039176,-1.6838731466609005,4.521827667135966,-0.688435574057531,-0.38533775352636646,-0.25610766812229,5.693545054403788,-0.06936258236669257,-0.48993449062544414,0.696650583975237,-5.57479089726316,3.081828227691325,-2.6108361263189455,1.3493160229436327,-1.657810579951942,-2.610139349216441,2.447641804853216,5.306487883320422,-1.771309109004628,-3.3376852837495754,-0.12814657033537102,1.9164315266046827,-1.9857784468370454,1.7261813506237473,-4.47911173734709,5.519816890183421,-0.61369379511269,-0.48282734401551686,-1.6703653643293084
4267,1.7764017773965612,-3.915869687572169,5.777461314856815,-3.9752725258800083,-0.6170649881995476,0.9543441093995533,-3.6881416271424285,3.429170589498135,-0.47969419093783383,3.136964279962097,0.06543196929343598,-2.4637310206719683,1.0831776407443137,3.225936047601145,-1.5666109985156496,-2.538229431617152,-3.2276936873998068,3.0234204291880182,-4.897893959439667,-0.8495340183149995,0.7524114513594107,1.2108841173922027,2.535566590578048,1.2485658184235042,-0.45203848151426484,-2.223667696462453,-4.845560000720166,1.0833960339989277,3.332977204751298,3.1048929399492096
4268,-3.012926513796643,-1.0769968147353381,2.125049869200538,3.878721728953895,-0.23648335033071755,-1.6773649192905253,-5.253191622057077,2.621519940179219,0.16258108155080375,-2.2296013882527124,-0.7548453034413463,5.45353729202257,-1.7321109473175724,0.6130382061478805,-0.028626092249790958,0.7953737737093505,-0.7558298768708482,1.1081549365818404,0.9281551851360952,-1.9964363988928504,-0.23508694294529775,0.8245346654198702,-1.3249204153616887,1.8037539066423918,0.027087799180758765,2.1357457269948803,-2.0513445555376464,1.2301931552992258,-1.9807791237972872,0.6390969978626053
4269,0.8647583502372473,-5.620091275949115,0.8597610392232546,4.287893540761306,-0.45003285415306205,0.05771119988160933,2.0349127675996286,-2.306618514520938,-0.12782498640743611,1.1330668830467694,-1.0464109420156378,0.3128747922990627,-1.3970310183681391,-1.8652983697711285,0.3775627969927733,0.7829465807838645,4.05658481396129,-1.9547648035978007,-1.9158394795274525,1.9019093832029643,1.4643214046806108,-1.1448547949507861,1.8740930485020844,-2.1796295619088397,-4.693839632112917,3.6350697857893195,-2.924963159788131,0.40206483064705534,3.687616849061218,-0.10594867359404958
4270,-2.1770237701774846,0.11109701878723044,3.2586427826826494,-0.33482250235706346,0.620736149189197,-1.4786296781232746,-2.2016173130283825,-4.8062771822778885,0.9587238287094602,0.5679235517966283,-0.08133297884032853,5.562580093641991,2.0269038035388505,1.8429186461017757,-1.4000123889707048,-2.077939623961038,2.4617049175477206,-2.8535753542557636,-4.100610396158569,2.260119953861203,-2.3266295234014756,-0.1899145783730738,-0.7978823336371494,5.154916877707642,2.582281475968937,-2.1843179384102243,-2.337279156040278,1.2179948661340294,2.501428770259569,-1.7801080179095425
4271,-2.9558442908139693,-3.63312244906378,3.687346150339817,3.5208839983749343,0.7291395341415532,-1.3484029429773319,4.876357771048529,-5.4339765984964,-0.5085775562181798,1.761880946053079,1.1295332756263763,-1.8252178380119446,-3.207987733913779,-1.5337262141306276,3.3686607585679766,-3.4542153076594584,2.415703516211206,2.4115649809254833,-4.475433784759048,-0.905614598929553,3.677035533394907,-1.0603940507666199,0.4443963451784718,2.3200105558804047,-0.6865848913635482,-2.0864376618290343,2.0055230709386898,-0.9291647149637239,-0.5520389092612898,2.2487031064814076
4272,-0.40683828308428893,-2.6147169107150745,3.8486838379775534,0.5963369697684833,-0.18458645645633842,-1.2388791574890696,-5.558390620323657,-4.8884781867779985,0.2803827558295966,3.182208318773295,0.9977413960952424,5.986536336404949,-1.0287564625231305,3.4092428634117695,-1.705850494429816,-1.9333080971740966,2.121982958341235,-0.8633107676251868,-0.6055757004716398,-2.2244535060515247,0.07407353789788473,1.1789087682304258,-1.8871719620309229,3.46421886242436,-2.44485494110495,2.918582780477923,-5.646850710926664,1.0686721222609243,2.5604937230453473,1.5439570262498776
4273,3.6579049308640954,-1.7231912172724329,-0.19344998935250501,-4.571767983322527,0.9473261415970429,1.8831781174875655,0.3725611406158933,-1.6370136356592262,-0.6623934416892219,-2.895264071567901,-0.566601678445859,5.3887116867477545,0.5240090396795374,-0.9303598032278622,2.341904259056985,-0.6340746594693307,-3.7070291871559267,2.4055503511173733,-1.936964847658139,-2.8984302758399103,2.571561233984653,0.637556583624356,2.9128663977789344,-1.286589091891294,1.7640060152993406,-3.5920854252672854,3.013462886838372,-1.1863773005430143,-3.1945423315802266,3.1955361552552404
4274,1.0548280813903972,2.13245347092143,-5.210233859124383,3.2556179047132368,0.5764539415210908,-1.8091195394205215,3.0591233949703813,-4.612946144695979,-0.5387346710800989,0.7544875957768227,-0.6523878404379522,1.9904576654682806,-0.10697399927534335,1.7050635977620594,-0.5219303641583579,-1.966224854257863,-1.2129100444897567,2.1029756644200504,-0.28997683983347855,-3.2959277756182566,2.967516775619135,0.28410133712128616,3.201858239676973,-2.867571736967065,-2.7576232466708603,-4.4602690793703506,4.096074208916832,-0.5246335042249184,3.106140139783335,0.5403114815684145
4275,1.2699224087497143,-4.175838677328585,3.5051916806432324,-0.9435671910694943,0.2548635017137366,0.08942827729266511,-2.8508506867364787,4.683168691465131,-0.4160109733445907,2.6564353525302664,0.2856739655667111,-4.358416349479622,-2.1095482430201216,3.164546132728997,1.3302050474316687,-2.124474270862372,-2.701623200906301,2.4408945346289066,4.654959893891693,-2.478329789225647,1.9721005694011282,-0.24014844743472263,0.04317973872406,-3.951761965357921,0.06785814533073165,-4.1350623298382505,5.5232430504227175,-0.7924126237392723,0.8262304059302359,-1.4898566481037019
4276,-0.08253051112849974,4.958986303796131,-2.8160591896841503,-3.3988275631917055,-0.34017205941590345,1.678603019625406,-4.434085580855321,0.9494493265366337,-0.32681666296167755,2.764623191905489,-0.806518573887077,1.8533482992633878,2.98088670972637,-0.990228992091815,2.0135877403686777,-0.09858867122929382,-0.26814278856661034,-3.637513998206554,4.072518212074449,-2.4276909542858203,2.960727940671404,0.41986882952692106,-1.851595511515665,-3.173828516472714,2.309390754651094,4.1313069404429115,-5.581907972722185,0.3262633552380221,2.386038413744938,-3.5710914913523
4277,-2.5920090967491163,-0.7074117630677037,3.200781922671517,-2.2208345571665298,0.34828978122097665,1.9711837130921221,2.8029505229533243,5.30634232916438,-0.09128595788343485,-3.044526478934582,0.21531974150174715,-5.188800156799999,2.5561283734761915,-3.4468800668824535,2.982056727171244,-1.8634117175447642,-0.645650525723191,0.4177572095037281,-1.4255711176137353,2.67888841969906,2.109133015252336,0.7877153697791828,1.6151926662255995,-5.76535835334386,-0.6013280044349933,0.5065294317328117,-2.4516643644262786,0.44237145576959147,1.5154798008129866,0.5886116805483734
4278,-2.6085235490793224,-0.5368350605013603,2.639682870450333,-1.1731206450050564,0.8740958066571847,0.8047005774794567,1.1416002082960972,-5.349527836171291,-0.08539043334431895,-2.2277847292461352,1.0865180828137753,5.434584707653311,1.2646249688045366,-1.8665527399167487,1.4286962590953252,-1.4361644707751857,-0.9944580576740236,1.6038540404668424,-0.9328723625781876,-1.4252779341652566,-1.9869870319504237,0.19101557808975755,0.5155267275096342,3.638595023093046,-0.1530886169228971,-0.31271914951639346,4.346462965179956,-1.062995537265612,-3.0659414721547815,0.24828181068219912
4279,-0.6748002393470287,-0.7466444908302456,-1.6115168232512076,1.871538642579928,-0.9381489826088929,2.0995718934586733,1.0763951009298793,0.3510862256593761,0.010657718974610653,-2.185871056051729,0.1622391065112483,0.5854929039780536,3.8529287312340514,-0.9692239240649059,1.4294307537889068,0.2847296836339517,-1.4536938395444956,-3.144171405046814,5.386047016731144,-1.048466210794956,1.3565178474155246,1.226066145485957,-1.2358559566689262,-5.684308842170161,-1.4769576828311521,4.518813722873091,-5.960664779372475,0.4747822034543505,0.4899572577614322,1.9540692781172098
4280,-2.8742647418826692,-3.665362702176825,5.537784169024235,-0.7093942637030217,0.9527122246855875,0.7585253140539212,6.048148905949681,-0.46369725913894655,-1.215928052005676,-1.1374704515412546,1.0923859503078654,-4.323439093570219,2.159238585147289,3.8558017763811314,-4.2358716450826766,-2.974063032831584,3.177492611849665,-1.9825982954631307,-6.075725073544508,-0.44496928366399047,1.1625063899555492,0.3192853535057383,1.5325525252966425,3.506350088449164,4.299523312999309,1.4911086143908534,-4.09615109054841,0.7866617660547002,0.22113671986648953,-2.7022793227604716
4281,-2.609687107431032,1.4828123467552565,-0.10968693644416305,3.3223624575079818,0.04986066800733102,-2.135661428394168,1.5877478607738809,2.7124874473996243,0.5365608381777012,-1.9049326242560323,0.7648155030259502,-3.696679025119657,2.200283425948413,0.3451494873028693,-3.648402432214654,0.055334149262826315,3.9764524744156127,-2.928817104714385,0.8215764994456443,-0.2949615558789347,1.6580388346253372,0.7071597915684729,1.9719836597514337,-4.8637972295133345,-1.320112296510132,4.686722981400457,-3.3641426414707745,-0.31767780745035257,-1.3854587405102148,1.700668504543458
4282,0.8589011576150316,4.62145656760967,-4.127489979935685,-1.706473615748692,-0.24040491564315825,0.5940107861040538,-4.119462865661731,0.21721080392048364,-0.978642063946789,0.5438750361307783,0.37127838878334884,3.965740700775367,-3.458841955376485,-1.005663866524431,0.6481864699686426,3.7851218034882983,1.1953688600883012,-1.164171311643674,2.338409284738148,-0.5928210630122255,2.7579792517064057,0.6250891453335914,-2.7986453875662605,-2.330011231201013,-1.0270625170855325,-0.9059695182737428,5.19949871645705,0.06693808025272752,-2.550780907346084,-0.7826238540019688
4283,-1.8583715843585846,3.2568951981451058,1.2958559829525527,-4.232158943161338,0.09358242827329466,1.444196918150194,-0.6621554225233837,-0.20606958223389427,0.9081234794441393,-2.369060582130494,-0.850512098031464,3.1796742054765303,-3.9833633708872433,3.950952110517811,2.442662109285429,-3.915818527856686,3.760840236728349,-2.2552725577870216,0.5220074609482737,-1.2911611986273144,1.747675394546146,-0.18419134777142254,-0.487345442752547,-0.3069848663444752,3.5022182946725238,0.4112149141144883,1.576254788366537,-0.8191030213153407,-3.4053197106405335,-1.265265265195243
4284,3.1311457990424714,0.5640852632651203,-1.6106548609871894,-1.7812532281876585,-0.1170045004741942,-0.18631847265731238,6.197981050829878,1.6995945910874894,-0.3409577533802617,-2.244737067782051,-1.0708214719945164,-4.241059348759105,4.213356746766699,1.4734508185608952,-1.6812882416812034,-3.9228622850107264,-1.3359405362592636,1.2532834976242597,2.2501767025347803,-1.1238348212487352,-2.1212208245044657,0.39020228826137426,-0.11845827964458522,0.7231349346002531,0.7975220328275121,-1.1206811775306527,1.7275329163932014,1.0147283448052615,-1.1967655306969007,-1.22233658579602
4285,1.9539023731247092,-3.3977764671809254,-1.9238934519971522,2.158069709583117,-0.7281200949101587,1.93781793138165,-3.921792440919088,-3.181559072678116,-0.05692571075011443,3.613881193487231,-0.4026772406730066,3.9490732715345196,-0.12439221834659975,3.3040368906490336,1.427783444664648,-3.1149744631117837,-0.40675773511596347,-1.0856959187386828,3.9551983137783466,1.9516439210993806,-1.0556188337148917,-0.09256083798880077,-1.5040758448358265,-3.2545867183395956,-2.1643056724330414,3.716563109196432,-2.404599122839514,-0.048490410567741726,-2.3292420067106008,3.2300741033568556
4286,0.4898480011194195,0.04320214239600162,-3.0083073926093746,0.24544202466120524,-0.11655348029371226,2.346368704727732,-2.8386219052433326,2.059816641868224,-0.1358012016364123,-2.808681180451755,-0.18174883677291298,3.9050364822376125,-1.3078113377815477,2.783170130578725,-3.193164483221926,-0.23889317222825923,-0.47151973828310645,2.4282186009367486,-2.844551695623501,3.1612201802871738,0.7798302943634283,0.5160550337966718,2.10653406083512,-3.7190878736602926,-4.313287939258675,1.9265798185841483,4.319170698827207,0.26029404347367535,-0.9476158880900414,-1.2451407335339049
4287,-0.6693020922727744,0.9383064274977819,3.156077924685995,-4.891352526377098,-0.11543594782600586,1.581706214293396,-2.884723323057095,0.21165607684117305,0.17128667289951416,3.1602288991408365,0.42935732164442353,-1.0878056474674587,-3.6916290052430583,-3.091497578142178,3.01613144109011,1.318860628855166,2.8095392248514273,-0.3614047114108381,5.822377131968452,1.7363759923468844,0.21748034301715435,0.5229409240926373,-2.9808281271104136,-5.318346264316144,0.6256482807970727,-0.3730660229552285,-6.1947124167576355,0.7367942851888252,2.1018321590937212,3.103503714635668
4288,-0.7497345040935883,3.322037774498469,-2.4004404216286765,0.8393106789866813,-0.6665365192674619,-0.34463700849414813,-6.067243166171572,3.41199456094375,-0.20386545975520143,-2.324622935201008,-0.0073918579274705465,5.191128858112894,1.1047597693792888,-2.4164900671937684,-3.2772938417736377,3.9021547906676837,1.860127943727381,-1.1732585948063008,0.11688114867045485,-3.08728418131839,-2.447186631768412,-0.8383408444619835,1.6282042220948565,4.62772628678205,-0.5589869596527173,4.770642114468384,-5.0483366326175805,-0.18321402883658866,1.319590330192856,-0.299694823551949
4289,-2.4364270982038327,3.5414818721905803,-5.105246568451211,4.313737782742621,0.5876455050505012,-0.9011914933274081,1.7788711872862777,-3.153250662937875,-1.0679569512202054,1.565808336880881,-0.4402195696082858,1.3167476596006011,4.023674461860086,-3.78578557503322,1.577878828858097,-2.3997888678217603,2.8497963688050767,-2.265775216667617,1.995337050235964,-1.4341427192774336,-2.171240501841151,-0.7906632140750149,-0.10689863299728408,2.507608017953462,0.48124512985639,3.1188496209195087,-1.2609288469690014,-0.4169870899096715,1.2097774187368806,-3.131956232631662
4290,-1.8448316986932412,3.629558639148833,-4.708575861460687,0.8140920529922901,0.8985242913326092,1.2112325766813967,-3.7223487623197187,-3.0333661613155094,-1.2121351492436157,1.042419849273763,1.2015183640085692,5.72391185959788,-3.0505726948730665,-0.340009541769529,2.356662155325491,3.3723257651758907,-2.7444662083394356,0.40606052448130825,5.12425923638293,-2.165151597642918,-1.4255270253385728,-0.18371348393641718,-1.159071004679955,-0.19079612478652308,-3.2060055667723084,3.652327644337589,3.9979520664463095,-0.32013492167879676,-0.5691024409292353,-3.5550367814010997
4291,3.370578348875025,-3.7638969497098884,-2.362204593635255,0.617985078144244,0.7282986128848767,1.4092395034422118,-0.8315797750527807,2.2330496045050374,-0.6622203289961073,1.3976398844568045,0.9354214699389738,-3.072310854850553,-3.252406522659941,0.5299139433286975,-0.8044200227264255,3.771825848410444,2.1253315083563713,-2.3702447547084997,0.5487637331170419,2.5415821555060596,-2.1174475588147867,0.7739222451096364,-0.8601112842138079,-0.8867092907056033,-1.0659541159299337,4.45433733511441,0.6494191710133457,-0.8960988273404,-0.4735963109415344,-2.668107251913444
4292,-2.942432310464964,-4.051595126320375,0.7365243022606478,4.662823958646726,0.23345479805626423,1.3612243778228788,1.3561616404028065,4.86681765149574,-0.6248739144679085,-0.8106408334385584,-0.994612331465782,-3.792852212524906,-2.137238028783395,-3.1316848684821643,1.5211554180264137,4.1434672504529715,1.1550833613964038,-1.5507831326096149,-4.9627373269204185,-1.2964353477417934,1.8556869421802702,0.469187831527452,0.24705522976491423,3.687242671188116,-4.970978414624351,0.90432345304772,5.558068013094882,-0.8016274194716875,-3.248128447052565,2.5583428150084195
4293,3.152107290088047,-4.2377772995100855,5.9523366629863474,-3.902216853319217,-0.46798780458216616,-0.49646199566172555,-3.069822518002077,5.697547902632188,-0.2616541280126441,3.0687414355534592,-1.1565991937410818,-4.278213498428464,0.05626760743053083,1.931005001536846,-1.4286611097340245,-0.5674032695973708,-1.9982611148922036,2.007052885256808,2.724582931838057,2.736092844036655,-0.8519083413176372,0.019298175196698963,-0.4684145119901295,-4.159651097765064,-2.999760508189695,1.9936368804590785,5.390726591084107,-0.4712258501104385,-1.7942084958051225,-2.1191686174355215
4294,-0.9373799590946028,3.933167994618298,3.374322709528755,-4.431259446174387,0.1748876819816645,-2.1137389808585105,1.7361172164258782,-5.523466578660447,-1.1568914744206893,-0.15813852849874266,0.7170243870254502,4.385354978129907,-0.6486887855978516,0.013723283807564712,-0.016745428794688877,-3.4948238906623015,1.2830138645480567,2.863520956699798,1.4586648834566347,0.759446371583623,0.8752273712543648,-0.3821479636835221,-1.2071965148009767,-1.503994147811536,0.6258268063434649,0.741049816069502,6.051453704431278,-1.1242364781366447,-2.6484624637693184,-3.645631384935882
4295,1.2517125284916695,-4.058996452588737,-0.9826223974131487,1.6705568202460732,0.6570954394821475,1.4622540617832076,0.21926669698186885,4.305545621788713,1.1756240740782093,-2.4432431665872762,-1.1300132946293489,-2.1271799316308133,-3.652555040381113,0.9046468601590298,3.3875675395057243,-2.033370596262582,0.6471300191790164,0.7465812178005056,4.535020110991411,1.8891533541543843,1.530461497841717,0.4633770358735294,-2.6815506732886636,-5.736461325573764,-4.74438225746624,3.8953684721192516,-0.9779024130433669,-1.047028852142767,-0.013724895890993238,2.8876699464265236
4296,-0.5074461092882334,-3.2527926225440815,1.5717392716837075,3.6169656425750745,-0.9277920601521616,-0.5006741222730824,-4.951539130726992,5.496106060665891,1.2294537977087927,2.2366645913244696,-0.5284150570021993,-3.4822702619685977,1.7475813605620871,-2.370722322116791,4.084944638039403,-2.6407534236648402,-0.25234279305396257,-0.5687074597653048,-5.517613662558674,-1.870473929324504,-1.5963403527553197,0.33311157047043594,3.097614749146331,5.553701625020366,-1.8492593002789235,-1.988626318050514,4.377784615389402,0.743408290896034,1.6763293592647273,-2.959636647218323
4297,-0.4572831326479765,-2.90612247745835,2.9378833576776024,-0.8352105479913021,0.504821985647772,0.7559108147735039,-4.88361695156296,0.2522511061345938,0.5492191644148718,-0.06025354284292739,-0.010532484384296659,4.1529327082420835,4.035651999047676,-3.758206669791866,-1.0393250808186068,-3.837232409365564,1.5502158866281448,3.0488962743008337,-3.274084400821664,-0.19234357145644765,-3.731500098889727,-0.4501586340666668,2.4503997216083153,5.19768698362482,-2.2692332882242248,-1.6883375562100724,2.673635435536216,-0.9341533606948103,3.678795820630885,-1.4607070510355928
4298,2.537500969263032,-0.46944921983802246,-0.10102570196614025,0.20122564070209137,-0.7513501830207219,-1.4169015051389877,4.41699277419702,-5.027040394362093,0.4216370935541143,-2.712347039027728,0.8684753268209677,2.0322822388190787,1.0851265251588131,-1.1716673759976057,-2.6921683526769105,1.5265624184626034,0.3467835950356921,0.9053631900180079,-1.8430252463566639,-1.234363658246803,2.9210948178230964,-0.6389219257960237,1.8228878728058557,-1.0276718602308605,4.870708779588313,-4.6294291763203095,1.0849088960768611,1.244583950019365,-2.63051761298429,0.05974516362241822
4299,2.2968916563736492,2.604921520221559,0.6889547001058887,-3.765601951679532,-0.7349249416250294,-1.09024098339534,5.499772299641943,-4.871179162524175,-0.6317833236424262,-2.140470005207348,0.15073159798430158,1.9929285937491201,-0.7515322736893708,-1.0822384341710514,0.9151318934429185,1.3837082537519265,-3.0608286531764595,2.5957592138426158,3.925708363139112,-0.8701610670110966,0.8058090136776954,-1.1255122109004811,-1.5168068337010538,-1.219037265205536,-1.1429410992868938,0.3600475500934266,2.7190504963884408,-0.7610886566661836,-0.43496502128897063,-0.7401032692374425
4300,-0.6579257868614192,0.3514513139065478,1.5278650029922574,-1.8148370830611817,0.09045175085704438,0.5029948021679367,0.9364502544391868,-3.4432138143608206,-1.2357937410528397,1.242233241847515,-1.2172500388974816,3.717574098025864,3.8056455591446756,-2.0415784743665473,-0.3012154067005639,0.25879770929463675,1.424698275832288,-3.1463476632039473,-3.1876119345605645,-0.4361253207708433,0.6368564831652073,0.4589258742372522,2.291496703982471,0.2364581939451007,0.35324761001589877,-3.5994394406437884,0.23973187562946308,0.2737575577677429,0.1673913667452247,2.565311030487841
4301,0.05378687019183914,-0.48845380335089317,1.788106302643751,0.5123834311342677,0.06289757075035407,-1.9287203713681311,4.637505129456972,-3.420901421080984,0.237026473750241,-1.9197208768363492,-0.8358011261278069,1.301891820839387,-1.2882396573146728,2.090693523086273,0.35433541737286944,-3.0922531699370204,0.6598894887277744,1.2755743980653484,4.581643153295904,0.18999963349467208,3.100447219750084,0.7671482738874671,-1.974005821473554,-6.665232458955977,3.9004787161770373,-0.6114668285960114,-1.0822239334374615,0.7019481763397453,-2.2111625153818366,-0.6975736150991345
4302,-1.380615059848246,2.466922001189328,0.9387951723322345,-0.15784110199116697,-0.013354369817421663,-1.8539066418635493,0.5833495008660563,1.3780727889305382,0.3978461265025164,-0.8004203818627325,-0.5124676618032167,-1.0463803726317416,3.9795080637285203,3.213045944825062,-2.8644590751199157,-1.0693914026539186,-0.8783075846522479,-2.3803959461269564,1.094137642682231,-3.037163098276194,2.7547954379916924,-0.4717147401735655,1.4291658685942021,-1.7692211108197853,-1.2836005672082678,-2.2564524041916023,5.977908046599207,0.6527552618273509,0.39601273188638686,-3.486623068910756
4303,-0.32842324488918706,-0.175411832437824,1.8536176511293903,-1.654032782697314,0.02563185527693701,0.2786183536192066,-4.133390084808376,0.12665486414823945,0.6545742877472449,0.008126353033389933,1.1972856173902988,2.146748962490623,0.7427069074320514,-2.350545213608356,-3.1509122235872606,3.028987262177335,0.16048598363751765,1.5692772839492655,-0.738458581486146,-1.8926775754763003,3.1318977115094455,-0.3972470506640082,0.5744252120976778,-0.6779397159820597,0.6517368891265178,-3.152390928485662,4.269672278228359,-1.1671362635389437,-3.1855194790074,2.5836375036794728
4304,2.8889551287643584,-2.1927545937260327,2.287730955759777,-4.950270685211805,-0.522962548957866,2.489301743372815,-5.456377775194227,-0.49273088104266094,-0.19126183761769777,-0.7098989395240238,0.8868456767809683,5.963423756599042,-3.1234216108484745,0.5919548792202427,0.08206583656648903,0.7169037857179852,3.6121894285774765,-1.8796923192331683,5.578518125325857,-1.1960527471404863,-0.813969077314944,-0.34541926696233016,-2.536450696938372,-0.6866263369711127,-1.9653232571738144,2.14049882956062,1.1668123444502925,0.6931324866441537,-2.448348626523625,0.4132282230447295
4305,3.112100889596938,1.840974060502944,-1.8888920715818251,-1.9737155721495405,0.6756338090577474,-1.7661011154250268,0.3678838946907703,1.705846867811438,-0.8626875820558269,-2.3854615513450863,-0.8380478634234612,2.0124662343235435,-0.9408488308630183,-1.431500011014661,1.5252958494313056,-2.2310797012493317,3.729962355754356,-0.6518296620580948,-2.2666462645742946,1.98187936115084,2.232636435903732,0.594725953171916,2.3511666900365693,-4.89376217569016,1.3589431955368703,3.0761168919461,-4.08983135619664,0.6976549758350998,-1.0413657627509831,-0.001517944368071511
4306,-1.5270033129619023,2.2052093020300845,-2.082190008359426,2.8392486130892607,0.7110909764133324,-2.1463555702101447,-5.345050893666972,4.908756979778207,0.4709221872495535,-1.1169489991272759,0.6193668381854192,0.46295388758244727,-1.3278295802789764,3.8449953846180662,-3.2312561070795223,2.133271529318158,2.2435667166595294,-3.662747943236722,0.3034757995160575,-2.0896032288284605,0.2992924204988334,-0.16055033813196484,1.4982405949011692,0.1491447520429432,-1.721183420322454,-1.0374103789498221,3.4623564819780306,1.1929843667228361,-2.4763624591178868,0.579615409691641
4307,-3.371077460499718,3.5491579185211144,-1.6984616458904966,-0.8414834074106885,0.4113177221647475,1.9505468731162505,-0.029663588842499422,0.6423518437761544,-0.3112222139221945,0.8119051510031223,0.8371186879888537,-1.950489880002035,-2.583029810079335,-2.2282453787897367,-0.25271834264365367,4.1895304828324775,-2.3091464933224213,3.183609542003211,5.946784947160168,-1.621217076888037,-2.3869008988827822,0.21388057638983948,-0.5577857143181237,-1.594761833462485,0.8839208942520926,-2.5149834025235016,-0.9753201982758561,1.0703995572745884,0.19460388759158675,1.3413792616834108
4308,2.950607342663357,-4.059629719954756,4.158698350492166,-1.2013098921614187,-0.5798381503323813,-1.2685279307057815,-0.5706381040358117,-4.1647058392522815,0.5863850640636805,-1.155283621678608,0.4292690755644699,4.874973425339935,0.014700991360133031,-0.6318696560475985,-1.7952301898144878,-1.9143132148008952,2.5630210269497304,1.7636910423536634,-5.319561714113902,1.0100177459151567,0.7165422631751532,0.2514586919237285,1.3924458419744816,1.949097171123988,1.7501082355183115,2.386393611792222,-4.183410904267973,0.07701964092255231,3.100940470737374,-3.1310510547001478
4309,-2.1140296356593833,1.3535879133244322,-5.734480880504339,4.035089757058838,0.5578106945687447,1.9020221512129059,-2.797226499386273,-1.9103184902896295,0.9471760722451394,0.5231727609984791,-0.8123479201213133,4.049544076555009,-1.8247846794441358,1.250987026669442,-1.4594509764288883,-0.09256960412400872,-0.7240878480728199,2.849906081400956,1.4794218146834694,-2.6763803264831427,0.8074871768586362,0.5299762051597812,-2.435526650140117,2.295021779919942,-1.8637885144197526,2.5958883698958886,-4.970975946953448,-0.24441273755302007,2.4804908650577,2.0027979639749525
4310,-1.6084971137106177,-2.022389475526058,4.474657887004767,0.40678015997958994,0.01245234577423382,-1.263003803520709,-2.958105191331068,4.048755584492216,-0.7144448709270037,1.9498368193230355,-0.1324211055081781,-2.193621236047619,0.2658919526804908,-3.4658196539879853,1.7618823246613395,3.601997600637052,-3.8929595759429017,1.7290073519525286,3.8464814073894757,-1.0983819755320567,1.3746811295896144,-0.8498076605215514,0.7350406059419772,-4.00801350686891,-2.125166770418133,-2.8448264461577075,1.846866898149191,-0.24037219797313547,2.1017649666941765,1.261733549707941
4311,0.17474881462726444,-5.293916021673169,4.899147080020629,-1.8972725031074518,0.04610186554271456,2.071190764591215,4.1525721671190645,3.0141833076365785,-0.5349890028061397,-2.4109156654557324,0.22924134289028775,-4.450092149382687,3.0745909720542848,-1.2361748957943206,-3.167823373896269,0.2166716803401627,3.1038018396235287,-1.9910662223268627,-0.6050196115689133,-2.5012738356777184,-3.842809463930193,-0.8345761573953707,2.7883109396842443,4.995368128886497,3.225183331958739,-3.9941027098084234,0.35811329762033495,0.5899955797135918,-1.5309577548401503,1.3517682553582375
4312,0.8008976697233479,-3.8384830739453335,4.7133065617783885,-0.5527064576261189,0.9594094460424065,-2.0824241459714905,-5.439435954218265,-0.238372433094586,-0.1722343042223793,2.056713483150844,-0.5905321226559863,4.383861331041729,-1.22109777184329,-2.652808523891668,-0.0859759456061866,4.247467725539831,3.205509536391407,-3.493095020589543,2.450945959460377,-0.5268953675407886,2.9084753836122843,-0.5415102464157915,1.714492565375112,-6.005508294492657,-0.7578529206500164,0.04558545828618321,-1.2180669877701575,1.1901454372310827,-1.1229027511974987,1.8630917641027516
4313,2.1856740922426674,-1.8228929586601588,-5.452881327681666,3.618087541895264,0.4101909702581228,1.0618216819470074,-3.5014147372104567,-0.4650440821325006,0.858695263908043,-1.078521503354656,-1.1648458556691903,5.351130914460079,2.98298860272077,-2.043925884709804,-3.6186888033037476,0.9313436017132872,3.3707621109327945,-1.6224796273527282,-3.467405963511755,0.24978350288530216,-2.429594350508447,1.060039809802844,-1.5794827700968792,6.16665977142744,-2.5797362123605154,0.13385819070811777,4.304326762361505,-0.4101337026048757,1.22165114931828,-2.6699661874201457
4314,1.777104377301729,-4.9282188512380465,0.6151124603795921,0.20881117781441816,0.009639700670057039,2.317551135073508,3.478947442077331,-3.214754777157779,-1.0117820131575033,1.6762425504721712,-1.115403350627918,0.18675014839501713,3.2307888627125436,2.7215929422018235,-1.619244362290896,-1.8501354327036061,-3.5474564017383976,1.0644543918190905,0.21232474157083203,-0.8655029836024077,0.11232909197158847,-0.311934915804021,2.320528491812505,-1.467744425949995,4.565264329239628,-1.2872186427885772,-0.806914685320983,1.0014029831216362,-3.106119604691129,-0.36641437955819356
4315,1.4419337821990403,2.9697385655394584,-4.834404582778944,-1.3641788270345891,-0.08689435263414591,1.873805414710457,1.0520927338658161,3.6890993423134333,0.6331254724585742,-1.0059440569649691,1.115974271421658,-5.484347763093194,3.3204285010081875,-2.690662192164604,-1.0494992821389832,0.45711457349768736,-1.3342683979475982,1.2968867977458842,0.26798388115133065,2.8187356597031368,-3.9033836351019673,-0.30756870527432856,0.515870036582033,0.6083627629383273,-3.4866248393180825,1.5071398853279732,3.3796918354720233,-0.7994065514683317,2.78066117621103,-3.381461506222241
4316,-1.5211053783839006,1.7458584464697715,-3.5810022214671733,4.563311647317732,0.6274615258047485,-1.8345240197399058,-0.8961533790482932,0.05025772737406342,-0.7994939568503998,-3.4515880100525695,1.197599109494095,3.8993785090844497,-3.1713106559695383,1.8104861793249007,-1.6862366118499956,1.341557785522138,-0.726303797250818,2.431807100223889,-3.8204370284518205,1.2832353907951966,1.0568501054868378,1.1253895295957568,2.8556224099525522,-2.500660407379989,0.5306424062517081,-1.624248085116033,2.8779977439758113,0.3462944626733382,-2.6161849321461084,0.4854984043636552
4317,-2.3189628492335483,-2.375039724956139,2.1336562550737668,2.152052757617689,0.6762062362424204,-0.26791267474292013,3.132309639399626,-5.8587510602747095,-0.15073180483269333,0.004426278532195127,-1.0195397902900676,3.8922867374670247,-3.9707918628572862,1.687545396117045,-3.5721735599858278,-1.1119787012089315,3.3727565554240186,3.5946421725115734,-3.205111450507104,-2.7767856778847477,0.8775937669081166,-1.0577746320509536,2.6308198504165787,3.531258143116645,0.11940221799654083,-0.7882799443292647,-0.1410986670826233,-0.31484098597664634,1.0162064116971372,0.10861096769722067
4318,-0.7077117595285074,-3.650018866991118,1.3296348719669417,4.388299920367668,0.1326909825150806,-1.492895148328806,2.746249915097451,-0.29745475931193965,-1.2489502696989243,-0.6471072318992501,-0.03317187334168459,-0.5195657808442498,-3.6079757703092863,1.5402239569515572,1.3707380359119412,-1.3778774320567777,0.056154487006232046,2.018736722496932,-4.684500832817914,2.1153338717527177,-0.17513217115876678,-0.39501123953808737,2.4948969420054485,0.6444134297551685,-3.80216767074252,-3.9119711832861306,1.5565738281832573,-0.2842009130540406,3.712295821448187,2.7294701174536087
4319,-2.9602028035531607,3.469487055341375,-3.315004113704216,3.557049985814853,-0.2592853349899318,-0.4920447889076538,-2.716167540981722,5.506503531849603,-0.6714368785132727,0.4673563231762259,0.3853289543457521,-2.97158438987519,3.683145748208293,1.0742109085386957,-1.7247698947425754,-3.1477337417339726,-2.6023184607446694,2.717465440474804,1.17243116353065,-2.113162297917448,-1.7922244106931533,-0.3608724651065387,-1.4463817553135758,4.540209765498627,-3.95609093347689,3.3158608557963127,5.6614736353735715,0.08959789854546596,-1.5585139619512454,-3.552327494284828
4320,-2.331250450576718,-2.791042007242627,5.815074828451603,1.8159909209539329,-0.2884067978147602,-2.220366493770129,-3.698940153721402,-0.22635062447722376,0.28430638392060814,2.791720771569949,-0.5460390232393753,1.395302645948835,2.795768159308391,-1.38135321692344,0.7010396029402521,-4.104961398952776,0.1654005911078933,1.824106262520207,-1.9074825916086162,0.09648467651926751,2.912773319269121,0.9050704548956778,1.1599451166039074,-3.1667909756807973,0.9382037480902916,1.8025632298797518,-3.116340167396416,0.060442355534032544,0.8557680069482991,-0.5406371730535451
4321,2.1544831679062426,2.130425337579016,-2.364749421945369,0.11437492791045756,-0.7242139789557984,-1.3103200324932462,-4.641767418656379,0.6143837319084078,-0.5268592018040783,-1.0489196768651752,-0.013180006440726366,5.616342571859374,-2.3498559523637326,3.0787113072765457,0.7704647576029622,-3.7037698022342944,-0.12498519305503208,2.329434882774102,3.748961691087352,1.7215334098761534,2.425995842228623,-1.1588182322245113,-0.9897188705083177,-5.747953840460713,-1.073717642330685,1.0725947573431789,-0.09658966374755806,-0.9022366327498288,2.399001356825927,-1.3990521753386211
4322,-0.657663877690787,2.3444504629392,3.3520005364533887,-4.628450428872778,-0.43236997427616775,0.022033281448466724,-1.0509436851076401,4.971302145568647,1.1608836987799132,-2.54886237119012,-0.7293448416192518,-1.8030349464301274,2.253545468960052,0.033143057830010036,1.566562279156905,-3.468791250076025,3.329964263655537,-3.7144238195259422,-1.4071235868748033,-3.0066728063109256,3.8019112536781066,-0.15611615762938502,-3.0712431186079794,3.839244415743572,0.6130036868699165,-1.1280362586761683,-4.813280641746861,-0.5240568090485667,3.5005653761405604,2.351804646463499
4323,3.4114206821858986,3.230421024531939,-2.5578193601410035,-2.2657894379888255,-0.4374894714740052,-1.380743437112649,1.3468536712230588,-0.2888036634842557,-0.4615417460039115,2.736418514635112,-1.126507109752588,-2.2064196666160214,-3.4956965797888824,2.0944345794044814,0.972356646334184,2.6545294433794098,-2.961632439520274,0.7360083501916268,3.731138559668967,2.0012017048053146,1.5929040885217312,-0.2683577258909935,-1.9861593959868813,-5.070727231119559,-0.18357542955322614,3.0907646156725157,-2.257576703335026,-0.7941793565380761,0.2697293319504226,-0.1251624581942572
4324,-1.9454294332102418,1.5763787751543603,5.372506196971841,-2.8071905039067353,-0.6808109227524284,-1.5154541122554441,-1.7666242358330848,4.337924536561747,-0.17271509430011633,2.444516864904781,0.2715243336712563,-5.114626405003204,1.688217346691033,-2.628509413051768,-1.1568554665885546,0.036245700213164866,3.832397939321506,-1.7714961065848556,-1.8223088972062484,-0.9746505879826746,1.197004887299702,0.1996019137432281,2.186297406026254,-0.7859447218816946,2.803007344431908,4.866195598344124,-3.5259596650273792,-0.6358863386995406,-0.5828920654453782,-2.9244648736013446
4325,3.6467494600290387,-4.013529929124665,2.7202311364612086,-0.7063329297991849,0.5106148804797153,-2.15773261804474,1.0699165829432609,-5.127665962477369,-0.41336074536510026,2.897957858288045,0.4379891350881975,1.135163131524365,-3.6787859060875086,-1.623776415268555,1.1371946804602935,1.5014981845797628,0.3966829524722897,2.2671865038442043,2.7181074553949855,-2.164865486901549,-1.8696597853178272,0.16474759623615665,1.2056767815386618,-0.054006560951854965,4.597711568707915,0.621628602425524,-1.539862812511629,0.3094068433593167,-0.46618239742351975,-3.522701804555215
4326,0.43271203051352813,3.4597709989276915,1.3677950367052247,-3.377187912147267,0.3359086565723697,-2.218998810570181,0.4778892308841911,4.054540836605479,1.0248222732666967,-1.5853795106480888,-0.9043718258783144,-3.0675010042285606,-2.398385265152715,2.0904680611977717,-1.481915584463854,-2.9830051993413136,2.5126856688998274,2.2601523188607793,6.073544756063217,-2.197452771042151,1.683620056523683,-0.577616783621246,1.3801949874657637,-6.362290245390671,-1.1439308009030569,-0.10065787796034442,-2.0783643617653844,-0.6607601588359202,0.66987685631074,3.313836343156364
4327,1.1365405686249268,-1.9557904365449197,1.5813877787992432,-3.0470538076128086,0.15400290895774038,2.1309129877771955,-2.2216788208513307,6.23997670156103,-0.3835012890205558,-1.1624646105233865,0.21900068662040262,-2.6913326677847493,-3.414510186704403,2.447578300819579,1.235412186843913,0.7421431731929822,-3.2067285448731315,2.1961050707215257,1.4349069433694162,-2.4845735622555853,-1.9729448834542787,-0.01940495123765018,0.21180072088750101,2.830215732689158,-0.468228247202525,2.9309384603605118,-6.200162925081418,0.6324750382339666,2.074578731529055,1.030398942162794
4328,0.6505257772500777,2.0329984413995454,3.687045054376135,-5.580586838906147,-0.8859254663634162,0.0959430322451773,-5.595044331586539,5.610119928676681,-0.8434487135370485,-1.8252125644571713,0.7723275613709442,1.8812581195345395,-0.7496247974892931,-0.7960257306126906,1.089717424185885,-0.6265207542154272,1.3034339464788225,-0.22098008834685778,6.1216574894188724,-0.7749363124040087,1.327818805116518,0.47174166779899274,-1.057144173353116,-6.089137476578703,3.3861851225601676,-1.4252237838609219,-1.7669721902447577,-0.4547013584121391,3.5972325878895752,-3.3365203779295243
4329,-0.0729638351660018,0.5563498718629667,-3.5604659172997373,1.8754780591734779,0.734194513651568,0.46740730777910855,3.708218475270801,-1.2912378420792123,0.7748552977822749,0.3086929346443217,0.07011835718805681,-3.5706472228048263,3.0263056833034803,0.3521508436940799,-0.21209973756105782,-2.3095383345858718,-0.8955401661203979,0.03872171127018653,-4.670780276636744,-1.945807224332368,2.051355891621924,-0.45148051763589336,-1.177997313198988,6.194709440180631,-2.4214213075788216,2.0307933369603184,-3.469543313650206,-0.42326375508589464,1.5470651365277526,2.7363699028292388
4330,0.38748047110349226,2.360999032605612,-4.2435666924191935,3.213023648425505,-0.8047987999863324,-0.9131376597276883,1.474049005117294,-1.9636636624919284,-0.6307632305565036,-2.556231989964683,-0.17210437285335445,3.8487142507505716,1.918739834718128,-3.438371432637757,-1.8628013078762606,0.701252927321736,2.772920338705344,-0.09174036023079069,-1.9058782195299884,-2.512952577349248,-1.440617258642007,-0.9625948964479312,0.5891563814705592,6.232886570497186,2.3179113692523607,-3.5693739487135616,1.6894549217809605,0.22995440779492338,-2.022010321307615,1.3540635711953577
4331,3.235185957140807,-4.340471134140266,3.8985811971973092,-2.86183533186491,0.45729700182968,-0.38875769016122064,-5.40761609730848,-0.8323739337849396,-0.5871271614800042,0.9659289930186077,0.24377143362336096,5.617416765932838,-3.804543121803885,4.186548424128617,3.4820610087709802,1.1530499249744537,-2.395928458850962,-2.6211877772188004,-0.3897409346879357,-1.9639881340880176,2.977604263353072,0.021081046298236927,0.5214944779888686,-1.1664507188656685,0.6840207540593681,0.2965448459269382,-3.3950200109516437,0.5822535359036829,2.1884871544278433,-0.3562862793638235
4332,-1.8914166830882344,3.5665934379831157,5.327442606680158,-4.672333806506586,-0.2968818716429493,-2.033403683424087,-6.172368217154919,0.9723975602374964,0.3421549377017703,3.2215183017133633,0.11433413967305661,1.5219632778306469,1.1039415328731046,1.0355651944513191,-0.8531838559026959,-1.477687760481004,-2.4357980112716184,2.627162900331321,-0.25341986222057855,2.599020296553661,1.993749852880157,1.1117559970084372,-2.9833837523949978,-2.467722531828116,-4.19022837945268,4.322901169700042,-1.0556674039190028,0.8568473464282365,1.6972182263424145,-1.6310709590966415
4333,3.451580243415581,4.56728228227248,-5.307224681626028,-0.40873543802354817,-0.8823809889306622,-1.4205214171064071,3.5022594409167844,4.722607240098711,-1.1376526634893076,-2.857665850072493,-0.8815510852247321,-3.347997082227522,4.068668105955457,-0.11079958773654752,1.0303635354118086,-3.1221151428594425,-2.9260843728612844,1.0599674620904445,-5.498843623066303,2.6505082135609968,0.6890909323627348,0.683243973675868,2.59500936033961,-1.1190088568743413,-3.4700053533972373,0.8089800000631122,5.745505713963819,0.16445711962863463,-2.1627470964612385,-1.086190383794742
4334,0.1196700810633633,-1.2772581197717372,1.8316163581336902,2.0803612691641433,-0.6556163734924891,-2.0987732150955765,1.3363385279450668,-3.7472322920468635,-1.247632362799716,1.7871523683001165,0.7609608270121111,1.1104129315907514,1.1258609306726477,-1.4618301612072155,0.9734359179032097,3.313989297194322,-2.6718311788653537,-1.2796248056971802,3.494011092908231,-1.2930886658642446,-2.133381610140212,-1.1621692014628073,1.0060331737026136,0.08859521085499722,2.5735093756407146,-3.2953253019871482,4.229481595740129,0.02727934087300543,-1.311842823851423,-2.223102186412916
4335,-2.1590144010433505,-3.7206440732694688,5.995868212260795,-0.4259316453967408,0.6256739517708891,-0.31595204432075263,2.459339831708906,0.21510090667580073,-0.9254918062930511,3.1647821286243456,0.9847642041426212,-5.898495264857171,-3.584212641289149,2.927834249745576,0.4496640241444432,-1.2220339308714898,-0.6528569120239318,2.081605210294999,-3.8160092344480994,2.751029701943235,2.8368970000868075,0.6431113055549593,-2.1891904869950043,-0.2258382861433219,1.6302392787719953,1.966433461569455,-1.3912334146592187,1.2133724397783725,-1.5260536590365277,-1.8927581064216792
4336,-0.4532684536801632,-4.690552349182013,5.971131843500672,-1.007698793116262,0.5944568603221949,-0.41406910784303363,-0.5054907443229268,2.064544186193544,-0.10158188808960578,-0.20829592217828719,0.5651386956709192,-1.8143143272721645,0.4203449106506767,3.964910678781422,-2.197313681409277,-1.3008136250030482,-3.8661021306444177,2.978973847625049,-1.970597600847377,2.9588556981098506,3.9938879280045256,0.44012627667609205,-0.8785094108422129,-4.543762891102283,1.290738331854378,1.2431534336429024,4.39981341690989,-0.563176254338221,-2.704821583803273,-3.6657073442632875
4337,-0.1290120739723175,-0.7947527279943536,-3.7235937893817415,5.759682372188202,0.41085429633628223,-1.5231780771747019,4.5398487107821985,-2.1023621175222367,-0.963503734231935,-1.5980129528367364,0.6396578685749148,-0.5156277747647025,-0.039209264269054245,-3.3690054609879247,1.643459237286116,3.738517643287569,-0.03350390290316341,-1.9402582524131429,2.664667993817499,-3.4694207448839265,2.0795656178074573,0.15940713342567925,0.485833072390097,-1.9200530725582183,1.0922059012067749,-0.577696591914215,5.91294461896835,-0.7292637663421546,-2.6709214723591863,-3.027268689557193
4338,0.42989328341648303,-5.746697353809989,2.3351645052227354,5.659470969577935,-0.3240054880144567,-2.3538259163912993,-2.0805826236573886,5.3286159962928465,0.3253612102660126,-2.196079715990786,0.39088041742032686,-1.7681952843295399,0.3883375981109616,-3.4065888479057005,0.615322467101624,1.9343384053658106,1.5454738380436694,-1.076883460715969,-5.887016225007301,-1.5872085961421494,3.170103236603989,0.6894159524726868,1.6159754068986292,1.9987302251727321,4.795179391764737,-1.5205200408719683,-1.1263333659376578,-0.5975504396859517,2.099750557054527,-3.6505261023213205
4339,0.01501285526232543,-4.901989542851613,5.610881874906077,-2.1776909224709406,-0.08431909854464403,1.5381048337001975,-2.117559556351992,-3.206861984270109,-0.0787786983332035,-0.8047544733839889,0.6405078714632708,5.567446840877501,2.757919129981225,-2.2343884745821807,1.5696678604855308,0.6311803458626208,0.9884354601170351,-3.7128143218638616,-4.824433089069853,1.4790653717680229,0.39496867489248544,-0.5102884123068039,-2.054279219108217,5.514966673822947,0.16054695605085811,0.35016329249036104,-0.004592656897770553,0.35217915919723985,2.7194385050106256,-3.577735255848946
4340,-1.1325147484857396,1.7086213758583568,4.434490419250739,-3.3878696190161364,-0.004708299403860305,-1.6180191282019543,1.231809739688682,-2.8721840158655034,-1.0209130099818808,0.6378441260776384,0.9542215454592347,1.0692216146232987,2.2094542474379395,-3.786773896252887,-2.232642112384516,-1.1757277524626364,1.7200493261533225,3.265640187509124,-3.077827362870053,3.3101723095824873,2.5059882134445175,0.8447780853214324,-2.192897137568286,-1.3902141079115395,0.674118675510087,-0.7751389822949797,-2.496213233301379,0.867794025442814,2.329569829098883,-0.6001303144530592
4341,-0.6976256913842391,-2.7218200566678625,2.5755080672167985,-1.0023761534652884,0.9566468198440794,0.8896670144579417,0.8348915464059772,-4.153735546000462,0.6912975556993377,0.6716381941352214,-0.005725986654504744,1.9616342364158896,3.2180117905312144,-3.9638972904558916,3.7018234226208833,1.4837171820654298,-0.9955291816724987,-3.4441259230887553,0.5827269314221084,-2.0614950953280484,0.22311259128500538,0.5147273790625917,0.47453394480421984,0.2663942487526789,0.40602430072998175,2.227089201115831,-1.1006418725470084,-0.5885133075304969,2.2814514132706343,-3.225409735036582
4342,0.5534052421194513,-1.6216104625239964,-0.9624244032706883,4.768640434967864,-0.7277790468471728,-2.010231764444047,2.5502092174901634,4.77900684550292,-0.49092709085573016,-2.3863606368190418,0.7226134228102916,-5.174541758127187,2.195294795948559,0.626857019389707,-1.891148744222651,1.7350409881251494,-4.0715003191803305,1.4054562599399532,-0.42597436744688366,0.4237074606071438,2.5520954978777652,-0.7587445174818006,0.46114008718697796,-2.2522241607446745,1.2037328367287152,-4.0028034274573585,5.8241105992034115,0.3537482388040507,-3.548568664052075,0.16978041677561784
4343,1.3157205181648237,-4.018390368875593,2.280207230445665,2.0869435095930164,0.49912543189819525,-2.1636063212247354,-2.2496385288722287,4.942872464142308,0.7242442483310594,1.9431883528876384,0.643811213796484,-6.0044777502838365,-0.5312212349717242,1.0160060720855455,0.04248717919047351,0.9385016742051917,1.1307600083275098,-2.596533698836634,-1.405477278381877,0.9162224958622094,-2.5522693156513263,0.854720324534207,-1.083651252988437,3.2704550266237185,-3.420476959906157,-0.8418064799290228,3.297940913908146,0.9024461990391446,1.9986492015646853,-1.9367528746744576
4344,3.591786788179604,-1.7700335361651938,2.9388308687213183,-5.494299770449402,0.2699776730046137,0.4637379767104264,4.007291310893709,-1.9680556145782582,-1.1685474524304684,-3.1789968658401406,0.0004049684668334663,2.3079036534897455,-0.6834677186556597,0.2594396203403697,-0.9659113553120022,-1.9513040782925017,2.2439146678720263,1.0973288640481442,-1.7260122362859143,-1.4103937164108782,0.9457247553044148,0.18820499627048282,-0.18846448796167614,2.190940689082069,0.29166332583739063,-3.0946009164177504,-3.75782177923848,0.5694533781581832,3.7165992768954723,2.274706714767561
4345,-0.24717710052801145,3.142064153765535,1.3351574332965157,-2.939340799179643,-0.014684371184779055,-1.2760193161682203,4.725680940846281,-4.6459727500036685,0.4917777811509323,2.5348935698116932,0.8432150296402439,-3.949594571444077,-3.3910892688489174,0.30892796457726845,-0.7540406235085122,1.5056767043999706,-0.15057663849862735,2.481101861879182,-5.379744570965467,1.6778134197094374,-1.2017732125010934,-1.0558051870082474,-0.7744082529886072,6.733917803752469,1.5566749101857553,2.9098754905600615,-5.558859083328208,-0.5254785683890253,0.1290807839200685,1.488706467053742
4346,-3.012380614674248,4.2900532984592274,3.416279904183668,-2.7995708634532797,0.364681504481156,-2.2590632289951627,-0.4307284110054077,5.45724605190296,-0.4642967049006259,-0.1367404274294195,-0.1168746851315321,-4.30860582343454,-3.179151471799795,1.1969503499391507,-3.8666099405873844,2.2835901930808653,2.5824081454947247,0.9828127238727973,1.367390161060971,2.1018143306729584,0.8634469526206381,-1.217560127231513,0.6567945114676821,-3.7718858285922465,4.697013397975301,-0.15447732855153617,0.5359423477199208,0.12272435589154185,-1.8343621997785746,-3.366840573254258
4347,2.5376996043603803,-3.2944078728307815,1.062107827657865,-0.17031541825784657,0.18102895813124942,-0.3161130990594838,-6.223307061472575,5.4539931260939625,-0.2808838727805689,1.8325697272583525,0.37992147268162046,-1.1622933917793468,3.513243747216489,-2.2717727302393307,2.67365572498813,1.1785791091139082,-1.8553059798769613,-3.2383998712018496,5.590468769680314,0.3655282772222552,3.1722667214851903,-0.5221043995771808,-2.7361422759103657,-5.8700170929017474,4.2464838533426,-0.7793002525724511,-2.3174726169802256,-0.9918658094141595,-2.533880416601015,2.3760352422276547
4348,-2.1399093764518717,-4.389068521190168,3.292753737546409,2.8789800462264026,-0.9952868181234404,1.3525309319940533,3.1108613319716234,-4.438631135384412,0.3358018270939711,1.734989776623749,0.7221559323243874,-1.465177732627886,0.8972137065912165,-3.2206781685028876,-3.648033584948328,3.286827104850744,-0.900282489679288,3.5849534316889624,2.723570085798979,-0.8612087526901462,-3.3321853518665243,0.9173508190227224,2.9910752045582285,-2.4386020048248227,-1.2645856682805139,-1.2499756227697887,-2.0834363856890157,1.1615159801411332,0.0816195735037013,3.3548621230969076
4349,1.9163425699580046,2.3109702858788452,-1.295397235046483,0.21147175086112924,-0.7325930941551495,-2.4107942774949374,2.027344473086213,-0.516159157623509,-0.6880388527346826,-3.472816922285345,0.8903106258119804,1.759359833746796,-4.070114743576298,2.384398230626843,2.362252053140132,1.2748234751504874,0.819224400332164,-2.7705834156728883,3.0888495423263578,1.974202987795353,-2.528668759023743,0.5184339410779177,-2.7348482593313026,-0.3179694528461603,1.0668477588130578,2.6677625936042375,-1.1124073454830068,0.14434334326109877,-1.7853271198768361,-0.9812192303161567
4350,1.0042253303223951,5.2431524522593875,1.3794468686550445,-4.658996687351124,-0.8026514997161922,-2.1651764641681295,2.5003945757508284,-2.718125473166605,0.8507390156496228,-3.1156341267904306,-0.020998512542850456,2.503624521100903,3.8111379252183823,1.1069068372806505,-0.4642038709825371,-3.4612958216006753,1.7496469263950978,-2.7421919963104315,-2.756773148382017,0.13160879678357773,-0.9959531520946836,0.3354386852305611,-3.0599593238195517,6.345638142280521,-1.7781002985311076,3.133203527213446,4.548596022507965,-0.8216509085155188,-2.8957312559740025,-2.186317086698379
4351,0.5927785254120703,-0.533590208543913,-6.229411186394966,5.874064153825547,-0.38919694438185704,0.6853556600844843,-0.9785530252430767,-1.6745141168114657,-1.0975998550314054,3.4476941124670084,-1.0202020165606074,1.3231749011810336,-2.7704493948535234,-2.615158330649038,2.5270032426995215,-0.7569124850149933,-0.09356699362057341,3.7090839614390916,-3.620695298786945,1.7927621256150506,2.960065384247528,0.9831489077393663,0.8154147258711077,-2.9306958446876834,2.1212925738685904,-1.6929844360068529,-0.33660822629958886,-1.0858188660892876,-1.4654711481256921,2.4595901026552127
4352,2.5127972542345915,-3.8272904437958744,-3.823746661765444,4.106297226795014,0.25101767888022497,0.7809249456528633,0.3134893115779107,-2.741047393138313,0.05278973915537133,-3.119142908390158,0.45844365689004807,5.035467593906638,0.41576473534823677,-2.0338290478600456,-2.2391989487943107,4.243184440075822,1.5450842688538131,-1.9310054476230007,-3.814911238243493,-1.8469319377638076,-1.0609741281832132,-0.40419625537822057,0.6870538248250817,6.439959734742104,3.0433704587457413,2.64349278953647,-5.3369822398185995,-0.9312867373643314,0.6609491905864928,-0.07954346168340187
4353,-3.7489516113145953,0.3181738925667794,2.400684325153737,-1.7158028033261665,0.824800684021719,1.9210955128999014,-4.359132847244471,-1.0411403375975752,-0.6225610613963957,2.1266642628368047,1.2274477574964946,2.6687222259066594,3.8895411246062785,-2.8960375650543924,1.708916252358918,1.237512139413262,-3.8496743189951115,-0.09025763232846273,3.5424569263225116,-1.1841195938543887,-2.040511192655755,-1.098520319901949,3.177601539399575,-2.3969073593115446,1.7022558158073906,0.677554163680945,0.7541200335450036,0.3551815981010149,-0.6913366521770765,-2.797774958954914
4354,3.69236803154374,-3.1868604919949455,-1.346654921782232,0.4552700381067112,-0.24580461780969332,0.6316819619377991,-1.0592490057163815,4.964957553279781,-0.3113869214069487,-2.3656141117956935,1.1344556021821335,-2.363163116541415,4.04356299939872,-0.11414744254107845,-2.0104346394357666,1.9953727568148238,-2.1834225598114863,-1.7309311144247737,0.8511841682928143,0.7040236801913569,-1.4910155781667669,0.9280220171096207,-0.5760729016259951,-0.4161413858025824,1.8142400903479086,0.5849733389437013,-5.072508480204888,-1.0910711121297223,1.7657639552812334,1.9986022077640655
4355,2.127490102419749,-3.723616484597997,-5.186230316006672,6.184106782893828,0.04744294792390624,0.5508069673686133,2.9118554941324284,5.089383992558897,-1.0125942941092125,-2.2888064659357674,-0.3808904276891685,-4.318948298955693,3.1018959160507364,2.7206178301028885,1.600551226214595,-2.0134712863871123,-4.227299352306618,-1.1822943336740401,3.2807125303690796,-2.774345413825067,-2.9779569512578927,-1.0545942895323694,-0.3094389028045157,3.835623027049227,-0.45437473710661536,-1.1653367069282616,-0.5368238563235863,0.5088079846345828,3.651187092695565,-2.003459776969409
4356,-3.27752148536886,-3.101689808724636,-0.3001621548802902,4.277415332259132,0.2731913454794941,2.1287667712365774,-4.322617647139577,3.712005912281626,0.2866905899256107,-3.1575240024543554,0.16613470455563473,3.315310442832544,-3.788383867166912,1.9882201255967331,1.4221681419342183,-1.7848595851312794,3.7027759082546723,-1.539920723487004,-1.617704932819823,1.9602653582032055,1.1722072966298214,-0.7422052395661058,2.174617349696442,-2.947179832145075,-3.056856154139357,4.188096909093783,-5.890381298601316,0.27761763671437123,2.7829982901408385,1.6985246167939465
4357,-1.2866165011504869,4.22216914794436,1.5059173966426052,-3.971985734207415,0.44378248814385035,-0.9132667973714863,-5.559437489272021,4.4566073680571385,-0.2653374569463747,-2.3866099748411873,0.9227053253350785,2.8320722276688457,-1.0948787056066838,3.4900533025557827,-1.6661594481327704,0.32353247113498185,-3.79573606907587,2.743188449125018,3.808047958804252,0.30229875806297457,-0.6762670836387201,0.4496680661419674,-1.594240048999886,-2.289507650372098,1.4749559233425416,-3.631002124403903,4.964088527440627,0.5648510377254983,-1.5053638047303526,-1.867529559372091
4358,-2.3351816026310246,-3.9134583349075065,2.241610935031403,2.9335775803886754,-0.5630329114024508,1.6364843335223505,2.4489589507811473,-1.3434833196803382,-0.9282201479616345,2.9829177243143334,1.0737658375828438,-4.233939045034859,3.074900512386961,3.8669324862737575,-0.14252073429475587,-3.2186941047714477,-0.6475808190946104,-2.933037340499462,0.5910821714777725,0.0774880394776929,-0.4074537381275558,1.0895876896801413,-1.782164457534794,0.431460295025218,4.795357381862065,-2.5570931903055723,-0.9859432864910467,-1.107763659266766,-2.089723026007462,1.9451657802110809
4359,1.93980153254736,-2.657648987193742,5.177327987819684,-1.9167504546450367,-0.5176783636827358,-2.0250517148441025,-0.13043446957828309,4.038652946586261,-0.6650208611774522,2.173569457186524,0.5358402532494324,-5.952607326265017,-1.818479507155132,-2.260773884245788,0.9174516470690293,-0.8300989775980625,0.7283782793546649,3.2635224425757414,5.013248376499465,0.5306804350804288,-0.5956168244260969,0.9592788017961666,-2.708150868044415,-3.1994399209070714,-1.7856981479535925,0.47130746312237903,3.107962992675386,-0.6756177761908004,-1.8683123331668785,0.7503578015157863
4360,-1.7170193243234522,4.478010078826824,-5.485099951904051,1.37009024853932,-0.35523810126784117,1.7092570501305957,6.032749848774387,-3.2068971633441663,0.2704487681050409,-0.38530560683792636,0.5812156844222436,-3.292211531118106,-4.099720252450737,0.9737497854303108,3.1040868245722955,1.2128303935860494,-3.004511109953947,1.8135643588164498,1.1561848906727654,1.1862031175749443,2.2855691492538845,-0.9250817509587836,-0.471149543598802,-3.231725862945517,-2.532164216893957,-3.9986543752258648,4.142056223622028,0.0460592538123521,0.1751021636312995,2.1676009510564214
4361,-0.05509518424766213,-3.5946859692172666,1.0418073723783792,0.3619225258977252,-0.077214896870897,2.323266152061114,-2.026464428804857,1.691495650826198,-0.561594071772948,3.515109407151151,1.0174522414629994,-3.635998798861067,-2.7628272123622573,-1.62785493198367,3.468848631926079,-3.7382086417615845,4.217781076384124,0.4422610777977045,5.7010972447908905,2.6633666800337643,-1.5658293970236912,-0.041390880371776184,-0.3395643000611006,-6.417679347369589,2.0007270882741928,1.5542439153754266,-2.4553818023226768,-1.1565741348234049,-1.0122369707266152,1.069221904225376
4362,2.7187466110960408,-3.2388688371530954,1.3987991157420794,-2.135566327682451,0.7947241623616912,0.4621652756371315,-3.7093637312394208,-3.584274670177205,-0.26166589058121215,3.3862786214165155,-0.20723825868529833,4.376263929268056,3.51595198471297,-3.9482785543003907,-0.0035683098679939462,-2.679365585523616,2.4844123687218413,0.6308480962575906,2.921747743412979,0.3125524105810982,0.42076999595439446,0.9442508043291431,-0.28861539902649547,-4.310705555252607,-0.6468619678054708,0.9283969733558024,-1.5089344833630634,-0.16328381414488113,-1.1198076693409877,2.510490961300846
4363,2.79760088256738,-3.414246949412,0.7064298124312316,1.6263027210669527,-0.6425658332426125,-1.0735206334095597,0.9523477741246005,-6.001219787274021,1.1292178059229814,3.3261626431518607,-0.03811727687606492,0.6316088409520617,-1.0105031011448062,2.240274566079279,1.3714249157860046,-3.5078176860782353,2.745374636938525,-1.8387533315803903,1.4793956168987101,1.488304347549862,-2.768317647223908,0.683072524461676,-0.5395893140019545,-0.34286552768586276,1.7548824898751008,0.37941028130167,-1.1842273288075518,1.1158688088340663,-2.0694520993390455,0.0035178481380224724
4364,-3.746801004385466,3.6854705545910136,-2.0885066829569894,0.22581795937228222,0.9021495132259867,1.0218696601545698,5.704192323023129,-4.168257618707418,0.971911807689426,1.790554172986031,-0.1643826200480083,-4.134018064941721,-2.4892391415585244,-0.20335998727724913,-3.7517538390406564,3.619794288378376,1.214059328005611,1.6104993514928019,-0.204422678629399,-1.1385501887518306,-0.48620729728566303,0.8437828277259278,-2.8985087495426978,3.883906086482199,-0.829892740506903,-3.558143313289346,1.4886612109291022,-0.5830369421554904,0.462174825879492,3.0202369591453966
4365,3.52389232380418,-3.2489988991736,0.8865863410918102,-2.6758838443120503,-0.8103364161226316,2.3247404947137067,-5.621388866825516,-1.9583626133239491,0.1668838375606594,2.570637745668776,0.5583538767999716,4.283876020121468,-2.2107829508236545,-1.642119860343655,3.535778365769634,0.12425107967474602,-2.750594044677282,2.943467410400622,2.144508394577638,-1.596722243808987,1.4159125914651511,-0.21468473827871204,0.5051679151832325,-2.254181919139814,2.8373456164796096,1.4285242447766997,-5.011439151240481,-0.13785661849981956,-1.8702569452248277,2.7536828537110765
4366,-0.30637633482905713,-3.599794309924153,4.963291090215829,-3.0370521678013205,0.9856328368389922,0.9942988855011556,-5.415228367798477,0.5695342475550937,-0.0674570768077265,0.3260360199639081,-0.7913091782313835,5.3784243553200035,2.1848707741292586,-3.7183047068058546,3.2215917898956086,1.4295678616382688,-2.572437652556996,-0.5452880662998787,5.7986699302719416,-2.3298836544436003,-1.81570028983141,0.7976687526118704,2.6977621974886077,-5.148516936098872,4.274490981803147,-2.9309524369956073,-1.463033033083338,0.65601960865646,-2.768717454229243,2.2321923338508185
4367,-2.299026549008838,2.0207589155322943,-5.485471314285373,5.338125121556484,-0.43343746549255924,0.8590512916994371,5.1139806988154355,-3.1037649234896136,-0.10724188927622347,2.7283478159925387,-0.919522691654068,-3.7117990103866525,1.9717262169641963,1.8211784229285612,-1.5047899641566023,-4.215541413406797,0.6587994325923603,1.2686273050786703,-3.9005112645282125,2.266786746037255,-0.6069979624273287,0.39538677174584524,-1.4344445703291449,3.2797802795001196,1.3373242353423471,0.7807707056152431,5.514467780332726,-1.178088435561254,-3.118584174789765,-3.3358901109371057
4368,-3.0858436888376346,-5.454280036264297,3.7568935258136733,4.7289285833052475,-0.355760507785007,0.41006212376948703,-0.2976265407443677,3.3343741437048138,0.24795677767801472,1.5756804794285628,0.755880293584589,-5.61626515365019,-2.5479055768446237,-0.5361679599393554,3.6216357771006784,-4.221667414143333,1.8211064138254436,1.8629987600016022,-3.9522460166405686,0.36822401351698986,-1.2303696904964418,-0.6979492679502304,0.4534600627292207,5.058880898839568,-2.5945232792103035,1.920044811499558,-1.0579508120805485,-0.3518722079646155,0.11631410251231955,1.9679873852457774
4369,0.5936376549184903,-3.9487676434438654,-4.053771056718677,5.182305727443499,-0.2602395940729918,2.48683491187505,-5.304404845800793,0.8523457106171648,-0.5920111729911905,-1.762325844226556,1.1073872819443924,5.6990088704584,1.2154538648731936,3.8855436594205806,1.9413683524241776,-4.224669627634292,-1.964684061096019,-0.853012187987229,-6.138045540148369,0.28888633988247747,3.3457416149608576,0.34025150523854997,0.20322290721743919,1.9599431728475913,2.1734018365706156,-1.7626131310902942,-0.42426673174387375,0.6553077634747861,0.20246166237246577,-0.8442913995814934
4370,1.732015236826566,-0.4176308159414539,3.6702726538438775,-3.2907525414644034,0.5711550338383966,-2.26505956710149,-3.109215630305446,-2.205472608383264,0.9087757933818068,0.9268976935500834,0.5378879003830663,2.9411268513751985,2.3389633341170892,-2.488222959223558,-3.713597944558776,3.635493905091078,-1.5722552196647097,1.7996188842392797,-0.32148076286883054,-0.4658775783801534,-2.1260599682719956,0.6868307436238617,-0.41611651313479037,2.6427040790304765,-3.376088831781118,-2.226111753389489,1.5105798611831958,-0.27085615919579453,1.847510656267687,2.514966226917746
4371,-2.5749073773193256,-0.379067749081905,-1.0569899482901484,4.38365602368032,0.6514341987515921,-1.0241251477390563,-3.5063010363516547,3.6520520923738395,-0.5529285439222926,-2.219006943049477,0.13435794176934746,2.491826489181644,-3.3946211586114163,1.4607902146420457,2.249126895435669,-1.6331730748286528,2.5487239690803776,-1.2308468457176147,-1.8501586811368114,2.15165281974177,3.542965931595976,-0.601288474468741,-2.72470395155608,-0.5184676441775409,-2.8531743741052473,-0.23092052450787293,0.8657095407326949,-0.09538184310797604,3.6641604862287274,-1.3503932852381304
4372,-0.9099724887195872,3.299163827513919,-2.1315194853685497,2.130660780664357,-0.8580189792290498,-1.5303136548596132,2.912244887294218,-4.23077304062269,0.19454358826306528,3.1746978599495215,-0.2522912089650129,-1.7984220859176574,2.073934527997455,-1.8641522900875973,-4.1387120838625115,1.1168722835822287,0.5233705959735069,2.2886869663973215,-4.615112347437869,3.206472891138052,1.0034182567201952,-1.184546734714064,-1.4630287543179783,3.052796688610247,0.548566527243878,-2.5543399022793736,-0.3959824369601215,-0.4522634020980991,-0.3970497997879203,3.251069013883807
4373,3.729181119903714,0.041718926435667214,-0.21581257517037145,-4.351188418923051,0.08375623575663216,0.7123447119988615,-0.5961301515912112,0.7645817945874462,-0.30399572184278867,3.1773605077454192,-0.6890778345478337,-2.3527385943495247,-0.2900094729026854,-0.8381668292598867,3.6250851946695057,1.605649238959849,-1.165581080465449,-2.936977051000948,-0.5821342332783459,-3.260649974651386,-0.5394264420149995,-0.33336142207881014,1.258963859355049,3.4566082126670814,-1.4477582538466898,0.29699928554110855,1.9890500113220178,1.0774464511038362,-3.0910759665416947,1.1753384724235794
4374,-2.010115011332184,-0.3185360089217184,-0.014813039703028608,1.27682585569136,-0.972746233547291,2.0393844378143022,-4.093990984924211,-2.9864810387202674,0.1449075423008619,2.8032534544326104,1.0955755832786833,3.0367354436338054,-1.738915252900993,-2.357260147167736,-1.8058993588915193,2.098704701201921,0.26916708305806125,3.5342029747006727,1.4759311906966808,-0.8864791045432039,2.3120817258086284,-0.5715208709519386,3.1879465099824387,-5.517959450994034,-3.3719617344175568,-1.3770269550027372,1.4392580845124243,-0.6551319320207849,2.1271694627532796,1.8376930741775475
4375,2.088998940847553,-0.17804521575959242,4.1386365531317075,-5.724155890291119,0.18122044357095524,-0.5066548314980448,-4.3824923100017585,-0.5811475171160332,-1.1770305456692363,1.165893403041931,-0.6680680270014427,5.642844996748007,-1.1558437577881762,0.5113348552210617,-2.9209749547732287,-2.95688204120078,3.8225812823894856,2.69978461615203,1.7611955570273778,2.384581520233347,-2.034174247783266,-0.9241163432372979,-0.7430898872407745,-0.44439659900078965,3.261943583104742,-4.952198415088555,2.287313358078034,-0.9195513997622271,-2.3849090941503874,2.707401967820566
4376,-3.3884985811019916,1.7163336264667564,2.8386202248570527,-1.375386406538663,0.598641136250428,-0.38970999993212807,-0.5479741646020599,4.523704539759731,0.4117604161394075,-1.5783225996403925,-0.611424710942785,-2.1977434807124077,3.6970666277508606,-3.402957989944152,3.800831533953847,0.5826794275757088,-3.129897604665654,-1.5477219946702334,4.474405407616999,2.489890102299192,-3.3914434084052356,-0.606659734347164,0.42342752469893874,-3.389619891864143,-0.45805139202583334,-1.7251198957563325,-1.8527168320381016,0.7031401071796619,1.7122924717150134,1.620455540927754
4377,-2.2367029557723743,0.1988752135734977,2.3020953680497094,-2.3064549808642347,-0.04324298839969076,2.085430343414531,-0.0007805001925049737,-0.4292142847523017,0.6718098199000551,3.6062765545762794,0.25210209726954247,-4.100193686799567,-1.5579572327175182,-3.9354631613441313,1.6033625369730444,-1.6878711092337308,3.1613544744323505,2.4165744918903442,2.611325838292899,-0.478419349438413,3.3223060899926793,-1.0734874613666712,0.31295882749667925,-4.694683944978589,0.40737532532920184,0.9499256755756171,-4.4378684526774705,0.15427088400477018,-0.725967672786842,3.652264240556903
4378,-2.073065445209405,-1.4436061592123188,5.175187172093747,1.1865088000813238,-0.3654682343573157,-2.4795561333946177,-5.80405310550103,1.54696920546143,0.09971673771807588,-0.9267329301025953,-0.9072304300056686,5.991330522431298,-2.6739773304113985,1.4592394284549393,-3.384295252069304,-1.2226469382814216,2.3249584229816307,3.496721669325911,-2.498408597603923,1.8855107164854559,-1.6100307518714416,-0.39826135777535665,1.2026296406966779,1.418560350067164,3.748796087355892,-2.173502338502278,-0.32293742447428286,-0.5963892370338169,-0.4227773169588076,-0.23318977038456623
4379,2.5761915625105054,-4.110874656251752,4.314691242320951,-3.175697334944129,-0.3973996712205792,0.7930888575864099,-1.5749316582976078,6.039173525135496,0.806268872966271,0.20281741625564464,-0.7760412541728865,-4.697286901885398,3.309809327448807,4.039538666812906,-3.7030935092087116,-1.0388235218067692,-0.48260633473313774,-2.124824628512732,5.065586083511224,-1.485089579012568,0.016308336739399465,0.5179898627336152,-1.5586322805079842,-2.5561624234650786,1.2630893279117288,-0.7499909416253239,0.9532611734344272,0.16872369644994656,-0.741375595235894,-0.8937076609327317
4380,2.342723626827919,-1.4901830468967283,0.18991271396584608,-0.7584118203842785,0.9909106327706132,-1.274952106281967,-2.055422244907529,1.010520253746499,1.2458708310700564,-2.805490353334527,0.41324457988436514,2.1912769335426248,-0.7872989973301934,0.20433983370810793,0.23258300862378078,-2.9443062006866683,1.5408728904829836,1.7538094652023837,-2.416242805667082,0.778181849282209,-0.44962383213226254,-0.3424828398059008,0.8698244764066434,1.5603431519150135,-0.17428703758897512,-2.693737420878822,2.5460145425727774,-1.023275922290837,0.6884953519416381,0.6567904862463827
4381,3.000696874548705,0.010623553177278922,-0.7081129273765541,-1.098772810944812,0.8388703379182543,-2.04330502732145,-1.9453064769427826,2.160469608154987,-1.1063484847163574,-0.7327998284996635,-1.074010793978231,2.697995975983492,-1.614447786980195,1.1837503397898743,-3.5672314483300394,0.40021303943039754,0.6934854178274712,2.9042304382628927,-2.349573234054809,0.5011049070534366,-2.9052477449525824,-0.8616416237747195,0.5308684704278495,5.084489225299414,2.7540765139338923,-3.267125729572868,0.3031506714990684,1.0455738401148462,1.9255479175424597,-2.761223213515235
4382,0.5156087119191959,2.4113793916672996,-4.928768439274489,1.4520023722784607,0.6193407472274566,-0.06956278381652226,-2.358953211495095,0.5552625056208065,0.1087726290358404,3.2766377108561358,1.1042331301811759,-2.685952764197417,1.008332291957501,3.9277236946669234,0.8577923023476544,-1.317909885372261,-3.0086770661800575,-1.4672613374193482,-1.7205959496873966,2.500091720292236,1.6326137546667887,-0.6326717712052048,-0.8767427654461031,-0.9026949886217537,-1.0086779187357706,-4.081185503058645,5.500189218874986,0.4556248980179243,-1.5377464307574087,0.6717957356610533
4383,2.1839740105277663,-3.2099314580330116,-2.8050181429443946,3.9226858308509343,0.3881767453824061,-0.4798869857822954,-4.782466627264043,0.2676592360826575,-0.3468192883624006,-1.6212607937048293,0.7338164557710103,5.749071017479029,-2.371607431065975,2.5614498770534446,-2.1899578688357035,2.6250005487838415,0.3483429136147791,-0.9732280395499977,6.038646636404085,2.448855231322298,-1.322977197959876,1.0350449259108645,-1.8746682180412702,-6.324901377637538,-3.351558499266101,-2.818691993548125,4.21993233685609,0.0283921505102267,0.40724160193770054,1.514684403512355
4384,-3.2859798948380963,2.1826453667297123,1.3456955998018891,1.9154709081081691,0.13545729861201572,-2.2932892784122547,-3.2862174795841597,-2.997595270192246,1.1876020457985135,0.8142497286770727,0.0052760652202081815,4.276684910082032,0.5562198529033573,1.9638174460346391,0.13013228197088722,-2.432190770366292,-0.9803374141321051,0.7623586035898811,2.686104907303509,-1.3032738811066835,-1.8921332675975506,0.9535044233073027,1.1751670693186576,-1.6193692512266615,3.1089323507517896,3.258963112068777,-5.909140717484675,-0.7525582427096769,-1.669111221162236,1.9629147185381441
4385,-1.4165973448485012,-3.4388559641644108,6.072026170120335,-0.19233402700842106,-0.8795676803014953,-0.14467115379607165,-3.830348365711938,1.636222853679417,-0.06453750127593771,-2.467932441180343,0.9896580928100676,3.7369373616802086,-4.1147389708497855,1.7772488109374152,1.0871004985640802,-3.90963809920825,2.505295404154161,2.6547323564027145,-2.698380449642219,-0.9094098517611702,-0.36658127002075247,-0.35674379925705946,3.199687991423673,1.1314273792561025,1.2030211009250387,-3.8116944662996346,1.6926889349334644,0.6925177170929322,2.27457783442647,-2.051111121076165
4386,-3.286535200170974,2.0875412723998714,-5.2815326128887214,3.950523602927994,0.14589988694031497,2.384103050792959,4.0448540199098915,0.2765845941678897,-0.6706888405814624,-2.8111229425382476,1.1056990615980524,-1.9453258925546635,1.3609902798751747,-1.5577211174909618,-2.0589638676588535,1.9414143234734098,-1.627908483182921,1.942188864984498,-2.6457407878556083,2.5559208037264405,0.9402657911177386,0.45413300546718904,0.8251762758874985,-2.1297550883446803,3.4613863898462185,-1.1246913572089845,-1.9528955737326648,1.0621129692221283,-1.5964344330448839,0.15052200492028334
4387,0.19113948829886773,-1.8347848351169134,1.976032297549981,-0.6085435230891285,-0.8909698963809958,1.1671264687396512,5.996478364980987,-5.218747165304453,-0.8948386976100018,3.559546512914796,-0.42710466888951437,-3.0153343460903486,-1.791840215602024,0.5227474691930887,-0.22319257238030943,2.7841130896699546,-0.8868143913744042,-0.40501337950593985,5.591004332847518,1.7076313086322443,-1.7040858632679399,-0.7666614644662255,-1.90160329257216,-2.926285021174852,-1.0753125007516289,1.4543517682364886,4.338605471991215,0.8986703114323502,-3.273976671805812,-2.3423383791005197
4388,3.407506334838658,-3.721524642154268,-0.941501196963408,1.1073797996763268,0.7664930652675066,-0.6183533606633986,-5.241950825741199,5.554088315238992,0.4109139563048272,0.6783088311296286,-0.87146099778455,-0.5298992791462496,3.191609483645223,-1.6268085077011722,2.7114631561732025,-3.0085971333713317,-0.0536430353661963,-1.2140239633793755,5.644961350397416,-1.9921059971577755,-0.21171417208559973,0.4235285711544279,2.162825792256422,-6.027495544566303,4.933206482853745,-1.0744649453087014,-2.395615240221808,0.6906052551169095,0.3923290817923544,-2.5460606342304093
4389,3.727304827021129,-5.3765299632296895,-2.628585455287535,5.342844310467182,0.21346284815748984,-1.2784965671271564,1.6870081905041943,2.0185465924505195,1.1745468508308363,-0.5683162311677261,-0.22531691752725802,-4.0864684850890995,-1.4032479703219192,0.152654657747334,-1.072012385697514,-0.8102999579027319,0.14870816500441464,2.9841974911707716,-0.7792844742861149,2.6072248118500525,2.6862037921588993,-0.8949617893585744,2.6560098192741055,-6.275192159639797,2.0150846271236986,1.1623423958336723,1.3772990592908059,-0.6181836954633617,-1.7082034389420322,-2.228338947840683
4390,-3.5913387700678214,4.002102489986235,1.5778108050092676,-3.9747479022092236,0.5241792447913425,1.461994132491629,3.8759651609726724,-0.9767075497521347,-0.15811597847358083,-0.6444562393029969,-0.8176158704410543,-1.2790695230014606,-0.991663423459876,0.3206293429893563,-0.6265384023463199,2.009605190642411,2.4012932337736217,-3.1133259415987826,4.908048382375277,-1.3283814695951612,-1.705666616028287,-1.2166158161667897,-2.9009938003235174,2.243609319737054,-4.818751382197037,1.818645855899593,4.727733279987163,0.6099231276691457,1.3152965578331717,-3.6528474391899373
4391,-3.6524759554986623,5.5986847623090625,2.8331023079066853,-5.40307866965825,-0.57450579304104,1.1982733479836067,2.0261166692759467,5.673041267147202,-0.18730111563123764,-2.9017633282340967,0.9101142138077281,-5.520207706364108,-3.4784817227696276,3.915950666740571,1.784489160981245,1.5775109467378492,-3.954022382274676,0.15455333058503307,4.450339192212795,-0.4952177417403103,-3.36610842461012,0.1955020521026638,0.6629410799832218,-1.447456157949734,3.6423202025572436,-1.101857942781315,-6.132606686618509,-0.3226639148848278,1.9372674489925643,1.9775408927369682
4392,-0.6349401916854198,-4.211221492971031,3.4573378169222124,-0.255229920028885,0.8992833428728559,0.7447704448916621,-4.053592013877854,-2.8797447851808826,-0.15453157694986341,1.325678828290279,-0.13393027841201643,5.896119826131802,-0.5257516906390478,-2.866893088926755,1.4853837238640395,2.5504810536404783,0.09849889462554273,-0.7417188925638811,-0.27672348971044514,-1.1569270363989137,-1.433646169634839,0.8147759591548649,0.14483324795894603,1.9076874886289374,3.505142013813547,-2.008443612774272,3.1864995062571495,0.7928321003083338,-2.5139889322524134,-2.9620410753502107
4393,3.3046053581848263,-0.013759069243604927,0.2244051571589054,-2.5517587390421212,0.1668439873151355,-1.1303366943717528,4.504237396272163,-4.913022374426099,0.5198385168023991,0.6783169404660008,-1.0882467755431993,0.2988762964301941,1.459558956469806,-1.9048608663868727,1.61959996776881,0.716200326256569,-0.6739991781965777,-1.2164992059113562,-1.396815005742301,0.7247864741911645,-2.221287442125279,0.7029011661061899,-1.027380968276102,3.2177957758448557,-3.133571836921977,1.5617745682752613,3.0642334672985463,0.8991496756650976,-3.638180904571527,1.2465950302567421
4394,3.7360541636376254,-5.011796919587471,3.6501254421527776,0.09210885022407211,-0.7002529011841934,-1.7662386352414075,0.14827886857743522,-2.292991085266113,-0.13255245482753075,-1.1825423085705857,-0.6421470634081174,4.101954043496363,2.584001262720868,-3.79067632939158,2.550904605786961,0.2259304265603852,-0.46977291729012904,-1.1003870483861302,0.1432816081486159,-2.4161524651173387,2.7364312428918893,-0.9561043067586121,-0.9614657957968085,1.4540097166307824,3.2320291800935657,0.9003034802536476,-2.3985699470364956,0.22949499329252188,-0.2234624636431306,-1.739795242957948
4395,3.004327127266471,5.191399122311939,-4.297411197157551,-2.976651143652461,-0.9285107635012304,0.006846854734220642,-3.267302949119159,1.9134265310336218,0.3206282230177111,-2.5491624577694694,1.0504857726729382,2.531924880165782,3.6419955614554773,-3.0130572904564445,2.934076202731319,-0.5671212762589626,-0.2366656191783285,-2.759227578292686,-0.6624625065094776,1.3070593505198804,0.8137124882190108,1.0433344386687189,1.609976427063195,-4.111620197962818,1.2119776286065616,4.0613190776888,-6.189546513684878,1.0459442595292057,2.928748088963051,-3.0584425411005842
4396,-1.087813053541753,0.4838654282758874,1.4485509689238114,-2.641124764601951,-0.3778231002188597,2.174344521164235,0.08249816561296086,4.188745632124075,-0.9035409038438971,-2.1930478553651866,-1.1074371244091177,-0.06721791411739986,1.7432830401545374,-2.9075390914380748,-0.7156817367135417,1.8344759546944154,3.18696231004515,-3.1415004767421024,1.6555901932240644,-0.8768006479711445,-1.9950163502332732,-0.04769148963177017,0.6897112304857327,0.5742070641248844,0.3031854608050857,0.36088920159011906,-0.9509480158651442,-0.08797494445415399,-1.1902170069133895,1.5650653048396634
4397,-2.9543212330870823,5.007326896333982,0.9327737846373374,-5.593955098630172,0.5849109952480478,2.023264655499222,3.9419990349436382,0.09886949819954793,0.36192361641227055,-1.5808157476163593,-1.0528285439627947,-1.769147857974847,-1.4623473594500496,2.2198721548611715,0.6019164935089769,-1.2030078274404268,0.4687113049109932,-0.6251447663902923,-2.081943091097269,-0.34300946045108915,3.779690456292691,0.8332405660419644,2.490456412447273,-4.67843488323507,4.252198147820884,-3.1562205877086136,1.330413136842438,0.8390663049650335,-0.20635148843624762,-3.059105513481308
4398,3.270462773083011,4.55242573198602,-4.364170885285276,-4.757036092958703,-0.3421426187556298,1.6404610919319058,-2.8537473054769436,0.6395826873664454,-0.7447986751205944,2.1663872718866877,0.896148311542583,-0.10357229019672687,2.3442950696944713,1.8354194039305405,-3.072490149253209,0.9737778716685703,0.5886693295715659,-2.6696715256115766,-3.2858574499417905,3.0360391599451972,-2.3686488359277416,0.5416673590932888,0.4276527995435053,1.649146967286054,2.232751279923942,-1.5517653854656466,0.7689594697570463,0.9416155289756318,-2.6251932006413288,0.23363230745253993
4399,2.6868775726934153,-0.4456662801541249,-2.9533233794451874,1.4257254915167081,-0.6372676437609379,-0.07634576084851474,-4.296503757025366,-1.1545514632827967,-0.17570238906909807,2.4205803063772464,0.81286126706242,2.3933160359390655,2.3103508465339324,2.403779803816235,-3.2088579224292655,-0.6413735235918843,-0.4774169713423113,-0.38648223298634043,5.376336292122655,-3.357062036313481,1.3380142549461418,1.0805595916804505,-1.502307746352118,-2.9355403560851165,-4.996189898553782,4.4755918075397645,2.37283642876411,-0.5909404019494486,1.12100341441149,-2.3823013502099197
4400,1.1541762770509614,0.6816406394325902,-4.661630771832847,1.021229254304739,0.052031972091596046,1.7525526289543016,-3.8684359975598923,-3.275286808568328,1.1618358779475475,2.891729698743344,0.0909392684507706,2.9992179609880196,0.3395523085108749,0.205538367585671,4.054678650393299,-0.35264015770825097,-3.263732735635079,-0.9833964331461384,2.8136064860864565,0.7394599963797646,-3.1002936973652737,-0.14993584145208771,-2.6387978148885445,2.3359608712382,3.894865661094194,-0.8743964081350448,-2.6986673421047485,-0.37094310190780977,0.5348772384792397,-0.48573604742364296
4401,1.9827224585886647,-2.717914940722803,-2.218418657725227,5.544884934492906,-0.5142093406744184,-2.0770644539577576,4.348873029287027,-3.1462479680788995,-0.1388211816645697,2.319533838755966,-1.140667004193752,-2.2426707141043067,-2.390941957250817,2.3042089879248486,1.9725080410787683,-2.098159160755145,-1.3518077283297547,1.5641918173324463,3.102531007866901,-1.0197675641175241,-2.7388578144121034,-1.244003467642687,1.463315912532412,0.43678192577153396,0.9529750936678596,-2.3882622131510587,3.6751701806698662,-0.8409478778067454,0.4778329665398786,-1.8767681499176554
4402,-1.0162950237469488,-1.3340534266015993,-3.943631465022108,4.501768790831491,0.2297649093178884,1.5624462152226446,3.460048763269647,0.44299649954534814,-0.5306167334015788,1.1994135354869755,1.1741292244932016,-5.745971289392116,-4.006158344557127,2.2818963538679355,0.050651870814991895,1.2356640546333288,1.6800353570594773,-1.2420892918182727,-2.1771147508895012,-1.2236155157230257,-0.07055568842402415,-0.2521662935954412,1.8124013593921298,1.9110508892383749,4.168808641204876,0.2410461367966974,-5.344327555093361,0.5181011010324692,1.274917912443481,-0.858546236382054
4403,-3.374307293208089,0.703011605921084,5.097033031724841,0.1906321123348711,-0.7518516991065298,-1.8645177576648209,-4.514745713689695,5.004554935007665,0.8294732403518239,-1.0342099415712482,-0.1591344984245504,-0.1259380216725532,2.4264535589491025,-0.6834126397609772,-3.4211726028075375,3.956780325143967,-1.4048890670001342,-0.8737595745241045,1.8410341412916686,2.7000767178245155,-2.5526576212229006,-1.0767154560781549,-2.0419143991985234,1.130176617381963,3.041636307642033,-1.0704423001988275,-3.918716293603701,-0.9185213444116975,1.1028143824226824,1.7632292481516423
4404,-3.445150306401503,0.47560322677684397,-0.2963615421138499,2.05780581802966,0.7855145988031143,0.42258820490707905,-0.39040939208726044,4.977995391183221,0.34779897496957,-2.7587327625604576,-0.9287304003615242,-1.2479218111421169,-4.101230097720466,4.127277298975216,-1.9671778537116928,-2.563098557904599,2.2157558427473063,2.2884733676145252,1.9434788906712583,-1.148178811444076,3.6056262245650004,0.4629512704387926,0.07714063861020826,-4.941018212842621,3.7812111801616908,-4.936771603955009,-5.212350228985969,-0.11982211876967064,3.496556043005313,2.991176728545799
4405,-3.068578711842843,0.6073210827671467,-3.0307903553331172,5.151417980718254,0.8011258642879424,-0.4604958605960441,-0.32876119931047754,-0.3181566703430221,-0.7247479215746919,-2.596254813195939,0.1264576608594279,3.8414629435661,3.3889129179146273,1.2284230472612805,-3.669655186071063,3.908083325070436,-3.876491480808726,-0.9792726233662457,1.500202332567703,0.6432026833925537,3.3320330652841683,-0.7852604194120678,-2.5150624444690237,-2.175115217364798,4.411835194839298,-4.49958248464185,-4.776818156619068,-0.08752406582092931,2.2917956819720224,2.6602938302726677
4406,3.338270328175941,-2.024033362300109,-1.2721151306719065,-1.6797536813687302,-0.7352915748203899,2.3729234209865098,-2.9515832484085713,2.7153985167750783,-0.023179335294808645,-0.5367463363262264,0.9250894046262061,-0.12897900137027563,1.3523511444067786,-1.5349257535934804,-3.3837747077818108,3.272594339924389,-2.5875232123256016,2.881278189370015,4.865559393533662,3.190429714032092,-0.04118545980358235,0.15390415040622596,-2.1591321317564347,-6.009575666413408,4.170559059864441,4.780769625536795,-4.246743981787127,-0.06144947293978564,-2.302359441090477,-2.3407757895817145
4407,-2.7262061449898987,-2.5959900939528,1.6847241620647928,3.918196418604719,-0.8134658043947143,0.5327414626692004,4.578766068367376,1.9160569025210492,-0.8976450376587968,-1.6868509691015294,-0.6222296922725814,-3.2880972718541237,1.6807602809615467,-1.6996702255786413,-2.5839431453225608,-1.3720548382037983,1.2009663051442736,2.7739416229994696,0.1522462951722261,-0.9658676240784967,-2.336849611549102,0.7171204649799252,2.6364822152677636,-0.20313173979376486,-0.014945860336219141,-0.5197404785613386,-3.6705117197826773,0.3797375784127528,3.2021023347549367,0.623358145514679
4408,-1.9471114200086426,-0.14937506390548805,3.364017907544234,-1.136467356275407,-0.32300762215924084,0.19194355480584946,4.606719477336526,-2.1089289028256744,0.654427490021396,-2.872288020606092,1.134844702900697,-1.4147747468254899,1.0686284518662887,-0.02349561056602667,-3.9653249155925003,2.2490467267853163,-0.4397066432144996,1.1108519907216952,2.241335309534712,-0.010092107064354039,-0.856400663355597,0.3582925558579273,-1.3083265042777636,-0.4248085906963972,3.6517671287237654,-3.1496036066137627,-0.6179092956178422,-0.03123835418121157,0.13661769887900554,0.010366428812162098
4409,0.07600170738722767,-3.5979993296128434,1.9367537391003857,-0.7907774945745345,0.9121398016910547,1.4638815760100368,6.0648767665649075,-1.9096461768161568,0.9750626357197199,-2.824835371135592,1.1750721653017546,-3.480530019633264,0.7349054017539736,-3.933309446094839,3.7402832092070177,4.002761661953848,-2.351782241494508,-2.1928585853252063,-1.125804761979591,-2.897431407817278,-1.651155477615843,-0.5792675929487663,2.5306550105614054,3.7230042297985833,-2.5634407323029187,-3.337723418776431,0.7441963638552131,0.7546985656366232,3.3409091407184803,1.0613600808711574
4410,-1.8971621849105222,-3.550850869901133,4.847372988987843,3.22517683457302,-0.799312075156035,-1.8252246935918457,0.03615124786223589,-4.086696290814881,1.1427187061320145,0.21297972944140398,0.7315952402688612,1.9632513671117238,1.1860569673798267,1.547211935879691,-0.9902132886643855,-2.1198435849466915,1.2692254186614385,-0.8924374483096038,-3.7048347700336635,1.7045751403404577,-3.2696065973829658,0.7524228821660692,1.6517284382702027,2.8657149066384306,4.782703651521704,-3.305821091963434,2.2432627638450278,-0.9440055149188051,-1.3500265330861403,-1.4261132753962116
4411,1.1352107701825211,-3.0111796963824276,-0.505705585478168,3.504079059810639,0.09869550934107485,-1.221100057472281,4.617300943752213,2.249636567714468,-0.9047752421724704,-2.588646925142081,-0.5592106523683942,-2.8143046917824215,-4.224576788293016,-1.7282296206615264,1.260952922291704,2.896154693198195,2.7059715060990435,-0.9102727126341517,-2.4755272977922864,-0.3600290756036433,2.5989561883493195,-0.6861792669419238,-0.9279432286065674,1.850722680593627,2.794437959017042,-0.4276667250055155,-3.262303281830768,-0.2435658267590437,1.1474681139803167,-0.008370239399901891
4412,-3.46069411313173,-0.3450093876167699,2.5782097098775196,1.3203593521888024,0.9021457298598605,-0.9950112911763096,0.9090210155718417,1.5879258754464587,0.3600652415326291,-0.020564390784752362,-0.9224878956572979,-1.9139598461075806,-0.5482279096264655,-2.5310350835084456,0.8807735079485859,1.6943031558808883,4.050561155847696,-3.5463748265420136,-2.2782862020002277,-2.4731068229640485,2.5287788658138872,0.020559900741770498,0.14004655320171544,2.06200770520541,2.6091665203204357,-1.7295468871729618,-3.733220266859906,0.6749235474955677,-0.1489924376624998,2.327669523881447
4413,2.2004664743395708,5.308381989498756,-3.6848801073983424,-5.15549442715518,0.9561764620226891,0.3753496086938952,5.138753182618995,-4.4419827262051825,-1.1316426765703218,-3.2988866908682724,1.0631105274879742,2.6706483835381185,3.210212658119133,-3.0820389952929013,0.3091746912664419,4.068207491090742,-2.9261286895573964,-1.5794271556257815,-2.2695478863904412,-0.5153096149583156,2.0254121928246533,0.6706913041365548,1.4307958900275235,-1.3420418856414855,1.2709722230236338,2.94455510821766,-4.703582438705773,0.23685373829948908,3.0165207387278627,-2.765319369560796
4414,-2.980308901925037,5.734849558362111,3.5132600443848396,-6.220913445578407,-0.779824163843736,0.7329369086016229,3.9313718612548847,-2.983713817450006,0.33914455664440357,3.5268577540479917,-0.1650565827168693,-4.64860377177909,-2.844336009733766,-1.8737226931999622,0.044994398802884916,2.197156563389022,3.559420371774749,-1.08351263103269,-1.1852681156465152,-1.4061833020636119,1.4708486967058718,-0.3574296481546071,2.2674528964036575,-0.7894205272463353,-3.7494732113433464,-3.3299975494239895,4.922569613597595,-1.0359775785024032,3.6780968233020808,-0.48521809762788415
4415,-0.20457351923104383,-2.4718496243345704,-1.3686142198800795,4.171527032033097,0.5511546726217795,-0.6776443412077899,-3.5686877421965413,-3.784077173041716,1.1345080776218444,3.4058377930578665,0.7833963073633319,2.0290227371965273,1.5933525805145123,-0.6153839124730709,2.788265380743603,0.37374971601880347,-1.3937660853354128,-2.746217679468213,-3.614479526989882,-3.4521102096284277,2.8347086388768723,-0.4928133058503228,-1.2774089972669156,6.002103400857131,3.310392897205517,-4.597460776976064,5.951307757238496,-0.6878104470642761,-1.7245774400158176,-2.251851990385802
4416,0.35243943033758107,3.135142101285968,-3.8329644307564052,1.2409555720742915,-0.8397582522013287,-0.055814420738697024,6.10133937422038,-4.791645215197725,-0.9091877735100118,0.766277605184678,-0.3894725191452997,-0.7773114715507141,0.8795718043053178,-3.265157904753865,-0.0205625839935486,3.7734710001082554,-0.0035601067125661245,-1.3637622089533483,-2.019080720954779,-0.012146198017857657,1.1605656936523374,0.4593759369391721,0.8353316858031636,-0.42404639742356665,-3.948809657934788,4.675179550888593,-2.5798076149325446,0.43376083038863555,3.063199645919724,-1.6435227543275523
4417,-3.246051094164738,-2.3281544943815327,4.959896839257119,0.7589663823846031,0.9255520968287119,-1.0702097299227677,1.8968328324670232,4.846544422421047,0.9888373312233041,-2.799821173233065,0.9320573439985909,-5.864450756875584,-3.1763005544147465,-2.8380879693618475,3.529007727101366,-2.1409950345512616,2.8678187418535117,1.7585570893732339,-0.04032580795291807,-2.139228238708224,-1.170497250961196,-0.5142765338657451,1.7031548220118484,2.1611730094747266,3.9491124447813313,-4.418302383522807,-6.107015583087211,1.1304108317537045,2.752893774076732,2.6929009160003083
4418,0.4917401079327437,2.9807889547367736,-2.356899594094461,-1.0413270095578433,-0.059694165539141864,-0.014608293476674916,-2.1282342154919114,3.261997741431358,0.30276354226440905,-1.7356031495032624,0.9814838680834255,-0.6824077867826759,0.6950134976592217,2.0700587951669185,-2.14996266853419,-0.33342259662092033,0.3332111162690694,-0.6148981439398096,-1.7819651484436818,0.6034025400528567,1.415628705879378,0.9835093264923653,-0.5483806974046495,-0.6721947265777928,4.053552690789239,4.281070170259962,-5.079842281300589,-0.5894987385325239,1.0394439030306941,-3.704725744244703
4419,3.0556474941204,3.291321761272986,-0.3464359035298621,-4.0087269449395215,-0.7893688117138158,-1.2024375952087958,3.094423952427256,1.4817986635515688,0.09745579749430355,-2.1546965397833713,0.3997489387875577,-2.91873081247601,-1.7326683440640434,2.9260313064561565,-3.090868758862312,2.943302085765989,2.4097573056058543,-3.455553594901355,-3.3120039953644778,-0.9248537401438632,-3.2401678103674882,-0.7035277367040846,2.047794781449335,6.1327585011290395,4.542975579113872,-4.666686656047686,1.9901679014082845,0.727243628565553,-1.4634969856244275,-1.1302034674135282
4420,-1.282820730214418,5.030307919736249,2.2269741546127335,-3.090442454003778,-0.9771533629805464,-1.9068655271488346,4.932739094717199,-3.5112464353285446,-0.10311538288777644,2.479168927721613,1.1494228802361537,-4.946969084457301,3.7094919981116092,2.2476057296160192,0.0752533197619556,-3.8275019438936866,-0.4853335455882508,-1.7195155580073536,4.519142295011836,-0.22712222954326755,1.1920228895498788,0.6451134236013818,-2.8817643310281458,-3.2473920475931983,-2.5302471313461155,4.532526581844245,-3.6264006138619287,0.38237067116064605,0.6607145874410278,0.5810359047642386
4421,-1.5168301330612337,5.27419092520725,1.0569958539475124,-3.9048568002993598,0.5328381994916467,-1.4423380452843961,-2.232277163323335,-4.4501444967022366,1.0353588394980848,2.8577140824733362,0.05627104991424847,2.7330776881412753,-3.071989564026481,2.576606103278184,-1.598428957228263,3.502300983151784,-3.315305362048706,1.9068167968737946,-0.6610455535907924,-1.1620131025024847,2.9673922332563087,0.7011494351399241,-0.21915028857657326,-1.6263327237279022,4.846123266322607,-0.21335362270341918,-1.8555261564285708,0.5069972560121521,-2.2965860005327894,-0.9876547426678801
4422,1.4921090458597774,-1.285519457519495,-1.6093451799446328,-1.278703981317797,0.9133262804610616,1.768133292462485,1.3153101041332924,-1.4245456595336812,-0.2330828074951734,0.46207419093844315,0.5379063329584923,-0.657662160999994,2.156435254509745,2.805590166979975,-3.6915732099092526,2.3934720819613915,-3.7680152071058366,0.10409091356428135,-1.0232754218679396,-2.500905618658452,-0.18209982259200785,-0.8162041449821178,0.3465166297897788,4.175968378309221,-1.9058070148571815,0.2502850989644543,2.115000628434778,-0.14474480179495863,-2.7412997550619824,2.426565844317004
4423,-1.1236991221517538,5.247209556775928,-1.3512811774795352,-2.3624270509739453,0.09743611756776227,-0.5072383237370754,-6.080137355517742,1.5249181375911007,0.04467662325055599,3.217975678835842,1.126824976539626,0.1657419393020021,-3.6466812201839005,-3.570471531536768,-0.1310089975898734,0.6601455681794128,3.0539763940184343,3.6340397871130037,-2.569227063192745,0.8313448838690487,-2.674180926385537,0.7033748593786999,-0.9738206193026322,4.68250886563164,-1.8962851265792935,1.1892644815100617,-1.5935602379239882,-0.7462942692498666,-0.5826167223139684,3.6294918745591644
4424,-1.7263832487631348,-3.3661283300244236,-0.7435238564145124,5.164490920459723,0.8034910689180128,-0.13194655417428258,-0.01652282279977868,-0.9451197728318412,-1.1749052900009307,3.600760396230452,0.7025088766029945,-2.166721387199516,1.6522816232246385,1.1857214567551217,0.08173152553483831,0.6511680923864738,-2.7399540226947785,-0.83094867520599,-0.3891628068061763,2.8013443372170848,3.7675585201419324,-0.7024001839209948,-2.6300507451796573,-2.8472891214537555,4.968931108370445,-3.6810992384566426,-2.263227459996088,0.5025081473083253,1.6894701287770921,-1.2165826860010078
4425,2.3327414446207158,0.4507672691530651,2.6948166262094695,-5.022307972763741,0.44016215403943537,-0.8961795212575687,-1.9256087727717386,3.5430477113949976,-0.13057674121570617,-2.249266940788326,-0.7223569228864513,1.4847616662686107,-1.819361818365051,1.4363155310000515,-1.1614387487559839,1.3311520476832115,0.009011000075652476,0.2043219883624161,5.618848028614686,-3.2294717008763385,1.759964309185758,-1.1515264228701274,2.235144722939058,-5.232958936994628,-1.9160974104539044,0.04974413759528673,2.6105963777456296,0.8797046086116911,-2.000674966182908,0.3767272526863259
4426,0.4505963992380764,1.779304746126332,-5.171864243932095,3.8476456023581918,0.604970758631227,-1.5106532624203872,-5.465172901038873,3.2080393161305096,0.9236105857963528,-0.8368334120001304,-0.23566804140834918,2.40602445252188,1.547478959002973,1.0554459891994838,-3.032892853947885,2.3035106915208097,-1.8096383591041896,-0.06390442667091101,-5.36741798998748,3.0612794403291517,3.205869703865382,1.1298815096668005,-2.0426497425107453,0.013037078635324661,-3.215723798421866,-2.174030665713058,2.596123208162137,-1.08486269763206,1.2508962579414238,2.6275976956655356
4427,0.08182142618788824,1.914670207894389,0.2355324120995732,-2.627737441860745,0.6408949989411354,-0.24518160326089067,5.953539289034495,-4.208348463093262,0.5411228666297481,2.671927549661099,-0.19170456719042583,-4.76653667504025,4.084961300037374,-3.382399476699211,-0.09917580505822343,-1.7388611200710269,-1.5098827280107407,2.6453578298021014,-0.04721814721501261,3.3428734251435657,2.98403391852419,-0.7042784589431808,-0.5530036313007738,-5.022407106210341,3.5663440955051975,0.18618523741713844,-2.250034208709387,0.5224942410222218,-1.969774802800563,-0.05521456243248757
4428,-1.7566141042943677,3.2541944700696632,-1.0881571822232914,1.4137640671812015,0.20449089807570964,-2.027678148807566,3.8091319233780077,-1.5991605349235307,1.2445803530301331,-1.5518275076033685,0.6601278504787622,-2.5628520843585747,1.0054541876762855,1.1508649017156145,-0.11998576060930333,1.8605162195462732,-1.2789197797944052,-2.61792976853417,0.4475410360571068,-3.0043381555052004,-2.5826757173847454,-0.6533948468317687,-0.7924841384455785,6.585351822108642,-0.04501109622546906,-0.439054442322945,3.7269283330175007,-0.04936245836867137,-1.3508479216966958,-1.842652414401602
4429,-2.2783449777607636,4.604329828619626,-4.610586341449142,2.9798748339472354,-0.5304696776294278,-0.16480366572619332,6.101880687390121,-5.634606944264323,-0.9680258888350775,-0.862742780594024,-1.0846092550845223,2.448104181389258,3.117059805440306,0.617346256102369,-3.626224848216605,-3.1138006572176167,1.2321350906301376,1.7734843532617255,-0.689803518199323,1.7813901076915357,0.7768701619863663,-0.5018126446287994,-0.9095295553148652,-0.45711455153646696,3.606880237037174,3.2442270308212784,-6.138586771375589,-0.3704264266442774,-1.703846869577891,1.3617527997414527
4430,-1.8005243909244868,-4.4310941053368005,3.3522057503902687,1.8485641724429414,-0.40525549274019257,1.4361040661695856,-6.245475445179995,2.898046976741618,-1.0940451693327362,-1.1830124786224818,1.0036706123530053,4.620815504042014,2.6813889149627244,-3.741423027966727,3.2370217816937163,-0.8337129798736846,0.33576671143561754,-1.679041400251343,-2.5255862452103557,2.0785919364669425,0.5036057706874892,0.12911054827139523,-2.361795099748141,2.176073089531105,-4.624960967962187,-0.8677190576430398,5.368194896369616,-0.9624215379164092,-1.3856846806393754,2.472591347793532
4431,-1.1994443003813782,2.9009936965300547,-1.0008716782920786,2.264150270535488,-0.9391603927763872,-2.0256675956143457,-5.712226734865894,5.669672856192928,-1.0279842707438762,-0.7976949295061626,0.2557303656735108,1.612502713250933,1.2829528566005166,-2.27090121387109,-2.741331131395162,2.1979763944987774,-1.1736316891236562,2.7049347832908843,5.1002790127732,-2.623488337857909,3.077452301070032,-0.23871638139616902,-2.006445984105099,-3.3090806104856334,3.1047152260488318,-4.567377022367202,0.9935953399537496,-0.2697175144165165,-2.1812522092038726,2.9200361799871892
4432,2.5560740164745503,-1.7461399686092527,-5.732840680030499,4.486533435229621,-0.8793082750056607,1.315681471942602,-4.491763250094959,1.6525612146344315,-1.078888755284508,-3.0309626344161167,0.9543839234082458,5.994669501754355,-1.9581027834160203,-0.4143961160456051,4.082684460612228,0.3556454676980181,0.20194669892031314,-2.267777727768676,6.103198127064655,-0.9102152357966737,0.6441918860452454,-0.880303346395765,-0.04291323773440325,-4.913958193184605,1.725407590372388,4.594420797282645,-5.312764945547219,-0.845184776824186,3.5553441972858515,-3.7172228625673114
4433,-3.299606334303169,-0.23799234045903717,0.7777268495385918,1.8540625348489286,0.38907846983106253,0.516730820545023,0.7787809329537332,-3.31368814341981,0.8458905750262966,1.5556172728402267,0.5392460729125927,-0.40584671031160724,-2.2376900851803896,-0.581576661572651,0.05196637830390216,-1.8393771973708581,3.12046311361399,1.4862144522062621,-4.408570336469541,-0.6105515972597058,1.1085260504733832,0.3268233892855186,-0.1297728373419016,3.7135453313106694,3.184221945107428,-1.6251023292136146,-1.9498172726172847,1.1804213820051617,-0.9452534252218125,0.1555296999423028
4434,-3.4909996118169477,5.38222989158476,-0.5249728427882019,-3.8509216219703717,0.7043182794617291,1.7803459055304245,-0.19599789747595153,-2.5667124420144454,0.590324784027592,-2.72235746106003,0.10463808871142088,4.790104927812838,-3.4686448457898376,-0.17246081025052717,2.9322384856702044,-3.834618257064877,2.204987284633763,2.33849814280153,-0.14741245618470344,-0.11152972558805274,2.7537645095430996,0.7139268783614217,-0.5962026377808982,-2.6125465683524425,-3.17888593208648,4.491913826753429,0.9366741625073622,1.073387138648478,-0.2703074480751475,-3.052781747745449
4435,3.479775826403454,-0.20348427692907478,-4.8217099028487524,3.3264607314544286,0.054251501954659,-1.8352938800333192,-3.263411227967463,-0.09009883525721207,0.4460052909282606,-1.3775651191551983,0.22599690083404766,4.0590729906189935,2.8624584061098517,-1.0574102165727162,-2.7942389296637504,1.1249107697773404,-3.5552278831461415,3.4195078534956664,-2.3073866898420654,-2.0355737346891853,1.739727018575497,0.7665807147910098,3.0257576513726328,-1.1891049602094839,2.5618363827459127,4.819462415786454,-5.926245466746103,0.4632734340904854,-1.9106373599780682,-0.007689405896444512
4436,-3.3295456077313634,-0.5087821307790321,-1.6191392884752602,4.536354841629883,0.2857616020611773,0.6353505832960025,-3.9351416238658494,4.305073140187513,-0.25769691681859186,-2.835492150089598,-0.8639026475631004,3.58716019815105,-1.5701723038957525,3.133417545669051,-1.5226834379876077,-0.7559862108044157,-1.7287317843075236,2.4441561913265097,-2.990190053059173,-3.0814639152464345,-0.5533566114991189,-0.021460189346749203,2.034051787031462,4.612418982118406,-0.5995315114820237,-0.3694602684662449,-1.2664197402130917,0.6103605220235861,2.5926335440195416,-0.9675825458795408
4437,-2.7795034892277446,1.1001843851821569,0.68175444390668,2.2434516693806152,-0.14705472888388238,-1.098832280356433,-4.333247766993505,3.2592377919187214,-0.7044390535569196,-0.35159496771830234,0.7893110404272337,1.3407329559241994,-1.7116709338940161,-1.784115813818854,2.3150359641840907,2.9972528290177607,0.7317919133853685,-2.5482939588741207,-3.3532414104659978,-1.9524443291048463,-0.5959881564769134,0.11313440003243791,0.8321122989209488,4.956427197092765,0.8013775481271388,-3.39246447084102,4.397493728753243,-0.05600861416300873,1.288482041582629,-3.0388802334567924
4438,-3.2616569928359276,-4.161479483012489,1.277890127564735,4.279853887391244,0.26899224589417514,1.5964002149996634,6.197599581691552,-4.583773587317435,0.19770361567947425,-2.34663563119606,-0.9501461389330927,1.4852521600770103,3.227197469831129,-2.9337009347404344,0.15028288036502246,-1.9318511619950112,-0.8319700872860913,2.32004183382557,-3.158918678543632,2.8167154256215596,3.065450443157186,0.6687395709351929,-0.46052760985851826,-2.931459151313401,-0.8130545774441842,-0.5195910994577879,0.17411815447001544,-0.6615128672012798,-0.7979057074815188,2.6179460971169775
4439,3.651787915571017,-4.631883440257411,4.863016589163021,-1.3771516040709315,-0.381046686282863,-2.1247227741214463,-4.224913041362829,2.5235590878060314,0.46997059911900063,0.7208039074404091,-0.06917248260756903,0.5797519296063811,-0.22307631437590203,-2.127318221019223,2.679729430571676,-2.7402424618982035,2.344177472396524,0.06673009432529042,-3.5152766008729692,1.3720515921576055,1.415542465865105,0.8370117269622943,-3.1044506150742173,2.995121430960552,4.433384051259825,-3.7231932388073012,-3.441184865099956,-0.6751961886757005,0.7385918381297287,2.6675984031955835
4440,-1.6168361872258288,-2.3633365912706665,-0.6254810317776816,3.8901025668040674,0.44410292742747703,0.271448316044026,-5.769545105182523,2.2899336993813932,1.01485209256467,3.576044000411759,0.8021878460013294,-1.9134725331751739,3.1941836885337267,0.4866196385258945,-2.8324765403257217,-1.049591674753918,3.4277026700060524,-3.2264377819858634,-2.5088555653644704,1.3845626635397768,-0.9744694880465321,1.1273450999149226,3.1214601432980693,-2.150042853343372,-2.8407573000081037,-1.3842440411226846,0.6056132323332335,0.31464501100718056,1.4841430012482988,1.8206000965442364
4441,-0.04047759841589382,-0.8521784917527597,-2.4231606819884384,1.8366721965168153,-0.2376145181168119,1.7167590937584833,3.533654856218355,-4.305164508741225,0.7703441678995624,2.660187750379464,0.6073515594113985,-3.266373825166095,-1.555583157617539,-2.7139468930575052,0.16238118066690177,2.4735848001446783,1.9834332741941552,-0.34986920433054536,1.8657905331368276,0.8389438460740166,0.948426891504603,-0.3833235325500324,-2.0877712892891847,-1.182066448877805,-0.04337474865543456,-0.8216820256309774,4.3772927929972525,-0.43510445637021267,-0.4476637771686782,-2.6294677851697603
4442,0.30436835459393485,3.329394833846795,-3.141992817276929,0.99357944268559,0.5492348799144655,-2.0345846937624845,1.407429594655646,5.955982656522327,-0.568316815895936,-3.705959993570664,-0.8310262334674414,-2.258109208242466,4.051959602377128,-4.0729879812068575,0.7334948710128373,0.16651045619864746,-2.1163177726091966,1.237340824227605,0.41803226592847764,-3.082913970579588,-2.1423741603294957,-0.4983722477761727,0.13768428835159696,5.1679438244035865,0.6281073167056483,-1.7083756893970445,-3.787891418270142,-0.5267502436672249,1.7292369768355904,3.6656730577953773
4443,-2.605116255465843,2.3788282009861526,2.4917534861963944,-2.0389437191694597,0.04131438798802556,-0.26783610053388074,2.045380830352638,-3.9351828713739216,-0.4991145857520465,2.2507088215166995,1.2304283463347447,-1.0922205410766175,-3.6325556964808374,-2.7834614402374864,3.4356514627886945,-2.432022948590058,1.8393063981872189,3.5730822243326408,-5.926843667893451,0.3494796893975902,1.8128100961952036,0.39128436572783265,-2.773202495216694,6.146472011787935,0.1820045343644736,0.5922998935828367,-2.7900545588098,-0.5727994929125062,2.162902468786058,0.4256471549911609
4444,3.006209938739431,-5.375339925827042,-1.513281649740403,2.6890843626420704,-0.37686692056306526,1.5701941947503713,5.272224361817283,-5.905661388715686,-0.8716707927899954,-1.1734255347396303,-1.174668267292717,3.8532016217222065,-1.5965915311351146,-1.7683525918243141,4.224173721709782,1.192653668619883,-3.2407072443129916,1.1888239769429667,3.0643803489641996,-0.44473299438205416,-1.0286349326823672,0.09351285741668924,2.7909161066968764,-4.47544138601496,2.653313093591958,-2.0989456615193767,-4.289785423250507,0.5302356116364368,0.9644540868099121,2.24072829273382
4445,-1.7253300671555714,5.1627737334058,-5.858325315081338,-0.2856125390009936,0.9736724148005278,1.7328217730329314,4.829309152995474,-5.828628426300799,0.009579704415171086,-2.0281561778571557,0.21093225479063538,2.806963491958161,2.6807253526095387,-3.2962485143334135,-2.244066465449727,-2.3022475754744356,3.0079949695183323,2.153842233129925,4.226073826120665,2.225111845153723,2.8944893249642156,0.05617051713265475,-2.6709824755742115,-6.730863037798674,0.2826722921280407,-3.18964392289784,5.77091516865875,0.6676915400939327,-2.0346760311258727,-1.4969590468547977
4446,-1.2642478857702955,3.911936488685324,-4.520943732772263,2.7990782857289105,-0.3621469980829106,-0.5636761577873823,5.5058308611278015,-3.701891100312068,0.18919590161336153,3.682833717673031,-0.9434107105087968,-4.732558669591835,2.393394614868697,2.499969672112364,-0.3352801708193134,-2.7064519109106655,1.3285001088291892,-3.180132314080062,-5.429020890295384,0.2962586666921201,0.3675187869203427,0.42088250759887824,2.4561201059757582,1.8882408231066492,-3.731467689230726,2.1117983091567503,-0.34726311138630095,-0.9578301887002567,1.067438044073473,1.8573246360892703
4447,-0.6215757802631767,-1.6371106856099296,-3.2965156974533016,3.9477225401974927,0.5280929083204482,1.0793867148098641,-2.3800617709979406,3.526043536812381,-0.5132594477553081,0.5205299288752467,0.8258174642683604,-1.9790697112012303,-0.7392465377377029,3.5506245208454885,2.175676300695489,-0.8784663908013854,-1.2594027862084367,-2.84918510679325,-1.448281308630861,-0.362592674955982,2.457119945026026,-1.124008798026821,0.4617984730698481,0.015964363516186353,3.2339841202650312,-0.32993271575575633,-0.9071282478043834,0.006840055757894703,-3.2866109670155446,1.2828477545549575
4448,0.5154485958228197,0.17677754239258903,2.5516194373976226,-2.7535602605234217,-0.014768703970765573,-0.475516611117472,-1.7723786526876673,-4.093590878605831,0.4378055296516834,1.3803999155371471,0.4390720292876624,3.6086920568184695,-1.535948572822985,1.7347559451630765,0.9170041337959418,-1.384121674288476,-2.63995401010715,2.9082641782597882,4.476807025136292,0.7140840138534283,-2.3554817252296623,-0.4528233308466243,-2.9841518183034292,0.601565835388385,-2.8182012749064604,4.053612894978315,-2.341947365001772,-0.823024888041763,3.163674394424632,-1.2341137614507822
4449,-2.420133448162659,3.1464396510913666,3.4892680253522848,-4.116191060739361,-0.2154132222252123,0.1160300546849573,-0.4031153624653392,2.0729833718274975,-0.6226052313114954,-0.11161453497412488,0.3110336113246497,-1.246681854399739,1.4386509703643924,-3.6649961398126667,3.9782865387360964,-0.5843367505995225,1.279134812255048,-2.4467394309431736,3.028902512336419,-3.4364436481855787,-3.5793878909593104,0.28736006174230333,-1.152104409856685,4.8516733749212335,1.6058868222077685,2.8088405294592107,-0.6786952134897533,-0.5126010769448719,-3.4887749817688665,0.26534392053864053
4450,-1.7951480870536969,-4.3983903118281305,-0.7792166179775464,5.5921153774144265,0.294146517521384,1.086493121924958,-3.849957291479683,-0.43091622791734707,-0.3661099442601028,-1.6638868729733964,0.9993029895476422,5.311567347084328,0.36705113311347404,-0.9332130020852674,2.6886170809547565,-1.6080507757266673,0.3269189611038925,-0.8413233973600462,-1.0311963579722878,-0.4103052495230841,3.7941372794095187,-0.38448984670638886,-2.5987634144766396,0.6306175892672634,-4.312811211194784,-1.8524105067292247,3.4746119154702235,0.6531623801667461,-1.3932695545867997,3.430716976875985
4451,-1.346393650340863,-1.1304087623329444,-2.12664208545732,5.425879468056834,0.9834277727310807,-1.805862742655341,-1.0915042990935326,-2.6068051095045455,0.5223906676633598,2.1527365190155514,-1.2329578826166618,2.2561401045372875,1.0181580297387995,-2.6473296068098584,-1.1621648203521708,3.634164650679505,2.531995255045114,-3.3748235083012563,-4.1423289485074335,-1.3491137592412503,3.0648865302517194,0.18069746788829466,0.026256337710771405,2.219602371896304,-1.6729025485504252,3.035923786865318,-2.3742556858721606,1.2429709230525239,-2.849729197211703,2.617992721718572
4452,3.3176431710533407,-3.921782238251698,0.06519241330313008,0.8902305807892539,0.7585084901406822,-1.1097924170332654,-3.6083352242948123,-0.010117395805828266,-0.7463304853439432,0.8391642244146951,-0.6883998560634668,4.214018737094786,2.452570510399113,0.5392819033537535,1.191129003091831,-2.3890603542057764,-1.9731621675160689,0.17924110487729372,2.6758948532586153,-1.2226807353661382,-3.721823118670679,0.47586142580295565,-2.5526757142577807,4.345423289231455,-1.6995614421518397,-2.55587648587532,5.974282123207278,-0.5243497672000181,0.11113871059218106,-1.3056331385701672
4453,-2.8250796772528233,-5.4211481743046015,4.393283760951409,3.421566127724592,0.12658937959221772,0.3047885832906676,1.1775446467401522,-4.0989475749464255,0.23782385234352432,-0.707746288396649,0.8353693837682412,2.555955980492584,-3.848407413867422,3.772852682548173,-0.1541622075421465,2.4768247871754596,-0.8811557787999931,-1.3659520695139236,5.05464805439421,-0.848432451707918,-3.014297553167273,-0.40375607156354487,-0.9391721106419091,0.15101013268485275,-2.865826463839255,-2.173742048230608,1.5764713128142915,-0.41938247099884407,1.5318617839917685,2.350617886264782
4454,-0.5059631646890885,-1.8039608713525759,5.794875276959793,-4.86274448243201,0.3728129034181853,1.0049803380971962,1.730942267953015,-2.4938603435070554,1.1459902708109935,0.003279549766769918,1.071877661568414,-1.458229406590693,-0.039271666393791094,3.9769642776020397,-4.122643838488955,-2.7374770714548795,-0.5475618953689647,3.4699901941046853,-1.896129293977829,-0.13103321651436062,-2.4554576395973626,0.7885126257901378,3.0766516502921597,0.6174558740056497,3.3794890250344416,0.001542237741627872,-1.3042796688977951,0.29941766592091845,0.12424160608036416,-2.5004108658773827
4455,-0.853176545812449,-4.128988579850073,4.7495082614754836,0.9153487041469397,-0.9500994424618514,0.26740760250345375,4.195989218945549,3.6274668851258127,-1.1525713265187698,-2.9089149407895842,-0.61556859478722,-3.1464012419743312,-1.4048370662363272,1.1670995882691493,3.5652960184146423,0.23624141928100073,-1.5215822778737174,-2.0422176818546287,1.747139008853285,-0.20354766712005024,2.7997353271495697,0.39597177971593034,-3.1716103162594695,-1.5676881323408836,1.5711846629392703,-1.6856753856785538,-2.1209033032078004,0.20757965177862392,-0.507449647841943,2.535264022012555
4456,-3.3495565466173147,0.08315881121033186,6.011269514004642,-3.0579921068470597,-0.01879389563829159,0.3319142238891839,2.900312266113051,-5.790717215117468,0.20830468956405213,-1.8795597868337577,-0.4497581527791681,5.011418199054727,-2.7415516434860994,-2.001499859607982,-0.9617717926613807,3.3635960220182497,0.030783062522861115,2.310444211214474,-1.611327713903286,-2.817181980102127,2.457815142322957,-0.8315401877115365,-0.21064713980839045,3.0128818792007586,1.8778169027589122,4.92706283104139,-1.5988881688973784,0.22486982556778656,-2.5033253184474304,-2.9275360720211445
4457,1.3783458394892953,2.498736316126905,4.127030619919729,-5.420964050272605,-0.5868299423225305,-1.9963187829393139,-0.25642479857823375,-0.18166943240137812,-0.7227400726522824,-3.505589499663536,-0.482917932329217,5.149341735626116,1.3750215505825842,-0.6575445978984824,-2.5248626429404055,0.6957583123200521,-0.7540712180979412,1.865698596034342,-4.416147495580905,-0.04985945782195067,-0.8987409686674077,-0.7166903799557867,0.27923056109047373,5.8022077409339445,-2.0996069549593734,2.2441139672913906,4.000278531123204,-0.5741567653911064,-0.8761902881420287,-2.6944384899199445
4458,0.5623492589504799,-1.713083295796384,-0.8785999179011696,4.95875960803091,-0.5864277994719644,-2.3429978538104006,-0.6105305798987537,-1.421701590870601,0.44629227152846784,1.6245875726907038,-1.1852442280724746,1.1465965546241215,3.182695238199827,-1.2049785172987253,-2.142665917692552,1.7986461334498607,0.3314351237899409,-1.9651320604481715,-2.98237862048153,0.48560322154952473,3.2081468387355265,0.08298149626307083,-0.8246490226935563,0.030296086625313023,2.3764315763676613,-4.3389934643739565,2.802427571140221,-1.1397902826790012,-0.7985674356355421,1.0984920351827263
4459,-1.1129528358211402,5.0126687831050525,-2.2572674932063457,0.4031251081300411,0.3500729962575089,-2.3956465584636417,3.0408703880136727,1.1326302052121626,1.1382859124346565,-1.906381158732632,-0.6056497533704057,-2.7997555935559824,-0.5283687370956116,-4.056399242482016,-0.6049028632310325,2.4010686175410925,0.8860457876749237,1.9025564375928319,3.2914003144924067,-2.120525323584504,-1.871538237639296,0.31006696347226637,1.3593028639439186,-0.968706580686419,2.309271581844129,-4.3298049854881775,-2.3692010559157417,0.7808001359280974,0.5155526342681647,3.093381689365625
4460,-1.7544360278670936,-0.8433699990409416,-1.5671268205239706,1.6748437651607233,0.35826028788475917,2.131828794388033,-2.600466706933563,-1.052229475327536,-0.22544127345625853,0.22781910376842696,0.7030073669158758,2.9473109850345516,2.257883575145076,0.4211537847904836,-1.1267432139644633,-0.9765374230309583,1.0892065675212415,-1.6649632904611682,2.808961452346761,-2.1988895891315536,-2.2162101572777786,-0.4577816600348621,-1.4180255858074293,3.4819455399032755,3.278019887240326,-3.3141760956466655,-2.524759054935732,0.8480524745880018,1.308597813792268,0.4042649749638798
4461,0.9297119360215618,4.68662036413701,-2.0256039782043693,-4.65003309160155,0.5243122737689441,0.5349924958798837,-6.131649980147635,3.1369812352796522,0.8546858363050651,0.6122332555246217,-0.2626344215964451,1.7903840746362576,1.6396090729411021,-0.990284370115031,-0.31928806038459,0.46798337679398117,-2.1612313225940216,1.3632113033587494,-1.0665405639299266,2.710843040913389,-1.5453926466438261,0.7247529709373932,0.3382980538848308,-1.1619608551634641,-0.49667897152469465,-2.179860004062796,3.9068652658171104,-0.9543883697580853,2.0022706189300266,-2.2782085393994613
4462,1.0597551217795989,2.893831974430494,-0.21740706003587107,-2.695255057071222,0.32592220541151606,-1.366847184513043,5.45856622590188,-1.852159895571564,-0.22465248887414013,-2.4651246707279153,-0.9501899939658731,0.03356082323909604,3.6873995201802927,-0.263979344421589,-3.4006504370453854,-3.09958919947122,2.4737534898151665,0.6030659709429358,-0.272149274391694,2.2249033306496138,2.630091576695879,-0.4673651377387422,-1.0466162778724843,-3.0688642173441565,3.742407929515572,-3.57759068321824,0.8016155538365872,-0.4775183450157403,1.0660195775687384,-1.5549340326847858
4463,-0.06528648031639328,-1.1176192882653098,6.198126706764722,-5.29858979259815,-0.5535167244989654,0.8368855789155685,1.4704573945551012,-0.5652422444866829,-0.8973655855991218,-1.968697277469504,0.4280724131503275,1.5327752998513944,2.71835953108112,-0.29694930141538833,1.1877459912913686,-2.6405714805742413,-1.7010549714011773,0.7324702310185565,3.736421461535908,2.0508626102461527,-3.460448221864775,-0.3938761908428008,-1.4419651799589968,-0.4909944791170666,-0.7758923623693299,0.23930143927106684,5.091341371337467,0.03822814994413459,-2.6304643239819647,-1.962514274199279
4464,1.5386887777948175,1.3488831646508181,-3.5121130804268716,-0.389669546191044,-0.9316482935383477,1.945858977712108,-0.8086695375332518,3.747382002323878,-1.2412786548770804,1.1188163264455326,-0.5854262088009339,-2.2308239275566315,2.668885915517553,2.237424825894692,-1.7057722324185995,-3.387325693560813,3.33814105449213,-3.15135386992473,-4.900347379283684,-0.6069216197386602,-0.586514072644686,0.5817614149575778,2.479901003441732,3.0321206532661655,3.895506566629738,2.147457375853083,-3.2522027931457522,0.766671262333559,0.010467493194481037,-3.5678999048630047
4465,-0.619597800298699,-0.819489605856802,2.538470351170819,-0.541572468633948,0.47863435027882417,-1.036444826658709,-2.8983654899654887,5.291783178889226,0.9934992202795678,-0.9978900239121682,-0.6353924665888862,-1.7536344187007593,1.0544496617577686,-1.822095783595202,-1.9250418903917854,1.7192266442686872,2.607229648002182,-1.6337682800414228,5.0352929633411705,-0.9444238307986907,-0.7047299390693507,-0.5152495491778168,-0.4218252238977058,-2.449064420399175,-2.790794885112412,-3.617225494340925,5.411535946050691,1.2310111985836327,3.03211592907088,-3.266642694249768
4466,-2.2395950171452323,4.886655496507466,-2.8854579121062756,0.42055924921464083,-0.5763802795771449,0.3942184631080359,2.093716665151657,4.184126636459897,-0.5170646625601849,0.0600514510336847,0.09540556177030624,-5.916235651853867,-1.853271929264551,4.019634471198181,-2.6548055904247914,-0.6487187177550346,-1.5066527562670338,2.6438145225134946,1.5363433190676794,2.8867004294968552,-2.0754857448447783,1.2247099116818676,0.0371949232193014,-3.609462838622502,-4.642433227952157,-0.8611829213829196,2.3548097861881985,0.031034863408297753,-0.10721389734718478,3.2249853970878384
4467,-2.083857075110963,1.5831527666960135,-4.221320505869151,1.7026038900044895,0.560463855530402,2.458957068750694,-0.0030035339982568132,5.578509315274566,0.399678622231729,-2.9078738685983474,-0.21040577887898237,-2.856904756029234,-2.1071468256389974,0.004412898783066055,2.0635167054784276,0.6523713061528902,-3.499498726560665,2.88634464178557,-3.1593622350163315,0.14960357778152122,-3.0986560540095915,0.006006932267045073,0.740855082117843,5.361552696857942,3.622483554182672,-2.3912914502268734,-2.5821634506259947,0.5746941764933542,1.3751978865437522,-0.5989207163648249
4468,-2.1356606032768077,2.481510103733129,0.6784294964898052,-0.11554890196033085,0.7726278488368918,-1.6813579438211974,-1.1004135196914717,-1.416855231791473,-1.1932787111930292,2.359252901500348,-0.7187258369847003,2.0700203981618053,3.9120938229231754,-3.8861341439296293,0.13353863531463617,3.0019367128459002,-2.1878494183451274,-0.9735856088086514,-0.289062421649561,3.0715318067037565,-3.3065651671378458,0.5869660662052611,-0.1710868074472387,0.10821652332407083,-3.3347751731794304,1.052881599582232,-4.486190524339438,1.0336548468496112,3.5193311138634584,2.215098137225624
4469,0.9118565281397828,1.6652885815086726,-4.4186168268519666,1.7988929840646435,0.42702403948410694,-0.3844453063437534,-3.429895055644529,0.9577957525659215,0.1412836517188607,3.153547131420744,-0.14878255865184187,-0.6739489214076713,0.7710970300450697,2.427014500948804,-1.2344315165403508,2.4470991403705717,-3.2661099360853143,-1.144669218738489,-0.8996600799240504,-2.9165851195689143,-2.602576677854053,-0.19316794566767204,0.5426687353379709,6.069321087675142,3.937591737140572,0.17378479157232718,0.911053792124477,1.249150714385399,-3.3478161106301503,-2.923764924590582
4470,-0.8978172156160902,4.0441895578859715,-0.6623060986483083,-3.0677623627298836,0.19855466925543963,0.3851414498543324,-5.001437430065771,3.3705703578698554,-0.010524824107069897,-1.9482154761726065,-0.3594259596359448,3.94903333211305,3.5981608654212316,-0.6194776116079908,1.4243444535046024,-3.427216058793377,-2.6482539688562525,1.6724423203320988,-4.862129683536008,1.7631518453372674,0.12009694279217342,0.5936387780926715,1.0360771683736019,1.3491649489387285,-0.7266442813787108,-3.038265327212475,5.331080560852254,1.0538354626042752,-3.1339606760362706,0.513954261172973
4471,-0.2913441017861711,-1.684467942357692,0.022528049149681095,-1.1916415618481437,0.8389724697590375,2.305953087084754,-0.07861933641425978,-4.885296309374397,0.5634320615518682,0.2785424327558488,0.17943690702962645,3.942504244452806,-3.6216297465248015,0.4118316468505938,2.0013367019458492,-2.925226455374478,2.4978155754608444,1.6358722776422994,4.924195737993276,-1.8566692133287432,-3.6874646689466104,1.1859276168664854,1.023591267546582,-1.5895807401325612,3.5229809636709817,0.785269226168527,-2.5593792449805335,-1.1829555774057692,-1.6125709077521275,1.0466555403009608
4472,1.1716882343228363,1.954860316555262,-0.8112433470428506,-1.622490283006048,-0.34773385982607796,-0.3450810610016273,4.799913250858527,-3.300488841194369,1.2136471827169917,0.15912414783651663,-0.7786861592637742,-2.0935095809524,2.652416243099733,-3.618011406956672,4.069478079067036,-3.323658948451234,-1.6252996344166188,1.8450756676580582,2.465945716125429,-1.7541009215524,1.9558949520770277,-1.0784660112631994,2.50578872405033,-4.095062459438768,-3.524934380986629,1.0962440030061487,0.36250412662233344,-0.26691538174503737,2.2444106867036737,0.08869094640147956
4473,-3.3434350777801214,0.5899158851660147,-0.33131082864482764,1.0955465582666584,-0.45033080729248365,2.4396142702862793,-1.8311392218659748,5.4062495711682175,0.07086972945177727,-3.6138517968189916,0.6272894137147063,-0.6594176956482478,4.100922493068914,-2.2543003348970103,-1.8822002135352207,-3.870396291320551,1.140851310515341,2.765123036168852,-6.13107395606243,-3.131774197354586,1.4177693044066473,1.0249751096858635,2.2371453604460996,4.5829583788768,3.675612934137394,2.4198024107585496,-2.831262896710477,0.6561384947904267,-3.343549609430628,-0.5767413335432909
4474,-1.1301204343162201,-0.26964463273640504,0.44849538809975087,2.4006770495228267,0.8491537244102294,-2.298561094978612,-5.770059421658182,5.824102547587618,1.0145532773556658,-1.4930128492089079,0.6672820493840295,-0.2428656034587462,-0.4872646244874339,2.1431629055314367,0.9587310041004287,-3.5309326342515703,-0.17065854756613774,1.086961896673646,-4.231947822817361,2.123072390650073,0.1690793067859353,-1.0221810290870392,1.5386972319320193,1.4232799225347712,-0.9603154925866129,-2.856018757208883,0.5775291237199163,0.44467796207554855,3.28176971958014,-0.4876425555781658
4475,-0.9173510881366944,3.182674542719372,1.0333420941579803,-2.2932399394614613,0.7462153102583811,-1.7516409195359994,1.8124618605383276,-2.9263643653323186,-0.3929326798373092,-0.7714385391819825,-1.1320400303257117,3.4103137541404855,1.4790872711056302,-2.6779747889964405,3.9282969867853836,-2.8743645034701792,-2.17053674359372,2.315491778169733,-4.990418163990803,1.8861152888289787,3.6675320681441264,-0.5097559555697551,2.2271086981543995,-2.2805819355685237,1.2088878727368488,-2.2974012842771003,4.528031566973208,-0.13840045599492523,0.23124742179999735,-3.5323651212360847
4476,2.6856398453541352,-1.0019870270481164,4.256696545057036,-4.788428354941562,0.8681896749472102,-2.0201106833671254,-4.161687178268991,-1.6046102885360476,-1.0938667853144115,2.231593965068349,1.2086054142454161,3.4199648728071814,-3.6345472880083225,-4.143534596893142,3.8540180657084058,3.608017417985831,1.987712545014702,-1.6716661438070712,3.831277305887845,2.76992682365103,-2.296031762707324,1.1085859526491078,-0.260535863324332,-5.153222456157934,2.1468961505131148,-2.388463348606926,3.8011705341040596,-0.20378730012340807,-1.2798572469652232,-2.0759587889196762
4477,0.9068077783183561,-1.943395344983415,2.350227675327826,1.5848107311267157,-0.47942895012729503,-2.4190218896606064,4.045563699822317,-1.7512220725440635,-0.7300954224062233,-3.49251616652805,-0.7110238564811384,2.63929381813864,-2.275037400851385,1.0546251852327302,2.2670782930356204,0.4249920485625971,-3.7112330874267254,2.2395749614475697,5.844821913959201,-2.6274950618951785,2.277400576823865,1.0673749491270499,-3.1941416579514073,-3.3679607200651027,-1.9629682177199683,0.20811094459440937,6.22301434139284,0.16728721804576718,-3.1037838045104085,-1.531660481800719
4478,-2.538057055701513,4.457460750256686,2.565558635875931,-3.119482463176954,0.6137328478177229,-1.979212715070286,1.0545104101161726,3.051051097375648,0.1612707462489773,-0.5925683784741711,-0.07483275371508302,-3.5994311215500687,-1.780852230149634,3.110360006414222,1.5320361215336185,0.07117731573686115,-3.2978602071642644,0.36513899362956437,-2.290318135793285,-0.8462541846695473,1.402225339790938,0.48628956484897135,-0.8913974990581153,2.139454914879458,3.2448072343153243,4.401314318318146,-0.6198069398423272,-1.0119566351183669,-2.8697943408350906,-3.1445636368357963
4479,-0.9527297525339513,-4.2001960750658505,5.545680643055757,1.2890374124920747,-0.07813353930963096,-1.6036586886368198,-1.2909728153128803,-2.8082211936633,0.9184036409956899,3.4078853388398436,1.196610559230617,-1.4237055300884798,1.6982943549260483,2.7959457565751293,1.9601070934009677,-0.6299235050440117,-3.7619047460298454,-2.062518953827933,1.896852235719308,-2.963076285089114,0.23216443977247536,-0.9137562139985178,-2.670688709117652,4.4185045327119,-3.981882445500247,0.1681276973279715,6.083330979833061,-1.072077876222953,-1.014445916726979,-0.1830524387089607
4480,0.8804393983032934,-4.034598351082302,-0.4267761206031331,6.248663091294922,-0.5627574568538241,-2.1049705610573817,-5.281652251450669,3.2377927898231285,-0.8529942213165125,1.3646025267437274,-1.12700031905865,2.6592514752605076,-0.23255677191514224,-1.7756521204080897,-1.1196155755927073,2.8397567532800387,1.0514742972827413,-0.763406582646482,-2.2960897482515783,-2.8385420687006597,2.5493794719060716,-0.1440578814209479,0.24899081510113952,2.4803194113643343,3.5720266424495186,0.9074312412479273,-5.29194402645528,-0.6246017783176212,-1.5566858167281534,2.9937737378054905
4481,-0.43827594947637394,-3.9453735428985084,-0.472881241966018,5.165955142883718,0.5360458861881021,-0.8454702947293384,-2.3672493007958586,-3.767309147548115,1.205711230792022,1.523262958029644,1.0818501487487904,2.323734110775053,3.1349463162247773,1.0482933987423095,1.872853944363868,-3.2335344586328922,-2.411258127098952,-0.4113010735987679,5.830918177067527,0.7382973448489079,-2.9372642966420575,0.31792254190488123,-0.3452006241832475,-3.6046731429976404,-2.7662587719520744,-1.0000999405049456,4.789737601051307,0.28400993343096825,-1.482259099295156,0.17487027727177384
4482,-0.9122784683526852,0.7085461436667551,1.7193488530545835,-0.1613111247384289,0.33718104300017604,-1.6914864466288329,2.789937434678283,-2.135560453607159,-0.4904472417253274,0.2933176409909457,0.8922309759014961,-1.3494783562367374,0.36644573299767913,1.6789272256731103,-2.882120687334492,-0.31730023765187454,1.5971653164335748,-0.44311735011764064,-2.795777754200447,2.4315812408208934,-1.0512503371525241,0.5277087052429623,-1.3520615406663712,2.239799685953898,-1.0971002993688543,1.037046331230055,1.8895889533851715,-0.014381363708603878,-2.828199699400484,1.013046077864555
4483,-2.755643374785061,-3.757813498831986,2.3255620461481,5.729991690237512,-0.8378706552575159,-0.7042262075094339,-3.3991157135534777,-1.6051893883960453,1.0563817744746338,1.2198847064543017,-0.2045317981838357,2.932570419205934,3.6668807109829658,-2.1536314445555416,-0.46405938401483837,0.21166421218693188,-1.352720040983904,0.09186594638470957,-5.785333396442322,1.7006591744263737,-1.3844600895155015,0.20676010985620863,1.2859021444803282,3.976472057193334,0.9823755740113356,1.6234358248820193,-2.4042730365599994,1.2360433964413922,-0.21328764429864577,-1.2242941144742563
4484,-0.6801726160888268,-2.6002442063365834,5.828225761983578,-1.0887986530758198,-0.7799395510483076,-0.6790707354324326,-3.2894182051763394,-0.548503271285842,-0.41930108346723216,0.7316481848269731,0.9768490424807155,2.5487253326232313,-1.3673912247946642,-3.1140900501932354,-1.0689054627463914,3.06315482015426,2.5277535947348504,-0.040521677154488955,-1.202914928086873,3.0831673483929194,-0.5653343108553806,-0.8055710961459015,2.609789621938802,-3.119136635245102,-2.1040182439025585,1.133132229483678,2.0958103128636765,0.0905523448660297,-1.9521586123172092,0.7366819690082345
4485,-1.648011309164973,-4.397367111770105,1.0152631296876429,5.861872268831096,0.3362845645321326,-1.1680415421141763,2.6406831612014408,6.243557682563985,-0.5222095918040592,-2.6807805991104185,-0.8981253248729173,-4.7831253279765455,-0.10426319042950283,-2.4507862689450484,-3.4999654663795283,1.2983598786749084,4.1154899046233275,0.6411651424561704,-1.2995317306834941,0.2687646250233371,3.6495290474577224,0.8204038024624705,2.85600800408384,-6.295173748345434,2.0260598475393365,-3.652747368607205,5.30295568705526,-0.25792043895707195,-1.7648823392250659,-1.65346538780339
4486,-1.0303866615773547,0.20397759929378267,-5.061562037076776,5.14431740410523,-0.052070789553138486,0.7957244848098686,1.6347056017108912,0.6425119875154408,0.612213850610809,-1.2439790581874952,0.6545084043239564,-2.299960785972118,-1.7441466980784295,-0.3822992320812979,-1.4098555039344696,2.7733411841104747,-2.1286358407507535,2.891596090734783,-3.3695879504621686,1.2649944792720103,3.683214582377129,0.9313836394562953,2.02474400002629,-4.534748750671117,4.200041493060532,-1.3464912139350709,-6.061374915332454,-1.0789753653459337,3.2697149680750357,1.017085033479752
4487,-0.6462798611525518,-1.1630522243288723,1.4406330554861064,-0.66648372670873,0.7644063404793622,0.27077641622626203,-2.0316800769147605,1.715237579082011,0.10393873429058154,3.1238560830411863,-0.41057408562961406,-2.5007782338679263,0.3264380431681033,-1.6768030133652267,1.6145453409296344,2.293757565515836,-1.642494598000189,-0.9154433382478349,2.346346222710242,-2.880152045968254,-2.916696349846733,-0.7670565600749963,1.812037490292111,2.4055212428861026,-1.607303098641733,-4.480338172860131,-1.0490584208689349,1.2206745850737297,3.2869024329729193,2.6291226743260268
4488,1.4704275619630494,-4.222424112917057,1.6142783106164558,-0.22325439913394263,0.020527160003565026,1.3404454794694676,-1.050852880289355,-0.07878052737987318,1.1712521111829712,-3.2360643108195006,1.1510025424397234,2.043443064867507,-2.586869039633516,3.3054685133210455,0.73510200060446,-4.122240808078498,1.2676289485875003,1.4009103851993459,0.4932132451714928,-2.5576452251772377,3.038751958307735,-0.6258780699916029,0.2396184213584185,-0.5880603296703661,0.4077899019720945,-2.1959910035899526,-1.5951324602862833,0.35126948014287684,-0.6527270754928907,3.684791157256008
4489,-2.356858948964218,-2.4629152761176663,3.3063259286179942,3.9455424217928368,-0.256994919482189,-2.1750992058451972,-1.2173221254154711,-1.1884893248638946,-0.8015985544289768,0.34135507515753005,-0.6101190304868771,3.476173960039194,4.068851929463978,0.444976445320723,3.4989824676890073,-1.3842905789888427,-3.73519528708705,-2.893324976397455,0.40466501951746636,-0.5693905864920961,2.7098388801403814,0.6437542080168352,-3.087411941288609,-0.10145557989554632,-2.005268519379534,-4.619289275842798,4.424468468389119,-0.7252466721888311,0.12689760457370092,2.7984383944502014
4490,-2.8401022627383323,0.13562047256085208,2.880545255901353,-0.03432947843860745,-0.6118312441717451,0.47009725688802817,-4.083688718331079,-3.711663803190948,-0.436893958219299,3.3234797083519325,-0.09975462506638699,5.00852139645724,2.3754781397770834,-3.7365846975087127,1.035493334398648,2.4744282278936467,-0.5976747531167526,-1.5511402514435417,1.7956512070633366,-3.383093216565923,0.00724458020853902,-1.1999700339105646,2.4171391799513824,0.3630282832516869,1.9920402487895679,-1.6023528332257229,-4.385782954034497,0.7389031087008329,2.7466652028013705,0.5105272269703196
4491,1.4704400645883489,-2.9727984062478647,4.451371840536062,-2.705877197264847,-0.18205668440881517,-0.061079617201318825,-4.370130754902068,3.5454299452258944,0.12720415324579815,-3.626775998333134,0.8158656622801272,3.5084069924848365,0.9670828658922304,1.1221746058884676,0.5827976420426957,-0.12478329771791152,-3.0756971171941974,0.528425301089058,-4.1007223824932275,2.6603664855410507,-3.3880469437136043,0.024112378263605017,0.25619685582445584,4.548093606576174,4.722297772928421,2.7967615228443954,-3.1357757625244815,-0.12545037079625132,-3.493633822102403,-0.7641993403478189
4492,-0.4902395949704985,-1.3570144417381655,4.5916308004870565,-1.1011920128522057,0.8522832691856408,-2.495468020110267,-2.8193659801165722,-5.145463784236274,0.7245272425860794,1.3927690961428638,0.970937358319321,4.876596067306046,-4.1374800231034286,0.5577275418439527,2.6826904819456168,0.9613068117442829,2.721843832312743,-2.786088644742799,-0.730695841332075,1.8171263574489487,1.2451681678930768,-0.7106066922640988,-1.0492594099290873,-0.5717325818183063,0.8203353739887795,3.636105160373422,-1.0228184178678497,-1.2349964531878541,-0.24545805359800887,-1.953167609706627
4493,2.2199436818899834,-2.8457420371361657,-5.0489449950516665,3.918377968384039,-0.2619352867653211,2.0183006686806717,-6.248820445844469,3.600653486309895,-0.2632441266739809,2.7268795676421504,0.35464528086607405,-0.17011376229822517,-3.9246065918925694,1.9972893597769428,3.0937166666791818,-2.816292701164816,1.3686989774994096,0.28119428910216016,0.0348587605457098,-2.8577206235438197,3.687277993964713,0.03537639703989903,-1.6898112414449322,0.7900187134368828,3.117943670042969,-1.970506532920833,-0.25835350885740027,-0.027221860056167557,0.5368821002142941,-1.3987438684209987
4494,2.909142635410049,-5.316563586221612,1.4928087588395265,0.18584438962077243,0.5737542119576498,0.15501359039512508,1.1590969779520854,3.0258978590888432,-0.6728017351460567,0.9841804354954053,0.506640587154009,-5.003014124542847,3.5816552597975573,-2.00482166019129,-2.018873865017264,-4.033997446991611,3.9791197557246143,0.49691795667828487,0.44813337374333884,-0.8475463825457936,0.6423070110045153,0.12432556896415825,3.0510750063193584,-3.418294577487135,0.6713116199993259,-0.5702798329583914,-0.07342357845260494,0.8713439243572134,-3.6864538399404925,2.787501706996796
4495,2.6791554973775256,0.9872560297300694,-0.7633682444908345,-2.853949219153183,0.9176640431147809,-0.9667581065768331,3.728199607631808,-1.7184224951330584,-1.0513884501350548,-1.1914049609564916,0.9098465424238453,-0.6768302438295954,-1.796355202445028,1.323319182795423,-1.1108774516633648,-1.000989498484751,1.220855053261353,1.3640479165366415,-3.668028203465351,-0.9580047580552389,-0.9375690280663083,0.23661764502965887,1.9267406098495599,3.4002437347061054,0.48289021348872296,-2.6323020682125424,3.6429860173874715,-0.9618429646747755,0.9410359858754784,-1.4727671838624499
4496,-3.1057223171599038,3.0378160351449743,-3.219060137082682,3.405150692458953,0.3617847446379474,-0.4799690179977443,-3.9335028831591394,3.0705031845543935,0.30159516232633354,3.216935633736238,-0.7217614147944333,-1.933769682661925,0.3197037579698545,2.0163432276050983,1.705788409914991,-2.3892171604610866,0.7616020756838999,-2.4142203107124622,-0.8417560350052433,-2.458007611462376,2.966681741401011,-1.1124831429999045,0.6405704441519564,0.8049946039129772,-0.43816767320678807,-4.07630109790483,2.319241148118067,-0.25104395811139657,1.24092438657755,1.2053471945293062
4497,-3.4525402534797873,4.372044990570814,-4.936911632387169,3.772065483656661,-0.5931779702562459,0.8385193818972976,1.70497897123715,-0.3234491132893673,-0.40930296828351587,2.886937535508018,-0.42068619098184357,-3.438478234188981,-3.419774175290904,3.713582402960654,2.2622481521219697,-2.7811709977133408,2.635321999962777,-2.410207382040861,-2.0678486865330328,2.362439021064656,2.274675915274848,-0.26377142549241306,-1.2015720093028097,-1.1039228150128046,-1.4831241745555808,-1.7287901124459921,5.905368477670141,-0.7535237684853717,-0.19920956427686853,-1.7407208579043676
4498,0.8142553636704228,-0.31761487169226044,-3.0375559820929823,1.0012686070343548,0.23539144574401627,1.3042554373380355,6.115172478545766,-2.798116681560373,-1.1194379488796709,-3.6332235626537077,1.0613399035131188,0.37426581103634504,-2.875655768951077,-0.4831122877150449,1.0699812793989487,1.7850892181760507,1.5304895279092143,-1.0267919688177738,-0.3411109070467191,2.0748306238252887,-3.879384801782992,-0.2944513194523486,2.9621345301076136,-0.5220181256523873,-2.1590186102105875,4.647576949916594,-2.682050357697232,0.1792277741941799,0.5246389588813507,-0.5103747150823388
4499,-2.855135932606119,1.0895850191313308,1.0748681284004356,0.9212604479646949,0.970419903377711,-1.2009975662664427,1.9765369078277608,2.681647052346875,0.6792356522691021,-0.5311340569121601,0.7273683071302655,-5.5336538626603655,0.0086890322344928,0.8233543164144095,-0.8697143995129863,-0.8556818420088277,-1.7163080162116309,2.609660909084866,-0.8093934241693361,2.794335315384455,3.7974796041919205,-0.7589009410303591,-2.889609365467857,-2.133911188910364,-1.7731455821306774,-2.7621122046410456,0.6961604901831819,0.7826548223633605,0.38178673351454684,2.6746557407125735
4500,-2.9412690572120983,5.378255971210244,-2.4022544702819637,-0.6010318044870004,-0.19644599762246218,0.7627453583948913,-0.406563580509296,1.2325161408481158,-0.6863088959927586,3.2918669126341022,-1.0938983515303775,-2.337612225448307,-3.273876883975344,3.8874325636883924,-2.7632924410915916,-1.1432043540006411,1.8498311023846803,1.4431100129948184,-5.351867693064747,0.878206651540097,1.0114737365488153,0.6501465554630714,0.05805223889177036,2.7539885106194504,1.173853176251498,-1.8348369402919573,-2.7509898996776307,0.5326402486533981,1.9002316174453213,0.9791017976212739
4501,0.07159931547412235,3.4848893681643176,-2.773815115312839,0.8357427925790262,-0.17360252059344505,-1.4448138403096067,5.176508576758998,-5.125406873709792,1.1341869968370615,0.6578238302402148,0.5089076926114435,-2.352020222736453,-4.2489464440026605,2.868471639107078,2.904589738906644,-0.06005921837274997,0.3916524706991531,-1.8557081863371714,1.6707510262626712,1.3500926288565687,2.7805634884307473,0.6526449577299864,-1.4606291217009808,-4.9934229795805365,-1.8865625738176455,0.7824172976864112,0.8502906088871391,-0.2850560064431953,-2.2619015023742115,2.8008121760634097
4502,-0.20088054045824322,3.953445929035432,0.03683225350004449,-3.1721729190791947,-0.4453900168357676,-0.17183470616070196,2.8003808435290836,-4.943059588092851,1.1142556075712076,-0.7639646153422195,0.1692618498777243,1.6231259024584865,0.849300725219841,-1.5844605978443624,-2.553735101534997,3.3842880899758008,2.573749034711568,-2.669142150527559,2.97589376944153,-0.3227880888033887,-1.032960883249892,-0.21632065257034405,-0.788569515875384,-0.6152546289440473,-3.2369251059844153,2.068649763474351,0.7693727049952521,-1.0747445735265346,2.0347254166752435,-0.5610782056319845
4503,2.607618378663158,-1.4973182960439964,-5.270893321956901,4.690137612435013,0.841708620943586,-1.371252994039276,0.5562934764517848,1.4420677996201334,-1.1271721724863464,-2.466402396206794,-1.090027194528227,2.6852404871508853,0.6423322004817216,0.033543068796639375,-3.21010389931552,-0.447801475941052,3.548947775345436,-0.5669176693669691,1.9591429092535826,2.488929242098841,-1.492199793122225,-0.27731094143704915,-0.8652325546780997,-1.8133288621165704,-2.5804131285437144,1.5112055157505502,4.397566804023501,-0.5144647842272363,-0.28613133126428103,-2.5277630757368907
4504,-0.6389192652041711,-1.2905670821315738,5.6619360842785404,-4.247166081337447,0.7655414655228236,-0.25082512112654776,5.523852128712754,-5.281069539308117,-0.12119535630619094,0.985199872953407,-0.6557314804595222,-0.45105562559087176,-0.9433373366013207,3.3281544855424237,1.348180570176826,0.36185617244245805,-2.09082303264902,-2.0040308589110936,5.991579073675393,3.134902018645981,-3.232483816812847,-0.5977326525340221,0.20467311228353502,-5.5009377352595195,1.1672419310944413,-4.432924300629201,5.113551782103183,-0.11911764318425799,1.6117265043623021,-3.340478273744525
4505,-2.8104039045441827,1.2797161200611917,-3.441589057919984,4.436348813516091,0.08817886603522762,0.44774916285328104,-4.110608166326319,4.563663290112043,0.7547023850040215,1.024728691956728,0.9033875792661581,-3.1358737800111918,3.0635577899863087,-1.1639062610826976,-0.49787189177899904,-1.9021155045143772,0.159778522919364,0.3405573444707013,-2.9663003045026315,0.6634566111255804,3.6951942174088437,0.7223200809665826,-1.6048773776234846,-0.5097932273763846,3.688926235035897,-1.9523249526687074,-0.3681002648339451,0.8843971502403187,-1.391368135041784,-0.861530032729835
4506,3.597793675891797,-3.8742109526873634,4.655174356090505,-2.5758866887699092,-0.1909355069675267,-1.611934883555854,4.074549559828121,-1.5271578241992714,1.0597311505062814,-1.4132913855894014,-0.8646306243017783,-1.3292008762425098,-3.4718681675345167,-0.32354310536029374,1.6476489363171147,3.284668091289138,0.21864102593337265,-1.3555467806445431,5.012934051272026,3.483693172083555,-1.1924651521370055,0.8834661662366194,-2.6230293080293663,-5.564598929427348,-4.511321502693699,3.5833450358987236,2.4512484641238395,-0.2768237690792539,-1.621913126721358,0.37546489847371234
4507,-0.10260665879419761,-5.143488749807741,-1.333962198364624,3.4727477845072983,0.8810092534663667,2.2263005689945974,2.9866074977151804,-5.459083731281179,-0.5241551340958006,3.3693202856101614,-1.0890140881966643,0.7163251702497853,0.2545497850674785,2.63515207721548,-2.79584000697748,2.3330922273340278,-3.3065289965860902,0.8795749139468292,0.09355652850410578,0.4898752372406161,1.0611093717946325,-0.8204143397496049,-0.6787073666856198,-0.14541943110564048,-0.09591092689136005,-1.4023771126461746,5.775338621738179,-1.1513317435391404,-0.5543711192191196,-2.5713477194404426
4508,0.7653105677130245,-0.7094459306456038,0.022865307410878444,-0.6916209143381202,0.2596476025870085,0.3532433672745352,-3.1628691001407034,-2.794093053269524,0.6276307684666458,-0.16263612465489885,-0.1255240944924072,5.617491604092361,0.94118994479172,-2.933853517973663,-2.6277530646908875,0.47907408419399644,2.4291084145372928,1.7122341391417812,-2.7108452980550872,0.7727865950715973,-0.06202417232175961,0.1462462074850901,1.3792258631273828,0.4746108046912383,-3.0715944121399517,4.973133327451524,-3.0918064627795054,-0.4576710407627447,-0.9938608763579975,2.641799464590619
4509,2.0146852423896817,5.2206627505817735,-4.09945875170861,-3.3901297388202956,-0.23445232314482634,0.4886928207040455,3.22792720904301,0.9733224353165895,-0.24109772766395476,0.687625955482245,1.1538048130369694,-5.801582685213379,4.230608053549506,-3.3768888508465,2.54220503827408,-2.07129361123242,-3.1906628859222046,1.8660322561777818,-0.4340656571192447,2.3325543457688553,-3.750159575857584,-0.4950872467492582,-1.2122639901507615,3.5590221241064306,-1.3125451256304075,3.1447190319435805,3.526446498026516,0.1628491155504994,-2.099583825842126,-3.4218856940460913
4510,0.19738201389854027,-3.572256174614065,0.9334833227736148,4.724819598843666,-0.41049475644318933,-1.8729340044567753,0.097074739921851,-3.488433720718323,0.2473065960170544,2.9557003857925075,-1.0129564835376605,1.2013084825260272,-4.070731264717349,3.1069529544709376,1.083591169439586,-1.263522444840465,3.120904067995827,-1.9771944823483025,5.76279510830723,3.1145336785462234,-3.9790873285175934,0.02551816719467226,-1.7934436552525312,-3.13031597027954,1.049798153809249,-3.8732813752015787,4.5711078390548,0.501539708232202,-3.330623146893224,1.0814588210004992
4511,-3.359263118814715,4.651571690180631,-1.9362303594740062,-0.8825516081914486,-0.652967190983073,2.1794405872843594,-1.0954264908671263,1.9157904036888311,-0.6863901386692888,2.247804127717238,-0.14868958704299562,-2.2330883148251957,-3.290711152816222,-1.2285857126064936,3.1232956800245297,1.0724915401592554,2.3433325991872422,-2.0198229539480828,2.9813341322871985,2.2422088845585684,-2.403773143130133,-1.1931671693566606,0.7748698761163801,-2.401472580476888,2.470334253188067,1.4751114434824117,-4.090893368026524,-0.27588215936966876,0.5662264068968064,-0.14489657616915785
4512,-0.6438376852591929,-4.096340395198855,5.961206180600737,-2.036302970320488,0.8963203018535753,-0.08104543167404366,-3.7770348427477067,4.392899945925002,0.21858439731115542,-3.7145944773339057,-0.07874148037863726,2.958886457225546,2.973993978085506,2.4035797680318076,-2.7251237610328936,0.6847406436857923,-0.18797959831005429,-3.149211030459915,-3.017003861721488,1.5960824881464788,-3.2359885151225978,-0.22247511964235844,-1.5497018263416376,6.429086834680085,1.4979094025209747,-2.8263811002259054,1.4153441015789596,0.9391536820673565,-3.0007743024153903,1.9747482164759234
4513,1.7719820059822595,-1.7811199609935287,3.9764522461620473,-4.617261047185629,0.6288758363749416,0.02107091966161967,-2.04467524841602,-3.237515027989158,1.0485013985722125,3.214095940813099,0.3421538669074602,0.6774390701138131,-0.005352796390809544,1.518652337633874,0.838497133337377,1.607998724278314,-1.6811532424775795,-2.278642156380956,-0.4362759450228779,2.670497117913758,3.1385788769768936,0.5585430558563207,-1.2377123566948107,-4.693630749030781,-3.8804507866030917,-2.32555411715785,3.068654014357783,0.7104233206792951,3.7116687344317967,-1.284741165706004
4514,2.8752108215888725,-5.047609157673783,5.35742724329582,-2.4978275631990066,0.018121784875634983,-0.7053231288858139,-4.7111695650888485,-2.2118475780944813,0.636009260517084,1.6418025941449805,0.6353084957140709,4.009896792808572,1.0414157392579888,1.3037575708125644,1.4417155901184913,-1.9935645791282344,-1.5271016051034891,-0.2662227159570616,-2.677849358372349,-3.4941549683447324,-1.651589602770546,-0.5789864369379565,2.9764183248331584,5.42616204159097,2.097345610141847,-3.697977115145484,3.9386903040581487,-0.1290810858566216,-2.231221059898946,0.0222433467030001
4515,-2.0446331390434835,0.07953245961045852,-3.9238594646616534,4.72922147484751,-0.7580920880064033,1.9178307572552988,-3.8213143077512655,0.9330851282188171,1.1802327432281619,-3.077251005529069,-0.38315956561742315,5.1684070074521316,-3.209858009886,2.300850102256131,-0.14767908705228905,-0.12146950362420128,2.0682039971861634,-0.8900474988795466,1.0512218943019,1.7341638312317382,-1.6734625282815507,0.20859250362919024,0.36161626735441565,-1.6821319682371296,3.3956190136330733,-3.8720889607543008,-2.2604433945647173,1.2224183541528078,1.4068029610302304,0.10769202650488907
4516,0.8941540752107269,4.378191238905874,1.185990321665546,-5.545402962075528,-0.7187466577796999,-0.1941860159251938,-0.022616594263592305,1.7477913547496762,0.07019519181802014,-1.7782845021678426,0.3246607766649534,-0.341746226799863,2.1430930007310387,-0.4425875980541676,-1.4102227822210676,-0.049456809954214975,-3.561775371155033,3.320949560653684,-3.45106277495319,1.0989799559745954,-0.5321048114229132,-0.27766966406880833,-1.7276615698748916,4.889518864343742,3.3948591600831897,-1.4438395135945612,-5.382308436416277,0.8430400188725287,-0.438307515412486,3.0265562864695674
4517,-0.38839652405375347,-2.0375597702800405,-0.7697761437094428,2.8749733065206087,-0.4291810716792641,0.7499402032036446,-5.799947649832379,4.335614925667443,0.3148814154966537,3.6134082848347084,-1.1037056859557226,-1.3602512902093515,-3.988166929965299,3.7283234089339885,1.0327731877901343,-1.382572531110755,2.975743306470669,-2.366100442118423,3.923802053188332,1.6798712415020116,-2.848835715693413,-0.2810865700359635,-2.7302429455583646,0.2564919365959035,0.9806653311390754,0.42239490983523353,2.0866022568882308,0.8179456337896189,-3.406761090811731,-0.9008470408385065
4518,-2.035891906553424,-0.9641611799863661,-1.7233065778398355,3.533848510992655,0.5916051254825723,0.5979060279061574,-3.7354884844691085,-2.8376156103289105,-0.2825875369071058,2.808000891551764,-0.991821212843913,5.039511952998637,2.524577019828424,-2.4491834351824338,3.4759831226408764,-0.7405970983493653,-1.7452750680052542,-1.0655045409319364,-3.4931870878025677,0.2783616201767174,-0.618289579247147,-0.4753697638440615,1.7459380093216605,2.5625468013938786,4.610716467532114,-1.9712837312180262,0.17995324296683535,0.09355455902184406,-3.6749423638001524,0.7620018254993077
4519,-2.3656059667827503,-4.200887328733987,5.317433051071408,3.322893974384499,0.09598789083346126,-2.1698216207708647,-2.4403098273340476,2.83360530700028,-0.19103094309095248,0.38950890314967523,-0.47588162034805315,-0.11589181937551984,-3.116667647122357,3.215557333081506,0.10641030490594261,-2.700896874097685,2.3756411235417048,0.11995575969118555,-1.1469831631378362,-1.2295275831722137,0.4520611046258196,0.22446039018594277,0.8166207367328262,0.8833685147638946,-4.855265198626757,-2.775719935349308,5.986995880109717,-1.0316900790672578,2.191960221259407,0.48371911167610193
4520,2.5225769156722606,-0.8450855148201271,3.833075255570918,-2.5885497285116763,-0.5207302002565892,-2.4012867276530008,-0.201247105424482,-2.1319838574313437,0.18113516785393102,2.061789335257483,0.8071428970504506,-0.7168364373046288,-2.331490504644254,3.7826002477987757,-0.7945634105168438,0.9126849041779828,-1.8698144253329279,0.30058318851755317,-4.122432138411302,-0.5976189052134266,1.1572263773158902,0.9488733483656313,-0.7285060637093714,3.342457381651034,1.0803627546886148,0.14132114138804042,-2.110909356853803,1.1642581176742883,-3.381386104445946,3.1063534475507133
4521,0.1882131072471811,2.2899610323767625,-0.5697520207873872,-3.066094546553483,0.9799741508187965,0.177698276899946,-3.695545221689322,4.416839258430002,0.23574542016946687,2.8659441167549744,0.033324841889595724,-3.856308415553311,-1.9783446562282414,-0.10852691169317197,3.8788266347277904,0.9482572735450567,-2.0767397096713562,-0.6634726306797916,2.1739433317604764,-1.7954601792655929,-2.7461948923489885,-1.0402912354460918,-2.288740998720451,5.696743974019093,-2.9413694760105678,4.883488800871927,-5.724543865395546,-0.11933296495536361,1.622999402656177,2.2787581028352832
4522,1.9271334865472696,5.548429609071359,-5.557257119823209,-3.074712135116954,-0.3119355349240722,1.4683416942474263,-1.798024747520376,2.798882109659246,0.10550272984174036,3.2347879966295814,-0.4499814971389142,-3.8911665914698936,3.167735709490124,0.8010907259616893,-0.5634774623410621,1.3882094584946714,-4.1028237374435506,-0.6907346941615558,-0.03238577235229201,-0.17830699976988917,-0.5705315819019816,0.8227101192941806,0.8847933243520707,-0.9262790896236481,-2.199251440873585,2.9126951813229454,-3.5952213492275327,-0.7600187885599095,1.674229395821353,1.9675670015186313
4523,2.0427510221769367,-5.490257674539645,-2.1108281822368617,4.261251271009225,-0.9662270372923629,2.263310600884573,-3.7700482960245303,4.9907901220547295,1.1537685480969415,-2.631496540041505,-0.9086014059222913,1.1655875718380209,-2.8484485845222967,-3.0260578243426313,3.492660080142386,1.176716475700104,-1.0550693925864216,2.2601992456091757,-3.8113107246027376,2.375871849664211,0.11657602626186048,0.4099466157675353,-0.3256723052608912,1.234588538168456,-2.5725842498346374,4.063988927213078,4.551125965346085,-0.5024922713507962,-3.197404099262119,-2.342634272109718
4524,0.44007547582436146,0.02441540172732104,-1.724554915065994,-1.5939701623912441,0.9132467761411589,1.9407874237662845,5.207679644062043,-3.330986645106748,-1.1314825284799634,2.7125950739841542,-0.02755981945236119,-3.4302457250057508,-3.381091866086445,2.404273604225576,2.959681849887861,-4.171733119585642,1.9108351880954366,0.2780343434635295,5.284137583125215,-3.3906084728546677,-2.3095897675240913,-0.8903750456864916,-2.190484753265819,3.4969204562043217,3.3834631105837936,2.1183078293868363,-0.13216160471510108,-0.7695412004756097,-1.397445499034374,-3.202622635743687
4525,0.14585062993478992,1.7922002792140148,-5.541952542488406,2.3129098140597364,-0.8440755783340426,2.1350673976158028,2.6930783889030856,6.1734590794481825,-0.379404876951563,-3.3600233968860262,-1.2487799238483754,-3.8783292706639045,-3.4273645854531782,1.8242235006310032,1.5095602444700873,-1.82410991037119,2.4368495458165818,-0.5191587950929879,-0.36769397267402226,1.4948734505305055,-3.9722101869238777,0.1531728620345154,0.7605012888585172,1.9313565581728191,-3.9626874372059895,-1.3777451867957957,4.026477866578542,0.37032515336419625,0.1582484498907899,0.7853811541701354
4526,-1.5058796335994167,0.29646114947424707,4.089128737209997,-1.3725315082498035,-0.8223290983317795,-0.6848496465012985,-6.054912554971189,-1.2696604369525843,1.2477867465606334,1.6366498245446337,0.09423063457198477,4.345905786247908,-3.8219544258122706,-2.452723815030229,0.725944433496025,0.7796473170695748,4.222897301785931,0.5461891884912919,3.1640853619544025,0.6501586829312807,-2.1999395712078247,-0.009658308650024594,0.8205055926315179,-2.4251517576608954,-2.2502204422578025,0.5640671463507303,1.0096989005019736,0.6440662883135557,-2.538257060055109,2.5706451671485198
4527,1.3573116872610704,1.7441350064267382,-4.777168496526386,-0.4520278865399945,0.9915531519459497,1.1361965374345413,5.651557239280976,-5.895673895998595,0.8801340216647509,0.16120176106072392,-0.19749329719980846,-0.5997258288066725,-2.900842336124219,-1.3321506302614683,2.817934295081706,3.6757470531490135,1.0857765086812492,-3.3464648905259473,2.082658854355877,1.0428447177313434,-0.9666463989713865,0.3819424519885368,1.7141357942973912,-4.254935419403306,0.6932348870964482,1.0907177765591811,-1.9325059156858373,-0.4216616266377411,2.4411111373383783,-1.870896258668564
4528,0.7077308137718603,0.12997128449730866,1.5421925622431836,-3.1662622618605383,-0.30382277986158046,1.0901903812116807,1.8771144450948007,-0.39579572981929445,0.6474363065715236,-2.3608890310335475,0.48033519488672205,-0.248201185698818,-3.521448692707027,-1.396343488720328,1.670527119837196,3.9364928748373593,2.716195706313435,-3.4054235195602907,-0.11718577220309712,2.778104356172207,-3.0521600974556033,-0.44064916851480884,-2.653348725826671,3.4852394078264197,-1.0591270051426207,0.5537395115255883,-1.8356888776656035,0.7783511842419566,-2.1539573851689564,3.716682572211493
4529,2.8468537936535796,0.5949188024309393,-1.1633209260635944,-1.6463338956495015,-0.08949212022637454,-0.5426256541431496,3.38409974788172,-3.0188638995932777,-0.18432152285031833,1.3677664596847308,1.0536869176048214,-2.6023677027263084,3.7873063793659725,-0.5481373030873726,-4.179375153485605,2.7500211964582952,0.3621626113431624,-2.1719777305940937,0.14484913618938577,0.5009530589135807,-1.0817557847421888,-0.13248939024304995,0.38783620146570996,0.18060677841500095,-1.1851025225163347,-2.152235300138873,0.9506437424411232,-0.5890034531077726,0.3966055336693515,2.579091999654338
4530,1.2031722112294112,2.2017241507392775,-5.211289966922401,-0.19217768252198653,-0.049916767457159006,2.0484880549347615,3.269947755839329,1.0565357452749993,-0.7161017841246053,2.8994083197108687,-1.1453365018194313,-5.364453534879807,-2.4857344664048995,0.6164137636254878,-0.4244661888238994,-1.539407306567952,2.479968209762138,1.353225988409548,-4.57936642986915,-0.5155212181266595,3.2266351421486696,0.014703879412164333,3.0806427985548908,-1.2270941721214825,4.579054417210543,-4.3098096111907385,-3.771655686930117,-1.0407468084582834,3.4111166057498714,1.1320410836205497
4531,2.866746308808235,-4.447807540826457,3.8240813126889357,0.3864093361457428,-0.6143197801306659,-2.0151096366838788,1.0700563496699438,-2.769248080738997,-0.957110374383249,-0.8760132326560104,-0.8962515074649611,4.428566845574643,-3.1460152636896908,2.340375918125911,0.1906592310667925,-1.9418009450165137,-0.0455199152906367,2.602300974804546,-1.9542339249854983,1.6733374614256267,-1.113454190337709,0.14338711562006967,-3.102100031094041,4.3530635693699935,1.7576887410035198,-4.522052120635125,3.8381065660712252,-0.7172692608539686,1.3828547909206463,-1.7393287165045042
4532,-0.48868809196371465,-1.3472314157770207,-2.6640245610009856,5.629922036101153,0.47926728647863204,-1.6092452538361588,-4.85020217231445,4.21929773332781,-0.9613360381865137,3.5987458105015477,-0.48838878340143665,-1.5181165499255904,0.10325186912153939,-3.740021109090698,-1.7055843871916423,3.67634728045838,2.609288423420839,-0.9432820767180186,1.1409952299156245,-0.2126793057086882,-3.1809217316198666,-0.7708024225155663,-2.9428137644248515,5.966221994351791,-3.8054103341359244,2.6663163652037873,-2.76955512101145,0.45481030005963774,3.059193956081849,0.3946448338038895
4533,2.6310006493780485,-0.9787919542410464,-4.250603176544313,0.7310366548208904,-0.5807290807655761,2.4480869073539164,-1.4299226669282987,-4.216744429082407,-1.0521834995311643,1.795590937544226,0.020438940078649104,4.882820717920353,1.6641612732388111,-0.6119330875051716,1.0209478953627773,-2.35919317869676,0.8203990050251626,-0.5343819074243896,-3.5938530913083113,1.5500480432688644,-0.6106385424187213,-0.7215874032168381,2.5873095041305447,0.788721489542894,0.21599128555254765,-3.2399669350437534,5.305005015439722,-0.7986188462602684,-2.3377319851928657,0.8553214655063837
4534,-2.014295360173877,3.7000623045421044,3.7817468527395377,-4.359266188250572,0.5550512397474687,-1.663298848602718,-2.7934852761728735,1.1782476098731394,-0.7706017432787302,-0.9078874303025124,0.26073730214939594,3.032989537732945,-0.6018678523072261,1.3498629650930525,0.653897756213702,3.37586228168918,-1.210583294483932,-3.5671718562043537,4.829815609182109,-2.8108411174724495,-3.6484672343089315,-0.08085605519470551,0.37228018747795133,1.3380686103145045,-0.8167685675136056,2.746818803116124,-5.406641135753063,-0.8597632499683749,2.624548389619232,1.7118057605014556
4535,-0.06278182410737188,1.1014395478494698,-2.5805027784153367,-0.3781456203152018,0.47510452733373754,1.4448861476566552,0.5655514955481529,2.000206163667265,-0.8422563001631795,1.9455894268579392,1.0937595710578538,-4.762850356966677,4.174861670182061,-3.3807634794608212,2.3178681159713186,0.7674857409554718,-4.075694637270841,0.1962425896232567,3.7473468294988344,3.382147275686588,-1.706324205411013,-1.1454271769638042,2.161053618712721,-6.438796341524814,-1.0626489979033664,-3.025888879437197,4.794357714759368,-0.539132385941044,3.2264665654296927,-3.3931540169056635
4536,-1.6977759550431397,1.1311828989476815,0.16432850846335612,-0.38039450170774103,0.49696579191639856,0.28569325742541984,3.418965100427922,-5.407699341246097,0.14101573981118687,1.2095345987772,-0.9002763598073784,1.5384602620385195,-3.4550432646862728,4.143274389486017,1.547739551583021,1.6686280278323942,-1.9783145017619983,-1.9262842024527114,0.2989650397640027,2.4854356203193646,-1.4059335686327223,-0.19076588339345513,0.9064154086311067,-2.0941166166898064,-2.6662560550862047,-2.0601449431290817,5.126646476579815,-1.093109682312138,3.550686126401377,-2.8578219224519774
4537,3.206684346566636,5.274739506835054,-4.791086407581712,-3.839839079870874,0.8575238577895545,-0.7080222237366822,1.6072754666882574,3.404498766651269,0.5858373605279725,-0.07513954642776177,-0.4239493335551998,-5.098522713883149,-0.8438512005586247,1.1093566319404502,3.157721082535531,-3.689007079026789,0.11060741441141175,0.15517315069845772,3.1851453788345907,1.3493145146654317,-2.797609244431772,0.2627538313073119,-0.674680186757108,-1.324924293619972,3.976051821107834,-1.5955764858784391,-2.647134021696644,-1.0610204278558584,2.9544183158456647,-1.62673920152079
4538,-2.048239279609531,0.6915869872026441,1.7520325129304943,-0.2849584931570881,-0.8130399904359957,0.7026182630714874,3.389443003052481,-4.136754734945665,0.07972574240383157,-3.2759733967606603,-0.17600701321551515,4.119566399466908,0.8868569093049778,1.424205146694412,-4.168248053311947,0.9464106223819044,-1.004917130531883,1.9156925054629532,5.1898995692762995,-1.4877963219257442,0.8630539714917909,0.04479295339053113,-0.14016537085539404,-4.469784801379028,-1.1295607814056225,1.2852091848427953,-0.43779900825395757,0.01109763961363086,2.425972184628062,-2.1549192194231406
4539,-0.43241190502722304,-0.06901268529668769,-3.025962531252283,0.9812973426530434,0.9994244406130459,1.5466653383120992,-5.915212617497097,-1.4085406415602044,0.15992386172638096,3.7287668042428557,0.5736562881951146,2.8614063048943095,0.25718224994450267,0.6540127510318889,-3.3696759808648906,-4.108884619741545,3.128286911020787,3.4390786886096762,-0.7575936869624407,3.3128327657707395,-1.5965653193492955,-0.45853506089938545,-2.942673664464431,2.4425349659032456,1.950142752656273,1.6300449425647194,2.5510030477867645,-0.37727673572674636,-3.071808320003125,-2.6821056872761027
4540,2.2302175993929083,-4.965909655040097,-1.5706401476648537,5.005689076413713,-0.6339710955983053,-0.0653857775013531,0.30690752427564405,-4.74043776392546,-0.0026924577232145808,3.6118863948809263,-0.9592810757121102,1.7836173782055518,-1.3616031594943525,-1.1554924281479089,0.3432003515746054,-1.0647681689456991,2.6019211899711827,0.6367422150425988,3.233426122977882,1.8679324124576588,-3.2513352251722374,-0.7979319286392172,-0.832743291907418,-0.21934808971827024,0.46040847310485944,-2.756916478219587,0.2778798490753047,-0.46146946369120734,1.4875144123213815,0.9925832074110517
4541,-2.5042457024027307,5.4882110827944,2.2774179941705306,-3.6596786764559965,-0.8112116150028201,-0.7904930831013637,-3.00169154626062,-0.5987985876682203,-0.7443631461797766,0.11747948510943651,-1.1593418559850415,5.3867156509855505,3.651394417478368,2.4176882131636006,-4.088404553530344,-2.576738713058484,3.3423052800212822,-2.7462446440740074,2.7898149495843327,-1.2794255641834074,1.2090080162915093,-0.11853933439713149,3.0270114790320584,-5.6278695463289665,-0.5674040812580827,0.3755018798141876,-3.6118175228745564,-0.7195828276040537,2.7688385165149576,1.754464035409356
4542,0.9032683182234091,-5.590535214244063,5.403095622165132,1.0440621716254057,-0.38716166872504365,-1.3727292290428323,2.0487373707246803,-3.074408841668749,0.2764642222864273,-3.676915768011783,0.5400976069956727,3.886025409675092,-1.5253310304366696,0.07819955774533227,4.199182503812853,-0.47108262393748035,-3.4455832508698503,1.1646148436862411,-3.869116435565111,1.6789936109701156,2.08535082712719,-0.7456731646587231,-0.8704742418481892,1.7209194039730562,4.577289024255336,-0.49884517220020186,1.1983767960492884,0.12545983841709063,-2.7981570070320085,-2.6041234794876704
4543,3.1439141547544445,-1.5252353698817522,-2.4088627427301894,4.2580227820996654,-0.9841376672815825,-2.4837011569586016,-1.8423439886866966,-2.2974502726433705,0.6468113890360616,1.9671696281638305,-0.6992976126770793,2.225110856808616,0.010700096559222771,3.9091626110532616,3.051250665632619,-2.8421705934311436,-1.1029686993478354,-3.0259740804656747,-4.258221293667461,-0.6298432861203231,0.6896482449486463,1.0194970810954125,1.110643141477441,2.0682761122645843,-4.91054594202506,1.9974865950192893,-0.6782161127610493,-0.8110697157088929,2.033853026260225,2.3684921492173316
4544,-2.517190915621372,2.284159194939569,-5.175847042852844,5.291921953496985,-0.8231155861496056,0.9400723961892528,4.491883079087337,-2.492485755827957,-0.877978205354637,1.8420884085528506,0.08079780909970236,-3.0443053355559293,0.6621958107237162,2.203083093791612,-2.557732244397137,1.2256707086294192,0.635578369885561,-2.1687957386327366,-0.26725743042612393,-2.2768635323295534,1.0931914467552097,-0.2739280622858207,-1.8302170679263323,3.555074646210908,-3.136190227792653,1.3487078424696364,1.9064330514185386,0.7515050592635877,-2.7078115089243546,1.8373557835670695
4545,-3.228027954083961,-0.06378444124522531,5.428774848147238,-0.872485284398202,-0.32256149505047693,-0.9419156733674185,0.06651352246485231,-3.3356556915370774,0.6378426377800324,2.1713980096674703,-0.11821860829206976,0.5781201299181724,-3.535566301223648,2.4098214738086696,0.04569535388156254,-0.6273616856437769,-1.0981645116226826,2.8055756708003408,-4.654280056435194,-2.6248571657447552,3.616300954502208,0.9674986555236593,-0.8907487169784378,3.586086329130797,-1.361482423162272,-4.9864663762191554,5.955403615278016,-0.3336870521279893,-2.2742410037146783,3.00047323994794
4546,2.122709486906711,-5.482963593909318,4.431154542867638,-2.570610387503592,-0.47002589572629994,1.9697358473668025,-0.02834817489553032,-0.17725817276094347,0.4200168591891318,0.7971398997621648,-0.04333411793570896,-0.9682162933577381,-1.049290162526166,0.11143935258447257,1.3893201597434732,-1.1429479455842326,0.33261177567034395,0.35886682011257953,2.2528603471513833,-3.3701271424095918,-1.4508492287823103,-0.9644193421174556,-0.06514481422554574,3.5976801803818006,3.6609486309860664,2.775336855040205,-5.814079911911097,0.7781514927763595,1.5982721510127291,-2.9986292179024048
4547,-0.18746294211822345,0.7881380654845813,2.596011791362411,-1.0099027168042554,-0.1879737651600002,-1.9988104327625535,-0.7061184019501496,5.123036639513554,0.09795604271216707,-0.7853029394846835,0.2758880935614201,-4.005459434350911,-3.528950802018807,-4.241251467436914,3.91767095517892,3.5939842050211084,1.535110734017053,-1.276563624760879,-2.551838028630012,-0.8199771384166112,3.567736963283444,-0.6766582356496214,-1.8230765845307406,2.3038130239418173,-2.286192838528457,-0.7599988459672851,3.784690714402199,-0.9830769579667296,2.9205735277940015,-2.675995599731886
4548,-2.0899730733394684,-1.8074650932497534,4.135300869087825,0.42107453838584163,-0.9955998697134709,0.33666262883100906,-0.0060141340042250135,2.4640981424953665,-1.244089510662378,2.4150221699322785,-0.10329817354811599,-3.525718494211503,-1.8308769994117586,3.5793174304324786,2.7799916947104784,-1.7336860758975305,-0.06227161771622036,-2.7324744321170016,-5.789902269250355,-1.2158357053253468,3.2753518116565914,0.06787280223902403,-0.2759741221726202,3.9384874828509666,2.2305704128472357,1.476114281995386,-2.8660788950485845,0.6349964765737992,2.1667813844200836,-3.6423836607860665
4549,-1.490799097136513,4.674198390218631,-3.5080769324217727,3.6450605667288904,-0.9112153693219036,-2.4091675580653824,1.8403935167849,-5.189975914766208,1.0207252792061272,0.15248553236330942,-0.8395321738427519,3.0159037602560446,3.708823235526399,-3.9936746502872538,3.0010893717258966,-2.229959154974855,-2.706349759035703,2.220070957045973,5.424526498559757,0.8356930614759772,-0.5762178447974637,0.0821709722191839,-2.183883647821137,-3.5822890396380593,-0.3717455570290191,0.3782547717040394,-1.3339135238519404,-0.5342836442110244,0.6751077085505646,1.186580244839245
4550,0.640173410323154,5.469470404988272,-3.571420311423317,-1.6229693863917163,-0.22217433577989465,-0.6930797817145589,-5.038601143212858,-1.7224812585578562,-0.8413729888464632,2.0781940875252864,0.48164169240790233,5.042619610685399,-3.8225276481511585,-1.933332837825123,-1.2527043622099452,4.224312754130022,2.70244349872927,0.0818085953274128,1.1923073471589198,-2.304744736229271,-0.41911179813489774,-0.5767151264083523,-2.784638674073733,4.892902987685595,0.715297755415726,2.7475471383230534,-4.853429225941142,-1.1739061825409274,-0.7186671329523708,3.283157647697525
4551,-2.7451457756575444,1.3084005075507932,-3.1897880079518686,1.8070181459289039,0.48598037581365183,2.3335347543180234,1.9447030410833008,-0.4570624741571372,0.14706404898860548,0.734729410390031,-0.7833715107088342,-1.5860625155945485,-0.008994130647039356,-0.6008752118254748,-4.030003354415443,3.90384081983758,2.857256949689539,-2.1212250726386674,5.435689970352339,0.4702852903321215,-0.8759527655608039,0.13752458812909474,-1.085149492690162,-4.082397590564348,-4.732382354573518,-1.140202181092146,-0.56862939219398,0.31372509389218983,3.028264463750503,3.099224370218824
4552,-0.8314257391397923,-0.8849056240862652,-3.733217575825865,4.020419896389974,0.8105336910421981,0.6185953516217175,-2.4785899801190183,3.2991388290843524,-0.01609042007946382,1.4223829315630105,0.517184202341249,-2.744025562788721,-3.27936743026002,-0.4848591213527058,-0.10978115071930361,3.0736051598093965,-1.3044422763133205,2.104844818836419,-0.12815524145408475,1.3433482395919523,0.38205918303749087,0.8587486286478354,2.3280520488021175,-4.784052858627085,-3.298685128897226,4.095714041286346,-2.76205307381289,-0.6417775375627599,-0.35221601816231285,2.9590177171507435
4553,1.56279311905676,1.1394191238020284,-3.592988126497218,-1.2312161463002091,0.9545675885301126,1.1674244414104926,0.22177488044648186,-2.5870844025417448,0.4607130162021802,-0.7758089150211109,0.8124489492963782,1.867956471619209,-0.2885024121355855,2.803445756477295,0.5454157083551046,-3.7494464851031264,2.339001210272631,-1.649913777865848,-1.0587048384907938,-0.1279201661616014,-2.0040096026842615,-0.2943937844911666,2.4173921845908897,1.0676362072352035,4.445014793087157,-4.142821453904141,-2.2059407864776333,-0.28032321927354165,2.36402463730213,-0.17995397073203812
4554,-2.126193822449517,-5.5722895753511885,2.1394375916988473,5.759460776511869,0.41724462284473685,-0.6176595932527729,-3.3891961738254643,1.1774620804211793,-0.9098615797956793,0.15210105381427574,-0.029753004323410437,2.9992476237104704,-1.561651030898556,2.0615908626653656,-2.8837581061993482,3.6337476393935937,-3.6194227192946453,2.369493354334047,-2.615314110206292,1.368245329923175,-3.1580450655300183,0.9274176798326375,1.9573457721465033,1.5203503938322456,2.644561258153619,-3.606388294225674,2.2902979810440236,1.2331074787948273,-2.4782506869805943,-0.08332773678427685
4555,-1.8228243179028176,-2.0595440402894383,2.042984835303166,-0.6607411809971779,0.3216355954017245,2.178489108486515,0.6101689694772823,5.8641065729937765,-1.0802085444983471,-3.6364160099253358,0.30941895566339106,-2.0670699437093987,-0.8787506431129835,-0.5531899189851508,3.9034268199742392,2.0020754013339044,-3.2520277576418337,-1.2215339015677174,0.1723013230452004,-2.905995012773971,-3.244857588433197,-0.03762512962596354,0.9818593305200451,5.0343170772661665,-4.395194337150389,-3.305578927325481,6.07840802611388,0.9546789290561568,-2.120350806414301,2.788037115722048
4556,1.729208841856508,3.8319783237589675,-3.02701241468084,-0.8787608428000837,-0.6776409674184893,-0.9777729407140683,4.787851219556597,-0.9241189691389629,0.33568473810066557,0.43665177443628167,-0.9653715687175026,-3.6706971942356716,-1.0845804833379518,-1.6707616597095925,-3.272805649431291,1.117119711405664,3.7492898404448027,1.1617382406288073,1.7959883062729851,-1.0478916069282675,-2.3959557305050048,1.1554587971540862,1.362444911723415,-0.8700446777189121,4.213843037286068,-3.0396473819089564,2.554882478782215,0.5541726672166201,-2.105770043220762,-2.177480758153248
4557,-2.041056510729696,-4.261245100830109,3.115326159884578,4.317424189630277,0.7396983137749378,-1.8701470517279688,2.6062434449372027,-4.121152385192321,-1.0566597511420364,2.8437046222878273,-0.8532880159720886,0.581152085082838,1.142003500410997,-1.9853670918238535,-0.3473709820759545,-0.5999857870193495,1.970119489717817,-0.1793991292092212,1.538610532304972,-1.601210686231358,-0.486853809334848,0.8231941219513725,2.5309954394725445,-2.8047355981643776,-1.3898623621043456,-0.3613917945422678,3.938927651115094,-0.7972207384593029,-3.102893931024896,1.7124411750176414
4558,-2.8228444242433763,5.668559556204411,-2.771270543780208,-0.06276957613307843,0.32111616504709684,-0.3327911770928207,1.2797146694507902,-1.1440305769581123,0.07571882061743285,-2.952781086710397,0.3970541760452564,2.344323997556483,3.7792227842313544,1.1296405185907332,-3.755796967861775,-3.726672921224912,-0.02443910977734376,2.5980456960423624,-3.259245351061743,-1.0523522820959954,3.9686509641254837,0.9961561503351861,0.10450633498037298,-0.7577158162849571,-1.5251772438974882,3.467105577793628,2.155229475374796,1.1409879950043065,-1.8346815715040314,-3.4034642327692985
4559,-1.9646929437036533,-0.44772131613556354,3.855695717061714,-0.8435835626073782,0.7143098805977104,-1.3140077752107935,-0.9752937306630649,-0.7780157973659527,0.5137103121262783,1.7374638401875657,0.37353114236567997,-0.8713957666490586,3.5052352884590405,-2.7056085918004324,-0.9395152822160675,0.43776866423048233,2.4264197074301777,-2.724299786102769,5.4936264332365425,-3.424083905795168,-3.558227773179178,-0.39726376974081834,-2.065998410181656,3.9519474256586413,0.28364138700895225,-3.7159532049889172,3.352597798267716,-0.5157207347116062,-1.4427977756936414,2.038232530119412
4560,0.034727957023440226,2.4103116247711327,-2.422926502762884,1.3272905302710178,-0.3274371006327148,-1.021966508667962,-0.8482072707819022,5.006749302924973,0.7577592245915872,-1.9493163582770006,-1.0350985660313112,-1.9318863324249023,3.213268426831039,-2.3366065907359808,-0.46465191452842447,-3.8657264900644623,3.3306844070240516,0.1230321614742067,2.7146455985644593,-1.125953092661268,-3.902261852069083,-0.23041037471199477,-0.8621177472778871,3.4060974681541367,4.0000022050418735,0.6240258984386777,-1.3258855217907914,-0.0612353836886923,-0.09144546712505353,-3.1454617308741177
4561,1.800097297712199,-3.4249244988396974,-2.626986209206251,4.712278270779969,-0.4464368047819032,-0.01402805566229226,5.365733766752221,1.8359964941608773,-0.9859423298938799,-0.6586313186994506,-0.6573163768161505,-4.899840235502175,-2.9048309514152812,2.615667818672307,1.6702863139243895,-3.238778124845851,-1.490033545882664,3.3476884895475294,-4.876241948694183,3.049851760847666,-1.971761864330663,-0.1092432993365291,2.4517660999186273,1.4556292515934608,0.9363702499066768,2.3227212761839837,-1.8959813965220143,-0.8241916751153502,2.8164254696200324,-3.3553439240714322
4562,-0.6479207817745767,2.775708927907367,-4.185316613531029,1.531736581527369,-0.5821169432098736,1.107908829082767,-1.560032141354931,1.8927036765552572,1.2372132293017337,1.3613772632722636,0.7621798304849596,-3.6934418582578417,3.6181906538864084,2.179704935917531,-3.31484939523404,1.9097388979850507,-4.248404739666647,-0.1443803528878771,1.6727195003885065,-1.9063246053983764,1.7468863374060675,-0.6432996839793619,3.160185562531808,-4.030167110950259,-2.2489089310444434,4.240138179037185,-0.778378455864928,0.5886744736295944,-0.3339388558716223,-1.4675864098839
4563,1.9082245582187447,-1.8895752714668461,0.012390142551652161,-1.1308689627011042,-0.1784882977779687,1.2783178311775725,4.451921560244742,-0.5155066235217838,1.092704416422431,-2.9239723754261693,0.42308052751290326,-2.528227505230692,-0.9833608910233167,0.21504633625531966,-1.8292933124690478,0.3120385600133062,2.8601171113584023,-0.574547804134232,-0.012045223812883421,-0.8736140788203599,-2.4918951675755086,0.43996673843971035,0.08283128716504429,2.8547564446023905,-3.3016214866703635,-2.1027137993287575,4.733117376293947,0.7719429770415633,1.1960620578079464,-1.2967871251424352
4564,-1.863804353557688,1.815601283402728,4.404845456329582,-5.2414715868101425,0.4601806996011546,0.4246485010364349,0.4516567985964919,0.7925251116442347,0.4988475540630395,-0.5764237251074231,-0.6793212838778864,-0.48728445531703457,1.3589235897584437,-3.0548798999432574,-2.208875676461986,2.4054015057711915,1.9813275290867267,-0.4818970482106728,-2.361307285205463,-2.2419041973669227,1.0572896839031891,0.9787517222162814,2.830543303952318,-0.2633732275010132,2.0875325855285176,-0.09032129161131763,-0.4360039952584742,1.0561267327871535,-0.3428731775235434,-2.274460853920436
4565,1.8094064709187059,0.752963204367699,-3.1406677444395186,-2.1217857829188773,0.9809880717123391,1.7190957803617017,5.5540010982442,-1.6955446053078767,0.986722976060638,-0.33853344129577856,-0.4799813938643904,-4.026664633835345,-0.39526618443242967,-2.0251603126627966,-1.43068517195454,1.3167560919823096,2.5442273081301217,-0.009871731062215616,0.4862246058231037,2.2749618186237797,-1.2822860854944569,-0.05725908486548281,-0.24605015729064483,-1.1755910967979126,-1.7791002522284352,1.9634719818998683,-1.4663947576905514,0.3742720098320502,-0.029660822194456316,0.9374118403834224
4566,1.6156849946410077,5.365022590979038,-2.025056971826924,-5.494543271608933,-0.8089671245873258,1.3478597824052532,-2.485167201815461,1.4915887465837692,-1.196915837175092,1.4099889985217722,-0.7132353473603716,1.493740641246852,-3.5149410126630887,1.1865811046549766,3.6779155561136996,-2.0372587653286924,3.5578020923966704,-2.870098975173125,2.786189246028215,3.164174780284551,0.7547809878415102,0.7484567250009455,-1.425045663654453,-6.02855607550239,0.8263667793106251,-0.8170080023441457,-1.7395766230010032,-0.816260910364969,2.0773673664193844,0.46911138998203405
4567,1.3507052133838933,-2.030576991600771,-4.514871579855452,2.9956032414443676,0.2659154923151994,1.933224624314894,4.665440229021872,-3.4892123558818575,-0.5352067543303738,3.6703066149889345,-1.189728494995733,-3.1215992388013802,1.506526459522,-1.47677034574955,-4.099705097063879,0.7439158062586877,2.3573497919944693,0.9686833850387409,-2.204143281402935,-1.315658373399092,1.7955755806146634,-1.113644908116762,-2.343342161746058,5.18121314404862,-1.5539633025662312,-4.87408118078795,0.6177922477403399,0.13756059987153613,2.289226772901255,3.3834648628429704
4568,-1.921945043278706,5.567081065090882,-0.8761486716879006,-1.5900840047581823,0.01493750378037939,-1.193840849144319,-2.9556479365890347,0.39345919186760625,-0.20937198772331378,0.061442649935788296,-0.289696232700118,2.9998143152105463,0.9463668223456096,3.605988298932804,-1.2660192915735617,-4.051130414494258,1.120838679380462,-0.3560440945906045,3.278963416102105,0.03800676457730745,-0.28351011646972424,0.685285874029705,-2.344155534181768,-1.3745904040592265,0.008932278986677034,4.297984905539916,-4.881907326332158,-0.8158863027685621,3.3716335505831374,-1.9807571060070952
4569,2.976856957806934,0.15004217967075917,-0.19641639680480694,-1.9227832050982911,-0.6092455823270091,-0.39845395324543276,0.46559363758104055,-4.287761178117407,0.09433065960577824,0.5682694584270429,0.2860062927455216,2.873561129759519,1.458818470200118,-3.9310605706191737,-2.623061615423598,3.4884588713016527,0.20500916091354782,1.4018356836278585,-0.966458311748223,2.4826248715407147,-3.844763974867316,-0.7833993236249501,2.1519731955848975,0.9600235431132873,0.7959652724860042,-1.5369501108447174,1.8334755209773022,0.7439088838339512,-2.2567530158580293,0.42035344940742014
4570,-2.405470862442087,4.652546479513003,0.5212910223349105,-3.1534962900398824,0.10808715502219801,0.277042495613971,-1.9432421904404826,1.874805644163139,-0.24979173204239213,3.5417307298930467,0.5632990518105849,-3.786801503382403,2.8694175510748536,1.6746983760149377,-0.657067020648185,-1.5041795876945745,-3.1237782813914645,0.7409089626448377,0.6518516532732974,-3.2353574826644795,0.1869183847613698,0.0917662387425171,3.133717529529882,-0.8288963236441731,3.3054464361022013,-0.3104873937830277,-0.6855952918294435,-0.13724067408510443,0.8311506107092921,-3.003273687112001
4571,2.9843925169089474,1.5486238800579883,-5.874621143345696,-0.40788814878474966,0.6658520397367074,1.0836408554289,4.771975623759207,-3.084231211488593,0.848447058929759,-1.229592348189069,-0.7907545556391282,-0.5158445673707064,-3.693596903533079,1.4594110187630207,-1.8652725727655302,1.2644933253374333,-0.17867326564529762,3.013638397843895,2.7341184499684914,-3.3684449020869263,-0.8760706546694816,1.0271703496528977,2.763600893942616,-2.2803741368092005,0.08676426378969992,3.687485399545615,3.484463240692971,-0.9757343376401959,-2.651599533450563,-3.631379032935614
4572,3.3071804783287995,1.8949487204711737,-2.8159380383618675,-2.608190324857606,0.17551480553357823,0.04648435888800506,-0.8930366644633061,4.09376340637899,0.4449342527233586,1.0071748498068693,0.09035216768148224,-4.74318801212593,-1.1269308846776305,-2.3485168516836907,-0.7382004011190872,-0.3667161362709024,2.20777494127881,2.3725893324729377,-5.834051007118877,-0.446803923138269,0.9746860248293316,1.1837454867882409,-1.8686530923964781,5.99107651103445,-1.1748362661414298,-1.6511690632292577,3.2859488525883087,-0.2869302617856331,-2.753255926674287,2.580242665244217
4573,0.3362923897867738,-2.9804465812328687,0.6057161252507477,4.1522024241035105,0.2724222411666348,-2.3861865990727607,2.894913469777979,-0.3144597672946077,-0.2981577556423476,2.664487648595152,-1.2252782454943567,-3.721505349940383,3.9280368719322603,-2.512445183698963,1.903172094951156,-4.179344256387656,0.5557881971571454,0.30479227604650205,2.465370261673538,-0.000692895543393135,2.451762952744655,-0.5669833647204259,-1.123757659330634,-3.2256992948253256,4.522056625412894,-3.2103414377741935,-1.46000947226646,-1.012052685887697,2.0849955886909974,-0.9246486181736042
4574,0.3136232916337942,0.9481538650672121,-5.1710566632309,4.133404480476987,-0.8982696230768132,0.6741446491317351,-1.9727478593605987,3.566236374636979,-1.0044275534958267,-2.35996258423355,-0.18430626355230828,1.9552078860067468,1.6512315213383673,2.3911284575213116,1.854301847141393,-2.5783560682852418,-0.9563242130839598,-2.3619815446314227,0.9315179538170035,2.1221748690793234,-2.5871253171706474,0.13415851483508412,-0.3720288779098553,-0.2286971426524964,1.8124659988610645,-3.498678105940712,0.352695017538867,-0.6335532868517095,-0.9313844396782915,2.898454816072686
4575,0.5620883013555567,1.454718690820883,-2.4345365800506045,-0.9599172678704448,-0.5354360625601287,1.9130829183067686,-1.363111549580914,0.23176876645341693,-0.21459269253282187,2.687359839870485,1.0015565085558515,-2.3429808727645742,-0.5045527107619172,-2.7727218881952655,2.1102528483679883,1.3726132891913743,0.9599274203949477,-1.1655189589966621,-6.014113764617413,-2.4182810893978886,-0.3179320119051319,-0.5527998876242695,2.6676050735133483,6.635521680029747,0.9753677818052182,-3.2305087757905824,0.7300880065083639,0.6583220260983405,2.662364050013995,-1.7956330886333927
4576,-3.620354959432227,3.799201202674965,-5.741513343281916,5.07178576064614,-0.36140044573127095,0.8522817851263103,2.713138572025155,5.676992606029909,-0.4404714365564333,-3.435966587602799,0.8991193614197801,-5.4128125153141795,-3.041604288222878,2.1500194889170317,1.7183323323929862,-2.71893022719296,-0.3169070698613048,2.2090897639675937,-1.2497221169422055,1.8345567291758975,-0.10590630281742541,-0.8894470603456615,-3.107696699683416,3.518215450611198,-2.918192918304399,2.5631158491318295,1.8922130682441392,-0.21720895258613826,-3.132736308281368,1.8128092617978737
4577,0.19360213130417847,5.691216452176622,-5.931769220254196,-1.2993274575888094,0.18326927147983696,1.163008822884338,1.2169122811243653,-5.350428047525934,0.7219323068833488,2.6315977314135957,0.3254081640619395,0.4545775640441079,-1.3037044205199262,3.7259052621677426,-1.3695700258344026,3.87000303523142,-3.3676769246591576,-1.5549569263852057,2.2467534079801226,0.9195274687552448,-0.8798284522788666,-1.0320188658272933,1.9545893362232931,-3.209022894854094,-4.41735195788671,0.03936554190934416,1.94987360144113,0.10932059057226251,-1.3731319920221132,3.691924215988017
4578,2.269790859413007,-0.6824153546043057,3.7562030326407942,-4.048508795430003,-0.9582939855454673,-0.3367757564720648,1.8896103147024625,-6.143881271120108,1.0999932535076669,-0.0917455160455809,-0.7203370243145866,3.9663602432715663,-0.22397277693158912,2.7153874893893324,-2.1082095445451365,-2.8063387830968622,2.4618667157317695,-0.03873310054705392,2.200650989687169,-0.2642090914158217,-2.699013201743618,-1.1478104717915811,-1.8439406889576127,3.7543224642198822,1.6772290483408554,-1.1954095469152044,0.196269644741637,-1.1828852454762577,-0.6893771549137018,1.1941732542246015
4579,2.9277272078230148,-2.6826776662212097,-6.121752433100795,4.765187829919142,0.8399037021269664,0.27161135945481973,4.657670256660566,-4.2132826044902,-0.548224756334398,-1.6618279897501562,0.381038533595218,1.3846265603204024,-2.7465100580266153,1.0851231878130214,1.7324146600935535,4.22834835552807,-2.2674549317079347,-2.031921213699629,-2.0775643867873335,2.84105986956855,-2.648714000787688,0.6149274072549691,-2.6071967567897243,3.8774878675396316,-2.14896991950247,-2.81763113514765,3.2468107143827964,-0.4252040742557375,0.010434089898328835,2.134560324626637
4580,0.45294260286769017,1.521720337147432,1.3632844087927012,-1.6945436125311666,0.02872545757613265,-1.6721291938508465,1.511209114403833,-6.17556401143921,0.857450230077375,-1.415626387541316,-0.44860557806879253,5.671136632569532,3.7557743057738797,-2.759109275921089,0.2316351104943628,0.8640342592271573,-0.2493514842068656,-1.8429829153669814,2.987182122056243,-2.4569674561613972,-2.4587872464571987,-0.027333387234775408,1.6423619289158164,0.3135440388797299,-1.5926889034913678,-2.163796532224488,1.2442166406551962,0.027563244403124187,1.3507002344411063,1.1340053162183104
4581,2.1765712719318273,-0.28202112842564375,-3.3474327989974917,0.3490968626860145,-0.14098246636370648,1.2447682591709786,-4.580266030015245,5.475999201928595,-0.29583513210596557,0.7138203670689283,0.7102396544773013,-2.0239580613521824,2.5014384508973,-2.7685779305847245,0.8396557407919332,0.3959859680357525,-1.0939472270623956,0.12544499792261377,1.406307137052444,0.41534715567487446,1.0243912666256598,-0.9760245196022908,3.1255131924412645,-4.995534232193535,2.5813747979089747,-4.196447292093726,1.3395225105241444,0.8896993375843607,-2.9238330397865493,2.3096836858646945
4582,3.1754914407886794,-3.1647583484482666,5.69187913863388,-5.999465789086631,0.11488860821089908,0.1819649499033975,-3.9512460349819705,-0.27141006578986904,0.8605591804134631,0.28137216728626235,-0.360999923549957,3.4417246766234975,1.640441633446013,-1.4096850085217838,-2.7567441389073153,3.7583486297471893,-0.05524445898948471,-1.1771166567741371,1.8450548085929164,2.6534948115382946,1.673154982961293,-0.2773543739546023,-0.477206893488308,-5.417143335651204,-0.43872445654567116,0.46033264610403535,-3.5128720943514544,0.672070203149647,2.888733770533989,-0.06954006888864406
4583,-2.025961976938998,0.7021220064474889,-0.9854203969763837,0.9961394294282329,0.07083009047139921,1.2422908475702137,4.335985947614709,1.0705700574402606,0.11622584309783157,-1.7704702493850988,-0.962710106550178,-2.7896014922161,-3.386002002296431,2.4007582154879827,-0.8263009188448294,-2.597760304757754,3.9626290753573237,0.446675935054186,-0.4615998846097362,-1.1458274582955177,-1.2622762424460205,-1.2355108497035912,-2.588294453281833,6.69350888833511,1.246931957391979,0.4155983195063335,-4.022530073661063,-0.854925694789439,1.4605737061526618,1.754351785401422
4584,0.5878644689945354,-4.728173770626615,3.5134266068029554,1.1920340107789542,0.9962780439148595,-1.5614293598627302,4.665982550976967,-1.27345125071178,0.0803571225009172,-0.8217117592562495,-0.3703292269070202,-2.2808474366014053,1.380412641749114,1.415793091053743,-3.6435382207275957,1.111736799071629,1.5098222319300092,-1.7742265430764235,0.5670363123191606,3.2050728024236648,3.574555243251652,0.7917633783856202,-1.7506078125334952,-6.387819923848188,-2.6673802901647505,-1.3727234399506152,6.03072561562238,-1.1530186299927072,2.322853549828327,-3.1604568053407576
4585,-0.2780682593268953,3.86695650405483,2.9289626073319184,-5.567975234602152,-0.9013335546484735,-0.048542062807259256,3.5491323266147212,-3.047144974112218,-0.7398352200015053,1.247544457174584,0.00829386625224604,-1.0179904559263768,1.5183157951169441,-1.5179427927470854,-2.4264347679775327,1.0752868046999176,-0.18278025022676658,1.533555211134992,-5.909181748990154,0.06586386066187977,3.3541877823387445,-1.0430595689392153,2.4036205371834356,1.128569137743714,0.0744618143113911,2.4858837188413183,-6.119053443925154,0.5374792902285455,1.2442286348162135,1.776999985729585
4586,-0.5959024996706717,-1.1625258890671901,5.705791244715325,-1.9997396983927054,-0.678908905020414,-1.268714252562381,-4.651828725591269,-2.884862712721361,0.0021846765681337033,1.0184582013240018,1.1078255593044046,5.408223001117577,1.807392577255655,3.706211722698093,-2.1709829011091735,-2.2318803777424066,-1.6938686732147588,0.5831276521130704,1.018104808697391,0.15012537320490082,-3.0574466928535866,0.4688982387195999,-2.160471571425475,3.580789843655605,-2.9528922513923774,-2.428610991001168,2.0377700506867704,-1.043827290653311,2.143998388163517,2.243562094198488
4587,-0.8926001558599133,-2.055893699220725,5.120224026615407,-2.4389820365580874,0.7792939914686494,-0.512042126443367,4.280467968410658,-3.867807098030166,-0.07628210529730683,-2.1011660839842854,-0.1607341137433922,1.9255214326459935,-3.548153865863327,0.1498033164417123,4.039688220604521,0.05404452975895779,-0.1959137249147389,-0.49946847602666544,4.184499899940654,1.0420829000148508,-1.6366471694033997,-0.5567900891230355,2.375438204540046,-5.408583745970692,2.3201645748203,-1.3315317909793123,1.6486686933106647,-0.491001137676335,-0.85699262787079,-1.2893077116026017
4588,-2.0749544389404537,0.7986714821669381,-1.9486432727983853,1.5790457945010168,0.9350384195648198,0.710842015508069,-3.5218088757712493,-0.27540908792806107,0.16270760259261507,1.8668707132315596,-0.8462579038777385,2.6138975517543983,-2.773591939617944,-0.5342094306727354,3.3815503096536865,0.15091477186125957,-0.11793607017590091,-0.10672764104790033,5.290379223724678,-1.9391921058287274,0.5972372390355183,0.6097310282026669,-2.666120962282589,-1.8920344228531079,2.839126064942679,-4.126986180105488,0.6880751467669128,1.1348046590622705,0.30219972584385957,-0.837219416508324
4589,-2.209770867664968,1.7764188846867732,-3.614240091767016,3.0998068169880533,-0.6910121424249245,1.6387974001840675,1.0262372788397336,-2.898533247005993,0.8352748038182956,-1.749269326622441,-0.7482451621770521,3.5345356531489642,1.9238979097485007,1.48205772307238,-2.2821745859624833,2.7593252216575728,-2.173310980223736,-1.7097952882917724,5.663253883508947,-2.554258827272996,-0.05823842766734444,0.7270916361370627,2.1461484004573776,-5.923996665164616,-4.5377501212655265,1.3971644855279912,-0.02472728931915924,-0.904164383749757,0.6515602660933197,3.4179170427150183
4590,-1.3175988933854992,-0.45304230571239756,2.4139592577820608,0.3463757553096123,-0.1868797401485387,-0.8028140738432548,-3.665840543673017,-2.4913834852778507,0.4609310209918007,2.268781754797658,-0.6983669869445093,4.125878240107404,-1.2186412353135854,-2.5318254018457527,1.7906062114073507,1.9928511127604978,-3.017856130182018,2.984865443173966,0.5077665542570955,-0.6144473741085577,-0.42644476364639416,-0.9329747559078383,-0.8766610305283997,2.3427613699325356,-4.745266020133,-4.205058653363789,3.8436058001054647,0.6113471733458997,2.0046331026523454,2.490738597394955
4591,1.995610616037638,-3.184195639944047,-1.4864243971695394,4.243718745174693,0.7755467370966418,-2.34425606119345,-4.91919912691387,-0.02287414172351987,0.01035367817066124,-0.12400022517261355,-1.1773540256681998,6.233073841309029,-1.403667409953366,-0.4552024303515907,-0.4240633427665763,-0.26606641901013717,3.3813533967654053,-0.8323537946832786,-1.708435671940883,-1.3930049840503926,3.1421430914885775,0.09907331132698882,-3.1809000264843625,3.041124279658508,2.1566337324271956,0.6617785846881894,-3.9078719596256093,1.104376828539933,1.3375874148697413,-1.35250460089755
4592,-0.5566624612792008,1.6391727554255198,-0.26519401951549426,-1.9127613411595625,0.3501414903378315,0.745303576192871,-2.62709195035119,2.2265278675845366,-0.9668357491832689,-0.8240385320784629,-1.2104893401123151,3.401927704142153,3.973187811561562,-2.242985073136044,-1.0278366767736529,-2.5839112681826375,1.7279934090930844,0.1535517974381122,-5.5663330476436315,-2.8461860223432964,3.313342050089844,-0.9436257445337857,0.6436973283808509,5.399105436048451,-3.328130337953663,2.2839770888718007,-1.6500727150288483,-0.6613942554522527,1.5623425254562342,1.7932776941086281
4593,-2.875755684431139,3.2612947628958686,-0.8769511625137838,2.7277031107445424,-0.07434290136982269,-2.161948125323729,2.9763079414133777,2.3791873649604476,0.9406604788188426,1.02504642794068,-1.219428637069198,-6.101773576062701,-1.1901917522525256,-4.110401870016307,3.0551319592577606,-3.5581914838353352,2.8716643382811142,2.9319888085657375,-2.158171616260688,1.5240290379710402,-1.7646722075086547,0.6832848730002485,-0.9943112506828662,2.709841163479343,-2.09749745689156,-1.6091061322475433,-1.3104215955372496,-0.9665060462279218,3.0032925960962693,2.980238634809883
4594,-0.4490236065754907,-2.379617516361474,3.7428289448768766,-2.0879312408203745,0.8018239099316977,0.3719195089506879,-0.09023640140655331,-3.14603088858566,-0.003512095641267088,2.705813829813824,0.35851078190698704,0.17545477391408326,-2.378891537887206,1.066347367842404,2.5563892001717043,-2.2205212777378716,4.098105790545471,-3.121429542934081,-5.428559371951472,-1.8017181619016736,0.7370156315792364,1.061456415273022,2.0289004862812643,3.402905000718018,-2.447336496711028,4.400357064296124,-3.082612290419103,0.16239318699181204,1.3582177732634122,-0.3910192374193642
4595,0.6177807151891237,4.995996009614348,-1.8610607406967752,-2.852835824118756,-0.848264658479186,-0.05161550150682892,-1.098565795159466,-3.576975609411164,-1.0864429810983398,2.877517759965663,-0.6823791515698892,3.5668457772746507,1.7579223850417947,1.7647475845409772,1.4527752075214622,-1.9168313890478608,-1.5671300797084946,-1.4914837083474932,0.8910297397640932,-1.5869273351379913,1.9742761865092504,0.43761809493399806,-3.032413141279278,1.3164164552082873,2.192446084867207,2.9236776501356907,-1.2000440930714404,-0.4904476455282225,-2.585393835773262,-0.8402381606280951
4596,-3.2067083048234366,4.172643390268647,-0.8624850370749684,-3.0613199235100517,0.9373272007245816,2.020542674417177,-1.610015120838895,-1.1623174895037423,-0.4668179607909977,1.2267564371590005,0.6726718992995533,1.3397222346765858,-1.3058276382835672,-0.08796093710873976,0.10071866934875828,-3.0285229254100514,1.9150587837386155,2.406534047715393,-2.6566631921736494,-3.252485200277393,3.2901790424799167,0.6857525873902031,-1.3867116808898405,3.319928443469106,4.859710078143301,3.3699678546203877,-6.148553694830397,-0.41302772510858166,-1.4667763832366187,-0.20132012958621104
4597,0.07743322141578268,3.5786610492809245,-3.7255131738783582,-1.8856094283897775,-0.2931134781756799,2.248141809749102,4.350159580085215,0.6226241345105628,0.7357322630037437,-2.2378589377278413,1.1273558523417186,-4.598012892211877,4.007179018188804,-2.8305340720246797,3.3134655422307127,-3.1031306335337785,-3.3843627921458346,1.9973829372851988,-0.1358422529333545,0.24372343920156858,-2.8403063938777358,1.0657013300838507,-1.6682342676051416,3.3349581451291535,1.9646416498872163,-1.8840539748764975,-4.055631001091875,-0.5528249430661454,3.6633817911019584,0.8644864780472172
4598,0.30103551108935456,-2.0763387323023004,-3.6064404474491027,5.212344174571761,-0.04921785083592134,0.2186173449282176,1.370904668357113,-2.903689737552728,-0.31626396127902545,-2.977542281893953,1.1457498942236093,3.6808414181465174,2.0583322253436194,-0.208963927590748,0.8462709047480956,-2.4462471083580724,-3.9725362372983692,3.72314414315591,-1.0445815816237882,2.4092185872796925,0.5686969069986958,-0.3907243098381876,-1.4751756138397756,-0.06743398897827291,-1.7267070187211537,-1.036926910259357,-0.44129036118753007,0.11876565642158976,0.26917908817656766,2.816979545571769
4599,-3.372798272969307,-2.0021404210932694,1.5195404364059648,4.3341877310572805,-0.155525142457001,-0.3232643309416403,-4.971679212846311,0.9643131348171785,-0.6067182964025983,0.5860617638590675,-0.15048435342211874,4.178506963996298,2.240332498385868,1.0400595751428519,-3.445214324663038,-3.3436804986240247,0.5689851419674383,2.9395176077913128,-6.010155560668643,2.424048704467946,2.9746790275195494,-0.18295613645142073,-1.064933408965695,1.8593173740965945,2.222659181804808,3.2680416707216757,-4.402721195100661,0.27626028742156983,-2.053512635087815,0.6892726902423014
4600,-3.4200564529667066,-2.52048564278207,-1.693943117521723,5.988629492788245,0.10304926606658826,1.5428064544177325,5.9011329633636045,-0.6065066474583247,-1.0656050473321428,-0.4228580975792937,-1.1962871785169522,-2.6098759924753736,-1.8449665368293324,4.245011561835092,1.5533876511798148,-1.5545005305688075,-0.502376707568267,-1.8965554380480913,-1.351632663767429,-1.4034035422617457,1.197731937716604,0.9748233616730744,-2.778188893082927,3.360669799720757,1.0531479756515765,-1.465476968578276,-2.273571019411108,0.8050380727137991,-0.17910527239333085,2.059967212019192
4601,3.2241086520723954,-5.518212409196732,-1.5969937299429162,5.110237753433623,0.417850959201576,-1.6369912255658665,-0.8250502752277136,1.0155604978656712,0.5381114636549444,-2.9467238044270605,0.26192996624531695,1.956172151890403,-1.1392825789516259,-1.3012712950442005,-2.7210272861770335,0.11587445733040624,3.6721552901418377,1.3735514127010404,4.857386632382312,-2.248055694526972,3.062345209956053,1.1340989622316942,-0.7077703462720493,-6.098004763772671,0.44212211624585507,-2.8295856713098075,3.381788612293615,1.1537309469092651,0.3008323950603309,-2.4488883991973793
4602,1.6178600898241484,-3.6363395627828865,4.31603917266278,-4.059111111082768,0.7867012913858296,0.9748501199949242,-1.641844751499729,-4.910433659865323,-0.2975178428006382,2.0066404954667156,0.06602328474563013,4.777132473954925,2.71133866290538,2.3399502016020968,0.11195845521604397,-3.5838751436565275,-2.648745855087668,1.0693736790210941,-4.197755975363464,0.7106724900149679,1.8590478040263072,0.7549816406189089,2.0665576527865195,-1.1935036120848608,-0.927473327526922,-2.555246605698784,-2.752154410863646,0.847450625500799,3.266981979891355,2.120441738699064
4603,2.6452902816714,-1.24255246364881,0.5956484323966329,-1.5645484685304751,0.5918616014563578,-1.0256993833430794,-4.3134849150616645,5.977185184348187,-0.08526269535288655,-1.6409052705784326,0.9898938645945297,-0.9274261679481555,-2.776306889891428,3.1124091257076323,2.153198649722473,-0.6274025893429496,0.9353545614395458,-2.797252857634822,2.194695996708841,-3.310132897811279,3.7703051471213485,1.2055717238547334,0.07150341015121242,-3.9319433800264463,-2.874183389249364,-1.106076390379343,3.5476845760916262,0.07388916784492316,0.21119459952005926,0.14749143617397564
4604,0.8722493171391985,2.5304336120070516,5.560621692422213,-6.022409133116017,-0.4439868879162294,-2.49690860053418,-3.565741382926735,0.040983580424079236,0.5952648925349298,-1.97035668197576,0.585901104909822,4.313948487035219,1.5029522355342912,2.0986105115364744,-0.7959141186040952,1.031103781894501,-2.5290219414090824,-1.3077304689516538,1.4881249084391257,0.17162311049754386,1.7061509171886549,0.5803113772664226,-0.31172511664644986,-3.6344851967468976,-1.2307497328958945,-3.1229471906533846,-1.1301937900082493,-0.07843708125761051,2.3123787480382987,3.249949046778749
4605,3.2747257365272375,2.708891464162754,2.6911857003692816,-5.636658365980452,-0.9162428708484955,-2.1219016642282584,2.57613370370818,-1.9067214328334217,0.26543415856111263,2.1971837249693102,-0.9628202981026694,-2.1692098563009807,1.0087644330530239,-0.31147288099483106,-0.020719464607783067,2.298973117237196,-1.8209624220617577,-1.1545827826253916,-1.6309381128595781,-0.3699001861490583,1.1647874481231888,-0.17518868927338538,3.1683626381597065,-2.157123098002483,-0.5243740591991077,-2.6013591461138788,-0.06483493408147467,1.1677056412266023,3.151959802372616,-1.129097304202844
4606,1.5859336258094388,0.11442667518598526,-4.915271277334835,4.629064724149288,0.6286003850086441,-2.042754132816393,3.156562505387413,1.7239182846115213,0.5241691887568027,-1.910114666539675,-0.7153991644830153,-2.7791361477315064,3.366794886498994,-0.7129752107528766,-1.7727092316245177,-0.057753942196814734,-0.08440793656562562,-0.7389485653587258,-2.6652830402881733,1.2335773084682717,0.29937458867334854,0.33167254148242353,1.053189421729913,-0.2525308200674097,-2.611893343166102,-0.5245948458443301,0.878002392731446,0.14887183122733294,2.8963193112103376,-0.7867053461567277
4607,0.2754522347368251,3.4750538616428273,-2.3699205541895445,0.0031557996296385227,-0.6840070148480886,-0.6997343269695371,-3.6753649375742263,-1.1817377881187419,0.7731298899989145,3.465360461851411,0.4615749244751157,0.15703744936904585,-1.7864147216594812,1.2077633074495964,-3.9854838609523426,1.1169089550831863,-0.19301082246379764,3.64023714254326,4.693333729391849,-3.2811812120548556,0.9878795838660785,1.112980572305898,0.8968347911932675,-4.409847464703837,2.8008148159347535,0.9217871894664995,-5.852472382645686,-0.24740102027630062,0.295732500847361,2.081538896675344
4608,2.344406142250225,-1.2719708368961555,4.528344851532854,-3.704577270002936,-0.47498564309157754,-1.4212172437902684,-6.22142162398459,-2.529105185787518,1.1203422584619345,2.6628835932033503,-1.1562648032840492,6.123565761392385,0.39926590929520955,-0.7440660215213519,-0.7420047343206733,-3.1550862109839404,3.874082604592733,0.3678084529384087,3.033753112591434,2.8129620856469586,-2.6217596340908713,0.067008526028979,-1.493159655568034,-1.7988044346100338,3.5379639685410353,-4.213918579752928,-0.2796545742806771,-0.06359604310305933,2.0442676245262845,-1.0250623959286553
4609,1.8258847117352346,1.7710189549356485,1.2328866212910654,-6.161822069580911,-0.8571781741629643,2.1892099557840883,0.18854225406375846,1.7889345705721595,0.6905162579392012,3.385499909095362,-0.29932951434209176,-5.754163477326898,0.18814245604335866,-2.6970852710991426,4.033232611395253,1.4788975120980155,-3.183892442646485,0.18070513420942547,-3.058515738022507,-3.1969220451362883,-1.7093718590713465,0.30437197554844975,1.0978502697979433,6.562587396882158,-2.551439367450275,3.023566539409149,3.2341582180957644,-0.29136926690020726,-0.7028185927992858,-2.712097530353182
4610,-0.7514739309388148,-5.1423813630464394,2.194698616226731,2.6242596794455118,-0.3930413287824186,1.4679383270976114,1.3468270902692012,-0.1055388241590478,-1.1235337011484638,3.467811163969923,0.011344663732784532,-3.5969103926629202,3.8950780273004497,-2.6581488665816195,-3.5446222328320065,-2.157214715223798,3.309985970590848,1.1549218167465298,1.855820745602319,0.8382959904860403,-2.8529216205746515,-0.297843727594981,2.623025189841849,-2.166376577762165,3.8357111375407733,-0.8482504033932159,-2.377751979729368,-0.8541862740276667,2.744415424859163,-2.4999379052477266
4611,-0.6819498939684827,4.1002879345572865,-4.539985924746571,1.7851211733601922,-0.7632180307147667,0.09974474151453983,1.416870190398022,0.3313957498417963,0.07682512443308642,-2.0597116228527987,0.8021726106106533,-0.5675520524293063,2.5482838606052134,-0.07536816866933904,0.10925948079702152,-3.094502757486703,2.408420281232573,-1.8960926964783695,-1.0223291570328996,3.4606715304359383,0.27576987256220065,-0.9077929402048879,1.55944726118447,-3.3657665669464336,-2.15503306269564,-0.2884490399109687,0.5475081414621954,-0.4249148469994859,0.8059958591376031,1.5148929490082033
4612,-2.4533669030571623,-2.3608752941756777,4.480394331631384,-1.96064434301233,0.7862188381367639,1.508273370479225,-5.9259089557466496,2.415403238822531,-0.685390452596863,0.6435728661375677,-0.6376179459439282,4.189941249328765,3.714876493481551,0.7639802872500994,-3.650024130292838,-1.6964990215567788,-2.279059558927985,3.146725930046351,3.34920552797038,2.7505111840655516,-3.6466153634531935,0.7465279259269071,-3.1400301228693,-0.05959915164197227,3.715348543915564,0.2703523531350882,2.801373864058249,-0.7990101814175175,-2.8130501680142466,-3.175014411675244
4613,-0.9334037974069567,2.0957125307555415,0.6412265147089613,0.9389740918004961,-0.7731102856860261,-1.969399054169795,-1.051728954826455,3.0209400949800838,0.23674523687927618,-3.540873599114212,-0.8745541531797913,2.2094713752625132,2.1584975278920737,-0.7662470315249266,-1.7040911998787927,-1.1347172268917785,1.9256782279474685,-0.47912029754368035,0.5703510720765443,-0.27853067386346453,-3.304920382436247,-0.24981564215917995,-1.3268264943093175,4.589742120690072,3.3290319792234158,-3.4217968307368167,-3.1801078608469773,0.3548891703614192,3.2540251044756907,-0.33604156247486117
4614,-2.2302759680500497,-3.086045285100113,1.1987507897046186,5.9487571862044035,-0.42317436782473483,-1.4080123549319126,-0.35940871703820676,4.969027861288797,0.8900534713568833,-1.077206313687057,-0.41168142221820236,-4.010784879700768,3.299297339431952,-3.6500106038186306,3.7237052720660806,-3.4373103627624033,-0.33106254352498965,0.3953808986083249,4.612228213198435,1.8380015282056839,1.8613069066752885,-0.6827268457875153,-2.763290219485352,-4.865519582808158,3.553841222771119,-2.801376228211744,-4.375773011217266,0.3253249889655354,3.4759743197105735,-0.17799129201636887
4615,1.6054105569953627,2.0864213606175177,-5.894549404794844,2.401673259989675,-0.7411479130967986,0.5421921402913323,4.112972291336547,-6.152677118757449,0.3198243587472138,0.4674106848188746,0.45919092886931345,0.7932788549869549,-4.094418707252519,-1.7663036463835375,2.3629667592572297,1.4504027186926436,0.1486253296882012,1.8987275459983053,-0.4913590180094012,-0.66979128562852,-1.9982999012639482,-1.2438289122656205,3.203771619116587,1.199507498049254,0.4967906221819831,-0.9889310537534044,-0.13703818005199864,0.6177978422087511,-0.9179340027556773,0.929314772172237
4616,-2.365839185368662,0.7571263409148798,-0.9423057306123859,2.890548295430154,-0.13146120686012375,-0.20806851350160294,-3.9929066799070725,1.5394069628314533,-0.17449559912012802,-0.9567504977246202,0.9434369687784443,2.641308845143328,2.0517720115126785,-0.9022996183330356,0.8898416076787967,-0.2018136590758921,-3.6843426471048186,1.846842305322582,-0.9377512668468206,-1.8136385516922786,3.8200820160276514,-0.5858351580003669,-1.7174409270833628,1.2345838875935407,0.9405905750079988,3.5509431059581473,-2.067484234153671,-0.20278928807165375,-3.5441173865854516,1.3228572278465265
4617,-3.2874557739285386,3.552107572729792,-2.2333337778359876,1.3693658967246662,0.15254137272309798,0.4467747095892278,5.194514840841215,-2.7865127966120227,0.3202231679675789,0.792262502415193,0.4239465205135504,-3.944434235124092,-2.9642806186526993,-0.9085265203800006,2.675727576472518,-3.6204925851287317,2.293262049590467,2.52431009809877,3.116962547910763,3.288038473396746,-2.8054138253715664,0.377863180909789,2.6350037872764798,-6.612454164123875,2.1573120379075483,3.9115083166026885,-0.4087762518819318,0.2370791597502384,-2.78530307187488,-3.1118201905017564
4618,2.1677811482039964,0.36703703781018504,-0.7882517899276316,0.792589436539707,-0.20574676342911502,-2.333409069194869,4.9733509096428925,-2.141061073988027,0.12272591893312867,0.37947052273233695,-0.9044908184388865,-2.4299954588800077,-3.934091116738241,1.0045272397136138,4.037610516769497,1.7673757615434127,-0.029190740271022975,-2.8462316610169456,-5.045563136600926,1.2642006194810662,0.5968129344993756,-0.5683409681926159,1.7257345051648763,2.0271560456465565,3.137058340522511,-4.380054008733024,0.7994499583064574,0.4775100946344173,-1.2350758307293201,1.2011114460008976
4619,-2.8957187564928812,2.5115190708416044,-4.080307060340399,4.769525741873416,-0.7325471485930166,0.4275281527135544,-2.411887695451398,3.2599731359940414,-0.4344090020756983,1.5831316605205323,-1.1082686361199072,-0.8885394628661345,-3.5542505604233234,1.083147203860456,0.2441166491461324,2.531788345639324,-1.817598843169085,1.5127972049467928,1.3199277476722564,-0.5418635975334141,1.6378443514853807,-0.3083686168472406,-0.7177757531947861,-1.3897641315838491,1.1300255280397629,-0.29493629594384174,0.5366588191054689,0.2721374651249233,-3.7298032241284798,2.0859177078041142
4620,0.8346651017732221,-2.4063547279343,-1.3143480974977813,2.301964465494528,-0.6110277440920409,1.1951010022586637,-0.49315974003935636,-3.0800514940016726,0.38041130388883815,-2.1485927688643667,0.6592042008762631,4.682188498141766,0.5479706467825096,1.5533564964159225,-1.8579497719147078,-0.3001826971204906,3.5141871579819792,-3.457381832144902,-0.4843759856357579,3.208068697094056,0.335058930199839,-0.9611952767735099,0.5308624357452274,-2.6284188006315254,-3.8193238706958574,-0.10758488633964802,6.094537099435922,0.036366799960545926,1.1774458533564527,-3.3814409957154687
4621,-2.0658000876576406,-2.246790094594104,3.0563181314046766,3.2818139675904874,0.08181168049270582,-2.1073535972338275,4.6234007827011325,-3.3071889604970828,1.003369461800487,-0.12153353554212742,0.9851674489511293,-3.18321519741205,0.7130001668474719,1.8172946716559828,0.7654949369280715,-1.7667293410624065,-2.181550173937268,0.6524897395684341,0.6352937609361256,-0.4090838452157435,-3.0163458366340485,-1.2249695723554725,-2.516173346678899,6.531278839946367,1.7475117707782637,-3.329298217074097,4.564190859389811,0.09309685373630838,-0.5837085129750257,-2.49179275385327
4622,2.528386844884068,3.444957479309405,-4.344818074316194,-3.468502616277661,0.6519543727511441,1.1880219936515424,6.03405915541509,-1.7202258557508188,-1.0821609341273497,1.8087754934833207,-0.4753415492207722,-4.56510630979794,2.9233268657789573,1.083187074486787,3.7812125940542707,-0.5067501942230912,-3.906889388797657,-3.3740869512989757,-2.690455350667108,2.7728219578727504,3.8649073413324793,-0.14434986247361703,-1.7705194717142732,-2.03240461435189,1.6721423717845987,1.7897051931872738,-0.3241525532445948,-1.2050367342817512,1.594793561979067,-3.5274518394226337
4623,-3.03088230475905,-1.7715577392946464,0.7539754335190167,4.306086555699093,-0.39155785247750474,0.13393590731539184,1.9647737779642718,1.527461611963929,-0.3749259564519427,-1.347395240918809,-0.25573202640797454,-1.5141821661479575,2.1318390448111835,1.0601288527716193,-1.0722560178012053,-3.1005795084729506,0.2384218499812114,0.7424457787104153,1.3681541007654872,-1.4278963217181406,-1.933875263446179,-0.23433285421254801,-2.6228446109298087,4.850794949539555,-1.1957227198406848,4.540945179142568,-1.5377830949903633,-1.1016741895879747,2.4445022617202987,-3.15026743644189
4624,3.5854518942846454,1.0245900796302152,-1.8598594537307065,-1.347045659968039,0.9105316592012538,-2.313668519415055,-2.046035960193496,0.1700196086270438,-1.2365863904182226,-0.8443102954837904,0.897829424470709,3.059083612999281,-0.18624290941813015,2.5190007511311236,-4.044392189778504,0.07612582595507433,2.7380949444171314,-1.1025864223064268,-4.585548130213809,1.1374155182577077,2.534125108626249,-0.3492251255955505,-2.9369931332151005,4.200225762138846,2.91673630246731,2.142824411190137,-4.223850304807609,-0.85836488017428,-2.008451737863302,2.031106209189687
4625,-1.758575078759531,1.1515775841217746,0.9957763902351857,0.7143291490992354,0.8120539510363876,-1.9151619957307293,-3.970990756573432,0.994356854478859,0.47359037041931185,-0.35360067655186356,0.7442591869079518,2.1123850213206836,2.790214058012733,3.705956289525016,-2.9257255117809002,-2.314921661761975,-1.3925775123462287,0.13705433835163738,-1.7940700738481077,2.1400653776538405,3.0814415703906484,0.6449179956929196,-1.117360366104414,-2.9549945037865584,-4.294012002838084,2.7617808563178805,-2.390136505241852,0.919432622530703,2.2324229155512683,0.7705121136820416
4626,-3.1673707870733505,0.17806489007172743,1.4908885632504223,1.8735435458536323,-0.2861597221029377,-0.08896648999717272,3.664859634970796,-4.893930536001143,0.48855008226358887,-2.7385011418693477,-0.46348041297526077,3.9425023736128395,2.5992052105130092,3.7301074139126413,-0.8092183361484864,-1.9943761939232143,-2.2564034979525562,-1.2693145964010952,0.642369067719482,-1.8469428817802562,-3.560757385469689,-0.6905208933848686,0.4723621381838399,4.983489954729862,0.08940381097486139,-1.8399818273386757,0.3077548147254454,0.8033601868500639,1.6392533679627306,-0.9997903531724663
4627,1.9189072923345023,-5.398795348478689,4.60576425921845,-3.261835589803379,0.034249002019755004,2.1017103847116765,5.509137432691507,-4.194132910941871,-0.9120979194912735,1.9382277543213533,-0.12535667850257326,-2.21577767807565,2.3207295377563995,-1.5409997692534922,0.6485719604337135,-0.6983066556489845,-3.8409746646787184,3.1109795913913985,4.136001811000352,-0.4397038002402045,0.8356960760024705,-0.6156793257878768,0.4908478014050104,-4.407162562381366,-1.2224692310285654,1.217306039408868,-2.104655285044494,0.909214060235251,3.586749581682408,-2.3861451652515253
4628,0.4379751323153318,-5.547208909978572,2.3812940027993577,-0.10858492975713219,0.8721818309691658,1.9643428736541946,5.172211183322929,-2.4563839077114125,0.08499132810242394,2.929085730844026,-0.09087770548691143,-5.639026629069598,-3.8527213003657206,-1.9232981412617622,3.4025591197437315,-3.919566419079537,3.745769096273225,2.547257644690383,-1.1115537899384975,2.5788617145909143,-0.6973895200403604,-0.04318207940572716,-0.721264070482361,-0.005472254725578551,-1.5742460410182204,3.71575764136999,-3.354570644823884,-0.2564203300243033,-1.8297730226675153,3.299252397165869
4629,-2.0884485433870505,1.2249580788308698,1.5082960350391978,-0.7254075372278876,0.5776868335981766,-0.49708486685094755,-3.2372908035835444,6.069294152952434,0.2565088168414329,2.438306984415391,-0.7528575567310192,-4.773961593893237,2.0576424639146467,-3.8916580862017227,-2.9093150998699517,1.9482619813794848,3.046622352214314,-0.25155361143646005,-0.807460738736907,0.6483840667347902,1.8040863816236907,-0.7323609260922046,2.30178456265285,-3.214433346183828,-3.3866439088973124,-0.3775061466680434,4.970083400474273,-0.8368359324869976,-3.4467540259880654,3.0776566135680987
4630,-0.7866725217704928,3.6020844141610624,-0.8175644556123771,-1.8574182774262802,0.23249389887086602,-0.3729230582204437,2.0324288095575866,-3.3311703878959236,0.7267033009836448,3.2425439110342644,0.9932584981343799,-3.6637641318125205,-1.6573088732429984,2.992730673241489,0.4981253103721741,0.8957007076847923,-0.14074116299502393,-2.588506655060119,1.5773747251265071,-2.2124474061579242,-3.9610793076165063,1.0060694958161882,0.84346529077499,2.7466172020550914,1.1386170004756124,-1.7318232128458675,-1.2953063905166609,-0.3826501454922626,1.2112176292993126,1.0599451190817888
4631,3.0158420810363893,-2.5725911571788487,0.7648049220440036,1.5771413930169267,-0.4069970589921621,-2.378200179923975,-1.2088162518362608,1.8135459216737964,-0.8657399615238024,-0.11041150335904604,1.1768312629032032,-0.8054094678564638,2.2060486429176365,2.5000559501315216,-0.20730655296144107,1.7442672111680046,-3.0152448014515425,-3.227820449803888,-1.376353739249918,3.1718357127505534,-2.523069785205621,-1.043737686837674,0.8391674751483844,0.9321580233926063,-4.2471419656355405,2.373018687945983,1.1604628303625013,-1.0117277068808006,2.8417770113769976,-1.1163888571672267
4632,-2.025706204061624,-0.8987584712341139,-2.662938077231491,4.549544272646457,0.8710174114889924,0.1668410683941275,-4.456325396039588,1.6814431508596073,1.0752720082107592,-1.0051942632832187,0.6737405429694432,2.0310639572844202,-3.1952965166667227,-1.993271396187076,1.346208811728033,2.406449245777125,-0.7125598242725815,2.1484696796215133,-2.4596206721345766,1.039832625861301,3.8274880832215885,-0.44795147251677214,1.6564113756678793,-3.616159940101099,-4.082895601906078,-3.8222589790769916,4.59483194646883,-1.0170674050067503,2.0879357035103396,2.239454336012596
4633,2.3322133232619926,-3.3277969888834775,1.464288100047682,-0.6909115992618702,-0.7188621332390384,0.9410692980770037,-5.5650933938812415,-1.0041359762316624,0.8979519957936155,2.330875479112983,-0.39222021658875317,3.7326221117964167,0.7552519113926301,-0.44682721390131874,0.8673804094363611,-3.281876363904823,-1.5177415178065896,3.623812774784053,-4.8845846449117865,1.1381623541106833,1.9757367137120916,0.784734276403241,-0.5084367062913646,1.494388006975477,0.0062087172279454705,-1.4422031611643753,3.1671855982395662,1.1647847488792271,0.5171734068010316,-3.413149309981401
4634,2.269920779242124,-0.0005899203925174845,4.07090540168824,-4.192776464764478,-0.9058677574682548,-1.2415920383028123,-2.473327156746148,-3.59470509046373,-0.12661089801144065,0.6490804685837492,-0.0357874936069118,5.581350170245862,3.7805170309559166,-3.9345907803933713,3.8667432099564003,-0.363951843588012,-3.5057533178961453,0.15703570096555453,-1.75085118729206,0.5790873454193228,0.44431373893016257,-0.9031392469167177,1.8141749527359554,-0.18358560287831693,-0.34060856036085596,1.5831880001608418,0.9194787148347956,-0.5022230385786433,1.8182200800790014,-3.4780551961331287
4635,2.479331772659755,3.9621073210039626,-5.436668041581527,1.4877416036283932,-0.8159044870202519,-1.6766081686880483,-5.15838337560016,-0.2260170927369778,1.1979236571987357,2.466820921589111,0.8731721151304228,0.8464837744202498,-0.6553276176319471,1.9092782535699158,-0.1678769841580774,1.1581799892352933,-2.502307390535613,0.2580537495207551,6.205047665361935,-2.101089006784708,-3.2454506473605704,-0.6708276116747189,-1.0565496088276696,0.868869209284064,0.7036403128292612,-4.5157447707979035,2.3010677932162515,-0.29820072448703794,2.3587578890204917,-0.549520499779053
4636,3.3270954815662392,3.9655111323649237,-0.36335530980221264,-3.9799141598813996,-0.8207802782015605,-2.128556866043678,-2.382858031556996,3.480626481483963,-0.4932289596508257,0.5648890288626411,-1.0048896169207304,-0.16453890221665546,-0.13443305279627182,2.203875154203093,1.7398591587928145,-3.298970464402659,2.086341179664249,-2.5966719754608487,4.028653838160718,1.4458617801140186,2.111869591426448,-0.1738256122727284,-1.4355609138940277,-5.976998683536099,1.7103830253606311,-2.9771420504970294,-3.187613592269095,1.135364024387851,1.201822440567927,2.117186152451744
4637,0.14089772424366487,3.5967425350941866,-1.7818969536417306,-1.2253307269118139,0.18117887284239576,-0.9115914516243748,4.9812446644393304,-1.163685266803089,0.29854996147046986,-3.455516052602219,-0.3198421604125814,-0.3407511460905184,-3.6814586435524,3.370708396383808,-1.620719186501315,-0.9836982600063173,0.9413687664388419,1.9737989272377519,-0.8114506712744394,1.6616525374053133,-2.64540003561339,0.7719567898898498,2.9885567524643815,-1.9653153728733699,3.4706568509249003,-0.9633713359708018,-0.25326989836127467,0.13583275068086653,-2.1615344619421535,-0.2283139053295251
4638,-3.6131151961021217,0.4207819584349082,-0.5666608517727845,2.3881942465556634,-0.021703984848124414,1.3925038277347852,-5.859345082406868,1.9627070700624003,-0.4769617642482711,0.2089124557034694,-0.8462749027165772,5.010962223607265,1.1884705694778965,-1.5440259897439361,-1.736225926280916,2.7611759668859825,2.963605098377691,-3.632999718716352,2.3379832459020378,0.24405414969575112,3.68022901894561,-0.45369704785480014,-2.1539654956209002,-3.654603871069387,-2.4833964193483133,-1.6160173258404278,2.6243821455460505,-0.4608894845621023,0.9062270799618357,1.0296940042449734
4639,-3.604559723532118,-1.3074728953956338,2.8923914232915955,0.8523108178579228,-0.2570134610828425,1.4243438388634218,-3.589389183755756,-1.3616891036670289,0.8796286602604733,-0.970302883524468,0.5039563597789831,4.537796150909223,3.4138237932836653,-1.6769961352137166,0.6000866220018786,0.39341930690042304,-0.8374724774892783,-1.8928611094825527,2.3579221056153585,1.6035384498808973,-3.2971205788892917,0.8847160347598271,-3.0278350124948883,1.4787790011264157,-2.8480912807478624,4.150880207140794,-0.23738711926399958,0.5800390294303064,-2.0136568088940265,0.3682159723367988
4640,0.04585945707935046,-3.28916767292932,5.304626905333162,-1.6024501668254203,-0.6231904794098408,0.16432195675441363,3.504444225597812,-4.082367126662753,0.7640223102359576,-1.1902627202923757,-1.0159951592523084,2.020158470375115,-4.112741937020488,-0.6685168787284503,0.7815557964969564,4.050742862719403,1.3428567316226783,-1.3938965750896966,3.385321350712676,-3.347430009263057,-1.465675661259862,-0.11080804816498357,0.634973371441113,0.903618996532412,2.8530238674634525,-0.19516978214680591,3.071669246443875,0.4247471203047244,-2.463274565628577,-3.690995886434685
4641,0.10135445754591821,1.1997138245063539,0.25807892151007295,-4.692997525732583,0.9641828560399435,2.16966746613263,-3.019177120463567,2.606265004361095,-0.6578397876710715,2.77423061126224,0.45635522494808445,-2.1598339324353084,1.0198145918178518,3.97518030836142,-3.010958971537489,0.41667676664926034,0.049842794530551515,-2.450555489821202,-4.492941642803249,2.952072567901844,-0.13661576692542887,-1.0388361970574262,3.012632344278842,-0.2963113053963191,-1.5220243145241703,-2.687783086081378,3.1029295802437495,-1.1701779247400022,1.5934504455022669,0.6836052996015365
4642,0.441763215333415,-0.5651814217014,4.0727980721530805,-4.150653329279535,0.06986822850944474,0.1314052349873105,0.014862217170374947,2.5641001918870288,0.4874307450513964,-2.7240568033015986,0.0009236268524839275,-0.34325997765821725,0.4660102935244801,-0.24249340853761936,2.230081773302807,0.13759740914301588,-0.3395667450861062,-2.251629322346215,-0.34801288445855505,-1.5540906532100838,-3.8132009603118746,0.0691081115002099,1.395038673711607,4.2511577127669575,0.46730453651635173,2.5926258251014573,-4.983897456357916,-0.9257462024417471,-0.476693509187891,3.3264068063717502
4643,-1.5676017965146372,1.559474959069174,1.4747246832736352,-1.4102306215432385,0.07584319697938113,-0.1322104212619699,5.677809214726235,2.261124386391984,-1.184140265067914,-1.6418426095433372,-0.4193937982658511,-4.69355692823968,-4.185953486886275,0.30708795403128875,3.857639747781864,0.2982791484908738,1.6867615903972215,-1.9638149538145981,3.68511534999055,1.4825528879814431,-1.6896331400797013,0.9275306127359908,-1.5118630412547152,-2.8937026693753083,2.611463388320473,0.23040191507027075,3.2895589008460284,-0.15887341537685185,-2.7140347376374105,-3.258516051220525
4644,-2.382426065515757,2.5328095857539417,-4.9370257638532316,4.986604931624139,-0.06579439473411242,-0.1341682932726549,2.431141846155235,-3.234814889957775,-0.21125276642722834,3.6787128694320614,0.6044321506774075,-3.2682192098782643,-1.5443718823692052,1.028635671771589,0.4131164185927929,3.7966186931140555,-0.8404208971238418,-2.8535780039850014,-4.728787111795366,1.9138598729718215,-3.8913185278327553,1.0821563977010582,0.5823971409623176,5.041692227991184,-2.0900048968185807,2.1613812746973835,1.1661797333342143,-0.8706893674723357,2.2762078090120816,-2.643074552750777
4645,-3.582046058736978,2.3359070966697537,2.7331809510443286,-2.327600897226855,-0.04838731008166097,0.8889462183337304,2.0050062689741246,-5.189004116111246,-1.1111708563420564,-0.6266759090835556,-1.2037485321997563,6.125593144763915,2.294957472377533,-3.6280809758794277,-2.039289029956544,0.5113937586679995,3.3519308981415534,-0.4909121233507072,3.5508751020480886,-1.1670533888413228,2.633407371005312,0.9811567777063779,0.6089487093229913,-6.607334571243179,-0.39420373605583237,-0.20213222925636032,1.4794789913144193,0.6422990590752331,-3.5435943068107836,2.0181522217353134
4646,0.004786474537050722,-4.8740901036803095,4.215610584886836,3.087418703031819,0.005541238269310078,-2.439266897042364,3.7662350796377986,-1.0948624727918919,-0.875973758866091,0.9874496535607946,0.1512324859600085,-2.934080987499158,0.867099169709082,1.2703613626248895,1.0845723716363231,-4.046731967256896,-2.62322483792628,3.4479239012132474,-1.7730573855644955,0.33885770705006557,-3.2533396132820425,-0.49181777665808646,-0.9008131445318934,6.080170212984726,-2.11741929705369,4.511255445785338,-2.822694313778424,-0.43282047798065726,0.8417720340540455,0.01990660897536678
4647,-1.1558176607030344,1.4647208491701846,-1.5687096687567923,3.3056491864212596,-0.5622136398204782,-1.4836290663088043,0.8141828419613439,1.8797302183714812,0.1371817353355116,2.964244937507921,-1.2411058659229228,-4.554233867251877,-1.3240422905351306,-0.6498928379359299,1.5982012477278467,-0.7668062540388476,1.2780139011716578,-0.13547376638922692,2.6227105552891175,-0.9349968814849063,-1.0224654569044542,0.3854385264020106,2.416548243930899,-3.467234987234395,-0.7748831401044036,2.552434212068853,-1.619041089277566,0.6801283940987588,1.4864562407495363,-2.3250946175332086
4648,1.0722678644897918,2.0179426329598122,2.988697917400412,-5.119736589864242,-0.9933499696657206,0.03417814468228997,5.726816760706775,-3.171983191141141,-0.8875467917232829,-3.20488866837308,-0.08395363898955477,1.6215555295217499,-1.645959180558343,1.229398227990476,-3.776111701834111,2.528668472180218,-1.8070547886440362,3.471058970866139,2.9103253235976574,-2.7107637028814757,0.6692407932448141,1.0897278563190813,-3.120618338440229,1.1620880681584183,-2.429456403534644,2.7558825284043422,-2.114769314340915,-0.03272277585185801,2.4734340021547894,-0.652368036829742
4649,-2.333006611836815,-3.3344167400247358,3.5761075707017937,0.9447462080262312,-0.5171861886571221,1.6637557617929826,1.7107430412611535,-2.5876119665176525,0.07012833444198208,-2.9888947220330557,0.22819232518535681,3.5674429876636893,-1.8028784379997518,3.621743721203014,-3.0039279194110122,0.7104659243268792,-0.20805916193314644,0.6826558738143778,-2.828891904743056,0.8123354164756886,3.8354434825353145,0.8569326348737345,0.7949503682705696,-3.4707699974139885,-1.5724795760720554,-0.4836915514189428,0.5763414083971128,0.6125332497272185,3.7349597426203403,-2.8676632732516705
4650,3.111506475816867,-5.376861759937704,1.8513299408261155,-0.35908599483934367,-0.8942041491285884,1.6673154872649576,-6.0784509132144215,0.7272588637227528,0.4571956876803389,1.221535443945708,0.6647101176805563,3.007750800186553,3.7143984902715914,1.470564920859438,-3.166285496795206,2.094063315025412,-1.7080600312914154,-2.4046811980694347,-2.5607878697452406,-1.73194506126681,0.91474270991948,-1.0948086911767443,1.1850599246884794,3.2877389875791003,3.820112238883997,0.15728169134813186,-4.160534381633656,0.7684340872615065,-1.1916843473946663,0.6063907115366725
4651,-1.5831795160748428,-3.302170841484749,4.769715614575915,1.3883818318652494,0.05871027242607196,-1.3314573613053131,-5.700246864103008,4.209063356832605,-0.9811160522314069,-1.103609924887845,-0.13407680156639312,3.7099862859575126,-3.3627638500888963,-0.07177253710962006,-3.3369980479259684,4.162613509123911,-0.29204587639567237,2.9009668023966135,-1.8864901643067356,-1.1904061414721916,3.472402291878506,-0.48898025577069504,1.1686379682648624,-1.0751636985954924,-4.23335781894008,4.631626991233048,0.6940620245944196,1.230415090954211,-2.5736776480832706,0.2509313602436478
4652,-0.9714880098065919,2.6751849985149967,2.0468009041269966,-4.685126269448894,-0.775609119395744,1.710237496011576,-3.3835510162994566,3.2359351340858673,-0.5112095682171534,-2.526299084093367,-0.31876908584707486,3.503893620372658,0.5948112246668416,0.05054504206773558,0.9931213478143341,-3.4928810881186028,2.7249378391329984,-0.8705343655629232,-5.151701165957849,-1.869930011018191,-0.39866919282235713,-0.2728381810709344,1.698386408219207,5.99475214264838,-0.3355185751351719,2.347602867954887,-0.43190022020344543,0.6329370614326075,-1.1286898753064882,-1.0844312587403717
4653,1.7106487240864254,-1.1831938176395163,-3.600501458807713,2.922086674348062,-0.4560839547708031,0.6070438327858838,-3.8447649609314922,3.932884843097984,0.674261139833142,0.9438319389303533,-1.1216157254577763,-0.5845972354707314,-0.8484437423683566,1.2853181345121634,3.6620000684521443,-2.244797758506726,1.425318293791321,-3.2793949958801516,-0.6480557806593339,2.940181380793703,-2.07201413069685,0.5546405831450922,2.3281759733782064,-3.1029280259625622,0.07764743482155367,-2.8705957414313765,4.856498241828017,0.4891747425864086,-0.8083901345823286,-1.7443345432202602
4654,-2.4520376175993555,-3.3856630257012412,4.667290277306861,-1.2648861078323037,0.247207297127642,2.188089176700741,5.8748423821443545,-5.109219420400223,1.0678820583802855,0.20055566382245082,-0.2555056236304738,-1.7785550603149431,2.3502753019343388,-1.565465475622327,-4.188042346027586,1.5798665488015544,2.0886255388831714,-0.26525956796876393,4.097263823669088,-1.443359326118344,-1.2665259599985692,0.307478932062736,-0.011387160002110264,-1.6834703096145844,-3.124814288227654,-0.2769605426355035,1.161727038047335,-0.20318245130579182,-0.7265787925275227,3.169809036651145
4655,-3.013619339190514,2.396658627579491,4.03148251055682,-5.371411780193455,0.7734806045990545,1.1834093766509355,2.344911000968974,-3.5871369985821033,-1.1431489179665348,1.0013157041576761,1.123025359317623,0.261033852105804,-1.2144328448259714,1.5559158101001351,3.392493895625691,0.7157430683656507,-0.7455127747250145,-3.7042071545400805,1.0821280103721342,-1.8326801988504346,-1.2781009097183045,1.1190681545465901,2.6799919391100726,-1.7704069954618298,0.4473396428392924,-3.1962310837453565,3.8424434851007128,0.5893116097832509,-2.72058170014701,1.03771804617109
4656,-2.3632141029263867,3.0748091475001615,3.7172548399036494,-4.119406244530293,-0.40773150805297753,0.09828786810818535,4.154258077936042,-5.330884322944577,-1.120833287134122,-3.041005015447608,0.37003449882485384,4.968430048766859,-2.9739862888905133,4.174316597663282,-1.8923427535679789,-0.6559170063972033,0.5309056611199239,0.8170237900728683,1.8998958039289704,0.6405773256510834,2.5199611345008677,0.9102048526460154,-2.812916295978699,-3.1577228207499886,1.2278501192480853,-1.5406232121248635,-0.9419015266102981,0.17440765251260792,2.2165292109611947,-1.1362622439847936
4657,0.14420479416711451,-3.852945466065215,-1.7596686691695993,3.3765302418324126,0.56527346516642,1.526605634071208,0.5879930083680023,6.137653312699861,0.2165434416569303,-1.7336402966417754,0.144273121260869,-5.352822587342473,3.085332371278497,2.0116616882153053,-3.1583950891348316,3.4344899908072684,-2.075547724027313,-3.2975412371385318,-0.13812550747579166,-0.02909268865155923,2.4395471167838565,-0.4805175542214677,-2.448508105140581,0.6566967387037863,3.257662271821303,2.2523648500367877,-5.6439993234053105,0.04580019910458155,2.908331024545678,-2.8201590221011372
4658,2.585034126778698,-2.7638646662347135,-5.315308051541589,5.33824243882756,0.6078299485020606,-0.451933796329687,0.823272268111797,-5.494115609549386,-0.09127690694136881,1.1632240766625692,0.05588791142796801,3.543008260289806,-2.480465345520498,-0.873254210705408,3.317023180113015,-0.9110357660027582,1.3642556123532614,-0.41652347023720715,4.641563876407105,1.2795414761666155,-2.4584209284550944,-0.6433191336868056,-1.718192631913018,-1.1011726585205395,-0.8281288286634911,-1.6884516905884475,-0.6611204293119428,0.7075394531324726,-0.5696104476701649,3.0397719431034815
4659,2.033165396916086,-2.7460556791971484,-2.9618293582136417,5.2591593962741285,-0.6127407683799948,-0.9716989873970849,0.3357087212150809,2.3431082280550903,1.0097728533596317,0.9436197146199987,0.6368577746235982,-5.269067291872016,0.1242161549026477,2.014297305736914,0.14910832558347664,-1.9533679359663818,3.2525210428301854,-3.5867748930864103,0.08224847830215509,0.8700988725447871,0.4170810762895698,-0.3538656479341711,-2.71837093498001,1.70280815577593,1.8818189277946082,-1.4012260703688248,-3.4112013046555845,1.19901407454093,3.2945775269352175,-1.5629831542444297
4660,0.44539011131805495,-5.136766171763547,4.603489636508488,0.29260354448686243,-0.6040497790776989,0.39933265853019684,1.2644640904447932,-3.41873136535882,-0.7454729333566821,-1.501795064525373,-0.7265330012998872,5.128068274097373,-0.4635733484480937,-2.2409445217900803,3.5398792187639074,-1.8270325154518368,2.1139423059274307,-1.1222711390008815,-0.25012813497069786,-3.1135211580330413,-0.68611615330415,-0.8019369611677831,0.22452471660443507,4.627177690869502,3.684979563130181,-0.06768853439617573,-0.8376533915873026,-0.9957203154767882,1.4005133168513701,-3.184430638519359
4661,-3.031282651914241,1.393147348645737,-3.302906184469176,4.138215193503413,-0.8951154162512232,1.6979417104878216,-2.3228361275930745,4.811932577326726,-0.23729165294765675,-0.26908528739059534,-0.6641514415195395,-1.3185680678744625,-0.6556274368854318,-0.4941638253038505,3.6098458711886643,-2.331828356711288,0.2718761362043658,-0.4001023884919981,-0.05255202814859672,-1.678819617530161,2.547480270606105,-0.9064330777098366,1.5957175865494673,-1.5053931337687096,1.0318882137612633,-4.275177063394684,-0.863187334710954,0.6744922288040636,-0.053458654597646316,3.4854426101398595
4662,0.13834720247735532,-0.03613614445991331,1.6346851088030014,-2.1974136048496327,0.5227071253066038,-0.062189687275099104,0.7752917409082052,4.518543180523892,0.5070339427370962,0.13117727553365732,-0.9753038467461872,-4.95674229295528,2.188833766190509,-0.8280303135338052,1.2670990660058337,0.9053690286773808,-3.4556232228570547,-0.07764832448242664,2.9766596849271103,0.9078283617772307,-3.44205349768972,0.5952371023201266,2.0207830506686264,-3.058454702005129,-3.184549063507422,3.880671288027841,-1.0334872128348067,1.1110376145482652,-2.140692785838368,1.3670201596063691
4663,-1.3704176778992547,0.5731244512859348,4.628095125795024,-5.553381950802525,0.5493245217291318,1.1732555298940248,2.1031159231635357,-4.206016515398989,0.18901604117872584,0.7578772769488307,0.8715266129393786,0.28448066116988713,1.4919899905784817,2.1262589641700274,0.861298752421412,-4.245626131593784,2.9526566844387787,-3.186578260014457,-2.973735970425743,0.45406096131793205,-0.00948217276532759,1.1875339229204194,2.467720276878058,-1.1260970179271048,0.9896372762651282,-0.45267301652571845,0.4698561148868521,0.7808070321675737,-0.1175748279934421,-1.6700525787985363
4664,0.065325656558743,5.351305197255716,2.394548261126097,-6.103887581744971,0.6290803773583438,-2.3363719105516036,4.388324145761828,-2.575101501508449,1.2064175249797735,-2.656890083869099,0.5633338822891467,-0.9260839676518593,-0.18815768681114164,2.5554121643583407,0.1815639425230806,0.17454011049404983,-0.4266148696827905,-2.2967436608810914,0.7596894548753994,-2.2726863532127553,0.6049290775960188,0.5838215096696642,0.23081987960651595,0.09342643146338148,-3.1901297263671218,1.3555340140874357,0.54928919326683,1.144289214701388,2.8673708249257537,-2.7263535206124274
4665,2.173209742525117,1.911586782239855,-2.588318864082961,-0.6346421974460981,-0.6597533180953874,-0.20208214513817424,-1.6833262304043792,1.5229679128493672,-0.2900115481732559,3.6576649943074244,-0.3442858875608561,-2.8630092410169397,-2.4026314150310473,-3.338714499887244,4.006614086837843,0.7155460674209984,0.14270192854931096,0.8764838321105781,4.459625191230014,1.9038086815110198,-0.37505478974282624,-0.8956986689568431,-2.4697623256116277,-2.6229180884315255,-1.2738123072537562,-2.4895564784115756,3.637086540999391,-1.1029904225781406,-1.1362197121204112,2.3654923793663762
4666,-0.6584774483054527,5.683281422662432,-2.7083496896085215,-4.371040512489451,0.9499210126007123,1.104665215142628,1.6590716414165563,-4.019303797221191,-1.0824916529365445,2.166888141371995,0.6018904139861245,0.6739452533844279,-3.331425235870528,3.876811971605136,3.4426865456106768,-2.8928272672298583,-0.34970834886367896,-0.745537665251323,3.6804480673472533,-1.4325990369939898,1.1858147716307705,0.1952359562373731,-1.5268809112798163,-2.10201884694337,-1.7882945635412781,3.400725759358153,1.3007134308050396,-0.5367601917489457,-1.4745198642806159,-0.9018645705904493
4667,0.46071725252192763,0.47017595109405264,3.1650411250846417,-5.803394887106954,0.027036388129996425,1.6804241702786822,2.8774499359591488,3.042021784522664,-0.6368505649010956,0.4916717509563693,-0.9284795847025427,-4.845813321833166,0.05306126260385824,3.1576112616685847,-0.4394851958614474,-0.16234442137081118,-3.0170243359881965,0.40818142894844556,-3.4979988802584536,2.4529354979050737,0.7211336723175776,0.03551970840112073,0.15627083332141112,0.13213916831145767,-1.4581500165187151,1.743881800394913,3.3302613888586095,0.2647451562023191,-3.7370261890211225,-0.14371213991411658
4668,-3.3242705130971384,-1.6610728746344918,2.591962906639232,4.732572697547951,0.1540838753874878,-2.493276091840684,-2.403863349660302,-3.1181873920547467,0.9571545844484133,-0.45517469746720707,0.1768889631995183,4.843181891535682,2.4370917389709774,-3.4562363956340523,3.0205664521472286,-0.6575176270495753,0.6477771525240392,-1.9916813209581772,2.574676884793252,-1.9414437658602886,2.1974407891176284,-0.3435528227474043,-1.0569131092271622,-1.430207976077842,2.606027106752471,-3.8370649687224194,1.288981013405536,0.5549796285170565,2.2432081147549887,-2.8561308947057356
4669,-0.48311846956477567,-2.3372600072132776,6.020549562422122,-0.1677756177963765,-0.7712513655590105,-2.2611441022863152,2.8967052314422013,-3.047106480802352,0.7121876572212678,0.09296134536158718,0.03078038308034614,-0.6855281363017056,2.065861611411531,-2.6699297121693046,1.0721105312958734,0.4556801487363913,-3.950119551043091,3.0263969717690387,3.340062642718088,-2.8170377625193854,-3.506590226739627,-0.4979487274736405,-0.7051520102545545,4.186666084267262,-4.739121852680073,-0.9363817141082151,5.558529272780788,1.1264991242017874,-0.959500272305517,-0.05002455788688209
4670,2.628488933541451,-3.47001890290262,-5.265928774028378,6.113236108370955,0.7094782708031713,-0.7152556357822384,-3.5677771413394126,1.0390868658771346,0.13243280311131844,2.258398965937431,1.2418455285767767,-1.103987022161892,1.1551404750638525,3.660767666907592,-1.9272756008093541,2.9978266287777338,-3.2885754761853097,-2.597883693754106,1.651845608617844,0.4914258839486436,-0.3044755120309439,-0.2747593353045117,0.32421238343064296,-1.8882490286635196,2.551704460060556,-2.427162669485707,-3.79159508185856,-0.4931666874677614,0.661277659130425,3.498942319622927
4671,-3.173237035213777,4.204637541187253,-0.8349604171596177,-0.574583431180475,-0.09432959534020635,0.472472937709167,-1.2070364960793967,-1.1186257735806215,-0.6315364347618715,-0.09756979213784689,0.23032215829354374,2.8244463382675065,-1.3053670249426048,-2.1387049400022065,-3.902992359793151,4.086184753210777,3.4720335604760386,-0.21115398894842308,3.4456510240768736,-0.24629687923200727,-0.4795748253601744,-0.2711516638232929,-0.27010986193677766,-2.1785177937264883,-2.1925509192684345,1.744344269024186,-1.1937526555156701,0.9033657545290206,1.8085488342288514,-1.0699552829960748
4672,-0.12970795435508187,0.8850115786757726,1.334280679019951,-4.371370370322428,0.6763957748609482,1.6053902921232162,0.9992099375278016,-5.5824702083368045,-0.04970036927405452,3.6273097464894803,-0.7957010869147085,1.801351980509569,3.642802109359696,-2.4858396046927265,1.2090777655358167,-3.310776056852786,2.7423184778158927,-1.7975826911654558,4.674397288522915,-0.9050420143479876,-1.3588584484998556,0.2403466839338595,1.9774309445541718,-4.628274454164995,3.5088400806771283,-4.685174662999254,5.854522556432659,-0.019857215070586243,-2.291061354034552,-2.367269405003526
4673,-1.3205143780678554,4.199696455746597,-5.489961223423904,2.825088103428836,0.6609528403802796,-0.8752617980615831,-3.8668345690501624,4.731035201423023,0.31605614953657213,-0.3432236706434857,0.06737591323559844,-0.9044090245002643,-0.8708143466944698,1.0977464133381716,1.0825700433152505,3.5865461181243035,-3.0335035434226736,-1.862544684660115,-0.18090736721185507,0.7569912654468194,2.346897732075682,0.06339699835689494,2.8521395857527096,-5.838518214422116,3.5727119652006785,-2.923088071007367,-2.1236710065151634,-0.14670008855121175,2.17406126760806,-0.5533140667331065
4674,0.5971777455202005,1.3214682672121327,-0.18667306367285974,-2.8741484984404586,0.008078503701334228,1.1340970456820028,-3.1227357669126405,4.490695146471953,0.19414044701995703,0.06286033195477003,0.5892823049581875,-2.2142424634909474,0.7389985465951909,0.7629670306783787,-0.31138994950135057,0.942173636451983,1.1262282009006945,-3.25897746512444,2.99772095609492,-0.9776384449689406,-0.7348522705528175,0.39883677066691625,-2.1613217081053353,0.4772546968633655,1.0854187583302952,-4.75900033172457,4.142555238605553,0.35301293177228743,1.4636180543524162,-2.285604651334067
4675,-2.4685934420328834,-0.36847424593287315,2.6445065544022697,1.51004721690974,0.2592627050494336,-1.576748788393319,-4.628586241734247,2.8357685429089834,-0.9837043377677253,2.8104252925916704,-0.9849070521795085,0.9510037961821389,-3.9014402090340603,3.3689309096255684,3.8937794166803172,-2.260422822878965,-0.757078143306547,-0.34376915108583184,3.484521934024613,-2.0226364063877273,-3.1843143339652347,0.8263287499336158,1.6630882601988723,-0.7669882038060187,1.3502727709852778,2.1919019408264937,-5.493694354423688,0.8219271139865718,-1.1581397414830015,2.2877322701102614
4676,-3.220279139101832,-4.973811420020965,4.406525386309987,1.0198816742749948,0.7219971322292191,2.04568636631096,-5.180105558917887,-1.3193023964778234,0.8462917544951472,0.117381556483382,-0.7068505259632687,6.242585170381773,-0.12770872717766224,2.8874671287941602,-0.9550639251777291,-0.5381143005228779,-0.2025077894847982,-1.0640723864306025,-4.152440303640166,2.6206758129993233,3.389521072364577,0.7987400724273854,-0.7805550977603826,-1.8759415563926147,3.8219341958457917,-1.2880474183855135,-2.836355210345019,-0.39478887966025145,-2.9045162035389573,3.6017735160858813
4677,-2.601161751292043,-5.282978515273058,4.168553047439637,6.088227460938242,0.005176571194327018,-2.3778168130047534,-4.093399361125897,-1.7164410973964372,-1.1687035114394129,0.17254060888375733,0.7792610742622843,6.02674228681704,4.14618904680961,0.7704271329279386,4.235065320396611,-3.2399737777788733,-4.14461603622739,-1.7670916861273938,2.7172606749445407,2.2005176726486617,1.7285583454745002,1.189177893558015,-2.520178996688582,-5.315335589939021,1.2891287087749959,-2.730729167020211,1.601149201182185,-0.4086585713313644,0.4678797552214764,-0.21876992682517837
4678,3.333218501670654,2.7724257594326396,-4.084396482861926,-2.4403465528037245,0.05117249121717471,0.36792628334752564,0.5910813696542689,4.593101146134966,-1.0290504883084703,0.9099523439016135,-0.9399664955222322,-4.125117875858816,1.1149855378885007,1.5300457023926555,-3.529209567572133,-3.24161151177087,3.7810568903678003,0.3447329486945687,2.0368021046655755,2.6005917709534287,-0.8879113210526537,0.9627965281829827,-0.9813343520824045,-3.7309447306688064,-3.386832940981634,-4.662778707348945,5.087793789405165,-0.06442130280367131,1.7046254129731722,1.3216137487578052
4679,1.7982208273296187,0.39070875483533385,-3.0730518426680327,1.7601077932881886,-0.007985406040631693,-0.8680001267421087,0.3610522903956763,1.5728535437837152,1.243618285573989,-0.7342040397295193,1.0429107402966258,-3.486230820319161,-2.909077415423951,2.9237158315215765,1.817007024347216,-1.4483243287133192,-0.13885077554267866,-0.2444703361883267,-2.9590487017345843,-0.6860627860695416,-0.23782888382744005,1.1560196548216668,-1.0301669887344396,3.7570877055424567,-0.7019919278112035,-0.7155665665897999,3.8092851725398056,1.2145228199166365,-2.2687645813439,-1.3374849167096716
4680,3.242043447157066,-3.54226450124251,-4.634469604790883,2.4645699372746144,0.4470649817444947,2.0230557398595916,-1.3928474253921799,4.697391789862586,-0.16152078851930352,-3.6626007782042453,-0.14842888842242186,0.6680060906769292,-3.027941232150841,2.781328860789749,-1.5257940351211285,2.106567257703933,2.5404572880737604,-2.8746181392949577,0.8519506499740466,-0.2674636295263202,2.7415966616930767,-1.0090829624604858,-0.6457040186954792,-1.6712967009867192,-3.6576231225305413,-0.7516456727839085,2.662830350338929,-0.48910878207122455,1.8334682458340872,0.40207898121451535
4681,2.6257074592290763,-5.435879652684104,-0.9300660744436087,5.714933365034518,-0.7462936733180174,-1.2284014238154572,-1.3425694613132428,-1.6656873267831784,-0.9883242674477568,-1.3942270136441195,0.6703694482395308,4.720438620950127,-2.2386087113536792,1.9553898714545213,2.162234959031487,2.450937948494172,-1.0700876554866543,-3.259866412139365,5.958751456644681,-1.8984027203024603,-2.437435459739005,0.5704328524163982,1.037577347105973,-3.230923476127451,3.720763487161772,1.1803366853352877,-0.04719733070137622,-0.060750740507131695,-1.0863784457836996,-3.7067736555030066
4682,-3.1136507017062183,2.906011110684826,-0.8205457584447764,-0.9448431789807294,0.6437655273145348,1.3292630011347821,-5.891809528162099,4.403501771909678,0.45285860953661317,-2.9013407671171834,0.2925517244567226,3.644238189377635,-3.7342554038369737,3.297994056927987,2.1640206515257354,4.105540249442033,-3.00508282971521,-2.828216724343106,-1.790284293646998,-1.5466772230579302,-1.0791777058332812,-0.7743270542246812,-1.2815266238907537,6.47199290065177,3.782297973600425,-3.62044793729417,2.370019003388368,-1.0782237741027458,-2.4774417966211537,1.0237965310311488
4683,-2.367521835676575,-1.753909360113333,-1.2233514772501373,3.510157864777696,0.7332288292561842,1.1013959790085295,-3.934795235122486,0.5115612854486855,-0.0016034847505386196,0.8321172308896294,-0.5238605649965473,3.1165807685326286,2.8054498698738897,1.2661408210122431,-3.6035096250904584,1.3903153168326519,-3.877679044739919,2.0192826621120794,-5.015545909897231,-3.2789144670252117,3.341895571724802,-1.2456309700990262,1.7259198192277303,4.472275956067069,-2.6172268597516606,-3.4453037519313376,4.933249826679344,1.1458433286724574,1.5886265041693015,-1.605189047836216
4684,1.126910857643825,-1.412970942276047,1.5441724832447967,0.7849703869390012,-0.7497457682311026,-1.2933370173181444,1.346780011145274,5.482586927494026,-0.5183506836091816,-0.17516140036091343,-1.069566221516415,-5.066288633151451,1.4657741154188848,0.8919462026964098,0.8875934918269408,-1.3071686342297149,-4.059626858756133,2.121481683044088,-3.679762774421935,-0.6383970948301965,0.6866552009961708,0.3636525875899066,-0.6803733874756972,3.94822546813986,-1.442126330864145,-0.11495021606165068,3.039928271150867,1.1915990587283751,-1.202773373582957,-1.4716774093686062
4685,0.3889841013214639,0.17998161429228787,4.030055627846714,-5.152626973073922,0.36221070698834135,0.19139492262744184,-3.154858084649277,-6.121642303003156,-0.20782907304278275,2.702442062446334,1.1814692885395965,5.600418109710631,-2.623264202127306,0.12501778996317015,1.3618732291087134,-0.06952509636863624,-1.6400136250064694,2.845911904430995,2.2979494196227392,-0.4110284786140568,-3.8913796971239982,-1.0230789271925302,-1.616473885834278,4.644011569140229,0.18650619952114056,-1.097177813017403,2.6611732961358747,1.1327227217939884,0.050243316417546424,-2.9334677208492934
4686,-2.815519855052406,4.067023706953922,-4.710132594593965,5.697007075162471,-0.07638431472951979,-2.1619940177381993,0.6335281004526401,2.2680970286164452,0.8534184207911562,1.1801318852139744,-1.0476556256570753,-3.8875198094158065,-1.2711804746677835,-1.8526521493346184,3.473673928549946,-3.500228471281332,1.62042209851381,1.5299650682204202,5.759750002821988,-2.238414426626546,-0.7742092603455806,0.9223491511689454,1.7466872390371986,-5.416162706057925,-4.533721974627994,0.29121159718472356,3.813343745508522,0.41880523333178665,2.0858010876801316,-2.0754396890753153
4687,-3.4560768337650423,-0.6273914034451558,3.126213396823715,3.9655530265623007,-0.7541702720696062,-2.25412791410393,-2.343036971406164,1.9104649977890524,1.0465789207646763,3.671982175703331,0.6177658833399882,-4.903755006189524,0.2236831971256592,-4.044416944013564,-0.16642960021399844,3.809746869887178,3.9025836935920957,-3.7251672163769456,2.3849880203999376,0.42207316920810456,-3.080239429679091,0.6684397035792031,2.0068692807480506,-2.4021307442581126,-3.4750162487256233,4.291143253721376,-5.168084681428322,1.2011458885118866,3.0820643076728587,0.06874748024971566
4688,3.39833682869061,3.2784240273275813,-1.5554044722096556,-3.133443113455293,0.06677997234313304,-2.0546932426940687,-4.793804327402665,-2.2827359161123475,0.172062967619385,2.9702414392569985,1.0362367674453514,2.897999069194622,-1.8209704268984552,3.0124003217934074,2.7010337157226942,-1.7693733399260836,0.7001422650207836,-2.8232325357119183,-1.486494577506189,2.6066855858636586,3.5532377741421435,-0.7950138469142232,2.2298028598922777,-6.108217795479561,-1.3133631740864402,-4.217437654466083,2.1006731571728317,0.8100187585189769,2.1434181849535356,0.4766907279090571
4689,2.0985561704709212,1.4913312120225086,0.05576324718538217,-4.609437518330562,0.5830546300687423,0.3807322585853221,-5.221547826329946,5.6284010705905985,-0.7904886864982128,3.175440212091406,0.8279907007119194,-3.619795470564423,1.6271810206418031,0.645686637841461,-3.573305912898679,3.1460610654385874,-4.080276230365147,2.234653419342422,3.875531664305921,-1.1941079442433722,0.12746119494734032,0.23900189227101354,2.744808291011129,-5.7926950982939225,-1.0488659251049377,0.7944633917429584,-0.41976008235299034,-0.943419718937851,2.8914523566804924,-1.2738700220258306
4690,-0.48130526850876265,-3.2057789130307732,2.704562145967749,0.3298507155354251,-0.14719745490497305,0.7998687749436364,-5.884310142853192,-0.39293526972574,1.0385973510416218,3.555779902452972,0.9172859410873224,0.7655822179983574,4.2090417722553966,-1.9887830333206278,-2.9893718623080563,0.3621238796224482,1.8583328276705124,-1.4513435839192468,-3.214796589584033,-3.096629937709867,-0.7330068430498287,0.7843020718064801,0.9803174257776668,5.279813872757671,2.224845434154915,-4.33715179796363,-0.578840718412728,0.24830368783767653,2.760501468551251,-0.31765807416566005
4691,0.28158729597573995,-4.6704236064366285,0.6346756090301575,5.0994918223620225,0.4809935188562009,-1.826324639785172,-4.120860685623537,5.9937159594116345,-0.31900970292158704,1.5612679329745696,-0.12263490896257956,-2.992478594877138,1.938513893940133,2.993540141563148,-4.143734282792291,-0.4768006385140353,0.6122083057389354,-0.9237274199354673,1.2329394201939365,-2.0114696756286907,3.7515771744458455,0.8032368052085141,2.0014904336771657,-5.777774157898659,4.877764345115612,-1.2522083314373447,-4.2010229279723355,0.779236672451912,-0.6391923259491108,0.43542256779307564
4692,-2.943046409727181,2.653949954942977,3.1591381114554693,-1.2703738460891856,-0.6318018975882853,-0.967865912991444,1.9816230275112332,5.55125148164106,-0.6976249860897266,-1.8895581613199326,0.14020018224819442,-5.085891543989476,3.5682658205930373,-1.3026219115748265,-2.8194830394252026,-2.958822523731394,3.846660498863688,-0.3339988447248814,6.098192682093973,2.791600305384886,-3.3566752070628088,-1.1725323232762555,0.7304764933437102,-5.0910619504854076,1.322360554365872,4.63094292883849,-2.1294120402065886,-0.8993011305522209,-3.7466518850626525,0.8220615726188765
4693,1.5133663337875092,-0.39824751376489687,-3.626378741717261,1.3671506595403464,0.36566843966281537,0.7784408224938666,2.6147669424235573,1.6631472853000275,0.07852619693790786,-2.826823025796539,-0.9457522487409449,-0.583865150122655,-2.17987552354408,1.802198873957451,-1.2368946147789863,2.2496907930085364,-3.2953198204632095,2.6602002918207113,-0.7741477878728347,-1.02128484124602,-2.3318790934934643,-0.18598688284184028,1.515458279328728,2.797840326123495,0.9948418162672681,4.991763061424173,-5.081018996007575,0.6596415112670542,1.5713252807683737,-3.136552673717526
4694,-2.9598902681005708,-4.5164935194343485,1.427359443499519,4.60489099844683,0.7586137309054521,0.6855196146854858,3.3901378997771907,0.9047451603298136,1.0063903911727383,0.7633324997758049,-0.23006934257243294,-5.834536608481809,-3.536764929759155,-0.884732870703246,2.267620986465843,-1.7615358758225579,1.436720150628041,2.4786925391915204,-2.138981656398414,2.8579114559134347,-2.4123669496832765,0.582410652776371,-2.655099279832873,3.766125777222836,-1.3339683045333857,3.371791656103632,-0.3029499735098966,0.9593720961128582,-2.984570273013505,0.2903247988420752
4695,-1.9026467768140716,2.0287563762689125,2.35439855666802,-1.4502416988205056,0.26766762577898007,-1.2979340830789639,1.8967960734155973,-6.112464362634796,-0.7315037904719794,-0.4578834692564602,1.0040123884948216,4.401043160454147,-1.0014432397611461,3.2890594234587702,-0.523089750423992,1.3946420372725505,-0.8279522925292966,-2.331216178016426,5.762940807577653,-2.2515175711014344,0.03993626719293886,-0.8673741550191965,1.198688126194714,-3.882673474846591,2.3501252470032234,-3.1017807564569466,1.8566891237020897,0.6821301776563979,0.406095918921654,-2.193259710824613
4696,3.238270421979802,-1.1783766040785757,-3.933017720549003,4.85426251600088,-0.8463076639953666,-2.1348309493553925,-2.233909294918643,-3.401687055733369,-0.45605729917679305,3.100370947571083,-0.9064153795660577,3.8976980818251157,3.7418058459497736,-1.3660015165361123,1.3825413760397538,0.9608467077660343,-3.397596701764323,-1.3215957114546555,-1.332645560626247,-1.7590106863693826,3.555032978129475,0.4821353943739126,-1.5075901906917295,0.5620780651820958,-2.1937996264151494,-1.8561080793160976,0.8632596218530466,1.1152222373917482,1.9213184884956434,0.15010735799259223
4697,3.1905376708607385,3.7761534489452053,-2.968025305488375,-4.35908728791814,-0.6145593885487253,0.9749808621516269,5.342809353446999,-5.93896226224032,0.14809836921036457,1.9091310112237139,0.3872458645086345,-1.8483223361480476,-2.0964083453091966,-1.85538161431686,0.5990760022534793,4.054336338463568,-1.3084661374699298,0.6068437563793925,-5.370619312290653,1.784178419280737,3.818384937664881,-0.4358934872747895,-2.7744664834612536,2.978415926079226,-1.024031170752071,-0.6909779542196866,5.975254331366962,-0.800257167586393,-2.248458778043629,-1.211529260763399
4698,-0.6321541125346499,3.022898857764467,-0.5097997052409973,-2.659430908838253,0.050810076561895734,0.7276757922898316,0.7876225106758632,-0.6388414836757264,-0.3549834220013839,0.7488076160305859,-0.6817304149584258,0.1391251939304432,-3.366656058463164,-1.980774604942912,-1.814136875222502,2.0294216233280338,3.867078379858924,1.2650675354421068,-4.8808307847148065,1.298741477516895,0.8068970431385232,0.41288976292002477,-1.8056187410372964,4.1679212421747955,2.149888903689291,-1.0114765280434987,4.807816185612683,-0.6951374721377492,-1.8774633561688656,-3.3736277329500854
4699,-2.3648360076220847,3.718682509850762,-4.050244929245636,0.38652850405077643,0.9871899251057257,1.3226799978627337,-6.135255346443579,0.4237394413542326,0.47749683504059526,1.0001744927214808,-1.190465003251444,5.424309580580061,-0.9197071558282985,-0.9887926217426362,-2.877014344628872,3.3097027802825885,-1.8545732516994242,3.330384593617147,3.7170779404792214,2.1797023529808683,1.7315044841359075,0.9518159828733506,-2.8603285464626023,-5.719772214008618,0.9936239765041464,-0.7666816274552666,-3.3509474772698375,0.8934782913456099,0.018339929656724152,2.212186907220403
4700,-1.3629246599657474,2.9136260270724073,2.6494406543994877,-2.17647806238665,-0.00574147802598457,-2.0179224810912073,-1.7530159356791053,-0.029506503834781483,-1.0791166355654442,-1.8889318405269062,0.7998968045883954,3.9506741110191754,3.830810642895049,-0.25387294058104004,-3.3244430917890693,-2.193261649987038,-0.4875096625745705,2.428276702037195,-4.865897845214231,-1.2206329368178839,3.710343915627213,0.47491071458868284,-2.4787086436116557,4.379984795426026,0.34513531575791134,2.6022549608704573,-2.377803810588972,0.295414470727442,1.2449969280743929,-2.1099978648394533
4701,0.10895468973555111,-5.210106718776931,1.9695864615587624,2.0464400525129136,0.0021129529688588278,1.0830125620031446,3.432933305817304,1.8540387940609016,1.1653514421030202,-1.982116470888137,-0.2192326996282281,-4.2509743714635135,1.0493855421618399,1.6568730994088128,-2.06081937553307,3.9813094455852145,-3.575161965087135,-1.0515867465351523,-0.6027392644511558,-2.8070999715417155,-0.060901563539397685,-0.053207016990021394,-1.4505562818169206,4.974504098337352,1.9157581406745692,-0.8238143165631939,3.8690443812850894,0.9911874976808033,-3.7411129451310234,-2.211062757944404
4702,1.2612045152066038,-4.748542507601183,-0.1471131667770429,4.37526646815536,0.5680276225113965,-1.308842931492821,4.821141841762653,-2.5744363356804207,-0.8520941147282377,0.8709534493800337,0.8546357441271324,-3.1202005848597913,-3.1762947305048215,-1.0356325135216569,1.2436035809774637,4.05829985230195,1.2970209824203316,-2.3869971716727214,-1.6581812013827246,0.02668719565954092,2.305054283310213,0.4092887454467009,-2.2677452763793724,1.1848962533437835,-0.9313672652270562,-0.5842571485375849,5.878868097022252,-0.9875709653809865,-2.2270426563087167,-1.1486300615660276
4703,0.09668096711589769,0.15245704646492086,2.65165742082209,-2.2749530155121604,0.6777936193273848,-1.303636038215794,2.092135348049588,-1.6453774871869484,-0.4380594391240491,-2.666758831304387,-0.9070218993523724,3.5650823089195463,-3.5183475005574234,0.0414927424177165,2.9002078504034614,1.195873774152382,2.76455736139264,-3.3837842278082615,5.252828932919375,-3.411931039694853,2.28946366648357,-0.9313379886509132,1.1915358127546511,-4.390559383813677,-1.9993885439139625,3.378645632947176,-5.4315767107391295,0.12751630552663595,3.6137210963489395,0.3110822198322367
4704,-2.8807917988482004,5.221344842740642,0.03533480447044113,-3.000525360600566,-0.8972323070842227,1.5218698193242766,1.531239527994824,3.142838317828332,-0.3111144117851383,0.09067752942400631,-0.8216278048269237,-3.6320131586337574,-2.9977315995567206,1.768397439011924,-4.035820058695551,3.0510954021738037,1.4072364725146294,0.8068223445524243,-0.8466806721256326,-0.5940457909856498,2.8381304961285885,-1.24319631807812,2.2874919781673153,-2.441699693108351,0.9963968527093314,0.7162222260590134,-2.212772973587498,-0.6169524227208631,2.9739924573103167,-1.8568861397684202
4705,-0.8452266660558543,-1.2037893220319518,4.3922052125238515,-3.437604144106917,-0.8315501195210722,1.9259650391943435,6.126760614165466,-5.485920348449735,0.9131818228428186,-3.6252613619919405,-0.4219779948086275,2.4932172682433986,0.9310072590778269,-1.8093663122765236,3.387485567072808,-3.74451517364513,0.21812671702243946,1.0172619427491014,0.3246133107024818,-1.6061086423280404,0.027910927782222927,0.3086653572757445,3.2221381937268845,-2.2772191471611194,0.9659441227897325,-0.03678872507742881,-0.8199853651783009,-0.5222077697209153,0.6944163660939626,-0.281378628905145
4706,2.477945696783955,-1.3020637175147947,-4.234805174908743,4.463483637400849,0.12646349882162689,-1.5310239405805088,-2.878155102079905,0.9267876071275403,-0.7972285677494027,-0.6530236580219384,-1.1245586854858276,4.526178406210928,0.48865763656757366,3.3825530549894047,0.09684020002135796,-3.1498876788833385,-1.0496692166127986,0.23150600391833187,-3.8315128493381856,3.0605559530311197,-2.7324299878166087,-0.3451392073093267,2.2237203746800738,1.6248057167511263,0.8302789426413106,-1.4600792981060486,5.088767786416344,0.5113355080143425,-1.7296413756081677,-3.2406615633558875
4707,-1.1643206742532364,0.7685712958309274,-1.1156158324158305,1.5876652023105535,-0.022485802752376216,-0.053814188717645095,0.3408075810537561,1.849683257550062,-0.30741340409646156,-3.0296609982666283,0.08401002072841202,1.0625735430322578,0.6533603997430752,0.047556263513865105,1.0424921648379346,-2.393015817810914,1.9898285511817129,-1.340221561465162,2.8815406815594535,1.00869457233323,-3.772806300412766,0.0809113751899675,-0.7965528388678056,0.5982125101961095,-2.721712915340561,-0.8663133915588013,3.8285492430775,1.0962222263874093,2.381910407332043,-3.7186555698957235
4708,-3.082483519021906,-2.8826897056829353,-1.5398034704966683,6.108099060712071,0.23532544575914693,1.1615521887326814,6.211900469217326,-2.5877057578661145,-0.8702010207496951,-2.2544339621023006,-0.8836479908530555,0.38408826235525595,2.6734003814581087,0.13304336837375175,-0.36415269815645956,-0.9681151728582122,-4.114962346366902,2.6407864675502317,3.5521348784993485,-1.4756078304514784,-3.3759823743019552,-0.5554231933861127,2.58487334256351,-0.7299948229250894,2.7173737978396204,3.2838683925411374,-6.010393810819629,-0.5404025412708631,-0.02211724017320904,0.5716714018848386
4709,-1.3282023279755322,-2.2679229954094886,-1.9904731847792831,3.1973578702497534,0.06030469268068206,2.3289359452362888,-1.7847078590914442,-2.242379873812439,-0.5713964553170259,-2.0719271105321653,0.6023097023409276,6.0681015964135625,-0.43869832464303116,-2.07024031102849,2.243971453030319,1.6236188917853092,-3.9736056059117715,2.614953896768185,4.631021604065786,-1.587586849787499,-3.5695860159363466,1.1018806111172905,0.7330410257918469,-1.3087703752528341,-0.37173671569812683,4.962473930336145,-4.372024222541473,-0.2584162189254302,-2.818076507360594,2.8577797341913644
4710,-1.0516593432561958,-4.6987422751288435,1.9769969522938808,0.6292984544665075,0.6490036720759988,2.495102539551075,-2.806665162175456,0.22589881373997756,-0.2784776692332631,1.42325278660363,-0.16658159947446816,1.6025728305410034,3.64375626948479,-2.5988786630110265,-1.4475790364359042,0.9056042646112132,-0.8446304601985872,0.34172762555002834,-5.785545058052275,3.302845769314903,3.1261974040401697,-0.1605102785810386,0.7432923680280439,-1.2262802047515642,0.06930131921052052,3.9553971980535856,-4.624082459802224,-0.10744987712580034,3.229903734188575,-2.5230699145227717
4711,-0.9522483555251942,-4.925183314108445,-1.8450686268879046,4.752491736104325,0.7000024752215936,2.270006085198034,-5.182362437399675,2.954976777195,0.3941575612505268,0.5838592112338254,0.45021790388759264,0.79915098383416,-0.43105183733404573,3.274094304091946,2.644999688239359,-3.7729628869127954,1.8184085501861063,-3.5334878182700606,-4.978965905961136,0.2734152558078744,0.8494155269768093,-1.1846157804242625,0.5624123522994218,4.478338551299483,0.05695766863664886,-1.29638555290299,5.861257932474178,-1.130284361150646,-2.030289125517397,-1.46125656153791
4712,-0.3101252774490586,-0.4175388290023747,1.760987550790226,-0.7864337325585957,0.04235830766371107,-0.28924801944150325,-5.3888653500878085,6.006929155280943,-0.1263760052172067,0.5462460923980892,-0.8024912660426926,-0.23544262632994162,-0.014001688213646446,2.214976145336351,-2.1151403400667306,-3.7482599071557647,1.0121772140102614,2.6502485760900463,-0.8717505121386928,-3.4836307077640214,0.17841795781176728,-1.1150868539524739,3.074490908595674,2.217559207445923,-2.084129738734898,4.887001676916455,0.5100000023374278,-1.196420595112484,0.783584768385964,-2.9000361137905504
4713,-2.056160151893039,4.374297140024286,4.011412060419154,-4.061958603325589,-0.34056715503394974,-1.9270232901884388,-2.5719393705697726,-0.8913481246003236,0.4173416434368882,1.930611920724143,0.03557631851758103,1.0797576124928376,-2.0693335046019428,0.9356864924766128,-1.0523124628995966,-0.481020550190685,-0.8207259626919274,3.4877059879080505,-0.3636646732377571,0.9767114214724533,0.15754051365451005,0.15814657834073031,-2.310481634899613,1.3817477946678736,-1.9626372384841524,3.549977170092184,-5.807572275595501,-0.37976647548608966,2.798425409753115,1.8015734097223834
4714,-3.4947061369013035,2.3201054498526474,4.313889239227088,-2.0177130811491892,0.2196230953137479,-1.341198566340541,1.145529975000457,-6.231759177203788,0.12809093558350337,0.6882613625287917,0.37846685593890683,3.8914100481534604,-2.010657502116576,1.775689630297144,-2.942698739954645,2.950892210661987,-0.10515153590852222,0.33192593702110074,3.091210961240076,-0.11283941848853551,-0.3774325497463913,1.218165117534114,2.076412667814015,-5.895516778355077,1.1134910801648807,0.5384596072908465,2.1143214319753483,0.41547602168427034,-1.9320066125159876,-2.2497415285974114
4715,1.8170175399044837,-1.1076144321711325,-5.574557572391701,2.7301735804007983,-0.2771105567427272,2.4120914410027137,-4.4500832488275,4.719891800607616,0.8618447365352324,-0.3312397861659484,0.4823155006504827,-1.282729002798522,-1.4032663173955182,-3.3834253197215816,-1.3634649047201517,1.462273246855485,3.4091610911128605,1.2787222038693677,1.235395033074827,-2.1446729977355563,-2.1266604641622937,-0.5345926237872689,-0.43492296525653984,4.005454017865034,-0.622720233889595,-3.722332938659836,1.8671638651665283,0.358924682479687,-1.0594263644716975,3.1783909893768545
4716,0.18246370375576149,-4.197138076580874,0.8650871480594695,5.208580232277697,-0.06269744576971537,-1.9962955617398954,3.473722761266149,-5.262317895314588,-0.07493985130147429,-1.4657223471080698,0.5205096874747683,2.8087476449845177,-0.6342590903028302,2.542690663330074,-1.837679360020024,1.13777915692485,-0.16012172083810583,-1.048409649093502,2.13990785717359,-0.4574983018605874,1.966094162113592,0.7482965632763845,-3.1945639855169254,-1.2022362951878591,1.949950510867616,1.87041030291671,-4.531259259476382,-0.4291327419544331,1.8616127439326569,-0.72158155628426
4717,-2.772913020378212,5.433323833111434,-4.216236431083807,4.163689794152788,-0.5833972042213467,-2.024466971578426,-1.692414206295684,0.6199693750004229,-0.38027448735380265,0.07102539466362146,0.7678799864253794,0.6138139375613285,-0.8517206077528208,1.2854047272969602,2.3714095355717397,1.1983617610232855,-3.6310390680479276,-0.3724163480907716,-4.801369073386201,3.35677042256237,-0.10372264706717971,1.2298076133957423,1.894062322251287,-1.57554863775783,-3.052668919742434,-1.8893023849197057,1.7495379669447928,0.9355480318640526,2.6528215744787254,-0.3959362686235153
4718,2.8189907121855597,0.9217369193740765,-2.02854661107499,-2.6029789550262166,-0.13491385021478441,1.0257117847587711,-2.0764297009305537,5.030626612352322,-0.40626012439742887,1.7581965978060978,-0.3585235927803776,-3.947609792048784,0.4409196010838805,-1.9399911482224574,-1.3808067684756526,-1.8020722298964884,1.7033586218071548,2.978591923704034,5.688917981625398,-2.4322488436977423,-2.7018101297506973,1.0830429964060189,3.011279909137283,-4.649181913722046,1.99049950841977,0.9337801346891794,-0.7748175503173229,-0.9794811266542522,-3.534208513543941,2.364227547408504
4719,1.192767852520614,2.8402555848957967,0.7599052470959293,-4.153426147682435,0.7490014448540712,-1.3885039816815627,-3.399248599269054,3.7390926817880157,0.4337676315906611,-1.1211925201380222,0.3999357151969152,-0.05235490916725283,-1.9079111989208322,-0.8556937289246669,3.0648181734675575,-1.84299517931907,1.832516808041305,-0.2907348743438263,4.638423106383051,-0.29889762130152064,-3.271440515415966,0.9885311215838817,1.7613570179029416,-3.817973109154181,-2.870575604427067,3.7079436031414303,-2.096681952613679,-0.5730249262657958,1.0690377129295818,0.7633011672374543
4720,1.8262900123978945,-1.6725832588843303,1.6185373384141641,-3.4969560786324756,-0.20115618755950426,1.9258681742666237,2.3490912612101837,2.328535507991127,0.5560941204994956,-1.954620820091307,-1.0912645730806791,-2.1878354965275264,2.8188205952260112,0.3280452678161154,-0.3610262275674536,-3.133018361704579,0.13222286974738395,0.2149558564830123,-0.7224297954142287,-2.385583222308961,-1.7599708473914824,0.9118607743171667,-2.3423346755345467,6.298457766330273,-1.2522540666415978,-4.704829102479863,2.4752073311856897,1.1836575814423194,3.3487095128027953,-1.0504912563073994
4721,-3.2436230428047157,3.509349445007796,-0.9098350384496108,-0.514745157773369,0.9760762523290598,0.18277754169321803,-4.580745970947895,4.491228163898089,-0.27698059612360915,2.0939824923620236,0.8298388774804479,-2.557322966667762,1.0938880279784122,-2.328606956569054,3.5702851548761423,2.5559127852902463,-4.147604009847058,-0.7438750017282043,-5.287084770443151,0.911747083128633,2.589110646561945,-0.09705832419786109,-0.3829307607236174,2.2662161256722904,0.3351535814800819,4.084381610451057,-0.40397027355687953,0.6050899526538611,-1.7255242502819534,-2.895130620744238
4722,-0.4756390269138322,-5.586820671789937,0.9536377408741217,4.9307692673137495,0.9554634366781944,-0.7774107461599318,-1.7497110458426768,4.732506745473856,-0.016735785344896392,-0.4553752410558918,-0.4258257179018283,-2.084858955327313,0.1511840343535944,2.4747605428594817,-4.241141282082815,0.09330724351006481,-2.1274002552640283,3.649289716624203,2.9848775077025707,-0.2718942913549185,1.1112688804661204,0.4417857822887674,0.3527161920715791,-4.618754071175893,-3.7858798210200355,-1.5495881283220179,0.42112358941697536,-0.035171674318964286,2.145581544446589,2.8039344897993708
4723,-3.2664132836607838,3.011660920422994,-3.253008375753115,1.6416363652445725,-0.5635989868291744,2.4297233605778956,1.0398400730790485,3.948700245240744,-0.7900095127601778,0.9029080485697651,0.15796558890627121,-5.259404443034381,2.744334316232731,-3.835903389293529,-3.9215893372208015,1.6902685325526008,3.890243979064003,-0.567354101334482,5.581071626342407,-1.5802549710709037,-3.844272115039976,-1.1955845470491786,0.708075089552489,0.3309649172634117,-4.256217401847847,4.192425289641601,-1.6770346092189676,-0.7361145039551271,-0.32916474365507575,2.806105969037347
4724,-0.9819843408034306,5.344402005617262,-3.0193942680888526,-1.067977054001588,0.8784202094564217,-1.1534665521774148,3.1283115897765086,-5.059827540992821,1.0897943297436345,-2.617452799157528,-0.4866396233569068,3.9458140439884275,2.1231654480777102,2.5620691371452864,-4.117477478069974,3.9292527602328455,-1.5326772643204087,-2.964332603064962,-2.189409268516556,-1.1956497602056775,-1.1964748941097536,0.14208889520387125,-0.18613570234294308,4.625580729969325,3.511994178541073,-0.11968613565904462,-5.02600186297083,1.1222449358368811,0.9824746979669978,-0.4710258137131351
4725,-3.257785436079015,-1.9271060904504616,0.7751064284649516,3.8528549854408496,0.5682267858462491,-0.011296673220163811,-3.754694823393727,5.477676092794308,-1.1329471015207577,-2.6907668646532095,0.9663352587882761,1.1343974379864257,0.9529200049510465,1.0526360440507858,-3.165193974378589,0.2202288171936253,0.33157705400592263,0.6078320541777007,2.0602095097629487,-2.73189462119495,2.2467397723257143,1.0573015504676917,-1.6581238945596617,-0.974232316803473,4.7269921751629305,1.5637456256084619,-6.037273949221891,0.2304355153756923,-1.4597959862479968,0.9758966193247414
4726,3.620237808234588,-5.469994153214543,-3.680679430609846,5.684640652554549,-0.052156693148321276,-0.1020481838139986,-5.521068070186072,2.9472338886446288,-0.7232570635549997,-1.1608946096871158,0.07557183844886506,4.382414016336028,1.5655935900093816,2.071165319881814,2.373264706611913,-2.0519553388373115,-3.61262788031979,-0.3454403973454845,5.169562640155789,-2.5302559061955954,-0.351185603533688,-0.8402192068111232,-1.3556522036430714,-0.0922497199740917,-1.0643746361015012,4.58511301375415,0.7842581838010503,-0.7306916283851095,-1.8242948043490905,-1.750010128717589
4727,2.519670204749822,-0.8062619718407902,-5.961956399692788,4.098152069082758,0.125842019315483,0.024554078387923894,-4.791193968830203,3.5060291300793907,1.1080793823751627,-1.3952721554006082,-0.6083754770516885,2.1807330888292924,-2.722246041306173,-3.159456707779409,4.0456580188142475,1.920715349626878,-0.2529171328779505,0.1682465135229272,4.027187899170549,0.5900875120188029,-2.4374933825768466,-0.8505273253236147,-2.06216416505327,0.7329094617626168,2.701680542809058,-1.2005770310316173,3.4561689608522137,0.47250585597115524,-3.63781691914785,-1.7919614094510283
4728,1.8815078415614153,0.8030466410784385,-1.825072532113868,-3.230966037400453,-0.11884518310387415,2.4903292699807285,-3.7121697386625563,-2.762695978242114,0.3767753853731479,2.4552277535161124,-0.6714318538521766,4.314294431868952,-1.7697485552321979,-2.9601391303385007,-0.4960214989620404,3.8773652358296538,-2.248852582561515,3.59739653126514,0.35496795494673705,2.764470355874245,-3.040929614108629,-0.3524569881652262,-1.1223155521018917,1.396263843553001,1.683788704780227,2.860588139997809,-1.891895231319392,1.2461588827442736,-1.0707481918729744,-2.8278923043280706
4729,-1.7786161801195775,4.819103712827509,-0.25898536068607214,0.2827644783733483,-0.9851303052100933,-2.079136345182695,0.8183492188208774,2.68757925564384,-0.9966373194646412,-3.0917042625617697,0.3210728333131936,0.26134027424987494,-1.218806285422387,1.7935869869125298,0.8303327399540841,-0.8635420031456782,-0.06947991469601433,-0.472091523602014,0.8364324682287183,-0.7928765974026515,2.0483368770326003,0.13976303241476806,-0.012532433123594089,-2.2191233471516263,2.2228491496797353,-4.272246139256863,-3.193301359735379,1.0340827847024343,0.566454156842541,3.6421614077694002
4730,0.361966737645524,-3.3213418268039163,-1.2313184250680216,4.73016215064008,-0.10705872518607884,-0.4324099112251947,-2.1592755823496432,3.188548863315301,0.7082268360771202,-1.8834333745288223,-0.14660424449488474,0.29253750198228445,1.3677461584910588,-0.670079695035561,-1.7112845913105534,1.4450321904369652,-4.167552394407245,3.7361383318258454,2.398609269452276,0.43214087639744925,-0.41344229675465805,0.6188563479878377,0.2316022223383154,-3.2677664194230402,-1.5216631642855738,2.4238477104675873,-3.144123315511962,0.5214539098391064,0.17694525762009583,1.5435396018726166
4731,-3.7226963344235102,2.2828371776927057,-1.0540963782162365,2.8552588186352033,-0.8959768986216154,0.5346736149358424,-1.7747949833973813,2.4928323516928046,-0.8838357363556701,0.6176849891405833,-0.09895391402010656,-0.3529327070588657,-1.0676274087063753,2.4002607799979643,-2.172128465971104,-1.57797240814239,-0.6434132162473709,3.060880719069747,1.364513766117586,2.4091344006307054,-3.465155757771461,-0.06756795614922773,-0.22421450203536963,-0.016709950794005834,2.140479417563018,-4.160188755047951,1.9588279941043893,1.051059228622039,0.047474921912009194,-1.0376528071516322
4732,-2.300640263307784,-4.6140609352430815,4.747063071567158,2.035469046527254,-0.19024126733057,0.32241034778940403,-5.348024847606574,2.575330135570802,0.7467927641767238,1.1588831425367339,-1.0380244095835809,1.9050432149072662,-2.995415414736934,-0.9646192987098701,-2.4452106310898127,3.3116906544745817,1.261004290352112,1.832550399710378,-5.517315545932217,0.3661809053311842,3.8178174222397985,1.0397654324794594,-3.162630394552849,3.4561821804328403,4.005277000036049,-3.5537894513083828,3.397713806518702,0.6639086096111493,-2.7654046998956563,-1.7477052649599933
4733,1.2191501785497572,3.147855393491117,-4.629648287997419,0.30080659622619876,-0.06512167112501577,0.026957790857760955,-3.235206625723361,0.020422597330529868,0.2974828758026158,-1.2701890185352305,-0.1496509733214877,4.337141144448307,0.23285066632945117,0.5813551691100258,-3.1515972932749765,0.9118299977509849,-1.2689685394401327,2.6945299995251126,-1.3850941185475492,-2.67891505640851,1.526657866621278,0.480079968358746,0.4688177154274946,1.5884536245467515,4.735062295702686,-2.1060931439455537,-3.8531128407006037,-0.35215798818047084,2.567894645470215,-0.9915929683444258
4734,0.1066555771182145,-1.3838852470783785,5.56769090668276,-3.158160533137618,-0.37138910582536533,-0.7609115977571683,-0.5488754809599321,2.090091031027505,-1.2149752912226073,-3.121107076718756,0.06980214824112974,2.7250646696340297,3.5176213616384686,1.3029799883804927,-1.3932085615540881,-1.3549771915293007,1.1688610227819929,-3.2412766197170964,2.785559695702574,1.3220656989380561,-1.8295267812860878,1.2447586076225834,1.1762994460721004,-4.6991566670509854,-1.1653904075118362,3.6214189914743606,1.0483267552448972,-0.45397759425443773,-1.7236742205156776,-1.3267035244354393
4735,-1.169883295456975,-3.802173746051775,3.915354382374815,-1.179550595476286,0.677193854550036,1.5590594000626172,4.237916595485725,1.4517815741026894,-0.49781124459915116,-0.027567271732166887,0.24527917064925298,-5.409598823904947,-1.1278699141081248,4.125060044240591,-0.7329353100376572,-3.044423943055495,0.5344692774293129,0.24569984553187396,5.184325390700618,-0.2616887339878051,-1.6641373845408225,0.10374723553532217,-1.8410192778385888,-1.5212272298704868,0.782842836617867,4.023889753753551,-2.964974910367271,-0.7914668780938161,-1.4463665340988108,0.3960757321903827
4736,1.7078528431387419,-1.701996252085209,-0.4613573061404175,-0.9580269882173091,-0.627934695461841,2.0414623987685054,1.083297268729833,3.3919285304568696,0.6584290923790608,-1.8497817763503086,0.48987335725257086,-3.773746472466609,-0.22669334488953652,0.3817802698447039,2.7459837132308778,-2.9231328875177383,0.8922434893086901,-0.8701812399765245,-4.538300419258334,1.4419071406728445,3.191910103982412,-0.6734072881650093,-1.5595864973810691,2.1374769601474064,-2.4560452142073927,-2.795319447839585,4.781908451559719,0.976586236802123,-1.5880404448489642,1.0809104185359857
4737,0.3262892086273723,-1.1829876341662562,-5.331765237615258,4.714114819280017,-0.1775883641116578,1.6519372079882686,-3.595609059620724,3.85444583618186,-0.3365973779921765,-1.9289001834659096,-1.1961458698639253,3.202806654762309,0.6583074420147028,0.9263915413296004,-1.5649238152815865,-1.7360979446828502,-0.36056888706074375,2.076891663681341,-6.14660595911084,1.6849826623875348,2.179249265035299,-0.6696414849190413,1.3588591038882427,1.5931564127170859,-1.6960563885790485,4.1488023147525475,2.490132263907199,-1.0059033306500536,-3.0773367865691874,-0.8596380728595658
4738,0.9115753989550193,0.6167968523012988,-5.782507704420194,3.653747992760781,0.8939302159392266,-0.29354275553363607,4.476611427063034,1.7375434831102439,0.9065863187766743,-2.809583508583497,0.23008305563012588,-4.541240775995185,-3.0028315866961535,3.0111982113800266,-2.9324559378534403,2.833668636625024,0.010080485019784646,0.08034019152522376,-2.0469237596728966,-2.375773272333232,3.496178539096089,1.0053966471553384,0.06695885802389334,-0.1458370122709134,0.9274204688372087,3.919397492605942,-4.987869126671747,0.5926573600052301,-3.6875117264003876,3.235905531625665
4739,1.856170596796737,0.19310012965157952,2.6405517875584117,-3.4896103768172644,0.8599852800039325,-2.060197417190902,-3.15489465562435,0.7205472044813312,0.05678378478842383,2.566945583225003,-0.977123458925619,0.7877415420566258,2.557508060078579,-2.404815787297931,0.70401610527367,-1.711697082715009,-0.09691221902705038,0.9519009236882123,6.117140264682657,2.4840781714864555,-0.40468151883306724,-0.8434781930272459,-1.22570155016302,-6.127357174147527,2.589567508226395,2.325744208569173,-2.3774569681603026,-0.22516584044551546,-0.05039087543441667,-2.2622980327533995
4740,3.5266566942160296,0.6670501534297557,-5.433723473148859,2.3167536007535787,-0.927343769662615,-0.1493932055854117,0.6244045602332235,-4.334515689862847,0.6707282377807147,3.635934750292673,-0.04801313165214083,-0.5485387267902091,-2.004256700704941,-2.4254412031498447,-0.05701179917060628,0.4894441869889654,1.7238663984887275,2.273399117548184,-1.0133584839470657,-3.2928994499681465,-0.1483708285856835,-0.45281483676038015,-0.8181912369237949,5.725634836183318,-1.1097868388179428,-0.08739104235575823,0.9460400254375507,-0.6343547909326066,2.3266211141269295,-1.4411284674562186
4741,-3.4862722323093696,-1.5670755346337693,4.882261670203118,-0.09050468601111561,-0.4259546318252623,0.6875454145788886,3.6067822949663615,-3.814142254508905,0.7847024631407331,2.5375446544296167,-0.19693522705776179,-2.9179519309686164,-0.3087143472594036,3.3769284500984575,-4.051525947735312,0.2062009683283037,0.18969199858474184,0.5874188779836693,1.8100518061055766,-1.10515068389034,1.8835618101471034,0.3039127824232324,-1.1660138520195265,-1.7263618627678454,-2.4591748969932006,0.011479980235588272,-0.006710799869701134,0.15199035156120555,-1.4322628495184304,3.7346782145864985
4742,1.0590416970903362,0.7366445271666073,1.8058633868538294,-4.411820630275738,-0.77881897495061,1.5890899941180887,-6.055214214339102,0.7040151410420314,-0.8112691858407972,2.518470376403595,-0.1761542812790058,3.8201521640147256,3.5645437481807782,2.464600109608721,-4.121264930264818,1.266735315521725,-1.0339619425118656,-2.140652300534061,-0.7548011943324582,-0.4674619172662613,-3.8717237360058547,0.4595502596351304,-0.29103703347443677,4.92547362144207,-2.1996514176001902,1.448261057056044,1.4191911234542118,-0.2519635683153796,-1.5518278286391212,1.135990634046422
4743,-2.4797036384310314,2.856109895972647,0.42987037907997916,-1.279316056032247,0.10209933990067288,0.37094007951249175,-2.658317244644273,5.347569189766226,1.1588948221337603,1.0909167710414636,0.4750669491178572,-5.414130487413562,1.184819807562544,0.4741303498571021,-4.249891606239622,4.1940118683770855,-2.450000489048998,0.8469300694923554,-0.24358625305023907,-2.998645334567323,-0.4675101128742405,-0.34250337801778485,1.5013509528131674,2.550894125694608,0.49294761185735325,-1.9893791290899294,-2.0746606480381864,1.0825132540946134,0.4730646781580532,2.015514233020056
4744,-2.577098403038656,-1.688395926732305,5.676728129953542,-1.4296513522781247,-0.0015335937453504478,0.019951145843407403,1.8227466239923338,2.608843960355152,-0.577926654027876,-2.781567141876698,0.6621799730621216,-1.7342767615035548,-3.789221619444442,2.5719864441276634,0.13567727093366955,-2.027109077424196,1.5412998574735433,1.5673671243342042,1.7765848036031784,0.5652579316534805,-3.0252494959040845,0.8976488122492636,-1.012694705542975,0.7984526539393109,-4.379420850532846,2.9922310840026682,0.7799469468477902,-0.8409255434297629,-0.6857254209871773,2.133893784101293
4745,-2.12927792929357,-3.285695633825757,3.28711996162615,1.795478608656154,0.15487012375525655,0.1775048690843235,0.5233348299617013,4.346692098431571,0.47882912149790613,-1.9524689682590672,0.8622396756884871,-4.258626757319128,-0.9995631543764354,-0.4008815601007498,-4.029335528477546,3.772146637307692,1.495877390541061,0.16175621510639182,-4.930660309337846,-0.21856487497378474,-0.05476269775865816,0.987052952057514,1.9278247542308584,2.2891101757800705,-1.636902122627209,-0.20155421398304796,5.4896952349401005,-0.7795340834607227,-2.485452775448092,-0.38625203941911046
4746,-2.9185356208354065,1.7361164662918895,-1.6312975071770701,4.295221604801416,0.4601847950431268,-1.9416897381213847,-5.905615342410108,5.650147555299046,1.2304830950660914,0.3948019275072596,-0.48228799299140235,-0.8875292424694514,-1.341362874193635,3.037013733517032,-2.659499701016262,2.34411737696227,-3.554759929440486,2.174491394171465,-4.862060979781912,3.006943228020692,0.04337997339954569,-0.8034270435987061,-2.1058195681253036,4.720984390083821,4.489931766399131,0.003297174147377291,-0.7916784876511933,0.44300193374256125,-3.6945387267350096,-0.45001365990095543
4747,-1.787765194435817,4.024307503919594,-2.7340982900233293,3.2500767438894584,-0.5880455188678912,-2.164475244479476,-4.280372348667175,-0.025558605323926287,0.8011752774298273,1.3870923471237688,0.4017055922912176,1.7159577371477113,1.1022107351808224,3.8602759402483215,-2.5583631831331033,-1.4147729063291372,1.306674162628159,-2.2960247485947,-2.3422984829390217,-0.3148283103205731,-1.3311887612038635,0.7603508029274408,-2.849355917904669,6.077320669438826,4.429110626298517,0.5018851271240798,-2.3828335940859553,0.5145713657139481,-2.247476345066948,-0.8152571799817867
4748,0.2415125051185214,5.464461062182927,-5.992264029095267,-1.4060299343153027,-0.005946810459608098,1.6982672065713125,0.41771177674237947,5.21288257616278,-0.7131149666139294,-3.3545817486838754,-1.0276250146367296,-0.5352726229692166,-1.4681021902849327,-0.11622628781226396,0.21545696170241513,2.1361632338237087,-0.22282897391698597,-0.5444627435115734,3.0770439695707843,-3.363230990932715,-3.79732117877292,0.7855294211845312,1.2380127304965232,2.059966048451919,-2.1188872469638795,-3.8265636810324857,4.759416911937066,0.04669497924549937,-0.1885939955377065,1.3279330323533536
4749,2.467682571069421,3.2149980513031515,-2.814600020923102,-4.418727814064159,-0.8425909725005769,2.393238185117843,0.23486625588905596,0.36669058249793096,-0.8285249795398997,-1.3335143655561943,0.764270747841663,0.7962117588688393,1.959551354501901,-3.089985957280943,0.19727585245296453,-0.9666337700536332,2.636903996334347,-0.7371114759542738,-4.473518208132102,-1.632718956377996,-3.2602812130277457,0.8710066481533723,3.24729590830459,5.248215821077977,0.29443007940428956,-4.29533478024641,2.6681134297915214,0.4842379233253524,3.682602632958236,-2.834049285231135
4750,-3.1497082258865277,0.9898649335545819,5.366648403322742,-4.304657770374824,-0.3231878688346692,1.421040528221285,3.1786726949181983,-3.751414383316863,-0.8732975301632084,1.4533014392201906,0.558956752973236,-0.5662189736301606,1.0205162403426762,-3.9263972906552205,-0.3786296054062106,-3.919570756045074,3.646304561819832,3.5577768499443323,1.740985386408088,-2.258654105224064,2.3823664532977915,-0.9178250839533009,-0.478823986808381,-0.46804866372201204,-2.3005439611245357,0.42633971552115923,4.179119282845324,0.8328143945686506,0.532038683641824,-3.66976811545058
4751,0.6687866346178861,-2.9209731817964055,-4.472587818153141,5.119608441163855,-0.10981712518698794,1.7149830493573877,-1.6317095473162766,-5.830214643391475,0.856238568359271,1.640504541685683,0.6302155999314811,4.33496548073272,-1.704215788436473,0.9964791029873261,1.0714025341481772,-0.5275915204437389,-3.0970594162024074,3.260985087947443,0.4358385813945844,-1.6634242954592615,1.3249125537861914,-1.1685372687384277,0.8093208870487167,0.261889541966319,-1.192938378152288,4.602955716614254,-1.7162395273913162,-0.3621088579228573,-0.8329269843347049,-0.49874196881121335
4752,2.1059437209423706,-3.073517840227467,1.846859884033897,-0.35830546029041344,-0.1637354332773937,-0.35724487117841086,2.932151908148061,-0.6910395836781476,-0.16450644488741517,-1.0109573796185707,1.0457214052193988,-2.111369905181938,1.789129876897416,0.0482894472776394,2.1827578826427683,-1.2800302831630184,-3.2345656638287394,0.4944187401742912,2.19415363895779,0.10980873082762876,-2.743753190067528,-0.13506719952754054,-2.597977525794512,3.1728355456022683,0.24542853623190553,-1.871874920926551,-2.712180828674377,0.5708661876494006,3.0018518193177073,0.765909206403828
4753,1.0308772844796898,-0.210266814249767,2.154030817372327,-1.569896521567859,-0.03947520698229878,-1.3652695590495032,1.767473939823109,-1.277761110713591,0.26931285175401154,0.02325953125188107,-0.15888653036596434,-0.6233986817480215,-3.450378713738944,3.5756072506294423,1.2509292367122242,-2.2378728337863247,3.7726803399278097,-2.910965279743854,-4.817015578250167,0.024303220820611315,-0.48363047795945846,-0.7807228663999606,0.229373523655358,5.827692178131734,-2.944840999764736,2.7194733173083563,-2.7600832304736613,1.171444025199273,0.5114796506751382,1.3025272370575358
4754,3.516185852942357,-0.10637329349975388,3.9129873101611636,-5.510360413690833,-0.7705124463389912,-1.0419270095713316,5.068420708176642,-1.800974076004401,0.4704644854649809,-3.4664570969986936,0.9880938761654336,-1.2595478968025553,0.00725278888437586,-2.2995776987111327,-3.0489487609844588,3.074196859860617,-1.0132886068344167,3.2803654177853687,5.751881030984368,-0.7017653281320531,-2.522291927058168,0.2716435312410539,3.0671508123765676,-5.866618119413626,3.314493376197305,-4.064756333746464,-0.5415827897095404,-0.844253206391218,2.9926797637231815,-0.8565808100713586
4755,-2.446169301291018,-3.9099570373732533,5.733574620737638,2.1221638899733257,0.5448671565822485,-2.044479328626309,-4.682241983189947,-0.7602376930392367,-0.021140964914262206,0.6024871953415243,-0.13792383994833024,4.999057285751636,-2.183564779124861,2.0397641642181377,-0.00603051062413229,-2.199166196735515,-1.1279391672144161,3.4769364894811297,-1.4944325205540672,1.9123960233842503,-3.816202924984088,-0.13837483978214493,3.218722768037267,0.3178914938969335,-1.740106307462085,-2.9893092152354797,3.6647578657035176,0.3789512185741106,-1.0506018813980624,1.7363083198199263
4756,2.5578903228519145,-4.38959811448888,-1.297824475492554,2.2668633902393793,0.3206072004486722,0.5420616764440993,-1.304968277894453,-5.584899330867859,0.23258529611933199,1.0252929449863082,0.7438009233632386,4.888188444294787,2.4338689659126196,-3.801134972083551,1.2487894559849053,1.5332693945325282,-2.205717336218296,0.7909244918721203,0.9574518581404448,0.44079124693050886,-3.97506078334127,-0.1883428495203896,-2.6417381378801856,5.406898665669068,2.24559582515878,-1.063980537635338,2.6055606558928197,-0.33558237662293067,-1.686320994903081,-1.7652725718883122
4757,-2.433375600088146,4.428300021622704,-4.568466060474137,0.04716438104497911,0.5397784646573571,1.9865987932398568,2.1083812115875915,-4.868083734586218,0.6637012165866851,-2.848804336924884,0.8604138855172394,4.084391757820942,1.315403253920831,-0.8450570038069465,-1.1430074306208464,3.0995100860338702,1.2036440570189484,-3.630492962545558,5.508724529376842,-2.846223179124239,-3.5129183146883527,0.12867513414227272,-1.3776046709143444,2.099346501206,-2.615477936021577,-1.3422688283140545,2.3090880146653845,-0.2717793760180225,1.0727164441200756,0.8477216815701301
4758,1.9965583362177703,-1.4238925870097567,1.4726732235781874,-0.8507918624410422,0.7358625503140552,-1.9304096606565544,-5.102747222611569,1.9537838522954978,-0.5196864273048938,-0.5969950865675013,-0.2759805985090722,4.541625482698876,-2.5592225674774873,-3.260415125471676,4.077632724474551,2.698000923299272,-1.534368751378759,0.5783727965544028,1.8993260744173561,-1.977303735336088,1.988817834449037,0.4770194806625918,2.29654538584062,-4.684405040035351,-3.8361043206755774,4.85103781327334,2.569155632960495,1.0924434770471967,-2.4397680262049217,-2.2367645763986115
4759,-2.153739855893935,2.7835973657281876,-0.4120673895668929,0.9099370634201591,0.8851339618774694,-2.012861145562333,-3.087770525616939,4.3863493650397665,0.12257226921191755,-3.0029122029175834,0.9385938354171639,0.6431672588670345,-1.3485282767246822,-3.6375266707179215,4.133143256025804,-3.8583378748006503,3.81507679079996,0.8961727754178099,-1.4764926860757193,-0.5488843781828034,1.0253662779542552,0.47652101882981235,-1.351395431378986,1.8748851988516186,3.1980417414926166,4.792449806464763,-4.197300979268189,-0.6850304119131829,-1.508460143223484,-1.599700013550601
4760,-0.46825819824526427,2.326728535911954,1.0825967010585984,-3.9073319568478446,-0.4899173356227444,1.4561822537479507,3.5596176687806924,-0.8283660318205293,-0.2928492072023072,3.716062999800929,-1.24886325742093,-4.905602172136458,0.2629768911246195,0.05374251023012633,-3.5941546779928313,2.4728868108232405,3.3237964376393236,-2.5192479718241856,-2.344914338453819,0.6151335195235514,0.7118358942518697,-1.1139642783400627,-2.1586620686975557,4.2905712717141675,4.20523385814305,-2.5859660766716885,2.1644954593537165,-0.31013296669211066,-2.8214468816647003,-0.6521833924663447
4761,-2.237497314387131,2.2893313967563387,-5.489623780114371,3.1508304151056983,0.6666460488612098,1.6203132337809034,-1.5153991216635312,0.5020907349095438,-1.1244622669895814,1.7460357103202568,0.2293558749841651,0.1623790684405364,-0.1439796708860719,1.3232111976463976,0.2774845272659938,-3.716992282657028,1.3798332503877795,0.8804429782432344,-1.9318638381865476,2.2104694405315293,-1.7022391752906838,-1.1568927524879435,-1.1243848818218058,3.7049112072536126,1.1614465777947238,0.5343364809213504,-1.9423430537355237,0.9350995345497086,-0.962836147894258,0.2742966083659155
4762,-0.48884934207714714,1.236753368373833,5.551293557466206,-4.287163202804269,0.014988212580654192,-2.027022593536654,-4.156083370862088,5.1131592813677464,-0.7599574570985972,2.8818177586852087,-1.1136181883933562,-1.9653180236975665,-1.2276875926574409,-1.0486256874897943,-2.5704456571478786,2.016813064204257,2.42040265471217,0.40954321837896224,2.11136169267445,-1.6041661774452063,0.14120722125508678,0.3713166260564318,3.095125168120095,-4.114844530662719,-1.791517816294931,-0.26477557546607855,3.4498947326363556,0.15887102352007432,0.9947005184777797,-2.547172882871319
4763,1.57785140147422,0.5408358672414622,0.5447774590106285,-0.22682873248664848,-0.9325829566761481,-1.5040530385608815,-1.2285941290753684,-1.5640766550989333,-0.3020963487930297,0.31874537745163956,-0.8223152478115843,3.5983370033286057,1.0077543916265945,-2.254438081012294,-2.123990791796956,1.9130373220756276,-2.2065644177776242,3.664201576884949,-2.734440403807689,-1.4290779075746372,-2.355072238801844,1.2444857245718115,0.4607513653925164,4.813353460218018,-4.066099647235649,3.2896110447652056,4.923329475067494,0.06391196203497529,-3.745201091219789,-0.46555174341037286
4764,-0.2635423135070809,4.725903311935657,1.9701373620663567,-4.703588748808819,0.0712670710233434,-1.8001766827068248,-3.8375930588808167,-2.166277190295091,1.2253920084660237,1.6427657330960876,-0.0427969906369583,3.178509498252115,3.5734569093929593,0.36102233126282357,-3.4408244797178256,-2.942080753329847,0.9273503582946674,1.5210756340975138,-4.898138054902265,-0.21988440285998578,-1.7148582611501713,-0.4557599710725695,0.5942255224964708,6.694415167486696,-1.128901531658343,0.46836582672359484,1.18033865857387,-1.1477041757062043,0.10606634143439386,0.5218348806345325
4765,0.0010882364314444004,-2.5369019470077063,4.943052668768274,-2.2606135947202937,0.17337288721716027,-0.31999825068624865,4.089829442288881,-0.43820536328385273,0.7682097837018347,1.7392684333657122,0.02423660649811854,-6.183338902569378,1.967058020488647,1.7739221809031527,1.8948020572028312,-3.6423537486068955,-0.9629586744248613,-1.0304698355625739,2.547117905062901,-0.3384611476648036,2.8424458415643414,-0.7252953195549461,0.10367743230516702,-4.429484711714466,2.448792202913822,-4.344508073765352,5.174083884950782,0.7761301476557501,-2.053896740475576,-2.000601421277578
4766,3.094913625246175,-3.7010737505256017,0.19209040625595009,2.431485525995729,0.058663698808963716,-2.076079505778587,2.672201256796722,1.980354128594211,-0.6747152821191191,1.6931097085262152,-0.09751068798074236,-5.573439123815977,-3.18178988384566,-1.5267398677399502,0.9698965271984719,2.415015906770254,3.364809507823619,-2.04119219020642,3.846310134358294,3.219457697997644,-2.6193568152070377,1.1257357832032513,-1.6595561120067064,-3.9125906883472616,1.3493250518611326,0.27591534218876035,0.6915453599189938,0.5382101720023087,-3.0822520943905776,0.22725616842121887
4767,-2.3766471391719968,3.485469396874823,-1.1607896143137424,0.8980286854664534,0.4514919265829489,-1.297553255435865,3.836948106151638,-1.7407575432942046,0.5629232753870879,3.0482824211292936,-0.43661119114985336,-5.27078506822269,-2.7758988999563226,-2.1445159781763383,1.7292706273082032,3.111918458467539,1.8963621717378025,-1.8171363793805781,1.4946285618748192,3.2877944166575617,-3.6566668255021924,0.7541698087780073,-0.39312676560129667,-1.4867991962087181,0.34573376320885885,0.7000307702015824,3.4189062988397048,0.5385896639705186,-1.651746728448309,-3.351513767770518
4768,0.03910552109787524,0.9175262186598303,-2.3287395651132172,-1.0059309503155234,0.26623730242575494,2.1118014732478887,4.018538569049937,-4.399729354896603,0.94107229282801,3.081870932108899,-0.3314092265939115,-3.310343212495038,-2.844508157053328,-1.8778289900962104,1.1362739243101103,3.2506189689240905,-3.3097805353346086,3.645224789250257,-0.6847128407340115,2.3801806641857723,2.0861669742706077,0.7982084741989972,1.005057260657951,-5.5849005325811305,4.487443866484618,-2.6407177840604774,-0.15650972335712865,-0.7186884104775801,-1.46150718575635,0.48997923716878233
4769,-3.1385033184491604,-2.390511358009313,1.8384706514989517,5.07754019024533,-0.5467163080065429,-0.8402798572766628,-2.3004784324740513,4.218824076526992,-0.8760480011105498,3.3432591811667542,0.4570581925443191,-4.842615016652175,-1.188024187310198,4.112956823615185,-0.06438825156917716,-2.744994450790154,-3.79517887661555,3.679628942670213,0.8680227249905457,3.1844579077115647,-2.5087357083918693,-0.8147203346263634,2.2145754422158905,-2.9436000319015605,-0.4437817521795431,-4.014214823969022,6.104204901370604,-0.1352386970420767,-0.9050400497317383,-0.6059295784463643
4770,-3.687648622254711,5.235113561964287,-5.253923488860927,6.0404095792142485,0.1084848898084605,-2.442435919868804,2.396565875340773,3.3096990398767367,-0.4496244759355328,-3.354294080609998,1.2053033442688195,-3.10764970293949,3.0516990043236305,4.027359628576786,-2.752624741018435,-2.229149659938088,0.7439071948975453,-2.841191426841121,2.6091799676503236,-2.4587224406106785,-2.651561422617849,1.0589097848514566,-2.99941086076562,4.441604971490584,0.40608203688804423,-1.8775236515086569,2.819681817168888,1.1970969579548632,0.4837294858494374,-3.0290666463507403
4771,-1.387377675440458,2.385729905889054,-4.017235228218716,4.317696835343305,0.09329216468409651,-1.3921060022547174,1.8354662385466476,-3.0947165615046757,-1.0487107333264136,-1.63409280775085,-0.4312675290690624,4.373321393105634,1.2558469866174988,-1.9527266750195231,-0.18864743554527408,1.8241969964180988,2.5910078733798727,-3.529677745850371,-4.750555738083946,-1.2911650834255664,0.1469807624911752,1.1751691323754816,2.555688712188001,2.1638822144530288,1.9008517439636528,2.1109660375009653,-4.955898031457895,0.24243484203846855,-1.0720077799176018,1.7736531878742383
4772,-2.162127030811744,2.323566869509694,1.9951826356369402,-2.384296435088334,0.525459137419169,-0.2977851766631563,-2.699524421250704,-0.708155618449446,-0.5784863118289705,0.3613175604614245,0.772331479754758,2.8525173113142266,3.576144693181188,-3.5364122091574135,-1.4562224733445994,0.25994448803076153,-2.17642110429364,3.3329666055840015,-3.3835786562827472,0.735280665177946,-0.010248567705620104,-0.5245636529539235,-3.2006179749875905,6.383728186750119,3.796359110554363,-0.5122119697955441,-4.313142205606972,0.7629017797368522,-3.2194019231876556,3.4854952083007866
4773,-1.7253065254074595,3.7938916283108384,0.9846182427916688,-1.401624647507294,0.12420012708413797,-1.7757788252693167,-1.6505925096833636,0.1784215322484073,0.31155978390047423,-2.479121939985454,0.21111216904410846,3.4286209644771155,-2.252997623538045,0.4270220817107955,3.3804265088107464,4.129394255959447,-4.156287415960195,-1.5275578069824736,1.2247999088983548,0.29842948768254374,-0.6955974358840074,-1.1251726229443855,-3.0828099774475266,3.380350639693198,2.724070981545932,2.4411689956036113,-1.4829641580043642,-0.46715088771990665,-1.013105588306642,-2.2020193431168344
4774,2.106799236188472,-4.297460522258412,-2.435430744566716,5.4333574148557275,0.750548691150021,-1.5578140753665206,2.642444268168685,-4.502287221511189,0.8332390621749015,0.2513295790828245,0.042078976882096164,0.7331953352039591,-4.237538849169731,3.761382811782834,0.4911652126150692,-0.37431521655148003,0.8950638106455102,-0.5357577693219575,2.6738011247821483,2.944072086305006,-3.923026557103947,0.8977238817727562,-1.3224053782187681,-1.2701651575389938,2.5085386729343497,-3.971713668254747,3.545684872052096,0.9717967542007928,-1.4129768415027844,-1.6413297894279193
4775,-2.7986185800250727,-0.11395087012900262,0.23936977898961231,4.765765489895621,0.16079553874698727,-2.2533613574755798,1.1114681103190236,2.1303169112563616,0.7238214936404361,-3.123884154553041,1.1744340480373188,-2.016156408698844,-0.49449853666974874,2.672337336829436,1.9520403956408714,0.081991101466798,-0.6112738823809742,-3.6005964148861356,0.8226838436491448,0.4711720725890256,1.3086267406824774,-0.902624908996752,2.8632259568242375,-4.563083704749914,0.048193938420865834,-0.4060471973402393,-0.668272905097254,0.3579027754498618,0.47791902838409506,0.19030436018444163
4776,2.012941761098144,5.389564420597512,-3.335012253685658,-2.6970482577394286,-0.9412014277443728,-0.42924424252362137,3.05212748441053,-2.3389806581583983,0.9406813792008597,-1.0796802763764468,1.1199965650957129,-1.6941444941710024,1.610708063755684,1.2773431261696544,0.4228814787916555,0.7542689554636723,-1.7656064831620633,-2.299595141018324,1.873821227531021,3.1915494172860335,2.10326706926411,0.5626569134371406,-1.2291155793170727,-6.502179048203033,4.0261118111769,-2.558559781783458,-0.41731169525134604,-0.5285690887284593,-2.6211395942262126,2.0994683488143444
4777,0.944798705035172,-0.628063510029417,-1.5533387419156668,-0.16975886992245393,0.4545258832866512,0.9518365335482954,-1.3853932939102016,2.134336244396291,0.49613920324607186,1.2008906203230048,0.775693098117535,-3.221665872171421,-0.9240210363994628,0.44028945931830776,-2.5460955345680905,-1.4299742383638385,2.1059770657885686,2.3538242842247996,4.877035348717488,-2.6471365317068383,0.8818804094021111,0.6983251859918918,1.009529233806786,-4.8196336462132265,-2.7707516205476495,3.247544058378537,-2.2707949318463108,0.07797931809615477,2.3570412095696582,-0.6410180336486029
4778,0.7444065535030369,4.851439185321727,1.740908636488129,-4.625668697189518,-0.9266269861626271,-1.784458691958184,5.300889796675079,-1.818769682595832,-0.6867408745740251,-0.6333475560617394,-1.0008319231833216,-1.1611997602588602,2.07661793553099,-0.9292496734383633,-4.054074683561396,-2.1112715321262225,2.645218816581476,2.372759137013805,2.5634593252882603,-2.7767325228702653,-2.495745170349709,-1.246810904365971,-1.8736214403955547,5.829450712691447,1.3583855305716916,2.2766835831653687,-4.552482809068447,0.5162227704253253,-1.5377742315509852,1.9389651564588526
4779,-1.3825370631089093,-3.2236191525971094,-0.6476568766832713,3.584975010095114,-0.20245184940011507,1.8712899316968556,-0.6349804342747518,-4.190632881693627,-0.3345457140880015,0.9285164616174697,-0.25699347294215524,4.488636041382364,1.841637019178382,0.17637917710209905,-2.4904527815308395,-0.0678221159489496,-1.0604639362880643,1.6007226374876495,-0.59894749118288,1.721676715177889,-3.201393621310693,0.259917262965482,-0.4275317627079147,2.246278897056321,-2.4758311710069947,0.8230069687990635,-2.02261868728878,0.7713880213582431,3.626507972423468,-0.7224531042832005
4780,0.514066138080894,-2.9047883153971945,2.317554407778669,-0.3899473103187141,0.013195721974341268,0.4499193578845855,3.925693193668959,-3.1846778927779447,-1.1761322701413572,-1.6439406012045783,0.516510455716924,1.5625471147392922,-3.1131945417564086,3.8472821905357897,-3.762249559642237,-1.0213465521269018,1.6812388749022737,2.368269588087742,-1.0441920530972126,3.1894864858989784,0.28571851916408875,0.2094513039552366,2.200935742162713,-4.841399998085631,-1.5375049537433867,3.119520831791,0.48719250060296204,0.4353941744401961,1.0194340534446305,-3.5240366065336257
4781,-0.12121704291700297,-2.324007883507818,3.3368141746705895,-1.1868427816419782,-0.14655865126314715,0.4418121846619343,5.471552016909154,-5.930998299352751,-0.12023344308822725,-1.7167338293822922,-0.12079884071202862,2.417212395627466,0.6198800925098666,1.1178509881691987,0.0992736885210661,0.8501712585120949,-3.010877953479266,0.3237019257672582,-2.8103985713209987,1.2261375900185651,3.9210917851264995,-0.2576870196866645,-0.1723235474686433,-1.9068202366705904,3.2413532897960806,-2.2413395277083374,-1.586463040334742,1.1661201649314492,-2.9335760358849132,2.3539051492022267
4782,2.3988665370730793,-4.514489296830192,-3.4665411379589344,5.740039128354876,0.4720517685013732,-0.6299269991376342,4.169284619524127,-1.2298294510740142,-0.4443947727142392,-1.7654071599123053,-0.5653977045537122,-0.16425553126854808,-0.9880685208478823,3.49240737463829,-3.719299112841405,2.9005174603898602,-2.709876061782161,1.0243188604435076,2.6276268306541297,-0.5033897858029253,-0.49617161508476215,-0.31265081146877627,3.021479078297979,-4.33689369659745,-2.572228481212523,3.5047547991772987,2.9398892737207056,-0.9443072990852919,-0.33285531387314293,-2.595252978725293
4783,2.0351869562861538,5.676044356718279,-4.368830205924347,-4.904990076304429,0.3810723715993207,1.1815165976275903,-5.0932389751089175,3.8721304495003075,0.12045342971893191,0.35890279186900464,0.7134029228447281,0.028349381177260824,3.726572261827357,0.3166030816006824,-0.7640377053950971,-2.9062366813852094,0.24044273878284983,-0.6133436954303555,-3.5628255045845805,-1.0306755454738639,1.3566841450288685,-1.1486584492935092,2.405876690335731,1.9795986639855663,4.655849142037873,0.6143161303215514,-4.787911229488049,-0.06939944441394008,2.933146160217177,-3.3460007586728757
4784,2.35202953434149,-0.5334881262105107,-3.8438632765083405,0.8313027408599183,0.954297234222024,0.2397218932979861,2.2415539847250763,-1.6949682672978348,-0.34941224293307105,-2.9100100019558877,1.1827649633194692,1.5300715641435794,0.5902974380487862,3.126140071584704,-3.6601429150225204,-2.31633890345241,0.07316789061108864,2.1868764182305966,-3.0610102785418754,2.0062706078531676,0.24872990792379568,-0.7110919256813846,-2.257707375566568,3.774809064011059,0.5824963029555583,-2.1990269421124893,-4.588293262234693,-0.2870196702147094,3.126026041931212,3.365817529676878
4785,1.042950006687775,-3.2341208716568843,-1.5709957484492705,3.6138748390429853,-0.601784815800039,0.7500765901779705,-4.418547106972419,3.7097386557374072,-0.40381513441646355,-2.467883269504707,0.4741433372780248,3.106363517879494,-2.052767538094958,2.2708242995182353,-1.0225937572195836,3.102180670446579,-3.963632049987739,1.6659883753377045,3.4015536111525506,-3.0114423875414893,-0.08526302496087901,-1.052219292651559,-2.7008904292207205,3.4482615232202747,4.843036921732008,-2.645929454221502,-3.6284812268116973,0.6643202583904237,-2.693685948117947,3.460739449030477
4786,0.623156128380634,-4.420670927020716,0.47586437322295083,5.259338504169008,0.44663280159247876,-2.3843208803418214,0.8459902753555539,3.337394588281697,-0.7814177852633106,1.3921094408591728,-0.1915773214684524,-4.602499197763308,0.9453169076727761,-2.346882823403824,1.3872535490970392,2.176376376472092,-1.7933737666226381,-0.36869024321520705,-0.18197546241046325,-0.6796050453013702,1.6577702207761789,-0.1592476565375609,-0.9048243303473988,0.2678822738187847,2.64746395553086,1.958694584419927,-0.5431548321607202,0.5626510027635732,-3.493228169662075,-1.1324265408897904
4787,-3.3523066225101292,1.1922301071508166,-0.6377474940091901,2.0240046254942357,0.6436633891577603,0.13015599471903805,0.05090692652754214,-1.1787988559509408,-0.9877796497754563,3.0764803514490353,0.13013719183994787,-1.0909459640887533,-3.496021239464824,-0.2532347974038167,0.5343120327489714,0.1955795784232457,0.9400965310119247,2.079267894684733,-2.209876951480741,1.1561779212924925,1.034272817053271,-0.8470815422702112,1.6743772113920006,-0.8078694559886266,0.3985408942930313,-4.050134385118939,-1.0042461645448633,-0.8504039393606693,3.2857674463553757,2.2204761483778235
4788,-2.6446782767065056,2.5933299671455963,3.5106124609776046,-2.9008117527799726,0.5350358117789682,-1.093488210413156,-5.263524202367009,4.153190435443356,0.45171288831208845,-1.4031181665008532,0.424218116365779,1.6375209287479962,-2.992901894490002,3.7742126887860934,-2.0414650520139173,0.47684300978087535,-2.520348723031251,3.303659970968411,0.5611675808816834,-1.187063612250304,1.7846567409943788,0.5629842952722575,-0.5806272963573278,-1.1411177085424775,2.479500986402517,4.536236988330064,-5.609185591052235,0.3469431148536293,-1.9476881321836412,0.19419263365140438
4789,3.6982352570776875,-2.1801740185391445,-5.858551340156751,3.40535380768992,-0.04296211397552474,0.9780984079063515,4.104496649384977,2.7931695139208124,-0.34650463338127047,-2.041672275398298,-0.9679813538509556,-3.5415079006739205,2.9890664916732526,-1.6692534821736498,3.123944548965536,-3.8547702148268144,-1.7037227871131506,1.1147354434750198,-2.2544515574023016,-0.7742604716291233,-1.8628427495143178,-0.779291916077443,1.4306147645004579,4.240231930120917,1.329725580993081,-1.4714435751128434,3.8424402805130455,-0.6612043860897554,-2.0072737970389145,-1.0322441032628955
4790,-2.1687126751330137,-1.71711683461292,2.6161872401096034,0.06810392224458894,0.1967365397643892,1.0048018076299172,2.8719406651665373,0.4396055304186959,-0.4567721962181084,-0.5917289949874789,-0.8840816070762614,-1.3789633973020692,1.8375105917563452,-0.6340922521297543,-0.8344662741385029,0.748012950029846,-1.2752667739714951,0.15830175845374583,4.021642181330776,3.190401326862613,-2.7527178582923053,-0.6187744703296234,-0.2763477544288744,-3.564203425144406,0.9189835231191488,-1.5839577533655707,-5.3916982391909265,0.6053227053423251,3.6569812661239354,1.794368497972819
4791,2.362467712259818,-1.7256423535068528,0.4913957408875689,-3.735340761025274,0.28309728126448386,2.324022380122834,1.810719893220373,-0.15100622091167892,0.5154056174061425,-1.2013787321282319,-0.760190385076184,-0.21355017250908048,-2.192242635226714,3.847183750914816,0.5908440141784439,-2.9032270992625246,-1.204120278299163,1.8615622476952858,-2.8706068002335563,-2.2295875942993213,2.717204425334767,-1.234991708733216,2.0185186415030074,1.5994630364265063,4.700170761555238,0.2730494247470219,-2.3857619351093184,-0.20676402867337362,-1.9075279271549164,-0.4731662953629474
4792,1.4473438665750038,5.485364348504177,-4.381846320443476,-4.4175693306243,0.19277937387841515,1.673928062112747,-3.4899468057152845,0.36683736771803055,-0.49689705954532837,-2.6822900875338984,0.2898715936168319,6.012424991461003,-0.3882360456547467,1.8147950662450292,-0.23465861025260182,-0.8361453660184779,1.4007481720024977,-1.7565032163215797,2.032667945257849,0.09246711343195635,-3.965629017475818,0.45211046747307826,2.389477108927416,-1.001093617616295,-2.9338671484662022,-1.2093869935710835,3.597755214770242,-1.1700046661847656,-1.938488895281889,3.6539924887354047
4793,3.5508101376710393,3.2414498802691334,-4.177539279267492,-0.3413722296432198,-0.9388183868642126,-1.3345301221626578,-1.9737571420408528,-0.03495554671965806,-0.4297857721194518,-0.12337573358309761,1.2039390243826595,1.357935170081742,-3.01483664171948,1.0019354419821056,-0.3634625150030679,0.49509911659174577,-0.6129384570969165,2.494203055245766,-3.740069837422922,1.5944330013206116,0.619491593499788,-0.08943197235465394,1.1344012778523407,0.48117593710305684,-0.40602110752351095,4.406889186011782,-3.8866406064832653,0.9257182971175082,-0.3124237511475343,-0.7275220179732695
4794,3.233370464824983,-0.6301241454175894,-3.1739409760950927,2.3892074926148332,0.003291382908344964,-1.8218042188328631,-0.6434342293886068,-0.2040831972272521,0.36008725810311226,1.1727088841587658,-1.1538982074648518,0.4686194918201707,-2.55656542334906,2.584866100258349,3.301970115960632,-2.6808644832048483,1.5566731935564029,-2.2060795032213143,4.617763701571938,-1.793714671275259,-0.07905857730976251,-0.2620469185928487,3.0588201252232814,-5.541763659619111,0.386142892726415,-2.257977203752958,1.259804035117405,0.38616288845734204,-2.2605423617852463,2.4864097492387813
4795,1.0557191120307152,-4.3909585081004785,-2.6665312200207794,3.6682287235026045,-0.0727841507864615,2.4063260433769695,-4.775083924736435,5.930222631031267,1.063902712823884,2.8054372763812125,0.41298679536937843,-5.4374654908679645,-2.621740204837769,-3.2209275883931117,0.8769427107080006,2.083515813101762,1.4930033461221264,1.3892059232991407,-0.4131831619279893,2.7530348525092236,-0.3695825589157078,0.8656949745063907,-2.6744250623466517,-0.1615390438270019,-0.0029927828247231503,-3.4667266869800706,4.836829201832142,0.4260865371809386,-1.1140456376433185,-0.6791506315632017
4796,0.9713213354282892,-3.6151634161942674,2.824035206995454,1.5460838015248832,0.7329720344652166,-2.459248962216983,-4.028119635459348,1.3604827601082015,-0.823439240779404,0.2872542761070811,0.43507991400657264,2.76874192601824,-0.1940940811962335,0.918631351865816,3.140599408364917,-2.780017014961043,-2.7619168197823285,1.6767971557090213,1.9776623263863762,0.33070569730504396,3.1001216902751203,-0.23741097454045423,1.3817625865523464,-6.552841325980168,4.1480096672428495,2.607746982392218,-5.10697258606891,-0.6715014032487687,2.0652111432229567,-3.0424938035385907
4797,2.1798890594907405,2.7420836049816337,-3.1661740306784765,-3.069885024467368,-0.6742291189060563,1.9883155095821046,2.5353235710926576,-1.192156236087179,-0.6531211348617543,-1.0897665326552968,-0.2296713457618793,0.6293916782747928,-0.19854977705008992,-1.548718710545538,-3.1591253176844027,1.3898662391306758,-0.032844897085649194,3.5493724632351267,-0.0382466605598033,1.564824096313691,3.742924430417929,-0.02318566624621532,-1.922219229184332,-3.3240969707429997,-1.4832058802925019,-1.7512526969818332,1.5089133377715491,-0.1545607575610406,-0.01975909276513832,1.8998650898307332
4798,2.7559579661281113,-3.6671685129614247,1.8367348841455282,2.2023707734169022,-0.7135610266795327,-2.4143340840469696,-5.353342824888884,2.7939673928542597,-0.49699336460974664,1.8911312333288777,0.31472354944653347,0.8505140138703027,0.8576954337118927,2.149841703941348,1.01636056861879,2.7634670777953048,-3.33209079398193,-3.455273990085292,5.805534751187597,-2.5183925726678744,-0.8572292568729996,-0.589387124289205,2.7900757349270613,-4.6306015322863345,-3.820435236025901,-2.165272671431019,5.381151606670976,0.9088713834188633,1.6920223124880955,-1.9963373951192747
4799,-0.6104472555715805,1.29235747467985,1.436633690419594,-4.610389370807887,0.938750523774424,1.5530949375082024,-1.7009129960628684,1.810855516666095,0.45940551340623603,3.429818835311025,-0.9486536492050934,-3.0505132201140377,-3.7509504257042394,1.9577069324595833,1.143321348150586,3.0341693383590567,0.6851515547987006,-3.069398748063575,-1.1053799145256242,3.4757661553255943,-2.5872492710004806,-0.40715112200396497,1.797816074728141,-1.1738019225254064,4.484506406484339,-3.157219635484708,-4.599046619134111,0.4119287761853432,0.8201219877014818,2.0397090842493597
4800,-3.653624969939525,1.9212026790801033,4.598264631257312,-2.8697770787338186,0.3974013724510992,-0.3934666341125581,3.2413594182491003,-0.4464805255908928,1.1802227475824392,-3.684666908606763,-0.5674223176313875,0.2769875859988211,1.603987704868839,0.9320059011517259,3.705696521991957,-0.85011369908975,-2.691889137156423,-2.699687291766253,1.224722633203065,0.8582817978415616,-3.244082396841188,-0.3672099395763908,-3.0190915756908403,4.54737948106202,3.46074129868731,0.5611798026777315,-1.7476967720961945,0.13866877191420013,1.1883826822379078,-3.6012757834192364
4801,-0.566635076733597,-1.3423261731942482,5.8471569083115185,-3.4037616849324905,-0.20774111892480973,-0.32669285452380237,-3.2461956777980028,-4.487905538899074,0.6986966958930081,0.429014160158081,1.1893429401100928,5.417047420537195,-0.09854544773513751,3.918362863920727,-2.479489804612717,1.989401650885327,-2.023608940591055,-1.3061203218670059,-0.5646197042424674,-3.0444259686921935,-0.03627860263883598,0.7921464865797736,1.8928129628798995,0.9603648261120554,-3.314820008188974,-4.9323276265116895,3.121310375245262,-1.1493183377534608,3.2003569310820694,3.074798666128526
4802,0.5444178511099143,-2.769068562958605,4.57400067325694,0.33548567099393267,-0.9372449402034069,-1.7475906921962174,-1.2807980108707753,3.476706354808993,-0.881420123973748,3.0233268070594264,0.5623027903848046,-4.900117817407416,-1.1377984552013256,0.7823496166444599,1.2957243065240398,4.16804753799914,-3.269403736352844,-1.838919269613351,0.44403232104020063,-2.435392015865137,-3.1452073191179437,-0.43056408320991935,2.9388212848497552,2.628309812301282,2.7778677926389506,0.4719340457078225,-4.830286771175569,-1.0505282968289396,0.9986349426674259,1.6323782869920613
4803,3.5622691900637413,-2.7343608984572256,-4.816076178654537,4.167607305562754,-0.5315616802908165,0.35212226177861794,1.4868705465623364,-1.1522509201242883,0.11760372210978787,-2.5099885297558693,1.1436889261362975,0.914076255073013,0.7815967007020248,-0.5258422198341144,-1.6161875359304396,-0.7103874122264351,2.3174904755826446,-0.24667000829357022,-2.075795222062556,0.19927159778323045,-1.3772984001719237,1.236226537236548,2.9948199426465685,-0.9772244554336531,4.491714419993322,-4.480157728718641,-2.712985647806395,0.8598475529641512,0.48040854837147506,1.3611728551978395
4804,-1.0894381377601619,0.292592942460729,-1.4405407195969957,4.052492799242689,-0.6120222216452968,-1.203084662698389,4.089807223298962,1.8038332560941548,1.1149185556123946,-2.0229494928801035,0.06558728973132055,-5.051196831855446,0.7218294310526474,-2.817195246988467,0.28005544435179175,4.165787672395723,0.10700769912886798,-2.4574849999404336,2.167831289630076,1.3930384413907415,1.4697370417644002,0.11306711168642636,-1.8360924367611826,-3.307581447712245,3.9371884760803937,-3.504891375335834,-2.286245065855841,0.12966012267912497,0.19810892314417394,1.5261789192897623
4805,-2.6941516184978163,4.84014444537944,-3.989942258211432,-0.30676895431485107,0.025358618476582606,2.1253597671706377,-0.7861143683723846,1.9342337936801997,-0.8930056420787738,0.6778683381054318,-0.0770408769761124,-0.8559412443570729,0.8160045862313048,4.125541305415091,0.46464657236170837,0.6110918672260439,-3.116077199035171,-2.901207132198868,-4.997330604724265,0.7963017116501501,0.8169340522085449,-0.9646162752018368,-1.5617622868174,5.910473402883021,-2.52380092508562,-2.511596882615219,3.8608239368624737,0.2604707590253472,2.0554033864010712,-1.1413002745863103
4806,-1.2263867948831404,3.761151062231626,3.063963670389029,-4.747517396452533,-0.2811029253016071,-0.5701076159808149,4.367662098958611,-3.162809790546028,0.9790639481743799,0.4833226080028723,0.477761059015271,-3.1449999236038337,-2.2014772596989918,1.2677591663387737,1.5101630312421541,-2.6245772375158545,-0.06734911964397838,2.1154814192780407,-4.618937092266464,-2.169061896080695,0.9760424571215154,-0.4933471786111925,1.9611706130748363,4.344133096760213,-2.242491796580289,-2.032286244078964,-0.6877791683440364,-1.2460020630788646,3.5313301392964895,2.6772291327874065
4807,1.1139767443056279,-4.347305482031253,-0.4770685078537724,1.760331803092292,0.3922481058520795,1.55781733663758,-0.05285558643630495,-3.1955685820524558,-1.1124223347328241,2.0542671878852587,0.697653609880649,1.608925705456933,1.7413876898648226,-2.9129530599803566,-0.07629419770033152,3.7885272849340907,0.8597300622507298,-3.4003977793688094,-1.3879884657387258,0.2114713813858966,1.4348839370845532,-0.9833192875282428,-0.6639068801429353,1.3888593149376298,1.803856296766945,2.1708724092913627,-4.5916064681008955,0.30383736328380273,-1.11881545004419,1.4318558488047053
4808,3.4400863095370546,0.625326799098783,3.2316142455461296,-4.842412501388516,-0.2833515034998655,-2.171263349291044,1.8002452533336175,-2.293732887257992,-0.1705005469124563,0.6957235488754652,-0.8524163057575231,0.8206809377201303,-2.995042970622986,1.006261777926344,2.8958832629318536,2.193590930526536,-3.6178729807590138,0.5171799799973993,1.7284209827140344,-1.3874054021879711,3.899107492837448,1.1017159900083193,-0.7315217883214551,-4.610317275052189,2.4261770148536996,-2.738247055177176,6.081747196794005,-0.9662647409742613,-2.2816270419833806,-2.5217853735111806
4809,-2.3657872698066473,3.566948120820811,2.6486181945094422,-3.8543802363329966,0.6164644240814607,-0.6118632332695277,5.09177840640826,-0.6394590121069328,-0.3404926295084385,-2.580628414037463,-0.8368878498562191,-0.6943105008979771,-2.612973861600498,0.5470091221138809,4.244018136173882,-3.912879526471354,1.2946288055710866,0.44019732421312696,-1.2489054641376285,-2.434937608127237,2.5324628402768745,0.8765989899184472,0.6795298619580219,-0.40474861989029876,-0.3028820393693614,4.481846338151097,-4.286289863868792,0.3249254736016365,-2.504526099808139,2.2869261912952865
4810,0.20114044555976918,2.3249992307632823,-1.9156259151458421,-2.1736181113325905,0.04028118024792349,1.5228231699099908,4.929972610144947,-5.653446975930873,-0.32741169094392664,2.6839706477031093,0.8328336894763764,-2.465918280448385,2.682005838928241,-3.5025689333270194,2.008244055745095,-0.21321511647439095,-1.8373939598097113,0.8629281149379189,1.7685823514455024,0.7176240425392084,2.4692135784688496,-0.46759989336207397,-2.373734319323992,-2.11408575976931,0.16503711437766455,3.9992944116184432,-4.079602354535208,-0.8122855264726843,1.843440024656072,-1.1158836696425851
4811,-1.2794499452381807,2.724990524069714,1.016951508861066,-1.1562790876609164,0.7022099927876471,-2.0084229928167874,-2.1315282486086744,-4.0849841348936735,0.6779522057729643,1.741535813215858,0.8763582008675872,2.920666163647212,-4.133834679749102,2.628123177879349,4.059279671771261,-3.450920457852371,-2.725387154550182,3.6227394425011923,-5.423773855646463,-1.4213115813400083,0.24013376371101458,0.8003865529626788,-0.4774464543986756,6.282011574709649,0.40261841429896705,-3.279086851984225,0.29494184245664457,-0.9302574892966451,0.04479742643578355,3.4669866580911552
4812,3.1751284311315686,-5.171379805589108,0.12958578913233865,3.838787434408925,-0.08716441551758258,-1.8849574335635726,3.960852251848788,2.420598248374745,-0.9325233487704194,-2.185885890091379,0.11178245135769771,-3.374823712718161,0.5806722039462038,0.49442969676638526,1.63095078776254,-2.154170972756436,0.35953600341269265,-0.9114177191312081,-5.470807769166608,-0.09465685453318962,2.3858203824389683,-0.20105900111014652,-2.1418373608357513,5.522540603204909,-1.0253881847077402,-4.23509799910801,3.7040788099951634,-0.30095487170244795,-1.5997463497737492,3.4571085952984824
4813,0.9389122743302991,-4.1365673120320885,1.9826452418339287,0.4988136411137347,0.3811391112734559,0.3350570434832356,1.725025816027081,-2.7480644912784875,-0.38811500694925893,0.9333722621859781,1.245874810319517,-0.768093390303541,-2.876800307847928,3.247102724293569,-0.8514467803741184,0.06010018453785548,0.17152534040216239,0.24951883898859606,2.3982012937066983,-0.8548755746972336,0.1693502778490057,1.0425483065584658,-2.924918836079618,0.16969453266087697,0.616573045918642,2.767369537730378,-2.360744282760436,-0.6971176253283042,-1.2379632657651598,0.9118825902065755
4814,-3.2361556430144844,0.6755462060919406,5.314304854354834,-4.692753384475953,0.6559296622653537,1.2831283047808864,-3.6557169010238653,1.1563468293089727,1.0068308243325843,-3.5846602163726597,-0.24866066785647423,5.325860131612721,-1.446218527195274,-0.42197695318161976,-1.8143496759244186,2.599559312671648,1.2488441399119985,-0.1658582962822326,3.0478502561574388,-0.44923749804242163,1.215695540432435,-1.0601602171671503,0.509425029395489,-3.263573110777589,-0.5070320963017245,-1.4713465351016701,3.7998886460927856,0.35911409961906937,-1.7291596610108453,-0.451464453295916
4815,3.209312382897025,-3.028227846623178,5.5085751284731295,-5.707099544253026,0.9001198937813184,-0.8826800142726707,-0.35138888565745674,3.6500026422979808,0.25273956547081156,-0.8670539855878907,0.24655228925882788,-2.9308516257809956,0.9249490779947358,-3.7056751066644598,-2.7400116756513775,-0.05628448787921059,3.590493444905789,1.9865287472946314,4.790645390128379,-0.9163837374253294,2.053603996681584,1.1908135673265514,-0.6337328429389686,-6.484946373773983,0.5279183870247586,-0.46568789040591696,-2.4521695386362126,-0.2596616494090327,-0.6189723671254885,3.268573058553571
4816,0.0009657063429173718,0.021349869975594515,-2.0090700088875693,1.9787685216588713,-0.8885751347614828,0.8965610456742077,0.8567923724748994,-2.254388422503016,0.9328741009102961,3.6267693928249294,0.7407213867569498,-3.90276883046279,3.0252041247127295,-0.07823191350022185,-1.7100113530667826,-0.11007224633745594,-2.8007854168111432,1.6738968050030074,1.7530395841004776,2.2047113750666654,-1.4141388539595994,-0.1400866024478713,-2.267926569742496,-0.13559893301892245,0.23692218661700437,-2.2402963789511645,-1.4385376066106055,-0.5451554210453677,0.39011470210236077,3.596952517889438
4817,-2.073567371744696,0.1482332958450705,1.211920075100501,-1.0392089316871278,0.8695829922841072,0.8830399402047036,5.2615423378120525,-5.816948549641737,-1.103120133034444,-3.2461827994744645,-1.2426247894293074,6.147333933769165,0.5257126740575657,3.298693828682829,2.8021584348853423,-1.3571899526307671,-1.5790691102403152,-3.6903058747545217,-3.277376922225443,-2.1601844458865322,1.730274018630503,0.9271965544516032,1.7186127171941763,1.0614780778339323,0.7168876120030703,-2.379815695542181,-1.8502019296076107,-0.5660185135409694,1.2852621080266502,2.7938864186627015
4818,-2.214224305037799,0.4541756133651731,0.4031843373095825,2.9128612055105485,-0.8808983647287225,-0.6750984864162302,-5.551868247657037,4.207744265803765,0.6455292402328947,2.034936889354892,-0.3175065803320143,-1.0188355674012435,4.122534795209283,0.9721948064236479,-2.5397596719217663,0.9466512990613509,0.1485122433081152,-3.650133472080494,3.392095001855669,-2.4686060511215384,2.1679755848035853,-0.9106642871078074,1.1625748751319875,-3.3433751235636926,-0.04446345672329599,-2.067988487790828,-0.9001597437817246,0.14542916313732057,1.2656245090921558,1.6015580160680365
4819,2.9625682846636003,4.621704688903225,-0.735373576451984,-4.641792067069375,0.2921904158139994,-2.49929774585691,1.7984126205279836,-0.10368925171995258,-0.4871551380773491,1.4076108840683261,-0.3711882393192454,-2.243990875478488,2.255087229902788,-3.0395527170282985,0.7364078839388988,3.2514654676793278,-1.9575060543043037,-1.2459018101883128,2.736892951217257,0.37979585664299975,-0.18853939822994015,0.2056206102268252,-0.5049372933926755,-2.628832726466232,1.9790808156631137,-1.5265078341579041,2.059635998634924,-1.1464508863116754,2.2676329086212164,-3.6333910024480076
4820,2.9330373925982087,3.115808147151835,-1.8203323750468101,-1.1854276851373768,-0.7155327678237642,-2.327552711739542,-3.1174170125091862,3.5411893127742076,-1.0015992003096357,3.327013624941884,-0.6795238222858604,-2.069662902610151,3.289659753420942,0.4516135836078874,-0.914708742338842,1.0943855340068218,-4.122688685298247,0.20173855660156903,-0.4335228049865023,0.07197494942372806,-3.3357955075820485,-0.4403893446562108,2.085587497523413,2.0521452102758673,1.3476832119709314,0.17422857437323458,4.231179571782086,-0.4594061238074669,-2.627838725481819,-2.665846508835296
4821,0.2867421981030738,-1.2384977443563798,-2.6393867261468635,0.5354904723622518,0.9967028858323088,2.058948914208168,3.81101621117336,-1.1533544933681483,1.2373824460409955,0.3679648160440916,-0.1539868968164031,-4.109022083072617,3.9611856887800556,0.7527717306205979,-0.5217742047182057,-2.479068027921697,-1.7481497642328154,0.03503457747224026,-2.3360669584926654,-1.108129939402481,1.1629335244651244,0.6689104678228954,-1.4343986075825548,3.0467515131879033,-2.157173114659038,1.736614136515815,1.7313659863772344,1.1747593408315335,-1.7440197967163904,-0.7415465523475131
4822,-1.4845396464176108,-5.371314810648414,4.066094100267399,5.1548047322059425,0.03823711565403842,-2.40328149105882,-0.07701078961157748,-4.615816650571887,-0.0019309182767770494,0.8098082475273749,-0.7607126197202145,4.645662730654337,-1.392436947104942,-3.7232715818289357,-2.765429825865372,2.8801770207791897,1.5419396602711473,3.4590216737490778,-1.5224585969638582,0.3547992268819069,2.658788941821058,-0.33436465687735506,3.030461339397796,-4.1872262542613115,-0.24409082501022894,2.57488604283591,-4.8233784344083475,0.9132854763421463,-0.11813512880689458,1.6974328690490914
4823,-2.762727061998934,-4.923244657604084,5.734617534383034,1.8483550715723744,0.7791266287618752,-0.6761275151117179,-0.5228582889452689,2.6449279172634235,0.16382901248757697,1.5105026362348077,1.0817012358195317,-4.878102512858813,3.5158163931197244,-1.8532531386424473,-0.5832596768144214,-3.4034779953018095,0.025307700921054277,2.298866716718038,3.0647102111655187,-0.43678385959454147,2.3347840608452834,1.0117977594101353,-0.07373358459709323,-5.900774587231048,1.1195923009625766,1.8331958477393115,-1.6026448257732753,0.7723223825955712,-0.25574504965559086,-1.8667206558669314
4824,1.9810718889290442,-1.589608437787195,-4.624963478506235,3.5047039703241474,-0.25506037027242456,0.9838564273152279,-4.1839168032392955,-3.0077117603114374,0.5233856503656797,0.46986760206357836,1.145371731291223,5.053003579831508,1.2026440846906716,1.0458722869098303,3.5469727206328727,-2.883841659260714,-4.188041914873702,1.2763944819011677,0.7525755851652534,-2.0423787960480606,-1.6686604541904888,-0.44454209198423555,-1.615354692683427,5.0183604497392125,0.5652374603224679,2.6954391956130657,1.1705073075080925,0.9543266709755738,-2.5377154024747615,-2.8477952319427615
4825,1.231115085128863,1.3862763992388736,-4.310326371160041,0.6922557462115293,-0.9321775902245797,1.932856730807913,5.042020113875218,-1.6902895512881102,-1.0308793366803388,-3.0172467022185927,-1.1303150863984026,1.8267105627114582,0.7051664308200429,-3.9683539507293464,-0.09078788851981301,-0.22265095333222362,1.9859038068863093,1.5907225548751818,-3.4579258585517785,2.5402275904272464,1.5904657775235407,0.5697829017405471,-1.8326449430615686,0.5900945319202684,1.2763096896630088,2.4807520725607333,-5.552336410857688,0.4100944184298019,-1.3612753114564562,2.746455541662293
4826,1.6210881574162137,-3.7793830649089024,3.240909468844812,-1.8243967195398092,0.6669412490348852,0.07484090915538566,-0.9600714399626931,5.00724934938232,-0.23141123389004825,-1.8016389067150982,1.2024905317038108,-3.216618300517041,0.06991614693849257,-1.325575689018292,0.3385685978324027,3.083305874348106,-0.9890874722219678,-1.1771274578786048,-3.0183844380582237,-0.7554187869674927,0.23269154507650214,0.011727799088633972,2.5187154151418287,1.0106684657169893,-1.8899888146031394,-3.607626355313183,5.944882925815591,-1.0020012325467307,2.5963050753208066,-2.041571598671659
4827,3.27678393199135,-2.5954356750225287,-2.9287434161850996,1.0364809229172849,0.9631714132208371,0.24774282308072593,3.680235598477129,-3.7244124330975197,0.7191113704613263,-1.6784220924702602,1.1693474585507264,-0.16585990192015032,-2.330335410610001,2.6295079451882017,-3.82873958099791,1.2247302459783924,-1.4039310093420792,3.708767809783538,-0.31746902056295667,-1.9162169368099367,3.5664225214701624,-0.14767823148884585,-2.242302007178786,1.0572436745685998,0.6731674344940863,-0.476413807436888,-1.229284682440845,-0.5744712300013992,-1.8115469588649233,3.418549244251661
4828,0.5006023714494496,1.1409535382815577,-2.7430680519423767,-0.3316041201354132,-0.9282021319966607,2.3613183943460037,-3.242146677113425,-1.397058896725941,-0.5810243912167667,0.35681524911189477,0.013618583127493089,4.849796132817996,3.329785046348004,2.8177792398086403,0.9854737350331746,-2.957306582841735,-2.296577290167157,-1.8791541481807776,-2.5885190168346845,2.6074185108006667,-3.192861000518736,1.1105479346023444,1.0349282580533803,1.0284853138952812,2.493820526464276,-0.42647763426337093,4.39906835297996,-0.5210409078031848,-3.499944236806014,-2.4454261005699856
4829,2.8766425935265367,-2.6323242026574327,0.6004248140208865,-1.2062811167936012,-0.023952649049201025,0.38549056095537004,5.289256858266718,-3.7861783274175522,-0.4615777064469624,-0.09548372844882458,1.0914683855309333,-2.0374854814830528,0.5956012497292953,2.398377818772179,-1.1942622609860791,-3.8487442589211103,0.9238929393458548,1.1251345120600114,-3.8678081825258843,-1.7335572317793932,3.721455596343695,0.8103914992650578,-1.581383049934427,2.650901368629203,2.6951999193516905,-1.3764116096257837,-1.058760169221305,1.2244349230206168,-1.4193003724906923,-0.06516269103281935
4830,1.7515773011461135,-0.885786893578949,1.4143630421287057,-2.5732520692747727,-0.9354369122871493,1.2285355318686282,-1.357141513519771,-1.1473474000750699,0.5636264613138957,3.5578946330682477,-1.0787607148424194,-0.5382714659436587,0.06301233777042015,2.0712920147260583,-3.197452583880839,2.232799312701573,1.8163171953743174,-2.985968276691368,2.328084304232924,3.358205328244747,-3.5679041048224125,-0.9319227001404373,-0.17271390189017666,-1.0137489256264125,-3.427031841017513,0.9188014798203312,3.7932821140622295,0.24537987786005466,-1.2588739580236261,-0.27155767269975684
4831,3.242459226065172,-0.48847231925413936,2.834431524646579,-5.667205437260769,0.8569382242685779,-0.7781512184628436,1.4743087483142077,5.145959609942011,-0.4486785971192493,0.8669486956707022,-1.0506997345450375,-5.987838722261401,-2.256051209161832,-0.09240180081837579,-0.27809483429981796,3.230939612498844,1.7242011284189012,-2.328592896637545,-5.0596889182435305,-2.5278387382576355,3.0973599256223956,1.131892909087389,1.9548456519304356,1.4034291698591836,4.312503424251549,-4.0199134624054285,-2.3320411074924614,0.11507141960513323,-0.6407860322758854,2.5651657583188054
4832,2.0039334759480347,-5.0762004457576495,3.052616274557394,0.27877856651028665,0.19260577591962136,-0.45173364717513564,2.8940273251246964,2.6417829845938314,0.14428583000574058,-0.08828602730461199,0.017598669216141616,-5.609408781634574,3.22841161677745,-3.244253423943837,0.8019600347724172,-4.110306221687786,1.801497977798185,1.5226900162837573,0.48312279008646897,2.337152426003847,-2.7471042070724394,1.1516607106386356,-1.0840396791789342,-0.14079204047934013,-1.6368585460539826,-2.7240914089139494,4.924027419395664,1.1334856982672568,-1.4802569421816383,-0.2163062205116386
4833,2.0143712465065207,-3.8106790355707894,0.7838989790210107,2.961429966046854,-0.6315806862389546,-1.317440469762083,2.118052514511934,1.172778254318601,0.5524662193028922,0.11876298231248228,0.21855948565391792,-4.180619456098611,3.0473323680622038,1.192212131724439,2.684399298963058,-2.8980817102075207,-3.4369145142512814,-0.5889475742907155,4.9602046532678195,-1.6704620602394495,-1.2331581251882078,0.9926323477528971,-1.243003350349385,-1.806213465245449,1.6691970195981405,-3.506146125703083,1.2090218342514696,1.0581423492239477,-1.2946286101918911,0.8644135328230966
4834,-1.6221431102570634,-3.7078413338628913,-1.4203846181222914,4.79890954750266,0.833341117250991,1.1181183974911448,-0.5606754660128033,2.658932295876287,-0.5426480607168056,0.7219600983956909,0.9950717165162004,-3.272640584057349,1.0565661575630614,0.5560343464521615,-3.180558643381172,-1.0265384381830636,1.7292840382513681,0.8652125392978256,3.4882848430381763,2.6179960652712744,1.482107061147392,0.09557857413057214,-2.880762783876534,-4.8032037597126624,0.3595428945101844,-1.3874790640388142,-0.5698096495074196,0.3581341660071704,2.5120228116764522,-1.2724111586458857
4835,1.2087465504893942,5.220435528666815,-4.76893350714532,-3.634548559749181,-0.15288140636405578,2.1271813941048983,-3.7590717754082412,5.253447502469349,0.3100455236066191,-0.23075400528510315,0.8544696523741147,-2.428136897755529,1.4771277113488104,-0.4069039546162969,-0.38733468065198196,-3.4256302513974184,1.3021451973433322,1.44059597797375,4.828108101691779,-1.3674068681309919,-0.4855396468188182,0.32796243606970865,2.9339710048772467,-6.2370950276907,-2.926017917611098,0.01308643811005794,2.0631160757100204,0.28676438863986675,2.658161877492006,-2.0951108623391796
4836,-1.7689233103576107,-4.695220124635632,3.3858765315204167,2.8591113874086744,-0.2521161068398947,0.47127162290654745,-4.1677432409312765,-0.1751358365221698,-0.21480002117605146,1.8921642825566032,-0.09187572974391855,2.757390545818044,-2.711211542377047,-0.2644208753483106,3.1680195485082336,3.7225445291191015,-1.5875528207589245,-2.327378839142856,5.392725093627135,-0.9018348487054677,3.347268797102373,0.8619652329459582,-2.106681209327718,-6.59344306564406,4.321295622124126,1.241980044124908,-1.1709798596721193,-0.30464303066775766,-0.713044337393475,-3.3746084385139756
4837,2.3932190986286344,-2.628207987258641,4.929528113724512,-3.385592597838091,-0.2488391770399443,-1.0601074502139873,-2.464755827256578,-4.6620086856523315,0.4872209330322681,1.370566101769846,-0.7263792630755823,5.995356741183606,-1.708836904106688,-3.1830981926501174,3.0021312265775464,-1.3679034255396445,4.0336980809014555,-0.7759907851823513,-0.5417974346769441,1.8425404893550432,-3.3667002708167537,0.10356640008533002,-2.697344549938464,4.6597353659899845,0.5158131378143551,-3.1793061960768867,-0.06624953339103712,0.7898729283379762,0.7237766380181121,1.2160930252991733
4838,-1.0624924761937198,3.2188090111212375,-1.953196649785994,-1.830581942410621,-0.4886218488996077,2.1160839061711947,3.2483137363346373,3.781642661827547,1.1565130642743346,-1.5336646771053264,-0.7263376341480168,-5.926467151181946,1.478509222023792,3.8378140073906657,-1.9662352163844297,-1.0759091984253626,-1.7178752375199888,-0.5563035770844689,-0.37213624576932247,1.98940017270753,2.824324364192737,1.2045247732022428,-2.859059522407305,-2.7870535419276763,1.2821563641143463,-0.8061279911535841,-2.0042598758194927,-0.5923839260602133,-0.6266137091972812,2.7472291381179055
4839,-1.235893092869981,2.3725953417165613,-1.847224661842418,1.5655523978533914,-0.2056881321478794,-0.6493418527071793,2.596261011193363,-4.997288649388661,-0.03349677027031639,2.435670608285836,0.4925326946655151,-0.4936788944845105,3.8166924755071996,-1.8309281558539237,0.9072081464332271,-1.077112215746359,1.407881832258088,-3.2237420825980347,-2.926787997624139,-2.2069739092164333,1.336244748463539,-0.4231812828131334,-0.16293252059473495,4.383630961783094,4.812535456622513,0.05213510018169032,-4.629918994280743,0.9721139052507031,-2.258256136930836,1.051390669158323
4840,3.3776223810511787,0.8366377601953836,-3.8196328852672217,0.5957881097712949,0.7476379990995041,-1.7380533648476018,-1.4552257891749072,-2.4642418958848644,-1.0933243294034467,1.9806674777700266,0.3041066831144157,2.7280178535799884,-1.2519426679590637,-2.4615181668935673,-0.237753228540857,2.830367856141695,0.1544127105032267,0.9664334967487953,-0.6556209237177235,-2.9953492060265745,-0.6939970492412968,-0.09773212191374991,-0.601821725425495,5.044521026323025,3.4576831126985716,-2.0883594592748516,0.39649318982553083,-0.6873410668103492,1.053784836806713,-2.1322606132439486
4841,1.2595329766214363,2.7569807299827467,0.6850323910778151,-2.8961556039149094,-0.30001555103647326,-1.5053749427280856,-6.1739550319620164,5.605739450701776,0.14068538779584383,1.7345948695498805,1.141691565114452,-2.4487562411986765,-3.1606241413149263,-1.2016505426297872,2.4185139388603005,-0.7054099279761061,1.9847337790617239,0.6644368939990244,-3.5543858958249714,-0.009089882730917154,0.09829995812543402,-0.06966055594373977,1.6100298940295215,1.9248064823428592,-4.75309725928547,0.6675304608362289,1.712398385857277,0.4856693712205127,-0.14254331326045389,2.0300423546335296
4842,3.723361856917652,1.793142716967612,-2.3796722421315444,-2.425124684997215,-0.4605429320839871,-0.2511647146699918,-1.6826899828914357,-2.7609771316167873,1.0026603636542388,-1.5292312046252956,1.2314336261591423,3.738804329321379,1.8133242869833914,-0.4111485588126662,1.7532013555516386,-1.2072571130541387,0.22886728982595272,-2.176987260493938,2.727320528029793,-2.3572854775316667,-3.8697030579300353,-0.38478364221840966,2.0544179448880797,1.8300337047604351,1.61394848365482,-2.8781089061547434,-0.6758504822732121,0.3274171020482095,-1.2369734534410295,2.8495672561676315
4843,-3.4554483982280164,5.224079578147958,2.9751771961823508,-3.783588241995993,-0.7433726488331251,-0.2168474852706641,-2.9675271980252873,3.7787185614721857,-0.8222240668515637,-3.3430325703053896,-0.8921603556260775,4.246225629337339,-3.2891635378105306,1.159126801975372,-0.13226508816042326,-3.0947195978485897,2.7152714031045626,2.641750018739849,4.278303229710954,-2.5040279972252435,-1.6385992829085954,0.1936769407866068,-1.726937813118358,1.3975849227528165,1.7476005676104513,1.3078561374458992,-3.921040018007492,-0.30055297099010403,0.3336645963667042,0.8324716875761542
4844,0.7494499537029338,3.3998648298730423,-4.441830871518807,2.422946387048775,-0.24425579388209018,-1.8861745052213266,-2.4024546255402015,-0.22125346789478328,-0.27162862273787614,-2.6897586771590234,-0.05361125424316526,5.638706647576267,2.4461571931620476,-2.0415724561842996,0.6976424322524792,-2.1634797248008137,-0.3200605445666689,1.3813131001375396,-2.7932125055668244,-0.6980429019075327,-3.5544425032135116,0.49201058321374447,1.2792169091652976,5.274470418307011,0.5939072118919739,-2.3691425085660747,-1.1216850100186022,-0.06171352769732419,3.6086144977432646,-0.6499806633516325
4845,-1.272276623275257,-2.075805538023527,3.3384089943687236,2.9259115381789123,-0.9778756064216445,-1.9383627648246744,-5.812367749708159,1.409192019268474,0.4963616894695235,-0.8312670538617066,0.25926540383210117,4.478815691000964,2.3928414143041685,2.660997408038366,1.8375631589410943,-2.7668560713738035,-2.409686399028365,-1.7148595108811957,-3.508063845847154,3.1168902249861965,-1.229231761467382,-0.800289123448847,-1.5603997233100309,3.9810942290853824,-1.3129075695202204,-3.416921871339664,5.178641245356705,0.3404831132599533,1.2257883616904515,-2.015083279445621
4846,-0.85528015332787,1.916299450362736,-1.880514400305021,1.8033919293456222,0.5404191087975665,-1.5243159348705149,-0.3151987703255088,6.225598227966763,-0.3379655911751138,-3.144088045217975,-0.4310197890541092,-1.997326032192884,3.7722860757464787,-1.9378162828988952,-1.1898806483515791,2.7609596335763307,-1.9091141655757564,-1.4964346124963122,5.644048505391634,1.142285964670375,0.8037918608872019,1.181337566992438,-2.6209161967665473,-6.150547701176897,3.7618878146133383,2.779753807020036,-1.8465435186047152,0.3002375852775794,-2.9150185215163162,-2.080317166788328
4847,-1.1041717537625395,2.3662033861712786,3.2095700720409504,-1.7092638784833092,-0.3796376515050437,-2.382700174458794,-5.340950775707661,6.0842881246062355,-0.4682327182212349,-2.78874878037921,0.56663951058683,1.9470046391162192,-3.6611648850818685,2.0473631631323563,4.001367182238489,-3.0625664257628635,0.25452077332855083,0.42048019214554166,0.9847531244367858,-1.6533676984584922,2.9113249386624176,-0.7019243583778962,-1.8070536869759977,0.26626768071139395,-2.099605832247775,0.31391164338628386,2.4312649547159815,-0.5980263064820859,-0.5500933233229581,0.5025488639521569
4848,-1.8136680306438642,-2.0296529085130928,1.7141556272594656,2.9428876962563244,-0.9342995891845034,0.12057720482819967,-3.97284046038504,5.703236723997271,-0.5240796172122026,-1.4873808048988124,-1.1624284284690622,1.4434925869690183,-0.16281657526138815,3.046897588619821,-1.9772993372016714,-3.6455374637935023,3.1222290969066897,-0.3834733092697622,-0.28784905346692824,3.360642592508512,-3.6912258620704694,1.1230959743759357,2.185135629444071,-2.689799280792929,3.775058796566533,2.8572518193843948,-5.014215321414948,0.8246590058866694,-3.209005351246841,0.7662510508258311
4849,1.6942450106402411,4.79577106635325,-5.806956661911055,0.20226661088334907,0.3612105806350221,-1.246536606598303,0.6752001103635905,0.8341125058795917,0.911014245151657,-0.0473819232525603,-0.3073600586231473,-2.0655848795179743,0.40720624662408156,-0.7784574784322409,3.7171978864501476,0.6787660248726617,-3.511301013901086,-0.513411665613372,1.6370322593815025,-1.577245206689911,0.19607111578399383,-0.5945823096683167,-0.1475121303635909,0.4862362715545423,-0.8489156860368716,-3.3792589887333406,0.9490320241572014,-0.8752016158746709,2.0555766994538907,2.0987675670354022
4850,1.0258837196955994,3.5519686331422413,1.3577659806395985,-5.539093307985514,-0.8673258587739039,0.47080083328443223,0.7904542636119167,-0.7027338566732801,0.20052396413057583,-0.8771391125188686,-1.1322977622679176,1.721192503718715,-2.541035087925856,1.606706008105757,0.37337259917190124,-0.32913229894370843,1.486349041170758,-0.5962602615786743,-6.111807609883382,-3.2854222278625382,3.949264207442493,-0.058359358045203535,3.057909371679955,2.44841561666691,3.910183075593384,-4.897372761533717,5.682076055959673,-0.3873624265584068,-1.3061407244300707,-3.001383219029224
4851,-2.795051052981375,-4.871467344759711,1.3889965018093449,4.2048648929325765,-0.2567254949398017,2.329382497941424,-0.3943138960758077,2.0355131470809837,-1.2369272748805589,-2.9624280646753895,1.136589005082759,1.4215670834691636,-3.3930699125632735,-1.298874432338394,4.130751723268979,-3.4050946851054693,3.286918876158577,0.6793684305797765,-5.747696218997259,-0.5065893343728618,0.7676228670998526,-0.8206508501730108,0.8517831993693221,5.455530337072197,-2.7909314600232165,3.884228537147589,1.5098003939544462,0.49710329628894634,-1.8074533984595202,-1.292747368906591
4852,3.500421209217585,-3.183193296871405,0.2685260586248859,-2.827946664613684,0.8987270380405579,1.3434656556045397,0.3234192912480687,-0.8699056493945996,1.2495522608157135,3.57672093613386,1.0144003095519034,-5.294187148353799,3.10246607895143,-4.057603608341763,-1.331419433220658,2.7253895187075194,-3.741088758013637,3.3022562019173414,-3.8793119695581666,2.3223404031760175,0.00762579831259913,0.6595214469637041,-2.016478174905286,2.9063024960094026,3.0398598535964467,2.4398229600616226,-3.1742763015411057,-1.2010826023585777,0.8616290210524422,-1.9659529308091912
4853,-3.4374861200867812,-5.249895320216744,0.19241182485823316,5.448984680504019,0.8437297721034747,2.2022551628403004,0.7854531332524104,0.5415311986937716,-1.024508590341131,-1.8127193807885718,0.14074732610768415,1.3694963130769793,-2.679966965998233,-0.14794211783525313,-2.23604389251984,3.939717177737421,-1.2894018930868825,2.413637691703041,2.582419789270517,0.9909001926585965,2.9415688146113865,-0.4984982138668146,0.028949214166004822,-6.045339796841407,2.236467408565826,-0.31896925257472475,-5.0989809064640035,-0.7704996703687579,3.195621033379293,0.7563613874640129
4854,3.48001439327615,0.7157874297519591,-5.189735653868663,0.25680791029815,-0.7342195608846085,1.471345481429534,-1.7742489741198533,4.722572369541357,0.21514272168530635,-0.8892563181457689,-0.7210304392431972,-1.5531793597166654,-3.5185802602666065,0.5703944922458355,-2.143282028343357,-1.504451959457496,3.759079123057692,2.836840632764183,5.1745859657019935,3.107274144249221,-2.873582416599458,1.0471650242762784,-2.3371538844051862,-4.118288833224579,4.265233286875681,-0.20281086863144182,-4.6505848479501175,-0.8347051420941822,2.182191071846514,-0.7593235000448555
4855,-1.1035527479259724,-0.5842111210986936,4.861729894431768,-1.7786957784266484,0.3837699766566547,-1.7790402236346043,-1.566577315235957,5.738651705427856,-1.205190538734025,1.9856826080325618,0.38845622898982857,-5.341022688479086,0.6298204343374074,-2.415587172280631,0.5026127241536678,-0.6598450619975083,-1.2964420269938106,3.2394411027811394,2.36080758740356,0.9815836151848867,-0.2836322329254699,0.4678671717345093,-2.765923769266948,-0.760702372132247,2.346756000202003,1.0327572995116192,-0.8365408451865193,0.43318897641762444,-1.1482757329819346,-1.827885697961154
4856,2.493027374619377,-5.40274678778886,-0.36161978172214404,1.8142894442715196,0.13969009075696004,1.3173596598656019,0.09910064545241681,2.3689349908174897,-0.6713593636781434,3.046373551972014,0.9041998533865092,-5.7472496779490925,1.2432286459422812,3.830623301752418,0.47812708975119733,-3.9917514549691564,-1.5748364209788743,0.014608838502384813,0.20678755054963105,-0.5509764077223593,-2.684484118192369,0.5179066821783831,-2.7346791860394095,5.245445479224394,-4.987635971870517,4.177082310722426,-1.529174992906178,-0.41500501137140944,3.1362375865681535,-0.38150392114079956
4857,1.7897773513046573,-1.0922774626907987,-1.8154435512635807,-0.6583387529044842,0.9365991441875754,0.8396832713690792,-2.7001577288105487,1.923714613937868,0.3733535553012377,1.2346546034142385,-0.532421042899454,-0.2991440009421531,1.2847536321634578,-0.8502978720381869,-2.8183046575761175,3.724564503524121,1.511143559548124,-2.851859165621123,-2.7687670607871055,1.5433802548824112,3.994146224421211,-0.37991374939971667,2.4505488490414002,-4.839394518159914,-2.333307141188545,-1.8224447808501658,-0.3422733224393575,0.8919488457189173,3.393751531350077,0.2123248674107181
4858,0.9231012134769792,5.56792763302316,-1.7248342750272911,-5.36520311231499,0.47680629696783905,0.12220224387676204,-0.40205081240146967,-5.647326999447742,1.1951889181693698,-0.32872548365193843,-0.2707732265726861,5.453687603905628,3.303125831770565,-1.2717287616841695,-4.054683343251368,2.701374627864663,-3.8535538158458795,3.175465461146487,5.889114587875397,2.0166814458876132,-3.6679454082291034,0.3242605294338423,2.173808326998609,-6.735919481968054,-1.8533558166783166,4.581210587576347,-6.09862365794719,1.2304867631617,2.2715593957672624,-0.13127727187818827
4859,-0.348853725024977,-5.068648541148278,4.9455632702879875,1.2334898736060111,0.17231529625738817,-0.933866173975618,-6.079573285675199,6.058518969327139,-0.9400521836790494,-1.2070185592768379,0.45240745985578634,1.7157175994492846,1.574939004242676,-4.109914622399476,0.8975853004323291,3.8003872337961617,-3.752563546331583,1.5895666302601725,-5.192201537041605,1.7010081323143087,-0.5994953031310377,-1.0398688014864264,2.8889986994494414,2.2415588098936254,4.272958249216696,3.009292108920693,-5.073987670132034,0.8952909337363995,-1.984642185116389,-1.118911436623776
4860,-0.514372002132335,-1.0801767022919257,-3.3549907320743984,5.21502742578598,-0.6502358540037352,0.38474786471896216,-3.28174817870028,5.432393604752551,-0.5282273961657395,3.345977602594644,-0.40623731680471664,-4.562158315675333,1.6443788375693273,1.1423189747852476,1.3163323742003925,2.448912061075262,-3.7158523046842618,-2.836089942945696,4.893155728407546,-0.01663239999195021,-0.598955090849536,0.7066166937049463,-0.24885717265895302,-4.735327758613735,4.795339202107833,-2.376876265006775,-1.2613487257424758,-0.18859755519706667,1.5430446200080823,-2.511561276168033
4861,2.531127617472876,0.0780665199401227,-6.248248707111259,0.8360704423415832,0.7049654913701233,2.098018635989094,-0.2241423018889499,6.13436735480364,0.7018505856368726,-0.9725475084335695,-0.34387294957052017,-5.295655180546333,-1.6015691111731005,1.0961519978601508,0.9793618555734511,-2.6034229473602295,-0.6349507972687363,2.764429002368715,-1.1439690659543054,3.173382948712458,-0.14570111255414098,-0.11904201194591657,-3.1338510235040538,1.3691802652442782,0.4602495869602592,2.6996353359143406,-3.099446323991515,-0.6644085959060533,1.5572056129533038,-0.9532356159287811
4862,-0.9231267204926041,3.641049059568701,2.058089444427729,-5.850491297065332,-0.24301319924268894,1.3174927128067342,-3.7666465941698455,3.3390182872390994,-0.9351357995020706,-0.8635263492349452,-1.114597080861636,3.3408875365305235,3.2191845054018238,-0.036062887042866976,-2.263107533347892,2.1311226783604376,-4.128944081106521,1.0778073177352887,-3.5742411675942307,0.46120516520645793,-1.5207449452501294,0.08463690761139908,-1.6028591617968484,6.1520032018216995,-4.341892936897974,-1.758530917738078,3.2871687621741295,0.7446390156757072,2.957203955448481,-0.8885878786607044
4863,-2.917267906554942,3.3084313473449676,2.9403497389534436,-0.4147966820603024,-0.4841237691694693,-2.4325927285111604,3.5021039842906525,-2.8275922127898525,0.45397251649877113,1.3401576613877708,-0.4950950597617103,-1.9735468896245045,3.738182439208476,-1.247475980971318,-2.414168362089212,-2.5393318631173507,1.2929774267506673,1.1698163402190254,-3.5060111527822464,-0.5450832006724973,2.970280625087174,0.7540210756399564,2.232841100934891,-1.9060484482089421,2.634689943975946,-4.517107651125615,5.526270898574371,0.9414047498031106,-1.6595041829692097,-2.9257537582570468
4864,1.5675133161404275,-2.235509124795872,2.280909625234557,-2.2157722750557767,-0.48123416240016503,1.0840926208793569,-4.491577315844506,1.0757943226644784,1.1332571496296886,0.30428134337079804,-0.9432207227337912,2.921465222914499,0.20153146500131314,1.0620743260452912,-4.189497311862505,3.6529743720410686,0.9273218148430757,-1.6544046660679985,2.2311978469136484,-2.785552187414776,1.7948853185594125,0.6277716877071366,1.8005623288942285,-3.6688649946613197,-2.0170113800040035,0.011606195922947649,2.823251956105203,-0.399441083734529,2.6498123828285323,-3.068218071116611
4865,1.6514799661643735,-1.3123061411692483,-2.655837447706233,1.5899828196431578,0.7057075215056026,0.020973281564860002,-2.459779181704082,4.22495594255302,-1.0615706295729561,-2.166301635793502,-0.3949507510001622,1.8576462555188407,-1.0351107478944606,-0.3252455556078466,2.1918904754361463,-4.171059149054894,-0.04388275800963015,3.3834077351309126,0.19394285073524742,-0.12728765011299714,0.46680241246014376,0.4325230625604819,0.18067231690118746,-1.1466529925457287,-3.87719909776305,4.26702050932014,2.0826706224929517,-0.5229224262669572,-3.569368107274613,1.619798499493097
4866,-3.1887254944169694,4.4912680529815034,-3.2491772845311893,0.2145010670949361,-0.25882972714107844,1.9909633860153289,-4.8635199220474306,4.549251984664544,-1.1488270741017046,1.9598123596725472,-1.2473370824705121,0.7506197342836813,-2.248930958764184,4.180079836176201,0.6904501340428943,-1.6726455948286372,1.4186504596377851,-2.3676038762638427,1.2807502640818065,1.4044424832889995,-2.850792931040578,0.33754934786318547,1.2023768457035473,-1.374326009898624,-2.763920744929827,4.433488946053551,3.195323992460395,-1.1541792366385342,-0.38897886823428607,-3.3217340887097215
4867,-1.3472088051194309,-2.4684136730058235,-2.8950557983185874,5.862119265832192,0.7402850360817457,0.10827397453242149,-4.369794094065018,-0.9683565612274947,-0.37978667419682655,-0.20387826140955845,0.6115470417185245,5.310268549181497,-1.7736394828373907,-0.2587869744893041,-2.793959599636839,3.700889776845518,-2.468941171493338,3.5944374516115687,0.2003852691760919,-1.0040071806211852,3.521582026969817,0.4162904740477895,0.12921404158026384,-3.26346463115447,3.8899107953238428,-2.482823802630005,0.24908285415207843,-0.8075072582819356,1.2335671811386604,-2.0822297697010512
4868,-0.8348990010819097,3.3729902297945067,-1.4067656614353794,0.5640503563436852,0.44414138431275063,-2.139517307931106,-0.5327532103275665,-0.5669684488674775,1.2291784264726457,-2.8426355693735665,0.29189260933461547,2.4212861927624765,-4.194481647049734,-0.9303194625097433,2.197021704010872,1.8589595712997848,0.982851555283407,0.08596827896560733,-4.935238888647341,2.6015663042034802,-1.9275834839007686,0.7534328771920489,0.6438269751625043,2.8639962159883687,0.5575186583788856,0.23149725743206417,-2.304801726170094,0.6750491504154805,1.6815206903220385,-0.8407840303767724
4869,3.1869875967222185,0.3358550617464573,4.909692036598781,-5.760617960036029,-0.8546057754278342,-1.8173109596010537,-1.4880419821032866,5.725967458237665,-0.27939436391585204,0.7129511867141645,1.186928985867409,-5.85841128479899,3.2064935593844446,3.7413553900448164,-2.4229076896154336,-1.4411088966712988,-0.6173952491363295,-2.4664371140060144,-6.067528384077857,-0.5113551339801123,1.6963636032793836,0.48901921549871297,1.9041972618037697,2.4893034374743763,4.642831128017971,-4.560133974443811,3.317403562447609,0.04047501018554556,-1.025282642961443,-2.415293083244256
4870,-1.42406210751588,1.9539626232333127,3.146087292063072,-5.176439253345293,-0.9684575551072778,2.4689090006746444,-2.64108048809727,-1.687846607318118,1.198107292670139,0.08307338854528723,-0.9004184275934293,3.948164841794476,-1.281776236480347,-0.30227523631549147,4.214888034913475,-3.441939872686497,4.1086340946033,-3.297530784034251,-2.3452689477252733,2.394356582286349,2.7880785420013687,0.7418739313230969,2.5591723357558696,-6.1382124436431305,2.2016517051018987,-1.5495529099026797,-3.5244698734055397,-0.393943992166057,3.6710391997129754,-0.4047241293389945
4871,1.968058776917566,-2.591943040585221,2.58781074434102,-2.6864583193404776,-0.8222574470871769,1.5447892857568828,-1.3088070676694166,-2.715533195517324,0.8049852750046123,1.592359443942481,-0.8293405327064409,2.4563360769471494,2.58081923819924,-1.5545272285843872,-2.5797303546502413,2.792593915354562,1.3361562912415756,-2.5753118615605324,1.3623135670205002,0.061802663752731135,-1.116310132253954,-0.010682537231437195,-2.6371033712412686,2.339979809951693,3.0085452888927477,1.4233259836868974,-2.6576930715220186,-1.1336386355003745,0.23041667714203484,-0.8709562426976767
4872,-3.116649215981335,0.7199146594812937,0.9690916511626284,0.7106049799348142,0.4903812212768708,0.22665670412830252,-5.164399199337584,6.096118035901842,-0.434918282116425,-2.211421137499512,-1.12066391886124,2.8352845019139856,-3.3508108817080853,4.03546561509177,-4.203719666712075,4.211132977910495,-3.8964291909903093,3.2043611464084343,0.7185569638781466,-1.601180766407273,3.5340082698045805,0.42577755381796134,0.3815563567143503,-3.458718377809511,2.9453292456391154,-1.884178508321721,1.2759259086961947,0.6240430597611688,-0.3703444173419079,-2.5907752884312423
4873,1.6357511505537623,2.753110094264148,-5.679886073513519,1.2992851543186745,0.5979632262466268,-0.6062235518671315,2.161934705059114,-0.27555598847181884,0.9349813259001856,1.7507852579058572,-1.077920096063949,-3.4942252043283055,0.844606941236151,3.096035634016335,-1.9179870367415415,-1.178244518268194,-3.6467192957797305,2.8023082755372286,-3.693491963326167,2.0051574828815752,-3.4032814303212717,0.4333639427802902,-1.3039197240713012,5.962171692055165,-0.10029647255254304,-2.1253718010406075,5.5682762886756265,-0.5322335572252177,-0.859353990662159,-1.9510204671934641
4874,0.14870820994919676,4.471062921572685,-3.00988551416901,-1.678410065453118,0.7798286919488833,-0.7113042438460901,-2.6317938200836686,2.0269203490421432,0.06254100196772683,1.1123454117712406,0.15418118157160166,-0.7241941242679673,-1.988176666655466,3.0692414509958503,3.6528676412728274,-1.1389242197887182,-2.4146928324096226,-1.1803153734145972,0.3890163304809633,-1.8267113166349898,1.260797250874731,-1.2364124406990147,-3.1222456430159564,4.535555818992584,1.2984402220304823,2.171576799485077,0.36657413440972775,-0.8518269978682191,-0.3152914754647611,-2.6694726825906567
4875,0.014583759096549187,-3.733365891016696,5.455865418627088,-1.9016580650887676,0.807142749374453,-0.6425679709900702,-3.143921054226393,4.20675466658426,-0.771660214321245,-0.12561446959477784,0.9542544367549954,-1.1198133651957782,1.476792840950651,-2.534501776165415,4.127748482229997,-3.5904274670134395,-1.1044098425654614,1.6247977625639507,1.0069265675643635,-1.0569373682730987,-1.619661315376975,0.5494019616741985,1.355595124151515,-0.23532496974165795,-0.4209481207936925,4.621899177428503,-3.517305021973595,-0.17661406797235912,2.6146517654337416,-3.1216837321209443
4876,-0.8001610372744619,1.518679111374432,0.8000076037672734,-1.061829790399294,0.8999672238670064,-1.3566631113323933,-4.1278572186793205,3.693053705722093,-0.429215137666338,-1.2906844998094193,0.6884859639901215,1.466217186443938,2.9598407043570205,-4.2482789653911315,-0.6748449064144673,3.5424445826709103,-1.0697393166920044,-0.5094220985300577,-0.41574849007957226,0.7274419473760503,2.5121247030614313,-0.656556868121033,-0.4632009929607399,-1.7040602992777956,-4.2779571744045235,2.7036564470847537,2.6423049680452095,0.8059321665360164,-3.3517483281217704,1.477811920861992
4877,-0.7170088847781138,-0.2533607685212509,-0.16258761348500528,1.3276485805576357,0.28289406549769236,-0.47758537926837796,3.3191014982480525,-1.6142962499078486,0.9120355831195202,-3.3029860119842294,-0.5654774374480711,1.2516226179736663,-1.1523480264850647,-4.077868499207717,-0.6187262101966127,3.7846010905943146,4.039255890707771,-1.974914245412462,2.6216634308069438,2.3211873291486995,0.15598635309387987,-1.2460300199136083,0.4587277657405604,-4.311534858878133,-1.1832938488813198,-3.062544000843868,1.922960327565363,0.9933977916453687,1.837918067681013,-0.5084383371648613
4878,-3.122408829151693,-2.411944404242938,4.9875922185716455,-1.0442507990705003,-0.5645129074683009,2.155524721364353,4.242945033292354,-4.538475388015478,0.9750950535502128,-3.647305322987714,0.5795730954386906,2.3881675287230557,-0.20050652837921135,-1.0845886775636533,-0.061799573891228476,3.9787549388152215,-3.506461484498228,0.8746013255173484,-1.8799664885749365,3.2691330179326314,-1.6875309017886604,-0.5733235086177704,-2.341017327244412,3.2127052082914602,2.959326542508503,-1.8257339559121242,2.2401040742774967,0.9722086437884396,-3.015103157094554,-1.330802147566052
4879,1.76302295035169,3.0627961558197363,-3.0372104370777713,-1.035219515160712,0.8205348633816261,-1.5739240173120113,1.0356305459493846,-1.210756714168486,0.3211612796330652,-1.8504959769845915,0.07593177076010971,1.6285290948116753,-2.536222191911804,1.2685287878322207,1.8922408846395555,-0.7988709568428582,2.8870977632027675,-2.712774286919629,-4.093866889277216,-1.5893436954330458,2.604272115790227,1.136535452571902,2.3382989493623274,-0.39589593301588266,2.088103589924316,-0.6816541068298854,-4.404226808345275,0.12334210994369421,2.0210506452720445,0.8533845700368143
4880,-0.3831549896489257,3.57088584845755,0.15326159854250676,-2.480033007920543,0.021970356851487516,-0.882929806279499,0.07982837406641252,4.842971692833913,0.8588568234779848,-0.7036733993012714,-0.20766789437821487,-4.870315596697651,-3.505619257477669,1.5970298998432924,4.1867850151398684,-0.634479955177806,-2.0183684358788643,0.37465273355140916,3.8139456633614586,-0.6999189604602982,1.9191348138971733,-1.2322882291662238,-1.918984995566051,-1.8818882920677709,-3.9099313186184297,4.621738805336729,-3.860489360587085,0.9299186799191652,-0.17085326736724404,2.3896164613185924
4881,2.352157534841883,0.600926606173477,-4.228947845738112,1.766743269446465,-0.8213075378069905,0.3304279730858326,-5.582900464137758,-4.828695770155278,0.944185020860056,2.7019837574677155,0.6945411567782758,6.07088629918816,-1.7145799567660909,0.6572126177693747,-1.9096474636080938,4.216836124853209,-2.25767612735601,1.0078548051078258,-3.293124400231566,-1.0274251441075535,2.975375607587228,0.7157800366745724,0.653739367922606,-0.024345467846956126,-2.770464029862712,-1.3686229865931097,3.1740123783566077,0.14070926687682572,-2.0310776820645984,2.8554430532887736
4882,-1.1817114930478674,5.043044869511903,2.378729032872002,-5.217464211651794,-0.7173724956837513,-0.3052257019979656,-0.653501465085423,3.7168696989328893,0.8835913397343615,-3.745977257687848,1.0599682149031553,-1.260950530795995,-1.8725761337906235,1.6273045964228992,1.706630314449292,3.0897775257891524,-3.2164071500223486,-1.3347291528481513,-1.437375758166695,-1.226431770685954,2.5509306826304545,0.640306068384568,-0.2650473157671822,-0.26238190639687176,1.147067798524752,2.158132567092988,-5.674509409453016,-0.8218152196593529,0.3069953934390952,2.884128870057353
4883,1.4918120802962207,2.128157943906462,-0.30219874226462196,-5.123131932337174,0.7273647165183572,1.0779959338832867,-1.8963732308346941,-1.2828017788799393,-0.876335627748789,-0.8035474723089191,0.3483311470855064,4.510726962688004,-3.860975116398148,2.8164205844979584,3.943169814366062,-3.091685162135608,-1.5840475328747683,1.7771174125447402,3.459050772824032,1.7079033043604195,1.995607764570586,-0.1889900775256521,-2.0328877447317755,-4.940684019499301,-3.604330413433612,4.737028649672588,2.943802118522619,0.7346837816871004,-1.4566410056757864,-3.3545431307711038
4884,-3.417994929462237,4.561787918494591,-1.5613600894182973,2.303113058974997,-0.16713166029742244,-1.718414298289126,-5.307584535256755,3.604950357748816,0.06414269029015607,0.41217872589656146,0.9735482678815277,0.2527644934408748,1.4091789379082265,4.211428633231041,-2.553522490146996,-0.14432832191362266,-0.010561613518067503,-2.912195145560334,-6.11794044791532,3.1044265919173952,0.1257117097654401,0.08921634842692061,-2.9399738210008746,5.73855961880475,4.9322860844617615,1.904089457670647,-2.221419719896737,1.1559185111216514,-3.2273504646062214,-2.543523868749306
4885,-3.0680589743133204,2.6025240648057952,-0.525490399496384,0.01027707680395551,0.51026557004927,0.4704826621531826,0.23144662933353288,4.56708184369997,0.3593626932826446,-3.1340566213801697,-1.1234146033673267,-0.900419941567467,-0.987479600149328,-1.5869682704143795,-1.4719786694647254,4.116474601349093,-1.3752361286035217,1.3051880672831118,-3.134682418342898,0.18800929142177658,-2.456351720505376,-1.0937543205271023,1.395400141199266,5.101379026752639,-1.293434285925695,-3.2903162783460935,0.12336996485469598,1.2187554549014203,0.15984999917541742,3.0817751453420286
4886,-2.3175317724569986,3.8500008780506256,5.713778556869691,-5.719050582422241,0.01999618405644288,-1.5471932640950143,-5.908126751613818,5.619185550312885,-0.48717092106747817,2.647890188132937,-0.8462598299793731,-1.0255182357839772,3.313166931922968,-0.9162769114575724,0.8242944501078355,-3.138247189608066,1.9510166278439556,-2.033953908808913,-0.48602731224760376,-0.7299124254080986,-3.5650780772324815,1.0209746193322946,-0.9409745862265595,4.701017781780763,-4.486595049624173,-4.903811923744012,1.6015788341470554,1.0231258021479848,3.2133720290414445,3.552330308033458
4887,1.1313907990637873,2.1483454344592516,-3.853636879958117,-1.4193482513556575,0.2104230000848908,1.7828258977083546,-5.469620672738319,-1.5111470090387975,-0.27695021727824454,2.2447376158235706,-0.8884000831036989,5.9013803663366815,-2.298543779719733,2.5583677805348337,-2.3954186601050544,-1.371601897747027,1.6883666479427824,1.8188299090944078,-0.18569099970918046,-1.2039253092847169,3.8694425006155733,0.7094182943397751,0.5242639992013416,-3.7135084851644784,-2.1245962670863285,-3.103956795770962,3.2037014117084794,0.43956361261138177,-1.4478289770779185,3.0331170156171012
4888,-3.061047571870059,-1.1936306868813027,4.938744098975505,-3.248211430651864,0.8734344270120524,1.6907111634181593,-4.29866608855394,-0.41012385257274175,1.2145960995232299,1.0738380401871055,-0.7780377739045807,3.1983935753221395,2.192985901186475,3.5293569791577326,-2.310347487773763,-2.0437432149022214,-3.9560295657253413,2.5877773880573542,0.4091880508777379,-1.1767422152163842,-2.0266731714617023,1.2313022531721245,-2.877125702127193,4.440050784753744,-3.021393508304847,-3.363861471460069,4.067309248840946,-0.30796960383278105,-0.7555705884626249,3.3814859232211845
4889,-0.30512465453307414,1.0176460752745946,4.020198676070017,-6.235519660299765,-0.9140448516456385,2.4168444151363566,-2.8821024563486404,3.198369317839944,-0.829231647073966,-2.744429291198978,-0.4818061905773945,3.739200267360257,-1.7153744310854009,-1.7191032773549608,1.2263605894948881,3.2882757317091205,2.297523195644537,-3.3776818084079707,-0.23052699812719624,1.4002641995851075,-1.4064010698804879,-0.9903863452002808,2.359164441442342,-1.1321142278211553,2.1028447630047573,-3.4207772376189816,-2.3949347633740565,1.182588478218979,2.6362551784575032,-0.10597641868638874
4890,2.5348877119589197,-0.2390314566151872,-1.1549100657925742,-2.5831851756235835,-0.30597737376615597,1.7482163598410985,-3.5935593637154,-5.10822954238321,-0.12419501259069232,3.0143788848675186,0.5471049076233543,5.264500126199675,0.09280015956479559,4.157266816848608,0.9143590799525931,-3.5371812573332235,-1.8717282699976607,0.24448347096508272,1.8789306227745257,-3.0514005839071103,-1.4459897053641573,-0.02295886270653469,0.07568033318457168,2.5657381960170476,0.602405020987387,-1.5359557179105607,-3.5769704378172165,1.249437241786234,0.7940921105771697,2.4669917823787912
4891,-3.1136427557890993,4.6515623022630095,-2.454058153119856,2.7055540111371954,-0.6454629532281968,-1.1439524512605317,2.489953453563345,-4.115167767875221,-1.2476229466196243,2.465358914202376,-0.32668516091277144,0.7341635076431494,0.7973706449243885,0.3295211877379991,-1.0469523282604136,-0.8180410763326442,2.8389871503202038,-2.1008855783893434,5.485365674612986,-1.4413384519818546,-3.8823190338439915,0.8686231921115706,1.4076804182006821,-2.438011799101041,1.1421823555311938,-0.6407796610654408,-1.0205617966663496,0.08912821380910874,2.302427095736512,-1.8723962073432183
4892,-0.40166920284795715,-0.23083738034898005,-5.709919236455576,3.468470441561923,0.551063172475244,2.3228922056178387,-0.047013897607154576,0.4382691229612554,0.732453596804179,1.4369812273199756,1.0623655452166192,-3.6230555946936462,-1.6367310222102347,-0.3676096534275004,1.1142000712983489,-1.1932673185318983,3.8848992184906272,-1.8014912956191758,-3.000050110302265,2.920893687526984,2.9066387461154264,0.24143659083946112,3.2161683200592464,-6.285087234240507,-2.8703078654240954,1.2151928114380262,-2.362805102007144,0.060016121407616474,3.541454248280182,0.4164497863072274
4893,-1.2394213380935462,0.5218450767545306,4.610372298973058,-5.732103502887668,-0.5896636859017479,2.4289711511578655,-1.0624155721982902,0.5915525416757781,-0.8411150748346987,-0.7347827764767594,0.4029401598889901,1.6438207219461773,-2.865554683508064,2.6205153789873137,2.50561995314213,-3.599316877948807,2.142122621451005,-0.8033863921233841,1.2345313328153864,-1.080382304376002,-3.4139904509514754,0.09365510363451435,2.393160919454333,0.7730253994215737,4.314008453093578,-0.5582189281959948,-0.33664083312535453,-1.1657300826627477,-1.6844923421312519,-0.5689262669764386
4894,1.5997060815221253,4.206107822192408,-4.647433735351807,0.2921056839399476,-0.4953603909292461,-0.955125461370935,-1.8164417296761997,-2.151779525762496,-0.9868095744926766,-0.04369779555783104,-0.6092974972725633,5.608026122762997,4.20791083879811,-1.3577674826342303,1.3249291000119783,-3.1372654080738744,2.1313071515388415,-3.1691141996405925,-3.130306024830194,1.5888790738504177,0.7391886150738429,-1.0567941448952105,-1.0459939418930624,2.9050264226925506,4.780282735489575,-3.034931209664954,-1.3964916197702522,-0.5653820415530708,-0.07032194806992997,0.28684408357038826
4895,-0.45412084329658065,0.4404005446944552,4.581988735259944,-6.021523424997895,-0.3250736406508592,1.7783286289933997,1.3539918443748,-4.695816608746931,1.0050438159291843,-2.7367651699525446,-0.9147829622441304,5.988329080640806,-0.293835666386304,1.6439571624709295,2.421075461565504,-0.5162541098251019,-1.4838668712332783,-1.7710759765915185,4.469353449407322,-2.8987880829933736,0.8069420228772621,-0.8423875943288142,-2.1008710574360574,0.5657512624720127,3.73940072689064,-0.9642965699337296,-4.492515557768428,-0.3464070493175413,1.1878387989087784,0.875979651222055
4896,-3.601573017044627,1.2157840830403082,5.803700811356556,-3.5056024804797765,-0.020973003713776972,0.10866360684378051,-0.3436340744404518,3.2996996087162955,0.7212184274878695,-2.8084699478755724,0.5983407442849069,-1.467154758171855,-2.1222510624061606,2.137288494136783,-0.35421674614291376,-0.5783230320556747,2.1623447325801948,-1.2448423861119622,5.5252331466518285,-2.6122479852779854,-1.9554158127279617,-0.4805168990560924,2.606822021054686,-3.0838744706460766,1.6272847164151436,-0.5999285097421883,-3.5014533949451803,-1.115758704547539,2.0848446280345954,1.5050112647869227
4897,-1.7111332686810723,3.8985844744719884,-0.14443802052067767,-2.1844605467588565,0.5417519133252755,-0.4003045518341981,-0.7302791006000682,-4.5836874190763055,0.302619742331693,1.1782472457828561,1.0277902954541958,2.8053092361087977,3.347588613618779,0.8737013577311714,-2.744579379696244,-1.7083811613494735,1.5940672381932686,-1.3623966684972189,2.833276388835902,1.8353170800492755,-1.0608681424190909,-1.0313069268120976,-2.9128930073398145,0.3364746076842451,0.4598743983282638,-4.1522299770074955,1.1171285144740466,0.7972871851066028,3.7285847476588927,-1.9506448685585678
4898,1.8299729774125986,-2.4644374992737177,-5.720405141840967,3.1126434953518896,0.8169429633546903,2.42528320499793,6.007582624206865,-5.918978155898515,0.8041514611562377,-1.12741138877956,0.35693658015662955,-0.1222811208405048,0.49348274994463637,0.18939988033454114,4.07832565496463,2.0197114798711695,-3.8125399590603877,-2.968379806054312,0.6485196184834017,0.7545560541822098,1.3741728269108933,-0.1725909173300959,0.42216647721174105,-3.026824059459731,-4.257641542454532,-4.2465549295304115,2.168331493530829,1.1783620499438223,1.4330205460851069,3.724482382426938
4899,3.462740231921444,-0.1563906205046628,-3.5470400608695343,-2.7320949861294324,0.613010247097002,2.3597751884876033,-3.1219080503545342,1.6883150587183877,0.5580199481885488,3.5998590134311037,-0.33472945578636804,-2.3895565141959523,-3.549592338603098,-0.8920404321758362,0.8228526329087593,3.1107291192773694,1.124540637068101,-0.6164896184750219,3.9051851959321233,-1.7735388470466962,0.8551287885298677,-0.10258715207780345,-0.531600543514914,-2.3525874418241806,4.348719258257837,1.6850016961053917,-4.470536110365138,0.44615885836788927,-1.7666255010888694,-0.24271820127535904
4900,3.574927968151421,-2.9602757076257156,2.531874755046598,-5.766230935551885,0.26086818173389537,2.35883573824813,3.7600356929809067,-3.5054900507485556,0.00942645382750218,1.098273044534949,-1.150364576927068,-0.21188056366655061,-1.119339984601348,3.8430918003569943,0.929052973230597,-1.6147620107781115,-1.3287486404445374,-0.7092941377633455,-3.053380855833705,-2.9046096989762624,1.6466792359163307,-0.1021416373988604,2.135361959472739,2.2780909968181753,-1.2517403438812735,-0.07392426382818584,-2.4107144588396068,-0.6884755919302235,1.3861097502271527,3.038744908253868
4901,-1.3301421070675108,-4.43560518273242,5.823024421104023,-2.096007559163219,-0.10532729159965526,2.144057719461232,2.6328566098615553,-4.641059723571441,-1.0873475398270376,-3.4400356549307762,0.6056314871528139,5.929954821316056,1.00132653818876,1.6894496771981622,-3.719518615930065,2.7528259892544362,0.030541641565609012,-1.7546252302766963,-2.647618496028308,-0.7001550008268413,1.423385296210629,0.4913779195473964,2.164487684522877,-0.7314774034273448,0.04809613554974845,4.11269564166486,-4.987865541333125,-0.41559990128902324,-2.3661031927177927,3.6087768581270723
4902,1.7930809935149377,1.4788269574835233,-0.049047003726297334,-3.8181470091051253,-0.8944904487039222,1.4897765105393592,-0.7246519160304352,-3.693691424064241,1.1343342917192887,-1.4956060844992543,-1.178117936192836,5.957733069068656,3.0765109328166886,2.5064847354743875,-2.929441843512505,1.7448882180505194,-2.3546066306754554,-2.0438354121534594,-4.227996803521702,1.8206788427500609,2.848498948064094,0.4547560224352907,-1.8377116099383723,0.9417746002090368,-3.0633766805951588,1.7205575575234313,0.6086676812186802,-1.1550880449124392,-0.32289162691936113,2.2121311136866453
4903,2.5183590416631993,-4.484539752988436,-1.9265577934775813,0.5542661194112739,0.9711296168773407,2.3673427685167088,3.368445023558664,0.24323072822797798,-0.7485801682970257,0.08712254292379384,0.551168535274873,-3.5013866616870892,-3.8713335661467134,1.6361156178645615,-2.6105166509500215,1.8387972000182984,0.11982945285805258,2.887107946356007,-5.510800641716308,-3.1119781528870973,-0.273426790902473,0.3473520101376124,2.327229814822223,6.221623760544439,-0.6400663161205209,-2.788883126662377,3.6356243540748423,-1.1147579867999395,-0.40791258448181367,1.3159956599916285
4904,-1.803682705827521,1.4345382479374464,0.5447117347712584,-1.9036060459304807,-0.5357966786230386,2.263835447674838,2.800063302788896,-0.47216969535407216,0.9336728691331171,-2.795219077829211,-0.799483593831706,0.33313619509417336,0.32745672729797093,2.2696465468100655,-0.27247961827365685,-3.638593844332112,-0.2125141635969392,1.5264843520948475,-5.998035946681245,3.3951489094790333,0.7682015931474311,-0.6203418906632479,-0.17218686495193758,2.6272141996683445,-1.9139477488516725,4.226452779982566,-1.9047582935456653,0.32854696282616214,-3.1978449140450103,2.461551213635442
4905,1.0318999589093316,4.683137083422064,0.5242756764916834,-6.0404334889128855,-0.35679097669924564,0.15791174679155873,-3.6688135231752206,0.022020355410610648,0.780099435788256,-0.6788918314736136,-0.27280346321660165,3.818389026667788,-0.6070415111999665,2.5571277796031247,2.309003635151271,-3.963046745312635,-2.812466613793111,2.5164234555515037,3.30626234130629,1.650769497711357,-2.3353948860274034,0.15631379970699122,-1.9496473963497465,-0.8283033563491067,-0.801291316246374,-1.8914247475281947,-0.5668775023330994,0.25043450973296544,0.826007944857734,2.1831511115187894
4906,-1.2069223209347744,-1.6449003545770502,-1.2235912009040852,5.925588927569393,-0.977348171965172,-0.8728268791857872,-2.7372607513116023,-0.9427617624004903,0.3753437725613038,3.393050261438436,-1.0931122662447348,1.0047407459582942,2.1601243759536324,-3.0726521954132213,3.5323914259587212,-4.186124813384586,1.8174356416976423,-0.2511744348120146,-0.8642830609360281,0.7433266006144912,-0.8129803545103496,-0.3450823489069119,-1.1754257842532265,2.4544449479903925,-3.8916814481391278,1.739991189881703,3.275047992938042,-0.8087600562376611,2.23940900471597,-2.5540066831571213
4907,-1.5006682519409562,5.4089283302478,-0.8171155673238815,-1.3197405234677184,-0.492288630573531,-1.2791153569392009,-6.053945339803644,3.5247318547151067,0.39407780718292873,2.097859257750258,-0.939376521998267,0.9766529421548427,1.341555642082625,1.51491699227752,-3.3645143657366354,-2.6513691921003453,2.53367802196275,0.625732901514251,-3.986464588425818,2.445610164166947,0.14915725690950765,0.2676400364133116,-1.4579042644637656,2.581961395398203,0.358885832951362,-0.7480779108305171,1.4108630671063196,0.47112332009083513,-1.7974659013863903,0.3046715920701857
4908,0.9776304974503383,4.030295119731246,-1.8726949871130927,-2.900120577876905,0.8801531296675495,-1.1152631818566316,3.3637871011157436,-2.9427080651089916,0.1229074828938419,0.7606993277127572,0.5928515099736789,-1.8975373565858007,4.248717734242312,-1.4246930061871943,-3.6530393172342297,0.3958440548078066,3.2161308411992025,-2.782960306827725,-0.8272589494242695,-1.4047482746881315,2.8515335652436598,0.6378902528271864,-2.099108273275606,0.8416916793155487,4.751378356599581,-0.06147074625004123,-0.05179031567352865,-1.0926067655672531,-0.13270100971848287,-3.412809519388462
4909,1.2364274212145538,2.3772720849063305,-4.025599315091629,-2.4203186831135177,0.4406757007353499,2.3915427913514336,5.120029505748079,-0.6817253728150554,0.020325997844762078,-1.2767322954227645,0.7229204481386526,-3.9048182834924425,2.635379695534496,2.588679976869482,1.4030775892539573,-3.029283309147644,-1.7502244840636205,-1.8476294684464882,6.0984835417259475,-3.3987618454850796,0.8501399999147097,-0.8051568116363255,2.2571957742672293,-5.001900658788063,2.7220162424124474,-4.092601097453988,2.208917838319927,0.9327569243952816,-0.6933091595272245,-1.0777807481446189
4910,1.1505812482199218,2.8775393534903344,-3.111576952323091,0.3953038011093568,0.32743181773678076,-1.6392792682307853,4.422251287463247,3.7385286211121986,-0.03212152233692489,-2.519936601124426,0.26764018253963506,-5.876361967652503,-0.04126682574471374,-3.7343115827160123,-2.0495760184902014,3.716537942519537,-0.11826850935039346,2.2268849937819546,-6.218472711423921,-1.7305426446973708,1.0224544780113156,-0.29351668228628824,2.5878148414173268,4.632262718977351,1.2887933214937703,-3.294241117658064,2.563000090592439,0.7940835782349769,1.0020509191539055,-2.353686791815214
4911,2.228795688737158,-4.155219995656857,4.99848172045137,-4.90629931933152,0.6764133591624732,1.1578285466398537,1.885026913317489,-6.038750295182972,0.13556828411724986,1.270066916937477,0.9802817228881882,1.7678064579238182,0.06664809371562086,3.089675989265565,-0.9295172840280017,2.1832244388224247,-3.9120809537255017,-0.4979502840499652,-6.097160973697694,-0.08201763087215319,1.0520788848523424,-0.25448328948151033,-0.14294117352001834,5.52452418271745,-4.617198135854599,0.30908257720911436,0.8458572428888864,0.7302925145538461,1.1145612992767049,1.6174045019278473
4912,-0.5781363893878755,-1.2663221793977009,-4.479428484118568,5.1633129280853645,-0.6155668911825889,1.776141016003855,-3.670867651848848,0.06566125500138753,1.1935660870648004,-2.3413026751851564,-0.7874916804552647,5.540434665424311,0.049835753510141245,-3.3706781984208884,0.5388463326677204,2.2778868994013877,3.5141045950731353,-3.009995382231354,-0.6682861443721464,-2.3508511458562715,-3.530832531293351,0.6588563405861851,0.049827495746844974,5.84128598518712,2.5483865404817685,-4.196535353700138,-0.3906121541280534,-0.9171953598196412,0.6867540792864659,2.26920224788136
4913,1.1676629272024819,0.12521064725114073,1.457981903093156,-3.6717673112250324,-0.5460064562169715,1.466918289897695,-1.8641936531308332,2.066487536678249,-1.0207355497353356,-0.7492705817347414,-1.0311115874257926,2.598823835349677,2.499468749900643,2.571542522160268,-0.030568438070829984,-1.873256382504362,-1.5339936238508738,-1.6331928276346996,3.3639970531044767,0.3884908229115087,-2.6885729898347908,0.35037364004564253,-3.0760330600048817,1.6617445337764067,-0.5803799687997753,1.8889468803022034,-4.86160375574994,-0.7010699018521516,2.9293142342871583,1.3247925118141985
4914,3.0444311846917387,-0.8655147276760609,-5.598957298603768,2.224963713522797,0.46105110698702223,0.7340260210807248,2.355361621968548,6.089577363016719,-0.14999812367598242,-1.06056023717829,-1.028888399554765,-6.205492224574993,2.6285688474780855,-0.11989044622891143,-3.666029912751023,0.6682974671785438,3.2634199265108066,-2.774365882187338,-3.349653178914668,-1.780276964267717,1.9320615782703463,-0.4167642176224451,1.5041568616047876,2.1104759209280317,-1.9888431644965507,4.734230260483333,-2.172421486979168,0.5955525406673265,-1.4979680014220413,0.3294498517488229
4915,-2.648271245797588,0.03600274875563514,-0.5320511234027236,2.258346551827838,-0.8728063704535332,1.7587794390728249,0.1261655702862967,0.35918391264963034,-1.2340120876758296,-0.2668040949949937,0.769062957243448,0.24640374249268504,-3.972796259481873,-0.24383139946871069,3.521692883744226,-1.7274356231306012,-0.40805136420352994,2.830421762540631,-6.08651734261182,2.000269752041696,1.6806025072691746,0.4983471997658988,2.2554034234350127,-0.3481055399016171,-1.8973895220813262,4.116814996100487,-5.373437295009978,0.5701986319295296,1.355018280732498,1.2287949083305136
4916,1.4667810212537944,-2.475706628858827,2.5427107844152346,-0.3443417866202445,0.03242016188192931,-1.2218635520694203,1.9074944036668242,0.41573688421042476,0.3763922731326925,2.777387452246309,0.353641862065067,-5.830652875320052,-3.6557594785912215,1.495232971650065,-0.6136738347584263,0.48989179896623014,0.7464926451285727,1.5378158976049328,-1.1559313088838223,0.1539538414015862,3.626516405904674,1.1678739388182624,-0.4705466789391721,-3.321866198303187,-2.728998649002893,-2.4845372893643543,2.0619116053920195,0.5250436891494275,-0.8577037345482008,3.484284378375751
4917,-1.2465086505134693,3.831760160236776,1.9929448970951569,-3.1522774503419413,0.2490484566374631,-1.6749674131115206,-1.4046536909802896,-1.9443965747748813,0.12710511080795328,-2.844298945864688,1.2175089381310347,4.848735162682164,2.873551953273882,-2.857702974903974,-3.72227717611597,3.3879648503658757,-0.3662471881887157,0.684710535569037,1.1080152868454398,-2.681332393068235,-1.4379640163433685,0.21859906468923285,-1.4496768723093876,4.242358930184654,0.477929846135865,-1.8449743730023478,-0.24767320629189982,1.037436864936912,-0.9936738223902051,1.5709546906134264
4918,-3.3722342540739856,3.3856942511677346,6.067988379252064,-5.768204629885947,0.9269483511264456,-1.2401920975838614,-3.305554058778487,-4.102172743324065,-1.0781151878290296,2.2275634633937003,0.35864240757489707,5.899636118964214,1.1259104044641717,-1.991739920900514,-3.955201033725931,-0.9525191225224177,3.169906607285821,2.603643065399016,-4.719619624455216,1.544181911943305,-2.53597243253782,0.5230654871644251,0.9172697560778094,4.271074901805825,-0.5782879932829452,0.35997362781472475,2.440163236139014,-0.7920805305116962,-2.5002358626472017,1.0704675224898672
4919,-3.233544404473861,2.137795272977865,4.31752729480165,-5.00094720413135,0.7315579593203752,1.0476110815078048,-4.49130376172802,5.900528894077006,-0.352352855411028,2.1485441312564504,0.9618071298293911,-4.167223538022597,-0.34412727720548375,-1.3364094035008076,-1.2224034828966843,-0.393395520729392,2.033035385311347,1.2633002990211786,0.8514142733697483,3.3632154304811905,-1.5605455782019497,-0.4755467931362132,0.6608164772174376,-2.839353809731872,4.910740599019814,-3.007491874550567,0.3780485066307264,-0.06723865595516276,-1.130230948469551,-1.0838276266734823
4920,-3.180252638102562,3.7700915184975585,-3.207134299607649,2.9191781514897386,-0.6091614148999593,0.3072786826253804,4.290378926761235,1.2458553331066398,-0.3260371596756091,-2.9754640066531053,0.5498066663399541,-2.784539759877923,1.8261128082889329,1.1028154060835291,2.471642302971162,0.2940541633772007,-3.782588515945722,-1.912036164774964,5.434851942441004,-1.5788706965601431,-0.6744202646824515,-0.9848306605412596,-0.15430101789228878,-2.0424293027665286,-0.5944089299819524,4.5948386376838535,-0.09695487487465826,-0.634073590662803,-1.0352675550973363,-2.2341336870652864
4921,0.07924764260665285,-2.647855784169728,3.7051745635138857,-0.6901336772732876,0.8516366858360382,-1.29806943051104,-0.7109011889495562,3.1158918586858917,-0.66630311834707,0.7893229198274287,-0.882760080614192,-1.6452503906013014,-0.08738336423038362,0.43826162584607786,-0.9810406315712719,-0.10130693658654977,2.97014939869792,-2.23868009215567,4.6996054746542875,1.1494868277021304,-0.8488692897389658,1.2239595569474941,-2.6530044717809638,-3.5711780977856655,4.7827157757645615,-2.347344394742308,-5.195855757394398,0.3192181886745047,1.5954421146465414,0.8458240730529436
4922,-2.8664049000795746,1.3631594650266088,-0.737668165625518,2.629603205499624,0.5612331330600102,-0.9499227378785893,2.0805150906306515,6.196661062695405,-1.2266642005482087,-3.591729949419406,0.5396215448198349,-3.998403548177066,-2.1101045323828043,1.5501435479272665,2.937567364244771,1.9185098911041365,-1.2194635629079311,-3.0766527079852963,-3.734166654818452,-0.0229262354145785,2.765877651142926,-0.9009312727561838,3.2131394592599207,-1.3209929474153057,-0.8740176573961058,-1.007510884615666,-1.6848993456194243,0.4710783517730359,2.199320511940762,0.8960290239192172
4923,2.7953240012415925,5.367377224827866,-2.804726540612535,-5.4042251403678065,-0.07076934579049965,0.11701980070394491,3.314689620502868,-4.18960375600345,0.39246018846231134,0.49609155289943274,-0.19753659613479524,0.1838989902748729,-2.659397055521005,2.241214848224658,-3.382543611208586,3.5678571055941433,-0.6821570922400646,0.9150258051510285,3.70665420495612,-1.6225999521824885,-0.6734022417987919,0.07293681385959871,1.0300078158202535,-2.513596640656395,-0.2102729196754609,0.9680237138143468,-2.309037137760715,1.070586993239532,0.2214281916147236,0.2592711587694083
4924,-3.2908227302927067,1.9322575261884545,5.716838204733708,-2.97031367390192,0.5189754337631869,-1.9069347604881557,-4.810569487633,3.948979783620917,-0.7167679133917817,-1.7575663778823714,1.0117905516937657,2.324133443593695,2.0296813038063313,2.971477222046932,-1.958541597235092,-1.4332233099512397,-2.136911213187762,0.5275175945210062,2.2230725002515683,0.38660426228161704,-3.704728834960722,0.35735544903779903,-2.1840400843285437,2.921736707716601,-4.462293527363801,-0.36029751791543774,-1.051062390037636,1.0078478170702692,1.2941212481618614,3.5716843700866043
4925,3.0492651067454766,4.035904432896256,-0.8554502103730037,-4.0492448114917465,-0.007561711460556175,-2.1729128063138523,-2.8048187800495405,5.647848836927611,0.7912741768067901,-2.638459025015038,0.5696763689617095,-1.5655215776302995,-0.7433763324446225,-0.9425249024138047,2.992193037775113,-2.41115044057066,0.8716081202270232,0.2332505174271322,-0.20174008941473076,-1.569060592058575,0.7322241261024622,0.35802381324259436,1.5076280345771558,-0.8270752924505871,0.3531874535064148,-4.785905634552162,2.696980600863249,0.4069469728417161,-1.064607905106767,2.3933985124493944
4926,2.737624561149204,-1.9719787335412562,2.2702452685134773,-3.7083577105961645,-0.892864069399548,1.5653306838768657,-0.08725122305692778,-0.18878520230007467,0.5843145623800519,0.6521994140681286,-0.576559912251768,-0.3839176388381631,4.035330618068205,-1.4304288746726161,-3.4187162522998342,0.35741066595312887,1.375473066635763,-0.9190692236844615,1.0412981373650254,-1.2963311634826162,-1.270115011343096,0.6790073105003085,2.0529851313034087,-1.2068444043447393,-3.983381948532802,3.6339415172157246,2.0648874306804537,-0.2561863480007718,1.3993499496839874,-2.858610601044793
4927,-3.087397234364854,3.1504345079280647,1.8442486952730945,-2.3373064052931554,0.9923628354124228,-0.5623423989530014,-5.95306472215746,0.873939083338847,0.1669185263426769,2.1549377722960052,-0.643632259664499,3.4009015998456853,-0.7530837869925122,-3.813327039229888,3.752410737817609,1.5026882232446077,2.739185721215076,-3.427873856054706,2.041388642959621,3.192446004380752,0.1408480136463801,-0.0896826912164812,0.0288194894033591,-5.313819459175342,-2.838106566821647,0.2890322618005783,5.7546623222447515,0.057634518257771106,-1.7269377012574427,-1.536284834222199
4928,-1.417289848805714,-2.7834218797629973,5.753161474940708,-0.8800498999662416,0.1733761011939805,-0.8457759475971809,-3.870658844382863,-0.45942963845913454,-0.12775856164051547,-2.2621260652974904,1.1649690811355873,5.555004028645659,-0.7211613040980644,0.8602411117499109,3.2525333292113636,-1.214684800232389,0.5645128692997474,-2.741441205930366,2.656453016645596,-0.027023498157252135,-1.0903530007565543,0.2683134323649812,-2.0028133108747532,0.1954233607762994,2.0393643529605114,-0.49289781898038143,2.673377086195874,-1.0794703480333085,-0.7679720730865949,-2.3724011990543072
4929,-0.7497302706282944,-3.777082253683414,5.097923312084465,-0.6598935592396487,0.5069483847739615,-0.41816561330453084,-5.654115746202461,0.1453507673824994,1.199478792868117,-1.3523563753404026,-0.17770716848579404,5.839349729779293,-3.5936557252997883,0.10383356216592432,0.21545393449367367,4.074082702896916,2.6820446997296337,-3.481759173986168,-3.04594810083422,1.2585616181468833,-2.8773429361765874,-0.7556278400377083,2.9983053530147874,2.422051905885162,3.0375527421984394,-0.8327969101067083,-0.02207091948682205,1.0375132880879905,0.2209084375748276,-3.4411066382659445
4930,-2.2596640020613012,5.056178689912546,-3.799137088172671,2.882168938619298,0.25963727486026356,-2.1391838131555776,-2.3516972905052427,-3.524606350404156,-0.07770500987313689,1.314668136897705,0.9847448445984446,3.6545956692876445,-0.4926343253227401,1.570246505503306,1.5680073341332523,-4.02128170645315,3.2930485961721416,-1.91738640403263,-1.839179653808877,2.326305243409447,0.9609748859824272,1.0881306764213754,-0.26477962812243483,-2.2714515238836093,-0.32146992825393284,4.398608513803602,-4.107791760569899,0.8391422450326429,-1.4982404419169555,0.6897513719062971
4931,2.3248762478825284,-4.490125056979952,1.5517703845525332,-1.0016708614161338,-0.6177711303704829,2.232920416334089,1.791678218524357,-4.1430467370889446,0.25018864593134804,0.5931107461794163,-0.4589113549231101,1.9669804813781937,-2.5127157576091133,0.8113315823611273,2.7726550172351914,-3.219745863459927,1.6361330685207207,0.5123419529521485,5.583199214145676,2.6562597564387787,-2.084402212723788,0.41333871256237487,-2.319291970035156,-4.249103500389548,1.339347073866925,2.2485892427329404,2.6754892549901896,-0.30424276436419007,-2.255069879732382,-3.704112927491707
4932,0.9297973872450704,1.2857437165623296,-6.144857814788047,2.811161909140118,-0.897656288338496,2.0158110901816144,-4.82909326760063,2.5380697207563756,-0.8698458587967712,3.150976722315473,-1.0401048738304297,1.0499975571572193,-1.2545627598229725,-2.117753092534903,-2.491584776229912,3.1404250898809707,1.24381559071983,1.4796599479871375,2.9452386135476374,0.3918834333834127,3.60572371798569,-0.06627860842614464,-2.4080431496686874,-4.468524006823571,3.7205676176551705,1.6835294757597552,-3.4825216499316305,-0.9023196063458849,-0.4213770945896016,-0.5978787425460297
4933,3.59614397173128,-5.465056488863098,3.0868316603156316,-3.054987147062427,-0.6364575440829461,2.473525547964128,2.610270093016201,0.10475089369662172,0.9386913432944031,-3.467427809558208,-0.2601814813179564,0.07389696087018649,-1.8845702764508498,-1.180718154425346,3.886245020814645,1.938918069267693,-0.4116776692084976,-2.3481969899974686,0.35364518189833305,1.71810036643733,1.0717366745830716,-0.4048760444187165,1.2753309615074961,-4.013937140009162,4.612625939192856,-4.149429445039235,-1.312593110163494,0.00446984811057316,-1.984685384698583,2.8296121525996583
4934,0.9663201121334275,-1.086047983152664,4.355497996139448,-5.92262500076734,-0.21522253809425873,1.9020774137439407,4.987594016599932,-2.4828362365490797,-1.0533083894140174,-0.8482659435997828,-0.37639233862166943,-0.2267911084141545,3.246454777828525,-4.245055198357148,-1.4032634500469694,3.928545062154175,-1.64063270645973,0.1139515148813679,-1.5532051967832707,-1.6816830676473646,2.239546998748825,0.8611407291420958,2.6827188609663644,-2.5485183244283007,-1.746877358512716,-4.121682604737824,3.8425966168455687,-0.7021082745522937,-0.6399039939845093,3.3679756149435462
4935,-1.8093308963984374,-1.529517170371438,0.9079837374844537,3.614492724468274,0.7147928057120305,-1.8984212008922992,3.258783566796943,-2.75723078158747,0.5795108803208704,2.492681549603322,0.22793118053911243,-3.80167639567156,3.2015685320879044,-0.989168561790347,-3.077517730485104,2.231714556374417,-0.9019107409301022,-0.4646860552565002,-4.104480810063325,-3.3921403371322505,1.663539522090872,-0.599852675112202,1.2120079350977502,5.220926365117521,3.363628283738599,3.301499297601339,-5.495384320066936,-0.4672579592614303,0.14471639759744015,-0.8472016996072327
4936,-0.8171810795258558,-3.812236291024199,3.8494719654165728,3.71899250618457,-0.8287237444250688,-2.1103233566234865,3.478193381277375,-4.535658387124364,0.5556289238573839,-2.985006957683236,0.8546529349247312,2.6321901047493164,1.1124286539237396,3.0730213591188935,-2.767060776456667,-1.9225662187139196,-0.7886089206508089,1.2927859027790092,-1.8483645905441222,2.44853240801573,2.270511378016831,-0.8682008025070331,2.4380643489580347,-4.440542741941094,0.48401333557689696,4.031470804551393,-0.6867556829847068,0.609338658085818,-1.6652298426780927,-2.772837272549518
4937,-0.9727214147390217,-0.8573678028428553,4.902443668037645,-3.2773965662698075,0.20372534867374004,0.0013167671428391259,-2.0086559754725073,-2.23707880654068,0.8784698384249356,-0.5913072943906048,0.079305997664882,3.8792662403151823,-2.2270871218135024,1.5379432329708749,3.3318358838553834,-2.484483833365534,3.4235615109377164,-3.5817696725846915,-4.976850033637298,2.5375480305046807,-0.12009097636046917,0.15780969422260505,-1.3910655783286643,3.7926488635975097,3.359238646623048,-2.8411863598273257,0.07930279122312811,-0.585139685674017,-0.46543395229161,0.4532185599486027
4938,1.7626942228356235,0.45203285002779836,-5.591377366425647,1.4753420294135324,0.5572940885121156,1.3440141756391046,5.594508217905304,-3.6009938461199376,0.30505953657996354,-2.3740836977854496,-0.005631476964638615,0.08114126638594499,0.24168066968008972,-0.41073519973828,2.8619615728508982,-0.011899205387543077,0.22669278033962925,-2.9077006177445597,1.5027549520553123,-1.3960297959270473,-0.5503435194795294,-0.0767987771135239,-1.664480412246773,2.18489755270992,-0.2347790758066317,-0.2011816918249032,-1.3398209879178715,1.0804791613663793,-2.339112232913978,3.0344148270987787
4939,2.3514570269969184,-4.31424519904002,4.730971996205799,-0.47549575649640374,-0.2683012834239964,-2.0243867842397636,3.137160194103082,-1.3000437609290536,-0.04952007803988412,2.2518338845732764,1.201977795864889,-5.241408035571119,2.6307032154347993,-3.0525556796075435,2.4037258238352024,-1.7141574048470698,0.32613140227439885,-0.5938473570895582,-3.773293057662432,-0.22136463211244184,-1.7555999892906158,-0.45697702197434076,0.5567986136702334,5.650436087367986,0.9235187652899484,1.1125373328555668,-5.310481834265687,0.04961382370182399,3.5751913792540897,-0.3503794668340028
4940,-0.6328952081867243,-2.2595991754641993,0.9654794997178548,-0.4659533067427617,0.3669949196543545,2.025973271023995,-4.17672826784667,2.657554148578104,0.47990606208401587,1.6624800755833888,1.1432469288308198,-1.7664589472284504,3.5829507758540338,2.607991505996324,-2.151719544948376,1.2377611128243338,-1.8550309676802836,-3.4219528820457814,5.6093937640735625,1.068609980646821,-2.5122349527251036,-0.3354225733681355,-0.8526152649536627,-2.9777309536750884,3.599404549288046,-4.639544402613147,3.1851927462514205,-0.7633686660262544,-2.243033468448008,0.8613492415496804
4941,1.7552778574315901,4.685080207031966,-0.0776338092484039,-4.700914591001212,-0.031095669404626936,-1.63071399480682,0.4792966081375454,-2.290172510942341,-0.7558621258705491,0.6667736367580357,-1.155169417194534,3.0551338091130518,-2.1352410858743607,3.2464698234772165,0.23328226205154934,-1.9052597278379615,2.6997251557985393,-2.138976427614786,-1.8077027774785286,-2.4101278182283234,0.5258114433428034,0.08141639915703713,-1.870827787069686,5.481430540275106,-3.7750095378969135,4.255708498245923,0.41043831321032087,-0.5349764319366503,-2.858620437642859,2.502459596021904
4942,-2.7450925771750043,2.3628643225629347,5.3166420542641255,-2.5878754724987196,-0.5112354538033745,-1.8353028733474677,-2.451834768244016,0.8175064304262314,0.3194250196567072,3.006989259096077,-0.28591964876603626,-1.4061662921677573,-3.2753964143759973,-3.283640966690209,1.8737964539430862,4.202595424305716,2.849676367021708,-2.3670308642041107,-5.111244800389393,-1.5690777274156158,0.3825146721440227,-0.5537898553133145,1.771511085410605,5.080086625562096,-4.216592435777857,0.32740701040352604,2.4709376495434263,-0.8670401826033922,2.0429932952964975,0.24229466313948755
4943,-1.9081620673988535,2.730707890766297,-6.126975143643175,4.241710234447293,-0.8983440992359066,1.9610631850668536,2.497726533379584,-1.3992325792728089,-0.8914515116380093,1.7143872133607374,-0.7215935263046811,-1.1998361295236109,-3.4046625597725217,0.7058725956180041,3.1414927825961563,3.049506134599966,-3.0279063547591427,-0.4643025982822859,-6.0386363930987415,2.054378343153431,1.157630563315596,0.4628822585178458,2.0817192897940853,0.28202593831620604,3.451699081147538,2.7258647148002133,-4.393566465498473,0.415055699321754,-2.428927525222349,0.22987449545298944
4944,3.4076102365932215,-3.7671253451754083,1.3013943781008663,-1.4590255816251094,0.11386530916783277,0.40328100294112446,-0.7400030488385596,4.804770251893967,-1.2045873526982742,0.7358938043786605,1.000629488448654,-4.59670314318323,1.5946733488087936,0.33215771052192977,2.6603363290924165,-2.2686551490596614,-4.075594677814857,1.7570824384515618,2.0300985742423485,-2.131693127106111,2.3991931973895326,-0.3129675606273521,-0.07924515334212145,-1.9053859305578662,2.4738342280618113,-4.195653241776487,0.039030341958323334,-0.37585968594656904,-1.195671916946221,3.254320274650805
4945,2.360770342206198,3.475975914100232,-0.8103112494170084,-6.173976597480895,0.6712981439641998,0.4762434466298089,-4.329844274203445,-0.8452978661378054,-1.0583425897519163,2.981799072218447,0.3983415817461733,2.8533440761297513,0.3964816886852738,1.4150666462695192,1.740914425979934,2.0823015727251892,-3.6397901925540452,-1.9949741411056614,-2.363209146586147,-1.858422573435158,-0.083346471370918,0.289618037489217,-0.9258775862032547,4.941237740104704,-2.3817462212445086,-1.2314551043479653,-1.3417247481011572,-0.6104275511627106,3.250733227227723,2.3146203976302786
4946,0.08917183643431237,-0.4172065324293648,-3.503622640927766,4.486137508925701,0.8494261863551342,-1.5039063583554828,3.304221680567057,-4.047162571469421,0.29355499294341225,-2.8660942789890456,-0.15804316104663307,3.473523337995836,-1.2621505901916734,0.8105300273354104,2.146525937153015,-3.332902993386634,-0.349473069262892,1.987470688352957,-0.05846138996047401,-2.584895915622626,3.6944468561502823,-1.210130803979141,1.5753356201151494,-1.4162943667048076,-2.36311193756811,0.7076474493867657,1.9166565701491933,-0.3571503106691907,-0.04785603283803752,0.14381426154109533
4947,-3.3014437189693115,3.3375692997745396,-5.065592463401774,5.127824327899713,-0.8906076490938253,0.7922502037931665,-4.61309054896121,5.311946967144479,-1.1870451453386703,3.625067806173835,0.5436125756067591,-3.6804916546239888,-3.1666369479846193,-0.8677806816359599,0.8959416712307942,0.10662933172817901,0.43546746627686517,2.596379160384931,-4.18459909088255,-1.6329326946863212,-2.219447012001858,0.1706936625564257,1.376056418866968,6.490228716145701,-3.6821018065131845,4.038089926967675,-1.969749658376415,-1.119612600858193,-0.13804796944640074,2.8714221082282094
4948,2.1969451404019615,-0.7562364210213488,-1.9513273758706298,2.546917757664904,-0.5262528048736201,-1.5100462962987518,-0.11014020916458378,3.285951224555369,0.5331149551376129,0.1006004824893374,0.6702468393903258,-4.479773292406858,-0.751299301407709,0.04271784482460461,-1.52585305039198,-2.664971213367153,1.497510848540955,3.4018948718014776,-3.127091724856829,-1.4126181139375333,1.4784578844077636,0.04433593553979698,-2.7097555720006348,5.72667159084579,-1.217214578513257,1.0602263461749075,-5.862110220926201,-0.25019694169001117,2.9864085057856684,3.2828868891705696
4949,0.3163767376958848,-1.9264317782959033,5.1616483821583685,-3.3280706763173313,0.4725627315147989,-0.69608539675332,2.937279935002138,-0.8068726276124956,0.3527098699071356,1.5025343700602853,0.8436004946713851,-4.829252042027271,-0.5067858460485795,1.3242578397596922,3.9139144186597328,-0.24379807044479307,-2.7768393390344546,-1.710749002891422,5.237488895295069,-2.7614867983129674,-3.4061934191038485,1.0746994502258467,2.469631675565056,-2.6141398036707812,0.5543895798735967,-3.1744827754547806,3.5025043768506556,0.273534559199784,1.7332170754833847,-2.889162815950959
4950,3.365524655179968,0.30899679073698394,0.33627831230360883,-3.3933398261346035,0.12522065025289564,-0.7426805823363942,0.08725712746663916,-0.6542711860672838,0.38914229638100295,-1.8499686022689996,0.8322716960366376,1.1955686684531663,3.7734877602967103,-3.289137685727919,0.6731856335059696,-0.001980411220774414,-0.30829957052984014,-0.8472557263239775,2.8768139011128717,1.6810796251097955,-1.581050744625852,1.1657136118308316,-2.911493541617716,-1.2310628518115507,3.206179463148313,-2.791827973999588,-6.105586513653016,-0.6008401978973019,2.6597020772322715,3.632373145171023
4951,-0.17573131423044508,3.164612826329897,-1.0149139084468182,0.147707683143949,-0.1128892642417667,-2.0087860225523526,-1.0112212770012619,4.001600173595801,0.26076905167382325,-1.0097645516335643,0.7942969633087564,-3.0356803599423934,1.8879631979212448,0.44639553302125634,-0.24621973435360545,1.8972495994563054,-4.216771348767484,0.23138275272243902,4.954703306815645,-1.2709637699036485,2.3057095437053086,-0.2962350487523491,-3.140580584409589,-2.552633447456998,-1.016938082869725,0.9051676499536647,4.145055918103765,-0.8191113724266499,-1.5206475714863235,-1.6935265412730125
4952,-1.444884068126056,3.5465733612936,-1.364661877995374,-1.299227724327718,-0.5664127366766736,1.128613045834669,-1.94255767794008,4.15234688710375,0.5804148576807604,-0.27333970203726565,-0.8631023262632311,-1.6537620385427907,1.9291784754342025,-3.095830836090224,3.8054655469935383,0.2582301865025052,0.38646948055123787,-3.2835128533910947,-4.201700180990596,-1.2695578746560372,2.145409796363058,0.13225743387936806,-0.06360915048684568,3.2571999758894314,-2.325786428529163,4.838195571577671,-3.4326926053213356,0.7047792382595164,-1.8596984387136697,2.0752026627287172
4953,0.05686623308064931,-2.315820535332417,2.6371359375072387,-2.9811801756428338,0.9371419461717823,1.6658565942180168,6.215886897573174,-4.710588927925521,-0.3530566034266851,3.3681753663957394,-0.13798642491036972,-4.382430307705192,-2.2307515326517944,3.879970927294565,-3.4147944041606237,2.0101556747015294,0.013108795905758086,-0.2576894610892726,-0.046403997856341306,0.8567747583441001,-0.8821179125305889,-0.8523412845737566,0.8833995088148168,0.040688927800150765,3.6522494725316292,3.7577089318313064,-4.949635968042731,0.9111509483406666,-0.17309745973550505,-3.1983759249236297
4954,-0.006218678785408827,0.3868584374661239,1.0972421863538315,0.025111181142225547,0.7223325823504396,-2.225325708524762,-6.0419248350346315,0.3745986066713236,-0.44220737471049176,0.433873438136251,-0.21078770946139347,5.886447874400073,-0.1614093827248091,-4.0942347036844495,0.13463047212463408,2.0287849602906576,2.0889410547578784,0.003287599236260874,0.2729733646546464,2.1369322137470697,-2.473269740083273,0.5279147722734141,-0.816787850144042,0.3522372395505542,-0.6011759334706817,-1.8331599487022139,3.124655909291114,0.6897428710671907,1.4039606409772638,-2.784023539160934
4955,-0.7928957481913521,0.597656224255239,-3.7765177056845154,1.7564880238677922,0.49516983172381446,1.7200993740314363,2.190083174060568,-1.131821162533459,0.3133314269835301,0.3349115686343591,0.2105739691159325,-1.9170789762597984,-3.42544951846601,3.1090869356054007,0.46345521613669405,0.7826160672320093,-4.030296169979904,3.1005874694719857,5.05964384952291,-0.006865852367472058,3.621811840900424,0.23215355485041567,-2.756906240080207,-6.149837152827711,-3.4133590562344374,0.5653738518742344,3.8338165630653833,0.7442648005922239,0.8914692838445664,-2.621565443140245
4956,2.927033525395945,0.6382568119874854,0.16694742701475107,-1.2041218439090926,-0.9044761915331196,-1.6236397289535862,1.0881069310023328,-0.9489270273822861,-0.2505339854395858,-1.8397769152309529,-0.65091816175463,2.602049158806249,0.31161603218965084,-0.8035508944817451,-3.1355140431387056,0.4766195582466146,2.831371468173117,0.31945787901127076,-5.902401022554468,-0.2612576769761201,1.972240984908943,1.129029673700595,2.9838186347042264,0.07856940621518049,-3.4990993093410268,-0.9690461002755519,1.381267959272158,0.5520704062636232,0.25458118536536745,2.2802258587171274
4957,-2.630170872107369,4.6213378715254585,-0.36601767934039486,-0.38777992697849584,-0.47385328230769463,-0.7635161107891051,-3.2682205764575194,-1.9541809265316878,0.5987402875817391,-0.7900023790370785,-0.26027932454306324,5.673942918988743,-0.16983478300555532,1.9826316015111551,-3.5498489053775018,-3.3934798835214846,2.222064061862298,2.908467908531307,-2.7168461838481512,0.14619651763737274,-0.05877527696826057,0.07291524739297905,2.5210297878249186,0.035479907959491186,-2.2581003251999583,3.5164852378439377,-2.3687443682435685,1.1838094066080078,3.2316832697147184,-3.3051332207214017
4958,3.1648871224987474,1.285608377930476,-2.963097418342155,-1.020269648776722,-0.686876602086212,0.21974816877826164,-0.03084105705318052,0.8739302678051679,-0.25328140576757363,-0.35145740236260004,0.6507903884396633,-0.8891407910603455,-2.1646776334948843,1.8488072810638378,3.470059273506255,2.39847051725409,-2.2494821387097392,-3.3031772996193265,-0.971485120322086,2.078935092516236,0.15586651713249822,-1.100754910863559,0.3527070030237134,-0.5152685814884563,-0.261177264137082,-1.9977183518823693,-0.25543424987627716,1.115526322273495,2.296175278994447,-0.8973717353704806
4959,0.5809374414691302,-1.5595594284357297,1.2241235144308824,-1.0281223984603045,-0.04829141223799138,0.830912283236394,-0.9193558539923536,3.665973446273046,-0.8503040519599043,-1.5237036621434275,-1.0624306595645803,0.6898207813883701,-1.1692440886557165,1.6569941880416152,-2.2249240619510537,2.5706971763432023,2.1196512744341334,-2.953174488211948,-5.319945196299525,0.37594839470652985,3.1976159394233683,0.4127789594303888,2.1181455457712897,-0.7845436430336825,-3.2030617945637943,-0.6720801258253459,4.443577775116729,0.4739304194450602,-3.537640335430474,2.495274061259579
4960,1.468844432326577,-3.8863914492351626,4.116570106249142,-1.1867686356340599,0.8884448122391526,-1.4006992659433184,-0.027234077883715457,1.196909687531381,0.7073323142787808,1.6524923455626066,-0.2826436855677992,-3.2468565839201204,2.980394091171089,-0.8670299853985846,-1.564566414572914,1.2436536044273154,-1.007887942205823,-0.7845633534208432,-3.5468936722707873,1.4795501201492005,3.9749622235322484,-0.052288375985152236,-1.968885106447404,0.1135548110202933,-4.553394415602611,0.09392727387454514,-2.1491880835524917,0.8170607722041741,2.5442902760806057,3.2473041769975133
4961,-2.903234408188762,-4.023785127639858,-0.2974763270783889,5.942467313547798,-0.15669942965523376,1.4387279790167948,1.4081106291386547,-2.2162044662263156,-0.054038201876135616,3.3665918752654385,0.2240075372202197,-2.7284673735207114,1.725575887218838,2.132662018203952,2.7412496673718643,0.25014520838666954,-3.6305630814656187,-3.2190696997154564,2.0102401471260762,0.6109565913664863,3.138291779475338,1.0509003521407099,-3.0187991773862475,-3.791589692723946,-1.7768259943898101,-2.203758143809356,0.265812187487132,0.7392266524188482,0.3750285296591862,2.6005167686357424
4962,0.525955145048016,-4.303063079842524,0.106734325127821,3.806105347729858,0.5975512070897926,-0.7332829451505969,2.7843501021498014,-5.0813640589385045,-1.0715023549722353,1.4795028739472613,0.5379930079848965,1.3510204298299406,2.265254594077639,-3.409521565007072,3.452397940424845,-1.8412930152660199,-3.5656610698794946,3.098823115650344,-0.08411410240901418,0.1314747869770816,-1.4087609561986554,0.19032290666962748,2.869266099121015,-1.6981887341616542,-1.985287704873393,-2.4415810457825984,1.931200777788554,-0.324441229189679,1.2923440949647969,1.5277651070940728
4963,-3.4893650274886845,3.2664976466940665,-0.020736746009760054,0.6312836272091467,-0.620805166796246,0.2331256663937804,-5.082027264360722,-0.3751688523991774,0.8417294093133743,3.2376150683679157,-0.2699883849002509,1.6478400239800273,-3.271237663832405,0.6800071335369964,0.9589775431350134,4.026182095471512,-3.4059989523905987,1.0120698440797256,-1.605270882099557,-1.9206714507688645,2.0091409373233446,0.14778867738332835,0.6732868203468989,0.6957258978132188,0.42782905662063087,3.3517782994120964,-1.832122612453901,0.49267084032268116,-1.3720020281847294,-1.0681535557150301
4964,-1.609612146804409,-4.033740825083292,2.73224838842766,5.136435588576312,-0.04070775783451164,-2.1846232472794593,-2.8174081963378867,0.11879486253674543,-0.9222749786663291,-2.460131835570209,0.17027377035943836,5.910746377679406,2.9740759255255043,-4.130700472505714,1.6922066372135696,-2.892703861448595,2.913884853193764,-0.5567630819782927,0.35789731114120116,0.4064111992319397,-1.1925043484617,0.14442105693179297,1.4156940343604347,-1.1319192532053322,2.0066983698661964,1.4330395050242473,-2.5619800321244917,-0.07199082158722891,-0.6836905641120641,-0.12207645706494752
4965,-1.640312939840026,-5.702775231606957,1.0546006134755572,4.257109335667778,-0.33915090293210337,2.3705291252380096,1.4099718977241764,-3.9843321774339593,0.7286593735733069,2.353400180465428,0.26964355867061496,-0.7773428329984178,4.183321873014396,-3.6219361827167393,1.5616472289414816,-1.4959528633836836,-1.4474075850442336,0.8203275291890044,-3.382933045760833,0.8979700721684356,-3.261293169995268,0.41386252240068444,1.783106017211626,3.5492876039736885,2.700187548212604,3.9284784997205406,-5.32422333631834,0.10259866714921273,-2.5634594473823764,1.156418068620063
4966,2.381802860943395,-3.7199285166175784,-4.3038964136448,5.957724619599521,0.5231936141054501,-0.8388961643837423,-3.278236881953944e-07,-5.427020517593515,-0.43451209351585973,0.6145883365015834,-0.45877892393054154,5.7057235263631725,-2.492583381060717,-2.9068535756609553,3.0852303618567305,0.16077076967995296,4.092957843036597,-1.939522017851413,-4.622034893642631,1.4826460671210935,-2.8201129738635924,1.2328695473157891,-1.3248471426746669,6.051479395742369,2.3015923739956534,-2.437976185860144,1.205097785003332,-1.1157675972505663,-0.5666811969551002,0.6137348210685385
4967,2.6620662746489963,3.6939018733099402,0.6680279918813312,-5.632856468342169,0.1623491411788791,-1.5534888126747521,-0.9032432817354668,2.9090318102424533,1.2148111100337662,-3.089690978081011,0.8324521970288172,-0.9633608574873875,1.9868949311519266,0.5531215201528141,-0.4810087159803693,-1.7620076777777545,1.8102690573568232,-2.1072691149032288,0.42952117057695816,-0.7414802067381565,-3.9649487725616925,0.3576863965272654,1.1968513947909756,2.722370017402998,3.3661778240827758,-4.832930001451434,-2.386159122265461,-0.21569788615396668,0.9388800995174265,3.129729086272416
4968,-2.017894477140791,2.9191809463649108,-4.224178744272585,2.8393096227185985,-0.14571508375050035,0.6292977360825738,-0.9765350032085784,2.7556709039565987,0.938254653909822,-2.7554088447056806,0.8534578068172456,-0.8154395167682509,-0.5619273058772514,-1.1282864545017226,-3.2566251621322504,-0.5199314944090219,3.791190440284023,1.675579976636456,5.019636769704125,2.2640450238983583,-3.0598045593069934,-0.19694735132606223,-1.8434810102590653,-2.183448872712038,0.8152098667277983,4.166082272673801,-0.754514975805332,0.12422806402978193,-3.6999705896093555,-0.6510346380149326
4969,-3.5210625565046545,2.3754504913880545,3.995102595034272,-4.785877309395545,-0.5376507622142626,2.4740375416943685,3.071255564534045,-3.9321768118735676,-0.8272698176190616,-1.190184724413216,1.2358307734708562,1.6425450159020833,-0.8025503536228911,-0.607200077411651,0.6258318859491823,0.5468653473513108,-0.9168815676346576,1.1539347653689482,5.971092484936271,-2.757577031940066,0.8295745789370628,-1.2042261492840467,2.450424781284621,-5.2892886639355545,0.7007176391559646,0.28676257132046956,-2.579889934116771,-0.7351308309356588,0.37053707860501817,1.9570034759727157
4970,-1.0634585763768758,-4.199038377953432,2.7804438268605125,0.19262503903351558,0.3469325787259363,1.9424955097125611,-5.826541955187125,-0.4729849046154264,0.699739717870238,1.5347625077084857,-0.9307445127879115,4.995769147012865,-0.46121097498480523,-0.19090221632944804,-1.8261068353407826,1.3251466348367416,3.621163472225671,-2.4680900804071477,-1.1708378640381767,-2.3218881054950273,0.12227742510366468,0.6035451672030527,-2.01333461258527,4.78023798981005,-4.201604326304082,0.3019190353220047,-0.8765450427124364,0.010293025149674229,3.1273463380482696,1.6385909704982922
4971,-1.9301699959946994,-1.9302502401890997,3.2628102434895503,3.403386522099627,-0.31207190007250585,-2.4937046293306055,2.1785046873867486,-5.938941300409287,-1.1414391720750765,1.440119747784653,0.8113644449177997,2.6503915923963035,3.841552416025589,-0.5710116629907809,-3.920336757137722,2.9608058690969443,-1.3272092976801115,-0.9838005673137094,0.7427009355381422,-1.4152593742899349,-2.7836548361667166,-0.6518002679224111,0.45550139476915064,3.652512148070084,-3.464370660055625,2.1682804930897674,0.19194553390196134,0.7310299914540508,3.0609469510069935,-2.6878323093954517
4972,-3.2552560793465304,-0.014164620129928807,0.4536578122892436,2.37666281990856,0.8944481562996027,-0.455348089018651,-5.5146803324897675,-1.485137543953428,-1.1200922908661175,3.3253294745418778,0.8469116455268288,3.947669047241753,-1.8295209884182633,-3.737659225765716,0.8821362070937973,-2.246362574063264,4.170107378359585,2.7612992027940813,-0.0931233374774294,1.1789472662817477,0.0503884245702757,-0.8396849902101735,-1.6612142400305725,1.3646868768644893,1.6115523152725864,3.9520194918079596,-6.039555487886787,-0.09510056418512747,-2.195365859622793,2.7664501046158314
4973,0.17268328367952002,-0.17127082831912688,3.9060903706867904,-4.7222924816721275,0.8039621338585632,0.010827521768671744,2.333643584855139,-4.453742167901169,0.6065651439497666,-2.4346559140328026,-0.983187128439015,4.931376481569245,3.3917300195426066,-3.97656048815624,-1.5503607207583734,-1.6500375062985846,2.3053436348184917,1.4798850608523182,-2.933104852413159,-0.5063396809662049,-2.6102886206878306,1.2491873104401838,0.20750462951064996,4.5930412141146775,-2.8553979468073365,-3.5036356523567918,4.998279963169068,0.9194330681903082,0.059784340904336375,0.381536226902071
4974,-0.8265027111480716,-4.538867154491978,1.629113418983767,4.847995640263232,-0.24970283183205444,-0.8620363617725939,1.877260829594583,-3.0033428821142465,0.342552214968217,1.4029336629511882,0.12715588159597946,-0.746559706994546,3.0528353636695513,2.2199986152805593,2.7027167130283907,-3.7283202943229448,-3.3627930724602813,-0.8844373251950746,3.403017117564577,1.0824485275901043,-1.4811143010761505,-0.44858409848010616,1.4433143512182802,-3.9990815968184137,-4.9932622646978935,1.678835558872155,3.0828392147947135,1.0468841849268884,-0.7326394509675005,-0.08265724292672338
4975,-0.16224616716544382,-0.1546346541712076,3.965728169849527,-5.678596239634903,-0.27058525251839183,2.300334143642729,-1.0811812316260152,5.087721225670084,1.063110648542585,-2.991727879359553,-0.8349681181596891,-1.2429546450662095,1.423284884571828,1.416060075487021,-1.7524228917996894,-1.6102643142735964,2.7192672668031754,-2.1959250207885663,-3.957964873138021,0.1954603035754161,3.79728196906866,1.1328733800548854,-3.1723148261591305,2.004664046596467,2.2076003503368717,-1.2945744259950196,4.7380728582222,-0.8170100304685777,-2.9693502448907996,-1.8647385072030254
4976,-0.50472676774198,-5.557199388182859,1.9478991968363033,5.756957460906094,-0.021207309748157765,-1.6217231920670798,-4.087618445047095,4.155287709075431,-0.4483166395624414,-2.5810697237480937,-0.39917700302793335,3.360894102311345,3.9816388118212416,-0.29110643979575457,-3.2930420951042407,-1.1401591839161789,3.6346187006747357,-2.8919497936795953,0.42125108002237255,1.9122185377769156,-3.1785768045953358,0.5301413994203807,-1.9308593875274784,2.2458251749014018,2.1365201351802767,2.879069297377381,-5.11629099375368,1.0297239042487236,-2.2259499883171365,1.296927645266102
4977,-0.2884449248478571,3.876532095629848,-1.5869498586088717,-2.1456510267367257,0.8667899299730419,-0.7222762154071134,-5.196069959324319,2.6579887060888083,0.243840944263213,0.4483056200886306,0.8011260615507094,1.0448086273341737,1.0905038255597503,-0.42934263835984154,0.1464750728629305,-1.082375798594299,2.511302528984654,-2.2365629904529936,-4.051351493304413,-0.6116486995741628,1.0146535379122632,-0.06663789104185991,0.05316219826570645,3.6618223477407312,-0.369936022430295,-3.665064714461259,-2.5684075544368525,0.6674742875254349,3.65409158320562,2.281842420598995
4978,3.063146036480539,1.324260174184463,-0.2727339093890784,-3.988412868358992,-0.1752325183336212,0.04897308541898582,-1.5549228990624293,-0.9995118524819873,0.25824665667619673,2.407261361762991,-0.09791468974518835,-0.01315857714833868,-1.3208064293666855,-1.8214074850636983,-0.9631488168644573,-2.048963269767956,2.6080469694177992,3.546279031645202,4.557367480385231,2.05290141109651,1.259544651949902,-0.539055396542131,-1.6377520599223914,-5.693006086968882,-4.236601364054472,-1.0783367793511225,5.23609738865359,0.8982302826344739,-3.0153882078427863,2.1959986799619777
4979,2.293494436132594,-2.070534672463051,1.4014078836720465,-0.45489938318970147,0.8789808919358069,-2.048449156085388,-5.069145051883929,-2.0553019816969567,0.40156967250096987,0.38980699544405617,0.25119302244752095,6.081877343189607,-2.765858087904288,2.460587772129845,-0.6222602936650468,-2.496934173376289,1.8735245741982745,1.550940208617689,-3.6884045699070604,-2.3463420938358475,0.872915792883699,-0.016496911969568373,0.8731036704514512,4.305224112375537,-3.571989114427609,-1.6679238400964707,5.228999948177847,-0.7101125351006061,-2.534397602977805,3.2554231444263024
4980,1.1383292693352693,-4.009130322732307,5.031691751457817,0.6929236109455097,-0.51097542570233,-2.342838883301627,-3.1747179485784827,-4.940690742477965,-0.07046730757605246,3.3693338552451877,-0.22685741313049235,5.043399556519077,-3.1818703167862576,-1.9848042034047388,0.8260282573860387,-0.09603031245391591,3.4557714949741047,0.9809050802849484,-0.22874994674515392,-2.749535478434016,-0.6268515911357184,0.464158799439339,2.6601680472992335,0.4808101695745286,-2.3185098227561305,-1.9511922761304668,2.976790381711357,0.4939307176985901,-2.422386450608183,3.2213674500864897
4981,0.9771698813586962,3.3014059095091284,1.2900267091127553,-5.968866471286276,-0.7734734045137579,1.1737373758217675,-3.305873225167737,1.1720915078241916,1.056783847216244,-0.08518167986450997,-0.5159265985517782,1.6781061485448419,-1.0428980710995877,-1.299864553109904,-1.747005377620317,2.891383161930438,-0.9648706788130603,2.163255518712628,1.05462715974285,-1.738940247607479,2.5745231276799103,1.02651478749251,0.44302099090569946,-3.359745818215316,4.733256736804016,0.47271579364104355,-4.205208002537638,-0.767330207431038,0.7238493441290252,-0.9572836646037448
4982,0.42230707029176884,-3.331747543573602,3.6538635154611825,-1.279475359960248,0.22413332214752435,0.3109189956356868,1.751332042544643,5.649385875284199,-0.9482442464260687,-0.16099923262462212,-0.560432935271046,-5.731041503505846,2.2023439540849346,-2.3700785838923615,-1.370539534546225,3.0743568863963304,-2.1236001330287255,0.587517410986159,5.45346259558362,0.4000729013939335,-2.2762150349876293,0.3699445949315363,0.39002066645073263,-4.337285723374009,-1.0005512232782507,3.518724279035723,3.6021861148739767,-1.021166464952155,-1.87654549552005,-3.222647210157586
4983,-2.1659759191437207,3.947905909231917,-1.1959647339819597,-3.7924537040822415,0.7573088013886085,2.449179646589739,4.4341423038262775,2.1752050388477002,-1.1540893222353343,-1.391208414926746,0.92929334191951,-4.993342947430143,3.446837805351535,-2.336564923217697,-1.1893615299205464,-4.161736593526452,3.4924074983184106,0.7484177429948815,-2.1046862598442893,-2.006577744741591,1.5785451853309382,0.7570057610856074,1.263226233451796,0.5124868247157224,-1.6307223156973194,-4.861495539000909,1.721633283108936,0.2880831754179356,2.6526511925580323,1.829850203614999
4984,3.1338625807323552,1.4473399256065917,-4.14866046143263,1.0240183029914895,0.3199511749840305,-1.776511522879476,5.406297942926528,4.588673516364839,-1.087524643004603,-3.3995672665896493,-0.2958663074082306,-5.212013242287586,-2.6922193681516564,0.6405033152896351,-3.330509496382863,-0.8782737437404435,3.3991413017974743,2.861357991188026,-0.036920800411770927,0.36619895628167676,2.4889556426336554,0.03714107849564208,-1.1786358967605164,-1.6767389802405077,1.7574726180765872,-1.7488424350662477,-0.5038121072444497,0.3813899139594996,-0.3844393568246769,0.4982313671009848
4985,-1.491085217053767,-2.9668860748356245,1.363759971767255,3.3366283988953,-0.6437440432817925,0.40132696451099115,0.6981256636751176,1.5659463671514793,0.026182712588647128,-1.0824295945869142,-0.31301783020941887,-0.8948073186175947,-0.5632949605984692,0.3124420411898541,1.9024537599153035,-2.912835499744336,3.7294481071223835,-2.468213447884551,4.307681702188237,-1.2006833738446954,-1.1825709699899516,0.29257019817034724,-0.10637858656015453,-2.1106189699656,-1.8153698104621903,-3.019595233749996,1.7161083902829084,0.6085919129545658,-0.9427211562455682,3.4529858972220104
4986,2.9379619274909103,-3.5627511328692485,-1.6535564956679139,2.008405857741092,-0.6357246400923162,0.9056644833998426,-0.5006912731285631,-4.1714214425722,-1.1824429372606988,1.8653255608969275,0.6221695596834227,3.3670605323824283,2.324780190384118,-0.8277382161960247,1.3121403423117215,-0.7299406261042307,1.458275787885004,-3.537517478280421,-5.457273451666644,0.17249731827078563,1.2639466408591566,1.1802636589323239,0.8711943569219773,1.9693714766805748,0.44903724902012243,-0.2814478241931049,-4.399412242296346,-0.6743342930425982,2.3578368798071594,2.5483202307065085
4987,2.6109848470500197,-2.5856762217944578,-4.4033088583054045,6.2319217283661885,-0.5479633935201778,-1.3059581017937951,-2.3794364929484857,-0.6338268120350428,0.2805089265824616,-1.3147347161466651,-0.2800750547196067,4.32756414926866,-2.965359203319215,0.2560427634946194,2.2038828702698936,4.00447558232425,-2.6618027596851306,-0.8372392530842578,-3.7705776644802924,2.1533330993256925,0.1037554820501434,-0.7708235905630492,-0.40832136071371394,2.692634034379374,-1.1064229553641667,3.441802051667601,-5.091632048079742,-0.3321067181064308,3.262129889422326,-0.17377021953783256
4988,-2.424525313289175,1.0602692601193766,0.6228324254582773,-0.6646522999385951,0.4451059671055235,0.9609699605469757,-3.8187273844906997,1.7669942582265605,1.0018193502876551,2.2544101914780157,0.24860203884664145,-1.453098454346872,-2.3609791355743575,1.6403097970183893,3.791141436268795,1.3600889015009265,-2.172723277849178,-2.2578377213644174,-5.233477480027222,1.5758267587135002,-0.3271826524554253,1.1360966802870331,-2.472595692628074,5.321332386108374,1.5726138380514918,4.452188151646794,-3.602264538264418,-1.2321177465283837,0.29673212905724533,-1.4871518339609722
4989,0.14788517778034915,-1.658485291438005,-3.8706791866919055,5.000763660788007,-0.7835014731036889,1.1640171126676275,5.4246296572137425,-1.3891688059788372,0.7378565044639576,-3.2943010232682344,-0.4841638570173199,-0.9948524754119674,-0.03761686378027562,-1.9509606650071714,2.1133239986800625,3.572474865111378,-3.1706097788772514,-0.5266115561265927,3.9816825330286036,-2.5894512755966357,1.2447049125161485,-0.9239297434850595,2.8243608392224715,-4.537367265687326,1.2657261588493434,-2.5436553522194743,0.4118033136270256,-0.6581400223225105,0.03453119659740267,1.4897347054699424
4990,-0.45159543672914104,-3.4684131675084267,-0.46960185371302643,2.601361111133599,-0.5444445654553807,2.3326939122747152,-0.5492103702820508,-1.801493746919082,1.1555609219938514,2.1091246918264233,-0.6480930832639347,-0.2658884133538315,0.7931298309826289,-3.247917018982143,-4.162513079363761,-0.7641982087079633,3.655428274571147,3.7260702015002387,-2.763826280741238,0.5713618170407244,2.4837416708173983,0.4804721277874213,0.5039857410002888,-1.2757350759063897,3.4527373271480712,1.227355014124818,-2.195334404954714,-0.4454589762451153,-1.5802732268256428,-0.4590257332456904
4991,-2.1923513104549794,3.1865942015166304,2.805289335474008,-5.399237573858642,-0.8978476746686546,2.497553021993987,-3.9871331193440263,-2.0371266227304794,-0.7255822090020443,1.5987371663686751,0.09556687397866526,5.055537910730582,3.285601192236822,-3.696547206134724,0.677909755875266,0.1219419005213318,2.7920523478760693,-3.18095799037461,-2.340438776670105,-2.3447805122697716,1.970613482574226,-0.49263783939144634,-1.3424054783908588,4.549649124146139,-0.6858162219914306,-4.896679739264426,0.16036999606124525,0.5860895940599438,3.4900828223285387,1.3459535488078664
4992,1.0459105560742863,-4.6062300105826495,-2.314235083564327,4.369783536953573,0.4331450623565365,1.0716259387649245,4.512443176990217,-1.327751276696734,-1.249987979236172,1.5528631800099646,-0.7534646539554775,-2.734102447110427,-1.8901064832907242,-1.4622775248304105,-0.6534361273451275,4.246644759441903,1.597653238197175,-1.838477862172665,2.421063714205218,-1.5602237619572765,3.9570043524649847,-1.0788934971805095,0.8502062335217708,-4.589157041056026,-4.746062100604382,4.693270553473965,3.6840771321663723,-0.7163362015169401,0.7295626281177086,-3.644512011634969
4993,0.5900922476593387,-1.3281521007234893,5.973388206250583,-2.441361326281271,-0.8293067110465562,-1.9646603158562748,-0.42465517903780636,5.524565384315665,1.1931003176090567,-1.506992652963664,0.8937681541314202,-5.679786024053286,3.2536689595020896,-1.9216367485367023,-3.2575745030726413,-0.7516232566624481,2.2481810593942164,0.4289844893756385,3.7108294307975527,-3.333777473999234,2.778947317322835,0.05301104412719493,-2.4500269890105137,-0.7589833292396619,-4.6791490250860654,-1.7742671033851316,1.3109267709317365,0.042271151879781144,2.2819554919017264,2.8182627137596903
4994,-1.2997989009963753,-1.4444586711218115,5.763953853807411,-0.24282603534695824,-0.3040944183411438,-2.4727758279987837,0.48169898125347643,-4.305979570133459,-0.463659481845605,-1.7117694073197622,0.7595385829881849,5.2401708950585295,-0.6862127035461825,-1.2587760746955823,1.3195743239474957,-2.1899550157496837,0.8691625395473359,1.946206930496757,2.044709908354271,-3.116665454359735,0.25279872362487055,-0.35510817184679677,-0.02352263420998746,1.1977876284355418,-1.0717934920266927,0.012464001343108322,4.422323909344833,-0.5165380223459133,-3.3095381194990363,0.46308172318541274
4995,3.276801408361546,-0.976076255941468,-0.7089875673941535,-4.310640383909007,0.6373646458682081,2.081538153017217,-1.0161001372403007,-4.002710551918497,0.9772232161561547,3.1933893340452393,0.30122683041892184,0.5469713085398418,1.3447026612700839,-2.9425568807384224,3.3304337212552255,0.2536584898517589,-2.921220932373018,0.9349829407345336,1.9686953912739007,-3.221413891037489,-0.7887942752210293,-0.45848594643111706,-0.009252262159652247,2.5092509835734873,0.6857586220245189,4.603841467743873,-5.173006755027835,0.24154319857910522,1.4813367525738599,-1.8394732858918044
4996,-3.3497169927049892,5.47517507622371,-5.2476464992624265,4.607621922460947,0.4613384890744183,-1.946771995789316,-3.6896244623969423,1.7955967857416972,0.9858242852119927,1.8257743245039713,-1.0437784149677691,0.12620748190840914,-1.9075132754992872,-0.9399935906274131,-2.2867834183161637,-0.19661759335599527,3.8650739508837795,1.465833926915252,-1.3777665440356053,-1.7267013630600392,3.6057169791419454,-0.9916810648094989,0.686734300468645,-0.19630230770735935,-0.1326261387752261,-0.4398028815695909,2.951241736126967,0.6668312630487279,-0.7505866459930246,-2.295057332836153
4997,1.784359279844466,-0.9695522360708111,4.237974282637111,-4.932750766906157,-0.6020888323964153,0.4820582728941165,-5.800477886642529,1.0506015750735678,0.5602694044832868,-0.6097107031560398,-0.35195780510475316,5.151275415347843,-0.39298430021189645,3.8078203534225956,2.5126214210147175,-2.054226650240425,-1.5143611242653972,-2.358869699719415,-1.2485750228699928,0.1724209757440356,1.8673990991374154,0.6764635052937811,-0.4942997192004306,-0.9734088381067387,2.704780751360083,-4.239561447384627,4.237377445489269,-0.22674104201079182,-0.11599170798125868,-2.3598639994709707
4998,1.2141567415715713,-3.2590825850285547,1.5495750616245942,1.7876091575204072,-0.576684597739832,-0.7155737779458615,0.45911425345692436,-2.9680677049543185,-0.943328417040183,-0.9106677738584903,1.216428928879055,3.1465207135183952,-3.030936411548348,-0.1803014535633487,-0.8780454547199561,1.5657731460738908,2.973084071055389,-0.4495738972974621,-4.032189914858687,2.842521917674734,3.279764888332533,-0.5611902490606075,-1.3311639616210442,-0.19774268046885624,3.7469339146382517,3.9801392916388743,-5.704318458614342,0.6820397907240139,-2.5941088874909575,-0.1106856508941263
4999,0.6178761209330546,-0.2037577741441794,-2.796383795617494,4.0922707422575115,-0.9426412199665664,-0.7673640734600049,5.71572860411564,-3.1022448025221045,-0.8556435633606778,2.6259854989239706,-0.2140043469811248,-4.169821390174317,0.671865877959327,1.9105833253184201,-1.1344074533103115,0.7482855087257683,0.4464007743552436,-2.642728033048284,4.966347183461334,0.0935440386039641,-1.8771197884138058,0.3755717031094896,-1.5399397917910225,-2.0184033449718832,-4.43475497886482,-0.4023217712074185,6.172138336492122,-1.1934270160745304,2.534155342792488,-2.67578991313615
5000,-0.748007955509209,4.242182466665003,-1.4233358128316915,-5.37010325224416,0.8305377877082529,2.4687267662141164,-2.833429549390889,5.268671786352417,0.2158529402293583,-0.33205145779977663,0.8751320807097756,-3.1941758000994973,-2.069034934299003,-3.051443939636915,1.653039332606415,3.3578893668994283,-2.009795197745394,2.119345372175662,-2.4171821808696556,-0.30387878788812905,3.2168012557899246,-0.4879878537358362,-0.5978561783932772,0.5901037450950533,2.397231921694903,2.547413858780576,-5.528664170651215,0.17098280633414653,-3.143673194483748,3.556708778327039
5001,-0.6769340988579522,-4.027986229310063,-2.2008598377689914,4.963363937872106,-0.1505149173123581,2.0929311453795876,-1.1980179879282922,-0.439543224162545,1.2304776585661727,-3.362389525616395,-1.021751145619492,4.7912242247619155,3.617126228533653,-2.9248443378995628,3.7797080517743176,1.627346919819015,-2.814137802895818,-3.285199059331447,-0.05246719094017749,-0.507477145677262,2.7629873269798857,-0.4196190233739978,3.180258315289251,-4.963682282279642,2.7069623298720167,-1.8687302828631047,-1.7101975169478898,0.4822455618437935,0.7842652858650716,-0.3945453777681749
5002,-2.28799779774212,2.0721228269474636,2.5828050023644415,-2.1943240072130443,-0.9880385585823077,0.8154325342279183,-4.4602056752502435,3.534032980563058,-0.024041039060448632,-2.074138267949568,-0.9948619485317067,4.019213950230263,1.0121070293728174,1.2184515235354176,-4.098189912736078,-2.660617285626243,3.42133143254744,1.1069172129067972,-1.18492065777453,-0.2293694567141742,2.8053450046463304,-0.1438561243485319,1.258242244392914,-2.5054410102039775,3.0570858633166225,-3.6400601000079895,-3.7256132402786264,-0.6908914541748867,1.972031178580174,3.027447752566424
5003,-3.064660011909787,-4.898687179364185,4.616511287179296,4.289070553138547,-0.503842066115666,-0.4383925829258679,-4.936160488543617,1.8328245046917893,0.09708682353115794,3.578519783956736,0.9668969696871175,-1.539167593321828,1.9556801815305924,-0.06060796127816914,3.905581144646927,-2.734185009209984,-2.1894034376494638,-0.8770649180397481,4.071462665570042,-1.4418305272635124,0.5813478881410212,0.7562819999746218,0.805522133407047,-4.7727841598312075,-0.2062406435459927,2.4988737704524198,-3.7547680001073758,0.304934479878356,0.9232893113922831,0.23391108193203713
5004,-1.5989195617631822,-0.6084375111506901,-0.3235831480172351,3.70344870826953,0.4488354608628211,-1.6213439481988914,1.688691630938088,4.424656369824433,-0.6558563971764544,-3.3832680624430402,0.511056439403732,-2.5852799805453834,-0.6531669847108041,-0.31829981190468004,1.5165593717362498,-3.4909854797220614,-0.707204580606259,3.653097485207663,5.566889212296534,1.1689396467727367,-1.15843351915162,0.7202852820164836,0.0020910217556409094,-6.299771643691788,2.945283029692348,0.8316058139525495,-2.70894244573352,-0.670831647622915,-1.5080908247213411,1.1109760744345962
5005,2.8665700906809555,-2.749251619538299,-3.3716192792228483,5.012434210559881,0.6551882737353361,-2.413321676212652,4.20226224100362,0.9131068036457357,-0.11054245052636791,-2.6057174856171006,0.7115959641931902,-3.110705072697712,-4.094987633307863,0.1582241162538338,2.3717122361372063,-0.02511981708207145,1.8876708230903247,-0.29749972509135425,3.6050457310119235,3.3722258923850603,-3.5850331160202806,-0.262917391595904,-0.007613257012158314,-3.1217078587706304,3.4911044742217143,3.268194704880372,-3.889338328342898,-0.8931501216306836,-2.402709552691972,0.42589882356521436
5006,-1.8736617138770804,1.3243327884093574,-2.1548347739320093,2.7046128055341114,0.13411078675905141,-0.13455989289106363,-0.5897489178390884,-2.4511358173012745,-0.8959324462604403,1.2105141631841043,-0.080778531290572,2.807081549508645,3.901487164840063,-3.065109174146242,-0.24114558702395428,-1.989043851223915,2.776930622805782,-1.3831191752516947,-3.581610428910899,-2.7697110182209865,3.8323574565867737,0.42096686356722124,-2.2220545602668835,4.3200516872427706,-2.2734427592630126,1.8661348102236524,3.5666643285337933,-0.6590345012415675,-2.5606446965289553,0.06032281827777375
5007,2.4138728723270084,0.03301372800303071,-0.5774452705838904,-2.452246105519574,0.10278453372340346,0.48002024205240446,2.278346069570013,-2.89397384092716,-0.38139228827664784,2.396339873187884,0.5948696227841959,-1.9941894363368888,-0.9998158440561582,1.884318283860832,0.41261662869182203,0.05988908298505535,-1.4185391586456788,0.0615310071642039,-3.50295867802598,0.49601773484763,-2.436995168719049,-0.11832857277374398,0.95416797300493,4.608096711664199,-0.7885760435236868,-1.440997903693681,2.472231120664979,-0.07773641533672038,-2.9794510773009897,2.8145303191917996
5008,1.89383070155856,3.4246738122228706,-2.152654276045695,-4.478296819784518,-0.35879379716869386,1.6712403792198423,-3.054956894114383,0.28856484957229966,0.7412015542755075,2.1602514443994103,-0.968357634339978,0.8332966802085764,-3.7614605795674567,3.483364777637373,-2.596033923044363,1.3299041116642627,-0.7019487296345837,2.2461743429448333,3.3551427161104996,-0.6367856094728523,-0.41140548681829614,-0.7578903787205347,2.0236353547264248,-3.5726965958272494,0.5660154816642162,3.547583897495649,-6.0494122419338545,-0.8638508872922381,2.53496694183006,0.2646968082379022
5009,-3.257180455092609,2.9715710069111054,-1.5749200754531998,-0.3937739459267675,-0.10639041760371137,2.360693887167553,-5.965167165553304,5.7078169481145125,-1.1385873324869156,0.2798471288329907,-0.4153525545296288,1.5314429756238184,-1.5086862539457737,3.5167386709074115,3.305501869315176,-0.6182127010805161,-1.782683977103673,-2.9126576080925393,-5.939868335830418,-2.5852724615265394,3.8162515282764176,0.5063157395261726,2.3255006684403092,1.8770728611120333,-1.9363846361575447,3.286986360430685,-3.141752210102343,1.1209040349276096,0.59058501906385,0.07966143183947594
5010,-2.9955335750924377,3.0110353854714837,5.441101828106813,-4.585014691400346,-0.16129804377825652,-0.7102909033048803,-0.5226157014541251,-2.7976945385736727,0.7022714587543604,-3.655614439200562,0.8791018195076017,5.394551400967892,-3.8577756778896237,-3.9107814540175365,3.8582027938937102,0.9940439030144219,1.6384303830455025,1.277880051953634,1.870306337577329,-0.8320697139069786,3.497185273317907,-1.099707587024175,-2.7717948420129037,-0.6639194679532032,-2.239695037434654,0.3144619434216125,1.7623719591724942,-1.2109740643637537,-1.2299994957167222,2.6038346949227353
5011,2.1806416623344234,4.254612940310551,-2.7596321785969913,-3.0767144694388726,-0.614030097308262,0.015122142701509134,-0.6436409525997107,2.9637026976697207,-0.23585952950254985,3.4285878797204887,0.4549687931266284,-5.967758888413101,-0.31970663165817825,-1.7856105501769033,0.9179378338191775,-0.5253125611360652,3.508251894531387,-1.7955599853793345,4.5376259837792965,-3.481537953012504,-0.6137196657883557,-0.36625144152352096,-2.5134522804496893,2.4373353569927687,1.7160772316256185,-2.6176170393189935,6.185129036343984,-1.149530679589692,-1.8773143827971541,-2.2567441662620418
5012,3.171727597094918,0.07138212593363846,-4.000694570572538,1.80761556094863,0.744126718640127,-1.7941574320424465,0.19689974473702776,1.8770467481749868,-0.4434441485471101,-0.37230690430975244,-0.8483813486479939,-0.4098140914056927,3.93940604600159,2.598348155458602,-4.174492087322271,0.12566885070460998,-2.3906309481701626,-0.0983000166722583,-0.48653934067577254,2.585825413204418,-1.8240030281692512,0.613910958465862,-2.807567938810262,1.918373935983002,3.9764781351099288,-2.960985298964495,-2.5765120628550378,-0.749426276173697,1.1471504257634528,1.163295077121564
5013,0.2764086285933143,2.3574313732665715,-2.620022891736678,-2.46854551389794,0.3469613525088806,2.1077670512681905,-0.8080250285135762,-4.021036083788253,-1.1819383190630646,-0.05617743728718949,-0.11353216304191793,6.1807090316954465,-3.9774269544626026,0.07916794762705948,-0.09048549032385367,1.771781189703372,-1.2340096308255148,3.4509729382816943,1.0404078725098849,0.9243975833158604,0.8376442979733802,0.04559956311298485,1.6565932066119267,-4.504642523526051,-2.7345574267858623,2.3069606929497013,3.058363804980239,0.925045114692165,-1.1703292862579158,-2.385482899576619
5014,-3.100211131598657,2.8016022126971016,5.732266599755103,-3.977445180402075,-0.627855077442367,-0.8283574230067536,-3.9524847366010327,-0.9846630521389663,-0.3158455524380761,2.6658839802849066,0.49915610200137195,2.087953258893254,-2.429727529468064,0.14252828222168645,-2.6763377255246894,0.9167943939178791,2.2251559058638293,1.8215866729895076,4.472931743878743,-2.4256431884734937,1.4907071457587193,0.749362566567032,-2.187652338325101,-2.0997059294079214,-3.9975212319974496,4.328292354000116,0.37207368979040467,0.3656207354894594,-1.1833522831235115,0.11488673584267772
5015,-3.379805728073464,4.406569618809861,-4.85755616679479,3.6867632609709666,-0.7166048179073683,0.8606338329971273,-2.962685963914698,0.8351124684163089,-0.24260398066774513,-0.9584901253151106,0.4490496316655346,2.879617969817172,1.2628043446593153,0.9977733190192453,4.055695525396612,-0.8979845237952695,-3.065967820836198,-2.352320844443579,5.442286578222461,-3.1813589039439805,0.37942473038471647,-1.036805651516722,-1.8323498159955864,0.22880306284713825,-1.1046369206411804,0.5781681361856918,-0.3948564600127824,0.835483807981551,-0.09728900972608301,0.18313044621448782
5016,-0.027397793403361348,3.494087968233952,3.987233792470768,-6.118632227141127,0.2626595510621512,-1.5979512912200562,4.284340611311055,-5.68681464564045,-0.6696298499535196,2.8619192760600214,0.6805515433118616,-1.4703669350875117,0.8779531967104681,-0.12138639237626592,1.7212049534183862,-1.0116708168733837,-4.026805153438676,2.5607042125596244,-1.8006020158861986,3.427512898656442,1.0986116933160623,-0.6289670056538874,-2.866349085079305,0.7697935146449026,-4.064308163892592,-1.4980270162060627,0.23493435798300766,-0.7687187234534907,3.3115836143097113,2.7845359312611073
5017,0.885770209873618,-3.2115214802107133,1.6012930042619828,-0.18620651646774888,0.6738292784442503,0.23683550410093268,4.107252636922418,-3.802980544722132,0.9195237308146496,-0.8312057947915523,-0.10825976775386081,-0.28433026046807086,1.1838088780046512,-2.109571240959891,-0.5748469476454225,4.008698220529361,-1.7286215185413383,-0.7794673913872145,-1.171982868789648,0.3369090188087416,-0.07355514559242415,-0.9154508305027891,1.178570789971479,0.6455090361026272,-2.036152906455829,-4.057731788924606,3.510925414531041,-0.20615388954165415,-0.4676346842742891,3.256747854667015
5018,-0.04361892406295986,4.172105634993791,-4.890183344889834,-1.2215344523302427,0.6040141168166135,1.379216969474939,-3.2268715352193986,4.406148784117921,-0.17394272571617542,-2.328189215931914,-0.2398629187872805,1.562717611538293,0.4447730075728735,1.9701435924124269,0.980428162574988,-4.048878458911473,1.474045522210229,-0.8205118258588691,5.269512011748301,-1.7477128544456697,-0.2783984860715698,0.7792147954809208,0.25801281129730036,-4.280628278011267,-2.3728207219299478,2.3664499183376826,2.933249794692916,1.1713607248527378,-2.381032557665197,-1.717207158286497
5019,3.3283666932189924,-0.3376794531806695,-5.470815442939802,0.42207434286188317,0.15037321191106567,1.9076806481308068,-2.067419175076367,2.267577159017634,-0.8233344239072107,3.600846764561844,-0.19919656384581952,-2.778473760748639,-2.963505009067818,-0.007225198962455437,-0.6416854524033972,3.284245167901549,-0.8534065819231031,1.1815770744553795,2.6782886021491095,0.8154174776300422,-2.914170869595285,-0.5865021107451494,0.2735551795042461,-0.2665882789449263,3.262526382641692,-1.2228559084488424,1.5016709845600253,0.6273108850413678,-1.4486528916546195,-2.719999452137925
5020,2.613012064188556,-1.7587705425929165,-2.9853944979901037,0.5206180075476468,0.7995666813742961,0.8109682874747914,-4.8243148921676635,2.389248015267686,-0.5092666401770467,1.9439120847288507,0.7737741341412621,0.22664729820835916,0.7155477695198016,0.9819498894489627,-2.699076412478435,0.36029794947562976,2.469048486275412,-1.8277676822412214,2.735681342999303,-2.30566964537557,0.5008651256539096,-0.1206972717944641,-1.9571640656148084,1.1469845141296808,-1.146691518792231,-3.6746056735326995,5.699407600409437,-0.6885645454850717,0.5818135401047133,-0.7713594027024833
5021,-2.4736048580890593,1.095445033920683,-0.02970449075111503,1.333065155237854,0.9916670376221521,-0.9168678779382571,6.143058731256254,-0.08519143654121919,0.7813800392515287,-2.081182323027896,-0.17666566084767155,-4.581399350089541,-1.5991298289062872,0.5360590813952086,-0.1549443406186981,-0.11411835230119749,1.8717944918883838,-0.5396610514572568,-4.424531772647512,1.511993253256632,3.3601808920769045,-0.1285629532012864,-1.8434439045403543,1.524364485053674,-0.7200320718387374,0.8386972682575724,-0.5128475305595366,1.0498934590599918,2.360251450497497,-3.015962575415127
5022,0.7205184816308634,-1.4736420723302643,-2.2430420989921025,0.5102971657199049,0.8676379868605362,1.6182305371133179,1.9266173335456998,-1.193213437542628,-0.9651606615272206,0.9186286891161668,-1.0945046998656758,0.4076327762751113,3.1600240203806145,-3.3643945772163644,3.596612048458841,-0.12057438086115368,-2.2041731796961628,-1.0674939310656342,-2.333486875849953,-1.8799265021578115,-3.00554720996816,0.8147390574041973,3.0434441393369056,3.3607773912328796,-1.532934278937777,1.021289542847562,-5.970070004354074,1.060836413910068,2.3520678536068544,3.068810472929016
5023,-1.2247322117052235,0.9032275473562734,1.1181779491736172,-0.025698350226324607,0.5564124524628351,-1.3273873870589128,3.861483947903924,0.2411492390973251,-0.19609817922667983,-2.926741978300381,-1.235148256796459,0.25535522732368676,0.6381229160952806,2.7389366240847473,-3.4265162867956356,1.8940474797340663,-4.2291723067431946,2.3845815736248674,0.8811464360106029,-1.9514124803044357,2.781015260985143,0.650650696222475,-0.4933863567644732,-1.86801355615124,0.6120199429390851,-2.360641197158337,-0.698563845521317,0.4851648432165989,-0.12887422479191457,2.0908944813175303
5024,-2.818817480460563,-3.204829311261747,1.1570888213345114,4.5652155517198985,0.4389033264959612,-0.1375609078257849,-4.599078582953734,3.212650798974664,-0.670731350212856,-1.2415216704850973,-0.3302885217811049,3.6289693264595613,-0.6673650032615761,1.6847232860754033,-3.554999708877583,3.3059984124614203,-2.9319329153520286,2.1635759289545007,-4.019193427882744,1.086168924684813,-3.6169444507325803,-0.6648364282706991,2.133158182228337,5.081647199970966,-2.985314803317344,3.862387411884775,4.665783078133352,-0.19683656165648955,-2.102721451914759,-3.2432976731279073
5025,3.124518524329261,-2.642871940603232,-5.189989694567753,5.212059513928011,-0.05816952230732908,-0.44554688077670157,-2.7001117693477497,-6.052213232582119,-0.3943692745412877,1.944491487766701,1.1151218613607705,6.087080927345077,1.178175542812081,-3.7539121786597693,-2.243895172639098,2.5158438596401496,4.182484696954706,-1.8786967481078776,-1.621583100665049,-1.3590916088499565,3.0500404844415954,1.2491766494483088,0.3746665808611489,-1.6932090052379536,2.2141510971553764,2.2317184202918376,-2.337697370367504,0.8090003877108156,-3.737751522845844,0.8205789880569387
5026,3.566656361138943,-0.902031364311636,4.635219845278524,-6.108781751153245,0.330347512259062,-1.5214106032093824,3.8355589421762133,2.143471406553463,-1.223738823117276,-3.196029971764416,-0.10098671932179837,-1.45827483452479,1.1335956549590094,-0.8491220534933817,2.0493554165240155,-2.261952483102048,0.9580920793670629,-1.0299686142545017,-1.8362004856810472,0.4999901118172936,2.4219621957119273,-0.15708021707266617,-3.162495665357996,2.233824060580581,0.9004073544401798,-3.842995032305293,-0.7265257067929376,-0.28759626759730406,2.7969393237860096,1.1597703284709766
5027,-0.9543228727712538,-2.3968523070158483,1.672646573922414,0.49243608605644695,-0.41806306157103656,1.604155581381555,-0.2952734817744691,2.415598905428709,-0.932040057135402,-2.76740419270981,0.2380420143185349,1.3410768118738083,1.2526805717451737,2.8282970805181193,0.06678802756189484,-2.8881961120502737,-4.044643737136051,2.7850741693613124,3.632900436487752,-2.2201569990157264,3.21532091751142,-0.05626422699231792,0.018962317686161967,-4.5907624456792355,0.7240892548040172,-0.5486694460633714,0.6815551038133023,-0.8154040596492891,-2.310909975487778,2.26933912258475
5028,-1.3103088145352668,-4.278958252167758,-2.1455477106594785,5.553284421906859,-0.12709902750177982,2.308629382959719,1.5361986885951673,4.726446554434126,-1.0419087028056775,-0.3830990281418192,-1.170003055986311,-3.667634456094106,-3.3520334766409388,-0.08588480519841113,0.021210338401044027,0.3138971292624859,1.9113700603726222,1.191440753803409,0.06996180633286997,-1.4077230408968546,-1.1963762337064878,0.30914295852174956,1.3227342776033186,0.9022602321434903,-4.509552121183473,4.527524187848691,5.133409482395109,-0.6714795060800673,-1.2443183264210944,-3.235583716557553
5029,-1.7260331523001007,-0.47809175008065097,1.193057289027763,1.9032217875319546,0.3864489524124366,-1.2786031265891324,4.847795719613025,-5.796999597232656,0.02792353557964322,-2.9559670895559655,-0.6228473429235848,4.5000947745208855,-0.23336985756132833,4.239936294370519,-2.973872121258877,-4.188350377432165,4.178325609688141,-1.0226695478060854,-3.377404974567529,1.5840999313843938,1.193004719392988,-0.6423663324597229,1.8873667881683769,-0.6447001319204198,-0.7053206144621598,3.644050301402583,-4.419059395908391,-0.5229457007764537,-0.1778497168026032,2.1811251265486575
5030,1.277096745135129,-3.2126331520674185,-4.332609992168411,5.959729635253673,0.965741002078603,-0.6573242382293234,4.450828896189513,-4.000353345815245,0.047430815733819465,3.6364041330046817,1.1097800095016632,-5.2440905086130805,-3.7054744632706367,1.1073515039693227,2.878033887501612,3.044417524010388,-1.329397317617822,-1.9949311345926848,1.787654440889579,1.8372150943759085,-0.8341650679630703,-0.30532679109600824,-0.528747996935083,-1.9566296792732771,-2.7113499928199047,1.2852531611776463,3.3364691269234967,-1.0305387058787687,0.2650775145202058,-1.1449111039210695
5031,3.529746792818468,0.5132711901799532,0.9726966984752039,-1.619706418809212,-0.9830128670202027,-2.4129953956419685,-0.18351908569238518,5.422005074542064,-1.1317000542317124,-0.21868335403921968,-0.5223989153085524,-3.3657036652688355,-2.818988126754798,-1.418293277562281,2.3189770818894146,0.8968348569037197,0.04926445817839209,0.9722050073457282,-2.886300137187259,-3.1137281144988833,0.23535647044434427,-1.2255075991567117,0.5977978853209418,6.39238149507559,1.1854318668996946,4.085012049464279,-2.7897026424588276,-0.32986812856596703,-1.3943061348876267,-0.7565670104499098
5032,0.09344816451942073,2.388041706557285,-0.5074363128368837,-3.3784076496246733,-0.8416491532713946,2.2460032446584783,0.3664063143241485,-0.36587705309784724,1.1060854565008444,2.8680214021873276,-0.8406385119360724,-3.1339976079770473,-2.197080249334073,-0.5832314569871677,-0.23676494840317375,2.380621299762943,-1.0270688547162656,1.6635242096779521,-3.9107073614986128,-1.8196353481081076,1.881233340690173,0.2817699255010764,0.004364616572033242,3.562974826841451,0.8651541828312368,-0.04524625089445422,4.662235810696508,0.3368250682383822,-2.709357604239443,-3.1096112066305803
5033,-0.06890445742003237,4.17426417277235,0.06475133668636701,-5.40084282352813,-0.0077176718097260455,1.2384494433014126,-2.3758330470511986,5.334492525585119,-0.025685597336751798,-0.1399000029529116,1.0518070225719969,-3.8448809008149,2.6446476256000615,0.25528728686786906,0.017100855940846316,-3.8606101242494617,-2.0293229084593793,2.9728972643002898,-3.2494807273364046,1.168604446747807,-1.5799556059831694,0.35776931266697254,3.0503156457156457,0.25274692818715394,-0.8702255332087923,0.6724493169846291,-4.745009998479649,0.10733940023807165,3.2926925767641393,1.5427542377032495
5034,2.4425138751969158,-2.3740561825518114,-1.653810999575441,1.0217573569237217,-0.08481697037405755,0.648412920382901,-0.9180327664731394,-5.6170462909280765,-0.07266933267474052,0.24188128889931093,0.6238556085701763,5.742011492607805,-1.6647267620035606,-3.042518939322669,3.3634667066912947,1.2081613331656698,-0.4529731390649019,0.5885908005344263,0.6802712348803759,-1.6610005251887419,-3.328670173103726,-0.5769083968335433,2.2668061105515207,2.6195017496921267,0.0381710102505437,-3.9011666572314745,3.1886630813611276,0.4508765344537293,-0.9120510203822594,1.1355070515499932
5035,2.159975968222426,-4.595437305517034,0.7816571514390382,-0.5029688497872513,0.36164331434017827,1.7951297213048782,1.363519314317248,0.7667111045021748,0.9830713999702363,-1.3194583081270252,1.0172277500396332,-2.8110712607009347,-2.390196119921649,3.5765961969966114,3.6276534615542566,-3.2048835838644845,-2.9082735690330423,1.2991036142685637,3.0478640083545727,-1.3929683723657682,0.1190066482691492,-0.5964408112784314,-1.8079693801845238,0.6305079072030289,2.3806415084555077,1.369991336584679,-6.087503224278226,1.1640137652818234,1.0211067418834041,0.1517498720745305
5036,-3.630368957144789,4.828737060174404,-6.158778400614402,5.121700539173233,-0.02878583852143546,-0.13250440306481082,3.9260121842343025,-0.7181750118434316,0.7820169974193139,-2.6009523358512716,0.04755769951343236,-1.4364595334710124,1.3756907017429398,3.5129575220850207,0.2031305556643872,1.919775703211151,-4.153864842404966,-2.857689640298304,-0.7622202804907054,-1.402487694348796,-1.9279381023052267,1.1875343668639946,2.6071008826583864,0.2980108276203488,-1.2593371019425703,0.2270460340090068,-1.913472648249023,0.6094606679143366,3.0839770942843074,-0.7476740460143247
5037,-1.6693620468111074,-0.6468407992326952,-2.8948970380660626,5.734662633104904,0.5844663795924054,-1.1080291285852422,1.0539524212206146,0.5182604946219556,0.08183278548478157,-3.1508865281952776,-0.20004880190065943,1.6968896287699025,-1.0072430415559968,-2.698176567062278,-0.1713355881655474,2.3437244628935225,-0.5872990191889791,2.120329753079485,-0.8494277703392292,3.0409648623483037,-0.5611609858319984,-1.0182170916524673,-0.4981462642306198,-0.11401275029597002,-2.7664939758676965,0.7751739089223904,4.564584278985215,-0.4294070953625573,-0.7583169081853036,-1.38554020849028
5038,0.3408493581662615,1.697450911178187,0.7203260975215784,-3.360205867285895,-0.460708205687006,1.0622877061090605,5.039792021326285,-2.3222091684744193,-0.6933114596598253,1.1590332919215456,-1.2344652035050383,-1.9488394816071946,1.2708501233606349,3.209261044866569,2.4514912207517447,-3.8630668256081293,-1.2255541737673195,-1.8429813896033114,-4.158986232851387,0.41075410503142074,1.6823431052808964,-0.2822882628966026,1.5812925530291277,0.7668847324045913,-0.12902842913302237,-1.3027931204207839,-0.5314332239625337,-0.9792379105019329,1.4595892013634852,1.4829034826565355
5039,-0.09739766500199387,-1.363571508141078,-4.8206858727288875,4.492923464688104,0.22052882052442424,1.5682027606616096,-0.21528246852950872,-1.6602607658666493,-1.0339079884709363,1.755468982921748,-0.5602768573087085,1.714259097255411,1.3756760000063615,2.4255783943053224,-1.8156564300491151,1.2158533606891524,-1.0423051377295263,-2.1591461872220137,-2.6890643138107855,1.5596010825378084,-0.04350321734976248,0.7998398006424718,-1.0943238469911485,1.4674504949694693,0.7953334990015328,-3.8265333706141753,5.666710017366029,-0.3112924539994921,-2.136718638181904,-0.187499053570237
5040,2.3374791228142584,-5.321905902054059,5.192618827933561,-0.9572302673101589,-0.9006547832581304,-0.35030699812329935,-0.20796606250753769,-0.04691547451974998,-1.234363631132017,-2.3734817388294562,1.2098305017031104,2.6528964052870023,1.2403502423914787,-1.3587573844409029,0.15892377541433333,3.3743602957939274,-0.33666179558649034,-3.0782151335721757,-2.09051955629646,-1.0969236089493357,-0.8964596205494626,0.9349297933817278,-0.8536921350158213,4.002665127427385,1.4447851155942182,-4.067743972915679,-2.65667369925249,-0.0730421260898595,3.656847265711754,1.6958274169538008
5041,2.087405865294464,3.0444978290749702,-3.5827303696072335,-0.5849476765288131,-0.901687440657776,-0.06253820757343576,4.330857966108471,-5.940528347993489,-1.014024178827523,-3.140664087491089,0.4068207755763398,5.357537872628654,1.109081471529933,-2.9430968703021865,1.507508476715273,-2.373783015432158,0.8370159926524678,1.8632739448368625,2.727214702106032,-1.5576325159557527,-2.915779307012894,-1.2129939963617598,3.162316042260141,-0.20312492503774493,-3.4893727461619406,-0.6631899868668185,3.8755087438093483,-1.0430611434251413,-2.1139182180411282,3.4340333506874288
5042,1.8197992525451276,-2.3101246269988565,-2.9520317065378343,2.4421912407221775,-0.4270898580788487,1.4272556983504163,5.7435788678631035,0.8149329583468656,0.3396907101386013,-0.8720127213317035,0.09928263515175129,-6.1254724501672335,-0.8150380499560157,-3.6063755870640577,1.0759161575804406,-1.6542338996872363,1.3315912828135303,3.668140096313522,-2.1209409489521924,-3.493251445369662,-2.9539883105600993,1.126477103487665,2.7796777638135897,4.662025837578728,-1.288541830189608,3.256358400085375,-5.430333740148072,-0.3943656892486622,1.6273146714582687,2.2295681880444604
5043,-3.252479366449238,-0.5115887297334787,5.809150972034079,-3.3968941497573404,-0.6758254915704158,2.0276367654785954,-1.5282905473692807,-4.225380039760552,-1.0814425439607689,2.105662605391725,-0.5131860617609814,5.242636587461256,4.075436665389812,1.3534860230360124,-3.16598994477388,-2.2141716053834113,1.0935241839915406,-1.1422853222598803,3.189412771977171,-3.3165400826868296,2.482180419756169,1.2044401511212435,-1.729255368338805,-1.8302378918309117,-0.02133228620169092,3.3410213474524895,-2.2353856331943582,0.49263103454049517,-2.5070595082130858,0.9301250456178973
5044,0.2652000586800476,1.5805281499074582,4.033464611685066,-5.5305418291555775,0.36347615459022764,-0.7121271457050309,5.437607439673698,-5.18494624248282,0.9644784388620629,-1.4889667078243143,0.4936582547157471,-0.22183118294296023,-3.914350864922362,3.0357619331304555,-0.569439407335075,2.58189864971461,-4.117847240799266,2.9839769302118206,4.283462074034734,3.2558445455778653,-0.07716185725286451,-1.1718235330533662,-2.826482824452528,-3.463838404855803,4.366724334823889,1.8412322877393663,-6.194619862667288,0.8309243628214222,-0.6243450579454706,-0.219916064770187
5045,-0.33374331481011765,0.015671687615558483,-1.0153935407949106,2.9265755026540496,-0.9552672721423767,-0.6378430625200266,-5.299605587608024,-4.4669052415023955,1.185277519508623,2.5939611940841907,0.10749403409262293,5.879778081426419,0.31657339925063255,-3.18377060830829,4.173955376217474,2.876441281482702,-3.579048022557611,-0.6041514260847141,5.5596354260639345,-1.9331016823361136,-1.0459173195699982,-0.7628883973567566,-0.9629652478478246,-0.8547627789551804,1.3849731997753594,-2.1120463864127785,0.5993228809019868,0.3308386656142037,1.0969076112627327,-1.2999959711397775
5046,0.1852169522977576,-4.476934195998815,-0.7778609332442805,4.326077325557346,-0.2417420565933437,0.9852429079835012,-4.213212359880011,1.2394491356956152,-0.9824483458056248,-2.5843082496066536,1.2334296511330658,5.30709016846507,0.7328860721460764,-0.28624302603510543,0.33204833699574365,-1.7057398151886503,-2.6140595732144565,3.541108005296593,-2.82805417150173,-0.8922202182873704,-3.3538303568613763,0.20181309346526444,1.1484433751282097,5.7238482780550655,-3.275452843686459,4.163730294353748,-1.1434156163665854,0.2827215755762529,-2.3644065015453997,2.3368230916702046
5047,-2.4075244361326185,-2.4836988647497407,-1.8082238687693142,5.800764066460097,-0.03179026479377112,0.9304733679875259,5.871217245861558,-4.208973224899179,-0.27995077263772217,-3.2349822081012327,0.8684460932453639,0.9842428665326786,-2.136504679641593,-2.3758826041231274,2.334071843396522,-1.6203813047728222,0.39884925209187827,3.3998474930493146,4.39870106242185,-0.9720864522561197,0.2080997786002996,0.5984139236085531,-1.7448003502956517,-2.488327962080863,3.019787847473406,4.735749634650524,-3.362841861079133,-0.7834960482848174,-1.3660217693402643,-2.243177803417977
5048,3.746590607413218,-2.534932452200021,2.555274414241026,-3.544517331094603,0.1393129082304787,-0.3617281465879074,-0.524369806712631,-1.892946242465836,-0.8780856635862673,3.5715264718218656,-0.9046817315480586,0.6285569724923654,2.1287747278913223,-2.7169202812779556,-2.883417710651683,1.0470755661190552,2.684019584991759,-0.2595318870723169,3.979632982977634,0.5503422680352976,-1.4061297853354269,-1.0950194362084509,1.2183671529681988,-3.2471931824391795,-2.238374929390673,3.6604144210601675,-3.5151045829421506,0.9065659434145958,0.9651740626294742,0.2213250852303652
5049,-1.3700605359546696,4.050730714619007,-1.9023423343876082,-0.5302260375273136,-0.4343593372724943,0.1862575305252765,-2.6775911059933897,1.279923481537594,-0.2538423839146313,-2.398048821740961,1.0534248539742777,2.996133976138548,-0.1419241326915106,3.454614457330944,-3.5410336886703586,0.3463420388667551,2.0233698964715714,-2.1413685713072184,-6.077510064617371,-2.2278602860541525,-0.6649157710913585,0.6387279421721646,2.5817434500006744,5.74981472958811,2.4898636657014777,-4.4599329292115115,1.2261167985263768,-0.9636286290561431,2.0701311697254106,-0.36255007568384734
5050,1.4753282499482907,0.8391865394629896,-4.714921126704407,1.073413196833755,-0.5922989350000063,1.9192920754615646,-0.28951759082742967,1.9861096330698018,-0.4282418557417884,-0.2011523492291083,-0.16794090774614734,-0.8992569295239043,0.7677631212295886,2.155471730636087,-3.5860664069831287,2.2719822326262538,1.9117248319634044,-3.520875509472077,5.798353405429545,-2.9969641783502823,0.9248883819825444,-0.5151952303771088,1.570357101892558,-4.781439480579202,2.074485660445781,-0.11720993153911152,-3.1159631270055037,-1.001801247597097,2.9881605888628613,-0.8276719431651856
5051,-0.6305996666276812,3.7756971459995228,4.484735059117941,-5.96573450587692,-0.8433551258980929,-0.8207429067125833,2.5005147688019314,3.9872840571296955,0.9811628198687323,-1.3731622261383691,-0.33215173160328426,-5.76364768805729,-0.145152375143617,-0.8676912182845022,-2.393275563079463,-1.1847350570238078,2.55486934300308,2.0359848705284627,4.920721384582386,-2.1262540654296203,-3.1693818514954746,0.9069688924485204,2.1943908975576036,-2.726445257665393,-0.5436288532558216,2.5854214108761013,-0.22219651775323257,-1.2465869449727935,1.3446445291483116,-1.9176536240407973
5052,-1.283389433702613,2.819056783853835,-4.21237498825727,0.44846350013225944,0.0889816846978011,2.1392624532781603,-1.7108375504971427,1.3404369082393082,0.05694215757008614,-0.35721553734120093,0.5365044065126767,0.13416961551766704,1.969063071414375,-0.405246785098587,1.863947305507594,-1.5412187377546225,-2.2944525188628866,0.40790766479431184,3.850973975440315,-3.4040942522452724,1.2877628184905632,-0.9823800713267241,-0.3968766912850761,-0.35538577907581015,3.5248337640696334,0.6534652276898036,-5.327182239624385,0.46874548773998637,0.8368394729320912,-0.15670171280536493
5053,-1.484414728174544,-4.9644656293545815,6.044709882966206,0.8033352319741205,-0.1867220918528687,-0.21244266555615,-5.983779944581801,0.1782137910884849,0.9193779292305191,2.897653088484752,1.0793389643240587,0.9091961714553634,-1.298353943374451,-1.7277878986104653,0.9022131387499925,1.2752501094413127,3.284249398461366,-2.435570804667579,1.3795366308776345,-0.13631464777000524,2.565111674446751,-0.9994989587988661,-1.6849067341113262,-1.1239279646461995,2.4784612034098927,-1.6285447518119618,1.471121100843778,0.3461702537386824,-0.3579235700817254,-2.3092842360969037
5054,2.810747034319366,-2.702568544402663,3.4215424906398653,-6.052809080866904,0.9920808063431665,1.5310072939693509,3.925125895069989,-2.8115062276549594,0.59633162850142,-2.9508800304002207,-0.9993728185120085,2.240301552997174,-1.0884722319974038,4.0103568460288095,-1.6824277607972515,-3.0317898257177838,2.4593432104627766,-0.6670102379789533,-2.8413835364049973,0.6866875239233377,-3.967182645137596,0.5582487269178147,1.5850441125440575,3.9785858181554055,-3.2916201577014483,0.5853282797083956,1.388250632666864,0.5478616601671913,-1.495007310384306,2.265186895545053
5055,0.6933158237144461,-1.8841138469025331,2.46039700332285,-2.926455173744724,-0.3603037080876297,2.017159901699788,0.07606816433720809,4.067385684688471,-0.6480859193641191,-2.795348457793615,0.8430990325078938,-1.54311850437443,4.165287525256812,-3.304351843070405,-0.1562729859732599,-0.27683997962824947,-3.9950285726443706,3.5672058560596867,3.7227630325952,-1.8438553428092082,3.17763448156882,-0.3440338424223057,0.6553511977409077,-5.367859526675417,3.382035337196939,-1.4592125074485551,-5.204246113179565,0.385215456506117,0.05242901349767948,2.8437788134291075
5056,-2.744921689142126,3.5958529079651456,-1.728763250479986,-0.44487988047904636,-0.48653902341942423,1.8092509355576265,2.7855823204989427,-5.835500324432587,0.6740359176581148,-3.3852611748575168,-0.30059971267795227,6.0617429738124144,-0.8699848529129603,0.8217147792338118,1.385221674060709,0.38183189333386736,-0.5226747876584881,-1.1961087060567372,2.7981482942312077,2.048548702265922,0.18495143552211246,-1.1650492508351387,-2.925489177606911,-0.9411100035791975,4.0928035188232705,-3.0472688747993786,1.615821523485426,-0.34186279810681874,-3.664135241552989,1.3446418721522093
5057,-0.39335147204596055,1.1153970326939593,0.5150159203179001,-4.080626118657989,0.6038605052535169,2.239704132440771,3.0559666054950085,-3.4647775913798142,0.1680269200985487,0.7049401214573425,0.8351097353877401,-1.2992657910574437,-0.5378122837719346,-2.6614005348655727,3.9273183937402614,1.4423687401165637,-0.9375102055152524,-1.2329641097038841,-1.7873596755484336,2.261865667710893,3.7266112515690857,1.0866033829093684,-0.13388115655226152,-5.153839470090649,-3.0271324573428124,2.699273487363616,-4.814421276387051,-0.04159724013472754,3.5980197839501216,1.5858577025525271
5058,-3.2950579687020145,-0.897089199026528,2.5596694208344495,0.35856000224831064,0.6586011860453089,0.6153165586026663,-0.8993650993568991,-1.290922472525427,0.4052441159333853,1.8737870559126613,-0.7721021544863085,0.68335855452397,-3.3327800352721013,-1.3430797719896859,-1.0583376682574936,3.640235609299072,-0.6429339626835286,2.736895828903915,4.05300263019506,-1.7080313668541667,-0.6255616678197278,-0.8577600027184253,-0.5551900440469417,-0.3064595487577897,-4.3764647869204545,4.104639000934387,-5.115240514766732,0.28377825188535155,2.54722983311391,2.5560582157552005
5059,-3.331464460368341,2.773094635077289,5.75094921327273,-6.082918552520429,-0.6929229143780007,1.583262078918958,5.332156325648011,-3.393583566823377,0.17351599962703723,-2.1451283023346814,-0.5287956273934791,0.5618351712778811,2.9431504400269333,-2.4792493665084248,1.7970374487037013,-3.4528682586750765,1.9050430170357657,-0.7131132805827143,0.6590136677645724,1.4334991222839815,-3.847808626514169,-0.7308885339600089,2.9220027750162654,-0.43581840459260235,2.7820598877662057,-1.5162502388175199,0.6874590914439018,0.01727426876017102,-1.3751329852289835,-0.5954100239221063
5060,1.039486015236033,-2.1182663493006757,-0.7807789732414676,-0.11167006968020132,0.18345168522047395,1.7877776917680226,-4.3474855642353205,6.007768588624888,1.0432658117680687,3.5697951341174914,-1.0361421935755715,-5.237201776698164,2.6637550991392054,-2.6293743461177943,-0.9829883838064717,-1.4094376984961272,0.9179043307529078,1.4401409985284772,-3.9069784776123697,-3.179861377543425,2.416579415251128,0.9007793784109133,1.9857384843194534,1.7837425771723368,3.35000312065743,-4.077787145701274,1.3844827248333829,0.004443436376744714,-2.3503649046099273,1.6892227684453047
5061,1.342889053033801,-0.6858531957602985,5.589193474182586,-6.238596618644912,0.758139371716223,-0.7657720845252101,-1.607448042026462,-2.8045712284673847,-0.5922028377361519,-0.5681754950903599,-0.035197107084353974,5.60759471040609,-3.0778518686627283,-1.797697214290979,-1.1648343592019028,2.038275559242642,3.798766439366762,0.2033414435463854,-2.1928531171519126,-0.7964562419732353,2.538895767637186,1.1068003040356214,-0.14487820192568357,-0.5115085106239228,2.19115375516537,-2.6447169396941668,2.3119211196335954,-0.9420557464465471,-2.51033496611962,1.5940327774630134
5062,3.6343203961193993,-0.51066908562251,0.7102290906601709,-4.540104401521631,-0.8868240246976944,1.5930480250644283,-4.586977723042978,1.5158465796008507,0.9580760471972232,1.2030616216364045,0.542852678136903,0.3671407964729845,-1.8274632752279931,-0.03869459576779022,2.1315480246097707,-3.171314124491186,2.7059995168212083,0.1999244540561751,0.5571163008739397,2.1610135544101894,-3.7464724157429874,-0.7164407064209781,-1.123176693402904,2.8679599602808032,-0.16619161011661632,-0.46329277946582437,1.8553072091119027,0.3217379472154729,-1.0433113593207821,-0.504249407422483
5063,2.3006557834846717,5.0382945856835875,-2.015139195361975,-4.880780154821174,-0.8913752792324217,0.4483442602494705,-5.368710682488484,-2.048414559225403,-0.6039463166001289,3.2557981467886634,-0.3874364256238465,5.152709837150578,-3.821398760276489,2.520324004027138,-0.8289405367798501,0.4052988375979574,4.179642647717408,-2.454926192285974,1.79082275603783,1.029844962803832,-3.9581086184013508,-0.3225101039429159,-1.7135421212845223,3.1734931247852103,-2.229396471456404,2.052421750741374,0.0694177414127708,-1.0290341836769032,0.19034363090017337,0.9462475320806529
5064,3.4847867943203106,-3.7048519280250503,3.667212799737026,-2.353977292612825,-0.4864999814616482,-0.6066703919556513,3.6242593450458465,-2.063779930492913,0.15139944565568175,0.9924743295677967,-0.32169457876021745,-2.382658611014815,-3.137733573369635,0.799326326362344,-2.9315541570677475,3.771273003235855,-1.2189631542912416,2.717651555130633,2.008655882520916,-0.6415798126605186,2.240799472990876,-1.089337080432717,-1.692440155838053,-0.8260983065824306,0.30131255842477245,2.5247786852386653,-5.9036810129035295,0.8367429361103618,2.3556229177410195,-0.11477608460965527
5065,0.04401849567692828,-1.589698716958889,2.575067517846467,0.6372472881483091,0.7167579060973601,-2.3833924908080437,-4.925576324532937,0.30311345371843856,1.172175315824881,1.223546667046456,1.1416038912395967,1.0851369967049358,-3.3162910905950476,2.2675902843011144,4.016119973690149,1.7042013361936483,-4.212211613629986,-0.45940888995966844,4.801722697128994,-1.9370688864090955,-3.5541611877480968,1.0496451226526355,0.3289302026546199,-0.6890679482810071,-0.7136033657798571,-0.651597918798867,5.086072794368636,0.042237284210696835,-3.0657586874768405,-0.6973501065221566
5066,2.530957660730376,1.6527996954878716,-6.038541208836364,1.338042477450788,0.6212213546737146,-0.10447997950431187,0.10223587914688181,-4.510300705286927,-0.17480220261426815,-0.0753044046195459,0.6995434751217529,3.9586279582534942,3.783715457922213,3.6605772409355204,-4.212115391910029,-1.5837825606671725,-3.1743276569876766,1.5259329107073576,-0.920607032273999,-2.494006035332003,1.7504343013050203,1.0506371740974396,0.5634476762333982,0.05009391596818702,2.3957181487046526,2.173751769537734,-5.484940100203087,-1.0608301993356788,-1.5705853649437937,3.5468857462417915
5067,0.7931807977334859,1.3751468176680248,4.690353143756777,-5.518692754351157,0.5850821378876003,-1.9250701426926273,1.258546835575583,-2.4426157519222578,0.4289578055160099,-2.4775528328403986,-1.0440269322323887,4.2766908759048405,1.6955966218603038,-2.0831200457471866,0.49327786848635213,-3.6181146437427216,0.0733604804036645,3.4389997187398222,4.685770550967167,0.7360592402473003,-3.355209505007897,-0.5935096346657005,1.8859903403698333,-3.359100991912644,-3.1986026682583812,1.3098045240148757,2.660800797028841,-0.9700560647078227,-2.7323864575895005,2.9304398695135916
5068,-2.427989569390679,4.933754523690652,1.5017367254637257,-3.5707986030312284,-0.4605826864930258,0.023879609762669674,-6.0365581998966995,5.141589422188503,0.2936609398570038,0.2533576752558293,-0.5175304966416849,0.8654806592384254,-3.4205119446527252,3.292254970842855,-2.0536912685571203,1.6422049989083654,2.8048896572956643,-2.265146413836785,-4.111947369432393,-0.05312844200292588,-3.1097550764090744,-0.24929160851028254,2.3527115167064157,5.171410979646254,-1.6083425648212355,2.103187665815195,-2.2799947918604815,-0.7865204533547452,2.1025820195315816,0.46908812469130545
5069,2.216335082702539,-5.0890214229441995,5.378538453711922,-3.4173043642766743,-0.4317301970710463,1.343182447879565,-2.4608594045340837,-1.862124716513108,0.6000881657428057,0.9508814643567316,-1.1149348644529296,3.886949355401981,1.8902843180329114,0.5322034442394497,-4.210519046666418,3.4954464385771686,-3.5975703689128995,1.8901552147300293,-0.10044951826460746,-2.7485869332262425,-2.1299797790139756,0.11541275686767793,-1.3294989944790352,6.193102468114191,-1.4648648579146695,1.5524683442391023,0.9409995426386715,1.1498598756252196,-2.7648300555597753,0.5863671509730448
5070,1.692619763805947,-2.93555601583952,5.560114957890939,-2.129383694485089,-0.31427596254802226,-1.8735190488221356,-2.6480428774883755,3.477254246626625,-1.0333426023541534,-0.21516840649676894,-0.9949423138183651,1.414241953532425,-0.2782646393545498,0.595227652149223,-2.1846431741284,1.0418694174457102,0.7189326343963032,0.1068781094919391,-1.9005013639429507,-1.6585916628593331,1.0609291252064068,-0.8741501040702353,1.3521129457209629,2.020201059943126,0.13115764155429233,-1.4176078573942092,-4.088060910972583,0.6661808641833922,1.8330467894130997,2.8752834732175927
5071,1.8129779439651834,0.9706997860198072,1.3021019534075826,-4.532569096805993,0.3618638213139991,0.0849255921015537,5.796821504815778,-4.743884147973564,-0.7022611923141646,2.5439406958097237,0.8705041680046373,-3.7651210283409853,-1.3278240927641303,-3.754923903235099,-0.8494843916488257,-0.21263337735208054,2.643639030266371,3.5012267347339936,5.732451820690912,-3.3174010623050236,1.5950234280481759,0.44855562634870694,-1.0566705120499869,-3.4019593007347986,4.828530543697408,-0.8148457992252816,-1.738029956777389,-0.3923118863908339,-3.7349191823479355,1.8515762810456131
5072,2.920671788055106,2.574130553247162,-3.7615098646134157,-1.813630354578148,0.6298984154524532,-0.5495605375609944,0.7259147210941137,0.2958694200622247,0.07791736122943593,2.998231702456657,0.5292421381413766,-4.627175342982401,-3.0119921718482168,-1.8934152763711278,1.7752825152354248,-1.229027349929428,2.200585108799796,2.158567174113788,-2.5409265886402785,1.2471480110531257,1.8550046836910532,-0.3097427419927925,-0.354455260214916,0.10297189610180979,2.702264322414951,-2.896426895970798,-1.3504499648466037,-0.7636984392894721,-0.8047273598019515,3.113038337495464
5073,0.5596701545304725,1.9949794067637434,-3.7276248408699253,0.4470115372012238,-0.3865992646398215,1.1125630070164707,-4.188042311393307,0.1080458794767658,-0.3834244699485332,-0.09812930682999088,1.2417102830857072,3.319839925610772,2.146070497389168,0.08947710766067374,-4.218310084392071,1.7929692249592115,0.05343404633218185,0.1363592080510596,-4.3454988557730765,1.3871948793530997,2.451640078706202,0.5706846275144919,-1.190319334166194,1.1262986043634662,0.4796715812596801,-3.964231812111869,5.626709107223196,0.05950738192482241,-0.9202293312351326,-1.2814269270591065
5074,-1.1051465388255064,-0.26681700018093935,-4.011564089684104,4.742162947727746,0.23170900454178422,0.4096556764231334,-2.6492282474048174,-4.563966130715315,-0.8419180297772506,2.814353560879283,0.10019247244637342,5.140566374573172,-0.7445269841955557,1.602193154122567,1.8816954771537624,0.8032487618611768,-3.459107461689708,-0.08350294725205032,4.352109442024961,2.9389955618293477,-0.18978839509710888,0.685194109251702,-2.5095932970518717,-5.276917420959055,-2.7365507975459735,-1.4484696482059398,2.412035339053478,0.4166825044586311,2.501349023508464,-1.1450464212670592
5075,0.8908797119999701,0.9030395979336916,-2.7800031323810472,-1.5273560321977229,0.9870774033957534,1.5263624512514546,2.216748765841853,4.542860841151022,-1.0250411842429967,-3.4860036851334595,-0.7432802275206862,-1.5052845100942847,3.2915744893664254,2.4634956204765395,-2.1059436460640146,2.1180116594672427,-2.691978169850371,-3.0751599533955982,5.32655078837082,-1.1360048919606633,0.6995726542242551,-0.11047601148494213,-1.287012550216458,-3.4926299889350503,4.980657648250048,-0.5785088257927846,-3.883256773287112,1.0988852767526698,-3.4310087785771284,1.8132314526558915
5076,0.7083808273529257,2.8792839723338624,-2.853248367836514,-0.5934324225422856,-0.26681132893851434,0.12582731963263782,-2.874166366027687,-4.643286474343469,-0.08979330454320067,2.5792588199393194,-0.09231197713908212,5.120299302115562,2.6405010480976365,-3.8609741147504604,3.896101571211993,0.7690654759401738,-2.796499167380542,-0.6481948131185842,2.5684953863896176,1.2437645869291671,-3.2249141459803496,-0.5277970327333081,0.3168884021170335,-0.3764371967241935,3.980675702438056,1.3709617975168271,-4.9513923642096245,-0.40403693601886204,1.020790811566556,-1.0169990112913716
5077,-3.6094551846310576,3.5013590196965723,2.0066816357994064,-0.2718227746140158,0.756662976620182,-2.383425672868966,-4.169502640078868,5.7108770090193595,-1.0222344020274594,-3.1242178281151176,-0.6354192333370454,3.240497094540558,4.197534571800087,-2.3970750497068103,0.05897210780796058,-2.3234774223551558,-2.423798888820114,2.8878446812742595,1.7814111112609226,1.3630891658054338,-2.396222367602933,-0.5175852588548207,-1.849510900774547,1.6188182501639083,0.6252302330620019,2.6288062836341552,2.6979814136153415,-0.7196268110715316,-2.9446857274403833,-2.2877053917979815
5078,-1.6921029029855816,-2.8074362730912945,4.483214252851141,1.6576449958784494,0.13602497839199623,-1.7773450510425572,3.798613155519135,-4.474474360657176,0.45337223455818876,1.1053690011750312,-0.9023186181449798,0.019438587551260156,-1.6343209351212113,0.3036622155992781,1.5407947785543783,3.6285716459798074,-3.4315247531204367,-0.40718295189159903,3.875930727554781,-2.837119625445318,2.7096426347500326,0.8569110244485483,0.31531937740817106,-4.920684138718261,1.3298110942644605,-2.9813933349504644,-0.37000546054364136,1.104114117164559,-0.11139578115157711,1.02886936521827
5079,-1.3268026109390387,-2.4160102236857455,1.883514764674679,3.3223292353598026,0.7170014968118008,-2.180032662219359,-1.1313899934798108,2.737276786644852,0.22721043967869736,-1.4975514340976854,0.010531056196787958,-0.34607685494141904,1.1580211275100858,-3.137021339230577,-2.0846964002701256,3.291184683796743,-0.4138682412644634,1.1863801694585767,5.952685341889321,-1.3502527125606179,-1.718121673997242,0.39496247167709786,-0.28456887997970703,-2.994704547030892,2.6353503307131945,2.6178512089689967,-1.04622195295617,-0.42612370811482325,-1.0818791776147538,-2.6989767009948302
5080,-1.1809064244551948,-2.501575568795001,-1.4428998071443324,5.839141535165826,-0.1411027962287712,-0.5726569385403817,-6.240758312509012,0.5673887060055343,-0.5773921847792955,1.4217362193117857,0.9129505396409288,3.916075032331488,-0.7801560198951769,-2.3571907661842513,-0.029762418017732273,2.5733604710135047,-2.745325337683509,3.339074070767417,1.7679940420168236,-2.7528189623478294,2.674489025931816,0.6440493050609266,1.4434570067719985,-3.7771704174357943,0.5407685570360421,-2.2030783917621974,1.2376937234091265,1.2377889627551717,-1.2575124375672413,0.4443395861307238
5081,-2.102070280124323,-2.236859632975122,1.1012845940803118,0.8139680957007336,0.010981508071107982,2.4126957152494537,1.7230679292682325,-0.3914770999312651,0.5335884008053533,-2.16807237507415,-0.5244815422500757,0.8273746871833225,3.7471101698945404,-0.3284544514216954,2.985954659269776,-3.4947667729912855,-2.774941864196684,-0.13490174055442417,-0.3843748596070746,-1.674457444568496,-1.724517498133821,-0.30267491234275834,-1.9893324805011314,6.07535719515122,4.343064969654044,4.817142328500566,-6.191119851528747,-0.5179167914349394,-0.6127724231372795,-1.838398232052045
5082,-1.528028118623764,-2.2679821021525512,-0.46447562568065237,5.548204230738968,-0.11169216797269921,-1.1760262163071378,1.6290401235650798,-0.7335073323090988,1.1579127022238005,-1.1134888128094484,-1.0794366541309088,0.13947997346202,1.1009234579546359,-0.6568003652607288,2.765271678549759,-4.144250473384302,4.170916524458338,-3.2360608223174676,4.917312403854609,0.9642362090723662,-0.10215078752556828,-0.37821389975892394,-1.4225724848039967,-3.9786114408405773,-3.707314150297062,3.6991850105663246,-0.5660608190071095,0.23952526824341902,1.0156882691015774,-0.6810235786055827
5083,3.532249233639657,2.8909972530440626,-1.0356687636058695,-3.5416046840881314,-0.10056495985651326,-1.745408079131014,-1.597896371071748,1.99594759653532,0.3744256984039094,-1.8925323629236637,-0.9743676097623908,2.0944230488199977,0.8034299727134275,3.8705344133684427,-4.088268391181078,0.008928068583685445,2.441905718636356,-3.036529782120592,-4.8859735680472305,-2.5594838245126965,2.066832808701392,1.1264834714290188,-1.6163149198735542,5.8684560323009975,0.3939782431394825,0.682394933504952,-0.948222838074674,-0.4177260793323798,2.8062186357892074,-2.5166428950250506
5084,0.39280351333802344,-1.6917932519255992,3.099486981887022,-3.6186687571988507,0.6755419204473432,1.1426295934542505,0.5592577727451342,0.873475543831848,0.28477654083269943,-0.24591041838151284,0.10378959124463893,-1.5753890302713955,-0.9989964518977992,-3.8684282246818604,1.0087090279256898,-0.9243035951933436,2.783643816538632,1.9993754273089408,1.336653287947474,-0.5044181435629067,2.1732534488680635,-0.6891104052435857,-0.6711198148882698,-1.6452583731228785,-3.3724061197319166,3.545086185035508,-0.24021672946751593,-0.8187009759829218,-0.6631005071275471,1.5493381472759111
5085,2.395390130225824,1.7292453202144529,-5.922064615800199,1.890407111189507,-0.6877762805247802,0.5947983346973373,-4.13702886537196,0.5212742398801034,-1.1154646568426698,2.2166515588550055,0.40003240027290765,2.1145353232080453,-3.8364361672729412,-0.9504052976684463,-0.6569357642186127,1.5638933183138626,1.1440461389724206,2.73583777187401,2.63398778265039,-2.6969180371429005,-2.633370876491691,-0.860058990226312,-0.6267395044002768,4.183099625608705,4.166905593873093,0.39978248963125296,-4.130408808248994,0.004275376513853679,2.221402731507169,-2.661957383274851
5086,-1.225710461354355,-3.7814391908196576,4.874456595924812,-0.07335379157198219,0.7672716643532578,-0.5612248165299167,3.147439623520391,-5.404733452080787,-0.961323780863256,-2.2171361450576548,0.8875144548901028,4.54823929959263,-1.4463573445381321,-3.539003174382472,1.4053591330730733,3.1428046595119525,-1.921354156966828,2.358550883302673,4.42837799098475,2.765971665937677,-0.06906185267836484,0.28367667961878684,-0.7906243640303927,-6.618340119834528,0.85809598775759,-0.0003725901868669723,2.4632188849485495,-0.6367674150963403,-2.1344004207647007,-0.5497744466567003
5087,1.482276440785327,-4.523291067016132,5.380873847434533,-3.018831727450724,-0.5264899814033672,1.2054624876524969,3.2595457619695694,-5.819809149853622,0.8276546462637224,-0.7661394535352581,0.8454756932543264,1.6532725019027232,2.7590692270416177,-0.9005171981229552,-2.172711230422836,-0.9953083358233563,1.9614573749076136,-0.6519898375797872,-0.2851990617782647,0.6178279413498409,-2.5831882757988076,0.8227670307704082,-2.994527821083011,4.422320186537728,-0.43459137732060427,0.6715125612176571,-5.95207301234711,-0.08129539346906256,2.8274469563745477,2.969000265546086
5088,-1.5013140370583606,-0.7663750400615612,2.257034778131384,-0.33319713283947294,0.6330026621049232,-0.28915123027474543,3.5684045619923737,-3.679416672242315,0.20227503008765169,-2.3785602111600124,0.4339492383229686,1.8533480530008042,3.586280446210221,-2.2503988153485963,-0.28730118065733024,-2.2697434058468158,2.2757381776306183,-1.0545752219877649,0.36286343460114523,-1.7514872287150993,-3.6545687998479828,0.2861061588089333,-1.7064304387111076,6.46351687386197,4.16218735975675,0.46391401782824815,-5.379036656731216,-0.34999060443979424,3.51017970804725,-2.4072538244597297
5089,-0.7727314614381129,3.10612265253582,-3.00060629231389,-1.2881097726947992,0.8299480301933619,1.1253768437197706,-2.4589678322951407,3.312184699536566,0.8327069937374914,-0.17645209527451833,-1.2101109571498139,-0.29936080855311076,2.954437453793357,-2.3333477900128177,-3.754240978858606,3.454006867710792,2.9855974168107693,-3.306452969443148,-3.8921050724236927,0.4329136824772064,3.654301935019518,-0.5658346036888107,-1.667302356523031,2.038026415136642,4.5820241131808395,-0.701156371155399,-2.640788859026454,0.17502547457978856,-1.7317306247382707,0.31662626716101094
5090,-2.594871770022987,5.254805762024411,-1.023368352572124,1.193493794824846,-0.48207413834568547,-2.3479852959063114,3.3331803330092775,-2.3805670575117226,0.7209440597010373,2.12709035397339,-1.0774334275322044,-2.7232142616383044,0.39393206848061624,-1.981475949669779,-0.39096101651720616,2.8233730252650666,2.0947637312167444,-2.939631858775048,-2.0696671518122933,1.2114147512059734,-1.530670689314043,1.1011919647382022,2.561150219596639,-1.2734190944166635,-2.1297952898489925,-0.7266620699669097,3.601979318119483,-0.7941793883284438,-2.2794556325140345,2.3281130625404067
5091,-0.1167379917788196,-3.4005768535908274,5.989194565344302,-3.6916284323291215,0.32271504627232517,0.8970336660843259,3.630055838519791,-1.2747214753481337,0.39934252289588734,-2.6170905722708895,1.1590107285096982,-1.2965970423048887,1.6334741806953836,3.589825998410994,2.28803770137441,-4.126886984613201,-0.03635878641057744,-3.3480921094565783,5.67788828269072,-3.1941430258445784,-0.2832506293090731,-0.7092076674085659,2.2350621231904313,-3.726349083321118,-2.28574671979295,1.7129882473450806,-0.5856890085035289,1.209601730916571,2.4071220726864766,-2.458276322650084
5092,0.7507301934663051,-2.779744780848322,1.787650811961722,-1.9877645252324108,0.042996882456584284,2.1861314181983413,-0.4135317741575335,2.2523988943312325,0.6108697740983455,-1.5129929058509237,0.34449464461093093,-1.2812386330305578,-1.7367389301636624,1.0251791698732262,-0.6709930059989482,-3.3371033931456893,2.00835725693565,2.7112989024998555,-4.840221841590878,1.9625543112049773,-0.922027321315662,0.1119658137354973,-0.9510430385061657,4.638772076470055,-0.1474572645308001,0.15046793865612784,-2.644871623604651,-1.1840008657124201,2.3796085620304446,1.446253253162869
5093,2.5963759978219976,5.492328546865064,-5.054168862655651,-1.672536278772828,-0.7666256454439062,-0.5953737578124514,0.5563914785409203,6.23572544121178,-1.099853906443422,-3.670294730947994,0.04682592520718032,-2.068794207566974,-0.587459382354325,1.8118577955312283,-3.0349241844334394,2.7472728640192052,-3.084029509775089,2.1472824170128426,-5.31746641063204,-0.42714888826678,1.177040903610532,1.1608877264102873,-2.657895217471868,6.06458188634771,2.1944584492201535,-4.4079553818466355,-0.08328071115728974,0.2752255289423733,3.450242166671675,-1.428690051828685
5094,-0.576082468804433,1.4486442711704726,-4.838919838277011,3.9710623058786467,-0.5850796218373326,0.5803753518718544,0.9216948818864594,0.27641290334358715,1.0639814299874306,1.9683144686894636,0.9020402319716565,-5.132443915877143,-2.106032232033346,2.4267118333419937,-2.6713746990177025,0.13199665375113057,-1.3211533215955562,3.5398517655539123,-1.2028874733162986,-2.146724177861156,3.2326562493541644,-0.9245983710956232,0.757506695104535,0.2840470778122288,-1.4030491204197375,-1.162011662773395,-0.8079416909004387,-0.41481643437508,2.176439315508521,1.6113795929617396
5095,2.6440137854811674,1.436005093583205,-3.2219955885964815,-0.12989626118500297,-0.023082003333212864,-0.7050450259474808,-5.382661044062296,1.1538294180235518,1.0381530848637652,-0.5192440646244947,0.5064034640190238,3.203519141781893,-1.428705952134278,-2.73884445763378,1.8300334615698617,-1.1264482640699462,3.2282376914504916,0.23572752081808268,0.9496948520699249,3.44133740147106,-1.014060295915769,-0.2764017827431777,-2.830073544929405,-0.2704966299547955,-1.017236841748769,4.409807491878087,-2.0721814700809063,-0.6561491060755227,0.020510523835062244,-0.6847505978063104
5096,-0.05002130564118801,-4.537375795144509,-1.6995592691327381,3.9200256406695217,0.8246424551222158,1.5422882741288717,1.398596174470459,0.22367280582751903,0.16768253402714084,-0.7406594748168907,0.14622343786511038,-1.1955154773719272,1.273602248401005,-0.3458483229659066,-1.110964716658799,-3.5354783041433393,3.242667723672227,0.47602137169531034,0.5321510615227361,-3.1449925207028127,2.2788552466164695,-0.07362753824538615,0.10514239023613925,0.30247136057070634,-0.5498238296122082,-4.511690490565863,5.750021488767075,-0.7659782632483889,1.5595053410073803,-1.4820342463463874
5097,0.21348173734014786,4.792163633902376,-4.884327817578463,-0.09212073803958631,0.25583296626652485,-0.28502978188881833,-2.4873012007789512,3.19029417049493,1.0160179699023004,2.934950973808835,0.1286126145060429,-4.782574527931732,-0.828177456838656,2.575861294425284,-2.5926420757628375,-2.580836865973046,3.857583218929669,-0.4317881147799145,-2.3736912948695768,-2.2533956272723543,3.6952265784764755,1.2422519208571492,-1.32338018246206,1.0129886052682124,2.982681241994154,-4.5797955410162725,-0.7510412846400598,1.0072084077803574,-1.7277877163291873,3.0687348922126354
5098,-2.909309272246908,-1.8192234105715812,3.883448096356375,3.4593673074085167,-0.6522141298725164,-1.9620685910716666,2.7678497609134283,4.132991144164773,-0.8530468032784908,-1.0690219997088022,0.48129770158163776,-5.4600698036710895,-4.117402510234159,-1.2523223284912337,1.714448553065239,4.070305378460819,0.9105983273128082,-1.3256274201129692,2.071091481135415,1.2264094680221937,-3.846817170556889,0.3100116805442612,-2.8101272152438455,3.0494317560966806,-3.262535034098171,-4.172035432616417,3.0354080376168255,-0.17760208721857929,0.8508729683743095,3.725891547943675
5099,1.666773126018601,-0.9233004664253741,-2.6932835782894173,0.19889461367069572,0.0431211287711637,1.7077951762565533,4.927769481062093,0.7075134139044614,-0.09868912184595313,0.9604076138887692,-0.26965133539009845,-6.22735005161779,4.165706993139789,1.0660341460159302,-1.3172319732944349,1.1170597739625663,-2.9698332895628425,-2.061735650260493,6.001256166788508,-2.898044829048853,-3.7507996721382053,0.18222341641083428,2.4896701944847415,-2.024305276499195,-1.9866199579573482,3.0307314950216373,-4.889868649131223,-1.2117630488213438,1.9207952455299484,3.136724915359938
5100,-1.3475134061517977,-0.9234623850458377,-0.10932782046729628,3.521749360029226,-0.9893469640449446,-0.15209878431708468,-2.334714625346585,-1.4190339330702777,1.07118289180415,2.986178663888783,-0.6893974778627419,0.3857844805881605,1.1751965789878902,1.777524357048872,-1.709706616964601,-1.7579364130361608,0.45374690297569487,0.0611751909887861,-1.5734743510573566,1.2664580741909894,0.21699624893514624,-0.8874675303875161,1.8267305962922702,-0.8492430379756932,3.870544020261736,-1.9628214591824609,-3.534007152108032,0.25642159881478577,2.3989421590362916,-1.0290791668207042
5101,2.6851942527679853,-4.835399270614516,0.6813098338827857,0.06202885766140653,0.8779359026475673,0.5289304236570551,-4.1613227831888615,1.463365366491594,-0.049288336670261224,3.526223693462704,-0.49786959364786565,-0.28110834644583704,3.911403464588158,1.169458969089522,-0.8071375469912034,-2.609657791447276,0.4274106912565223,-2.0914777864952665,2.6345676358805576,1.5967651223991606,1.2212172285433454,0.015578322429217195,-1.1870204083511204,-4.281107900903301,1.5135520527661228,-4.1002135431609705,4.170838070968678,-1.0483715883471034,-3.6141022177465665,3.0782972255214816
5102,-1.6868957644876534,3.6714679503103334,1.7130321000293485,-2.4965618473212103,0.8865530901590031,-2.0875955286874976,-2.5885111769432143,4.742919853930847,0.8117878671161183,3.5733729759137383,-1.1164497721035946,-5.4231197479124305,-2.446578700538442,3.663290690211788,-2.1126586748955027,1.7740820585101247,-4.036144353572347,3.158008980284812,-6.068253860918098,3.4459648216191567,1.0958977121416957,-0.40856198602477356,1.993063993792445,-0.05811068061256819,-0.3422276626351781,-0.7551490040899331,1.60136097848331,1.1080281666574727,2.021293734821011,-3.6333062132350573
5103,-3.174622573554478,3.822132123699763,-3.442309841665576,1.4314358667143772,0.6203317301908515,0.7430326946174279,3.8090298163030134,0.6794740382946252,0.08619995434421401,-1.5480807320060457,0.6930783819175454,-3.7197014588518975,2.5729322297489254,-3.4591990453013164,-2.603433456180685,-3.9567261825543127,3.97767415588088,3.468752298406951,-4.182595594019851,2.9898405684821725,-0.058462376055745224,-0.13137268551395564,1.8391622973606943,-0.4565722102554659,2.310049145930652,-0.8501064987456743,-4.424511934778639,-0.09782352487273904,3.2417380911181795,-0.17934527865012662
5104,-3.589191610296403,1.440997146122676,3.9325924000196295,-4.9551900047783874,0.7264114510431288,2.4443806178917526,-1.424870498984994,-4.0703211241163615,0.15817843989352198,3.5840844204126014,-0.16616124137071075,1.9190900041674368,0.9401466250702626,3.8432583355757224,2.1778422759055864,-3.094334549756617,-0.7102996008736966,-3.156613085920865,-1.395565470890329,2.8919791185027677,-1.8222996865344232,0.14397278927027468,1.4966638803182306,-1.3147506306686978,-0.14942489960285954,0.7003329358469728,4.33306805953854,-0.843972327239217,-2.2516625654905127,-1.7883412030512318
5105,1.282650169333447,0.9290111961013743,-5.528689589811005,1.9793086808509521,0.4289896016329622,0.9087299418946877,-5.7504776447356925,5.863442434910965,0.4118660884600036,-0.735622559081726,0.9432228430973755,-0.7324311626494513,-2.625941900835116,0.14824694756487844,3.205377675451299,-2.237043556941023,0.8822042860663863,0.6271565486939661,1.8798731414255023,-1.7153360519447993,3.748423473299969,-0.5901116373923418,0.31292716707653057,-3.63577609246704,-0.20260799048720912,2.463459863083319,-0.593209835714088,0.5408309532029056,-0.12597087562676634,-2.082502114456508
5106,3.0013063715765007,-4.549301589431423,3.684324933444419,-2.3862335983673155,-0.3163705947886415,0.5662744775688733,-4.3314449139600875,4.574475877562822,-0.6969513279349355,-1.023771278576504,0.9047555785729067,0.5729360643372701,-1.6694593667767492,2.7905267492864105,0.5919588024394571,3.2743773283724664,-2.3884471568573886,-2.598956356463775,4.8817651901083465,2.0647553358461543,-0.004107481312534134,0.11377115925868342,-1.2981105430140047,-5.758073660888829,1.8988829338903983,-3.0216260059690825,3.35065338604797,-0.5283760253418448,-0.5942920207728015,-1.1052422678529865
5107,0.20186741131668207,0.8432409932504505,3.0441099257979616,-4.2984569939869175,0.30303352715439447,-0.0937948635301673,-3.7455544354402015,3.631610524472194,0.8324272624949876,3.2144674886188014,1.188798286093835,-5.121749126238143,-4.182044052389902,4.146187137961199,1.9510779279101662,0.7542546339172453,-2.3056783307866002,-0.36379731661167547,2.7197624485191767,-0.38999223784319703,1.6728218422165675,-1.1405687556350816,-1.9240415051675424,-0.9379817920921099,-2.27564594723529,0.6610984864029312,2.159726628798225,-0.32634501694319695,-0.3951037305962295,0.17626957957518208
5108,2.6121148934407152,4.939313014938737,-1.936569017709143,-5.8230606428848475,-0.6299692054835622,0.8381709577004948,-1.9735924359168457,3.236692398362532,-0.5245834140599515,-1.7087492498807304,0.16195603333420205,0.8082766681622928,3.8209793370310834,-4.083580910130523,-0.4705695109515773,2.294176730985768,-3.9580955832779807,2.3970899363436544,-1.9869050560478811,0.5798369350068437,0.9540429848935332,0.7856584176367942,-0.46295041829298356,0.13031713680150503,4.524832017274683,-0.0384973899439629,-3.1097802660680323,-0.9049251295000937,1.5708289465133873,-2.0424581782743534
5109,2.2859535429524627,-2.2003676623535675,-4.23831348173109,3.5169079575549347,-0.7840281036078665,1.4198477471875108,-2.032436722036806,-0.11552933612099281,0.9212762389946096,-1.832086676646453,-0.6611693972655557,3.719945893076698,-1.844934282851689,1.1463411629644682,3.3785344436604205,1.5892948706027177,-2.002810553380721,-2.2664256409947807,4.213325108003264,-0.5008578883779986,1.2508967394524753,0.2126655286037682,-3.022287715942239,-2.15374177174143,-4.445727975525367,2.9742622841041317,3.8123814012467356,0.8446993833639018,-3.5006495315241466,0.31503443833637945
5110,-0.6273942761961813,-0.9626258856056182,-5.306964732082822,5.413605348489437,-0.9263059255576445,2.409685470955189,3.291118180093708,-2.8040032652049725,0.8199955938814467,3.400274201920645,0.8219491808926103,-5.529333891581938,-2.5961589665237614,1.058979105846074,1.5472862802319547,-0.14747875741760552,2.5121098143540586,-2.3747374764903046,3.688148650823944,0.7135680243756664,-0.4473709946407638,-0.386000085047149,2.881133537555101,-6.449479133068973,0.9066695744066919,-0.24384447991952385,-1.5095848474841418,1.0217184556405616,2.9647868663606545,-3.1397455690026064
5111,-2.871023542238314,-2.3900986748107833,3.2851767066572997,0.9961778364024987,0.3233436209454421,0.6564240530462122,0.029022277582953393,-0.4750368091891666,-1.2312606666067998,-3.6961929123519415,0.7034020578241691,4.670066052742264,3.5372360933543305,-1.7034655473389986,-3.1230496647439185,2.6000212023649105,-4.207797945342868,2.8970558617069315,4.475071653226685,2.5059363745595107,2.3089308856113,-0.8708609781019874,-2.7143733174491533,-5.7047046178485274,-3.6324571083447026,3.0241744855568378,5.439865545637858,0.0384671280365394,-2.5408401359815915,-2.329209914903304
5112,-3.1799343721758255,-0.25758065037707567,6.046024781463792,-2.815271003420918,0.3030216175371572,-0.09626037302476576,6.041762916016843,-0.14089354002875254,-0.20346144475288952,-1.6351715513646194,-0.24989273150367453,-3.8123436483654274,-0.5286068904649177,-2.118082894043667,1.2112812563945532,2.5904645746268855,-2.922061567327301,1.767005520814859,3.361985728478203,-1.1875274534870197,1.1379216787307271,-0.9196225139178651,-0.8148660480489394,-1.577891391757305,-2.563734410282848,-4.1979571212684785,3.9527472036520095,-0.6070874302258771,1.0342637184380514,2.3817680396887546
5113,-0.47575405915982927,4.476525735046145,-3.1001062189604696,-1.235434692558968,-0.3631149778695253,0.6978842135050556,-4.088831437030464,0.8017945031807692,0.23218853875327827,-0.8746229876512164,-1.0594513696966095,4.988922752445749,-1.8152527511072805,0.4036949340446121,-3.9029706784461116,2.7762554580068546,-1.137928579146248,3.676201616648548,4.850321142507106,-0.9011499523448538,-2.879138723641864,0.7358102901123775,1.5591722534697396,-3.3650150101046883,3.258486372759922,-2.674410070346905,0.5902908619556833,1.1421182784857251,-2.6489603213059745,0.3324748784531639
5114,0.3449363502492915,-2.639035178049916,-0.9233464682208705,4.587463463841214,-0.593992994210776,-0.7760251736065413,-3.501305414140706,3.71785467467911,-0.4721512406505308,1.4113893805524285,0.43858368894139854,-1.594371089380207,-1.2995092443652343,0.7976572846250107,3.1862487100972494,3.0303698650373505,-3.252719986376194,-2.462046629017797,5.887135521169267,-2.0168669587533685,-1.8073738358393943,-0.9008225410158461,-2.3032114314506575,1.1411392458877856,2.399776377479842,-2.641400706208074,2.091063099847421,1.0591817382569966,-2.716824726705756,-0.1917957826688017
5115,1.3372361167991649,5.473362303363171,-2.4386622386243353,-4.669095539390067,0.5872061743646966,-0.29004681651023567,-3.0964995207943353,1.4573689299827457,0.5633215694362308,-2.4137375766078453,1.1498611218406918,2.3396854761440196,0.45349269810558823,2.075698363200374,2.246124241531536,-1.2244193390277154,-2.6213659507073928,-0.9295300131019513,4.466031303084339,-1.154741535195452,1.8183924010687385,-0.05478520734938819,-1.9099345626667166,-3.1649623989437323,3.9805335102050705,0.16206101262525152,-3.4238340422992124,0.2557790575277936,-1.715789249319231,0.7412497112619576
5116,-3.5323993522930675,-2.342415591028093,0.5843393972371125,4.29621969699766,-0.9283117500977622,1.922567599186518,4.009140919098787,1.0047730267814998,0.9937788552140709,-2.1346239937391456,0.784354068388069,-4.657422875741755,-2.057802127790236,-0.8975311814770741,3.6724997109027377,-2.1041338008641493,-1.7040968103659715,3.0910642095951317,1.262369345493461,1.8977283594286725,2.6611335380027548,0.5030219754133443,-2.2140703727626896,-4.110182845577743,-0.06554794297456112,-1.2851051347930103,5.10524787602121,-0.9130678280231548,-1.0734151423597869,-1.7681118278690775
5117,3.370113677070009,-4.796117231456201,6.103979549700412,-4.740737355229864,0.23989264901678276,-0.17713128909875842,3.583240591702502,-0.06442462335292021,-0.10212513385938315,-1.4037872028877754,0.7306509371957173,-2.7435545687966076,1.548778316772374,-2.78101539197659,4.016177141462098,-2.2976525714050524,-0.1379996721023673,-0.34828782275001835,-5.039932405445711,2.301980491838531,0.30731624275541236,-0.22962842377034853,1.0657100380510052,1.594554056568942,1.6346841886194632,3.431948324610989,1.4580291421800666,-0.27454343014801985,-3.3723759296511187,-2.8777422956097727
5118,0.7919195380870683,1.3677630204674571,2.7297010289030865,-3.1017829005672795,0.4196307127071144,-2.207231399595064,0.3710873502821386,1.529904980544167,-0.6967111891268631,0.4314406125847725,-0.09759489470772387,-1.5381268595749837,-4.080512401024835,3.308047984672829,1.5968380076621003,1.783765845172148,-2.025521147092535,-0.58261828938927,1.1927808416338088,-1.247346051485092,-1.4385223915311052,-0.31649568211853474,1.4677269074148587,0.34185637608394615,-3.4558638400208928,0.7327014893515056,2.0614290374969713,-0.6978043168522072,-1.8794556842002699,3.2389933142265193
5119,2.148192028695078,-0.798102178666376,3.928099794420067,-2.71833353869183,-0.6922602887964671,-1.867595816958092,0.9201744348367953,5.161287868747571,0.09455294134450831,-0.8148031275971217,0.6470116403834485,-6.008223757713658,1.4487366802514643,2.580959058279742,-3.587372872009592,-0.4030523760954239,-2.8032820884644636,2.7640115980387314,-2.217738944064493,-1.3390647203027477,3.3274852239337918,0.9010727230555124,1.2620067544963192,-1.9337610371204796,3.960660876479629,-3.6885279727512525,2.090550396287103,0.43721312244760835,0.4107137370620446,-3.210610159523519
5120,-0.6608790016367223,4.058865126586404,0.01816388465868357,-1.6181818477186418,0.08437017560565119,-1.8823383374929819,-0.7258158470675298,3.2898883081351435,0.10422341890705411,-2.0905080669240075,0.14172192646629167,-0.7195097395154129,3.3273773154682864,-0.5498562179445194,-0.854810733122445,3.665895692941014,-2.2628247128170784,-3.3257813445247724,5.116212834951391,-0.2894063772435089,-0.4485492054034985,-1.0636175186169816,-1.072212578410653,-2.2424271552788646,-3.303504827235624,3.002782133274547,-5.007069115057515,0.4688694554710935,3.610275176242016,1.2286471773071064
5121,1.0125005060925396,4.01378906891528,-6.215915840478392,-0.12947540312768524,0.5654386917863903,0.7536629768142564,3.2526675021261866,0.6008202601672821,0.6068165796826346,0.7562456994835873,0.44610170343676536,-5.662651744894909,-1.8287538634505367,1.7264143317399174,-3.182606643125423,-2.702885874429491,2.943768274455895,3.0440637748101125,2.1852244894603885,-1.6607874057080458,0.17002569930731326,-0.7463166946720374,0.5137342269592207,-0.4618803153489637,0.9365806703149815,-2.1450458213369217,0.3644927219581824,0.4148552086941901,-0.21518826584744488,0.6443054862186361
5122,2.8911635554052033,0.5158314501079388,-1.1956484852647158,0.294699984930773,-0.23281307452111588,-2.2732334306556723,6.033083045309404,0.13739989619537596,-0.7419667985802372,-1.0773019327188837,0.7112965241564115,-5.062510734360561,1.6514212024991188,-1.531059161533621,-1.503188393060384,2.0708785702134698,-4.235445654411571,3.547393436293479,0.9724275744289415,0.37276404261784535,0.1416729487948558,-0.9481296741850231,3.1771518120369073,-3.7158867036956593,-2.3894140773368733,0.7604724671943757,1.8868614388448925,1.1357631637186243,0.4849755578091983,-1.8786585502285504
5123,-0.584682442988699,3.5195252302176847,-6.176832946172411,2.084015861610606,0.3736145738752774,0.7843597234599571,-3.634380496690646,0.008624395833592757,0.7504296424613379,0.4393847365152119,-0.22774212496735746,2.6636838468493913,3.1999614770322076,-0.9105535544384686,0.37663105745056313,2.3021936871460227,-2.5343854853387953,-2.433847181851025,0.08906709405536617,-1.0407522945583807,-3.032998144315041,0.8375645751607692,-3.0603193590612143,6.207438128716362,-2.094976835776837,-1.0130134173615701,4.480182335281047,-0.5975802912156842,-1.1615019025304587,0.38689011160512976
5124,-1.6905339997214828,2.589623517724707,5.380240582147962,-3.708172771725554,-0.689076956327771,-1.8820803720954569,-1.0650963667892661,2.1367737588162896,0.8783288631044197,-1.4864501663806564,-0.037303967766915136,-0.4262521209823511,2.9419036016780034,-3.126026404557102,-1.8719317191254845,0.25530893353410633,0.9677330913005413,0.8330124971704347,2.9908883265682746,-0.42233176706588615,-2.632291029210622,-1.0674194366073766,-0.884597797807908,2.0157517041213993,1.5106674204953876,-4.011587544155395,4.861021362723257,-0.5169199318356883,1.2623593179991062,-3.1055406252250446
5125,1.5396115173031042,-5.070815108947741,1.3956080392318633,-0.7328925899670118,0.7842728792667999,2.084215263115409,-3.176727296436024,3.333868685076851,-0.8108873662432803,1.9536154738434561,0.7275986083962085,-2.027468104635684,2.605679225248238,-1.9929452444000155,-1.578446592195304,4.122408842123903,-2.8144138046973026,-0.3422824260790449,1.9434778676329927,-3.422258373275783,1.2467207713979391,0.6432705572012853,-0.3580879717549763,-0.0531228512035824,0.8728522004685217,3.321481981164503,-2.2157538424577012,0.20234110375005443,-0.7476601626614876,-1.4332612802622577
5126,-2.466807142525541,0.6514088194130316,-1.6631675365485172,5.331898598998215,-0.10611773978089412,-1.7472149995538508,1.7923087189546614,1.3298788790037719,0.04147391756926844,1.703451298988167,-0.28844111337964407,-4.578671701134702,-0.4064459343646831,3.8094807247209737,3.4731183737803626,-1.0272742527107788,-2.894803984839159,-2.9540749265862107,5.99785078176161,0.37022453794242516,-0.23035804163566098,-0.5608535904023251,-1.3439210182978467,-4.2329426693703205,4.556038740765548,-0.7276521179559694,-0.4400880895392838,-1.0472118533509698,-2.586218482269814,0.24513180235211962
5127,-0.9424864197172411,1.9213257758859825,2.213310005228511,-4.228031215692884,0.08829696022744749,0.9475848940706513,1.703126232004987,-1.5809792295348366,1.1177822480490613,-3.084582355289749,0.6645500136231339,1.180103091148915,-0.752213170297928,-1.716711294948281,1.705003541778428,-4.249998507002736,3.37153889774077,1.6423805327302823,5.373901689925908,-2.222085289664795,3.9532236914148413,0.22997785462049247,-1.4544108944381726,-5.8806070518603875,4.859748895852743,-2.3534907737122346,2.8255048936274783,-0.7332903194303544,-3.6592305612822127,-0.9392421350537905
5128,-3.4974292620465306,4.397470246554661,3.388093645445359,-4.8026781943018975,0.918628381224762,-0.40408481687385667,-1.337391743909496,1.8074373785554272,1.1879025884941878,-2.082066166811641,-0.6618930751212693,1.0860110187943306,-0.8332057910554482,2.2536778982812677,3.445673847489271,-2.0920407969205037,-1.0446608017571606,-1.7294443560368862,2.771601928692867,3.2291403050445453,-2.07666500825281,-0.5452036521843127,2.1847758762883025,-5.563649449590702,-2.366956968918732,-1.5644979352317634,1.216497420621181,0.9851539332007917,-0.5314326261971747,2.2612361765273192
5129,2.4092467926824277,-4.691443358489991,-2.095369642420554,3.840922248347958,-0.27503561532709586,0.811679575209757,-1.2450912833319414,-3.8575312033057862,0.8935293019053807,0.03601840469233686,-0.5210980717880496,4.694172851829574,3.6097226854726934,2.1351101353630035,-2.972283133612393,-2.198462239912656,-3.1316097652420556,2.5575223179319373,5.685362646549411,1.1968013496726204,-2.0948438673708267,-0.9264085335761703,2.6206866592398868,-6.4815982545170066,4.408047805411197,-3.9795646023805062,0.8440956566785793,-0.6864892304418646,-0.39844785915638425,-0.1876417701094173
5130,-0.7155764505739288,-5.140406443016683,3.704484336487326,0.48351307765395646,0.1797499585710769,1.488235520880771,5.1674171049630075,3.0391484163199145,-0.9191878219581024,-3.278866330609006,-0.19706210125042656,-3.8114492674638782,3.641291057445116,0.5724692107263856,-3.0699100935798107,-0.770300068046982,3.3312425706634095,-3.704792677207587,-1.6641424483324698,-2.617675718316738,-2.5941474668290585,0.21764176718831862,3.1875495987326907,3.4707742675551962,-4.144209308496663,2.6195312043705776,1.4935465683682665,-0.03656572376174427,-0.47339061470510124,0.5410878742262568
5131,-1.8273163086321453,-0.7930976215558552,3.770573885700884,-1.5183163512008306,-0.4355165856810732,0.8036729813715286,1.082090461008626,2.5194404909371677,0.3578579137845823,-0.8328167177848904,0.4708944515159903,-3.5974665994599526,-3.7123736413559367,-2.962973134133266,2.073837639228877,1.664000478125157,2.050539998595255,0.8869686595404378,4.773515649891401,-1.345295883826731,-1.441818768020898,0.3890007668712121,2.4787248438525395,-4.854126608769597,2.885549950948537,4.896524152364037,-4.443683186044247,-1.052125977165388,0.37938243774278746,-2.6656473778441345
5132,3.6875698380271125,0.9394211645496711,-2.1751237496458415,-4.418257353569064,0.6082752471757704,1.358114853464885,0.9650745654962023,-3.8055478511750778,-1.1625308347903256,1.1162510688245462,-0.3017770446897128,3.188530096335864,2.711604774385016,-2.276080667913254,3.033228808678686,-3.2088049090786566,1.020239140691995,-1.2801871467633017,0.804769248821227,0.6560940401716611,0.8852368678835241,1.063432680500835,-2.5842544573586625,-0.8252783800206487,1.255523632139088,-2.259649608062638,5.257136982713142,-0.5545884009014168,-1.8540368358668982,-1.8443857700197288
5133,-0.5991320777273419,-2.5452734556702303,3.6089997946406527,1.9408938910699334,-0.020053769674686306,-2.3854343826358217,3.1361066274977567,-5.332823886340076,-0.8901851736976836,1.6258615856109273,0.13559322261692142,1.3254476243136537,-4.227908625462682,-3.181629458830626,3.526622722366369,1.2036957756089457,1.5981578431644117,1.0810617431540521,-6.0542624259179405,1.718661118401144,2.6311990228562365,0.44470991208285504,-1.3474999295888388,2.6071923021644956,-0.8804509505063827,1.334184874085473,5.487764161482865,-0.5059140162760869,-3.6497510410216822,-1.7858330277626386
5134,0.8786850844619369,-4.235888357249717,-0.3232846652127215,4.548599465829206,0.9533257790920904,-1.821437306918293,-2.4361062875321124,6.001654308171368,-0.20436549950841343,-2.7753812735513996,-1.032854647288329,0.44705339971040203,-2.1234698637545932,-1.3148422795300299,2.657521823780744,1.356841321115244,-4.136474549225781,3.560423547614885,0.9693061281647495,1.8146253441830265,-3.311950627145414,0.8763209407178261,3.057277540253473,-3.4055793261756904,2.645531783939088,2.5990430064724883,-1.6610345685156105,-0.3714452081973034,-3.252264155967861,0.04016914227073265
5135,1.860896689917535,-5.601482794557153,5.076417160576895,-1.6262380449589564,0.844287457735367,-0.5538804687112222,-1.183127080756286,-0.525094167894693,-0.5689603908755245,3.4926858201585276,0.5245104107613745,-1.7400145913918976,1.7164822998620153,-0.256454836998774,-0.521382514041342,0.17675221680404718,0.9498315393608046,-2.0652287049863034,0.5218362376927885,-1.464712286641893,0.5772172760734797,-0.4257679668355232,2.7800018997823024,-1.9885751600732071,-1.395095337557546,-0.6303680445105755,3.9841622848462173,-0.03090642696261714,-0.7286854408434369,-1.199107034970508
5136,0.22019819082182224,-2.8140620201332034,-1.6011155707035414,5.799636765029888,-0.6046575291028962,-0.9999998359096267,-4.982136243665643,-1.57851830359035,1.0957326793499451,2.124807948351666,-0.8291636566180633,4.169277576173929,-1.6308770692624286,1.0903947892609551,-0.9414272218714395,3.899690712994623,-3.5551429179190475,1.1373617067977904,0.4317293202566219,-2.1812734622900116,-3.604586510230151,0.05408043128524387,-0.3559678793121943,5.656018100288449,-4.648766682225709,0.9771396114198829,2.2917609817444458,-0.40384201317443313,3.073268231743384,-1.2895601295060253
5137,0.17961833949113348,-1.7993368651098756,0.440056508750466,-1.42606983757155,0.19477767896273024,2.4109541754795707,2.6610608388354287,-5.222501188003406,-0.4985199049237403,1.459636046813607,-0.7432035936864709,2.343527800966033,3.017021207942843,-1.114833514738713,1.3964251011989504,2.490619786483446,-3.3666046419919713,-2.4226279388940952,-2.7885708475682307,-2.6186071048581976,-3.2966704398958306,-0.20317671240456114,3.207190269752303,5.699834834972471,0.11455943381260525,-4.0037219332073,0.31675862586960335,0.40187418880975834,2.3451217781359155,0.8254079065809723
5138,0.837738525096265,-0.11975479220539498,-0.18218215890006206,-0.8865523589285758,0.9917792653979922,-0.6410284804577557,-2.7963103839927577,-4.511290347259447,0.6215515064003849,-0.23179490917149437,0.9313195653508775,5.986524568673872,3.2755583273290902,-3.5168604020193293,0.58918872153615,-0.65881621758626,3.766264899559456,-3.455335328818647,-4.061113704776446,3.1478901421083485,-1.5789739070601385,1.174738421247219,-0.851981980307313,2.169441028786288,-0.3226724594747026,-4.576249986205971,2.5661949842452927,-0.29354070336989846,1.9272855195809733,0.6989826452258967
5139,2.953733856473729,2.6415111314265367,-4.121208235879884,-2.716165382703462,-0.015413994485597549,1.2575426251711264,5.117561022551534,3.2443348499451616,-1.0327958218378135,-2.1812110033131002,0.2881794242628528,-5.4360684716072,-1.6979468407921754,1.2430004520513798,-3.4742263180310733,-2.8659385467560856,3.7736365435297508,3.0214747099986887,-2.29315506426299,-0.6048605753128431,2.7325235429315455,-0.9971122045669238,0.9932582180726612,0.16934608313652078,-1.061249555525258,-0.651978874609842,3.198321322836648,1.155032441739868,-1.8615344083935774,-0.7785909260462471
5140,1.5779261318231406,0.12384422964204234,-4.730605343986074,1.9807226505340445,0.9543623842684053,0.09374994772091938,3.5166710006199082,-1.7180978283550878,-0.8186219058165713,2.5871282753451013,1.1738426226228347,-4.74092216441473,3.63298936410553,-1.6834217304862715,3.781975341144811,-3.4822026183116517,-1.5263282386363262,-0.7230121178156264,-1.4619621410580912,-0.6724860765089282,1.513277383907493,0.7751134390145058,-2.785250524996343,2.6313079196393225,3.3527238563433635,-2.9533442162276096,-1.8851544180911262,0.766017620775628,0.18730323331423016,0.5324539238871147
5141,-3.0792335301269027,1.9555970479445435,-1.9199768906544996,2.9173400269234904,-0.8767406168787921,1.0030139627946095,2.762822365257385,5.2208692331675834,0.1190660073873131,-3.0804845173832085,-0.6621556011849057,-4.3601174872427,2.8321981740669173,3.9838358145981836,-0.08684773563642167,-2.099759425370932,-3.0091599331564662,-1.6202668945007854,2.365926857064707,-0.31333768077124446,-2.230256855089719,0.17547805445028786,2.8665369192085155,-2.864347294864583,-3.2253415245198482,1.0061603945680595,5.714092476524911,1.0472775200440054,-3.4931958278776953,-1.0489930387378088
5142,2.3190556557159,-1.5758592751077884,0.14582995567786128,-0.48595400421809387,-0.037462523674019366,-0.3656098083914223,0.46268237883164076,1.7359111242329703,-0.2457545203554794,2.2867954448485897,1.0834201396927403,-5.323054567248992,-4.150867916636754,3.358574704047385,1.7543949499469136,-3.1761312115851474,-0.6381067224318713,2.8521361966599557,1.8180791847923992,0.8544117502021908,-2.648787022492572,0.6355238114248003,2.6242767854795446,-3.2835045094084307,2.152209665409938,3.4874314174897023,-0.7675022232247706,1.1707106779329521,-3.1140769847685217,-2.9287725528376836
5143,-2.4772721720792426,4.622072781530683,-3.520846128979855,-0.5264706984552028,-0.4680397045145108,2.3705559225005715,5.296366225469566,-3.6623858639545155,-0.7477443879315384,0.853997195571651,1.1194523865945127,-2.859685555748193,3.379887020962002,1.56067238433425,-3.792223331639832,-1.4140023978754588,-1.2076281243257707,1.4732944485452961,3.3760990818892544,-2.4693037762581334,2.6218329703870147,-0.8084399703893981,-1.9128288480440343,-0.8073594575867951,-0.386573421196168,-1.5176206714061387,3.621597209595702,-0.7582262088603171,-1.7615024850175267,0.8023255768860889
5144,-0.5507638089691476,-4.659397079809832,3.5893842090306514,0.9518993422946487,-0.06288231862690852,0.73175965608303,-2.1194932556968666,4.340254243741821,1.1707242764883397,-2.2770037509773964,0.6986731986889199,-1.8131547122433425,-0.8436154555279742,-3.8309855375905,3.6464467898928348,2.47035458612001,-1.717217013138887,0.27501663024502676,-6.057858026889253,1.6176016296341356,-3.722122671706442,0.9722218098959585,1.3161578988358116,5.8739993602276925,-3.2778400909493364,-2.330251237879427,2.5032015940240875,0.22741066290568313,2.926065263160652,-0.04858619126001962
5145,-0.06646619771387918,-1.0694742718317265,4.4555997629201975,-3.3711575643022442,-0.490102191275944,0.5416004622060075,-4.284999913389726,2.892849691535293,-0.9361849727496558,3.025538409149739,0.6710088560758276,-1.3682120706200074,-0.9942162414220483,1.956824250673698,0.9678300383435179,-1.8778534765477435,1.3010481101061515,-1.3536326811530852,0.8474299968874845,-1.7516168784424675,0.8997732266676479,-0.2064672013211002,0.6798666223561867,-0.4689857661498529,-0.9511510157212619,-2.991479820917622,1.8183772173822348,-0.37113726617236065,-1.2446538831899971,3.7400447686206313
5146,-2.6393276936655212,-3.9212104904172733,4.024294074417352,4.915134913083676,-0.005315107747593917,-2.373575695668234,2.3933688164196276,-2.2305848181954495,0.5010988948806299,2.4946936977209013,0.5547549701023922,-3.7133315609265978,-4.247200412582062,-2.5861515310160534,-0.22072582554794096,1.466737715616297,1.9804782867308113,3.606861766799476,1.0634073169012659,-1.2399255338288029,-2.4639811150822304,-1.2448594077367519,-2.4054863170084406,6.290845056752872,-4.754144631999065,4.3003194094623645,-2.806041379224716,1.1761992122968534,1.3804634336974289,0.703203955768732
5147,1.806310560835776,3.2773294090568896,-0.9327269995749958,-2.8328517030886644,-0.8611012215940241,-0.45696004563257375,-3.813621315875828,3.116930091149289,0.2806811408401044,-1.8527050922505754,0.8844666251291278,1.3842485510093496,-2.4616827266942156,3.821659470303601,-3.929688967252904,-2.321633617427974,3.682637037884369,1.2087088031876547,-1.504840355393675,2.7500032900765454,2.479173132262993,0.16372419431200846,1.2992559012555827,-5.187316162515582,-4.747967374904849,-2.7786487404249023,5.906296398597981,-0.7495453978011888,1.548826924358206,0.8210381901763562
5148,1.1513332973072927,-5.1969632383630255,-1.440487234861802,4.307580187377518,-0.2065635601617566,1.385100548704166,-4.452354195577506,4.372792795659592,-0.1742083273289472,1.691823446642644,-1.1822720364436696,-0.25578168295064785,0.44902901524547545,-4.205929271048323,-0.8939110826244239,1.8370604511858701,0.20703536351323848,2.6067155237286848,3.478611777659097,-0.9943491578030255,1.165011280490674,-0.6836054501697317,2.0484217279566774,-5.014090178135824,-2.1086602816068662,-0.6642231984822331,-0.681857933554344,0.3149320568316787,2.64903677845664,0.4907725783567525
5149,0.19246476612359587,-1.6558795808353146,-0.07785254292266686,1.0632203384790948,-0.8631658205509845,1.3412128397086516,-2.746503426677254,1.0474209399661163,0.3688436274795288,-2.550088002185541,0.13405995699734152,3.746266904421283,0.8000604849574593,-1.121162743515308,0.2867220666911372,-0.21143466880728923,2.8809442626590673,-2.6351294019845355,-1.774118906801469,0.6009788739723447,3.190916922299756,0.4864742215481108,3.1449019375638123,-5.649153048584672,2.1203081267560897,4.504830268210306,-4.549731954688383,0.6223269251658676,-0.44770808537127316,-2.2500252800709504
5150,1.6544979265833035,-2.8955298880890155,-5.7275875653804995,4.846414565428237,-0.0793131664499056,2.2015181279102833,-5.909207240059061,2.726990870095232,-1.2233285391758373,1.297620457216123,-1.1741867408942492,4.2821111928192686,-3.1732046493733623,2.7379899272117143,-1.6541440451780591,3.7616199320235673,-3.8504303673775766,2.178169202694246,2.144170743384393,0.10401322882579045,-1.8230431565942382,-0.12256745444869654,0.5670185364289662,-0.8695918975983226,-3.9801198703367007,1.7102104898085884,3.338280635241617,-1.1362053427316958,-1.5998684725198178,1.66770256053967
5151,3.051111494323486,-4.063220345037365,2.131383514932253,0.6518445805863564,0.4181417063871189,-2.1892609511894374,-4.297970607045102,2.0706458243705903,0.5826282172553672,-0.9397682630261226,1.2392888705618539,1.3451759578849156,3.7644190801666326,1.4094188643161623,-2.731674955085131,1.9258094139802182,-2.676521305824771,-1.6914510975526031,6.2154960918409365,-3.311379250998286,0.9753768795255375,-0.9830044214623648,2.2488651211943473,-5.145354420102283,1.7318160286367679,0.39437497797732846,-5.519596270213661,-0.6782427473982171,0.895629298955912,3.176018712043522
5152,-0.6878790657856051,5.551420684474458,-0.4258237099639999,-5.306629066480035,-0.9604454562217066,1.8293566139792894,-4.578096856236005,2.318216266530303,-1.030391821923887,-0.5258950653182737,0.6237719729575115,3.192395503991815,3.6793747584687893,2.4289585783552603,-3.0150327028203545,-1.122629938748437,-0.34237432760033926,-1.6282963676544089,-0.7846732094876359,-2.559937176371003,2.442629717704431,-1.2389816278734531,-1.670504622925046,3.8114669189506074,1.453851785222895,0.06147594811026735,-1.7765502041171963,-0.5230259663600361,-0.03147935935936097,0.8157277965050849
5153,0.07911573912641501,-0.2619889128077624,0.9959977831144577,-2.520034887693825,0.7662969727302924,0.9406133055328425,-3.9817768193149483,5.447682169561919,1.1140099757152688,0.871564429530487,0.22523030539957745,-3.6767100608908407,-1.668176705172014,-1.875658782606818,3.6150232293777336,-0.702018196445195,1.1629639616108953,-0.5321335067641435,1.8645618425736394,-3.036217504490324,3.142313192076017,-0.8193929599104797,2.197298973839928,-3.3485635440908688,1.7102842723638076,-1.8443781956591607,-0.6375199880771092,0.9359325396993201,1.6482315446852276,-1.812550173010429
5154,-3.4885167405904696,0.7228201982582618,-3.2970667762491956,3.8481917808687847,-0.28191271121027395,2.496484248925352,1.5159034893564112,-1.6612417629225824,1.1991162856591515,-3.041976111716517,0.501247285751945,1.4869508138730403,3.2033124882209485,-0.7286318216738117,3.634108181275362,-2.470675165832631,-1.3520987556910296,-2.286014926298373,-2.434684224937463,-1.3160937607839571,-3.5520492203534744,0.23923551030127488,0.7273883369940783,6.336203358777425,4.140522309120158,-2.2097681632701267,2.4156484315000597,0.6669524315390882,-2.7196096803548624,-2.293745328532621
5155,1.6468815899688956,-2.7426865704263257,1.4501093019798894,-1.44322624234999,-0.5069769217960269,1.59589884262601,3.8784569899883934,-4.610174019745049,-0.13057149974400062,2.3033523537000207,1.2128268779986335,-2.6538907021965628,2.1843241271636877,2.2028026248742947,-2.8617313320446733,-0.37709206915243954,0.9459997124386916,-2.094303063279085,2.004817912247141,-2.0811045456414163,0.012784690235353224,0.4723964981065354,-2.4940580638697902,2.085163508920047,4.304540379293691,4.167649881452178,-4.735939425009441,0.14072040737599245,-1.2175288141528746,-2.659442428957849
5156,1.1048006577502356,2.1050725800359835,-5.467570495686807,1.2647060352893256,0.27806122932322674,0.7149299932904967,-4.149175306460737,5.640719098495818,-0.46192168908341813,1.1321203469065466,-0.2100984280212126,-1.9516440218355733,2.573764360450138,-1.7600037395269439,1.6804464773260683,0.9517571797800599,-4.125633622810323,0.6796693447814839,1.6540819388147519,0.09232599902058958,1.9195012721951343,-0.4230572125122789,1.1265458912308368,-4.369397888751173,-2.375116576601126,4.586221722049917,-0.21074651356873275,-0.18694552061397562,-3.5958410256314064,1.7824279143670054
5157,2.065252933301309,-5.00738961637958,0.942421233241113,3.7313963673932697,0.6504146777490716,-2.3820955953027454,-6.088052488244575,4.576968023282557,-1.1081159616536729,3.5555199423550015,0.39344616890199013,-1.3297656846398844,-3.974790452062372,2.782318510157676,-2.761658604792091,0.8217174564756036,1.2556002652072955,1.8768128250143512,-1.4671665417527997,0.2753089373006663,0.38507285745254904,-1.0275818868142172,0.15352650919620459,1.6808401246154503,3.4616180422957044,1.2388776505350876,1.1791343575045445,1.0115786102442854,-3.47815247059466,-3.413056189983285
5158,-3.5355800488101163,2.975826228440134,-1.3163731812233515,2.7323645378847843,0.7673075623228214,-1.6235450986118192,3.0618512040104875,-0.679660149816943,1.0797671319072544,1.9144444678951231,-0.18734948019994757,-5.189053173794576,-1.97387004873376,2.184660576629959,3.0216144582063684,-2.564812079680717,-0.7534658176587357,0.08587291123736662,-5.819336190163597,0.4674712029393788,2.7989111559545954,-1.0522856346239609,-0.30294595992271134,3.9081854258141107,-1.9212872944314086,-1.4196479861570488,1.7232432408195564,-0.33976383801150156,1.025492343385963,0.9319635343961181
5159,1.4599623430634914,4.937725924038343,-3.2004086869085278,-3.593054124001288,0.3313578877007468,0.06441665610968528,6.244169154520321,-5.082171706223075,-0.0496539900057229,-0.5445195108718224,0.8061353026034404,-1.3739592500217164,-2.2788842252950587,1.454711812805062,1.294473690153449,0.7481995297324886,0.05324411760556913,-1.271744925001009,-2.272397470487924,1.0106423514250924,-1.4547428081166274,0.19681017055224448,-0.2572937357331391,2.776981492358182,4.428519801349459,3.5765471093247747,-4.281024363083635,-0.7214004628669759,0.09603853461555367,-3.098680619337454
5160,-3.204730573512464,-5.272910167053833,1.0004259706749643,6.019664765296916,-0.6686852112884338,2.1262352158853055,5.131118907658209,-0.05197765231138618,0.4332634856384434,-3.110200990201708,-0.5814096885422932,-1.8207940622398588,-2.504422656737008,1.147702821968732,2.2614936340366008,3.9466747443902115,-1.6425555290900462,-3.2088930145680106,-0.869033630647472,-3.1770926574362797,-2.416960991947649,1.2075830108147363,-0.4403171991696091,5.695821468384096,-0.8390790690210004,-0.5795423084025728,0.02091317520742564,0.28331475131586004,3.138372806722437,-2.0239793558204564
5161,0.6482153785794278,1.0324386896458222,-5.928830628733639,3.5273690476218036,0.0009304134946028775,0.7198770993944148,-5.999704471862927,-0.15720217831399452,0.2225110773603607,3.4900424600435436,-0.0443485270284949,2.488701639802926,-1.935902350443305,2.3705018055402114,2.434995879229234,-2.8208587990799323,2.8662112320651048,-2.914947767310828,-4.085429160726015,0.22620086034715214,2.1605514921283486,0.8109067123317129,1.49427954148398,-0.6065094455673474,0.7258947468705053,0.27095089648994275,-2.0270483143877023,0.8273003788171618,1.6282567300460826,-1.4253544378343186
5162,1.830924966403618,-4.798467462947386,2.1263739354204674,-1.7278370861559367,0.7879215813948166,1.7810840658868425,5.722829793836059,-1.575562083358502,0.5788032680131749,-0.7438785186914458,-0.741166484403827,-3.2410259753940487,-2.318707780256446,0.03266834456460188,3.701231117216068,-0.010620098317740911,-3.817964116665662,2.4133925334596746,0.26978950168035354,0.8260705260593397,-0.8824364474089545,-0.4987892394692075,-1.0500612192526795,1.3354268783889651,-1.2233994906774903,-0.29423317704049623,1.921095905727821,-0.008642182363962192,1.6861927600202904,-2.0810138156644857
5163,-0.3410732661589577,2.9437540389902708,3.930084373720632,-6.181707405992221,0.2164962963429211,-0.5675540369002121,-5.269598117084289,5.369531796673623,0.6489532197426895,0.054356807102859506,0.8487002312353633,-1.651943937668836,-0.17121765169766334,0.3471857105050553,-0.7555078121219658,-3.047273820933148,0.27580532571813166,3.3510082485301,-3.079656874920051,0.3588171575991712,3.169543370066677,0.5929310864793722,0.9010880741822405,-1.9427228134096204,0.8429763390588789,-0.9729596349187091,-2.509177834686245,-1.1516311314605328,0.3228648238013143,3.467927438206946
5164,-0.15407309797437563,-2.8721256193956997,5.139079619132016,-3.9480025511073933,0.6826850074424029,1.152436641905485,-0.7690274063124782,-1.1823402716840583,0.7650459053838343,-1.7054190312358735,-0.7899318639623472,3.681672667812336,2.855433406680241,3.801845494139638,-3.752323875298062,1.3419641928053636,-3.82698845991969,-0.4199307584070002,0.9765327351374147,-2.3322049108246183,1.7001633951986292,-1.1315387463552158,-0.9460843786710083,1.7331319055125647,0.27158776537612184,-0.48055418634147173,-1.0503213048799154,0.7178407234623334,2.2246174967118684,-1.683170494327273
5165,-1.8778116898992216,-5.0310534400990505,2.90005165937772,6.182276403317406,-0.7649568784211229,-1.4085060542733085,5.825276531348777,-0.5079693583711524,1.0473261949765682,-2.115119499954595,-0.28970468658639703,-3.959809181411778,-1.7839283798983399,0.1095580711541011,-0.9088889296030587,2.3503252881442833,1.5517549825046828,-1.3188210323011837,-1.092955130172907,-0.898490427356883,3.319004308729337,0.6580344001087983,-1.1694445542062297,-0.8161485971043447,-2.7885642448411048,2.001967380354955,2.448073390903172,-0.622938365392562,1.5132938574723696,-2.551832018495169
5166,0.17397792373494703,1.1735895285651559,2.9077958044933787,-5.268574237484572,-0.6577898312562513,1.6710008119497815,0.6137022485752475,1.5159137147771595,0.22281851240064388,1.3179012968366166,-0.5446944880478952,-3.1256412845403503,-1.973348285961169,-4.193597382532836,1.2425454811935843,-0.02392737257158828,3.296722797893878,1.6516047619786427,4.712707705597783,-2.1610848460527343,3.7958937011385068,-0.6352536297527624,-1.7575613692257033,-3.954701561707335,-1.967691883773746,-4.749346381007513,2.263876419907934,1.2207565737942039,0.4631665335083106,2.7692387375724685
5167,-1.3879431541402543,-1.5318974703453634,0.3573239496475047,4.919280677296626,-0.39804381129445643,-1.958720191161623,0.933735930025474,-1.1074246001366959,1.2173291673317541,-0.48883220462898436,-1.2437108638428418,0.6889025712527292,3.0864473626524926,0.2293729188914604,-1.4416672411106841,0.7986592879081371,1.026626053023186,-3.6994383813640876,5.007539928022702,-1.6043195040366722,-0.365910837091457,0.27137907066285294,-2.028479524638403,-1.2802091329212608,-2.5612573131857133,1.307187164823194,5.5770560521136225,-0.4710249968136404,-1.299297087995079,-2.5526638189407365
5168,-2.8971368213231905,4.1949770721426916,-4.911904086328491,3.5243163780645475,0.1304079125558233,-0.04066045510893801,1.660242851217692,-2.1730302085407445,-0.7896351044884389,3.0637816702760965,0.9237618614473941,-2.6851210699105543,2.8693811535636122,3.498421440425531,-0.3134829230599223,-2.999779246325623,-1.796514663390445,-1.258025761212659,-2.2931023194917657,-0.11813615842558711,-1.220713257475735,0.37554405105674604,0.7761046653378152,2.4803030189962954,-0.5770245159101925,-1.853082937596863,5.585319918765993,0.8729367227968625,-0.7678128262586181,-3.2603363617955274
5169,-2.6994681980973567,-2.5769584269516805,2.500463779957169,4.853317610625201,-0.9742792351087872,-1.1030755304221262,1.8592898054261653,-3.0249184167778402,-0.7133434829254206,2.349181472026803,0.8721854561006506,-1.3423948338489282,-3.950768943640387,0.041417063370065677,3.021769038412991,1.518059647644801,-2.1834646337550048,1.5529878279680283,-2.4552306658310457,-2.939009408405285,-1.4955506730032688,-0.10743207870864335,2.822264505499783,4.174958320446201,-4.26186809957642,3.390231095161923,2.584520496212157,-0.5765768092037753,0.6747984978646624,-1.8111051804569058
5170,-0.8671752509553095,2.447467124345298,1.3534652437947017,-3.640037299596738,0.38082738782357994,0.3254527945908574,5.072619405759092,2.7517252180740464,-1.1625821443646882,-1.9208870745596283,0.007305324836647031,-4.748180729744028,-2.1674838840580435,-2.5129144636842593,2.565637897131065,-0.8969822486093122,-0.1342263870164011,3.1459690862374465,5.4001527938747955,-2.506867393049861,-3.3797930309158577,-1.2179044943074873,0.44135518545000174,1.26305693894615,4.398177780796857,-4.999216428384257,2.617524822842938,-0.6393588548079707,-3.1601958366726812,1.783068516226738
5171,-0.7546282842327088,-1.32544768801257,1.3915328505909734,2.7334419497297233,-0.10847639764199979,-1.9364224304310103,-5.238365543354423,1.6716317296064744,-0.3550752974038227,-1.6344083874293514,-0.39543007788775864,5.951647576470297,0.6370855511084734,-0.421710912192534,1.2218938510484172,4.06550877848559,-1.9814041639940037,-3.521373104455444,-3.2801392133,-0.8533605499781824,0.2717365194908119,-0.5279252409045547,-1.4802666987757078,5.869955183465358,-3.7294357683603963,2.450023061751274,2.976947225461309,-0.29219722833797057,0.19704585154071452,-1.6023831420532986
5172,-0.6240910873119105,-2.845502607111076,-1.3461028050141266,4.822136106537172,-0.7916197302388093,0.7851801231411173,5.880476558807764,-1.8924894893758264,-1.1359016634691188,2.392353148526219,-0.5153017550032599,-4.7291367994843405,0.2654655731612685,-3.9804421874786264,-0.4493487688581652,1.3788575704238397,3.923785860138292,-1.1383180473861199,2.9425825496127267,2.2536114500151463,-3.1428602322261714,0.22036893029759774,-2.2906247953127785,0.016922097611210773,-4.709733503309225,0.6343012862249786,4.878260785805178,-0.8404398049262269,3.5213741308855795,-3.483762894678673
5173,-3.6402963841805978,5.747541905417499,5.3116847741653075,-5.790697924224194,0.36768371305465397,-1.995916084230311,-1.8254139260369122,3.7090747194620093,0.4282807846470087,-0.5666227268427928,0.8672702384213578,-2.612589089649269,-2.087355280695686,-1.2217976618064768,0.5386464114361296,-4.179139636834556,4.1745541580588,2.7750920098423215,-2.1788176933392194,-2.2693700186904504,-2.080914206109263,-0.9418899883543848,2.678616810065467,4.792375096425609,-1.837075807763803,-2.025809659089152,2.3315446916555302,0.5652899908708928,2.2611920119469993,-1.2951412276188758
5174,-2.9993280747515545,5.539773039811891,-4.780086108766582,1.807945430808406,-0.9783208414234252,1.4100165543236454,3.0573680363448617,0.9297679321088097,0.48217905166634445,-3.716296051213874,-0.9505024163833182,0.19748344747853963,-0.03923935462524142,1.244284125256982,-3.1679555291371155,-1.3232849370988617,0.8185116872025908,2.4676840084021734,-4.164218420837734,-0.7514547462957548,1.1238082262595377,0.9755798377202183,1.7504087382810862,1.0658763648703946,3.745119588841632,-0.5281287595589568,-0.24210116786026958,-0.2906699419887273,-0.056632365056939804,-2.6275873543751445
5175,-1.4683747393947044,1.2444765648412215,4.334784712305417,-4.55998624943205,-0.18886043019481957,0.6379601418773433,2.3466582415714363,-0.20933598309426316,-1.070965809853066,0.3619706126095732,0.43543236167272426,-1.8637594229050478,-2.4491886659662008,4.212591644567226,4.162601826858221,-2.937724398771877,-2.63323812650998,-0.35504228017686934,4.648125241977951,-3.1876950503963997,-2.2177302865961117,1.1664848419297336,-0.5792412960433069,0.1700565491258743,-0.8049115017427866,-2.7557129432557943,2.900368695709467,-0.6577746178599071,0.316996655921999,1.0010337112286685
5176,-1.7110516267694642,2.4890166943757315,5.132844048939578,-5.5414450319333675,0.7541503197619157,-1.1235144043719547,0.18536415251402616,1.7580272031332882,1.243869958344952,-0.38309270677553364,0.5524117550415584,-3.35658036225691,-3.260366116232877,-0.09943150630125075,-0.9347428951982408,-1.1787180716036545,4.142985944402273,1.3302726449342828,4.924472530479665,0.436734987435095,3.86718013944105,-1.0208667526523647,-1.6635230890094839,-6.54399781569624,0.38034921674608313,1.2856581434807985,-0.8103419277931572,0.003348602904242881,-3.293873123408895,2.4348590880725602
5177,1.1338467239102208,0.46986842009819085,1.9081157534330906,-2.920000710680526,-0.589843122716414,-0.0019870640421046915,-3.222298855606514,3.192387349911872,-0.10649805172912519,2.6285005293835546,-0.30947921093467734,-2.1826117610237112,-1.4373332786755846,-0.9056293610700443,0.2881586574144315,2.385690932749135,-1.7706235346537191,1.4397365842363428,-5.19371118169575,1.9151696947463837,-3.609717244096453,-0.5756759392753041,1.5848558352247935,5.879078835094056,-1.1511460081916844,0.33202800327297766,-3.8239706006586225,0.8834584337027485,2.784201715660693,0.9754284562155515
5178,-1.3510941103087521,1.1604162603334238,-2.592631349721902,2.400998907264203,0.990710828803052,-0.608400536367542,0.7036513311385129,1.3498658713735807,0.8204629178652407,-0.300658904538162,0.6686866003097727,-3.2420078161475203,1.603116985246558,-0.8144680340350128,-3.22529586184765,0.3378990860769413,1.2884108093080968,0.8103370152516494,2.2405260022680054,-2.3751156039541677,3.089591735505852,0.9076167526677548,2.689703111904258,-6.552321998393964,4.848716694935227,-0.5284221753602871,-0.5216459945416112,-0.13700866760980723,-2.029625657226296,-1.6320142001955418
5179,-0.3509891021025968,0.9287796054461452,1.3785566065447448,-1.9697848075619326,0.16132572521829402,-0.14788802754213215,-4.764120506464728,-2.3047689482784826,-0.43328444116676224,2.9086923696229086,1.1159352627822736,3.477546263506209,1.8688401015817888,-3.3655307400864594,-1.9485406714105302,-1.4757612175753199,3.8758854697542624,1.0451070577368284,5.2766644195536045,0.49300817289566545,-3.698525539160519,-0.9202040214133733,-3.108668259088743,1.9577252272110854,0.07008535772808955,4.4900184446283475,0.343140566811897,-0.7036930013743579,-1.3515793885567007,-2.847971979235556
5180,-1.970806653868328,-1.432610999954779,5.0945285238756135,-1.472724354534538,0.38715038111489397,-0.6055368966303245,2.3939408674149902,-3.644180135797505,0.09719535803437562,-0.6075365613661372,-1.2198749972706766,2.980455468986385,-3.9837946735264094,0.7769610534215126,1.4936257279133294,0.46587864547322155,-1.7321983673883086,2.979527614107276,5.585328363267216,3.339103886629541,-1.5856394889767937,-1.0139594003205166,-1.0007629366837403,-5.32407042391797,-0.07969626398964991,-3.3943866553295727,2.6386247807819316,1.1468441021980649,0.73502098897176,-1.0464069526308322
5181,-0.012955084418814877,2.377227053038716,0.7575508982356212,-0.9491905899390538,0.2617903928443934,-2.434422669758324,0.30571608214726,-3.517728977898159,0.4895993082553076,-2.8175164678401554,-0.3638282260104546,5.90375828134767,0.9605229636187502,-1.371381328426608,1.3105633313386207,-1.761579889276545,-1.6157377484217488,2.477612671168128,6.128431779874493,1.3325892285249186,-0.9920555243050497,-0.054857921988822334,-0.766812469764421,-5.647295092343388,3.7745297655961387,-4.988538723667238,-1.821268132895291,-0.4190132901548189,0.0018324973295040792,3.4524578837934214
5182,1.8265344389677303,4.854735819136955,-1.8155877328366934,-4.729610792349117,0.9133750349149947,-1.0494467678313342,5.167304667279563,0.26146923958455304,-0.43922623744774114,-0.8296788063078431,-0.693244111111925,-3.466624751995152,0.2954205526736047,3.26875293128964,-3.462978989854154,-2.7529523156490985,-0.7113834409816491,3.363141262522287,2.2996069671084527,2.8343697679549678,-3.1666822279421467,0.01689854166515392,0.3498508025934086,-2.3340438513821233,3.860731916252803,-1.9295652655849551,1.4064989733763262,-0.19744552540265747,-2.1440264207795074,-0.9961936778603473
5183,2.1546671984163055,2.63865697419595,1.6551380345929374,-4.642519117971236,-0.3151755164691905,-1.4907675727622376,2.3171807533117956,-5.701686190016435,1.226662091822429,-1.7100874768125305,-0.19444521585746788,4.062376037553626,-0.3372690483997012,3.3401599865482687,-3.0553101410692527,0.6902012921404754,-2.4854547396055366,1.8476726503863645,3.3945997141535535,-2.852914425766535,3.487400233407257,-0.6931626586137032,-2.1015136542253305,-1.2344092089575334,-1.1873143327080236,0.5170108474950972,6.227950008281727,-1.1597692148336263,-1.5008538851587208,-2.8970234230747653
5184,-1.4187761640345915,5.5018789079704575,0.7519350578855857,-2.907249627192332,0.233707190181895,-2.1614953648084763,-5.410159777733547,5.403724240885797,-0.4234363337586107,-0.37776294436621427,0.7853320565829742,0.0223027583909996,-2.6647938684679335,-0.20434503826268724,1.081617379912057,0.5370630118220205,-0.28141361948111054,1.5318721344782773,-3.6289947482301486,-0.54224284615794,3.4396407961134976,0.2068000691248013,3.1459956503570297,-2.621198921209512,-2.8665492483338326,-0.28861191708372047,4.195821605317448,0.0028870132587641706,-1.2748511321982452,0.23130367904126814
5185,2.304008273393599,0.21033572868683237,1.0830695673876924,-4.87632958004837,-0.3913097023813088,1.6702257129641165,0.7084073806115896,2.2436224818957378,-1.010311529650171,1.3446464568395413,-0.83196527007187,-2.454399519623429,-1.0267821389164595,-4.189561757841572,1.6696241884973624,3.4586005206243016,-3.4962062447176248,3.584325432354653,5.223250115513398,-1.0394265030623178,2.2289468773912233,-0.42165897700013755,-1.373061331532245,-4.6180501813121815,-0.8211176000011768,1.2474165300983238,-1.250390780823107,-0.9306160737378324,1.6467033246398408,0.10800459982562494
5186,2.7884095458646705,3.763563651974625,-2.094065078029935,-2.66335948503394,-0.2128046279822684,-1.581744006790549,3.8742608593456573,-3.3117372833986494,-0.8452459653104158,-2.829739638898772,-0.5360045811230147,3.648466609386574,-2.444056033391803,0.7302583461998466,0.7209144176826001,2.8120646132857914,-1.2395000496126318,-0.5796812941631231,-2.337306839237325,3.375634974368669,-3.6001735320387116,0.5148693732531102,1.2630170117408355,0.7839590119111719,-0.1485161768512171,-0.5344517994423263,0.17128715468833633,0.4165517564788175,1.1404677221226152,-1.045338656994577
5187,-0.5808437943033535,-4.604195809366733,1.9459418053716497,1.7384555921082132,-0.2351363784435554,1.7357785846363711,-3.146523122821737,-1.7288495132240378,-0.6399939144906712,0.5261035558023774,0.8097137096457665,4.179549285089678,4.166460178552992,2.4767459859149774,0.06299833561720192,-2.415470733413944,-2.9386096338220202,-1.352124132848548,-5.0764843693132455,0.14559900871954845,1.397107363260151,-0.15917875755508515,1.1654450676299177,2.527511687256432,4.215675732209569,-2.952573513052659,-1.7027041237751028,-0.058876075842949405,-2.3858930173286375,2.8843709977914607
5188,-1.783295770414771,2.011413492792343,5.619303444230418,-2.9526364906923384,-0.9877649011501075,-1.907019774762933,0.6512397668381631,-5.268262884966319,0.6454895789483928,0.22976403504330456,0.9516522323787253,2.7901172717590867,-2.7627370979524812,1.4795677347219005,-0.24101315383391153,1.329552246125001,0.42028700634778815,-0.22565673540761821,-2.8107633691747473,1.3230837922776608,-1.3639319034489787,0.4169168562362957,-0.24873306089206437,2.683427684999561,2.222811277266281,-1.831232298330299,0.781850476010213,0.13253371332399944,0.5080842321930206,-1.8140474004615168
5189,-2.9898124545709273,-3.4213510958717848,-2.1759351748630493,6.150892720503805,-0.056838869612504395,2.4930448744170324,0.07419817685732255,-3.12939768131411,0.7048569766288626,-2.187093058109543,0.7859527901576264,3.7514827957811754,3.541319135418725,-1.6493927547116698,-1.2358302437403452,-0.5397366926948841,1.5272899769073938,-1.6436494211785444,-3.1584908544739214,0.5089567482575745,3.8612424544149064,0.6220301751095274,-1.5890168207471476,-0.24472170256321135,-0.5530980484765138,-1.8037441954107507,1.9893827495462801,0.4358913550930126,1.7131756462688017,-1.7816075070191264
5190,-0.5885402039519825,-2.6297713731145542,-1.084152396232426,4.5722674048871355,0.4005589427732579,-0.6703623743588416,-2.427473899940985,-0.0067454558902966255,1.1443187687710967,2.71989972306109,1.2072481212647395,-2.6372472572643133,-3.944904280439749,1.2239422481418245,-0.9267208818672259,-0.17561578945412748,3.6243850390209857,0.1989136645989653,0.8676920736366576,3.1093469830825455,-0.7234978646896035,-0.488651511448265,-1.351349376753328,-1.4135403038302883,-0.861556566988618,-4.308684839451386,6.139414771816732,0.5126741922013549,0.20134417256422843,-1.6831917301406243
5191,0.4263950396362173,0.08176139913531699,5.754601859917699,-4.874755839236787,0.6014255189045423,-1.989427978354394,-5.276918955611006,0.892869435135438,0.8930911668024155,-1.854520692930123,0.4535029221278517,4.891976124476763,-0.17578008513692112,-1.6883961243504864,2.455447529269808,-0.4203556464438343,1.5135321541443965,-1.6844478274822645,-3.177139091490691,2.546225323424814,3.578609688003695,-1.1871667737654774,-0.406032812286373,-1.3544963338882283,4.5161180609259794,-2.708180000737599,1.2130078451440625,0.31551148230708304,-3.736149959991984,0.3996925723541107
5192,1.30004358553089,-5.469157299911842,-0.9325856869998432,5.070518061548697,0.5274933907379586,-0.4963120509032972,2.1134222630908113,0.7308426067449254,-0.18876469181904376,-1.8642287168745035,-1.028894794074728,0.23762333293386462,0.3117025356328291,-3.712957823301819,4.242402855038822,3.752401946899539,-4.177977423977122,-0.4155720902915583,1.4953228256451823,-3.3822695961188156,-2.566668924089017,-0.4479312860999354,-0.6851485402351294,5.586695520895468,-0.0029532956367219754,3.9492554884909907,0.019182388816130214,-1.2331234677156364,-2.771015602427161,0.03865448847405695
5193,0.2036142307265063,-1.468455356984709,0.42902894485135334,-1.0193887194023894,0.43262779403395957,1.422573106777886,2.379345627571176,-4.247680170057638,0.402928792947014,-0.37601389556305875,0.6084947755873555,1.2329248695164772,-0.11417275634453361,3.0590885989136822,-3.28868560970575,-1.8685037054442155,-0.7351587875986674,2.9474322601801752,2.123898851573678,0.12295416056383246,-0.028058646156626565,0.9224203126934194,-1.1831502906657967,-1.9580643880107615,-0.09586637337699955,-1.6101205063785713,-0.18624596680155392,-0.49379177213934433,3.157662471475472,-0.7716378527772996
5194,3.6594465114105432,5.2027952316217565,-3.856105922535747,-5.555102266657272,-0.5135671901295544,1.0625336362929403,-1.3674549644847076,-4.232628302212767,0.1473939554741861,-1.3601481230187655,0.99532383466663,5.817513599576756,3.059656178085337,0.8414158361207278,-2.2372284322380978,-2.25164179784878,-1.0905347592529555,1.6783329751344418,-2.5121357348872912,3.2208791605510356,2.922273355974898,-0.912733827160241,-1.45786558121989,-1.260417373260747,0.8083562964611808,-3.4246036693560384,2.772905242851028,-0.39351028551571776,-1.99683044141117,2.233682856972411
5195,0.7691240502477221,-2.3097143856678457,3.2565570570942626,-0.2658136406082683,0.44037255109658346,-1.890525632159802,-0.9029754819509392,2.0136791913700023,-0.0855912309681175,1.8949064489127068,-0.7067372383964123,-2.213281688965907,-2.2907642205237924,3.000836003322469,-1.5120808360369864,-1.9023706237636624,2.701150678791006,0.0032289982116484595,2.20883790400892,-2.188559964641531,-0.03287939023156028,0.2156170738725276,2.9975833295723415,-3.2005989525829115,-0.1327414201497632,2.202097874510457,1.1993272918427955,-0.05916600312625153,-1.9642784474894928,-1.245239295586046
5196,0.8792274215904428,-0.9697549265625369,2.289465677447513,-3.704244271483823,0.4857823486732089,1.019523750337843,2.5531189148624485,2.2988074568179613,1.1727654674859052,-1.2273888853279349,0.4552055919445239,-5.25250854578157,-1.7403674633633077,0.9263223430252623,-2.805416265690825,2.750854274126631,0.24392649348421003,0.6246806184187079,1.4701058848511295,0.6150376737053698,-3.3351750436393797,0.3083244277563777,1.5302570231510462,-0.5885499658267506,-2.625956120848386,-3.4594080584314355,5.673500657036637,-0.1998932618198621,1.5474956071960513,-0.9357388231313024
5197,2.2621310272430364,0.27607059042005133,-2.1958972203626637,-2.4456994318265224,0.25818739091655996,1.8452076436121452,-1.5403346490532321,-4.47595424198893,0.15760924491673833,2.215237655113228,-0.20032199510723103,3.843763986120745,2.5618214600467795,-3.6670236294010845,0.26263714322580967,-0.8473188987108955,-1.7342303942768833,3.4241143191169456,-3.731617939123037,-3.0272970432882715,-0.8648631876444242,0.7107799128978254,1.623375341271938,5.289622915883783,-1.6342721348444087,-2.8491277428253845,1.2236553217136112,1.1639601821235992,3.6993593246722085,-1.603574950837917
5198,2.184330743639727,3.5924876834624264,-5.200201053803529,-1.942157571068467,0.7480763251936411,0.6174638725788224,-5.852921976908338,4.428592113206772,-0.39752258229621074,-3.1009302808375967,-1.093765055528174,6.0165477823648885,-3.10259941997222,2.559019201685583,2.789283470439745,0.40990973106374895,-3.5874711490063884,0.9318581657902243,1.2258698887380497,-0.21505307547036345,2.598652285202057,0.1994434180321072,2.8725449488896064,-6.6814574653936525,-1.113744413202319,1.213864393365423,-0.8918299182944338,1.2329070412871364,-3.504210812739096,3.0630137095850003
5199,-3.167747414248881,-0.35531634843585636,0.12495880842314122,1.7121427357223098,0.20736460179050198,1.478597616751415,-5.325390175990631,5.0534947072214,-0.10793739872809205,3.558055338748243,-1.0547101856325094,-2.1235122856171067,2.7008605115638247,-1.5595149475524668,2.459535397518742,-3.9205005818356184,1.465679934076121,-1.146060313769894,-2.3822125864654566,1.4270707638611633,0.6061851912776817,0.5848729939722705,1.7091767673996596,-1.9450931300474998,-1.2056846779936983,3.63102443575157,-5.332063688908228,0.012894187593214035,-0.49327184484867637,3.3871015884075213
5200,3.056806605200528,5.0773314652487365,-5.974583036784342,0.5356177561094171,-0.5855461116517029,-2.1096266781200166,-5.016633672455313,5.81482767220999,-0.5887635839051759,0.1402960625369385,-0.4139331632302863,0.06420668484515701,4.176512424093758,-2.3584712438229136,-1.604117506733738,0.37108587900859646,-0.008963461547907059,-0.5760460909970782,-2.3655378692784517,-0.10056632813601141,-0.7095657751309563,-0.3923301390023157,0.2763864661051567,3.291613645440389,4.8556132808121575,3.359016397624128,-4.528012036334733,-0.9031822287123301,-3.310332770201466,0.5268973568139401
5201,2.437053443863306,1.0005701090037782,-3.5662987787124436,0.6972916225759391,-0.9051509880637834,0.3365345913358162,-1.3545220211699132,0.3921182265618093,0.9567536149400304,-2.0909003334975385,-0.9734316883049203,3.0699822014718556,0.6504412908346637,-0.8404137799685039,-2.4152184852982614,4.23613440657774,-0.7909283405999119,-0.8400150915450055,-0.724084218275518,-0.012867551621996043,-3.73159901937578,-1.0026233232833217,-0.8154325168435221,6.286606629397944,-0.9480894059676821,-4.2620595028923045,-0.5945664286040824,0.7302915210585015,2.150947100578552,2.9234767158287482
5202,-1.8085640461270813,0.5193770344687572,-0.07798775671096436,-0.9388630056603233,0.7603472549878045,1.545690519044408,-2.123513005533553,-5.081297659610229,1.0495636685358862,0.7210904128448323,0.7566901057322042,4.677466478032208,-3.333090317140707,1.8072362235656705,2.9192678231658675,0.5129453017315662,-0.856919381096688,-1.0494396502249828,2.2769878866663085,1.230103638951256,3.059556612486972,0.2466936366093222,-0.5575271527526606,-6.255814621963385,2.008708263418793,-0.5860294098320971,2.5877974726685515,0.20685895784579778,-3.107184575492898,-1.1101507086064153
5203,0.8549546919272029,4.758116016159235,-0.2679592259405723,-2.36401622273209,-0.8040111207133052,-2.1770841386978645,1.2270725381732213,0.08600445824477987,-0.14158984196295687,-1.6794959548848851,-0.21440842122069537,0.7224172216518667,0.7170417533371278,-2.594444761403869,3.5531531280003534,-0.34711081620204,0.605232286442984,-1.9338715901738333,-2.3548663126261253,2.1733457426695644,-0.8380234149198191,0.4032854522995146,-0.2272403669412526,0.8434988995159607,-0.3414001918231335,-3.159757385335702,1.9489198449877811,-1.0277363171101999,-0.004685139804918137,2.584659189087912
5204,-0.41850763215003006,0.31615075250893554,-3.6756239403144626,5.687918270766705,0.3043736629840983,-2.2143111137926565,-3.892738251195272,1.081774655893863,0.8833851392453802,-2.0569425796183634,-0.735895508931133,4.72041654460682,1.7110948562533075,0.9917279465628397,-0.020222649873307574,-0.9074157931965381,1.4116263539512985,-3.1868107136968735,3.5145509861180457,0.73635988757718,2.7154361021743902,-0.34102046044427237,-2.9287487608363953,-3.6965777545910896,4.37763541165285,0.05928673709882659,-1.169815315657587,-0.2860386482724282,0.39985485057536074,-3.380923035395286
5205,-2.668510819550251,1.0179510535804575,4.207687938392027,-1.1525968518302747,-0.6210554110499202,-0.7834759095394421,-0.5179046631727005,-2.850322161760392,-0.9944917329894718,0.5505890508151854,0.994944732900632,2.8171847742080587,-3.426949081410495,3.663438209444017,2.619541367696101,-3.2395423554789726,3.820704514465497,-3.4371926547154246,-2.0223415646704908,1.3703403748977632,-1.0863885943428304,-1.1000770471367454,2.138121725895724,0.7003451053544367,1.3904301311011338,3.3606645160104875,-0.6540632534364761,0.1804745964831591,-1.3008084690967134,-2.9766975210598634
5206,0.6353555292914272,4.277224632497404,-1.0602918868663735,-4.283796019570424,-0.9912525830340946,1.4227603276846512,-0.4545330795997664,-0.8421078388509287,-0.15814413026134488,-1.6965596953335744,-1.0749481282043707,4.2262928722513,-2.264819379036128,-3.8139578803638514,2.499185046517386,2.6303441125633427,-0.21804674672884872,1.1672948470488045,4.539689809234652,-1.7163556312863069,-3.9030136982059496,-1.2022439383404517,-0.6152797378979002,2.8972031964937806,4.374744217234937,-2.304315033897158,-4.384810921983302,-0.4599765358551906,0.789410157990309,1.9849481165121325
5207,-0.4277529229366106,-0.46184890612831,1.6149369155180864,1.4997252777158145,-0.5385154521816118,-1.6865449119848002,-1.9376660869051499,-1.2539072044945314,0.6565619110018686,-0.22625020974154886,0.326851255356865,2.434410334783802,-2.6638393299332375,1.4595226811217117,1.634038085048072,-0.4695208303990803,3.5849188949650674,-3.545119500801828,0.4073760007339935,-0.7911021711546624,-0.8765600427001896,0.87742456182281,1.6992608568238552,-1.3163992055279934,-2.4873575412011846,-1.0074536382048507,5.539670277820608,-0.7216118502129936,1.6251626149180645,-2.94840986311789
5208,-0.287864549559659,-4.625656179944112,3.28794857586821,-0.1936897736754375,-0.19014318630493854,2.009405113618495,1.4073530693063176,3.4693707975067625,0.44744431332092827,-1.9035299274809443,-0.5872869646009793,-2.8333512880507747,-2.4241720512929987,3.455111502725245,0.9271477326006092,-1.3679999270251475,-2.6551230891454445,2.0650358321384488,-1.4023639385349789,-2.781459188814134,0.5155605236754219,0.5115033345922537,0.7921713318957391,2.3645879371835257,0.6079907681348722,0.31298124675913286,2.487390722375597,-1.2111554385951484,-2.081320329919169,-0.11588696875353399
5209,1.2536111407114312,-1.971894658090143,-0.18606596959289945,-2.1546168418633727,0.8504935549715271,2.2084727738660153,-3.571690949312309,-3.033186116015788,-1.2440985775376063,3.1838853924763413,0.04449986897030911,4.620590381420367,4.20806221095437,-3.3660715620878126,0.5342538207585719,-3.526515750910445,2.7858134603653006,-0.6355421790793301,1.538994976853953,2.3740812619387697,3.6834982397213984,0.30764276073897534,-1.154789416091056,-6.749427823164247,4.536539329462219,-4.586250585457702,-0.023530800128174434,1.0308894064676863,1.1839567973673084,-2.1416041477096055
5210,2.2520488668659056,-1.5194960131189106,-5.508582398906633,4.729545687873497,-0.6214226284479241,0.6679064857366672,1.441302268993045,0.4640310016719056,0.09558154834259369,-2.395701088707982,1.1225534156027663,-0.7277671459010087,1.3655628734278196,0.7386672144066893,1.8021580768719758,-2.4696951043685633,-3.0408551518938935,1.6041620915566135,-0.9248292326122289,-1.9179067330048145,-0.6897122028227756,-0.6889095970531791,2.6459586507698063,1.5753991147209554,2.368790899818059,0.7643782186959811,-4.505365510476452,0.28880252448972854,1.9776113553786558,-0.8942174879042266
5211,3.4139866896149726,3.076854870736639,-5.996290148287287,-3.2765895315667564,0.8688344656765672,1.9132036538284414,-2.2198201615152016,4.735133662538754,1.2231664194808767,-1.9438548827776359,0.891098390172357,-2.685723427897841,-0.4961792644376182,-2.6219920524070144,0.16336527526101463,-1.2726602231418944,1.962740926964969,2.264725337761213,-5.031256888872868,3.255528456184827,-2.4496175662996365,0.4497322359578817,-0.272939994923334,4.0485537579508915,-4.818994101803641,0.736664897288378,4.383859607732344,-1.2069242487372405,-0.44388436104686413,1.3492782065688012
5212,2.625519537446497,0.07591500321476374,0.3029499450229771,-1.1708734799917373,0.4141987887334935,-2.2477097944234137,3.8640836019618092,-5.872016727069976,-0.8019511855066135,0.1344848138887631,0.526591850973146,2.148807645754168,-2.0902723747944414,-2.0258974005246113,2.713415954149319,3.878256462313921,0.5358967510631096,-3.011399392206629,-6.217296104221745,2.4107875475622293,-0.4797559357192629,1.1052922717653013,3.096451125664732,0.08452109494653115,-3.9260210019775634,4.6702999234038,-1.1636550835743051,-0.3971411751512406,0.35476696947965713,0.4617503678214092
5213,-0.027427732289904583,1.0562256694363583,-2.5195154628303733,0.6789937252998293,0.608740768782464,0.20298303160422293,-3.974300384086405,0.3271788205409649,0.9355449062454619,-2.4103496435156604,1.0639673777253185,4.057958923091604,-1.346094085506941,3.1955611308479988,0.37682398356202285,-1.9725853037356718,0.7224723867357632,-0.9761781119025184,3.126106140753901,-0.8334250055088681,-3.9322717546145984,-0.45373007477281124,-2.520860882213448,4.614181576353623,1.8191825174107379,4.75710015575914,-3.8420740505366275,0.5328601541826927,-3.6696767735789244,0.40260799676478953
5214,-1.0561561559379502,0.7715704905801637,-0.9175047965003387,-0.05163063734427453,0.09210846424081165,1.1616126349642215,-4.547549244975883,1.3724484117155562,-1.0618527999486904,-0.18869749127924962,-0.28787006180487396,4.7135211862944075,-0.05520261422282502,-3.5234666173953855,1.940931708516537,-0.2748248312916708,2.6531832254387417,-0.7406208710447508,5.34450270143396,-3.08071637833344,-1.6699632084612563,0.1774074319601633,0.21136195778352374,-0.9825925043851171,-2.2040691671488446,1.965361244819512,2.2352956673658255,-0.46719777562477294,0.3443150188067037,-1.8737049882166108
5215,-1.3318570971315218,-5.25315042998422,3.2797765351654284,2.4884415019189703,-0.0897491649497777,0.9065386549837626,5.6186647045506355,-2.90192028680071,-0.01084789580268719,-2.9528030517787762,-0.6172730830444939,0.8641796128772867,1.679712944496476,-3.739043504419156,1.4647698203386632,-1.5483494054008808,-0.9957804278586799,3.1386905728442542,-6.05469796707229,0.7752989237315067,2.0464686399006418,-0.6247327803201737,0.7161970939752358,3.141466089782881,1.02885163514836,1.4105686649345657,-2.598204368155198,-1.2389277960544334,-1.678963218433923,3.0766750825624136
5216,-0.2757696927443174,0.16811827192045925,-1.6085746264666874,4.762906673767944,-0.9628935785129362,-2.083787047961798,3.368145407554895,-0.25103077726085843,0.666336379426907,0.26804185538317604,1.0765143873256742,-5.128007252428546,2.604350167617877,0.7555472242124637,-3.0662866051383055,4.091201822179109,-3.034765607460267,-1.3500470014101982,1.0135794606272306,1.2381818163580913,-3.107217478489897,0.06742766820100332,-1.3437338318989145,2.1317623652002773,3.746750004389707,-0.28730563238616114,-4.625936945771173,-0.13342882158870673,-0.15644725514493985,1.4563686505030837
5217,-0.9543472894982585,-1.2967010475952705,2.4149892432026085,-0.07519195421780367,0.7792940707077771,-0.8680430225964031,-0.6750207919598452,0.18438533821439407,-0.11768319028160334,-0.5830535910157355,0.1678136007633535,1.0235586342806897,-2.4711559824368567,3.4161760958563825,-3.7480252750137932,1.7047156852073009,4.114257832581973,-3.0159683561943336,-2.8641018616083294,-2.6940296402738007,1.5483712208154223,0.9729469346461723,-1.6535178070165912,4.6903311534349115,-4.348949938668158,-0.09054664379701549,5.360082485176267,0.3033723472577776,1.6824594280100484,-2.906417677977153
5218,-3.6303224304262276,5.711029126140975,3.7947160267738482,-4.566587232449887,0.4514192020241148,-1.7602546920601583,3.0300198231246114,-5.64344190290516,0.8355203902334294,-2.6598363106281315,-0.5376102843616808,4.9753482845381605,-3.6032313604007005,3.587363872283543,-1.3155640915660882,0.4115019722672457,0.3755848882439494,0.5443447191726953,-5.72014829227437,0.20055724965774857,3.552493987003732,-0.7720008050125333,-2.0542814100379427,4.793379270661138,-4.071214132193383,-0.08713729243485702,-0.5347567868905649,-0.12982283373121906,2.7435708199291007,2.0793602253226986
5219,-0.5485458418523077,-3.1652106255525716,2.6157912379162482,-0.4745278599250895,-0.49241528181673355,2.0649083712331127,2.1102828228715254,0.6942163848035712,-0.004413702508136552,0.16537298150380408,0.6221430455122379,-3.587601532181761,-1.1114375018906717,-2.9234164323584793,-0.14135868369259796,0.6084891029579076,0.3758439634665294,3.191879551517964,-0.8026733217951225,1.5918524641604908,-3.463998224894226,-0.9980915027104142,-0.1548731829931338,3.827783768230155,-0.2941238154688648,1.0831164986114423,4.238979947528282,0.13952070397428518,-2.3212949529920497,-2.8461983816513268
5220,-0.032371884103744364,-1.7362482190228974,-1.4549839555897535,2.824967012902615,0.6511104152510017,-0.25247336943456844,0.3294177670606828,1.2508098360337065,0.31561794046835523,-0.7936505974308457,0.7903481897392641,-1.8925431358699178,1.4930507574000593,-3.2535192270643982,1.7017919621427318,-0.03180731796908631,3.4756339922245516,-3.385150166733183,-1.4212387208347472,-2.1123583685648697,2.190356218928951,-1.248823114548601,2.587218357245643,0.00484562777135622,3.38592728136377,0.25053873595153675,-0.4631202905028289,-0.10992787478182287,-0.6060853104153061,-2.4573325416136083
5221,2.9938063114023272,-2.5885146435770103,-2.11237687963753,0.9630320592507715,-0.8001328402589527,1.5441859928230457,-0.25020945452288146,-3.175446529077991,-0.6462629662053754,1.6306609749937628,-0.2349769012417715,2.676234876055485,-0.9722211374053735,1.2369544368133134,-2.1409424896825318,1.9450871348913132,3.400485140753414,-3.469363085369471,2.980376984348574,0.9997274217021577,1.090954453704633,-0.8377420178050166,-2.036545572771395,-2.1967712691811947,2.201393609244967,-4.160452686322076,-1.3368579936852214,0.12822069442777728,2.276291829803238,0.8914045465330975
5222,1.5579623590458134,-0.6484591361524146,2.2508533032856697,-1.6320132204517783,-0.6039584573677683,-0.9243848483568389,2.811047847359525,-5.110488017372013,-1.1241433023882634,1.7368731239722592,-0.9030736807728985,2.589784029202626,-1.778404846553654,1.9005070186825535,-0.9312465959444793,0.4365151214217242,1.2095314428074495,-0.8369021404129295,5.016824930818927,-3.2694266582034075,3.3169038915000897,0.9909489015604507,-0.7528630475105249,-5.302388018167772,1.401635059664141,-3.9575027637232445,0.2595003464493679,-1.1341489292797062,-0.2169932657235627,3.6475095526147676
5223,1.2597554856570667,3.7398185269676603,-4.434847790653414,0.74933079470064,-0.4524587413363601,-0.8615982753329146,-2.1932004401438867,0.6291806391354768,-0.08576445077255901,-2.514591800211173,0.5239059860875104,3.640470065905845,0.7317202748539273,-0.9366389691790076,1.530543161119553,-4.120242586664228,2.159147343962811,0.6354707759076348,-0.50213464507436,-3.234343275247671,3.060927799446546,-0.36389252920414705,1.912629996987011,-0.8731873469096421,-3.995560254270174,0.6789274009013866,5.029098971395474,-0.9582362185845588,-1.1799307171901052,0.4257008177497532
5224,1.0134441804897492,-4.800177161473908,4.837623469335309,0.1326256229027578,0.9686393118467631,-2.1521554230979767,3.08074479023162,1.0976942657841349,-0.17839037277158276,1.5239465393160714,0.296470314495628,-5.820465537054645,3.193568630761284,0.040809765771093964,-2.981221856831354,-0.6982369750907402,0.7626104693172948,-0.3175300339268503,-2.6898018129209653,1.9281744777225374,1.8572272229261273,-1.2294970061031796,1.8679919113585903,-1.7340947929853563,-2.6474073796550996,4.410901462366795,-0.3333961244462884,-0.743917137424174,-3.337152204136892,2.6509713832974136
5225,-2.035031820090797,3.6948506265420598,1.644646468224412,-2.8666611330290195,-0.831624971377815,0.39382082973382104,-3.8957319035744327,5.111546095807633,0.583297439641254,1.711146667579559,0.7402903744373024,-4.25054867389014,-1.3582835668093498,-0.019159184105287608,1.2710312704553886,-0.9966461106210751,1.4230711705363177,-0.32001357945527964,-4.123952401224624,0.49727104334736083,1.8707704145186064,0.6322243162216195,0.48924178685351727,0.6344448402813114,3.611154807467532,-1.2584019339972556,-4.954671491716525,-0.39864026259753604,0.17876568901664314,2.821793191828913
5226,-1.6259030164411783,5.404424867852317,-1.4492809324540126,-5.312269031578431,0.71013053337728,2.27289757924669,-2.8129599766969804,0.0957752365777722,-0.8950262126011568,-0.27454628529967096,-0.009533014677868934,3.896290252699078,-3.41398159109494,-0.312469684531532,0.21883909092619191,2.228019831005124,0.2551711617656309,1.0244211919302408,1.2331462394903845,0.3496900044651312,-3.9791851422298183,-0.5382036968385684,2.3277858526969286,0.6067667424137149,-1.8337648990558968,-1.968884741130612,1.2971901045723762,0.8075380427300729,1.8011263270833169,-0.10320483419750914
5227,-0.1262432457466769,0.8412557359186472,-1.0047739629398045,1.6205351740241198,-0.4103096215744475,-0.9204640796791796,-4.8802680608256495,-2.1459103214453314,0.6620867870571017,2.6338633654558983,-0.5947965459405156,4.325024775699671,-0.5417941723778519,-2.0517311470059827,-1.7642575682009056,3.5750434600989784,2.1024020290849386,-1.3196626015984858,0.8696069629225498,0.220350057252924,3.0613380481744485,1.0163219906917167,-2.0212230043500092,-3.146394054693854,1.4478226984957665,-0.6269938650706166,-5.300806362037786,0.7251996465133494,1.9907505067021987,1.7640273753988502
5228,3.1810578748661626,1.183855356575691,0.8948245869561156,-5.9597358285953845,-0.8961493836661292,1.5961473938661843,2.699571364741036,-4.14871578485657,0.2996955667408612,1.4845529829694222,0.6932705221099917,-1.0283746517035688,3.6667927250314456,2.323894363843415,-3.828745905001277,-2.4121465387005667,-1.469722399726102,1.7199277545537868,-3.467334830187216,1.8467128178514045,-0.9307488763131868,0.28097968953431085,-2.9321162014227387,5.202507400535197,-0.6913425032011347,-4.87309397911341,5.229115143282172,0.9693302662236736,-3.288459387708574,2.654450460519012
5229,-1.9871360196020387,4.178281839980439,3.458610892955978,-6.032152623041377,-0.32146374743941664,0.7038596571490512,-1.1460417102976983,-0.7956886282835249,0.1978188799659506,1.4109692364993052,0.8444831552425418,-0.5115409331254064,-2.699329382057675,-2.8768930037402587,2.010440535116299,-0.06559718552549754,0.4922044024347336,3.139174633773113,-4.058765146672318,1.228903237557983,1.7312301608203526,0.5465820995949997,-2.342749804795009,2.894799453491796,-2.024899602741158,0.9932007092789945,0.4783179680769791,-0.3566902948570352,-2.34320936123569,3.2532805814796504
5230,-0.5830403315478954,4.15965197434501,-0.022371395568388408,-3.830162018977653,-0.8935031606065187,1.1694249323580728,-2.633048986694053,-4.416803719770996,0.8856677282960144,2.9271193312060504,0.11458073400554447,3.12248491295858,-1.3326426671623093,1.3392323113814868,-2.153270767975979,-1.247572160594034,0.39727268730927534,2.9969805970422883,-0.22994139012807224,-1.6780647323004327,-1.5246611147697369,0.30741640936126124,-2.1320632376817166,5.257314065516489,-2.839037523762368,-3.1025112407247697,5.300874821359269,0.4908970405541826,1.1772331938427172,-1.0274562912672902
5231,-2.0679004737152695,-3.875556399581985,3.7266397834534537,4.8265899183940135,-0.7098044670056534,-1.899968361541955,1.198137369912022,-3.026304619143314,-0.6294853989425349,0.2967770131608898,0.7416487061643044,1.4192269288497634,-2.036662832913793,2.121867305682901,-0.3845818171807309,-4.034460670499174,3.34665201241636,0.9871860024951449,0.9741949817916264,-3.2923518567350047,1.6273035637943565,1.0195586340834284,0.6445958184543912,-0.9733011413910049,-2.685985799163877,4.665257305008748,-6.037518902328763,0.10135780596613131,1.8664358339542133,2.0904537565653065
5232,-3.337810174116159,-1.9535096314214044,0.41562848268416985,6.006298713801293,-0.6375252196288146,-0.4930821713165052,5.963293717064623,-4.595442180834215,-0.7831889003247268,0.013025337643563617,0.1679735576307868,-0.7656615311788926,0.5770978459680975,-2.192570861838764,1.796739058513758,-1.0233472173313878,-1.34179817400479,2.183879348693825,-5.236981299502979,3.0590938561337353,1.3299266837294468,-0.3374764312472003,0.5680468374879624,0.617390353396825,-2.829866069884595,-2.4137197196562212,4.305756453991414,0.7511208776819442,0.7047016805550381,-0.5179932226858366
5233,2.0923014533993722,-3.1537480389161985,2.9449831298205353,-4.483692303245672,0.4806270366354157,2.1195287223091306,3.4740095237746864,4.399222300637135,-0.7742756719710995,-2.835877330428895,-0.9229739919907631,-3.340104830019932,0.0994096058954419,-0.7050561017390073,0.6015890771190797,-3.5900809844696564,-0.015382967998078811,3.6095213711930043,0.7364377153600117,-1.4125088541159254,1.284296909727555,-0.9305290672201032,0.013730073115326036,0.3085732231309599,-3.227847094428597,-0.9107692355533885,1.4959080957528457,0.6121391317644793,-0.8659696324809758,2.89653873494737
5234,1.901889770280519,-1.159046883328596,0.34560756412947313,-1.7082780112883817,-0.045045178955382736,0.6648727391649611,2.6067493152117436,1.2004410928064786,-0.723865547396338,-0.7275900062912459,0.9361721482876675,-3.2919070026171973,-1.71875272839387,-0.8841252879684944,-2.0470763091219126,1.3867237168336644,3.058950672743844,0.20427993590753246,-1.4256294702489996,-1.7273464558103662,-2.997630109134514,1.141577546658115,-0.14811610712604484,5.157144595659666,-2.828376041850291,3.3743229539043114,1.3863368388245334,-0.9350274258920663,-0.27329427822065,-0.7239620467641448
5235,1.2805659018868987,2.4261052712010667,-4.15462399289283,-0.12223314326421786,0.18985516506024602,0.38033079801141767,2.666429073385153,-0.5305847300632323,-0.8418983283752546,0.6926262134967267,1.0384593382712355,-3.025031566713512,0.5736398767550313,-2.659386355852341,0.6969518214621324,2.0717457229184895,-1.8556337377598506,1.1726826724772863,2.2926893970665425,1.6459427951041672,-1.292365876497474,0.28387732592591064,-1.3775437122011756,-1.5525999294001132,4.326477782137335,0.43670557197754434,-5.280928624150661,1.2461639899436703,0.6371214800181662,-1.365540199924359
5236,1.7006362759286482,-4.240670601105464,1.0069262961316774,2.2375568349725192,0.6405709364001404,-1.3450197423249133,4.470190817908723,-2.3676952403937364,-0.31695063325648754,2.6166893782110883,-0.0052539357440331,-4.396980386724412,-1.111831763802238,3.826653752502292,-3.717531942340999,-0.6512822498428434,1.5122283752063197,0.1417638282782061,4.217676743541752,-3.361614513363657,-1.2465328969852685,0.9578737430517119,0.007662502193795717,-0.5750655784404728,3.8633256784041308,3.8487900066454657,-5.645063643339434,-1.1052304116369522,0.5047176717320809,-1.4665393018036
5237,1.7231919606799053,-3.5261038015262116,6.024758988706697,-4.25312971823751,-0.3253017880388791,0.3565843584185977,-3.063287827001595,0.8734861135439083,-1.0689036260590639,2.649940769335295,0.08651392834425842,0.522250641838351,-0.10265609436618561,-0.429195691212513,-2.7932826455157134,0.9822771627365583,1.6300820909835991,0.7127751773749935,-3.4168994376325053,2.209473986740104,1.555163986589175,0.19371978823459468,2.5538663057767614,-3.095324629710259,0.28502427070035097,0.23732953067656126,-5.316011591148772,0.9046235304716896,3.7429564940915476,0.1460777652103058
5238,-1.1805032409976715,1.1079042153631633,4.61036736731959,-3.3234973685341735,-0.9073604575220959,-0.3069105156262175,2.454859367133036,-2.5938349324417906,0.44083029548351416,-1.247458403395635,-1.0807119379128487,2.0263156111348337,0.3961379123943978,0.6757813136665938,-2.156316959332795,3.336515767646034,-0.11273419800502893,-2.1393838363684736,2.651288498713413,-1.3282747783792885,3.368272537168327,-0.49912382579223813,1.0834255521419411,-5.275587983854262,-1.604998886896091,-0.27077337430990056,5.099581499536164,-0.6630481668563544,-0.5278412143336677,-2.032919857138502
5239,-1.9385847635304767,3.196376182083661,1.7738635018440085,-4.275028246807203,0.05640741002659233,1.186965916385999,3.593472789314596,-3.9135025379222164,-0.4765079853801977,0.27985597120126826,-1.0946177318050219,1.6112994945926822,3.494168473349678,1.29676639268612,-0.41599423662956525,-3.913750813747896,-4.099793253386451,3.6386034377288397,-5.33037013341016,2.884501511372722,-3.8552390034058472,0.9713573132340869,-0.553311184984187,5.883061497191299,-2.0479783504364057,3.4621947197278935,-0.20203553590093648,-1.1986281918090889,-2.716763490201263,2.703210848621463
5240,-1.0611642471359346,3.890375300067035,-3.7051044487534206,0.01353080818449115,-0.42717156047414573,1.2895341481145852,-2.562030862246271,-2.4659836526412278,0.7121082775796106,-0.47510741830841496,1.202201477294274,3.588812178323156,2.994334592240257,-0.8243829427045526,-0.5014809816967158,0.9385082744266526,-2.4405863448065155,-0.16639259745840462,4.99425303317134,-3.009084355078249,3.3716757807720974,-1.1544465020965213,-3.098642502447861,-1.1037554543228651,-1.6745962574628166,2.577756439401533,2.3103902170351454,-0.693333276683517,-0.4189099590108931,-2.1013071632777915
5241,3.5435228155768996,-0.7090684557058005,-4.427525352868429,0.34981192804402994,0.6815674034690646,0.5616916614868526,-2.951957776805969,4.868126493481732,-1.090700655727209,0.6526848753059582,-0.7730481350953395,-0.705104801158047,-3.760616673695605,1.5453138566383977,2.4411317025340757,0.12888795708207113,-1.104671217796792,0.7499543752386124,-0.7846070723002612,-0.698158956834364,-0.2716112734718834,-0.06096117963297676,1.5438381755683022,0.2715003066691324,4.7233554170189365,1.469270453480373,-3.520366722905198,0.43775324780167946,0.2027787027488177,-3.312791098142963
5242,0.8231161751051808,0.3436849973678342,2.9727072216384016,-3.2530753761629363,-0.22625743578625968,-0.6601755821596385,2.012333961429661,-0.562858700292832,0.7912209474264369,0.1424121599829924,0.10153194809959754,-2.484640316644729,-2.2088536939060965,3.9322295265650418,1.7059285380131257,-4.08807730297579,2.4035834936708156,-1.744810561366327,-0.2640248932583482,2.739647696435327,2.02305477310572,-1.1003091275988197,0.7821824365256891,-4.180550885211634,-0.3403038411923802,2.4536602919960266,-2.0838693222445492,0.5370201818273044,-2.215005822326658,1.6484985119418312
5243,1.8838047841054042,-1.417144894102499,-5.221988323227222,2.3719280037590416,0.894831612761521,1.48856881670633,-0.914720464913735,-6.043975548776977,-0.956152850706883,2.7119977701150155,-0.471229429723083,5.674080524006776,-2.214508587343749,-0.3500586232902343,-3.3482672202198316,4.105147383807374,-0.20761041209117792,2.0152974591383526,-0.2981247407627521,-1.2897184382020246,-2.6968042533144523,0.455475037381075,2.1135661892605597,1.715606205635524,1.1504123869941516,-4.6066090021175725,5.273556751877443,-1.097957024970086,-1.2891414928383504,0.5697383810559984
5244,3.4357288797448717,-4.535398154965129,2.388591929056176,-1.1248053037557355,-0.2082987546363575,0.044181404558738535,2.996595746363269,-3.160625673026246,-0.1468792487911772,3.689917865867347,-1.0208666649357854,-2.358142025476287,1.8447689603120878,1.6079708199520795,1.8685141997005132,-1.9794041015478108,-2.9444563748354984,-0.39739350358063597,2.7384379013620936,-1.7329694855792823,0.019425362212817987,0.3555187013129508,-3.18768792859019,1.8072754492795085,1.4998480635897877,-4.225882065130271,2.798960004403785,0.39003573560137816,2.043791659014417,-2.5067533974774676
5245,2.1056936940038185,-1.7874524939444605,-4.239748072491391,4.5226257150440965,0.6803924986566505,-1.2815113412661443,-3.4608801766927755,-2.6451645693059014,-0.034831378768615195,3.5593978266833126,0.6533353229077798,1.9281429751773373,2.068829319807193,1.3922244520195548,1.5059825716440294,0.20555652560133097,-3.491795249541344,-1.6807976195300434,0.44648084081732264,0.879061349081244,-2.0526692113252807,0.75547941076871,1.1789862252892398,-1.2073386146333043,-1.2472421207451418,-2.258202652682588,4.595723583547272,-1.1900039917193164,3.1797146165846684,-3.0799894349832453
5246,0.22395135694820034,-0.8824283308901606,-1.009894533132389,2.9406488125167556,0.9916275130624768,-2.2639048185023274,-2.295332958467533,-5.595155684896845,-0.03807099332955399,2.3230741877577685,0.15425428059864998,5.451231168338655,1.5383766005324269,-3.0848440619156836,-1.0731950671957566,3.4212072506439206,1.4970459628261565,-2.2985906848903053,-1.2508569135199146,-1.4236271295220035,1.2305388589327144,1.0619045941359468,0.28775041996688167,0.09429017000433504,-3.300223623624145,-3.9091267194735693,1.2688676250391993,0.9859151584651151,3.0997131102112796,1.854854449383783
5247,-3.0047864401032207,5.6065783494234935,0.5685607901326186,-4.598511497413714,0.9798388700899983,0.44831992787341335,5.2627247726335895,-3.300965814274196,0.045979226633825476,-0.8971875641258951,-1.095196056109235,-0.01535456475697572,-3.29618035287165,-2.73606903534548,3.4006863574117645,-2.7318422060170153,1.807836875901117,3.555568360921992,-0.9742248067170962,2.9612512131311384,-2.16312027320639,-0.27634709440450944,-0.09907463128487137,0.5515155924797419,-1.5435365117629445,3.758892421087605,1.437420280734809,-0.4404447675506491,0.3538340318401598,-3.5661654543473116
5248,-0.5635997288801118,1.743512166147685,5.256318933695283,-5.303635883347425,0.22972558903236573,-1.3623210766452143,-0.5136506675509018,3.3131161697506215,1.0330888765923385,0.28517155610964195,-0.1575372650795419,-3.960188669821072,-2.5005913531733164,4.023176925101424,-0.6929556910914272,-0.7905425472186636,1.0220024666409273,-1.0610898002581912,-2.7911087520136633,-0.17045305319991755,2.783227892622911,-0.19584368569330213,2.346486187980588,-1.9723085896986277,2.1910138259577714,-2.7577505000818867,2.5716669188408474,-0.5723173306458795,2.15662222535747,-3.589235139426643
5249,-2.713256299765469,1.4767307739058353,2.929546763202918,-3.4411078397252908,-0.14402950191798514,1.8921161043025876,-2.025593717621099,-0.6654133786024268,-0.4243779969392616,-1.6568578812824661,-0.49543051155050577,5.267673485996877,0.7483015939055377,-2.6999066545197454,-3.4636797554634278,3.376981654464032,0.7435269856034985,1.294776176010835,-4.5941033210888165,-0.6802979246532708,-0.14651546247376857,0.4571664499715071,1.967444636139911,2.996305622102433,-4.628471237014038,4.565436400369215,-1.3075376333105915,1.0354622111016987,1.7142091799531407,-1.379098921097759
5250,2.580024441595633,-1.7819756515161203,2.0409150670875924,-1.6837344906042624,-0.03633446089624437,-1.1188949056640354,3.3328909721461955,-3.218488229861098,-0.8498605934262073,3.394909559572266,-0.5238744638520156,-2.1355772445780374,-3.1255672016470815,-0.8765143671947513,-2.459600743737692,3.0699928326361174,1.15330598363526,2.238383496308881,4.331545758345225,-3.3155521608163347,1.1301705266180981,-0.28185886926125736,-1.2344381691768582,-0.6298670857108633,-0.9525144264240417,2.5969553845556526,-1.3280576544666758,-0.052919352690935284,3.2542620471105934,-3.5177259980829465
5251,1.411309681282436,-4.359975564194901,-1.5728599647711228,2.8574278001132782,-0.08226131309929174,1.7463593606721375,-2.2204808726088956,-2.0232860483607418,-0.736125641496284,-1.6552613638458311,0.9053285715341071,5.729825354778733,-2.032778681362556,1.2777624169009805,0.8269494622459632,0.3008758154988982,-2.7634121449541027,2.3906031316715506,-3.5257759434995855,-1.759432953208556,1.1786857127437713,-0.9451207875943046,-0.4051397131591159,5.456783684715823,4.6651478237983,2.548991699065205,-1.3402805219467595,0.5945549622827455,-3.058217651716161,-3.4101963114816467
5252,-2.802272120695669,4.423774810891633,-2.719707249662939,-0.01655295371138621,-0.054898835947270186,1.1696563491281822,-3.813356766048269,2.8153650211766355,0.14941994366562739,0.9245188643984914,-0.01026328613951577,-0.065683777051877,-0.2917801368947224,-0.34788461716143004,-2.6343459937886635,3.6578677410915574,2.8454375209794946,-3.229294514225529,1.260574805286101,3.2032116625209213,-0.46671537690414766,0.33262922308004494,-2.8840913183727253,-1.4456089956122042,2.9389686075002466,4.583933746359957,-6.163770510176686,0.5951315085606117,-3.648223520549333,1.6939601683069192
5253,1.8173067863336136,-3.443446923092395,-0.8599446573319192,2.9674104180963816,-0.7552146184467619,0.2738889944436167,-1.371812756599077,-3.492233119956289,-1.0737062868816034,3.3256110877339964,0.44203495238333623,2.170106123320707,4.073725657973899,-1.277424084530134,-3.5670585885213715,-3.6096469457417637,3.556001439177461,0.8244025216426341,4.112585469514325,2.0012582013362383,-0.8068040420372498,-0.563657889660484,0.6957218076701341,-5.43910354682496,-2.3717980083296055,3.98051778633576,1.5055164917620445,-1.1458136417834925,-0.6926364996017789,-1.2757861283812382
5254,1.0229716294099163,0.37609285158050554,-2.7878874448638378,3.623545910452801,-0.4261505598968309,-1.8085723866800532,4.600500516491145,-1.624785219851912,1.1856329517733846,-2.0088083703617627,0.3433715987850565,-2.4959114768348485,3.0320158928880865,-2.4120460258513123,-1.6519249282671424,-2.0104467512689954,0.8858961964377485,2.15650561606234,2.5765667915804507,-0.6104116603349823,1.5263482691602697,-0.8172691219802672,-1.0417246177449897,-1.6335096606825061,1.3726468855718288,-0.1576862419633649,-4.617764786315195,0.13884003490838648,0.5622375267701578,2.7017265810299023
5255,3.3161403962298905,4.6893812106387145,-5.642364841141809,-2.143058724991125,0.03644969972313428,-0.2565477404563179,4.489820693046436,-2.8285467124266326,0.6057556208414017,2.5955796078780473,0.7615036225697773,-5.624112831907972,2.85385425306065,2.4450270337081648,-3.8959269970276704,-0.8224422853370719,-1.7752871051473136,1.1947751007439855,4.740491143813131,-0.47953008821091103,3.294929765371009,1.074299810234006,-2.0158214368878404,-6.614369194321402,2.3902445415385998,0.24919705154294292,-0.4031311222027085,0.638046616495437,-1.5638750074700578,-1.310482079902533
5256,2.8403574355192944,-4.706430314032826,-5.3485521112448176,4.945778724518124,0.952354685673614,1.3164915795690657,-0.8379870875064377,6.208111216169353,-1.234551447407262,2.571431189256696,-0.8198945676470384,-5.887109302864243,3.957840513574258,-4.011889318267423,2.7221376716920176,1.4926035958901842,-1.780974922730124,-2.379717540158204,4.693686623058202,-2.025504052966898,-2.779964034904351,1.1539981955875085,0.9904290855381781,-2.032645816314652,2.8194648087591396,4.275005595737813,-2.2577763534164994,-0.5261939880153941,-0.9827891700069067,-3.3277108930564356
5257,0.8833126977085666,0.18289184637106715,-4.6152014675270365,5.711629805836328,-0.5538941070907208,-1.6087387752957643,5.026188981083667,0.24277402027247064,0.9568551931466942,1.1551497568160478,-1.1725282611578796,-6.208439690159917,3.442465843729572,-1.586550669263854,-0.02046006881174378,-1.6771224912132752,2.4924105438729676,-2.6507431583129595,-1.5460652562844501,-0.323111320477663,-3.5782953054905153,0.8753052857087606,-0.04512900398160902,4.617295600523452,3.1075370981941077,3.5086542514033816,-2.8038874293266502,-0.257681708380221,-0.8666537993426466,-2.68796841254626
5258,1.4972541835638715,-4.327256634898042,4.667585342635906,-2.3539630699116785,0.9774847597852792,-0.4611045811729291,0.1231965487753719,-0.5752476615563147,-0.5772089797895426,1.1221832120970134,0.8778608927405713,-0.9707840122659874,2.171298151083789,0.8951673755275635,-0.16459006431692202,-2.729055503391626,-2.699131309430996,2.5263113505288786,-1.7745737771165118,2.707279927965697,2.856179581188428,-1.1843535860456513,-2.7629815564586035,0.15844941046461614,1.0607483933007877,2.6559287689341886,-1.1470591900756233,0.4867244017601777,-3.0801019489113415,0.02375957499352843
5259,-1.8528107685556954,-5.055599800964867,3.929929833772004,5.207766739985505,0.018995842093939785,-2.2482818463284753,5.31800415686191,-4.671721716821981,-0.9756632096230096,1.7527327394959222,-0.7490666235351631,-0.6742853463765357,-1.6676864347131524,-4.041738985637133,-1.3924308731949235,3.9189274808156114,0.5865116712717651,2.5964171414585238,-0.8612389786088848,1.4984662541926603,1.7815273121433925,0.9496238717617711,-2.400507876730998,-0.9678705827599678,2.2086203531582562,0.38604457483256027,-2.215281159695266,0.5935590322923812,0.4031027446048352,-1.3760455451910545
5260,-1.7742620643308715,-1.9405318337697075,1.7337618165582498,1.855478610235398,-0.3232933077040876,0.4488467790134294,-2.492039777554883,-1.5479185843811294,-0.06686251903313778,2.960969424071166,-0.740848568099203,1.88670002499833,1.9835186126987487,-1.1569202848764633,1.1087848457509537,0.9612494915057255,0.04661661020284669,-2.94324927528109,2.9037127844046786,2.7941480018645457,-3.2601401743979785,0.2722507033484227,-1.8909666428117848,-0.8190046724098927,-2.529466715600286,-0.14212848638294417,3.226426682945153,0.531106377846081,2.276928046822775,-3.3628659056291283
5261,-0.08985147136363203,-4.233794218671921,5.272694880331667,-2.507654487478831,-0.4288018864622034,1.9874071836473455,0.22835414904617224,-0.4520942192475168,-1.2105277167045188,1.689279671890361,-0.15739277181325928,-0.09761911317009009,2.293943051607787,0.06458867818954417,-1.938739968219707,0.7877267741883749,-2.731313596294825,1.5237950605295474,1.233598525158829,-1.4813283349191995,-0.9353216798592516,1.0308665786009232,1.7994732518203094,-1.6472883408036125,-1.8356878435849673,3.8442255288213936,-5.582952927705705,0.8178483864859789,1.2215033133340114,1.535063542650942
5262,2.3880403914835675,-4.46813347266901,2.7884346173638797,0.6311066633821696,-0.4966112482585274,-0.842836951299681,-3.33204290859036,2.0559075533657776,0.7605369715710752,0.9794909894892125,0.2250251683190907,-0.688917774153623,-2.3277330805226732,2.094663717763975,-0.9808863902897151,3.689767350051973,-1.8568685634530713,-0.6189430335497921,3.5953597630087053,-2.8391263709505807,0.8779828843755766,0.14702756105476844,-2.4104459104271374,0.6292020729366357,-4.108540475201755,2.225518633591257,1.189714030256848,-0.1730113637869266,-1.2574326295470684,2.1237518046893307
5263,0.5031347095812269,1.7927929219240575,-5.87255814589264,3.073549908912913,0.13907974877225993,0.3640008567045889,4.875900461249312,-0.18302241621439563,-0.6050724399499208,-1.105237202823277,1.1829173052720616,-4.165485707532621,0.8835495123931167,-0.38291011587168455,2.6673533965789673,1.6793226659043476,-2.9545727731553377,-1.8927426858487255,-0.3075298053299562,2.4484626765833966,-3.72112227881256,-1.2428905816359506,-0.8932430990492364,3.716323088242266,1.4060152738752265,-2.354771313954476,0.3357742800976169,0.06386667018626735,2.904182563226744,-2.3550674734297097
5264,-2.4774568759224955,-0.5935274211634365,-1.7308439915714757,3.513152046382757,0.7292170445798969,0.5594591976971959,3.675967650039272,-5.699937483662254,0.0006601095070495333,-0.7453518169457123,0.9549945080314117,1.8136670330313933,1.637933261174691,0.9183218403587894,0.27850865517797985,2.9007409949136758,-2.473034478732856,-3.2624702728916066,1.3899963201500185,-3.3797949461917085,-1.316396503232884,0.5917423813462239,-0.48393188819345134,3.1983846361197585,1.855779026499377,-1.933168332734592,4.051028985024679,0.15310915792023483,-3.4933317675748867,-0.6334170691331469
5265,-0.02866401467691304,-0.39732327702215287,-3.106834139262677,0.996827621745652,0.27821128575357834,2.257782523464984,2.0160568989051626,-3.8946674416639837,-0.23535718201570077,-0.661676717521507,0.2216016721371581,2.5540427701600095,-3.6046704609001328,-4.157774936384188,1.7330606592074744,2.3323217233191826,2.214746255148146,1.4823167596102138,2.5867335259293895,3.046565766386699,-2.0835966339863763,-0.1300451328894887,2.87320661538101,-6.292864140823269,-2.3803806770614067,-3.0815145958540597,0.752335420895438,-0.07859861055892914,3.05563216133611,1.7325263012445156
5266,-3.1168276058251756,0.8993355828014167,3.0114207798845207,0.7346204207452693,0.624535602586219,-2.1530847801897997,3.6102408181889523,1.9369533074774878,0.038662154892524114,0.9149674544325439,-1.1212622650135278,-5.379561469976867,1.7418998450968566,-2.982297810187468,-1.2696180410784663,1.601572446496835,3.6364928950245883,-2.7280493353516473,-5.281504609715096,3.35497167130983,3.384239205044768,0.8935580258279909,2.601155023457318,-4.952419315926829,1.1009781725532761,-3.1106216200367065,5.0088654361500105,-0.6548666657637332,-2.6618141173025993,0.3174587944014249
5267,-3.4694747082405097,1.19505494703483,0.7555026374565514,-0.6865347283711642,0.11906409596522716,2.0863877561575084,4.393520828028553,-5.957489792965365,0.6245039070000349,1.7118673262343087,1.0972220707762332,-1.869624339072658,2.589530596304307,-0.8809254229634433,2.581279854668665,-4.19900732156116,0.441336686869068,-0.5322143933167798,4.945331237144153,0.49610316834118784,-2.116199985023263,-0.7271612483267118,3.2341156067931607,-5.832188778930533,1.93834562037069,0.19210221586026677,-5.134288608633742,1.0183960618581462,-1.5769648009349577,3.5624095114812633
5268,1.949887900563951,4.9597432113653035,-2.102472894735957,-4.3402382176890555,-0.034925278544392535,-0.43199472095738933,-2.776618767334181,3.599403358351694,0.8459103866240731,2.86858384990985,-0.7291499235819474,-3.808128903968374,0.014884294943168896,2.504595033448801,2.7591821470860154,-4.013164418374105,1.0389601624337033,-2.3044572195369586,-4.716175596002522,-1.0466683384452402,1.0029838484443054,-0.7499978626599688,2.221506216595495,3.288351732065923,-4.954172759004409,3.4776130167030033,3.1461022096050364,-0.9823478808856763,-2.0077437948547967,1.3205492084385284
5269,0.5581656546510416,3.2990731597884846,-1.6686232875708527,-0.7548190972889302,0.842838747733782,-2.276635177311073,4.637148939638397,-1.4124679578843171,-0.8614675707666315,0.09732172684798535,-0.13521720485250732,-2.3253179329817755,0.4473291852204291,-2.5284974359244323,-2.0312740453462332,0.21205700027868346,1.7235827419569105,2.1768025538152465,-3.4316316374913,-1.847267409554508,3.4934457282421256,-0.3429753922344201,3.0795659802639435,-0.9511372692278677,3.0531532169516957,-2.1940066116509946,-0.939268657276287,0.22347476438616454,2.3822679893849497,-2.5256207017938337
5270,-1.4342494756276327,0.33127835185342747,0.14076391782251108,4.031964851680023,-0.8107833097021904,-2.2589743360236705,-2.224750312279447,-1.2805942339104348,-1.096823786332851,2.132453284333895,0.4901101482940655,1.9796048998959108,2.9305926603553694,-2.6268050397847738,3.6245811386593374,0.2694728032338105,-3.4513458799385326,-0.7464956825246212,-0.26454643300762726,-0.2622881966247306,2.4151734050196474,0.797188881787771,-2.4131801932448003,-0.2723474639323058,3.7003235485994566,0.39203096062330545,-0.5427563530578112,-0.15980911587717994,-1.6983377473603802,-1.6914512929257093
5271,-3.3653097705761503,-3.6625147509157863,0.6559185624667698,5.295235330292066,0.3297639762268103,0.7469066525087911,-4.320682770598861,0.9726470694663121,0.9418098573370592,3.311368763806815,-0.8239318258090638,-0.08121109420114081,-2.092963900692448,0.9931673683623572,-2.477584029152906,1.2474879229669966,2.4062773770546855,-0.07638473853811867,2.000659128948687,-2.601410739877604,-0.248991812291667,1.2128915023525613,-0.8362060838088325,0.4730580046748081,-0.32032010086689056,-3.7104092272561147,1.7503445061988572,-0.6525673698301961,3.1943878932068728,-0.26143570145081974
5272,-1.999163778185471,4.869084001725959,-0.13811895608865754,-0.6099265847646613,0.12292665749520904,-2.244801340179837,-2.9983033099409546,-1.8487385019984508,-0.36752656184548105,2.9074165698554246,0.09292879854163338,2.2142230053889946,-1.1863350214197101,1.155187571975386,0.7263137564949282,3.9212738454293934,-1.9008005877033298,-2.715639564776085,1.2543262481496207,-0.008551412778816214,2.209263189555987,0.3325321671224426,-3.2493401305963694,-0.5382300614549251,-0.8809439531868257,2.0995595206961326,-1.0528837725601257,0.9021667285331603,0.05984835648926712,-1.1277468799699335
5273,-2.8482166393039954,-3.534479278233679,3.4760953348347456,2.5183312997034335,-0.3680536765119484,0.7563229595139838,5.720618113029261,-3.2329627149372193,-0.6702756061479818,0.23241938020636432,-0.12935627314658404,-1.9204428990026763,1.447930321251814,-0.8436903114000138,2.4148100467042326,2.8089487227384637,-3.644316592936347,-2.183682186357581,1.9994829742939046,-1.0472384896261069,2.638802114119958,0.25648950903582435,-2.5129668035378074,-1.334569304287811,0.8893550929111491,-0.5134454110028024,3.4374310995023265,-1.1571858913531097,-3.214744713422551,0.5585898233667024
5274,-1.9580835075299348,0.4533181728867568,1.8326071688057617,-0.43157281244691603,0.5541559700133725,-0.45042499172651773,3.8871015130963933,-5.223946026336218,-0.8622335654431614,-2.435847325430762,-0.06148781477948617,4.696413218894396,-1.4868022262773941,3.200310655693606,-2.0751118979830974,-0.9786171925892582,3.7221570312455086,-2.381936370088779,-5.897003593216571,-0.2644266798855117,-0.22389750129232588,-0.5143324531019502,1.0765589560464797,5.823101271447847,-4.9018634407050765,-0.8199012556690732,0.6405505995295826,1.1471451593655022,3.3303100863702113,0.6037588511105447
5275,3.2999605632041202,-0.9337845818950363,0.3387216725671074,-0.5682449679472157,0.3065641403534656,-2.4432168262799205,-0.6914056931599433,-2.7788505273718727,0.9431668349851519,-0.45745316638716815,-1.0656437280362945,4.050186279971296,-0.6616575926595232,-0.48696627113162805,-1.0008179195478384,3.397436597393014,0.03429409996793353,-1.2822889140214162,5.80279352523522,-2.8286261246528355,-1.9851646469649893,-0.12847890587803423,2.514038682659235,-3.3745625304006523,-1.511018448387805,-1.8791464241993943,4.84639928613047,-0.5135793121254046,-2.9844639994735296,2.0418088980573614
5276,-3.4763722254892535,-1.0520981372591258,4.687016508225259,1.690953874259936,0.040489047684661106,-1.8899890674189486,-4.9098909340643,-0.8691118028086855,0.45222283168461264,2.169716366241751,-0.4987668847062263,3.6558304236540344,1.735539963022866,1.5328702928090578,0.6220262419678981,-0.69133531339806,-0.5143259070522959,-2.6847752773489457,-1.3443853132147368,-0.9553827996759949,-0.65696790785608,-0.11617321522715063,-1.9134818094495394,4.986391045421431,-3.8659118051437353,0.8837985845838752,4.125739745102059,1.134199040932847,-2.2977245559218193,0.019898990448487197
5277,-1.6088712153802742,2.7980652441300045,0.4330958274026493,-1.1452295729586766,0.16198487002529616,-0.6390451532164843,-2.3648977259145916,0.29448449095784923,-0.3086983950457318,0.9497735887233159,0.18302204936087563,1.2463159919194418,3.1683764547389437,-3.586368041455577,3.2693086199675143,0.567811264375532,-1.3099642158177964,-2.1091640818080943,3.6525923060433243,0.943358293796587,-3.6845250943631793,-0.4583620794980199,0.4919469646332466,-0.9450103906140335,1.9405034138484076,-2.06611000291149,2.970437291433253,-0.24481021280313708,-3.2832291746398568,0.6832086850745469
5278,1.0312509553638982,-4.0734128634370315,-0.10077161550485414,3.893232965819962,0.05025176510767704,-0.8005512073471266,-1.9626151067104942,4.684943869518516,0.36973304110414773,-3.0103095146194736,1.1381339364622374,-1.2198862257537755,1.3205842815128328,-2.869458763917045,4.160492482418331,-2.338611488240833,-2.728851465616499,2.455844953843698,-3.3974815986070617,-0.6572783259609629,0.8952410317241757,0.8181918971590667,-1.5793715169600482,3.920698512642762,-2.503014311950306,0.35765103490193795,1.0132931210460008,-0.5505447807121433,-1.1115558196541855,2.794170756370459
5279,2.472184175536544,-2.3492134545632446,-4.2726416546645325,3.1874461786419523,0.033250495800173585,0.9289742592516088,-1.1875815743619746,-5.577148835796361,-0.5927233581096321,0.8887082680660381,0.6696710450529544,5.799074455150119,4.231754514307383,-3.1591334883515128,-0.7005075909882095,2.5031862565630583,-2.162615428018153,-0.7126842635120791,4.991676819571158,-3.3364032074958896,3.8549438993498306,-1.115965938937534,-1.0613704472514538,-3.332881125238192,1.675965631075126,3.7677951660843867,-0.26070515287036145,-0.6289559797160589,-1.3498137683546787,-3.204285896216666
5280,-1.1250428479084764,-2.5906478067101624,3.6357412737450012,1.2477735127975045,-0.15688582686028818,-1.0109383050610639,-3.459444895275791,5.183452404764747,-0.9652385320815897,-2.453841009280495,0.6084610638752181,1.0866109679990181,3.351600747572757,-0.5841451287223052,0.9563941825427875,-3.2071185219257767,-2.3868967839162263,1.8701655044492078,1.8803731922257931,-2.826364112610703,-3.5723221792843223,0.8310225347613818,1.782214429832532,1.9050761350732515,-0.531233552219625,-3.2916338179588216,1.6903439596950705,0.9396088686695272,-2.4563950600761917,3.6493096018917903
5281,2.3183553255362703,1.9586019100254468,2.7451522730629208,-5.666641588898727,-0.48644098424572535,-0.8690269354776952,-0.15675553855557212,2.1820885366475906,-1.0728946758834228,0.682217348075671,0.6555891832645155,-2.290244853547687,-0.5963369802291076,1.0995720354708745,-2.54105893521408,0.6430598288716496,2.7130757162771673,-1.318311665176049,-1.9102124345297362,0.26500974022274804,2.5442641035416287,0.06151285496841208,0.48998682051979436,-1.4505610847249244,-1.9535042646250247,-3.3653815479656117,0.22290581978397128,-0.2426463686864384,3.0774718720907472,2.2611544894041167
5282,1.3542223645667804,3.1380346440604434,-4.990138165125387,0.9733944094730553,0.5635401869113754,-1.0390534398838014,-3.8679824438138155,0.22768770950997563,0.7946615617588781,-0.8593826487414837,0.19329624632993614,3.511719574957592,-2.228623932903135,-0.6426554560643538,0.07112806872437716,2.331332846610799,3.7426250759473128,-3.273806602314542,-1.407550700306544,-0.08813683862534205,-3.7119922710030764,-0.6490117258153223,-0.6921107753273912,6.548802311075569,-3.417776708727164,-2.5183697080989873,5.975620572007571,0.49055550004997706,-3.74267279769146,3.2126431424618076
5283,-0.7184731489357468,1.615161309137278,-3.092289257237212,1.4208373946890873,-0.018680561279337038,0.793444263628416,3.8304751395128243,0.7981420714568159,-0.6982063701407819,-2.445885565686247,-0.5629428807979497,-0.921582394343563,-0.7118318162107862,-2.424520682215519,4.029730279794421,-1.1698807964311886,-1.1511485420923169,1.4276515571558335,3.9524676900256495,0.6363957098703938,2.984992705290008,-0.9659043418604263,-2.4799728927029268,-4.127978870624801,-4.46166608172501,1.4397774263861898,5.395514329960207,0.2085492580033801,-1.463812783869498,-1.1183621487535493
5284,3.1419689403111164,-3.2698301712450792,-2.676936588134261,3.073525420941081,0.3248724396785012,-0.5936000415488891,0.36137024247534555,1.3916827300507997,0.7354639577172106,1.831232661732919,0.8907671057063498,-5.2105166976815305,1.4706103917868028,0.9952371939986833,-1.9484420076818392,3.6711491151960978,-1.7435282512654595,-2.4450264420338375,-3.4879616996472578,1.9748973534174983,0.6141555278674424,0.21515244155380842,-1.1836168865929046,1.8673732633993083,-3.5729221330925824,2.936177371364174,1.1225513393551374,-1.0680529779811243,0.814780833043022,-0.23253443268693275
5285,3.0467891696568685,-5.213285210960439,4.935392094765543,-1.0308480963993674,-0.8115258387304225,-0.9265221183296948,-4.478384444213226,0.5117917591920467,0.8843938192080687,0.5245874955934084,0.7699897422139195,1.7876216280068675,-2.623670768105951,-4.236089490509858,0.041591129434984,4.225908738342525,-0.7106262054601835,3.302886596298883,5.279934824607356,-3.087528482610887,-1.9491432417488355,-0.12514118371111582,-2.0260321993583386,1.9079102828197172,-0.407816262334741,-2.6601067187498444,4.641077461506992,-1.0923447534554604,1.6352180743254436,-2.116027801290718
5286,-2.4829907934156417,-4.019739103535034,0.5010569863932552,4.563773751386858,0.006518694611982845,1.4313804645610464,2.5187091712318015,-0.9149989208322644,0.6417470054742118,0.5328044462247501,-0.8479719432772743,-1.9302897588201162,-0.176906662954039,3.6539266414426166,-3.3744352416260543,0.1386091277290511,-1.4313537393945328,1.190159874803328,0.9061579846471446,1.6122473608399428,-3.2193407361344732,-0.13233957667341478,-0.8113045103120058,1.6445794776307068,-2.5161421202553207,-1.8485295055329587,2.2142612826612833,1.2245482971368844,1.1017289947106228,-0.17586694871885555
5287,0.5002942058312758,-3.732085037425694,0.5332441238175214,1.966649497282262,-0.6550264612241037,1.386923671721222,3.3589338596015637,-5.001033665594125,-0.8723311990714251,-1.7300212167591766,0.28209547180103556,3.962356750023261,-0.606238653136085,-3.7921022990600335,3.802973192071857,-0.5513320543049964,2.744611713618344,-1.597911899188695,-0.9955569256510053,-0.6456291516458457,-1.6998393874201767,-0.9555121196506908,-1.4015087220826885,5.698046306448276,4.107486988379456,2.5734503745770247,-4.422354830418406,-0.4064200573738779,0.5047036312918483,-2.3568661064544187
5288,-1.6174178187541166,3.8106684049087924,1.9806111874386758,-3.3168943762409526,-0.6419715683786669,-0.2149958289712668,0.45645561134136514,3.6844646121252502,0.5050312866215201,-0.08723480329221012,0.46462326698870804,-5.023339973783525,1.536138763086921,2.0185423306422834,-3.503235505628151,0.6040447567916303,-1.2086762869839962,0.5531859420916962,3.2152702504379818,-3.3984874540346866,2.9197645647659094,0.8284336903660199,-0.20733054714211185,-3.357650504395238,1.7327574419817218,-1.3158925144253288,0.25908049500948493,-0.817125963379886,-1.392323817450123,1.533504358265759
5289,0.3953806257694854,4.07455762508777,0.8217037945623105,-4.042983180725454,0.8542849518024731,-2.1029438164941254,-2.782215389735992,-4.62311832576443,-0.46646061044241005,3.321344374228307,0.7314942134097908,3.8189557383058386,2.6811548810190047,2.3138565208226076,0.6083726935673148,-3.547577402516005,-3.2562297551042505,1.200423062211705,5.292784410878699,-2.089526922528206,-2.8838815998248144,1.2126657027825418,0.7413694679201726,-2.2734110592304972,3.075587498113876,0.4245551700977579,-2.054082440037419,-0.8609554235441177,3.140674630134402,-3.7257794347628757
5290,0.5908367611005243,-5.418839130128106,-1.2142377008192398,3.57013882689402,0.5348995668479541,1.937201676107314,5.195019675096397,-3.7123451937313803,-0.589170961240935,0.22203891413778365,0.6971074275982918,-1.8126498618590325,1.098462568901212,-1.4082404827973853,3.510798075216826,-0.2234946042773096,-0.9379847352810593,-2.0395408217619444,-3.5139485940960995,-0.7477180533291179,-0.26908398764607533,1.1523969289817142,-2.5477413838016396,5.926095089889074,-4.683945177389798,2.452891954407633,2.7463831004336328,-0.23170582942778495,-3.231622014681614,2.9479979666595817
5291,-3.4446638588090472,3.511202417190848,-3.764386301797124,2.492617902597271,0.8714404887239766,0.33378935209656646,1.4933317629090297,-5.948142070318351,1.0683618301953226,-0.06588879184620566,0.4522105818703839,3.0001266871908854,2.436943683097361,-3.197589249122311,2.6743085983315744,-2.289234341670273,0.8935835941407113,-0.5180122847767059,-3.2865028629794786,-2.1225051974156504,-0.4743687007942423,-0.38741865831189415,1.1984397175186814,5.0723557019804275,1.2148743719368333,1.3343343050123337,-1.3350549286074163,1.2486520428865475,0.16022932267572898,-2.6230351139024
5292,2.560682103835969,3.1847774237744737,-0.2313322060433265,-3.893774449343308,-0.07818125460253844,-1.5421716176188198,-4.049291949919276,5.700491793999596,-0.9514008398292209,1.0961132334477064,-0.517534147494767,-1.2783780902029598,-3.526244878023835,0.6247487743025459,3.4628995641297102,0.9541536437550882,-2.1799471660484713,0.6643900618853191,-1.7731039853611428,0.7417493358020035,1.4599909639316557,0.6870529393534648,0.9200599723297991,-2.035749226057959,2.4929798769416855,2.710500212941014,-5.436332531176365,0.684950558248886,-3.688367467983264,3.2362693510297227
5293,0.8447359098939469,-1.9060052100843414,2.497130539685269,0.8058630159270628,-0.5335383930821114,-1.708185862337361,3.2106860683784006,1.324567939535406,-0.8206206020685594,-0.22010901024026452,1.235877991375574,-4.730402386979449,-1.3155758651692775,-1.7595408052373305,1.1997299560253154,3.3492715851071146,-3.9166552399944052,2.442770369268949,-1.398136377508795,2.943581760183534,-3.8425899413808864,0.7709113443022222,-0.05400894901351094,1.580242163415253,0.9645630460398955,3.008091308322541,-4.666401837996112,1.016459211491176,-2.2161226043641538,1.8934108765083622
5294,-1.2186262407315755,1.0523475392306096,-1.45182687902075,0.6275145383876328,0.486043101005452,0.5045479411311042,-0.8897676133691519,3.852612661695062,-1.18585417162251,0.03878824708811379,-0.5962764724084124,-1.219502651382001,0.9951644398209822,-4.1095019077958685,1.9483890957179355,3.37384419078111,-1.9411540502511162,-0.26674176827266294,5.156010636530684,-3.204297319868555,2.1864328198528327,1.0415312339047924,-1.086687010275849,-4.092990360146096,1.9567370497749401,-3.1827296945723447,4.7438125952895795,1.2260749102305306,-2.212291783619076,-2.531603077101936
5295,2.8819478398715113,4.4995018363889265,-4.069087889584942,-3.0728167333877714,0.6652872078102572,-0.9048322610955157,-1.7908686235345392,-3.3444092755570622,-0.4545440482683336,-1.0163192204989784,1.1225310014088121,5.483610166451204,1.1348954210900217,-3.648782231732488,1.8175032610660473,3.832808586815201,-2.8477179035598734,-0.28870713367853895,-1.1347520452817967,-0.1263161592948574,3.6211222902503906,1.0616359319426323,0.9772809853025706,-4.398971002921119,2.3800989583363332,-1.050104726352238,1.0957555387162046,-1.240909592730623,1.8435769167233858,-3.028417094691381
5296,3.6608349893274905,-5.010831502781542,-2.976347859263033,3.0070188207929434,0.5472116461727423,0.7721139057538693,3.7586614400994414,0.19999439521357587,0.19255537852522764,-2.757453447235129,-0.6510660113336204,-0.7426917552683676,-1.6731115029183492,-2.7829107054515365,3.9893679355508205,0.4492448954496666,-3.4387901823773888,3.456199559747148,1.003274660914304,2.413659480004707,-0.31297124171180535,0.13773334614992816,-0.4730007211626148,-2.7686955241966977,1.839721924494718,-1.2548054655820522,1.8958558798048735,-0.9076349268035937,-0.04650848600212143,-1.5266289259101367
5297,1.82591829131227,0.6577173761185371,-5.7979558887201215,2.051323990557826,-0.33212793168486643,1.595124162418875,-0.3290315115881235,-3.173361573795667,-1.1809117122352495,0.7382968649061343,-0.697455917714386,4.642463850428392,1.6906839232910436,-1.9486093176252464,-1.7642561100478389,0.374566994263585,-0.6131901202163021,2.260804630335109,-3.9171003847738,3.253558601489111,-3.4516007287496784,0.15521293993153407,2.9316702068731377,1.0282593652275303,0.6620025936223826,4.286828847308492,-5.348822665946599,-0.7794768779210557,-0.8006540442642205,1.9801221472026924
5298,-0.7054450907590581,-0.4895340022581607,0.8902137623828246,1.1907198078609866,-0.42508604265867134,-0.46086843456543214,1.1797866526127017,0.6861410768161846,-1.2464209790369107,2.3828913276863446,-0.6231807091540471,-2.379217368923193,-4.19780940329013,0.220232190361358,2.463758176418345,3.4022401849732127,-2.6471889659216625,0.7587678174592085,5.803388047399775,-2.0110540713320457,0.0006368770060909412,0.6562133566344492,0.9464383960470695,-5.395622605757492,2.385317650504863,-3.0350614302330037,-2.5592098469224567,0.5155863229257518,-0.9729239123754638,3.6662912161020316
5299,-0.7053904806012916,4.12546825885126,-4.262728556999555,-0.3339496115060179,0.869574680597279,0.3070257096608344,3.157991856971286,-3.6922231933492853,0.11801503565301896,0.4175955001889218,-0.9100866506704071,0.9087074512075795,1.5169764743843572,-1.55481528054667,-2.816801588042571,0.19514015257571415,0.4516045413273311,2.207895700302199,-5.344015382098895,-0.1492428025660999,3.3647203648779573,-0.11925626587772697,2.6731280194553992,-0.42533393379278195,-3.9580669413710687,-0.22884336264158733,-0.6880439116657833,0.7184423657389356,3.3560962958770446,0.8004155540642017
5300,0.9745958874598255,1.1099304385076216,1.1284624223913617,-4.305444776713539,0.919317118723483,0.17313890963375655,-2.4377741585136263,-5.721187286181163,0.5330705502786266,1.1378426069732797,0.9503282468882537,5.5377200405557545,1.2945190466047691,0.1295976603732676,1.5354380362118576,1.983422447837519,-1.5917854342839668,-3.3511917567430576,-1.018779926180784,-0.012699352094710292,-0.5874209716108485,0.31864544361724434,1.6912870066471886,-0.3910322003802662,2.5346122405232947,-0.48936373979261205,-6.2469601813516995,0.2049443111094824,0.5222941704518842,3.4744731990614
5301,3.2535318324331364,-1.32993371783175,-5.294384872997476,2.7384015396768433,0.8731758472558058,-0.24079062853406796,-4.1372399971467075,0.8810869445267642,-0.8400039031614988,1.290977883625871,0.26123867711658644,2.5439403950401065,-3.5640583231101477,1.1519645852994245,1.3422951619630261,-2.3504263343038296,0.7131288498087898,2.70709606034314,-1.8084036479127477,0.03090108259120683,3.7663729234087064,0.03868101109391642,2.8697697760244214,-4.89732114520768,4.214386542955921,-3.8422718506910414,-0.3115054838997118,0.25440390377933575,-3.2823134922261765,2.967300380083408
5302,1.9271928603839577,-2.253676906921015,-3.9985127194399794,5.421219478702849,0.06311374312333484,-1.1593364558466508,-2.2663648214383976,4.6225393516719535,-1.2342520500065968,-2.1091618862006882,0.07753961286822886,0.9096997931066291,2.0559807525900453,-2.630082619483577,-1.6857329221656911,-0.533744030232981,2.0236510873842235,0.7699277319083535,-4.251473304969252,1.9120574663189611,2.810718873011684,0.9468413382588405,-0.9641119658512913,-0.4540324067711339,1.4011944404674495,-0.7347718212286516,0.8100291407016904,-0.3267461312501876,-1.8552376857409456,0.7055320570523858
5303,-2.6221606803345328,-0.16618310302175843,-1.1363211279391834,3.485240246033797,-0.18975598206825817,0.6291806473324506,3.5799261152403368,-0.3141355222267457,-0.5628072528136228,-1.7149332179170198,0.10661038331307715,-1.0946605055949128,-1.5204051362210613,3.758607899370535,-0.8980893412478785,0.8851334011961143,-0.7811648990983429,-1.444081923999006,-0.5923855892504903,0.6849085002084383,-2.442422502424808,0.5013957584031825,2.381388599797795,-0.5328847667363021,-4.82331302281319,1.9733838872835712,6.138291296392495,-1.1354168270545304,-2.199274700465761,0.046329366659175975
5304,3.259204738290844,-5.230026913857635,-3.4204953673091545,4.835193888377912,-0.6518216535502164,1.2079453080507658,1.2069152202499822,1.3952294367198768,0.04168901170098138,-1.2035153512045902,1.2429953427787908,-2.683313660243929,3.772223020860011,-3.420426423689598,-2.669014129507744,-0.291433089728784,3.8338492128526767,-1.2251985907862029,3.6253974990433875,-1.21740424069524,0.49313040927449237,-1.1060069858145338,-1.6898765512539669,-0.10524013055632864,-1.8030651469382235,1.9381848789864051,2.4814282927587463,0.6943793179535769,-1.7868606357158292,-1.5240667070428824
5305,2.7316996991348645,3.690246873067167,-2.8135894615085952,-2.6745336572624865,-0.7956059198470902,-0.13821753358135602,-0.08856474853365626,-5.417789385290682,1.0213318380294627,1.8498510551198173,0.1464988114375716,2.488672429238587,4.237792219859056,-0.49379595554441025,-0.5716001825336399,0.3899661939895722,-3.3503768677388415,-0.2119854080313477,3.418878198008869,-2.05046489324282,3.039694597493124,-1.1909259541772186,-1.9287053824459903,-1.2884765656381738,1.335321072477047,4.973920899437012,-5.663401670717459,-0.6914054434446157,-2.6645737823325426,2.7101389245823704
5306,-1.2850374731173986,1.174826250775478,2.2560023993806233,-4.427320604303318,-0.1891941904304113,2.4707236176975584,-3.426466924311363,-0.3945466308568477,-0.3503905757250054,1.317505976588098,-1.0783638567699025,3.9322620110761193,-0.13559856845093066,2.067548771596922,-4.162667237031934,-0.911922842698182,3.6038729516706702,-0.4612330750861684,5.056500942007695,0.9051837417559767,-1.7938034600368447,-0.5031792292621642,2.5977279395318735,-6.262429933998728,-4.371900771846482,3.3893120380812825,2.7542923606423244,-0.5676262235893574,1.244350584663195,-2.4484279879491933
5307,1.822220115194785,-3.3731133733886587,-1.709444899482964,5.105514114957103,0.42432310077471147,-2.269499058052432,-1.968979239289748,-2.863976354629621,0.30908378248433177,3.592957963710411,0.8802053916160402,0.050708456109678224,-3.3255174983200586,-0.3269628855634821,1.355760138515656,3.1344918232144714,0.37114198678985133,-1.2089135646360631,-1.637902297635101,-1.5501405625598856,3.7851068330187303,0.7452420143022112,0.7572509388834501,-2.099556926011587,1.9173262130776827,-3.3173922651544956,0.08101830931173382,-0.5231469582229797,2.3284117411434906,-0.4862170401536918
5308,1.390003373363271,-4.909316789951138,-0.8416322327253489,3.748967413165097,0.19478937662319584,0.4171888595274673,2.3477878074544876,-4.856463335594352,1.0975078205955784,-1.0042953518580475,-0.32339248362551487,2.7388555430289223,1.4996058523210074,0.6976000581313748,-1.7804686573316424,2.9054041195960707,0.07968150550641084,-3.4018228782228377,-1.5338076558726534,1.2108040155296553,-0.4174713405864825,1.1378939896773055,-0.8702764174103272,0.4728574086603139,-2.765447106287162,4.6461976733017885,-4.388727471435683,0.8978424509495149,0.6366083129769144,0.9735261404963982
5309,-3.692750634582792,1.3852700387101606,5.313735376968587,-0.4227897914584453,-0.46057501898821895,-2.1228899706467903,2.6700339801946846,3.370831368553503,-0.7233831673492483,-2.0176347101332937,-0.1906676420314959,-3.109179829233046,-2.227332670279008,1.8644867239646565,-1.0517820329937813,0.005813286587635247,-0.7926057920344114,2.201420484755303,3.1842420394746114,0.3178196263576698,3.140489991261486,0.604259348843299,-2.904044807560588,-4.342766198378676,0.34550925896572693,0.6993910863785153,-1.016484819787653,-0.3867655996783901,0.40067317587803686,-0.04232310175442855
5310,1.5281068280926675,4.542189189771609,-6.171475933038504,2.436935892310977,-0.40172683261941944,-1.9340291445148168,-5.551735823686297,6.15947731290969,-0.9880965669315396,2.0396838815325395,-0.3727380918129981,-1.2865907120102982,-2.4311185500846957,2.4028022930239388,3.953633703583627,-3.135933349890454,-0.9072191004014591,0.11783500376946776,-4.793606033559254,0.3034472452018413,1.1385094713240171,-1.013975866878364,-2.3702583347813597,6.73588351869094,-0.6827470157321649,4.769436708788984,-2.3403827058824724,-0.01911788261934877,-2.4422746405300746,0.7150855359768684
5311,-2.8450756204347005,3.6482995779296807,-4.94383516006922,3.408847161630735,0.7103911839538495,0.02137285699213365,-2.955876099757141,5.090155739057963,0.2800940347264218,-0.036757795810302696,-0.24617666129767635,-2.1314392169181886,-1.2647551671543393,-2.87529802383073,3.2674734533729826,-1.9022144037265107,1.0912754961763937,1.6835186451626,-6.064591008697505,-0.9283627873354838,2.701952676177438,-1.1109169881151995,-0.4701818273860834,5.87209993535464,-4.510241671490769,2.328617253335949,2.8215356035992833,0.9690911964186544,-1.8022600824622685,0.19325770060097192
5312,2.9099954642556227,3.63498042471819,-3.372828459800022,-1.2990695918505146,-0.9788277330878108,-0.894250104232972,-0.5873380105941486,-4.7156899369291665,-0.030229961603834177,1.0133783796493105,-0.9902944490986583,5.31017397857757,0.2914302174901344,-0.5030112917257128,1.5261697596253256,-0.9438448200376222,-3.1363652546300465,2.7656213892783015,4.096641274197289,-2.6919739964696188,-0.15573097733146035,0.2016496220238615,2.813287705255849,-4.263873627678102,2.4716043502730365,-1.5356413094293089,6.024236865644415,-0.6764398284999951,-3.3049062883027336,-2.9788537896835727
5313,2.3063589876504196,-0.09139789971075629,3.602248332643626,-4.2382633405816215,0.3346040730786308,-1.9135501530778072,5.492442965306211,-3.3353435081238416,-0.7668743245215417,0.9744314426577105,-0.6766994499198367,-1.687957125397638,2.0846578159099884,3.5722353052288227,2.6337757452851633,-3.675348174730317,-1.3085081054119883,-3.306812586281305,-4.290634983307211,-0.40758851430819476,-1.151742681800446,0.4645789041305344,2.497237338667553,2.8881499366155587,0.20248300710440859,4.491802514890011,-1.3167976714646308,0.1063776665253231,-0.2875305450693766,-3.1963349719839123
5314,1.5873950922511533,-0.6892998621688307,5.251899406435964,-5.064665398224516,0.47261553537999834,-1.5579447736712755,-2.7001627802597383,3.208631952497079,-0.09109588447154593,2.243520946387388,-0.6620086031986805,-1.9988856309534206,-0.4988676895249995,-0.8679234285806388,1.1051756171281255,-2.9075191996823477,4.172994398105864,-1.00385969744565,3.274370081483479,0.8316308131031214,3.2949748452725913,-0.1070294626717967,-0.989650108426483,-6.304296168763123,0.575380809556016,1.3257825188923817,0.5679617607668703,-0.8246081894361925,0.5567606698211982,-2.2012775695984494
5315,2.245578175961171,3.4793604429910374,1.0219211235700243,-6.128264738023695,-0.9342334394623946,0.3156384349663579,-0.16642890539348443,-3.509152190322716,-0.9899398686509935,-0.39398399640316306,-1.0425986565688117,6.102103617340241,-3.6222575568218307,-0.05894065496947576,1.1263162861522567,-3.001411044976278,3.5830843167328226,1.973208653882864,-1.3310321181956262,1.7878878162553864,-0.8183111009432178,-0.42341806030440843,-1.3926978502312082,2.1775713134168306,-3.295128980283611,3.203655672307633,-4.831444639690954,-0.26989216478316,2.3056456244586414,2.887164487993278
5316,-0.07898682817015334,3.3272110067743164,-3.3186302485706136,0.1771759754420934,-0.5933556941034581,0.4865857886303342,1.1446458718251513,-1.6880925985622923,-0.07648250843377724,-1.4893343053859365,0.31257550073945417,1.7966880398184806,-0.7202929052246247,3.4068806890280143,-1.9751565348925482,1.9033075758228506,-0.4613955953086588,-2.153343229424678,-4.287962739367941,1.8658949558555626,-1.8244933641137777,0.5129223035143591,2.6552569511571154,1.078381892952411,-4.558703496632232,1.2220261933012608,-0.4616522556572278,-0.21959085055667593,1.6082345959313251,2.409685813615372
5317,3.4249061324522856,-0.5723937903488583,-3.8442936906167873,-0.4119460368394776,-0.7219269148685705,2.12565430022393,-2.6380581164324575,4.136226519769085,0.8070505585851881,-1.7050241240485544,-1.2472663404455906,0.6470715025733753,-3.1505669370643297,3.6658547383933353,-2.0818914027608404,2.206800034803795,-3.4171267791107987,2.776930345739178,0.1020939410648225,2.1138526893505727,-1.514630261326115,1.2034754314107552,-1.8671675891342492,-0.03762421136806182,4.314769691558361,-1.1236525265339203,-2.733782153182357,-0.847237412373496,-2.8125467519544234,3.202449152487663
5318,-2.7502060457931314,3.512898240087658,0.8325191652661204,-3.431552695541228,-0.4005802025353591,2.2369215385184766,6.106432084736756,-4.575955569653896,-0.35226663935043057,2.6620964063975627,-0.9446248107184791,-2.895681471410459,-0.8462102624653625,-2.5702104036643423,0.9672696605143933,2.3460205251440485,2.426369947542355,-2.3232394670707723,-2.6437437318391233,0.9371650428305909,-0.9553085365497793,-0.6589841063882416,-3.1415543917098336,6.462425723654157,-2.3376413237795752,-0.2833930086879093,-1.2569144445373617,-0.6563470958521895,3.5086239869557367,1.0256718859031153
5319,0.5535520854924769,2.0867081005983366,-5.934916621518262,5.867120670841686,-0.5626785373190504,-2.009785698092646,-2.0976687111449515,0.08400986371944441,0.812117411494258,-3.394928509934683,-0.3314756145602802,4.92794556042729,-1.769456848195384,-3.442862077066968,3.1956464833972724,-0.02939284717093571,0.024723474600264694,2.0213418144360844,-2.258520669091098,0.21484357123086895,3.1304573966069533,0.975199527983901,-2.2452642177538245,0.1832843910209725,-2.0110142754676517,-0.9127362260661869,5.267051224827554,-1.2159141953136863,0.4711423642257184,-1.5985288922039391
5320,1.8770392760695884,0.5197541210228671,-0.48589955911056393,-0.4770115679479474,-0.5799975942384241,-0.8538846757929495,0.8156585192757184,-5.136376142060815,0.6659188214325278,2.908756393726236,0.05116111403965995,0.6948812935877733,-1.8855945287885856,0.5804556016516678,3.5432029437871897,-2.2116646844918044,2.3710405438820423,-2.397439876040144,-0.4141488063029293,-2.520936871584704,-1.5747782730706685,0.1642276600042205,0.20326879182781887,4.142367499124017,4.228422752398213,-1.863405679124753,-5.037483986711429,-0.8203705184485521,2.1588166489001672,1.3340207829881479
5321,1.6039497300014105,-4.798453839646715,-1.5151916498940778,2.9119397159513483,0.20611750913981508,1.5916385344507873,3.5525195018812887,-4.383044148616989,-1.0141334980011045,1.252403779515955,0.5211826155012158,0.07107174972071917,-0.005599248101944454,-3.3445531584783037,-3.172710465084016,0.8284383118350682,3.34219323030198,2.35223132952758,2.8218878596648693,-2.4115270694287467,-3.7719151762600625,-0.21962634716554685,-2.6973501341865393,6.278530867373803,-0.9898164739052682,-0.7112156385544779,4.351736463094454,0.13189838745008586,-1.941463500032846,-0.841139238050177
5322,2.531236864884029,3.442655367450712,0.1612782532261008,-5.089110581362224,0.414295381455827,-1.4603552856518416,6.099281615722553,-2.0459675617111195,-1.0802709201407157,-0.6015897785589139,-0.697723175550486,-1.6737301797601951,-3.478788384738028,1.6348479282214896,-2.9609659683295355,3.784042250881207,-0.5530485959356142,1.573912769900847,0.9109334779067915,0.8837244927771284,-1.0056778074312742,-0.14714775050760043,1.133735430394113,-1.7755678431413706,-0.9273003551197121,-2.674678252699927,3.7770224158774965,-0.5341532358847765,-1.0969019289373634,1.4560113567660515
5323,2.5586859999659914,-3.8358263558608563,-0.8681099605060716,2.4259276836779335,-0.8212459006769308,0.5405685334025545,1.9065504338157169,-3.1406147995977456,0.46601931657788587,-0.6345422105987755,0.27077836395844646,1.131808895845598,3.9414727886303567,-1.8749655879556375,0.9626736596913688,-3.9862085019616327,-2.624736960442302,3.5817646020382057,-3.36462441331577,-2.6919831666737775,3.885808233332842,-0.4434488757696293,-1.5077522717448844,4.122000494168997,3.7954980268262233,-0.846673288343812,-5.106266627696453,1.0305112596824832,1.8259421747141609,-0.6990115451808361
5324,3.5128254790934506,-4.331479031276988,3.392750125137919,-2.729818255749361,-0.21949694172354017,0.3752186245211657,-4.4582850484218355,2.1546844556261284,1.1336524985142287,-0.04709390823229498,-1.1891682705867224,2.4062102731015926,2.068143676774792,-0.6250980775254931,-2.53616353679009,-0.7100219313243201,3.435418632642925,-1.6322787637774354,-1.6925045365441669,-0.026668569134280062,-2.310232905376459,0.25375473508575297,-2.9146555570935018,6.690306833060433,0.4880285407410021,2.241754967604777,-0.7316968863536459,-0.9701804954560718,0.7617551379637195,-1.7896612644979921
5325,1.7551013577310073,-4.198791586366923,2.487416028050472,0.181815831430729,0.04015665098045673,-0.2656982818231075,-4.644975851514058,4.931294515414319,0.7103083795419352,-3.606599009654275,-0.357441554703275,2.9674135209164305,-2.588041539655107,3.07914456212319,-2.8422619194329997,-0.3734962495983041,3.464176692345333,-0.7395215457817539,3.2767920748634083,0.04943181401520924,-2.331611010566288,0.7049262986503226,-0.0011028037620945952,-1.698436373202771,-2.1332130203451314,3.521178164274076,-4.519550841289778,0.7341622739332578,3.554224499052655,-1.15680107562331
5326,-1.1873054447271585,-2.5834368678120825,1.5637451745555495,3.7926920678820437,-0.7527197585096235,-0.8329751713861029,0.8829177227931311,0.05416837011129516,-0.9133743598758066,0.5772274927909908,1.0184439627716637,-1.6193831885901808,-0.6604546348098381,2.4911188153012844,-1.751267343138192,2.4286503480135053,-2.0007962018215473,-0.5072509835448304,5.995689059933287,-1.681149119654858,-1.941459680758836,-1.1662925953851384,-0.9117534523133273,-0.29503421182332445,-3.9897260866756667,3.4510385745147154,-0.11547585838825825,0.04782252664937303,-0.005007751649745984,0.6113485955513607
5327,0.6941347891817493,-1.0576372876694649,-4.612757338340302,4.032896245089397,0.6157002321163088,0.3276633596249159,-3.8041265785575114,3.446920664751051,0.19922446881617262,2.5827599480888637,-0.5849759639132177,-1.8398025391842872,1.4117630289835503,-4.111887774395258,-3.548645837846223,3.962980145131194,1.1184117938312461,1.1673786442958658,-1.1315766762392414,1.4796213149645894,0.7282018094503826,-1.190894804187936,-2.033590828383332,2.1482391843933577,0.9802793040011935,3.1626797331895986,-5.2713100682050325,0.2500352498168814,2.766714094482939,-1.8883983132838136
5328,2.973384260658076,-4.82729482348179,-1.6506686628310447,1.8171825490252935,0.6783736782040517,1.0090229984280423,-1.3415869068536495,1.1912315855654363,1.0576016116352864,-2.777921176150434,0.43178030448828064,1.4388945813161484,-1.6854319955970674,-4.040546386639418,3.775381767914471,2.102562613494513,-0.23352522241819784,0.08155922324608511,0.5234335779893051,-0.6959908029478505,3.655911712674687,-0.5500464794144015,-1.5144883222595649,-1.4188196860443654,-2.6544761536533734,2.310836036682673,-1.857119626996191,-0.5148672707979518,-0.7474166234036215,3.4630436381702374
5329,-1.9892053359651278,2.955248492921836,0.796930614710817,0.5618727008288609,-0.950226123220967,-1.374620349272794,-4.569241819221979,3.161020212950085,-0.9871225127358603,0.2812770839943166,-0.8655641187698455,2.9796311537843145,-1.0140868189814025,-1.4811404975983429,-2.8397360064155848,3.533548402337619,-0.2509449187722872,2.0523598394304052,2.744310941911696,3.409177021848958,1.0062240195574397,-0.7393008439385573,-2.7021787080174313,-3.7182324313642887,-3.234770830231202,4.01949366207414,-3.698419394479121,0.49989840310078915,-0.9851247605725231,3.398922920109708
5330,-3.3346527435056785,0.015598237257524517,5.651136801136957,0.940737225973951,-0.8744615430960263,-2.398357977764114,-1.7042972119088944,1.6743297870211613,-0.9376937023339567,-1.6987181263433992,0.768354401435567,1.898024852130547,-1.0146353646774813,1.0111615919399313,-2.6772617167030255,2.238828423033098,1.2094169556540848,-0.7675098892462131,0.7725536144993654,1.4459318622811992,0.7947125467633072,-0.5335708711768827,1.5686327529501085,-4.04825990531932,0.2343601421868371,-0.6690074472565435,-2.309368168296622,-0.4562305521352892,-0.38955499334692867,3.5898010188503306
5331,-3.2095467256527677,4.522916235342294,-3.6448856401920295,4.64152196479079,-0.1665079485229326,-2.143497885762735,4.980460589347139,3.156040990485721,-0.0505178393911887,-2.9790593510611156,0.6872565860423352,-5.794180975421856,-0.02238211309142102,-3.3253651793520937,1.9346564421683468,-3.61682423761437,1.7420231705831384,3.287891917306773,3.3273334289268526,2.0495285922886204,0.44302369773109973,0.3607658116334864,-2.618392163758692,-3.5622593668235574,4.624375160810246,-2.0062897540752154,2.388732779966144,0.07677903089575278,-1.5420111154034348,-3.5415861021917685
5332,0.47728937362265356,-2.2841877906733465,4.915974217084706,-2.073549487916221,-0.4564159437352635,-0.5791103683799523,0.3919794888749131,-2.4086841516365105,-1.0165952701898773,-3.2883046497043775,0.7496843587001836,5.571920223956699,1.1949940219386121,0.363663739242579,3.2800142902091842,-4.226085758043226,-1.3819334538153765,0.7693471604686035,0.40514351911888724,0.7261924269619406,2.4990128598056884,0.09945179164709028,2.233018724427481,-5.9628193219632735,2.0241628454548,3.231128064463885,-2.096328445909812,0.4555977363276513,-3.1258853046199206,-0.4886748957148761
5333,-1.6900350475753072,-2.7455062838032767,-1.558525752398797,6.025774029184088,-0.11697892105304208,0.08527197564888667,-2.968364342242726,2.6836484433657546,-1.1949195534369612,-2.0790770197950916,-1.2291889210682094,4.787901393178252,0.8560791932722331,2.819549168322176,3.0190845197786516,-3.0331542745208893,-1.124570901241194,-2.536987705610617,4.306897140503295,-0.1684702862689509,-1.9317970122151333,0.028896284158449248,2.1835407614129636,-4.419066887592795,1.28000618151016,-3.29219992280024,1.1908585376345364,0.291518981437612,0.4562795873987824,0.07353663482086681
5334,1.049111482906369,1.8244440502749484,2.26562517931578,-3.418503838798678,0.11824215518748193,-1.8389190288833444,5.532457196611464,-5.12252656624479,-1.234767184173442,0.1751233831039336,-0.5807382996638708,1.2304514703677398,0.8027705259166069,-1.237041491907858,-2.84307226808345,2.5247568564123455,1.0550815929117192,-0.30249521524899947,-0.12188099181216572,0.26173789175786055,-2.0314721969341605,-1.060040909470855,-2.106978083678582,5.058634290135743,-1.2174054718861065,1.1040794755719254,-4.002237121837091,0.2325573603213842,2.619276919140617,1.2637288386909837
5335,-3.479228336961471,-3.6522590134840343,4.478799887463953,3.8854166637431966,0.7388242677466907,-1.9715534685057747,-0.2445679648090966,-0.21273834849375817,-0.3677748599158974,0.5299784506258689,-0.5126470204516993,0.8077497430456368,-0.5559057356449237,0.8444649538982212,0.08811621496672473,0.7140090295775892,1.7832895304569227,-2.8739739932541717,1.1787375155150812,-1.829553844227414,0.44652244531855345,0.8617185410711574,1.3993099570780974,-2.056734614757641,3.2035263392247053,-0.7881997293238037,-1.4092354376737255,-0.4893586584931242,-2.9977353375167493,2.481002823784447
5336,3.6516048794131173,4.692560627277327,-4.595319187868785,-4.438520787036378,0.6034242511258299,0.0862502170914361,0.6864000521283025,3.1159579342290513,-0.7530301514204751,-1.5693455056761874,0.6381251147305687,-2.1181074439902012,3.2399407581864494,3.597198527394454,-2.1843686460478207,-0.9641749816154608,-0.6767340820347982,-3.0118615758824827,0.39630505340146627,0.2035497979135208,2.196299120840891,0.9148351483908401,-0.6969956740537651,-3.013993446495121,-4.394948868901016,-1.0818757474212681,2.3059466021195583,-0.23329269733236124,0.23535296793971838,3.1688177435971134
5337,-2.411734768123047,1.2480696570289354,6.165639416818113,-3.1303721785716725,-0.2732499929815766,-1.598352134168234,-3.375103078014085,1.8579335853115353,0.727110391399231,2.764656807457321,-0.2635933929308498,-1.711004313222098,-0.6125111393918417,-1.8182384219152503,-1.3763151777742717,-1.5650699108083064,3.9383355711038917,1.4337990787861266,-0.6612321653015769,-2.3541584772577924,0.6401882420379827,0.1594966143668639,1.3786461997546002,0.8370595863977428,2.8764640402761508,-4.090808709419427,-1.3020882551698065,0.6381619811614314,3.6347563317712606,-1.7564853886178735
5338,3.5942936555718887,1.4201733361311994,-1.3444724278629678,-3.6336040368427334,-0.30660704522226867,0.2702165182274001,1.9828085277195093,-5.511841496151824,-0.7846972998880828,-2.1084456860272205,0.5656828918683043,5.856493062480364,2.4660782273784037,-0.3866046193889048,-4.162697047385425,1.3814306186040355,-2.279833497104965,2.981626317897195,-5.551441048105964,-0.8731819183886564,3.6943605338752583,-1.0479681526469218,1.839277464449589,1.938953120814496,-4.0521456748404034,1.8361096832099477,0.1566548284194731,-0.20291038812770967,-0.23045407588267786,2.4927456272230692
5339,1.3291179800814348,-1.9185759604893704,3.1232425832940685,-4.753838657609641,-0.22266463931351965,2.442718694039568,3.0502710868589027,0.11069439410232818,0.0669546664202727,2.473154350129466,0.16630711660012754,-5.867381614110055,-2.8898586664174335,-1.0564334196917216,3.919619612133907,-2.890464960833972,1.4394844375409832,1.4776529972685672,-5.184157472297574,3.3088984430861643,-3.390776326895635,1.2048699702021857,2.6936342479056794,1.3675311379969806,3.0026550378237324,-4.630277158108541,-3.0595778601289467,0.8479394610447679,2.2045150169898946,1.6347455023807882
5340,-1.2661034309435646,0.762658347667994,4.0489426618847375,-1.8972377777380025,0.14428248164211155,-1.792542282510734,-1.3622143181338195,1.4896525613628597,-0.3482194496759803,1.1864322890542915,-0.12988809029654202,-0.8357629923097498,0.0027493554853386115,3.4254103656621737,-3.838860646434057,0.6462098984205014,1.717619372259346,-1.9531283453929902,3.7408482199711734,-2.8394404560380533,-2.8291229562296394,-0.24484165152375947,2.5431005237781896,-0.37054367996011095,-3.1978088221073158,4.5173912678918065,-0.22251149017019856,0.8219999363993171,1.704535784806847,-3.6236066768187882
5341,0.4675072644626983,1.9052715087236258,-2.9400737237060603,0.05186803755610825,0.4303012571725269,0.08512565579360398,3.4223661223679365,-3.3403493001215843,0.6710928615731637,-1.428659391555124,-0.3290830105698497,1.0046327183065138,-0.9391958687623472,1.624690985577658,-1.3228063667141114,-0.03716153317098758,2.7719979415014,-2.0975251584312886,2.0961609515123776,-2.0216725523017285,1.7585369723619664,-0.08316913178648999,1.3516552056644713,-3.101511445452836,1.6972068448192594,-2.4004511969993487,-0.746390205929476,-0.05406364462635249,-0.1499748107093044,1.6536730134469018
5342,-0.8180447020635295,3.216614184796832,-1.1538877846173605,1.819856294530684,-0.8947020355703053,-2.1698359570738512,5.075245061289554,-0.7763027152391082,-1.0002839399079888,-2.1214611464732407,0.1279441373114576,-1.3051413969796464,-3.39543863384292,2.7584508962758996,2.175881902575515,0.35047489942649435,-0.7759880352447013,-1.113381029189961,-4.133782641054744,-0.1947638909720837,-2.055954303551017,0.15009958025560532,0.5433736001892271,5.691027655130732,0.33246769503928775,2.241786905238385,0.38663775124169675,-0.4613787318269251,-2.181102846670834,-0.3184107730199468
5343,0.6554865121871032,1.9407750379473292,-4.188440763143017,1.6660313893848588,0.7183143559380434,-0.7921665323118319,-3.191281708793621,-2.4391969499443,0.6357915597076609,3.5470866076689695,0.4522109466017854,0.9953895447605063,3.0062177951215183,-2.471295394542473,-1.4662617716948994,2.2128533092920115,-3.7765954663257126,2.495081528149875,0.19517569122464096,0.17281660006947241,3.7359216227803955,0.7866084490394218,0.502081528674367,-5.392603891790557,-1.6270697634120097,-2.579723819795099,3.873028045492994,0.8885596397077267,0.4967043860300002,-1.051498488021947
5344,-2.7300396836342724,-2.8293416448220796,5.002187809898377,0.06659711758139508,-0.057252198661550846,0.5478485996406057,-1.3362986971660753,0.9758818266970799,0.23063259100324363,3.5190723699472315,0.7430190291865593,-4.132307119667047,-0.6872386720902242,-4.110756240606657,2.007883521016822,-1.9751741902195903,1.6321729884362242,3.1331125934636965,0.4778482717738015,-1.1932052312354102,-0.44494498282794837,-0.29845332595485186,-2.236745904749787,3.6955011729919285,-2.4221985107901176,-1.2451854712800987,5.237956762601534,1.1007673721481677,-0.4086979320176667,-2.262642220660169
5345,-0.5389665302165447,-1.2946066877439328,5.152292009923908,-2.278317804379167,0.47431204352105905,-1.5147130311028398,-4.811403193254122,0.40128472232929724,0.017427303239181846,0.05061503012543156,0.4911755422762285,3.850900595285001,0.335558702625125,-2.2975678912422843,-1.2888970972735567,-0.7421596138094699,1.7876035531862726,2.2054623465141496,-3.7122255831831517,2.190816249728492,-0.7762099644497109,1.2109046095104103,-2.706158603199624,3.792873291591313,-0.6737616255044365,-3.6942244471472776,3.323935106693529,1.0742332649304878,3.0026068605789042,-3.0327891595495586
5346,2.7107518108446875,1.463080535259678,-2.623723258919913,-0.03168997076825519,0.07877977192699293,-1.5971988883407242,-0.2463850677594408,-3.8185742225747674,0.2686635778490434,-2.179035500246183,0.9321084217831999,5.043222790949152,3.7836087118673625,0.23451109443465512,-1.263533382766754,-1.5179230009770421,-0.9567775916706225,-0.27988583088735197,-1.1887370988561692,2.1398157374434845,1.1902977451355596,-0.9571910708725859,1.68380583526322,-2.867991148115788,2.6819087418033796,-0.009177376642078627,-2.2006913534009485,-0.16936232101226611,-1.9284366757459512,1.6257589849995568
5347,3.089543523812523,-4.1038773384043274,3.7895498820405358,-2.6011898980078065,-0.8693446605915942,0.69531849115317,-2.7601414071692716,-3.129644811401917,-0.23379163960028126,2.447247788487214,-0.6726272730575324,4.348957342742793,-4.176322447329126,-3.6174650357337086,3.6332132315863817,2.731390756218495,3.5508389102557274,-2.121655414997514,-4.617871361000507,0.4771404403001078,3.644233730855806,0.7211675494780545,-2.9038483159607296,2.679177956324992,-0.11638519370691469,0.7231897827858695,1.483611921345645,-1.125823232061438,-1.3226347771819373,0.3580414988204641
5348,-2.770958418819509,0.29068256260701375,5.482411860055716,-1.4332267951338231,0.09956169738620835,-1.66847090609307,3.3069431041397905,3.9141639650138096,0.8706254403823861,-2.6621899908196394,0.6770095537492287,-6.106552072464552,3.1696405279618745,-3.1731566263207167,-1.3754209787497782,2.546084861338418,0.9409975896076865,-2.1081453738372087,-1.1596646928871834,-3.045700660020149,-1.6903544573098106,-0.41680991368959663,0.013967393786463944,6.298562330118003,1.8214233612329664,-3.6321536176073295,0.15710972392894007,0.717036206424913,3.400738032587718,-2.4641537065655097
5349,-0.6742077617681304,-1.093769317361005,3.2965757532250883,-0.5021025553944227,0.12468569106922711,-1.151181809768218,0.48932057658504036,-5.9359220069763445,-0.25416984539632903,1.6830193849661157,0.12035047389800813,3.8974014169245628,2.4711648161822666,-3.233387229117998,-1.5892602248269103,-1.8802563289266772,1.5884406858011602,2.643298280888427,5.908974699957973,0.5731516372423364,-3.5901300557856146,1.2220772738178916,0.6132846219973267,-4.72735817723219,1.9347263450536332,-0.2749131481633036,0.9544813327597303,0.42222417837089665,-3.7114945228571212,0.6749758148378948
5350,-0.017052968373951316,0.9849661839923769,-2.160453174019061,1.9321532033990643,-0.720414273249435,-0.019198971746442695,-0.9690678587990931,5.111717334405533,0.5810869859160794,-0.8005545780834531,-0.2892917662763548,-3.6338901171616556,-3.1849423687571203,1.006081717875606,-2.4927327612433015,2.731715155021167,2.351235331674257,-0.4113570745703736,-2.9565667370364217,1.8764220234331717,-3.345508629476466,0.7963896852638497,-2.768563547197303,6.397827205010913,2.188097423144132,-2.7783434623146874,-5.147047676022957,0.6064786189300966,3.442462323955205,1.6883527723099547
5351,-0.1164590800208849,3.555679241330708,-5.772164271534184,0.14535550845770828,0.008455426592159476,2.179133175177041,-5.8162803344412275,4.164290277465014,0.2724888396975329,3.3875413283948603,0.13086583091352466,-2.1389059420286216,4.023860861543209,-0.9458353816512783,-1.0522447503745145,-0.5244123968141672,-3.352844559011306,1.8514762263082787,1.683891268818602,-2.3934983494925763,0.06064766816306033,-0.4843249877599609,-1.1189486206098813,2.25223302087851,2.2839610416802287,-3.3674835163681642,-1.027777557531941,1.1916651981643298,-1.0719839980839776,1.991618832141281
5352,0.5768218561675926,3.3952325882461167,-3.6472726961766355,1.3068782125828307,0.3106315659350667,-1.9422915267524186,-0.8872837387403933,3.1938017818469646,-0.7186544133999258,-3.308748176745379,-1.2426788153550472,2.9635633623948756,-1.7502261175749094,-1.1347544485574002,-3.8471701514393217,1.3168837981079982,2.0520478821061374,3.363219037357709,-2.409865757678677,-0.14811930133578421,1.3630887033617753,0.8204136534540902,-2.215378115104947,2.589860817301293,3.697697780026356,-3.1545175556764384,1.645007696456446,-0.9696370293432501,-1.3104633650278288,0.09191247356647558
5353,2.707051729172047,-5.093195109407606,-4.098687937655342,6.195328732220691,-0.42357622999388034,0.7130788156666519,-1.3058406924147477,-2.5727696517782412,0.45797920885983423,1.042242153272717,-0.5991329138554926,2.97752189591699,1.321902040781687,0.37293451214258155,-1.9469897209593885,-1.1170421462768996,1.5462265838343896,-0.17703126952213744,2.1514805099208587,1.8435555730741822,2.147002059245885,0.312225873048825,-1.3643049292184308,-5.089959086073566,0.9667717266370275,2.825251106635868,-2.282500505485711,-0.32090010882750786,1.5661989866950279,-2.754821205652915
5354,-0.23865728303301736,0.5572859462703512,-2.291416239898986,0.6005492501363605,-0.28754541737652706,1.6597837439043488,-3.2428839917269876,5.21704486763576,-0.9226590235522156,2.17091407238809,-0.7145257717463487,-2.507890152997234,-2.97593339854909,1.8918423677342915,1.3389328521467831,3.444948076294647,-0.8137087762277275,-2.8860811213986572,-0.7811753659364946,0.16383778176897046,-2.513498578327649,0.5134695169423651,-2.2740236633399533,4.891390308890514,0.34114146729428896,-3.1571083097584385,-1.3376070225443009,0.9799604913766222,0.1118872874046275,3.061726086228987
5355,1.3314094699213115,-0.22547487318740878,-0.46619861303497956,1.581366166643761,-0.8486769228710331,-1.372425227469142,3.587954619593205,-4.877419968994435,0.22505166352628692,-3.076777940625819,0.046813445193130576,4.094378181308688,1.3096309727253335,0.3020933609545047,-0.4962948197397985,0.3180101858473172,-3.003910090285597,1.5704703904984711,-5.867066659663514,0.43753038120501664,0.6774660159122554,-0.18251138504741782,0.14619895971821784,4.788382687873181,1.9396797847588871,-1.5613797559246656,-5.810351331141494,0.4873995093644119,3.7272071621596226,1.2174446307850175
5356,-1.114419833981657,-3.7007372702079344,5.020376467369761,2.502239585067933,-0.9002482663271065,-1.8072106819185194,0.05765501528552974,-4.000321909406338,0.7150128026019793,1.8186651119539974,0.8242046741020141,0.5847843054638524,0.05035698986948134,2.061303948355185,0.8993758028022576,-1.6454549805544545,-3.1747717937318374,1.8091900332596182,-4.616396133237618,3.3052770067747765,-1.400462152352322,0.08054873912029947,-0.8201015014823092,3.451134041174871,-0.25522010871453205,1.0975836054282624,-3.9674970342409885,-0.45817548178278855,1.2247098018461173,2.3585992174657022
5357,1.6978368687806658,2.0344961102926433,5.301931964045526,-6.2069149020612855,-0.41139596853584304,-2.415954072519236,-0.4283817562737404,-1.8356091383173485,-0.8629192304842954,-1.857669093795332,-0.34631311873342163,5.3308923376051744,0.4084786219987713,1.692491539990744,1.37495157609845,-4.236432181400737,0.4622469454763163,0.2982634978367127,-1.3475943989897026,-0.4759734440803012,0.003156966075621881,0.3371143641669079,-2.357773142994631,3.84106965581978,-0.15411515026478995,-1.4169710456987978,-0.7178100150219855,-0.35456201874115134,2.798753417638416,-0.15529518790989805
5358,-2.972808968226138,0.07492890178191658,-1.3022071565585378,5.000531902806287,-0.9868812894492214,0.18643660964815112,0.6195696613292796,-1.0329938522618534,0.6485892961096296,-2.2545290718209046,1.227840859305748,0.7915231073391134,0.30170187982331953,0.17677888895284966,-3.6938399029808657,4.233155238707795,-1.1062037485539165,0.08840764405108281,3.215000553781909,1.789257898766932,-1.4216608408726792,-0.8913475038834164,-0.3154087392400662,-2.3758413685550153,-2.5347689455232754,-1.7553530433746651,2.0305461126407707,-0.39689920148915103,1.221975538014874,1.4344995397332525
5359,1.1996372288996682,-1.178662467686685,6.150645244731013,-4.605640754320458,-0.8885142459080522,-0.6774650057130209,6.2491881617232465,-4.23836756092885,0.8603950367224744,-2.9523886175584924,0.7560234733300435,-0.674850493287412,2.1930626988051003,3.4290545313242085,2.9051843903346573,-3.81822554501845,-3.744618901975855,-0.964457173469409,3.9423873001386482,-0.8049528274038646,-0.6580266598856603,-0.2740784472186224,-0.6027581701892473,-1.6025711954435842,1.7217877012202152,-3.945214606092655,1.649261697482789,0.9218741436234161,1.258280799568766,-1.6059897358007174
5360,-0.8132615444569549,1.315097553962989,-4.4795896728187685,5.286181770201523,0.6018249668329521,-1.9102530737193106,-5.237159904728674,-2.2604987788865216,0.2548303329664314,3.12368374141343,0.9118941230843243,3.2072504861520343,-1.606781937890359,2.0758842929131482,3.3103860938806875,-3.041064469882926,2.2427710419726843,-2.981195020992999,2.11352273854072,-1.3186012414436536,-2.5270435343051165,-0.5053863664585974,-1.4818102914137405,3.7193186950780337,1.1021031180936092,-4.194951588670543,3.2600863132555347,-0.4699300443536574,-2.011844188278257,2.314536389955123
5361,-2.3807751627495737,5.607199870440475,4.5738299146052555,-5.823143974666596,-0.9753490002392433,-1.0017616473878714,0.2920834924914324,-0.17486161612533024,0.8266526357680846,3.3599424721876012,-0.8804507815330549,-3.4233662027877294,0.282152847786886,-4.050097048849116,0.36702295836849785,1.1126557870449467,2.2571608299733406,0.031104625675720143,-0.4392195427748433,3.1732220787838585,2.3967322272378517,-0.467929040645668,-2.146200343796208,-2.5166053788073555,-4.8671208084807205,0.21350551764568593,0.6532401679766977,0.7004757019951509,-0.22781458665286358,3.527714007517872
5362,2.9527720898363015,-3.5825409651552818,2.4953682323583095,0.8192995248677661,-0.2524500909135097,-2.4324487909911614,-3.9881989159595754,-1.7727065796509827,-0.5277713010591922,1.0434901436472614,-0.9609491903343761,6.206135843357867,-3.5799603678452634,-2.1836587763760935,2.4150708284118707,4.064613415803425,-1.915627377298092,1.1995622773044268,4.818730400072031,0.9350005815939113,-0.789457213597375,1.1308452417270631,-0.9728813982598119,-5.122237611538196,-3.9965082851113607,3.0746150148137374,-2.0914211125671294,-0.45964206139217634,0.6844769256577514,2.788479518601001
5363,-2.9908321241874383,-4.729182236854911,6.01785278609249,2.9052157970691432,0.6910143712488734,-1.8940685933657395,1.5690906407042533,0.5832192931744764,-0.517686839948138,3.433984447506777,1.0841457494722224,-6.152753290908613,1.5913377210774335,2.5161358937598663,1.5070623449130345,1.2139857894467703,-3.0849586104168445,-3.743563138779974,5.386217496841109,1.1795270848965096,-3.0076707930708313,0.6221782002235159,-1.586725767241333,-2.593526221651345,4.919094961030197,-0.7962098962685431,0.4452104646409438,0.22339756874649286,-2.825504983696689,-1.9659881144505853
5364,-1.968566491176718,-1.5151681872098735,5.796437669509263,-1.0410977731569275,-0.5452912709944449,-0.7263139469689115,-3.3549342608110635,0.25775540114882034,0.049723629858698715,-1.3851185858508455,-0.633655679192958,5.06622949484834,-0.00032589385208936505,-1.1746795696419774,-0.9486470581192847,2.0045646122784326,0.9235740444984231,-0.8044861351632395,-1.4704076791325917,-3.146293075766394,3.2911158324622143,0.9884433234138923,1.6978793578913507,-1.360737758870851,-0.5439892856995101,4.822631880258573,-4.650540825144763,-1.1175625392308755,2.1696805156264922,-0.6802197458081309
5365,-1.280817334862304,5.452425374296681,-1.2883560836136745,-2.2981910244133417,-0.33669470118353817,-0.24836623022139648,5.6222831555182005,-2.241208853924597,0.3911066546201063,1.9964938386257707,-0.3292270870665499,-5.439447707771972,-2.2612305119390115,-2.5808216184608757,3.422010569634452,3.309291886266294,-2.6948231128464073,0.8055727873457563,-2.2245838310557353,2.5265050556915085,1.2273536824206808,0.451407939855927,-0.5781715579143505,-1.4025112890004081,0.41792117101172366,-1.6285865033196352,0.5507389336656416,-0.7055940277056072,-0.6257211240640377,1.9912415504137435
5366,-1.2889909890296725,-2.3490548252498904,0.20789729877582985,2.362008580729057,0.21570183987546931,0.8524380949016095,1.6528699546195575,-5.558630407577567,0.25564967381240766,1.3462079548064771,-0.38463417939451183,2.688537003734613,4.177611381452458,1.4341029616555794,-2.9179639432651214,0.3978211940801799,-1.2961143277397351,-1.7954572661831794,-0.36977637958114684,-1.4597984761927343,-0.8109682954561777,-0.5624446568425316,-2.3849125311383244,5.587900339208559,0.24098780192827363,-1.1053171497425218,-0.21163133972391535,0.4936323288242024,-0.28206189933827375,0.8643902580540779
5367,-0.5272181576392239,-3.593984643072723,3.7825902024877287,-0.7554296423821079,0.8126860192223044,0.28135622138642447,-2.934454707686676,3.9417879950931507,0.005687935549917533,-1.1600334341779988,-1.0611428368946507,1.2081550481172378,-3.147313419770507,3.062560560573612,3.5021068299977856,-1.29469178428457,-1.1122295310974124,-1.0104326554187484,0.7020911712779636,0.3934509885806481,3.023779588227857,-0.4848867871614111,1.8353906771043818,-5.469825638031761,3.0310271094438974,0.05725636425392722,-0.9973530126668599,0.2429707755944408,1.3852348843332507,-3.7191361209568132
5368,-3.457552732863107,2.330337188772152,3.8376058017514723,-4.119915446655824,-0.7511831501232746,2.160708339121003,-1.6793599974482767,4.481999937900131,-0.7907078063208957,-3.0123775864812785,-0.31006787271840164,1.310513325069703,0.5629641032725914,-0.48221575996441857,0.6356929870338952,2.1596978748027347,-2.5329518164220968,-0.3431873887225727,-2.467430848068428,0.5531958359362239,-2.6258922504264532,-0.140560151792684,0.3007217238385529,4.379965690510446,2.1770268896626206,-3.987126035466588,5.17899322157918,0.10179075981929664,-0.11370910667172218,-3.356975728920988
5369,2.4794019257567683,-0.3591533921683059,-6.06748753723636,1.5441660008894473,0.8875065398433333,1.5155664629175298,-0.7005176940133211,1.7110210476693695,1.1903038386935378,1.1547190056852088,-0.32671515416303265,-3.0288110438707783,-1.5359266948599046,0.7418203836233168,-3.9270596691799096,2.350028727560751,0.2521237827081073,2.1190134701477596,-0.8299167675456971,1.659839576337177,1.5033901650353592,-1.1543163130065959,2.255101783514755,-3.434098444337348,-3.2259229147826787,4.072706691748383,1.7354012976745565,-1.1469171572614072,-2.3960851371360636,0.9608172197589955
5370,2.4529794872449777,-0.8506166154545909,-2.853257618281372,1.5070781102804602,-0.9906296401692278,0.7344462763821671,1.9965270363592218,4.457279683028851,-0.06161115983086063,-3.096314651931129,0.7012201401600757,-3.997101047785172,-1.5484466986625947,-1.4501042455229332,2.6871151675564278,0.9646596165040613,-1.6068526670678107,0.9536288271929418,-4.993074974100949,2.60224039950565,-0.014386714541799961,0.5967091537732818,-2.3395248694082333,4.148037004769726,-4.066286527529071,-4.824094999542359,5.026615008826639,-0.3544173425144672,3.298114065837243,0.9200697949237906
5371,3.444913699325479,5.301387250207416,-4.105342397449757,-5.934458002966721,0.1737857242847336,1.1197137266012618,4.962344173253555,-0.48608251718622597,-0.6739741959867152,-0.7947609950030543,-0.046899131539386296,-2.9606273335371824,0.18181824676425506,1.2617567498061746,-1.3567378202820422,-1.9722679508596297,2.3319044016153327,-0.4464736270440195,-5.607455462499985,-2.504945913050051,1.626296685012555,1.1156353179298621,1.4264627190782697,3.9440066535270226,-1.6823000774295807,1.9126160877324239,-1.5416137441330982,-0.5548885811021425,2.641019532183062,-0.7748332172488936
5372,-1.1652945944535187,-0.2116645627960807,-2.4797684441865826,4.76506399259128,0.4160306965274847,-1.3243670876801694,-4.94714677364254,0.15080240110403764,-0.23445020344009038,2.1167801106869177,0.25430449562530555,2.6597099696673574,-1.311801757440037,-3.6015444643905408,1.8841889263802933,-2.3279515545600464,3.2355934394740657,2.121515410536297,-2.1743487130799366,-1.037006958350629,-1.1344206011313247,-0.9358527705791237,-0.7967431654323107,6.078372208570983,-3.5211746192486615,-1.9513414189128788,5.412506000345779,1.0627696770821915,-1.8148839939122823,0.8121243546476293
5373,-3.6193208031548423,0.9740057960379325,5.040878094907516,-4.478054683868351,0.6870467862882488,1.395444809791913,-0.583478205887829,0.5125343141417922,1.1065769170392246,-0.5184837292178237,0.624213468445336,-1.141362764519748,3.67590018463536,0.4569035572193556,-4.2073765687573825,-2.009359135221626,3.5459915799506803,-1.462059617826366,-1.19056504891444,-2.9417956365284503,-2.402175683839813,-0.3228996370203836,0.41609950360654224,6.441336502694199,-3.5369849237818975,4.503532903539025,-4.658557826776196,-1.1951323701572192,1.9391745892743764,2.9479676279036546
5374,-2.8255736142791807,-1.8419185739314798,5.516068516352888,0.16759757600510738,-0.9010507003394201,-0.11512320380544239,3.81307991125065,1.0208671217858623,-0.8084674654257906,-0.32417231026136584,0.18734195907241435,-3.8886492164208235,-0.18854197416098017,3.684145290585807,2.6094310378818015,-2.3718731245230007,-0.4684961418092435,-3.2646650879743735,3.17787954137755,-2.4972022105044083,1.949707129120874,-0.6832571578777067,0.012591255968366966,-1.9597185580870224,1.949244506827803,-2.669782824602361,-0.026305611637368997,0.3590485173438607,-1.7061280682076152,2.093923480277386
5375,-2.0800391302603707,-0.7117963987041378,3.206397371026938,0.6190867421737671,-0.1895970412135488,-0.8440515430201945,0.32670836270320436,0.060999906031582896,0.05181091325357112,3.309487133341033,-0.0585636952658346,-3.6904426200625977,-2.7790083779253507,-1.7021702843351907,3.516827516396109,0.22128228642790404,-0.18484434614284595,0.9279132055793884,-5.035062451078964,0.03720106158622194,0.5065889191374353,-1.123939538098587,-0.13631623449560415,5.7515282429471455,-3.4364163994704064,-3.9792694997231486,4.6326369751345595,1.0943141802572436,3.2510001827061643,-1.562265438902731
5376,-0.10008981067646694,-5.4712698861783196,2.6623351993247653,1.8934270229974821,-0.15991892933228957,1.1755164038672614,4.793567844988189,-6.000431349364874,0.5363158073342085,0.6850556393240002,-0.16910537357703426,0.1545974312964944,0.3900543551899496,-2.699295522505814,2.3948082916703832,1.4171610164004633,1.4037059961573313,-2.906434136912278,2.7450711380216255,-1.2753004056601398,3.3670181954889777,-0.6115781852487032,-2.212376042917823,-2.0128346996863122,-4.217785922656738,-2.0097185402944895,3.4826536246370345,-0.5609044208759171,1.1914187512657293,2.11433650792603
5377,-0.2008251837978463,-0.26886866417300936,-0.22638826784532284,-1.3883497949551682,0.745967019445577,1.3384648913281971,-5.430992665300678,5.860319281385397,-0.31952402106798683,-0.5151297944144986,1.201500458167427,-0.7961732587686683,-2.4208454574963003,3.061067210578674,-1.9507621817736513,2.591880939395022,0.4518931219523665,-1.7332336326560789,-0.1412255716229467,-1.170158550180286,-2.3911477597362456,0.6530131860983852,-3.064510616241689,6.114029311680433,1.6884974919909403,-1.718968884127598,3.1634931437184655,0.524643763623792,-2.0779133892346664,-1.5797521259692946
5378,-1.7610344937953144,2.0247852930805195,-2.5748543545076608,5.22786594862632,-0.8756624883813746,-2.041099905020065,-2.039097833965215,-1.7056615775913642,1.2476763593573779,2.7308089642324376,0.12008538236126398,-0.353811294393509,-3.7402004365568633,2.893682411208218,2.713679289725974,-1.3893185793100749,-3.674743739069676,3.1969010540024847,-2.6513279612259915,-2.329526336695082,-1.2535413597130738,1.2151421279740777,0.6399723385321234,4.37928119112561,-3.5798342254746878,3.54066371959221,2.2541116923819224,0.044916678622726636,-1.9344086631941053,-0.3254492019263928
5379,0.3870653813756437,-5.741986030837587,-0.5595947668844445,4.581427242337046,0.660039372122144,0.6730488018896228,-5.6514621934735345,4.527933350597753,-1.0929730290340158,-2.3631601656968204,0.15037011570727188,4.429291921900347,0.13363960348033999,-0.04797229563599004,-2.029630797759177,-0.9682238582867946,2.961217010315959,-0.049029662114300265,0.8595296757170949,0.08887541014714095,-3.7200206319158173,-0.4434549833371353,-1.9162349105458123,5.131305439932206,-1.5077804740620877,-1.7648328484165283,-1.5740658639387455,0.06453916739236298,1.6889556388416693,3.0931843801850007
5380,-1.2340405433569277,-0.8193785492148997,-1.2110319780020156,1.3961786186942966,0.026862761075810315,1.8414096908061737,4.290407111521144,-4.554747129847797,-0.3725448704173182,1.0840934417261892,1.1265039773502163,-1.5737125303313988,-0.696473310431152,1.0587045594765492,-1.808625102764788,3.029055291459592,-0.5200412998803117,-1.0626201378598434,-4.192118031687961,3.095908057866339,1.5462184366076208,-0.10358595487021116,0.03124610750778345,-0.37766861542587904,3.7920735795339127,-0.23771078991502037,-4.690466646624294,0.14989579627626437,2.9784249886679603,-1.9922169279371271
5381,-3.4162881719822504,3.2223307928875933,5.763426618823065,-3.8036030180525096,-0.5236643800115532,-1.2422018416618972,1.5727053687889239,1.9855101106777795,-0.8914140668533674,1.2271792479404553,0.8234689049171795,-4.717449565469934,-0.6251235297893061,-3.526673767330479,3.778443248713316,-2.9411592529857735,2.081344926601915,1.2331683747903952,2.300907031357049,3.4955787392785425,-2.000564721334518,-0.6501556071748222,-2.5989884899475726,-0.5467769521809771,3.58868580835691,2.2842715590495644,0.758622308474802,-0.46637846763406277,-3.343793086528766,-2.8214081217167557
5382,-2.9490458105620903,4.619113723551454,4.0559952054606825,-6.078318158179346,-0.5489600294708095,0.9012150692025553,4.389572212186611,-1.2433724918208675,0.5350306603156598,-2.369260711290286,-1.2249486528771856,-0.08702101651291017,-0.4378739735901931,1.7275922226218547,-0.6370848995752638,-1.1759008263146242,1.0859713334612344,-0.5627038566029174,0.9449667957150609,-3.1632238032045628,1.7096104483956367,0.06067299205748533,2.5154756925986312,-2.0675021255645127,-1.5281228709504084,-4.7480291434373925,4.34780836153125,-0.1862652836314309,-0.051850532955510786,2.166459469445165
5383,-2.1183693110173465,4.3466981481598665,-0.5689008392767576,-2.485261535920781,0.6383717303428131,0.18746180771466037,6.131768571023567,-0.13509969580767134,0.5874470348398146,-0.1610398505580477,-0.2747515820170019,-6.14832447747963,-3.6299981549418625,2.4506878623779187,4.089875712342501,-2.5117302815462708,0.5079124968351678,-0.9067476350673669,4.186052040585722,0.6708259833787871,-2.783059361199422,-0.5442099655566173,1.4101586129077255,-2.939767310118448,4.936360840062807,-4.52709259821272,2.3652003916152076,-0.27121610636648974,0.2741213594402403,-2.7773738865373883
5384,-3.407475028117547,4.875314877889814,-1.8838525890350475,-2.135219192690741,0.6988538143105942,1.8523781176453902,3.9563307252870885,0.3715545875656723,-1.1759538673905712,2.380319252417042,-0.5049326878634304,-5.0273180100147705,0.3523148937431593,-0.9828272513095619,-0.15877425432513448,-3.2059588035289437,3.8231795184151878,0.17206589700537478,-5.679212122028467,1.2548299191287828,2.8740352880352376,-0.45331715802078953,1.3931145478417353,0.6105495250412325,4.574090953849165,-2.0600936859432792,1.5269062266357984,0.7386096358624963,-2.1554217604772354,-2.624091369925292
5385,0.6846604185141683,-3.3331188176712843,-3.7679839313058743,4.38326465747889,-0.21520484502672121,2.248382518013294,-0.4979636457297545,-3.240025553742541,0.226637065881226,1.0144380796910397,-0.25586455710394596,2.75277861100502,0.6080864967796415,0.9155239005901947,-1.9058325944659487,3.3673464751427282,-0.8943547490962303,-2.090769528950304,-2.880175088260078,-0.3788389701017554,-3.4692119541610698,0.3732551311581309,3.0658368920148327,3.289133989347693,1.3651263235844695,-4.728009152147909,3.1189119515608894,0.08872115361303479,0.6695368511319906,-0.5142871277408112
5386,2.0559499825147896,-4.867185374615765,3.969661624082537,-2.2082753797332018,-0.5923807255781486,1.6422298733322798,-0.1563582067615208,2.738452940758883,-0.21279540843284472,3.3253267928048054,0.10432384404831474,-5.7989499624166,-3.369206541620038,-1.3850446346798613,3.0472993351152553,2.7626811898366768,-3.85167317193447,2.79594382328251,-4.933855135371271,-0.43922373923027536,2.6957001324535597,1.0161223484410788,-2.4990947809241746,4.16035117462879,0.11664001718666483,-0.31921194138832476,3.6286428040103154,-0.23796955957860355,-0.9224052507830525,-2.2656960694453545
5387,3.324686861369674,-1.4077954539434359,-3.0704974116262242,0.3644158373101902,-0.08763424647052243,0.8768244133628151,-4.023081472889441,5.218537128932578,0.3137657764948578,1.5863771687761563,0.8072373914019426,-3.9028359927150476,1.1403617326508062,-2.888992885503203,2.9842521366534243,0.2550541027236406,0.6928397464020115,-2.183514832926594,-0.4523635049954997,3.3754854281250175,1.9291330459422085,1.0814506879310795,0.4847093996266345,-6.41841505663173,0.6150177378859674,-0.07309300140147812,4.547357628600668,-0.16309161139709083,-2.904294671635352,-2.0218960820510397
5388,-0.993764985433895,4.866390146277396,1.6284037542187555,-3.044150844125422,-0.9387073431961488,-1.518170727738175,6.046340765972211,-2.3172815972903855,-0.06796209137891385,-2.5623288913425384,-0.8811856065542889,-0.21758257940504677,-2.1074778608182942,1.2703560339788815,1.375215806543558,3.728484390175492,-1.9237959446214212,-2.3427824252581466,4.193325815545933,3.2245341159418572,-1.3524215593316065,-0.6582545307474383,-0.5111521448000751,-4.896031696610969,1.1834188315378782,0.038500989458327695,-5.31125595551627,-0.2789775762309903,2.2976230442970156,2.070690666455693
5389,-1.9603384609648682,5.62783594952376,-4.203575257157944,-0.07039575330498238,0.582438190726783,0.024035331179787178,4.915532681218195,-2.367994148051384,-0.9012824211867372,1.1221810815313695,0.30846992008605234,-3.076907113596441,0.6285727897535018,3.212869958178022,-1.9486224024529601,-2.419845492010456,-3.098098284242731,3.6251234307746962,-5.331408749364137,-0.18654666423061883,1.9563043395756488,0.38737406139175334,0.24909049331240496,2.9251865193126534,-0.3625619320093847,4.224261369528673,-0.8652821996192408,-0.8009826322325617,0.6750565473758741,-2.87049115304173
5390,-1.302466169517377,2.887502552109055,-0.36073022710030855,0.28176845943094975,-0.22802472123494555,-1.2780498936848446,0.9834935346023101,2.6342336062875447,-0.7088821105840308,3.5575399753279378,-0.5289858068031164,-5.937399198829624,-3.8830136713955437,2.481963815991797,2.678261549457126,-2.4405408958631245,0.3682738350635617,0.7950553667462685,-1.3854716009483603,2.5262407584220554,3.1328901407478256,0.7732066524551522,0.8334095097501457,-5.880275460429068,0.16646821060971106,2.9044037825276625,-0.5679176093584175,0.7295786118570291,-0.8308532793185037,-2.4016797163158223
5391,1.1427549466333389,1.285970588916232,1.2095443952020872,-2.066662771439404,-0.46229201744284554,-1.1093151418668903,4.846291164041062,-5.745660887666187,-0.5746096433297989,0.045163406180531496,0.6737947959554349,0.755021164819965,0.8691964374154288,0.9649630916456502,-0.1406088821451874,-2.929342931950945,-1.8401898790809916,3.075982164116148,1.940323586026576,-0.8687354941160965,3.715944246731077,-0.6455060036632236,-1.3750682074066383,-2.766958127573961,-4.497935237515842,-3.9168930574540823,5.4714279800748535,0.6596834744584035,-1.3221978208332725,3.6059146612715622
5392,-0.1863841667899333,-4.031796843580381,-2.07500526001823,4.634523807015643,-0.6820230591731011,2.340685522548501,-3.289156292121991,4.106096519456294,1.0258949528873416,-3.2396595185185557,0.9190945146213005,0.47772982367662564,-0.44241019427252937,0.30220520437309517,1.8114025257268942,-0.16927951130543661,-1.9640570053212212,0.4621389807992653,3.4214169937052645,0.1004490223493324,-3.3881117141239354,-0.4528609148595155,-2.6651200222539693,2.9842266351805726,-4.454333242139475,4.09032360862761,-5.362885744302602,1.0935794482855483,1.3091778163511343,3.324138113179405
5393,-3.5634600139455603,-3.463150387628531,6.004506104962971,0.9076004173726702,-0.9257055384391681,1.0402094176801029,-0.20353582517384083,4.894848348453198,-0.8680730526482048,-3.1430887641484304,-0.17259299981845722,-0.5075577066632668,-0.14488148592377215,-1.0931667179046514,2.709365300567537,3.748609485255308,-2.9365862595685233,-2.2833403224258078,-3.974200872386163,1.916010775908827,3.3287314485809496,-0.8139739337419263,-1.763975012733951,1.3074075943700585,-1.151408761584669,-2.2455640470183518,0.5829136684827034,1.2224841811006693,1.584537650618266,0.007037308402965792
5394,-3.2056666238825002,0.8301315235976894,3.426653506231766,1.0084844771358377,0.33885433262698106,-2.3984572157073263,-5.950527416633285,1.9050158287926067,0.6455489507090979,-0.9595753958778772,-0.28289331554779373,4.642431348558276,-4.084678476204097,3.0055992995258727,1.3014260142363092,-2.9506622415221067,4.189582332254918,-1.4612669282908044,2.657473235547517,-1.7842136817908312,-2.722132720893452,1.2213145759048052,-1.930893428850231,2.5584520200799723,-2.310884187750432,-3.843829277556889,3.2526721939811374,-0.6975562851355193,1.5670902687987933,2.032507287664483
5395,0.06438164361866505,5.278113491087414,-4.354464849421468,-1.8886607496054673,-0.752829040788896,1.6534595051121777,1.4902592592741115,2.5787754983439015,0.5370168415247267,-2.8189196556968366,0.2854903942375948,-2.0726223376824677,2.3498771167291146,3.957296823291152,1.2224965253262887,-0.9600250611484888,-3.70563132536644,-2.864014078831552,-5.713093759031011,1.9785419282275143,2.90947708751051,-0.12269399356201482,-1.6607377693763343,2.60850650622908,4.315141211080675,-0.9939293310151847,-4.903351225009256,-0.5653093215854614,-1.6000441754901757,3.74749284202095
5396,1.9880772271269933,1.1552089353748052,-5.385601051135186,1.4610197062443042,0.5995793197087864,0.18171586268269202,-2.3715776804115762,0.7774712905864867,0.8639287806694531,0.25366839956927834,-0.08207168252407904,0.5585808921114896,-3.356359947171196,3.115848735039382,0.5672809927270315,-3.9749397038118346,4.1282798807470265,-0.480109957530356,-5.98731676516168,0.15283307464791918,-2.168745928650715,-0.18861515044003685,2.7597756592668503,5.432069110335398,2.9117586065882755,-2.9318856048699793,-0.4198880431572789,-0.7560261075918948,0.14935150464540392,1.0466896443870404
5397,2.3590095661674155,-2.727950119098157,1.2318648129592376,0.5868978605888131,0.018424872286884053,-1.4682469929018165,3.7660665073870696,-4.877137447921285,1.2411342138045,3.385597233798112,-0.7066300886142862,-2.8090304184530623,0.30118551738346966,-0.1104971272257913,-1.6272206273091303,1.392638129779538,1.4326145879739975,-1.3887204806020161,-0.8447981103093554,2.8291682073870597,0.936057108608864,0.09679681420726638,2.815346413384555,-5.832570433280647,0.9096579913082365,-2.835721963012137,1.0509176870916264,-0.17951843813570978,-1.300853604430877,2.355518327180441
5398,-3.109444570489968,-3.135284073791926,3.403489332605112,3.00777294072207,-0.9916968289108992,0.8251631998679212,2.414798656217787,4.569600904591393,0.9567682268312065,-1.062714705278097,-0.7603177396697873,-6.118135342691435,1.6738224705981786,-2.9630260293145607,-1.2108788750591497,1.4461048964734466,0.11669631309713324,0.9372812242050657,1.4834401998657505,-2.3694305792649253,1.9468849104630905,-0.07709068197986202,-1.1539078350227285,0.17010398593642861,-4.849210093224498,-1.292922540831487,5.264645915664069,0.8057340418416041,3.0061813479410624,-2.9344286713892007
5399,-3.1979243210064503,0.9027188401945274,3.1805600904111273,1.3799887038943055,-0.7658671555116618,-1.4994761579795437,4.260354505090341,-6.070800886972609,-0.9168534265934225,2.7070789438658984,0.3608726637201656,-0.3406517991093452,-0.357475252034547,-2.1079635471169116,1.1267099862353227,0.48937495668574016,2.9260269950306643,-2.0766731388001602,5.027926674526725,0.4540819723031877,-0.8784198476771738,0.18612191375200293,-1.6431766440877755,-3.1465340688192036,0.09132618507235435,-3.6648106415662483,5.317445953607823,1.2390758827964268,0.5673663004045135,-3.550403680313284
5400,1.5431667368325073,0.7929396300632447,-2.394924916276743,0.7330430205600749,0.3154577044731477,-0.9896821756499126,3.227976196497039,-1.1910012894230562,0.6350578690876834,-0.6895223899388014,0.22704127119850614,-2.2095516574203273,-1.26782625324706,-1.1581022639479173,0.9644447701123013,2.008162849009139,0.19224317735346474,-0.7389222792798229,-3.722346851780131,3.0287346531337924,0.03150605012866592,-1.069309345637825,1.3986076232702533,0.33280787088299846,-1.168655307890841,-0.590541373236924,0.7630986060597742,-1.2045887454553634,-1.4975711564618042,3.6982579769867634
5401,-3.5578404096655785,2.951332569682549,-3.09942028099114,4.0985351908436485,-0.42424849909073203,0.031641429223558504,0.9987953299744774,-1.7284093298164578,-0.16975065225734998,-0.26222094565753906,1.223134632608934,-0.06154903485099794,-0.31247468923569244,1.3673803036904246,-1.6348956075564907,2.7673918408755505,0.751586717624118,-2.9389885653978283,4.625931597357091,2.3942347667343817,0.3963039810795479,-0.3192039636767374,-0.7399430995302971,-6.357323281966217,4.090399762784131,-2.8105038284648884,-1.1294366481034999,0.6626086480993134,-1.5327760493538811,0.7197081150404436
5402,-3.0876743883019575,0.09842297678098788,-3.443726519951259,5.475946409503617,0.8851822421302464,0.07184927984068068,0.9436034462545386,-4.951269778196597,0.9544229708923773,-0.9633443119233842,0.5332214200416354,3.4833662529325053,-1.3204856304442725,2.1340171474300185,-3.6362604663218434,3.1163686292425368,1.3851115348073009,-1.6787512147136532,5.553983516051179,2.463944224152126,-0.14312740148670144,0.38854159985849357,-2.234375697185632,-6.028966241391707,3.8242008756843973,-3.9517107391893163,-1.1913300796379929,-0.7014383053366124,1.4323416984926638,0.5879365499884877
5403,3.687668185766359,-3.6737334558191534,4.504548039664471,-2.827158570920499,-0.9959600139166314,-0.6953641847722345,-4.686164229399058,4.24070466256746,-0.009990128597798353,-0.17280415930202864,0.021244234191874156,0.6070096205406266,-1.7183534353378818,-4.122119761095345,-0.37813857017172126,4.173231403452693,-0.5954545747419893,2.6408349378943115,-5.462484303629292,3.1925763376898146,-1.0490971638359312,0.262090030131489,-1.2932169400556859,4.35013203969736,-0.2046888478864517,-2.141146462137101,-1.971789665854125,-0.32648603868717707,3.2160076677964327,1.428103346770044
5404,-3.1301976771514344,-1.0422125300697545,2.7101937348959275,0.4599469227835762,-0.8240169509820772,1.8262865005260807,-0.9561867286591053,-5.447826441590408,-0.7946897492912575,0.7462340499569375,1.1788736806250792,5.273595188959824,0.3663094629119783,-3.7948435078665863,-0.5811044517325286,1.7288275965114899,0.5047881042237634,1.7760227959519668,3.0616664441374333,0.2648800160704905,1.1100695647660288,-0.7871382199445378,-1.0673405253198958,-2.582137279711752,4.194542374581747,0.48065034429606257,-1.4565766497503603,0.7254354543788573,-0.4537290762267858,-3.4903224472779275
5405,3.4414777957177947,-2.07583965650284,-5.919428577294063,3.0328587989175766,-0.20539833959600795,1.7263299787598623,-5.304914690687582,3.275191577337374,0.8949666472977613,-2.703379493119254,-0.60807769377102,4.446213652943797,1.9541433168041493,-0.6901116142992478,1.3002639598576593,-1.4605900528445765,-1.3384414923159564,0.23473588279805568,2.3199019016894233,1.9636667569591335,-1.3685256864302797,0.9047958521101096,1.2028014263465288,-5.0226402506771635,-3.792676004179871,-2.6172804899375457,2.4463367763188018,0.8448563818371237,3.386933822627409,-0.26817048666435284
5406,2.664816390683125,-2.4780078576509794,-2.1854049508587856,4.924471134340902,-0.9368912985920395,-1.988983417919851,-2.244231201617435,3.3550043102939355,-1.2313680468066615,-1.759885937862279,0.4020834005792304,1.4783974754142335,-0.4278390651323072,0.90005584041376,0.27120988595492435,3.4006334189954366,-2.1967987359240606,-1.94726134430765,5.247952079458003,-0.9338887387572381,-3.110226618265969,1.1968864049453432,-1.813104364591906,-0.5876187627904699,2.5863481656295235,-0.9138503769980915,3.0677147646852028,0.08631692838740879,-3.3206932885483305,-1.505836193154165
5407,-1.5403687495741405,-0.9208782894744054,4.988725776707724,-0.15418038293706005,-0.718281271340556,-1.655017083379187,2.1151335636880866,1.27083771912476,0.8917980945469797,1.8663190359664519,-0.9812104787893556,-5.162877934535921,3.996433519887283,-0.5153554015778177,2.5026637901535906,-3.041425651776942,-2.049329179505735,-0.8929870771802761,5.4781780868297325,-2.913211164044572,2.6809013006512856,1.1992278203385567,-0.48096065576709,-5.96413538801017,0.5721288292203361,-3.5782091207163624,3.6492191930981335,-0.959079161380191,0.3510094004416757,-0.03506914066205269
5408,-2.5669528516890754,-0.7644041771968055,2.2587955439143563,0.1769521771302891,0.4130209072150821,0.48258840062853636,-2.659542899120325,5.596143698481022,-0.5719173845763326,-0.31632748433582236,1.146800714970551,-3.1951566454180806,3.344460084116914,0.3731850600216333,-3.8996122645774367,1.8956636899092487,-3.208956076164057,1.495259506693806,4.554272611982743,0.8587520557540049,2.63286120658724,-0.01724158911596696,-1.984578792724152,-6.044065492486116,-0.6759779689339247,-0.04548503268706128,-2.165650738011955,-1.1123017159644086,1.4905083862558008,2.508907069343067
5409,3.622739089405563,-2.5111479916245116,1.7055522962293956,-3.4166914691911288,0.45448778234820386,0.14506029283486122,4.789048443487275,-1.5137440624819547,0.40488394281647366,-1.445255461581235,0.9678059234882186,-3.2027387857277603,-0.024589112819040082,1.9384142661812014,-2.443260726061334,-3.691762160907926,2.0781284270383296,2.1430693065689113,-1.6442713575287655,1.740639378171311,1.7032763670021502,-0.4609660868156773,2.0672235399874346,-3.405901840818707,-2.634932967993386,2.589984702421077,5.533692282960736,0.7383069692428066,-3.7144029975054433,-2.5126479891242646
5410,2.1244314229714725,-2.784691107167763,-2.775768736686313,5.73916386223706,-0.06164597878419986,-2.2414894625678894,0.2979366478137919,-1.4566555802153474,1.204378559865999,2.5430549307272905,1.1838691494508042,-3.772583707641484,1.4548821174852087,3.273521801517788,-3.718911656745922,-0.7250805067930983,1.035673298317061,-1.320085053780872,-0.5224733946910831,-3.3950436359110743,1.7676660797577846,0.5596601509000037,3.0191094759600183,-1.4289186760179078,-4.860299450628149,4.128184585639033,-0.6099783673137971,-1.2348540004680344,0.3049579764118988,2.271989256360566
5411,2.4872076119092483,-1.2819901553993844,-3.280889182891446,2.9047642179626934,0.09691125760625496,-0.9260037491850213,5.392787273231637,-1.7577110663321776,-0.7785414866082272,-2.1259066765193015,0.3234942341601448,-1.0541222779310289,1.3525071369307327,-3.192732358080594,1.410623391215573,0.07797763844595096,-2.874315977537522,3.2259401690259963,4.982229766266009,-2.528558076196047,-1.0492190402628943,-0.822881301519609,-1.3155837765809633,0.7340124282912335,4.709416146125708,-2.028010875329297,-4.983818753612304,0.9583277211858015,-2.3474154236495384,3.6915011852811404
5412,2.9588092469769194,-5.075444103922436,5.241168454622283,-5.389094056798445,0.21238696285618142,2.052173496267855,2.951802378871779,-2.769488522438852,0.7126216841361792,-0.9213173173009448,-0.04282753091417568,0.06920930764706412,-1.4549573899455037,-3.23285270009327,-0.9896133370888052,1.497088249528371,2.2783431033469803,1.901992074252366,0.6146162818390195,-1.2484226240470164,-1.369346989768351,0.7175356600293838,1.0682364343529134,0.21738123759178052,2.7235681732896992,-1.3140826532224423,0.8953086695580659,-0.473872961029568,-1.3174114183007433,-0.5135098102935345
5413,0.3557488016988479,4.986070245167227,-3.7322949951974707,-2.8951431765418825,0.36252642658649314,0.9230926982891337,1.9080584003836627,-3.2648100683184325,0.338389236205642,1.1343573487857306,-0.9536509736690562,0.8376560566135005,-0.24814345230608836,-0.8524491346206524,-2.926318032263783,2.7783226122024267,-0.4426357186963301,1.691223725684548,-0.08455399899491312,-1.9664406918954516,1.3791772420537427,0.5625062883328331,-2.5608996836251574,2.6702108441266326,3.6523796777677724,0.762561822166127,-3.1122018553724615,0.17156493745595203,-1.4886347420733408,0.014330160057459906
5414,0.8257492547162997,-0.03274486289591039,1.350531764985817,-0.4617377632849582,-0.1022612458171881,-1.579537147701748,-0.061711388787692556,-1.7700273682410383,-0.5273333658756041,1.7294342809474017,-0.9437995788675426,1.5734374208255417,1.7969172002548852,-0.095356691162376,0.33756562868905604,-2.4561696249340823,-2.092946340347879,2.5099898275005152,-5.997493038342178,0.9108405818602279,-0.7658726726343126,0.9144586174208618,0.10641477161875557,4.831651740074324,3.1310422596584964,0.07875173805061664,-5.151290312545047,0.4227267291435446,1.7802839230408054,-0.26151433734689533
5415,-1.693704922860734,-2.026809770312994,0.20182493337512142,3.637686867564554,0.28610034112434635,-0.40509744888796995,-3.4731660693208113,2.87617958634031,-0.4964445819930603,3.691264232116154,-0.3534017530162856,-2.2444314141252804,4.09820180278842,-2.1671215730960878,0.6492420703468618,-2.2065720843003973,2.618017814638833,-2.9917680303775036,-2.783107170036992,0.7381180399467464,-1.330771865367888,1.0519344735584664,2.533539486436327,-0.20971296453898702,2.217718996340146,3.030506107081056,-3.1387393379929023,-0.9541483366075498,-0.9295937198805646,-0.22574370893866735
5416,0.6415277386972313,1.3213835753351049,-4.3810166502228824,2.198611545642823,0.018884139537878486,0.20060965101217398,5.92355300975861,0.44581458419115094,-0.9494433267666347,-0.25804225215935794,-1.2400712277236212,-3.921810787299126,-2.207966655338126,-1.6834949648943827,1.9852629158379393,1.385736809265829,3.0187679205008315,-2.498306025371967,-4.010904273783506,2.9333752663765047,0.4185656107003126,-1.1453456887821378,0.4353622550645504,1.3689468304219758,0.8244897515896987,3.1486029623863026,-0.26591422432542444,0.3486681437807704,-3.3024520335281036,-0.7533945999017355
5417,-1.7345312699907964,3.004179899525166,1.7122697173434211,-4.56382484347343,-0.13580826778960864,1.7177147643875816,1.400169261495261,1.7395304188971465,0.0791289085009188,0.8838657219684851,-0.24262747316405076,-3.8600668376967207,2.9185695412158523,-0.14570739730614335,-4.225333092207405,3.4450360012576446,-2.8640870632009516,0.871522010241149,5.069882166422548,-0.1120892884420428,-3.582854578349041,0.7510172230767473,2.5260809584856982,-4.652036481196216,0.32577554118920915,-4.433007219359421,0.619717856486016,-1.0160915289391608,1.0729133415282774,3.4306920090965853
5418,0.5038426550956423,-1.291883515557135,-1.109774578992127,4.843164041694351,-0.9256885664971839,-2.0196600357412198,-1.6151453403561433,-2.8147886796894035,-0.42433167032232344,3.5069456112429798,0.3884320938533241,0.9588879852725967,3.4674837563553425,-1.5339250034984815,0.7538370198350002,-0.46216512492518547,1.2081200498825098,-3.4333506976490398,-2.0748199153944107,0.7412869598864464,2.0872067046460465,0.09580514559931519,2.58408356881945,-3.4335624635591415,-1.0682955448670022,-1.176858265955694,0.6274023079269462,-0.9447433362409772,2.0004872826060804,0.5620075565321159
5419,-3.188038544922213,1.0001979565442483,-3.0092641352359735,3.031618132702217,0.3702341618902407,1.7952524290238117,3.1499385756788314,-4.35442632264348,-0.4591047144454308,1.467658188720602,-0.5357518462508377,0.7316861189413615,1.0549483098947476,2.5504204841182627,-4.024442381817556,-0.12568036650392145,1.7013802862930127,-1.1566263319844392,1.1986369799513348,0.6373303759092099,-3.2371874093515984,1.1696240248271383,-1.5931777574820387,1.8247737861436626,2.4674401020515973,-4.139307444827425,-2.3686620711197115,0.8158251263071374,2.852013134665853,0.3726911529240322
5420,2.256258189184699,-3.654510797552387,-0.8627674133082124,-1.1011298755219876,0.9111590871973352,2.4509908100028657,-6.108934057144474,5.820037380500768,0.47462194173388284,0.39226307786806025,1.1872653238972548,-1.7652536668544627,-1.10690479469468,-2.1071250690205634,1.845958604420904,-0.1355605943851117,0.22481733595902043,1.278814517720516,1.7065554678754573,-1.7291921115999145,2.886915583940013,0.6858012033207546,0.45757354334589095,-4.007653686884481,-0.4987854215980754,-3.4787037046882183,5.826958025691052,-1.1225190842691943,-0.2656045195283099,-0.4613452956058115
5421,-2.9900137993336724,-5.5274706844223935,4.306376648095899,3.166167457385775,0.6273411923929477,0.4175991858837538,0.2243949547842803,3.8328660231445966,0.6787106063581607,1.0300906108509622,0.10534190674709176,-5.871404101884064,3.035174150372672,-1.9572928191554482,-3.067756084604385,-3.7748128177018963,2.5780747530703643,3.186612818018709,3.494763309097003,1.4580405730070183,-0.4158824371071521,-1.068241140309416,-0.7688031045658548,-2.699877200123847,1.3778784544985,3.7903985311070336,-4.7730233682097705,-0.33685023313821283,2.824837741162355,-2.883241125418458
5422,1.1494844751051687,-3.5099495543008743,3.8490306086467534,-1.962606957042226,-0.9142407034201208,1.388282131013609,-3.4453676397451005,1.2853476430003994,-0.6881605592280531,0.9651732307818808,0.023995198608885104,1.8590121265830142,-0.36334134014621355,-1.289068157592343,2.483060144422314,-0.6378381109507671,1.7680766574410924,-1.9608891931740384,2.6552981063678445,-2.6100127631613326,-2.122665996365386,-0.14714292457354006,0.7897030442211079,1.4348205335090611,-3.6243360931812134,2.4735891137243122,3.7804456656090935,-0.025711378768375148,-0.38978137821960424,-2.214205929162759
5423,-1.639735295989654,1.6835987284196499,-4.380733922601362,2.876650828135947,-0.1232886291928561,1.5835082912305847,5.19483509947279,-2.360581810107231,0.8500858223064682,0.44015321239256266,0.94859595669406,-5.073088280757659,-1.6644225221836173,2.598226593142641,0.5467746274524856,-0.3662983296615465,-3.4391399008287795,2.3248595320788645,-4.998748835652513,0.6905876251323875,-3.716795220198577,1.1195240415733476,1.3497969568966646,5.555635432246433,-0.3202986413374589,-1.1576740507513108,-0.10543233586761502,-0.9743985704145111,3.175823979418407,-0.6180203810460689
5424,2.930093449882925,2.0959251284759155,0.031287262311870734,-5.210432288085276,-0.3916082957565481,0.5447347431734073,0.680498054758889,0.5292650308720575,-0.7233979636891252,0.21796182184148982,0.7981774685054974,-1.50250441228782,-0.41954657595423583,2.0887320867508663,-1.7245716901217545,-2.8492389565493,0.2124418391574352,2.6921832967170047,1.2155672966408915,1.5757244012069265,-0.05426536189653852,-1.161524948838219,-0.15543498137838618,-1.42006640573695,-2.016558617633134,-1.249338938760797,5.166728762098696,0.05381293989299163,-3.677121267768925,1.7224771221726236
5425,-1.222672723656638,1.1371670698966554,3.753307579663943,-5.688058787620864,0.5387378485331125,1.481519013186082,-2.835382795753386,0.9406399972865067,-1.013677741871546,-0.5166437868703575,-0.6293259950795083,4.054390322289265,-0.49426662812641453,-1.1946461207286738,2.1192839294738306,2.383165244211387,-3.6267315045262567,0.8131950796961362,5.512445737093767,-1.9539490210748642,2.597730142342673,-1.2142062559425097,-1.556043123835261,-3.385977478586092,3.3771791638482966,-4.257248304884534,-2.1687336999783007,0.5486722694432151,3.663593214653126,-1.1634626430803703
5426,0.8307932940728424,1.7806067975380593,-3.9393468921797563,0.8589686284005928,-0.09398758396972928,0.5629657561402901,0.6114957945743527,-2.7494290670860586,0.033366306704569304,1.8144466306422409,-0.21446138003049509,0.5045817151963732,1.0532250442345479,-3.534085334775634,-1.0480625387308802,3.281989796557003,3.263259959975219,-3.0163269272602324,-0.9579153983920143,-2.442504656902603,-2.5722923165091416,1.0626398383518447,1.3266196436578568,3.5834528897917686,-2.6892827251819256,2.3866560868214606,0.7097867957675916,0.8620006449391351,1.9467238028928335,-3.215884605237621
5427,-3.0502899142590927,2.907500773877171,-0.6360885916460255,-0.7743316437994849,0.3195048636697062,1.2337045121600188,4.474030820260296,-1.809019850168088,-0.0265334963316759,1.9966420347134033,-0.13839117301230885,-4.496728335460638,4.0206133767724666,-2.127316036482304,2.8774665973540188,-2.7907924065418825,-3.304900863349152,1.3249293322468958,-3.8923173325591307,3.4795601960245577,-3.1885627494135047,0.7112446504862397,1.212847877329251,1.6772273581303523,-3.673777828287477,4.450756789414047,-5.202473100963701,-0.2558344291772441,2.8702379411763133,1.811090627839551
5428,-3.733891082885881,-2.442163852170818,3.515219760695363,2.2585088936559536,-0.03960871487168438,0.441934995579361,0.39184421265453295,-3.6811279810566084,0.9231071416711307,2.835881003279489,0.514735578563851,-0.9844399551114051,0.03430366085311931,-0.5499954613988294,-3.605701023068688,1.669067502889579,0.10738483430444035,2.3449404864204233,1.676629578829445,0.5402070918938566,-3.6843446767253205,0.8452245999455883,-3.075138786287914,3.69742219234211,1.7828954367495413,0.6055265719509784,-5.701503947449773,0.3784257815321048,2.4976914099715373,0.43696474724710654
5429,-2.8748840456827214,-0.5313326962928357,1.2659417464552973,1.232900634351946,-0.28269977187850825,1.1900741330490785,-2.877275153901767,4.300958901997035,-0.9527528480097986,1.0811626866045074,0.4425436293989806,-1.9946372160879378,-3.3526150870859848,-3.644276123313059,0.5214630339324806,1.2681658026487455,3.729174116010004,1.4780882578078156,1.5737489650685355,2.013219249381482,0.7814400966582653,0.3704498083171561,-0.6000936982807215,-4.138764421146952,0.18508761707713006,2.258803777174876,0.009256902096169028,-1.146185185004705,0.4626552103056678,-1.7696183216476662
5430,-0.7035651616746819,-1.6038245162316649,5.08055487466202,-3.2699974749705802,0.7503879597192751,-0.25355568150210317,2.372622789057459,2.3353967220449086,-0.7559868346392697,-3.1538322006942696,-0.5006950443810787,-0.2975054313867389,-1.5774104008969374,2.3955726207498955,-2.732785314077365,2.7864491470866426,2.600886442378563,-3.472712495240824,-0.46430754733586355,-1.3651893197144442,3.7908056762586675,-0.0585853673364074,3.1526955656264413,-5.055419007500635,0.5948928411663204,-4.130904023030364,3.1273324809524787,0.07538090167332712,-1.766970779192567,2.1002685784322956
5431,-2.41614818150593,5.179809265993672,-2.9658829660014803,2.407271474898476,-0.4135541643633527,-1.791495429019088,-2.115793810627899,5.809694963368813,-0.8001419104188878,1.0371523288914481,0.3185477556077334,-4.249459326820187,2.4578261008876687,-3.028220906250482,3.6848621715213064,-3.1555308003458507,2.4111825200366646,-2.370119085849341,2.5061046910210294,0.5453548841462244,0.1039605342680936,-0.5210358005692219,0.7585485413674675,-3.392932850235809,-3.554624794477295,-1.5688856771235251,4.148490191585136,0.9001634505812612,1.5492707046443535,-1.4744138752083966
5432,-1.8801963684495586,1.246845470056158,1.6232757978481693,-0.486965214616216,-0.8165838624362203,0.3136241775999604,-3.7086055688521817,5.090048020449274,0.12991543876494394,0.3354762568761096,0.055962533204086284,-1.9027966804412202,3.913486123005299,-2.9781458080612744,0.17813601819776181,3.5119549215233405,-3.6532206787862957,-0.9722105758788668,-2.058037860307387,-0.3492223975256792,2.9720516161714983,0.7519123978528226,2.442028355897669,-3.758732112091117,1.6556963744267996,-2.9726834262818613,-0.009998883676018977,0.17132931134179685,0.09014576727040335,1.0655108569203904
5433,3.3372520131679977,0.2364041942457149,-1.4537029462078834,-1.0331626360245032,0.13001952565844288,-1.2168101508374694,0.19915032508641417,4.617144398857491,0.18337494597028403,0.760659670272755,-0.2047383860610621,-5.555590954124842,-0.28833249822398344,-0.2454346310418174,0.6460941734586605,-1.657213470402949,3.3800883034218856,-1.8352018772118193,4.61402805911117,-3.0280634695014292,-0.3549260960782803,0.7020397202639366,0.836275286064998,-2.769353499862561,-4.754769828550996,3.617722467303203,3.5482713977995246,-0.595161843596153,0.8067773190855583,-2.622839512039649
5434,1.2442561736687736,-3.7939389261330128,-0.9528363072664767,4.967605005120827,-0.7654567348026107,-0.6996292105852149,1.893831759918715,-3.3937159089301225,-0.7387731121945089,-0.24932507478679966,-0.383588014841199,2.8715703508349577,-2.750445894900526,3.7598395813283574,-0.7763327882222555,-0.11081464874169455,-1.2453313493511349,1.1230850998872448,-5.09932459090178,2.4090429346771707,1.9601978502025865,-0.5691995913281511,0.9904221284008656,0.30886126894709776,2.3226403778218234,1.9204410343860516,-5.736146764012258,0.7168390220536134,-0.15213992830874723,0.9283662580609864
5435,-1.2049715638027685,-1.0598088361459226,2.101904145288554,-1.1217311857205559,-0.5519636365080682,1.8365710768910333,2.9262952800198896,-5.243711404262726,-0.6944261166845376,-3.2676074577655463,0.6556027298499529,5.623846968844042,1.822020119749844,-0.09963182215713218,-2.837849926204818,-1.5200678076652405,3.7868253848707845,-1.1512959485934662,6.212820735325536,-3.4779697739726796,-2.9186671929407826,-0.8295807492464347,-2.8681321415675676,3.881529122399737,2.0224196712964577,1.2235362114295256,-2.3836629594936447,-0.12368478141102734,2.4817206851442037,-3.2203288269640353
5436,2.20196603138389,1.3115142709768328,1.2707380132498365,-3.9823797917827513,0.0701398775127764,-0.8719784013383034,2.37156702030331,-5.003880675050944,-0.7893971218787073,1.3330237180680804,-0.9167206240630561,3.0054076826223906,0.3499639056333699,-3.2240616357791083,-4.027470654853193,3.8842600865454564,0.3351674071501378,2.6821408913033267,5.708816575415408,-3.1275871204932795,1.9366910462049063,-0.8505403761889454,-2.163667536918572,-1.5037125880217133,-2.1824958202328553,2.2460958987454553,-4.859749566973676,0.3372741933573602,2.1189507396074703,2.339924555497735
5437,2.3620931789145025,-4.810934166483605,5.327245923454896,-4.929467695953477,0.31310190257906845,1.7379608574909042,3.14301340587679,-2.8558330400255763,0.5511232188144408,-2.3642819241929764,-0.9603612958969956,2.48633963542537,2.9692685873942644,-1.0805434050931133,1.6213459254037872,-2.2393983324531472,2.2020640221975114,-3.472736797449304,-2.7077300518525185,0.958158293997597,-3.4114458384130995,0.46734863878864985,-1.1738568826558229,5.867525840133034,1.2692481480751283,4.747478046655591,-4.113730378367798,-0.43741029678117194,-0.3187881265758836,-1.1467973930044124
5438,1.6194934677788169,1.0608357287629815,-3.3877739737473007,0.7885671865066932,-0.07014825166201533,-0.010974157636892912,-5.366546655059096,5.375347871478095,-0.9347870253645185,2.5388255922161456,0.7006461413678844,-2.3134859246374724,-0.015704564200092364,0.43123031956708147,-2.3270113777260804,-1.6154620864440474,0.13040902667863818,3.3965386821244756,3.0260471630670764,-1.4755145969931185,-2.3537833520665554,-0.15219408717319105,2.356383232359404,-1.4009383591957807,-4.506404711824388,-0.9217873440043824,-0.28654496854126776,0.374956328536447,1.5947178711273544,3.745062824707695
5439,-3.6777855490142386,-3.9539349613731254,4.517754218182905,2.1971211203882817,0.9136574298920945,0.003187741926364396,-1.8619834246253077,4.436455664264148,1.1296257001221894,1.1484314070524704,0.03154548037749194,-4.884074827189966,-1.542748307075538,1.2457217470357342,-3.4403678216394873,0.15813967614200664,0.8426263089169623,2.736628396620283,3.0159894839846153,-0.8591443700463604,-0.16391095411522905,0.621673023400481,2.068653763223031,-4.683260946448723,4.2103558315473855,-3.7470355312873416,0.2681862603742786,0.48377098213552205,-1.424188939979656,0.2089113972112564
5440,1.9022803993706638,-4.418363635688134,5.315287315884074,-4.349082371500391,0.6608853645210013,0.8889929274150816,3.5736754173760055,-1.134979116983029,0.4769702168032248,0.24031835610268892,1.2155832648572362,-4.371568138155094,1.615199778481415,3.6622384911669847,-4.039666558086656,1.0008052223816968,-2.424665419521064,0.1860884855775886,-0.8987371195900309,1.742878013430909,-0.3351418488760345,0.16072904761088402,2.257022355152758,-2.926750447730658,-1.3802325749703073,-1.65846711699065,2.8003477159767414,-0.10675845908789672,3.603051825432061,-3.2579413903585106
5441,2.174122584153242,1.4752261938347395,3.1327099522106394,-4.983333564753309,0.059060712827332384,-1.8577858782703487,1.0091754609727452,-1.0951633984463172,0.3004874757791365,-1.6800911675928685,1.035611773133775,0.42997985615457424,-3.959098396314717,-3.5285680173537166,4.030434516649702,1.4365062743294779,3.301076560149152,-1.2803509374599038,-5.4293152209849005,2.2252349088205925,3.4826157591778113,-0.2609296064739599,-1.0010128424344487,0.9834070018927328,-3.1905663492000365,4.62301069222012,0.07542724002642842,1.1138579809909848,1.003071504043909,-3.6248010680799805
5442,2.565331922494824,-1.1784375022008966,-4.308079024945339,2.241346439133334,0.5899343225350737,0.08990384298523679,-4.80736950408469,1.79256377602157,-0.2995899736959826,2.0331978702317954,-1.129161358327869,2.410359189856198,2.374417879022541,-0.25068113905328815,1.6145135865686022,-1.0080505923266259,-2.1476679446494096,-0.5825317895618127,1.3568899074561358,0.6379600695298571,-0.37953602746796733,-0.8050070747184339,-2.3817242232453193,1.5714173484435499,-2.4951175515727115,0.7509738878639602,2.5276562717269435,-1.1506562252370953,3.710204404277473,-3.343060787057153
5443,-3.2137329398537453,-2.6493203647104018,2.006200230719962,3.7372313472258725,-0.32028107294697516,0.43990279956751976,-4.0427730264960395,3.1662620431905886,0.03808744764303196,-3.3883351896944642,-0.5889019817128398,4.815660707070716,-4.1116885014135285,3.2351395435384482,-3.1795337257861735,1.5863033717221882,3.9817006637309262,-1.5119213517918517,6.164557754599638,-0.6497975109970753,-0.5258575239868168,-0.8943688741152691,1.1244754532139023,-5.219009298716564,4.6913610970868795,-4.8659272718261395,-5.218934686994558,0.8989747140979798,0.8548389413988975,3.6396872062383956
5444,2.70930707751808,-2.017282633067069,2.1836704761301675,-1.434574182872943,-0.5825965272960596,-0.8585242104099056,-0.4583180827291997,-1.2713102857449101,-0.04677373611601965,-1.8269096936049003,-0.4021979117238317,4.005509709919846,3.5675365044431224,-3.6568501376844527,2.97801201129289,-2.4435960116073083,-3.298622345669324,2.8535199792250765,1.638125925536265,2.5571558799306793,-1.759336368424412,-0.6316178429044745,1.3659751421902264,-3.170302736330431,-3.6166443324380886,4.7543408532793165,-2.946004358135287,0.5835933891007503,2.4717234984340593,-1.247009050239285
5445,2.6365115598354016,2.5110603331424066,-4.4645536964388555,2.072476665425814,-0.3531196509932122,-2.4023752109692484,-3.8670275465550894,-1.3894690059701276,-0.9159098288287506,-0.5586712104076526,1.0742504907678043,5.656827100994835,-3.5409259795241788,3.2117110238535815,-0.3638247072645271,-0.45752917632762546,3.0326938038665503,-1.882124964603781,-5.294331770396926,-0.8803255624924962,-1.4554238812602236,-0.6814564676588626,2.0408633902684326,6.270674291537944,1.048955860861149,0.9727005219618476,-1.1082717962633772,0.899274591308239,0.6835132571619287,-2.4961724350283436
5446,-3.2579067700689848,4.781287619965781,0.521320135460261,-1.963644408348756,0.5278479923971267,-0.6089045694031441,-0.9686346756417734,4.247620337958907,0.3641899152649559,1.2803823521339268,-1.0551112752576728,-3.8684466544573013,-3.955945267925152,2.8769872709782156,-0.2731320930412977,0.23108204356433504,0.6079173897032177,0.513090656720733,2.6564894775836834,0.4249404829764938,-1.082196571980841,0.8323848483936818,-0.33537492905305477,-2.496243307922093,4.385099884535364,0.5113758773118029,-6.05165841330016,-0.6757937793271642,1.995962898974529,-0.16498646819294294
5447,1.8319476710967457,0.23821768278618194,-0.09135632442114883,-3.650498146593236,-0.7675206685322422,2.439209785666012,-2.3519062947168337,4.887986087204631,-0.8596606064580641,0.9208258934787619,0.07617020168681599,-2.673415281194277,4.203940581537957,-1.5320220985590467,2.2281977883805517,-0.6811174799576811,-3.6919151374998656,-0.5270836539018369,-0.8269666323567364,0.2861076010424899,0.2075454365551188,0.4598178442387386,1.1260029526866244,-1.2525072021683847,2.849262846836588,-4.8943537761929665,-0.5271809712583462,-0.3255486499962643,2.2385487696122617,0.6592717810001609
5448,2.7771315564449246,0.8394243604831289,-3.3826261285435812,1.7142214426212377,-0.5180946077512283,-1.4300566232521827,3.6468224912258407,3.157727017412654,0.24002551333901145,-2.456069386656756,-0.06016405611806874,-4.5283415792016655,1.1353236508032971,-2.538154895210811,1.1699833061336555,1.4607373188017618,0.8220610350930393,-2.0499504156208737,-4.886983007995969,-0.7110151631171586,3.993410403809719,0.34888602449622574,-2.64517747742061,3.9008792202256792,-1.60973962293696,0.9825484470565762,5.7852701158486575,-0.9992734757745891,-3.0184660779009125,-1.1403393862913251
5449,-2.8625725426924102,0.4080963288467636,4.834317041503603,-2.660952658991256,-0.7151961559445332,0.9963079872800886,-5.716345364605772,-1.6945833967778015,0.28977059323320464,2.085812012306171,-0.7269882250048436,5.76233438085006,3.3556463386984774,3.3189505454431405,-1.096668466630014,-2.679065489859319,-2.4149180425497256,-0.483944885102467,3.4452617310739413,-1.337007126586931,-1.271772694682923,-1.0326280430547086,2.688861351307189,-2.492715218058674,-3.4680137150461725,-3.0759324214673924,2.653458813487525,0.6576477283440179,2.5119116443680625,0.7209279503153816
5450,2.109278106058646,-0.3236080177356264,4.2468564865434,-6.146197238066932,0.04461483881767059,0.06905582438512603,0.3244167559097626,-2.9151559152692883,0.5895330632784841,0.4843568667817557,0.25298203428660493,1.2638671950137415,1.8992196552971663,0.8878748440117938,-0.6230026133671522,-2.368636242396242,-1.8551003345777293,2.059644691032261,2.7994564229770234,-1.2598327119243127,-3.0723976564798274,-0.5991011754922067,0.1959264972677488,1.9359486236494838,-2.488834973178829,-1.1892702459374114,2.2026236313942604,0.19859232638698465,0.7241565546244306,0.5527327067120069
5451,2.1813671500223677,1.1324762661712775,-0.6596419916008678,-4.873501669581177,0.8835532364989289,1.3357470084917722,-3.8217725735309784,5.576739997872721,1.0035840881243088,-2.8828582474908195,-1.2155871177001991,1.3398938527260427,-4.057657896198991,2.6862746183067294,-0.03556352162498655,1.0620010536329616,2.995905706511749,-2.650959960627434,-1.8541261582961326,-1.5519170532053739,0.37268253716918665,0.2749278989905193,2.423980795144704,0.33445198019500566,-0.7858648116944913,-1.2566391571638995,3.8296787327141786,-0.33651438292788516,-0.508400903556165,-0.9422594773702944
5452,-3.4666183584745234,-1.0723320664288671,5.431592398392542,-2.218158433407474,0.9069225229631477,0.4185939369574818,-3.984098763047264,-0.6504794948960573,-0.539189216306049,-0.8897914463321417,0.14230773392667295,5.921251186655891,-2.807337990398926,1.9927971849128525,-0.5298704569491548,3.3654542571688886,-0.3352464257551091,-1.6857965689785281,3.402213310054499,2.374894209624152,-2.678947305007629,-1.17551146521747,1.521024085243596,-3.44367283469926,1.4910125648317845,3.574250098637517,-4.0567720554425435,-1.0891861194072034,0.23002638968347888,-0.14933087830157277
5453,-1.7931353779429173,3.0944203116351616,-2.5271341156902807,1.3155230425825266,-0.3912220266401141,0.301548166057918,1.6457614562300087,-0.7190107298511634,0.3436814379767954,-3.16660213006827,0.4297739460834782,1.4663960196302064,3.4071158866967153,-3.2241537158729585,-3.6686703910604237,3.473437561690595,0.24221554359429476,-0.2299448850482193,-1.638620016966609,0.23778742030897781,-0.024668439927935992,0.6053501440452687,1.5015058364466505,-0.6813549439084738,1.1356586319138628,-0.4623477605777566,-0.9758711658627774,-0.4127142474014356,1.9580934623956736,-1.242818920466103
5454,1.7104048652400898,0.4322377416623624,0.006478884457095546,-4.752778401801134,0.12428736781467009,2.4793695426291897,-0.1918586720358597,5.387692851236842,0.8038217223227981,-3.233675946041986,-0.1968734889929511,-2.5691064664878027,0.42501260317097334,-2.6077090922641446,-0.032931373336946734,-1.1257875960227146,2.896861093623592,0.44455436482923716,-3.5733209092009695,1.3722563818155198,-2.648916445080676,1.2041135128269929,2.8101285885078173,0.8357388711292444,2.51064177532907,-4.494368337254981,-1.6694578582532777,0.8073700342634496,1.5388322854627248,1.3069821004544622
5455,0.5898278082534194,-1.263023658443192,1.1259640537570732,0.3846501013983321,-0.3444676665545181,-0.4929506384088107,-0.6721194006271922,2.525913167679949,-0.22482309019132884,0.777277153277792,1.0251926860314748,-3.4314405161696513,2.3353455188352754,-3.022633681170362,0.8323768000782295,-2.0839760783230226,-0.882702556890905,2.821589997470774,-0.732727364927463,-2.370314377316239,1.6651645968083706,0.5479415069266391,2.3200254321841243,-1.4300897936775279,4.544911733866925,1.8885155315076751,-5.620069605183744,1.1636811102609723,-0.15676843622192216,-1.8202703342284607
5456,2.0053897976200368,-4.208056260518909,4.013231264358264,-1.0972162002006094,-0.13484096811526158,-0.5785076331411876,3.632908014391216,-5.492283677849219,0.1378243743284111,-0.48820157801982766,-0.5283225891052084,2.7380754562556824,1.3788913667244636,2.930536547098246,-3.1324190681820543,-0.8560394828961613,0.2853834405244662,-0.6063528032689671,2.5100692044666673,-0.7929588601583877,2.7784573270554596,-0.7628695141884254,-0.8291354345447175,-2.9035627226327065,3.19773137511007,-4.459877685760599,6.151114878755241,0.8839598035989793,-2.096821732895515,-3.676106638806715
5457,3.535121078358447,3.018139726111926,0.6859409773733063,-4.473765383014612,-0.33405784349846623,-2.431378555328253,4.853952081294132,-5.92492863254612,0.29642932797938126,0.3284127154090868,0.4981944998656429,-0.052059992001051825,2.5859211353994382,-4.191669566163682,3.585886283825971,1.678090424369497,-0.020722851613818705,-3.637505425817416,-5.513361061536816,2.8473640853165776,-3.262674090885053,-1.062759859931925,0.6090490506303095,6.3823818764048,4.544230725653829,-0.7629064573464532,-3.4647778767037494,0.5634973187843952,2.6434112766428655,-3.523454987029421
5458,0.9469297190334416,-0.31731379364108747,3.0668424268875505,-3.6988724253309364,0.6859533029516078,-0.6835392298982388,3.1153486489237068,6.231319549397536,-1.0703601965600744,-3.0177179879747396,0.4137349915057529,-5.672325005291096,3.4305897209539182,-2.3285524066823236,-1.0761771188087401,2.2670697594498925,0.3099849492309481,-2.6029149041436828,1.8751022050533486,-2.4832050939162915,2.7117010590811574,0.49866037833739885,0.10502344432429744,-2.7072819928819847,-0.7627702958080924,2.3722274360111015,-3.979559505736365,0.05225466625457109,0.5791157784612224,1.7387319208190455
5459,-0.8638830886911659,-2.202276294877091,3.1391047925688973,-0.18697991188078333,-0.21348732324860742,0.32752182613110925,-3.6837222657161988,2.5850756225189713,-0.7858061414787709,-0.03113521333932212,-0.23930743729180826,2.1548954353082053,0.7913029698483598,2.3316795221465085,2.2256070583192624,-2.9179593391189353,0.3771722902036494,-2.807802501398834,5.023805211180093,-2.6134006264765066,-2.2609713768400095,-0.8472359196477797,-0.04820039067516291,0.7460031024572835,-4.917727548690264,2.6223710112472425,1.8252852519084612,1.1771424104878054,-1.2748543900287856,0.5677832650770736
5460,3.127993530212237,0.3803422229911,-2.814826241814444,0.17855565016708397,-0.004107390399535893,-0.8679577711540603,-4.465850074906577,2.7966908436169753,0.3293938506299936,-0.03116788005835147,-0.7472596222105015,2.1181928829295344,-3.24514534408398,1.802372759214414,2.423795971094407,-3.899935335559894,4.1465354196570985,-1.2276234703220528,-2.4203288794578555,-0.03836563137645044,3.7325241819342665,-0.010272194984101368,-2.7025196671068894,1.4389621909889314,-4.356126418531758,-1.0224469646722447,-1.506979553531103,1.2052719851636517,3.4414797881858554,2.238801163387098
5461,-3.3037804337117755,-1.1947453291431671,3.0133758231151795,0.12565881209294005,-0.35514200161116394,1.7146331292603971,-2.947181337727031,3.871232802324421,0.1872597477267286,1.6383475219721326,0.9878529948850749,-3.737511729180227,-1.3291268205550857,3.6866571404988164,1.4627729729493097,-0.6849249582096064,-3.788951812174936,0.6535734774914896,3.002393323463604,-2.2986150658996394,1.9618206533589309,-0.24256671371834493,-1.8289437945611624,-0.594088402645486,2.7784971817755633,-2.145901267081168,-4.800474994194488,0.23201950205689048,2.29056521362628,1.6452943638184294
5462,-2.5483574792434887,3.8023977040102004,-5.311566758662412,5.470230307633958,0.29032854152853327,-1.703032315264366,0.7739560959664011,2.475208520546282,-0.436326077536493,-0.10694024455829698,-1.0865409482908834,-1.6193573461259234,2.279367680623949,-2.351027006387012,4.168336543774853,-0.18705963896676536,-2.0696948189908646,-1.8399227600542023,1.7587812983084028,-0.9301421482118126,3.436071517286262,-0.8924884375885291,1.501939655424886,-4.874161885221305,1.3458086948244592,-0.7938726580489366,2.0927963815852344,0.34062405607564283,0.6995082887131101,-3.6848647631479867
5463,-3.423732084073375,0.608387680829658,4.3459344143464556,-2.98218553055111,-0.10797323976354578,1.559568759214347,-4.035235784055331,5.857793276489502,0.23294742913771582,-2.014975728249814,0.05322084021216966,-0.09375003353312295,2.5695978852057664,-1.7107124997538836,4.211535347286251,2.3877183232314216,-3.8865507267212607,-3.571588329248357,0.38147790033801243,-0.729270712930747,-1.6266293455322067,-1.0349166870481694,3.232678380593242,-0.22333953542223028,3.1944418418382057,-0.26986906599076477,0.6803698958699442,-0.5434514219505173,-2.69265333544012,-0.36883791432522983
5464,1.7710780975040805,1.4768247097980272,-1.43775620175861,-0.49797780665035773,-0.7991963409714895,-0.5129724579192239,-1.8507563835919854,-3.7537847333472527,-0.5014742369949676,1.134792096469937,-0.7478772324017919,5.719100489867188,1.1839032556167055,2.7541840802541344,-2.7348961499131335,2.6161634249312264,-0.3110937660940962,-3.508260844794913,-3.79364185611837,-1.023352129427657,1.7266044698315142,1.067572455884286,-2.955011992019891,4.977829051848044,-3.3091886792439453,-3.494465681678502,3.5952217012632843,0.06515738112507918,1.6605560246305409,1.4827192539050316
5465,2.530969858808181,0.7390570815648658,-0.7725124979916842,-2.0504750186351792,-0.5141316518488275,0.06709222810507853,4.2063446796031165,0.1273211678416324,1.028645608910412,1.023659230316241,-1.1892844545352226,-5.196686232135061,-4.115256148382146,3.3208297254147077,2.4017694745496456,-3.4170792459587283,3.874457662322378,-2.064721467945928,-5.613626909160036,2.2149464145339337,-2.3018339615143617,-0.31705805809994025,1.969021486185289,4.048551028053048,2.561708736224322,-0.42928935299332593,0.2308459637785063,1.2329958595822594,-0.383512664279257,-3.212748542311015
5466,1.9486538560727311,1.129330210794862,-0.4907658385886755,-1.456160531455513,-0.5220604734954324,-0.6089972233255683,-0.4956493354115352,-4.733538384036368,0.8589792292855805,-0.23643489007356777,0.32907709340147573,4.277566286835523,-0.31671020771057456,-0.8301045987606948,2.6124049981158315,-1.948544376010318,1.2091139466381868,-0.7261597622725038,5.7466471872870635,1.8182860553269222,-0.9025877782937108,-0.13079629858077801,-0.5256423700436628,-6.005906795697889,-3.2257513054684424,-3.3359637448055395,-1.1970247463324348,0.8310582144033534,3.415845255695082,3.511836326509467
5467,-1.0457484021492398,-3.9960150177521854,3.6042063757893175,2.070799270093815,-0.37332079350166936,-0.259921432477606,-2.556223853190822,-5.9748003830345375,-0.2213476772324361,3.4252635881750138,-0.053417300187448724,5.380525625471332,3.4718882850364174,2.095509044851859,-3.882061172549216,-1.471960353528468,-2.6393326934624355,2.425956889651758,-0.47504146835631644,2.1399331692955954,-3.921544812659267,1.0324383667892292,2.514311970506464,-1.290097225577746,0.74792584816743,2.1584603916601033,-4.7989812075961,-0.8140791174930717,1.9054991559198982,0.8011749293432686
5468,1.1214303865556126,-3.131017668301311,-4.561346382106855,5.969731360781367,-0.7673807003499715,1.3685830034236073,-3.661529322753072,2.5771542055669947,0.18465051680785738,3.722625345393638,0.8188217692435025,-3.6417225142578395,1.3473156436514273,-0.7362621128157656,3.4839809033710694,-1.2289248782978301,-1.3552060333275424,-1.5109035225814598,4.215250822632349,-2.2752864697710056,-1.480321825470437,-0.43773757038120475,-3.08228054977657,3.060375592764835,-2.333341210685589,1.9332397120356788,-4.7059094725357475,-0.5520765596531314,2.8633833081511817,2.7947042226891305
5469,-2.6754938308712184,-2.440752626744665,1.416882497581195,3.1825353305582667,0.3175365424881864,0.19929208699069179,-0.9817461929169795,3.814148431099607,-0.3622922292794222,-0.002808364823668086,-0.7737557484401156,-1.6935458956383584,-3.078209352617357,-1.702480476386496,2.0559971114716262,-0.20600984605073336,-0.5312101161852851,3.461912679768144,-3.3010937273571095,1.971893259727029,-1.433949679205563,-0.2149800097869239,-1.67533378544476,4.653463942065276,-1.9090645146011518,-0.08500377737773235,2.014803926709451,-1.0765910237495144,3.4628011063050295,-2.406945717284545
5470,-0.27817949326746216,3.8224077685548608,-5.3898711845032174,2.046775966373467,0.6481780714032759,-0.8493111285584725,-5.466644104739498,4.075192826354815,-1.0967572561465357,1.1908289778668006,-1.1054814094130623,2.4028609660785527,-2.6284636696115182,0.7559956260837346,-1.1617101010847044,1.6237764593326887,1.5193458062066796,-0.10894412092699746,2.8887885672099216,1.837409697340826,-1.4650008381318624,-0.5173782255128936,3.02675583334754,-5.770575034255593,1.4463538458021006,2.1504192573554732,-5.162419695922033,-0.9450727900137172,2.6577783504085737,-0.14705896762884763
5471,-3.0182073321341285,-0.817044558341653,0.790681394450452,1.2707719634575234,-0.5209128850452125,2.294711417615469,-1.1665027914021202,1.676836890661857,-0.6278593792355931,-3.696316950238277,-0.14904939061935352,3.96289162083454,-1.1578672524688152,-0.25595055049931403,0.3203025736786884,0.6800870179454073,3.9376164178444775,-3.5241882065005736,-3.0042723755786085,-1.4127082959286188,2.1899817818871092,0.6421622402210883,2.188246709824803,-0.6034100604278372,-1.6370080426891036,0.005416098996295915,-0.1951490403797571,-0.4826993147511258,2.8275082922606813,-0.5180679934354391
5472,0.23561488523551333,4.663245111008582,-5.2976827714573815,0.003166113723064967,0.9732010359449346,-0.577544374452291,5.07757391267338,3.0611209191780056,0.6690612197663945,-3.290971213540086,-0.9140914621953602,-4.602693375881305,-2.1108825976738164,-1.1075112983923763,1.180005468678008,1.7805960869558497,-0.6125384790616835,0.8703308194938693,4.075035341012249,0.4230165585736252,-1.0509519947919959,-0.7601406548566603,-2.1853186472950696,-0.5016406026442333,-1.0696160475012455,4.675640019465785,-1.2980934288054193,0.6334441004684503,0.7079687339954468,-3.649343377621509
5473,0.027596755792613337,4.569076721338032,-2.4425393312314263,-2.1322513071791818,-0.9648699700970507,0.9429871313794198,-1.157287847062019,1.65398710206793,0.5501093921329367,-3.450298293589725,1.0928458240547139,1.3106438223972035,-1.9575082124433472,0.8379605997474755,-1.8569056309171472,-0.3402656407799718,3.9810010855459446,-0.6642822011530765,-2.512829345466507,1.9395286308319264,3.4980414975914336,0.9006079223963672,-2.4079447143031825,-1.4174039910521117,4.344291267466737,3.2299434397753615,-5.202497163876927,-0.05088531063487345,-1.044084730317266,-1.2767675024115377
5474,-1.6007463857795834,-1.4265988676952865,3.9952392166265867,-0.30748040266275467,0.7506923751844585,-1.411105935671026,2.4720834015550395,-1.9468728490555343,0.9574994477100747,-1.6838178693702854,-0.3502049390122908,0.5513128081740284,0.8421541892862443,1.8794621469079011,-2.551231363914553,1.6542003819476605,-1.4196175806658697,-0.4049677735614825,-5.455251286848394,2.366433660384608,2.730429098858565,-1.0072330592866252,-2.1034470594527708,3.469068646342567,4.054723214471977,4.483846335856459,-3.969168663401227,-1.165151560230389,-0.8439960519507448,-2.5602532747445554
5475,3.6530777352407746,2.1887366253175777,-0.7229686907549286,-5.6494860789739185,0.5206942312993235,0.009946177873548123,2.609105651731774,4.700395858594913,-0.5728100886109981,-0.5582119544109201,-1.2142143053325936,-4.964265161971138,3.5951816203663256,0.33778002755847325,-4.127701047734115,-3.027690590961342,2.8866647731180777,0.33576521765253986,4.596148821794291,2.326762446302766,0.6001957533352069,-0.7689714086829236,-2.960121540293672,-3.794014072457742,-4.215455598940954,4.607990687160758,-0.7392687560022857,1.2278729610447234,-3.070553663028118,2.189414369767391
5476,-3.720100195614217,2.885474041156783,-1.1607059789471492,3.370912730583587,-0.7471438657838934,-0.6284367313927497,-1.0073054321818695,-3.648884796640875,0.39178431615935594,0.7397004291938938,-0.8995996478179364,4.424305131288431,-0.7130280512446099,-3.526259632438144,-3.957905457917164,3.405071166130856,4.217909104579533,0.574212870889447,-1.5710226306004067,3.3619037222507835,-1.2733174189988024,-0.19460848153676213,2.8943314158098765,-3.217286606926713,-2.7915011584807132,0.16552424829157886,-1.2437681103229359,0.42476626756336344,-0.17682802701288658,3.621806779963105
5477,-3.6201115117784504,5.29698526270721,-5.0900096031971,5.288478301849942,-0.8886229707261752,-0.9867194788530931,-3.716830348944388,5.612348186509852,0.23506454781651076,0.14422795506426667,-0.18470501102052506,-2.090105329424759,2.336849019520187,-2.886641738103828,-3.848967139843168,2.410021497031451,2.5332497793517064,-0.5445114179564214,-4.022476975156312,3.3544181108833797,1.6071994201325133,0.1462047592624316,-2.013320922101542,0.9279756069775402,4.812097284225882,-2.21857255638454,-4.293542384565409,-0.5627244972790812,2.5505839193919257,-0.28784176538726847
5478,-0.3751173106707242,-4.70298008737311,5.199155015684941,1.9173422704474028,-0.7376491031387158,-1.3007507849474784,-5.0710016512181895,2.034351309925146,-0.654351662018219,-2.0703561061539144,-0.009596046252315027,5.770954155718442,-4.068055898804916,-2.5356284190353477,-0.2631625016160086,3.691380307504865,2.018514423289563,1.156952088661786,-3.2812266792047957,-2.080694052512561,1.2813467876097349,0.2517059224182763,2.8749049604565666,0.9539630612307803,-4.2543765679033605,3.328621866295425,1.787374106434811,-1.2197063932252687,2.51491275063972,-2.1568257622398423
5479,-0.4514197388730832,-2.835787533158772,4.583188641389054,0.28084065010354564,-0.15024083283117728,-1.4265811866272582,-2.846504740175426,-3.227872053544697,-0.5570158088465629,2.0520261255743506,-0.13915290980340433,4.718519386796665,3.206466350841996,-0.9523279124204329,-3.279287446549384,3.6008631477750193,-2.1208210046942213,-0.45489313495302497,-0.09109024383539222,-2.19325532740557,-0.43823760685136826,0.45704290212239584,2.895722194430311,-0.630181918462366,-1.421582400063798,2.14245411502068,5.872267869570454,-0.20146390288714233,-3.4576988965202275,-2.9339767851184604
5480,0.39478110681019984,1.5021737253074896,1.5542391766143595,-5.182630614081045,-0.5377393202077325,2.2691759255589936,-3.17433847027608,-1.6218514236914352,0.9290585632945536,2.417094083094785,-1.058895835835223,2.508933083414309,-2.1088647527911775,3.9318443983556115,1.3658194602736842,-2.872484087405919,2.308663545766379,-2.6249785641986065,-6.150677659017468,1.7621817475850925,3.237947464330322,-0.16933877407949627,2.167529113021084,-0.8476418918415227,3.700871764682855,1.1885326355330328,1.2674109679037358,-0.5998301363434653,-3.673383542131857,-1.8836016896427825
5481,-0.13544335679089414,2.598279078840754,-4.877955205839736,4.332720391033877,-0.5152849723869097,-1.402315934854835,0.20567612095876342,4.961373527640717,-0.5631036648921874,0.6031468183224025,0.4618441067493544,-5.66893690877815,-3.093296169330575,1.603664299968706,1.3031396976203418,-1.2228373932159045,0.27238388092725785,1.1369456840301844,4.097341758945625,1.444899934172314,-1.5450472675872344,-0.20934356546679744,-0.1937211467144877,-3.5941297133514,-1.1201786869007897,0.030505092347699048,1.2706999207934437,0.09017477827511744,-0.639633237930818,0.36843213341684944
5482,-1.147935002100077,4.687830596379907,-5.4398547277360905,3.5813165079137796,0.5499504370826509,-2.231307811537941,0.10107401508631852,-4.883761171882107,0.21027818305839396,2.9396940185730713,0.9201383250514539,0.7125766301137659,-1.463780249126609,-3.2894905977928257,3.6252480282991257,2.2367323394683076,0.5195774645071403,-1.6282869853551194,0.08788361566733016,-1.0307227290002654,-0.7111274289143683,-0.6638819751589482,0.43296984012941664,1.8848786772748483,0.8749006137087889,-4.731982416107531,2.5991774542838613,1.187672928665477,-2.480127048465988,2.550358467916862
5483,-3.3370138355490155,0.19642070959148228,3.8852275132071448,-1.1895722991663042,-0.15553019531997703,0.6004681072388678,2.529482516074097,2.473056767258697,-0.417867592123895,2.186740710235455,-1.1399358407142417,-5.631476560729254,0.2935386775171338,1.9473859756176282,3.081612885248777,-1.5494582846915161,-3.9931606796941335,0.22008142600214065,-3.895752025477318,0.3528478607870653,3.9232313025120966,0.76454196261012,-3.1044293418350506,1.9595602414011104,-1.3748015371972606,1.4378825015844292,-4.469704513592546,0.6920109407199977,2.527470983490609,1.187141624996272
5484,-2.587996069246566,-2.5187835958540816,4.541063936609071,1.5986655537227819,-0.538250045343716,-0.4946997798853108,0.9503260492767822,5.521663934419223,-1.0020284227585092,-3.652687363701837,1.20340698151481,-3.0206811787496193,-2.954908482091744,0.2545294007578569,4.011035324011086,1.7757302333595142,-2.877485145409805,-0.20890133062687433,-1.1049780731446361,0.904420107153733,-0.6881687602323563,0.13359275835592843,-0.5633298258085127,1.3184637936738568,2.1750177919620732,-2.487810258727155,4.0034308324855985,-0.8150563321388509,-2.2951917592776,-0.5803902743025464
5485,-3.5495951429400385,-3.059615395150839,4.905538494535328,4.028885858115498,-0.2188740610403872,-2.1063397535173696,-6.030751901648884,2.428259179041877,0.11578939091521523,0.4150724229881462,-1.2370937627348901,4.308724671439375,0.5600186247185626,-0.011612712550455484,-0.4757483909618365,3.8109902342092745,-0.9730455170568959,-2.9106022383585994,1.2698648451087884,-3.0348606622318037,-0.031780286512859135,-0.9625454386244776,1.9869325471493848,0.7723889951089795,-4.2685960086063375,4.429162220917853,-0.5837170816060571,1.1050000975828418,2.1159801605354325,-2.7978293888221977
5486,-0.26311033163862696,1.7932728845449937,5.400341370929585,-5.264347149507643,-0.25269418355904216,-1.4134625907670681,-4.6255002806104955,2.4850311413947104,-0.22250378752471534,-2.2315209335722557,-0.46171533140823495,5.056209191721823,1.908571992779848,-3.36811516159519,-3.5684050136723062,3.837172773815926,3.452897714421198,-2.2621223057494593,4.638437350195289,-3.132690515715508,0.47112688212141407,-0.956155864013601,-1.9582293164097724,0.9375114638202042,2.421059917587222,1.451582725327878,-1.2800059389703513,0.5699918629659235,-2.8136853755576894,-0.3489431913514789
5487,-1.1623483691396217,1.1444536488391641,0.20432444217831147,-0.8128125913153923,-0.35815061139536675,0.9845334808351023,5.882426076132848,-4.132957445247957,-0.8289945338878635,-3.6656724094775424,0.40768534676655666,2.3375129657147866,-1.4166511672238098,0.3225018757872036,-0.4795106757970551,0.6026643766595541,3.8540435335088254,-2.883047942934718,0.09094810319096425,0.2884028537955263,1.1915845271290664,0.9019941556061717,-3.17994548610457,0.7070158463808767,0.6686288457909306,-2.8409473602253854,6.087475677852645,-0.5602317159270491,-3.2493415726047434,-0.10558387488485543
5488,1.4808680683026658,3.6899447583972034,-0.4535526575947948,-3.6352930003502735,-0.5076509774816103,-0.5743161912710235,-4.537209334972619,4.9890910519635945,-0.4191469675796151,1.563301745618599,-0.27306705364402806,-1.3229694413851192,-2.003460892988226,3.820951738742977,-1.2454243382144465,-0.2168262122572564,-2.2393826547681783,1.8841423594851356,2.140946730298303,-2.0007400630500776,-0.9661026292411794,-0.5516412485603812,-1.4269085260646328,2.8044457366159783,0.02506019919980318,1.7930203394224868,-3.787343844493442,-0.8430841784579233,1.7454264173559615,1.0669210669746434
5489,-3.45449225571636,4.975104760096464,4.3584120468532,-5.603899401128935,0.6194907184134366,-0.8946158685156274,0.07411009967396254,-2.510990438854922,-0.3781396882283605,2.2410281889252097,1.1162815101132324,-0.5422896716282892,2.343826101017086,-3.867045698510646,1.0103259250590888,-3.1578692320062185,0.56091370295837,3.10984920148233,-3.2487522550296255,2.856820135624112,3.8505352157294865,0.9412719187368799,0.5627737958853984,-4.962648810948252,3.512384432229897,1.3181852033913088,-2.792145528460569,-0.38913850321936216,-1.2458681363345203,-0.40341746760519115
5490,2.104593038969881,-0.0458611035477432,-3.0646634769877146,-0.7579203973650088,-0.29654827068757617,2.060400209620367,0.8226326884367126,-5.354387493594238,0.845353684168427,-0.6225482525408363,-0.15432023804647343,4.463269611577264,-3.7079801117768056,4.206622523267029,4.0917690446539225,-1.2134791133940066,-2.6056690010226493,-0.7712633417274724,1.822312482848833,-1.991643993873005,0.9061467101083736,1.131968396004157,-0.8416681280073188,-1.0271154670830214,1.6045024992250134,0.2752810831664796,-3.8875702919724446,0.954007601264582,-1.9644408191222382,3.018219927440171
5491,1.7041677117025422,4.82162481789215,-3.8063785744975327,-4.374820141186653,-0.32422138121810273,1.9796275673097892,4.107104101433581,3.103577860458472,0.15893256568142355,-1.8539462263090982,0.12397303836701568,-5.639641339630558,-1.5982490396073938,-2.0371569601421733,3.2701662439424233,2.9673502132168252,-3.0157814275354884,0.41367097012582477,5.867058280448262,-1.5610269342278436,-0.9905922364305884,0.5426847456259303,-2.2739545323472097,-1.5841693230705474,-0.44561411442187904,-3.0565614740202527,-0.09401220085283057,1.0906150419174558,3.6522078781605316,-1.1466351307814833
5492,0.5977764471597666,1.205214809057722,-4.325260561470245,4.015018207334965,-0.7988568228104689,-0.6938920792695757,-1.8778247095994267,1.3408387604925132,-0.19215414102671247,-2.3405073303744306,0.7103663367572493,2.359281083751611,-1.7716326611367652,2.494462125439963,-0.1147996147677226,-1.03817239976728,-1.4992416280097753,1.9293841782415946,0.015834826984281847,3.0959489078987055,3.1676264676205648,0.9956658889799943,-1.7270521461177815,-5.548023945367774,-4.132308642965926,3.701102592454017,2.5838156009715654,-0.10871146858988023,-3.4534769207402594,1.4095788388720187
5493,-3.2435648615890926,3.570007411035224,-0.0005392178915890611,-1.8657698116772856,0.4056269230433207,1.1342395570815906,3.9681233317934144,-0.9042249116584884,0.6053036118394921,3.3421593656494757,-0.9420747080259746,-6.069286689597078,2.1291864301846175,0.9442475540715094,-3.584648320734127,-3.753542370883981,0.5393080797206942,3.725448627641324,1.0414507348041617,0.11001681712952482,-0.45483824959574015,-0.7824900641366517,-0.6555606941843504,0.7414214559810759,-0.355031054487565,2.5555305109588176,-3.3845624441545503,-1.0530805603244042,1.3002739685164109,0.9368695794928499
5494,-1.9594543941223712,-4.680008577213865,1.5343346530609345,6.086499073429767,-0.766312872492146,-0.21505788266016346,-2.6735365975992487,0.0002228283445262491,-0.8512424822859339,1.7197178916363995,0.2559875250714603,1.548850834833658,3.8409400913389327,-3.7173118125806806,-1.3876943176389922,-0.03602199135815454,-0.41311076390865864,1.7131987941475764,-1.4309668013697951,-2.4900638266035084,3.337030434733556,-0.7636823757755602,1.4114290479692375,-0.06374647895591323,-3.597427248673327,-0.6517903804032592,2.2191030800724825,0.31799329770461693,-1.2598345766066767,2.971955827907685
5495,-0.531079501170332,5.6317046349951525,-2.535996501719879,-2.9134196555679353,0.9268734616196523,-0.5780824381545049,-3.228253733167076,1.453730487004023,0.5157105517940304,-1.9157881672752044,0.3268599721448284,2.8477408895002974,3.017904165161493,-0.659703455455233,-0.16062844050820146,0.05486183321910687,-0.07317944109061969,-2.179254661326496,-2.256045627499507,3.4267148844878648,3.6416133822461383,-0.8067975825250358,2.4102904031656447,-6.415775459877093,-3.5108776662780343,-0.9530396700267083,-0.7502569710893816,-0.48181196455936615,2.3671302966166934,3.3288559753382856
5496,1.009203679694025,4.211515703442018,-2.6267811071049927,-2.880126878167019,0.7504350394546258,-0.4642464373165289,-6.185984357560745,1.298648503066886,-1.249046230146182,3.218045751478929,-0.3413810197388969,3.259717352900907,1.069471000022201,3.69195315451638,-2.913895463304822,-0.14701976146928075,-2.148146199109604,0.44763726934518644,0.6927878444678086,3.2499041193863505,-0.7797284190535798,-0.6541915962680225,-3.0880499890343245,0.5792780404997586,-1.3141255186498064,3.5626815423175735,-1.993306121343931,-0.6009458468790578,2.5211772064649693,-2.1754812619082546
5497,2.8447390832198636,-0.07397011114958474,-5.660603060798465,4.519332155303115,-0.7847632158101956,-0.8447348507625723,2.5031983070351984,-1.843139018893364,-0.8748161733208111,3.639242376064157,0.6613154732041746,-4.08580096408846,-1.481606359161571,3.8743753833823575,3.844726838377486,1.0844488416170144,-3.682240245371128,-3.6397044588440846,-0.9019637314667008,-1.5786924678742675,2.2923797764326252,-0.08011702683525179,0.6781963658164489,-0.40980291607493413,-3.4917444485309375,3.016733398377056,1.3654693747783817,0.5085441632954089,1.1806828427413016,-2.579685330659686
5498,3.1625436090352217,2.8030044711076343,-4.258066873424745,0.18442362290355874,-0.9065050454346313,-0.9853997841848834,-4.707502869867518,5.312049215708711,-0.45840914570308655,2.167797327332071,0.9341135943941197,-3.248048121863402,0.9851573184332096,0.03859171392195648,-1.7012304317584164,-1.628551335383511,1.7747907173589468,0.5312420174279175,-5.962153585834873,-0.14829470306603731,3.176195944521293,1.132194039505917,-2.1469847433566667,3.949043048228276,-0.6550958288119944,-1.1856864648239132,2.066073823966903,-1.0142659373640042,-0.4524825795319458,1.2414569865664689
5499,-0.4809788108222701,1.5178842829175743,-4.087659227543686,4.567552173126174,-0.282313142257284,-1.2344852754183577,-3.923747900416302,4.3475728180942035,-1.2374060982509847,-3.2366826312230277,-1.0197475057242813,5.070011317521288,3.1186416288117194,2.9437045015114336,-0.8206333579077807,-1.4070865274617255,-4.157085765774712,0.3224595208212122,-3.712447155298939,3.380426236589731,-1.0541257742617436,-0.8427273403968769,-2.7163693047033863,4.945243338069147,4.845055895299513,-4.051078239115196,-1.1822940199148846,-0.897105798483377,-1.7562089382007535,3.0416311004162004
5500,-1.5064667178860383,2.849762647648941,-3.6075733633502765,0.17271552368101695,0.6895104678793822,1.4020514420291121,-1.1659462410278536,4.1236075509577645,0.7385566011326077,-3.30373402503149,0.07975647625235727,-0.4722403622824949,2.444094907490342,4.239141159937926,-3.666402534160932,-1.7924072005482028,2.277447122463599,-3.501873455182583,1.351189502430703,1.4094210002291927,-2.0986041027607243,-0.12694066731411535,0.8001044735381928,-1.3351702061253015,0.15948777697535732,1.5564592983348362,3.3987386871916527,0.1595715440775578,-3.155222491432049,-2.1190348151457883
5501,-1.706554200996461,-1.0871993919764584,2.7604919338367395,-1.1482238165514111,0.4212809630842531,0.7602045126054673,1.4396085050807663,-2.8700205358533033,-0.5254832284932167,0.6109997821115094,1.2174613021617127,0.12743417499342868,-3.814707254553097,3.22309224397204,2.9370955973644186,-1.5777656246523328,1.8659335431944193,-2.6336485053252723,-0.36945767761424264,0.13173658295440482,-3.0658097810795404,-0.8472280878737388,2.7459640589314027,1.4047949046796475,-0.03227280507891095,2.794043392143344,-5.455055892401013,0.4691277723528895,-1.4464674252130898,3.6706249581983776
5502,-0.1256467695133061,-2.814368046458018,5.879026531131384,-1.089733799817484,-0.15061022786915013,-1.698667687471314,0.6079846873252315,0.26302385013908136,-0.4763682334078334,2.9124413935520295,0.1370424823814096,-3.444124179989,-3.39894606954517,2.0479068801474156,-2.948083876452676,2.1760860991022852,-0.36046698541023403,2.483503952158568,1.0235894386142377,-1.8031687896817328,-0.6502782751183869,-0.2813648448000521,0.5573964804728622,1.1538259905110095,3.4531359169081597,-4.450657592709112,3.5108828489943242,1.1360516197560848,-0.6470249122832179,-3.0023878806646085
5503,1.220682259196284,-2.581170228467162,-5.200275010306552,4.57504794300646,-0.2614519055223341,2.247166942095422,0.5748579651518853,3.3666934351642013,0.8163109442920318,-3.0007882658195175,0.8745044741416566,-2.631578552929337,-3.5950424160685603,-3.570894699655925,1.2401166506588588,0.8873042208707425,3.1118323735140834,1.9266838706809786,-2.7030990783431506,-1.6285459219279321,-0.9247982647230035,-1.1745356540638578,2.3521344113334095,4.078844507722472,1.1174339907905022,2.5190627844145794,-1.6197008204167922,-0.41583304727136916,-2.3451716879738207,0.744208780458564
5504,-0.9681024045754203,-0.8939837292787445,-2.6995453809121663,3.76527337165885,0.2926195308483246,0.5037386122612748,6.212683668710131,1.4290481110650717,-0.06064227491951524,-3.4267412960701886,0.8885469809239082,-5.042895189708478,1.6114537346821223,-3.40371403312348,3.0316983464695184,2.598883680116753,-3.7647824565424255,-0.07353927160229645,3.0820042210129195,-1.9411585930093374,-3.2272484890742135,0.600600435411029,2.1441870952308584,-0.6583846695732838,-2.4562610842091033,-3.4648917661702043,4.885862784992284,0.5667885787532594,-2.8786400996737473,3.3471415863091885
5505,3.7455539753359375,-1.2026421987460374,-2.685472007643437,1.74215738758868,0.5794866777172243,-2.179083834250272,0.9969954835214594,1.1544460314237348,0.7509827693822535,1.0767838786995654,-1.1841691167528752,-2.7950390462731853,0.2675514864645656,-0.44998684032607983,-0.8876455264306955,0.3789880946594657,3.5308777543769843,-2.8397849687440377,4.863078836012342,-0.7487090697886138,0.8094904465035988,0.4058517934321868,0.46719352428340244,-5.796905530444924,2.5386266273377203,-1.8756080282302925,3.188277004815294,-0.04088097256324641,-2.6330128388984004,-1.1774017924593867
5506,0.5344809018463792,-4.342386280242792,-1.8259146493856626,4.602317452138102,-0.0334818864808446,1.0649844621269295,-2.8735167121532506,-2.5249004041979646,0.2634376430619927,1.0900764491261477,-0.02828561964617382,4.073188643810244,-2.8486129659454758,-0.5240736965385366,1.9077346113636686,-1.8504238726563766,-0.17687207660015147,3.4922480003770673,3.1087952491573887,-1.2545270313852352,-2.4572754174510987,-0.943538474002847,0.9034763217921515,0.6430693518876218,-0.18521172824866028,-3.3772682800445395,-1.4123913326490616,-1.0474196997269654,3.445361393811851,2.5769296468590284
5507,1.648829477555985,-4.435819020639382,5.79588378888678,-2.033552459553821,-0.5087695277816382,-0.4665722584658081,-4.809592671214485,0.3263968167150857,-0.8751198867062255,2.5062700188821196,0.48410147255542224,2.3679442497690815,-2.286999203054158,3.0723446724979375,2.2018891431840935,1.314959618783675,-2.696503405945146,-1.605690825466187,-1.8083605692075224,-2.9928197965615286,-1.2156773652707482,0.983428301723146,0.01194251095960297,5.0214869183550235,0.4805483174082177,1.0496820122724237,-4.830538555516068,-0.41613930958122314,3.255134496654165,0.46131303876412133
5508,-3.5362770996975748,0.8677481555856481,-2.514200002123548,4.53495851986121,0.6148428910187769,0.03292753535760262,-0.7470651964618185,-1.0849312917183305,-1.1225180356277242,-3.353449227765072,0.2960552201385491,6.011908531435434,1.3046547331078777,0.08240244081273218,-3.8077721450401736,3.5884823217192974,-3.1551792013371003,1.9874118507375762,0.12077988252218574,2.5162605870699295,-3.5759434029930244,-0.584686975202219,0.6212366882371008,0.9023532203640059,2.260214574360912,3.030163779118279,-4.787157051929636,-0.9587141071185243,-1.6569942395546207,2.112487045125203
5509,1.371547068415623,-0.446400839403033,-4.049502931437651,2.941898628268394,-0.5167107549646655,0.6991688291234457,-3.8750025343555343,0.807045771119288,1.1380057422605123,-1.7941329282868246,-0.857840037075988,4.581923986339582,-2.700719555938015,3.04820161903827,0.7094660853719432,-3.4826600488973387,1.3800338961546537,1.045678004270691,5.607565857628625,-2.861658755616544,-0.4965402135188093,-0.1779534320284517,2.992072066593355,-5.063485523060184,3.4192873166348114,-4.422640859340067,-1.1814480082645602,0.5556365747788226,3.0961214857567327,-1.4669565095641577
5510,-1.5870382857919125,-5.046209994417776,-0.10396532490203825,5.751668572730377,0.5278323204398676,0.457712711943584,-3.164492456823261,0.057435734834637486,-0.7892168253853553,0.9206157500701924,-0.9204040656210619,3.8960618629258654,0.1343916392641198,0.7231628749381365,3.1514339422556077,2.140992279592851,-3.137208236293615,-3.012772499756922,0.8045991337290381,-2.831402127564539,-3.5502460715941915,-1.1283336533168167,0.6179550026944973,6.087427716049994,2.0621448665067916,-4.198163065095441,2.6972835500864534,-0.39523819899531176,2.2241425476605983,-2.3901697001614934
5511,-3.0276102658010693,-3.342186292756871,4.402656848578044,1.7612050980968021,-0.8552151008856914,1.0611497127708613,-2.2852650656056035,4.411502833311381,0.8108948321456255,-2.941367018621973,-1.2118984639034793,1.2161328826750761,-3.0968184583202003,1.3506336222601227,-1.627775837809553,-0.06061966987156353,2.9896434580173548,0.44493688572399925,-0.6415791138007947,-2.1845455655129413,1.973340925068939,-0.7025468372682226,0.93275050373237,0.6225800877786369,-1.3029040583678366,-2.6605250719755453,0.41656203023431004,-0.30883641599670586,2.7652866287960265,1.0904168873113633
5512,-0.12552726848949014,-0.3495746227404446,6.2313480675446975,-4.1388387917437015,-0.5285922238307506,-1.088815160738232,-1.5947139017089604,3.140444130649918,-0.031499753020777455,-1.498081760251761,1.198366885386335,-1.2145156010537548,-0.8329749598011098,-1.633749609967678,1.776732599774931,3.2508221735936687,-4.169423304953211,1.6085931013535912,5.132966165182982,1.286366653840604,-1.2545908316558574,0.49390587280769527,0.6191918464199695,-6.27783970659743,0.19745257061678245,-3.3372139868019026,6.002760477593068,-0.9217998459631405,-2.069833949762467,0.12863473431928796
5513,2.354466691918674,-1.8922693260823316,0.6538335924411918,0.9054550399517076,-0.04583384539493074,-1.9756521528322555,1.476360757843942,-0.36310383410401315,0.6264558925071917,-0.6366476109377821,0.016924171781954378,-1.1199893770902953,-0.34977763398518036,-2.252884578720993,4.025371377022445,0.20443470674988617,-3.2803230651864617,1.6531791941204972,-4.117645511362923,3.028766234273508,-2.8818377121603795,-1.0331359404395641,0.04890021988750526,4.954952709799802,3.5431398814176127,-2.643933616451342,-0.7053941758053845,-1.1309594597911747,-1.1388871426967597,2.0760345133286613
5514,-0.8455395826616723,1.5389365230962788,-5.256122880723613,4.305409531864569,0.19680632883051175,0.060510079596005184,2.912204700089376,-3.4820765756128047,0.29983441947988165,3.7491190864621196,-0.21770101028860633,-3.2613806201289464,-1.0400309643231012,-3.578922282899086,3.3418014293361757,2.414393086063658,-1.5287399368049126,0.3914986686274773,0.5270737041786262,-0.6663105132310179,1.3128315905755663,-0.8148410978703744,2.951201086169796,-3.309954769824664,0.5141011206583173,-3.697263249628314,3.1557436620752526,0.01531021516427522,-0.06536493180241898,0.07747318353450439
5515,-0.582593990323307,-4.707895001913027,4.508451734722641,0.945783968754057,0.29836285357055825,-0.4621095648088467,1.504813575293504,-4.970554871746348,1.1489469171214983,-2.76020878571442,0.06587155033163583,5.0111316147151435,-3.157184061364008,-1.1715901969891291,2.906131820805257,3.586051511276576,-1.0383656516672382,-1.1250434220612338,3.4053790350217277,-2.829814000059601,3.2293181811626717,0.1820268423893907,0.16737916324640523,-4.1542892217626814,-3.140451572750642,-2.560705864601726,5.525199083681937,0.941595444654995,-1.7969326329243707,1.0312955419414074
5516,3.142067516742138,-1.4416075009855263,0.5264466324505719,-2.239952760481028,0.36908253475108665,-0.3560364224752046,2.347687134020557,4.890589760990867,-1.203982208559883,-0.7449962406862873,0.09768317740782706,-5.386981623172083,-0.8068622047666061,-2.5887967570145705,-1.902226814566319,1.35794191692667,2.8635349396985177,1.0764089197224962,2.0435898664599392,-2.556246061278042,-2.839506901764203,1.0649878199837284,-1.2844311167307243,3.5716063933271975,1.259184897119706,-3.6909484173059752,5.338166593013746,0.8195296712937257,-0.26945888470601176,-3.4564738594136113
5517,1.8839036390696897,1.552553099199823,-5.970711952262221,5.289222888651366,-0.2920186225204091,-2.462949052136212,-4.441981202756306,4.557721125282622,-0.1928739074674093,-0.15640850944780738,0.39613876352195376,-0.16259626913205594,-2.6190025806353283,1.9244312159504489,3.8429731734731334,1.9682060673492359,-2.0554712856556723,-3.061136590481615,-5.141467636349645,0.7599537098466591,3.585850163457291,0.6787069574763285,-2.456158226509338,2.573115032076636,-3.2049234485049496,-0.2532688772121894,3.644084135315776,1.1911769347906827,-3.1344775439841683,1.7574087995964014
5518,-1.942193137109978,-1.148997486752105,3.383138777373034,-0.19233381599043042,-0.006633538793464622,-0.09298079872501042,3.02368172705744,-3.1714983653813213,-0.2543102332053282,0.31845728529365047,0.3116392408403943,-0.22796965460383944,0.3178385521210316,2.489582500381406,3.6203799496140476,-3.093530757924631,-0.15646426107188205,-3.1778059831197787,-2.4220741569231627,-2.43687022200381,1.7811285206866643,0.9635077164589871,1.735089233264203,0.3792189085150568,1.639911075766129,1.7681485044577236,-5.607108978851997,0.5238290760848674,-1.5784903938582726,3.253710716403102
5519,-1.9566795311550127,-3.918649499138329,3.025487985262668,0.7258507792470468,0.010161557926789744,2.113828707858902,0.059077492908478746,-0.48028738017136874,-0.42815449821521145,-0.8911639888403897,0.4475687917336151,1.2929595825858406,0.16450018631683605,-2.067962125239264,-2.447162467434051,2.083464855532714,4.127645375309527,-1.8604858244855969,-0.6220453714419634,-1.201886752720558,-1.624101705986007,0.6047046197077552,1.3737442593954476,1.4695849510432168,-3.8529055963794505,3.7078870304626292,-0.4889962453183827,0.45194193114671943,-2.3875465924705956,2.5696194725606176
5520,0.9204073656252554,0.4207533574181461,1.3763814125041627,-2.7064420666557147,0.6454166905243826,-0.6565167594141688,4.9526842751583295,-0.34016308209778146,0.9025154661849317,-2.7667610860957126,0.05521825855601303,-2.803493831704845,0.39462939514689666,-1.7915252072952246,2.502766518339037,-0.42124091910334727,1.498391378170762,-2.1830211652579194,5.101595174126409,0.06293600813989642,-0.5569139191371981,0.19305490664625502,0.7856591927851042,-5.586331362562582,-2.816917373572661,-0.2231718728330634,-0.5692430867716176,-1.2116421896175011,1.2532480024430406,3.5677265203533146
5521,2.8909023208976734,0.30311105222737567,-0.24596999488476357,-4.959461916282429,0.07876994558396744,1.932648592460243,3.316865887874748,-3.496031463522524,0.6809576001245485,-0.08541234574010304,-0.533313412042042,0.116933733306265,1.021624016064976,3.315675104667097,-1.646903711425411,-3.146893955179726,2.5773454490533823,-2.120846903180146,4.705189719414367,-2.4946320318143016,0.33604013413105704,-0.13720879102579797,2.6513220143500806,-5.06071104505752,-0.5435850930729593,2.6524114279612725,-0.15112537250349334,-1.0775405687307744,-0.48851013624528505,-0.391650257407246
5522,3.514243945443134,-2.1361909580571385,-2.5440338150897723,4.250848161577412,-0.7108501133246108,-2.374017220546966,-5.569994246716259,5.7379371646275175,-0.48753251049052615,-1.6069508778914248,-1.2330909809294806,3.1596314514010473,-3.6470654464388943,2.546058042237213,-2.7989633357816217,0.5099559121505095,2.0460549256233307,1.3439599022096687,1.7234889514917633,0.8623977925047956,2.7450436070353383,-0.04740574596717195,0.49207104986760086,-5.775595654934438,3.3255253826391353,-2.2673840020276543,-5.911722760383366,-0.7515206036172959,2.1667771634311954,3.4383248199594973
5523,3.509144910524366,-4.241377057120054,3.3097727004670503,-5.3170463268214725,0.7315222540742905,2.007983518877868,2.5180761812966423,2.730744331515659,-0.999522071812458,-1.803598551765658,1.008167399715223,-3.453867288948498,3.42040051809947,0.5678505018067597,-1.3383129306646957,-0.85985134623796,-3.716648195079202,1.9265614520758483,-2.2290162473078787,2.9234949134781836,1.8045052694526937,-0.7674322467570711,3.248340680199899,-4.9798923690679295,4.611299474879715,-4.812137405491578,3.0227003063403757,-0.7939873971770535,0.9418241009410195,-2.9696990794909386
5524,-1.4465987488921837,2.0660639803456213,0.280616975647515,-2.592880329222506,0.15384826144566865,1.5389498606779242,3.7726419697420965,0.7537701759296631,-0.23240755605998942,-1.8720188288630943,-0.6011247139193001,-1.8208610468284654,-1.6389682775637109,-3.4432727090176662,4.054922207625371,-0.28763547777881726,0.678664875325186,0.6362893814098705,2.616402928958408,-0.6713296117699432,-0.8233288644073724,-0.1467848283500004,0.78067398006006,-1.7556336044932372,1.7066687903174795,2.805185701811311,-1.444026191573041,0.6743391872332811,-2.373330751736706,-1.3688367360507918
5525,-1.9027486704491618,1.8159538458741586,-0.3250757364433845,-2.643677028103884,0.6331095376628126,2.422438051461496,-3.478187970306248,4.7265882164523205,-1.2136596964123738,0.5935803665067603,1.0699157508435722,-1.6982366670831368,2.1346005210498866,-1.345442675617658,-1.2620367357921918,-2.1626654637833838,0.13038246063974768,2.505161893503825,-5.969049999761733,2.915165028988902,-1.0062139784480522,1.1282214049840036,1.3580620606276916,1.573815483607092,-0.3193301465017342,-1.9602457932720014,-0.07966983633724212,0.19868114501637635,-1.5419502925759208,3.702514923672098
5526,-3.626071798110308,-2.043671261695078,3.9267888272536844,3.203616188506949,-0.5468904815801592,-0.9137714743730214,0.07234380280707242,3.1158249737764407,-0.928639638248697,-3.3951061216061156,0.023124001470570477,1.1124529818016136,-3.9685451913579737,-0.20527476544825518,3.7728258519312803,-0.5205668515292992,-2.185060734214609,3.1066216906190753,-5.023862682206872,2.8712549414292354,-0.3020603179536234,-1.1468444248891796,1.84087704982481,1.7606354337935244,1.1254287774030374,-4.758250970003916,-0.5021860373540434,1.0431575670436404,-0.08645838590153332,3.1783090488143806
5527,-3.6640201216780923,5.005248464067456,2.3323398009583016,-2.5219906732933595,0.780009426049658,-1.9315868961018747,-5.118555073171844,4.039088803971758,-0.6219313751547277,-0.5894092025178743,0.33773993403418334,1.9530669128394145,3.3283203254782734,0.8923128858866214,-3.314437440252334,-0.7941893817935899,-3.1112937119245885,2.999287322605838,-3.0130671089487535,-2.090888973316142,-0.266813172137466,0.07640069813156636,2.9391751891725715,2.3551933670961063,3.463626688367018,-4.722963604025367,4.541602601519909,-1.1863389618000895,-1.8700455546895665,-0.2258811693703393
5528,3.6959768401350495,4.895289127490173,-4.958467395515271,-3.148410831037534,0.19392146782628972,-0.678309208896593,-0.7687077778691602,0.7105549624205736,0.3658667502512367,0.4499026419507306,0.1297859528500993,-0.8874025296026282,0.914081188351112,-3.1746654655588102,1.8150245182586815,0.609304212834644,-2.707158548381173,2.5434140944957697,-0.38637668976787154,2.6976741505479147,-1.4594659418830211,0.49450685946019046,0.15453806512118717,-1.5008764434804895,2.949138353747344,-4.809346587350756,2.037850930586803,0.36795901411275267,-3.302625784101343,2.7570240730067965
5529,3.252468715163907,-1.4337613485968639,-1.6268295815947802,-0.2936179373572614,0.4532327523982129,-0.3514926000110954,2.095846403148659,-0.37951756185536567,0.5693834662799473,2.1231484912272514,-0.49727007649991517,-3.9115907222997457,3.381118014906722,3.727455018773,-1.0554748580465798,-0.4573058744399958,-2.735593740477322,-2.860198560715574,-0.11274584470085003,1.8567322083433062,1.1241932869779276,0.9245756196965509,0.7716461727542807,-4.564401443073326,0.9407682633806047,-0.25886987385398186,-5.015366535515465,1.2295051740236111,-0.355871057547704,3.459834029514539
5530,0.4480698293104677,-0.8562021660611627,4.90098243266177,-3.4569390368029396,0.085648724713411,-1.1215597838194284,6.111276969814952,-2.261426273071617,-0.6235651566677829,-1.6404568803868749,0.20854713079364817,-1.7943757904814817,-1.2692847900065587,0.2670640473792716,-0.4816154021610757,2.5314234511981084,-0.8960930968447194,-0.15149420956478465,-0.6436885049146284,-1.369797137970762,-3.818446791879021,0.26280773302639204,2.926494311716052,2.642630390019857,-2.305536238373932,2.4733493426016366,3.546418385984712,-0.8279523762865324,0.8285842666329817,-3.714863380557208
5531,-2.1553972834620083,3.8746957636041834,-4.19931811393165,-0.34517753516521665,0.7773601337093741,2.0478370352474364,1.8164276216150554,6.0681331732305885,-0.9006058842243094,-3.02833245503159,-0.3266690482115777,-3.628953407377317,-0.33977523739785553,3.311998921220219,-4.166532130327813,-3.755320149708636,4.107340743786537,0.842287852427761,-0.34421343857545494,2.2847585299519118,-0.8310901527049079,-0.46457787215338353,-1.187374166227917,0.5424970997076173,3.8577875165957494,-1.728678320776151,-1.2013309518336506,1.092496852813496,-2.1425383472599897,0.1222632504621668
5532,-3.228013530504475,5.428090236686643,-2.438298359840527,0.014469747061298222,0.7939832537405831,-0.5702313471414016,-4.481505861912357,2.630269090380974,-0.6307598537021413,2.90249892490775,1.0357745065603732,-1.456276806233781,0.39116067920451414,1.379961362861824,3.9043083798703826,-2.158417149242325,-2.560910672143704,-0.9561026005504836,-3.1930589052236584,1.7719107107184655,-2.787059906134374,1.2004786905677678,-2.1868095248188677,5.194538934888513,3.303162714785664,-4.2150222721825426,0.6596022557772372,0.29030886189986393,1.1590286960643965,-1.1970802563430318
5533,0.6089787543502396,1.5298702900216696,2.918288573886695,-6.1151136326603,-0.24037023525125223,1.2983462496550384,-4.900854261284042,-2.577022582330251,0.3722136829141771,3.306891965208134,-0.22703909263903732,4.025810288131819,2.026765765294666,-3.1130984958225305,-3.9392873133096966,2.2621725403249116,4.144168722606853,-1.3807212190939921,-5.4695232473582,-3.1929573209436697,1.5820918686774377,0.3462444097911135,2.8713607224660755,3.862783567365071,-0.8825043383044076,2.2422345185275496,0.1832555732385046,-0.32691538354627614,-2.3674162818491826,1.1513459119353797
5534,-2.46229938122125,0.7023885248577812,-3.3728141304111894,3.77726528563943,0.28303692522762747,1.0724227759097325,3.07047254436101,-5.476108632154606,0.08114399220200674,2.6200357907860514,0.304441902748108,-0.5999855979417852,3.527646124147303,-1.7090313198712863,2.748840108646988,-1.1203226491188296,-0.6904187088680942,-2.7567135549358674,5.493468278083469,-2.067195128659515,-3.6428696224499717,0.886634286495311,1.0751271871822699,-1.745165000653742,-2.8110508737959528,3.3539054602818723,1.9907451904620785,0.3506853059541699,-0.23165240786008212,-2.6526326750404863
5535,-0.4768739842582974,2.232292367241417,0.2961570829850686,-4.26171420246736,0.16464207529735697,2.0454966612039573,1.250894125240336,5.671731145435039,0.8672905489058973,-3.477967244284672,-1.1677712333883385,-3.14417734190749,-2.4684007429319657,-4.216709288421335,2.690466174202225,1.7247854837004795,3.3087480550062303,-1.0388896815553998,-2.96984252240377,2.318316902346293,-0.6396156455236568,-0.9578924342287278,0.28767076620091814,1.9613629336067788,4.094954249011909,-0.6659664178619877,-4.025130827960172,-0.07400497803387474,2.722863742041202,-2.0527157671954654
5536,2.526629354000587,0.4713286980642444,-3.4724647036960334,0.10587909160084052,-0.19583356986387312,0.5644611298963582,-4.434727770955959,1.8557797412032428,-0.10621818719885656,-0.5591789606511739,-0.6472801515186566,3.8916253291221494,-1.0654937722348787,-0.18098591758767668,-2.5652319997782715,1.7006201787123558,3.5925912699657054,-1.4814997590769998,-2.418544558396924,-0.11463360946200396,3.1919818562184687,-0.008696945883169604,1.5567754300500063,-2.2068821725285446,3.1498085746624866,1.2663896927802156,-4.527625432546998,0.1588482990026323,-3.429221868617333,3.3818007347206276
5537,1.2464856055803146,3.004883694971401,-1.0027721560251592,-0.7928578333795286,-0.8763377132200878,-1.5794015979248108,-5.886247906263826,2.895871176868731,-0.8403248934541354,2.286559532976586,-0.7677957995933289,2.3119378894667157,-2.997956772290115,3.9943050762464054,-0.9972602254719902,1.1851721487175197,0.7150122715967697,-1.8992724987983696,-4.779592464073321,-3.2812041613796055,2.8480374635772527,0.7707778169513064,2.2037980779387834,2.238183266983441,4.410718354087436,-1.3247200335162965,-5.686751383655597,-0.4564587653893506,3.508671499954424,-0.4514596714789878
5538,0.18614712482425055,0.665483036450496,0.02960061128877811,-0.5420049601892103,0.3697168767661454,-0.7089426891383148,-2.186598576512317,0.8917957954797231,0.38846896564089217,-2.4843450203880195,0.8481185952915835,2.5425602404888643,1.1920481981712854,-4.107147923845366,1.6457126688285193,2.669785975100986,-3.249637623830969,1.8492387055758002,-1.8703946530466382,-1.5392484919598406,3.342232974859467,-0.4935580843513998,2.992024215544303,-2.431055961048017,-0.38658318545282455,3.406374726595672,1.185339649836294,-0.8048106357421201,-2.927563191153567,-0.47275736408181857
5539,-0.06231934741691525,-2.3768063119819125,-2.0177164097364084,5.51700635423445,0.4674863188079339,-1.5276506039050002,-5.634251898244891,3.815630726264601,-0.26637614770241047,2.859859723039868,-0.4204681937054717,-0.354394209650966,3.906096060174985,0.5063177082353825,-2.3093808437254335,3.8729726792515784,-3.4985401804100213,-2.4774654235261977,-0.23874181383359527,-1.7450042652676299,-1.1654867072401238,-0.19055207236125682,-3.1704913926540765,6.510276251354561,-4.081472614374968,4.955925543156869,-0.04488785829997255,1.021745462629303,-3.3602462482716255,1.5089357151620497
5540,-0.18049827305676125,-0.08034272497616257,-2.2732993608513503,1.8516843707794628,-0.4379477312189999,1.1204037193259389,-0.470694510713745,0.21567296647955914,-0.32180777334255417,2.2641166459706916,-0.42669050204925796,-1.2605968263439813,2.323758043488283,-2.569716572860676,2.756778798227117,2.273211065146608,-2.134185950533789,-2.6498453834672784,-2.571193274078702,1.5532389247029474,0.42999541577421496,-0.130073023158789,-1.5199500406637831,2.237981997422004,4.641449149141248,-3.5029369648785043,-3.9301871332110494,0.43611815190778547,-0.7573664087204062,3.112923205762545
5541,-0.087185562666523,2.440644287697044,1.570832320266458,-3.9378973247074107,0.08936810591952993,-0.07576182650699437,3.7811215348799507,-1.0395724488190226,-1.217168414631391,3.5610258111063935,1.0707743476606133,-6.156180830195847,-1.3284125219940748,4.118272866447693,-3.4508321605428343,2.691031532202871,-2.437252645083486,0.4071929289701117,-1.8910637758841702,0.12017651525984796,2.4001862162215275,0.6642455731313044,2.422569356125738,-3.716113884856398,0.30259293437917734,2.2559420526994955,-1.1859525380106817,-0.03701336685238754,-0.5881029179423987,-0.7474661642715805
5542,0.9066437541335759,5.242399821488082,-4.355700473001804,-0.9516756907637358,-0.823280845749264,-0.018386566104725333,3.903654139156348,-4.857956417196544,0.5104366758402952,3.657452387683662,-0.247011289079345,-2.96657549640371,-2.458214914467119,-1.9949585094470947,2.573204614781247,4.096047263640273,-2.3371476042047306,0.1210691496976608,5.6357845424989925,-1.0339790201870507,2.565786179249809,0.8483816523621179,-2.4749545759598455,-5.541018777966151,4.891607426032991,3.090437613008639,-1.5782400501311393,-1.1620593520800924,-2.1359812881924274,-3.1057643486363276
5543,3.505127963082053,-4.776540920313696,2.613749504166041,1.1688377618841557,-0.7940514856221086,-1.7171228231943338,0.26968259380617354,5.729654895890597,0.09013516292689072,-0.9430909964789329,0.29688645151681037,-5.443268107660842,1.839235671008396,-3.966947527610632,1.7017243844537049,1.4763590477217932,-2.324591182216997,1.2742196066439533,-5.293391110044102,1.3107831208295142,2.352013508770387,1.1358254160164476,0.15068952576571704,0.3440795386599049,2.621364892436837,-3.9750220563376146,5.240781725823982,0.5783940979014437,-1.3038505488491783,-3.1616681109738156
5544,1.5647496759637356,-2.0209858292534832,-2.1114353919553075,0.3999244646985538,0.588147631616009,1.5795994489326226,4.126605600836303,-5.021403685866034,0.7434175347823055,3.6265530400800756,-0.9571218548206684,-2.5180506350112815,0.9670137175617697,-1.1057656266341382,0.49821541078244636,-1.4435034686147432,2.699276588356927,-1.6152366214520555,-0.5033864141104303,-1.8406729932617605,0.018257251779683514,0.22048598571417344,0.9224620979034928,1.1828540719727165,3.1081256445108316,-4.4294180370710805,3.219769984327158,1.1228859192018295,0.40029675593968506,-3.421660266906766
5545,-1.4357919412532052,-2.500687208661912,2.3548654636222857,0.2792207555212798,-0.03677884828458966,1.339171779058299,-3.888303354143016,1.9918244485102505,-0.04931092621511901,-1.3474469488611138,0.6213185863459731,2.6719181943637373,-0.8854622180742879,-4.085760360851879,3.8373162433832526,2.5225973345439066,-0.37993217497875875,-1.0087588240220597,-3.416282017447397,2.4122204307991773,3.0379792002044397,-0.035421570510826506,1.8243973116048249,-3.8228933546523685,2.290279209893427,-1.3396740337677535,-1.5117227372552868,0.4333841774102174,-3.3456879274429614,3.4734213111639995
5546,-2.9831893330393093,1.969164538061218,4.584546158408855,-1.757916240268841,0.663790217091778,-2.476395340251564,0.30817888016264305,-3.1287353410398637,-0.37549377305239595,0.3728258085679048,0.6568776558046237,2.166346769557819,-2.489368636955602,2.719186939566768,-0.6231782501793504,-0.6300981846013691,1.9766639188933226,-0.9532057867235935,1.3852964862976478,-1.9367211681148433,-1.859146977984464,-1.1132933348680565,-2.0993158304957245,5.623180825163288,2.5468150920000063,4.898663411207757,-4.912584363046289,1.0358410498613573,-2.5924117506732482,-0.9763234393479703
5547,2.4928624630425453,-4.001427832621349,-3.515864785487633,5.05252181832347,0.22217590011463262,-0.25026756336954037,-6.063054294899704,3.5397920191661285,0.08490333400726424,2.10881769794182,1.0661573790759507,-0.7366161352907561,-0.8861129538366406,1.6462914737563565,3.83892812916309,-3.8245283396011303,2.463542144361462,-3.238120453842967,-1.3401880040377065,-0.7691592382730725,3.937867205399492,0.47614770964742625,3.041638752612389,-5.346306425350676,-0.30327869770509963,1.2479413138682993,3.3869743081713217,-0.7466374893261261,-1.7437659357498454,-1.8412334992569228
5548,-3.0609969114676154,2.081882309314256,5.990698372206214,-4.271436177700654,0.47125271600906915,-1.2114003083591545,0.3166197543052718,-1.353040382321904,-0.5493870555159255,1.8511554156556755,1.0413940719164803,-1.3067418040388823,-1.9675311390983143,-0.7918070678727887,-2.6536480995347276,3.6275671999038472,2.2795960110681754,-0.49417690446605,-2.4705442871312755,0.9706884624849454,3.416319843811884,0.6301610356769274,-0.519713378560823,-2.026911676283749,-3.2282817416329017,0.9138044143595359,1.2917507915028033,-1.0995965705164128,1.157568037230785,0.9647550690578406
5549,-1.5331526327076777,3.1702765256706726,-2.0679654986505085,1.133429098751261,0.26910651988547096,-0.971694012947113,-4.277898784442485,-3.84336667048451,-0.8404663416708811,3.070844189976487,1.0391706021253277,4.851717004496756,-3.474299641222448,1.4977700541826948,-2.675573067772685,0.4554858848111003,3.408864119362139,0.7877526506393373,0.1872535843061165,0.2791544740784957,-2.6621313888605265,0.838134243010825,1.138151416201115,0.2194376712618471,2.054229758665965,0.26260470981893036,-2.110397804680751,-0.8976484238182305,1.8446022693775852,-1.1533905093618593
5550,-0.9454762059951047,-1.7211782652286516,-0.09569788457485018,0.3991583753472234,0.44768232429637367,1.9155116561571042,-3.0712801831917496,-1.052933557143291,0.5771832817110436,-2.1788606716730268,0.7164239509610493,5.009467179336642,-1.923054740979346,-1.9726129477851408,0.8876990505218245,-3.339496809451589,3.535898211072279,2.8115672366221105,-1.0034126957798648,0.47355505017955757,3.2990078578434847,-0.0653160774197179,-0.5031595748566033,-2.2006745599689594,0.19249504238594284,3.612353803541545,-5.672418211216566,0.7270720674771667,1.5341139184333379,-0.39361662061979885
5551,3.07506776056319,-5.58084562776402,5.7120927310061305,-2.138066981773882,-0.5132144627100323,-0.5550334193193223,-2.9020974030980433,4.79963687367507,0.23880705018722104,1.2693387983634103,-0.21736097196490878,-3.1883243471620943,0.45282027254303614,2.9199850994843857,-3.7024372588247587,2.145622228557336,1.6089516934193995,-3.4249420351792175,-3.515375484597751,2.609694610053836,0.3201214852475438,0.32180246580763416,-0.7286191238664657,0.9923760473530869,-1.8754446303115984,1.6679455209428582,3.1619398334118145,0.2763895644422707,-3.566459751215941,0.33562946273221783
5552,-3.1514040260886578,4.243760527439367,1.1937699016555285,-1.5938278093002793,-0.8765391710702488,0.18424057736635469,1.8433802044918046,-5.028982345212373,0.9883127633288744,0.6824482910491181,0.3127696995497624,1.2020713867934418,2.778842759618147,0.5185991672906667,-2.7095002244177717,0.46927929125042667,-1.1819001002189893,0.12467910647772307,-5.012626329598028,2.2006347515332827,2.8661177861717704,0.7531960154361341,2.8901943352202277,-3.697516558765514,-0.3657881672564933,-2.501924667799191,-1.3450307186757016,0.8778889299224231,-0.035439847686312476,3.3702944714969014
5553,-3.6714982481342275,-2.451514805117082,3.177519815412996,0.5738241087147493,0.9882679248667876,1.383401204258858,-4.4056030017494905,3.5116426369643214,0.8401637756508702,-0.28516154569558516,-0.43024672229914884,0.7692048571296439,-2.168398771522835,-2.746570276051676,2.295746237266183,-4.135235311385355,4.235981990806298,2.518476130887592,3.694049214496026,-1.7883134312713622,0.06282259459400663,0.9509462770948494,-2.6627432712533583,-0.25676138366227974,-3.8901274947939513,2.9179668350641954,1.7061129974390177,0.20090894980786445,2.0370648844584416,-2.9719261719739922
5554,2.9517049210413973,-4.391389800918741,-0.43623091162765704,3.998431731450129,-0.14044604840329789,-1.982069891539746,-2.9073664939189,2.49124085426768,0.979822010965365,-3.732433393188673,1.0959719711464624,2.072765050728684,-1.6236782149326778,3.607133762920249,1.646515878214064,0.6392549912502332,-3.4521846714334963,-0.8170417460181447,2.6869204171168946,0.6560845289319843,2.010644185566637,-0.9708646862727486,-0.5916898026691726,-3.7910946426757235,-1.3599240187240653,-0.6509499916546808,-1.25511637364378,0.4395369254674044,1.0427371213125767,1.7837163372441331
5555,-1.1311020424754865,3.8548108705115816,-0.6791878586725844,-1.5245463436341922,-0.8174828124517257,0.2975081867244871,6.151932963229623,-2.0089816387339283,-0.1645032379543201,0.8849199893008688,0.4183957726984495,-5.281763848540102,-0.15247813191849247,3.519499025539858,2.964420980321684,-3.890376195293106,-4.049824528045747,1.6087588493960467,4.622249880366219,0.7113831901798608,-1.6898094100941492,0.951039265729543,0.13273335721397572,-4.727596283397592,-4.581468577322301,-1.3673273848054315,5.285547936697476,0.0679626646656386,0.12464886551548737,0.4706364952507123
5556,-0.23432390927123237,5.343345973792193,-3.6549661886657745,-3.0384133602964454,-0.16215398962394256,1.7465114740672902,-0.3473165696228335,3.375458869508371,-0.14646683490354562,-0.48529957944547064,0.4068215163592859,-2.803197401895261,-4.191318299591616,-1.0822230844170413,2.291970249502139,2.6273079678733247,1.8963383259216293,-1.54207515928824,-1.677897403142957,0.9856671024047348,-1.6977034398012396,-0.7774622199722012,-1.6590040687457535,4.826400029255311,-0.42108500236568247,-2.6279840764796774,0.8218353042564743,-0.42121786196888955,1.9446208551715891,0.7038307813877562
5557,0.7309797974797334,-4.1325399060239825,5.466312300392772,-0.2452371461724212,0.6266952088840543,-2.446210254558067,4.488357897230475,-4.2679839039826675,0.84102965843703,-0.5727012957189661,0.479865674980843,-0.9685680309461979,0.36661409645428833,1.8566240452496174,-2.657880808823,-1.976909573572998,0.6746304139216441,1.7369218267706152,-1.1239346702200272,-0.028689190550473143,-1.6566054087078168,0.42929907721359406,-0.40345013422064113,2.7833803264832646,-4.17104548385449,4.729952317015368,-5.107606643959691,0.6838366426232696,2.9818231263272565,0.8830400418498776
5558,3.0333293502691774,-4.470094946978072,-2.8113376663075798,3.0319465458641943,-0.08847287627738187,1.3046295934317467,-2.506486076550164,-0.6170134563694525,0.3762789981477468,1.8679622927929493,-1.0244033086471265,1.903661550626584,2.670383195779756,-2.5100272726086192,-4.201839675480841,4.231046630681586,-1.8399183117341735,1.6503554333624209,3.164247491409835,-2.260434316933443,-3.899320696360819,1.1870326594154452,-2.4996017558177694,4.308076618284673,2.5688027132775026,-4.310127389672427,1.305242250204266,0.11876122456540639,0.8504638820850925,-0.5331426804582602
5559,2.658613806180874,-1.0365705723371939,1.4962770378340622,-3.999922638403824,-0.4304973321575707,1.3120996988857403,1.3348328807355223,-1.8214268553731472,-0.9826568145520689,0.1995482117014351,0.9218740470901192,0.3478285303986617,-0.20628216296337953,-1.706752113135062,-3.535963409450387,2.5207348000405894,1.9119044847557198,1.0163584007526296,1.4049295563692503,-2.0196934581254933,3.546202614707255,0.9314819469035438,-1.3239761702033341,-2.5389444896533,3.574376960855087,4.429794469292453,-6.156887017215297,-0.43288172173722206,-3.642298780848943,2.2278960896554736
5560,0.6474301091277699,0.03845107398513292,-4.94756729952806,3.784645869758407,-0.531125268453075,1.0081655151119069,-5.881908541529278,-0.3625013715533747,-1.0385816788625681,2.5824630696662965,-0.5218897445983366,5.2224182668777495,-0.1939748199546969,1.6122550600868202,2.4266196897079517,-2.0951786282008094,-0.3191108664560609,-1.4306104351830466,-3.3987909046873526,1.8379357171334334,2.501125745906581,-0.6659487816820997,1.6679130908933413,-1.9422348675659507,-3.3320380180754228,2.0295177299788243,-0.6828775009661889,-0.12005526008897771,1.158376440675351,0.9470766084779321
5561,-3.2230562334585873,3.242742926343471,-6.143043227252086,5.8504487011877835,-0.04652343624839683,0.31943126942993594,0.17395423980628522,-2.540031081058448,-0.06022071123824002,-2.57191913994226,-1.1743543710306459,6.172571063463824,-3.6941648542163747,0.12910107335959253,-2.555844414110929,-0.7132412898938298,3.2580909646679075,3.5760585201938078,2.5152057614142507,-2.207226225466375,-0.8762757252041187,-0.059071923241583946,-1.2489285510594144,1.8762966635551628,-1.6002836383463794,1.2885828362729903,1.7987843140027806,-0.06293242619516626,-2.1941970082572446,0.7700459225245222
5562,-3.363624935636693,-4.4830703300839865,5.290065655410423,3.274572234473613,-0.48084021830645374,-0.23710240585477926,4.128030866072784,-4.3976486839059135,-0.0875375351430483,1.362244513535174,-0.8539605226993068,-0.15112863785919473,0.7719828460853932,-0.020060511156252403,0.305339134957368,-0.132344263248811,-2.9512888831065904,2.0263716764690614,-1.4292782682195586,1.801024955344392,2.1841144040036404,0.25036771770743194,0.9452706155879689,-3.7514994244259405,-4.1583354876633205,-0.2938267244426207,3.403702234856638,-0.11309641500174283,-2.0641201169090646,3.225676509161584
5563,0.8770000762729069,3.978029636561022,-1.036963596918124,-1.4283141803188286,-0.2473931986466933,-2.1423587369481503,-5.533349491146215,4.671040629347942,0.6523626434845706,1.5643607405975217,0.2927077658360364,-1.6471222881193341,-2.194685806790666,2.5488791554120525,-3.0569430798184953,1.0966794988434536,3.353674145762728,-1.7476039134089127,-2.2542117432601394,-1.8608797852125942,3.129950336886438,-0.7861332173340596,2.317757139601367,-0.5464827306830848,1.6678010566587211,4.674821886368804,-0.2659676302977019,-0.6883064250527919,-2.5513716409900056,-2.83697724668556
5564,0.1710084718315823,0.647378084930267,4.003393233190533,-5.602398277523005,0.20538922578245167,0.5752292617902945,0.7694179925795694,4.986542060420998,-0.652280526936468,-1.2762392241307374,-0.9167430018058251,-2.910697300126998,-1.2167926482314968,-2.745885803582059,-0.2903253817432514,1.6454467392037735,-0.8953349799769548,3.5028920743301306,-2.109425422922101,-2.2881790552449583,-3.691418961665903,0.7879751309281158,3.243437388299391,4.057610920603366,4.889122057171715,-0.4377784675606904,-4.971700028614055,0.24137111083450336,3.4824592395302325,-3.203473911360282
5565,-1.8001369560332243,4.0617957847324355,0.390519367163229,-3.9856314870573684,-0.015335803382449553,1.3487890945795016,-2.5664052436733265,3.163311184933516,0.0288866263646117,2.509806325989569,0.20168057071442025,-3.3372794643282226,-2.0211448112791786,4.091956622108391,2.462727585067981,-1.6807286377729262,-2.1683360871198225,-0.6844746710043133,-4.791863482706713,-0.1399001287079198,2.219258338954866,0.0950393082937202,-3.1918824441257083,5.809348408289679,-3.302248836839439,-2.5277641844737424,2.1066447322922137,-0.9911956229666483,1.3544326308943688,3.3601312810946737
5566,-3.596225236343642,2.3121255147061994,4.990890296097636,-2.03279304943673,-0.07082723602886065,-1.6031702889925032,2.214789254022559,-5.621241954809612,-0.5942219351084876,-1.1052381418708954,-0.39750172388768057,5.503414501654696,-0.11113056775240437,-1.5643423918031552,-0.5143346513535114,-0.05726907803421355,-0.17784616057750924,2.4249228495209323,0.1419310532907474,0.3315418079630028,-1.033940167068593,-1.0004873463703081,0.4445036051532547,1.1164510470298517,0.19076349416329563,4.622227560694199,-4.300078543760971,-0.002514876924150755,-0.14394041661788037,-0.3664572175530534
5567,-0.7349087881897542,-1.0776958024729062,1.2940497396475834,-0.43494507553362993,0.29173456313331414,0.6617653634174694,3.0197042432955463,1.4749766318214697,0.23143823562646482,-3.071830814736133,-0.6076868528144699,-1.04660144319228,-3.3580633450167845,-3.2044806823373513,2.8353077704899405,3.406159907489581,1.295887814606985,-0.9748114652322446,-5.416985149538846,2.8481768361023434,-0.47558415324431813,-1.2316899323251667,-1.5248253408494072,5.800907739853358,2.7306308708449585,4.000817619885677,-3.3154380789855296,0.7667300969645572,-1.0378902111037789,-3.144850297604423
5568,0.6886211714673873,-3.8012500220760934,5.882376359117309,-4.41683684908757,-0.5482828317479329,2.1953721723289927,-6.017182807988558,3.207209920911115,-0.3980897416368272,1.5323950382892306,-0.5689170834186799,2.2445846738442974,0.9077685145024503,4.072904952939513,-3.1953169194070714,-3.9610681307872397,0.7348531145733972,1.4408584681790728,2.0901303454478146,3.027151961105922,-3.1913195296561785,-0.7707729991386731,-2.3402655206617435,1.1850757429008496,-1.663064405986045,-4.274992299087501,5.354737848003943,0.4347543153311211,2.7655911055093085,-2.6170265637693735
5569,0.7684522147142552,0.08037348559200908,1.0841483813185313,-0.9834061833373369,0.5364648734999138,-1.4860327717852915,-1.5078671926004077,3.282952643027791,0.09264882006188557,2.231630902497791,-0.399645569916939,-3.6997196030695747,-2.7508882447806666,-0.8036119315950465,3.101169395068819,-1.8803074739412953,-1.2559992580953967,3.589637513343721,-4.951665044417169,2.5736927206389844,3.3002620028809275,0.08697556712386145,-0.7488978618261388,-0.260367384402457,-0.45529302117686044,-4.453792691869047,2.0133903660011114,-0.9660591683954225,2.2641301726450074,1.5976243427966956
5570,-3.211390105233207,-4.4895328177006455,4.344071969598929,2.9434647859939673,0.816202026109194,-0.40281585876615367,-4.76828434354087,2.92116487094631,-0.7288390304060552,0.36181963164600894,-0.5546966359613741,2.7688355073165134,-1.5368749241762778,2.478654920715563,1.5149829230378629,-2.5553425867189876,2.1729357255908575,-2.074356058448876,-1.9108950265880225,2.040257803316404,3.1121858520294623,-0.5636629078618203,2.80798843910636,-5.4858741600043714,-4.339094390327352,-1.8990782691538222,4.000673038851179,0.9047330238579354,0.2996225711606346,1.033144025612895
5571,0.3963467476277831,-0.15432981620135777,3.67930985877501,-2.0617610305821508,0.1801368606904994,-2.039702620307718,-4.211936634549279,4.9692243532054725,0.5518234474852033,1.7545553991909308,1.170336924305424,-4.234003489637232,1.958299240783358,3.3778079788143884,-3.3520321736403655,-2.7054925402368486,-0.8089411289893,1.5303586232689383,3.58434134946895,0.6408877325324909,-1.100205354702986,-0.5510796534042832,2.4016496705407153,-4.975593744436864,4.417747315090281,-3.4101688740333103,2.978838854571272,1.1593949914934525,-3.241648430701538,-1.9041638564186822
5572,2.9504871943927142,0.6813443284222558,-4.190254634664051,-0.8733315041762957,-0.22025390503828324,1.652008521065719,-5.806842862275101,4.460733546246505,-0.8418885015992057,-1.8365746011821429,0.233924481716123,3.790647937094313,2.337642680737261,-1.618563648555785,0.20921609601485258,-2.4001466888772924,-0.1570618776117101,1.6289134382928054,2.880952793129925,0.39794132803987203,0.027581249057259782,0.026762226667009337,-0.4117723198241787,-2.9214652770718494,0.7447049291119576,4.888355549403997,-3.572161970170427,-0.6343332850022776,-3.41708765053116,1.9905224271893758
5573,-2.325585570806835,-0.015905806148641233,-2.928071930965494,2.699489320488425,0.33243617238185363,2.23763781505275,1.1937315197545502,0.018952498764644332,0.9330914768685883,0.7855385850050354,-0.24521028593529604,-2.6861037944570327,2.1909728184353057,-2.497388219274905,-1.8406581959721784,-2.4727032380893217,4.05751646842608,0.5622603664751598,4.094845134106592,0.8921175746505234,1.4412302566430313,-0.13226955499556414,-2.6253901043621433,-3.6705333060443834,2.2312892080321305,-4.384855443810542,2.107050370392951,-0.6455386086877724,1.9147445332657327,-1.2226900591910503
5574,-3.0724284910302533,5.433550178312846,-3.458154267545698,2.398807974245951,-0.862817277607193,-0.43895811637360893,3.2552009519207274,0.2103788701862115,0.6681704533564776,0.7752347243824964,0.5621634932521147,-5.471148493097537,3.771435795303802,0.918033313473881,-1.1269791168318495,-3.7502593495262175,2.660368700523378,-2.4725993429428623,-1.34035717661272,2.090954730066354,-2.1576967278294514,0.5431616411238664,1.2107965162985117,-0.34685898304852714,-0.9633203789453866,-1.6663563322868669,0.5055621652373148,-0.443471691461248,2.9257671645681107,-0.358180927110471
5575,1.112857520647136,-1.4449060615304674,-0.704509077994711,0.9736313726385681,-0.6303032411179679,0.6932294873594564,0.8038187487153081,1.0702563337408435,-0.34598375768771916,0.10454681859058645,-0.10366094657770031,-1.5289771967808434,-2.8871111163880467,2.2807260088349857,-0.6576436158708816,-0.803548921131636,3.781506862289305,-1.7139292177335879,-1.3093506195460982,-3.2794267724805906,2.4952425982342525,-0.1889489273591316,1.1776503883071765,1.1048333328424178,0.9716784354191752,1.181957847154834,-4.6349099134667355,0.850885518374854,-1.2112488346636887,2.841636947183016
5576,1.3232201437973181,-2.038289381733289,-4.507959860571507,3.0041952324988266,0.43558855921221884,1.783245306798463,-1.1372212323297788,2.517473585158001,0.409016550056748,-3.0945657360867465,1.1115153055369262,0.1937815276653403,-2.605722075431906,-2.3180677669264753,4.240165550886633,-3.2669307357122186,2.25646620130863,1.6940888258754825,1.1291326507762243,0.9394033653958616,-0.23912893948171465,0.2978675607606007,0.800877017812665,-2.9281516552656193,3.526382781042333,3.0085214836518688,-5.8952262395254955,-0.47417046317568,-0.017143327836851796,-0.14836423415473554
5577,2.878783127577133,1.1911678846721863,-3.592026336363059,2.1029830129336595,-0.7888175145320386,-1.7920901742858906,1.662506113179763,-0.36263807874323817,0.09529808578304877,-1.1374740981380036,-0.3455125273573527,0.08782050527624108,3.870084313898584,-0.23240295787543985,1.9005397701781241,1.562756427581629,-3.7559210638223632,-3.3450564899604025,5.911541862087631,1.5517627991350569,-3.480607449128657,-0.19522562952560207,-2.703521742315914,-1.0839498402544976,-4.869803853746484,-0.4296973747869117,2.729093587455626,0.8093061489642803,2.7412379186308122,-0.9801364265158519
5578,0.47335519068877474,0.6313197088612696,0.5044878053716282,-1.1489115839022652,0.3532775646214428,-0.8135286856388131,4.50265164496151,-0.6772138382254944,-0.7467409798428388,2.6659530890550585,0.3139629441007541,-6.05861286004853,-3.336595000982088,2.2523547070716035,0.6917785439454747,0.4636304569057863,2.2246013243244143,-2.2957700312650484,-4.795689684971002,1.7748978719177,-0.5580723913022698,0.974339019728542,-0.38524953495385716,2.9897747195789037,3.349136155169937,1.884803959622161,-0.4859578701412559,-0.5801889062400942,-1.3488198565615779,-2.8189734818477223
5579,-2.320293760790216,2.2635133832161642,4.142536765985962,-1.5670805465634068,-0.8331628208868826,-1.6855130209595437,2.6428227180979107,-2.9172084714945505,-1.2009794626885752,2.873883490687245,0.7812658132776065,-2.1797840878791632,1.616715110880289,-1.4163363055253182,-4.0894298762751,2.941232429881545,-0.2933899356057239,1.2412085766444605,2.623309822743586,-1.557273006467378,-0.9609757105544166,-0.2691227975022361,-1.6685872342100456,1.8326489259885044,-3.791635037190666,-4.847018826101998,3.800605358969925,-0.3134928963401782,2.1176381554329673,3.0339032452314036
5580,-1.3243776417795097,-0.5029325673400855,4.253628649264417,-3.7417482271366858,0.3528924818990853,0.9625373050948784,0.30951489587922865,-0.45173207768418777,0.45224293450171515,1.1135223496814994,0.5896910001337696,-2.0132391025115375,-3.4196545146307322,4.173560294469784,-1.7741494595322571,-1.1336595760411345,2.0093272220985092,0.14457603363599603,-0.45626965452201773,-0.6817450143307422,-1.541450222088729,0.009441615729896213,-1.6517401504616362,4.3217634256712465,1.2684691859962882,-3.6880199962276734,2.4365256392411325,1.072802871925039,0.0735189329918029,-1.1632966339251265
5581,-3.0267529499819794,-1.4148816835043867,2.9955808495839022,-1.0936166624872392,0.48683851611013784,2.052831930281654,-2.996585708691967,-0.6397039069643249,0.029337890663171606,1.583401304750712,0.12353473130327419,1.9000156889396322,1.7844337087338857,0.3521896124856845,-0.3688658903134474,-2.7800931373604865,-2.2870962162226025,3.299431922677119,-2.470475116224204,0.8087293080779219,-2.361517823634527,-0.1503871052473995,1.0181034240991824,3.1555473129270766,-0.5409942337712934,1.5361905254240504,2.1219335886928334,-0.40193290292805894,-0.7239901379398663,-1.9912068394761953
5582,-3.0080430436362526,3.841165509158177,5.787600818706871,-5.648079250196297,-0.05337681822141649,-0.9192672158090183,-6.007634898184637,4.383966097684667,-0.35183779283100236,0.9307457691278618,-0.444335332834612,1.4890961570382188,0.9703134064344425,0.8964656438542704,3.2630218313948625,-3.3102897140862204,-0.4770894204899321,-1.3424217471072168,2.812245439942277,-0.46755757255128394,3.9034066697400043,-0.4078725305823818,0.04058276409051054,-5.880804770641081,-1.72932674657919,2.845833908301966,3.059478637600357,0.31512213354446494,-0.8993254558891994,-3.591782476976915
5583,-1.4489930475719746,0.1969587313506871,-2.6539486373738086,1.9476697349095922,-0.08932227982758567,2.0476354985151133,-5.470068931145896,4.7784455078715595,-0.9812601708576096,3.1514443169037563,0.5570656521810529,-2.035626374952365,-2.161003544656811,2.155935391003574,-4.053185727493156,4.03069851059168,2.616769412604608,-2.5892140420496936,-4.573821024757514,1.1126105168452796,-2.202477548668515,0.3209071476350829,-1.005536109275754,6.348317018219461,-0.8968801170615031,-2.207422619481221,1.0786080272560739,0.861528021136988,-2.158801329660614,3.3229680178117498
5584,-2.5410359214653067,4.665014454433017,3.9546955969380093,-4.264980903074768,0.25432592213172134,-2.068019148960637,1.0805913629785913,-5.967610569809345,0.5031755404536788,-0.8085908553872834,0.45927872139477177,4.733155800370064,1.7616127672526396,-3.2006957220255075,3.405164841240513,2.854184984644508,-1.754072912727338,-3.0661939583845967,2.284466142265316,-3.2521346975350376,3.882259803429797,-0.6140314715423338,-3.083819756871021,0.7832599802512661,1.3807903120969307,-4.078798998967031,-1.7233237286124528,1.0468071930164458,1.4255411486715879,1.948984073795998
5585,-2.818816987736634,1.6142505232464117,-1.4658119890307333,1.5963231274125107,0.19626993509039048,0.877785391020085,3.907989899997517,4.860159262689979,-1.200988495910646,-3.4425315347615566,-0.8143705384123487,-3.31025859360248,-2.9959723300663192,1.5186112400926106,3.497750375903262,-1.5761640686633545,0.7284881654392592,-1.1727133827052505,-4.335371413233418,1.8908694423386567,-1.0204269981655152,1.235548965261473,-1.4700558784929978,3.6994358822897837,-4.398626622738982,4.098186848992146,-1.60564057893572,0.6500647497399328,-1.3644361450605054,2.620451748004591
5586,-3.7139105689216443,3.032497932822462,-0.7520500635323693,3.800324853722742,0.023122088301905208,-2.3899842423910513,-2.8427067019264527,-1.2589056111843107,0.4330565082932738,2.9268737307622814,-1.18900500907717,1.9306870831328382,3.9300912424751253,-1.0127662405854103,0.9716506961121887,-2.6372144328281912,-2.241265066312298,0.9895038011388291,-4.980100965023652,0.7885850712230287,1.6023717559012702,-0.9504851680277238,-1.3311252271002463,4.870754533025266,4.764797882844292,-0.988370293010771,-5.630983736147627,-0.15608173074124831,2.2522456947237544,-0.24160781766690675
5587,-3.321720125462372,5.241298367465301,-2.15357413067688,0.8529602950388799,-0.8644660884960325,0.24550168213313484,3.066501134194933,-3.0402718064946193,1.1033957938360421,3.2135317131881465,-0.601563825073753,-3.741593009650291,-2.161998166054584,3.1053664916103116,-4.124584682870982,2.372467154957569,-2.596254642173072,3.4050038445309774,-2.0869748739021503,0.22713229688205416,2.276380363979566,-0.6574431918285111,2.7615272399897624,-2.5206218351227676,3.6110473299104235,-2.30663088544436,-0.5218054406366548,0.7122280203859548,1.6390758662662215,-3.133914890480071
5588,-3.3869892770581647,5.3814547384183555,-5.901590902718297,3.5675287352681764,0.1072503456052103,0.23234636048674773,6.193868285923671,-1.8142413780625581,-0.0528972437545141,1.9967010381875028,-0.23834896657810045,-6.0850817357155265,3.548802473133229,-2.1644064342970175,0.4799624566343539,2.7579426898953017,-3.0444608303943053,-1.5778403549713147,1.39300817663419,0.9709763684566806,1.237938139341363,-0.33013886986767993,-2.1667518845887788,-1.105031929977823,2.6790952237723893,0.19710454609056072,-1.770934185338497,-0.8763753445566644,2.9652430444930147,-3.1941332844592996
5589,-2.2679159302009637,3.454600953824876,-5.938467117188939,3.6397374293858427,0.5728139622891377,0.5392307018920697,0.7865489990433261,0.9897087754162435,-0.7017546612227665,0.7737475234559081,-0.5589724377650409,-1.289278198927164,2.7111830596150845,-1.3557135676141598,0.1633242676229436,1.7941831185124322,-0.3238553621670377,-2.98912151596903,4.440811753341414,-2.7655008780385124,-3.759031128258231,0.3808552130467646,3.248734350042188,-1.5458693101356538,1.2393145725114927,4.854758428024599,-4.825573258158045,-0.8719367591180083,0.31609324597305744,-0.7126562292316141
5590,2.2169206830954984,-4.50377693475,5.611361773317029,-2.7339511950760205,0.050843517985383,-0.6413978445698838,-5.015902163073559,1.1525044012050039,0.4552170372900983,1.3451948157402782,-1.173801679102036,3.236787587940743,-2.7624894283565133,-3.620772128331515,3.038231161184669,1.10227630312896,-1.104855855695412,3.3476099480700228,-0.8893928190892559,-3.2045542592603855,1.778864525290654,-0.2610241877554973,-1.9464682700429545,4.522575010855395,-4.487538579589826,3.8680260661018906,1.8928838978895506,0.07887164650377088,-2.9961938319387045,1.6439508010347836
5591,-3.0153930008267853,3.0030634459482854,-2.544266328637061,5.072971147236849,-0.7933919661853261,-1.722983297533931,-0.99642760463259,3.487762516270294,0.006586327989849927,2.3021791939751886,0.30119206027709566,-5.101292493879274,-2.6833316442893533,0.21169040587373544,2.7651945772244524,3.4163272964677347,-2.2583513908707236,-1.4515292444056485,1.6258000188673236,-1.3039513756252532,-1.7949356084126649,0.2516194418866684,-3.1138178801390666,4.335285403420912,1.0890182666729054,-4.464492544099668,2.283692356173834,0.9077504903268476,-3.141049493436901,3.325080924364457
5592,0.5684899561107404,-3.614464743769883,2.700564641371141,1.1896355628127253,-0.044131910468924396,-0.8000935060537717,-3.175844487319619,-2.437873397097821,0.1796075227781211,0.624468341169905,0.4972136281268513,4.3124283923431435,-1.3276332776734439,-0.201374214736326,1.3072900151233995,-2.5925903079598864,3.4645508749542344,-0.6502430897078266,-1.999256827571287,1.1671154818640144,1.6753324303950805,-0.04759017456904591,-0.44798626415716924,-0.34761464596372704,1.5007853334403798,1.4506758668598856,-4.916206057665118,-0.4827893508483241,2.4173484162317926,0.030185791982846766
5593,-2.8975495645532554,-0.2916206603448295,-0.6202584495716295,2.622964521305132,-0.6378608819787184,1.8243250351453195,-5.674759050000567,5.889812313146816,0.11830916016739845,-1.5241579564113472,0.04032221935554681,1.1504733137427259,-2.702238303687608,-2.3889279174231657,3.982439329998943,0.5359250142207692,1.4480905056678388,-0.8752886287766248,1.005663288619047,-2.2199587521689494,0.2674250028869771,0.9401344510217671,1.165248702899456,-1.1585126932604446,4.570999628549792,1.373143911029537,-4.689066334074674,-1.1314638923528344,-1.883764157918037,1.760150844767736
5594,-3.2365949773152973,-1.3070166923638489,5.411606507993291,0.3498259054417687,-0.3703714203641564,-0.847449323389732,-4.593664694771821,1.2858715281768127,0.7772089963059914,1.4188692339798585,0.15056015141182844,0.9611547848978788,1.814382066822862,1.1547530182870211,1.549857082557942,-4.128376192782456,-1.5208200640662781,1.130204089181067,1.3148340861501744,-2.7415857349696946,-2.842115945184828,-0.3298692366530851,2.745572312538739,1.8531645181165537,-0.19123618931463682,-0.5371338802237418,-4.148996407008614,-0.4613987537189139,2.3824573899494688,2.956307840317937
5595,0.6972245848339842,-2.516232548297708,3.964392820399013,-4.035441108693362,-0.579641577533192,2.4696978292932634,-3.204756993526914,0.5350674149240042,-0.7318441654714629,3.6606887410519526,-0.5855506106844608,0.3263956137074402,0.3159215183938713,-3.0092954239409444,-1.0566027123657644,0.47103864108789395,1.6668545433313753,1.6120834334937406,-3.604789269333093,3.021598591314145,2.300562405183957,-0.9846230677648169,-0.9943756986674241,0.26162703926510744,-1.9226431938424362,-4.74007335053507,4.4312315559625475,-0.43484014837770335,2.004152009282098,0.6621731275120517
5596,-2.5634619264772116,1.790314521907785,-0.0035626779437407663,2.641891700534721,0.5034000142289297,-2.368581632248481,-0.4195380598320817,-1.587033184653869,1.1033148588307844,2.86786187977086,0.7337416578381628,-2.698347151953282,1.0509947793264232,-3.5007110903805145,1.081339648208985,0.04643629503885549,-2.129793320906641,3.451733688713091,3.942986389018067,-1.0739192760053502,-2.461093210287947,1.001712853046235,1.6199398401855305,-3.029626595958689,-3.8250837232383503,3.808434697564966,-2.6649475458407927,0.8917879100701569,1.5160446966554062,0.2737639647900725
5597,2.1584991033121597,-5.652096888344481,1.6875825240255011,1.9567932819621703,0.603906867097237,-0.7546848880505816,-4.333187482801357,2.561118199669135,-0.4393015985435582,-0.34931688913046877,-0.7567068894665017,3.317394660273308,-3.3934127576497914,1.8418139412748893,1.2358921204893747,-1.829099754402872,-1.394027143640571,3.5388335939291586,0.7282718807079149,-0.1755327490216878,0.20622272113229556,0.8233782507562548,2.3390202807702885,-3.9213603843472455,-0.04540209112667881,-0.17862910892014838,2.6251441493205974,0.5570111191559084,-2.1246181076296153,-0.8335059607985684
5598,0.9236587353195294,-5.206908138707796,5.851248285353844,-2.365910671309166,0.3662612067309019,0.4316505826146688,-2.150357041102648,-1.7935460225277424,-0.39842895982202986,0.023623265732272358,0.1689251856068843,4.149783572113801,2.7576932447255267,1.3302855518547752,-1.7663576726663148,-2.7131210329689477,-0.20658929266757298,0.5980892017227077,1.20533284887005,-3.3765930656173317,1.9358390206093965,-0.23808996280700434,1.8045884565580188,-1.3310772976153231,0.5108543012640538,2.968896805694097,-0.5419806313649786,-0.70736131226084,0.9346531792889969,-3.165062342619816
5599,1.3269963180703144,-1.8730898443301172,4.918155188519965,-5.129382660081156,-0.5033476200161824,1.260668617839169,1.7627775230687988,-1.9621084187978681,0.3176943844920075,2.931984209925787,-1.0707045402100852,-1.979643158478119,-3.7749368618064647,-1.0493661152899278,1.9402282690436188,0.780730275382993,2.699669097165284,-0.5963246644953326,-5.902446812708362,3.1684812476322186,-3.1494165470844813,-0.8461132558966122,1.7853965776845282,4.944098790370507,-2.4883006157347225,4.0327558255590645,1.323730576337148,0.9958518285246694,-2.6423017428849267,-1.22173587179973
5600,-0.720324464994885,-5.0251685800744745,2.203468448401118,2.0845132284847097,-0.47757070410779656,1.9350820722933495,-4.337177210302205,5.929560898213211,-0.6195312259907162,-1.9639382992972525,1.055202957077566,-0.06411711970006095,0.8172019306526259,0.7845167036587952,2.2973575891099074,0.03272878993643147,-4.0927213112794565,0.1609162979218972,0.12452886840484112,-2.606608601037415,-0.4526648633044008,0.9134805802844834,-0.26644686755106406,2.2877108832013633,-4.831333715875104,2.5028007429465653,1.9677802791268846,-0.000968736974272133,-0.01008006066531486,0.37180149144275987
5601,-1.879761842779656,2.9723540664568446,-1.6646311504316422,1.9220795902505188,0.8545058528984013,-2.2045465163924627,-3.9961257933644347,-2.5688352912150343,0.229269926804462,0.10291006159881455,0.5680388125838594,5.664742283592876,-2.5346463641477435,-3.6499376029613178,3.2453966941515873,-1.6833958486733902,3.0953620545515186,1.5272210670795232,2.9033985212657925,-0.851355188672926,-3.199511429175926,1.1166448850717412,3.136291441166051,-3.1054682296569425,2.922562433498822,4.463914566239907,-3.7043614588912703,0.2882293802262339,-0.44219504021818246,-3.528149880853981
5602,-1.5527118827258857,0.5522635196597996,1.9591632337221476,1.4418915807013697,-0.37450128301615204,-2.0261051683392752,-3.3929366935833443,4.807132890476943,0.8644174608349129,-1.703353621570745,0.8224319246404503,-1.397691960797669,-3.2317229740457414,-0.3648672388542131,3.4990961584803095,-0.6852450084063229,-1.0006700241399127,1.7834090869660457,-1.811796128708174,-0.8322355416964271,1.5244677886139755,0.6055942065606175,2.184998541781118,-1.6710288665533177,0.47269141111618396,0.6915107466585653,-0.20857148375882062,-1.084083154081081,-2.9488768073688973,3.0773292874355676
5603,0.8228781514817634,-1.9240262204503082,-3.4617713389022597,2.9790671574918868,-0.2633019652080888,1.8471542155890361,-0.792498398400781,-2.8552164363809,-0.49560325568479513,-1.2258469398152005,1.0096527301871205,4.3595123000950835,4.145025398888773,-0.14953700774032086,-2.539999429352214,-2.0628436640338528,-0.15554951329788125,0.7629042155356949,-2.3493077475324995,-3.481012911200576,-1.22368583686659,1.0761616571742145,1.2416764925409858,4.736168345882259,-2.5556661627230888,4.8633563729454465,1.7379092736091373,0.5394354095792293,-3.178455485764797,-1.4065794076443954
5604,-2.1269295680663785,3.105645953681872,-1.9939860984224183,1.6838096626070609,0.3945326769169091,-1.0630726267150283,4.157190233951447,3.170048537390514,-0.08712428198405942,-2.38060675828274,0.3403536566607279,-5.199861387735346,-0.43609864654508357,-1.3544954821952064,1.1126180536596095,-3.0507203684025583,1.0163165001706673,2.7123799433127864,2.077580692346487,-1.310702471697951,-0.5389337116023647,0.18039144593587153,2.721685165412378,-3.1300211203966235,0.30039117824069805,1.1637999410261664,0.8462048802221638,-0.010810525364094659,-0.230667334471784,-2.0689181396516254
5605,1.3427927935438007,4.8248694012332365,-1.1756470268671002,-3.553798987167898,0.05987671178024101,-1.4980928925202743,-4.350677505662212,2.9420509088171265,-0.46029126978728563,1.736265842580412,1.1173542120635869,-0.9847021880110916,0.8652191158687295,1.6360706219549748,-2.052821890979054,1.086157205399786,-4.106859170846933,2.572234118602701,-3.8665001698214247,-0.5507318680656876,1.5209621107877815,1.1396886512587674,0.6850441792962343,1.0715370965421052,-3.962548668891994,-4.572525942539871,3.3378349208152436,0.2304673751736157,2.4140397610206286,2.5527325544239012
5606,2.8301851332714243,0.7798631865523333,-5.507276519936269,2.599771122925141,0.5903184715015719,-1.292861394312176,0.35599562848932464,-1.1795750573809762,0.1602083283095963,-1.9436221046643158,-1.2162609117504215,3.823254116997301,1.4585314094118722,0.9052897912842326,-3.196054889455052,-3.179837451880463,2.83736590520385,1.1747052354357876,-0.1577755069095872,2.229691075091722,-1.6742077165831724,-1.2497549607626524,2.57469241080649,-1.7226453016450556,-1.040443282471756,2.3425675907817585,-1.3443118569694512,0.040439129008126073,0.6431915922984093,-0.641443172645559
5607,-1.607569488479026,4.298734046033516,2.642977712894755,-4.051158968084106,0.45777680874060733,-1.740760111103743,-1.9421703076944254,-1.6271587362428264,-0.252959991057665,-1.7891035679561877,1.1714409131178858,4.43995168983372,0.040991715506596194,2.0933119715556074,-2.02342027736292,-3.61448559269288,2.152294028955769,1.3513081540380547,-3.0467420331976847,1.646652043323586,0.9722038953485956,-1.0874728414378794,-2.5465403908840347,4.061899326845136,0.2763152255457335,2.640721315605962,-1.2000430645004627,-0.7432627023232241,0.9644820886227397,-1.9382128629492286
5608,-0.37588143062721713,0.37882184757900816,-1.2394855033519576,0.6646381729878996,-0.9348012417485005,1.5067081551628068,-4.017231516807456,-0.39123368821234195,-0.6176907730737904,0.009074143981862903,0.4362438406147682,4.580837993497454,-1.2756811023217125,-1.603956914586016,-1.6717121749396728,3.8766366680361806,2.4776473104850503,-1.8029337866735915,-0.9011534838627746,0.9436865423240643,-0.5871785251501471,-0.46945155935109906,1.3047317652512298,-0.290634739213516,1.807369581010569,-0.8838701443067833,-5.960098575062403,0.49316215960129206,2.6556202057967973,1.8878167729620436
5609,0.7721323172148971,4.459662476944278,-5.547370068477228,1.4768614117013463,-0.4896435678930686,-0.6716425694881423,-2.3683213574480035,-0.3019114853134077,-0.36377184364094184,3.3094902950075635,-0.9498386669074232,0.6743530583027137,1.6196632566208287,3.9598317809359074,-3.7796104125992773,1.9037327737981862,0.015445077582473488,-3.7190624763379,3.66172378621377,-0.951166332212571,-3.564048952917382,0.3513267728589673,2.1540599942511935,-1.6518952681962098,-2.6127870605292145,-4.112640333807059,6.03182757467,0.8606398984080723,3.3955634306636604,-3.5626035094039654
5610,3.258732423622522,-2.1347834328141353,3.9142052057430696,-3.3839408616476447,0.1137537018447925,-1.7679670367465548,0.24299791695966988,5.993338458196444,0.9781632599949646,-3.7309232052853023,0.9879254915113158,-4.4715019213765395,-2.480836323869717,-0.24699591616862548,1.9405302954081591,-0.7689090615610787,2.109211624960224,-0.5530006187687349,4.211661855191359,-1.4404715570631872,2.8420676634228066,-0.576155153573052,0.3611716663493265,-5.39827447432949,1.862497044974532,-2.8240442816248326,-0.244964910235268,1.053392506921302,0.5286754756861853,-0.37555583572039275
5611,1.7332779006217116,-2.139768980991679,-2.5749027813675873,3.310186631085905,0.3324512446654273,-0.6612440140117855,2.3701357754667782,-3.611642116878439,0.09143054659297611,-3.2794806201708298,-1.217176194536814,5.64673260952684,-4.147897777721138,-2.5172958894798025,3.278227465196519,3.637493384885758,2.259187552427246,-2.509714735308357,-1.8184625762986215,-1.1237957265645626,2.714388355131508,0.41977946733064275,2.5194543572216137,-2.7113638768228014,-2.0445557848063203,4.229714586780766,-5.256962083836566,0.9835280757893248,2.2353290858232455,-0.14705387974895245
5612,-1.7086496741684396,0.15313890639994554,4.9623156717089785,-3.9151757930754414,0.5875898599560676,-0.07921897081906693,2.311492290260972,-5.593484946816293,-0.9746618910086129,1.6018208996281302,0.6904016375982307,1.964432010338104,3.6266378613482786,1.6725945666891597,-4.239944078231016,-1.8451308947542149,0.2830569172995894,0.5027856276484499,5.0787622289122325,-1.6868763616007616,2.8945495923095024,-1.198915695665281,1.4424422963915582,-6.529962060349511,3.3363972278503837,-3.852855631393865,1.696596600263959,0.31421010461590626,-1.1949739453489538,-0.29937435598596096
5613,2.2876152438690234,-1.2587504221735344,-5.455229631826711,5.98361636822408,0.5146149161311953,-2.0718664742220145,-4.770252036346541,5.269122035547827,0.7759772898238513,0.11222021177785813,0.7215159740412904,-2.108583474843744,-4.067027168132727,-2.142661829523405,-0.025711822835685183,0.2518051467895397,3.3376761366733483,2.64591953702919,6.056807532897828,0.8709098687335075,-0.7294477117818836,-0.5219438461204522,0.6002542546719365,-6.276580098403212,-2.258131072480996,2.575635173283043,0.9947027689703631,-0.14525813189402292,-1.1491588665036296,-0.017789871373276256
5614,3.6017576850888915,2.6032416397628175,1.6394082950759312,-6.02605957844246,-0.21061622814479053,-1.6077318133383738,-5.185593445756801,5.404055137929454,-1.2102005321454166,3.7114928090917694,-1.127308189938991,-1.5924457791794673,-2.940745655746815,-2.0565154713235945,4.09365894662233,-1.5568931710915024,-0.9262550098888198,3.3867503614286605,-0.42127334184405996,1.5452419989131414,1.4917924029563245,-0.9469171691703524,-3.1055439405573395,1.4367000497000113,-1.812765978126535,2.869357288582556,-2.4167432800404356,0.4352086392623402,1.3414643099817845,-0.416520979658241
5615,1.8210472296862505,2.6130515198642428,2.6868730857559378,-5.295422973925195,0.5655642214751286,-2.391113082854357,4.853376407305248,2.4415303840993303,-0.047067431678511795,-3.675406247431086,0.08949865558969883,-3.661931767884113,-2.1503453220573654,4.166171972195386,-3.164248969580056,3.4435383844976535,-3.881262516318248,1.5861464512628913,0.8895275517727725,3.2294215616599438,-3.5466513214207023,0.5930930919346684,-0.017017647684303583,-1.1483732362646677,0.32789676819073676,0.009952097539581928,2.331457998678843,-0.6304938754709868,-0.49182579986469044,-1.5469871890720412
5616,-2.41796722880877,1.3234605376404112,2.444684504962755,-3.1462567158601615,-0.2546939642579158,2.050772866325701,-1.453345717228082,-1.423687927897788,1.0607370056798828,1.0717431257893004,-0.24482095417348493,0.9893744678307357,-1.2035973962850228,0.6295170071561067,1.0409939664601957,-2.920877367591288,3.530238148825376,-1.076274358565092,4.260340156052731,1.081652463186062,1.5143855716019594,-0.753987872282214,0.3375868554160135,-6.439977173976832,-4.887267120864335,0.010158991921702665,4.0584457188296525,-1.2043430998847255,-1.2610431850658053,3.28404869506495
5617,0.005040143969193167,-0.7881028215798196,3.492487490394449,-3.0952270643759014,-0.5173277643656893,0.9031300159597873,-4.137553862397787,3.292075514510472,-0.6244117144350758,1.2209895818540488,0.015360811692273657,0.23353966877665044,1.787235535363358,-2.1202885697464318,-1.3452406987417458,4.182756854284708,-0.2905268945395285,-2.21393622662009,0.1968223239887763,-0.28135357398987004,-0.9385461913924242,-0.5675033656297614,-1.1410997987078773,2.7316806057288794,-4.690819200423716,1.0166340579766917,0.7971891872514121,1.0875262093444187,3.361426313600525,-1.5719565677479235
5618,-0.289203147918041,2.471742570772797,3.1849039003446613,-4.1454297868171075,-0.900622018536938,-0.3213915178433844,5.442794853426154,-5.806835637658786,0.986271379891372,-0.5846808968926158,0.7867739139499239,-0.8243236127154638,-3.5193974818098805,2.3155630149062816,-3.6179378075051787,0.1292743398586964,1.8462704205652507,2.8462275139850988,-5.444854511331027,0.18985927596524377,0.46279381977522505,0.13839849173435415,0.5829868653535755,4.070816058500359,1.011660006296509,1.4134009696144645,-5.943821067253513,-1.2046532210415242,1.3043559074980209,3.4190574048874467
5619,-3.6479160597555147,2.750645736469899,4.3002934742127294,-3.0253106427407346,0.924155121999843,-1.3018676301842174,3.5082548005882437,2.601214568140115,0.07474137671741854,-3.302291558007715,-0.9213752175069541,-1.9605439699305194,-3.294435760305772,3.5310948407341805,1.767885903725805,3.9895751105483264,-3.202133514207146,-2.791986580495127,0.31208802820022896,1.3129649301641848,-1.9654309704307398,0.5723867382764505,2.181301688041499,-2.4133104142538784,1.11723775189326,-2.9673466930322654,2.46754301788539,0.7389076496123446,-1.0915921661548822,-0.2647495602024179
5620,3.41778887118949,-5.212727567558254,2.572862389748682,0.12666934127496887,-0.027924692326181333,-0.8766683423266883,5.28639230007003,-4.461166597083629,0.7962935487316134,-3.304466517356392,0.9365138066204208,0.7464334590185508,-0.4000505687922704,-1.704171234706502,-0.11949321342925145,0.8135928337526899,-1.2285647051866384,2.6386868883622583,-4.826995936248625,3.4110165453337267,1.659921336639215,-0.026035080400821364,1.145476783195475,-1.3633836485212107,-3.3097719224094284,3.1870724085532096,-4.994772834499997,0.9759035146487358,3.0797403910274177,1.061828442681506
5621,-2.5944707582839612,1.7465450673639467,0.9948788266062891,-0.8152986121487551,0.09829421517376513,0.5700512612907325,0.6938349455356381,0.9087585880671405,-0.9274722265337507,1.578546200409285,-0.7993048644588754,-1.4543626430188539,0.8909187114305794,4.0592507969215355,0.6750003436843706,1.7155620812964187,-3.7188329255669643,-3.621899007765622,0.7055217422542306,1.3111920464328168,-3.615224053622283,-0.6604671980902301,-0.6002215374529438,2.85919900047616,4.865743899515483,-3.732648547748944,3.8360213365773603,0.7527494026158124,-2.7498942147817402,-2.9719718761764984
5622,-1.1713655481227345,5.086496512948035,3.8511803177505612,-6.020587921378848,-0.15510093903976907,-1.5906224221552598,-5.634711715918087,2.997823297322892,0.20631022807638022,-3.6540078065531176,1.0240172317210696,5.060568765351501,-4.2025266428529395,-1.396362516071786,4.0285986201492285,1.1945970826149122,2.155119100528566,-1.7794256443676648,5.445884819348734,-1.9615092279833508,3.9453089940608983,-0.1481843630931623,-2.139299566359414,-5.142200655975916,-1.8499666776887338,-2.4467518017150844,0.3245784631067288,-1.0188668476455836,2.837074223388793,2.1539326405553005
5623,-0.20009335813245244,-2.561357462395435,-1.8964740381285026,4.478433532227367,-0.5872489680426292,0.7667402944736637,3.262026677187393,-5.996172351306512,0.9094674562890797,-0.4483368829065526,-0.6598257047486769,2.932840805485931,0.351078841917829,-1.3849103972876797,0.30255968968127434,-2.7109522602623866,0.8291507914436913,2.6130733345075683,-3.9640025383757873,-1.8000460804481477,2.823705070098267,0.11857534624807009,-1.604576430624709,4.426344633100076,4.042419638411147,-3.7267552478549746,-2.876249029830177,0.615501055561527,-1.2344145988454898,3.1794981825594206
5624,2.1102838407609426,0.09796426405236858,1.245601738432157,-4.382219696278817,0.35780467159143026,0.5705651814439499,4.449357045549476,-2.7504786343284806,0.3401804429266866,2.7078663696225824,0.5156356036736565,-5.262560827443256,-1.9145496551685248,-2.3884783441231683,0.6747238987754329,-0.17859428681471812,3.9904338919705395,-0.18353550463927348,-5.219633036226799,1.2742901266502464,-2.1194775106464956,0.779316605052685,-1.3227382103608125,6.608242025528945,-0.9591214406915718,4.506737877878464,-5.574058346406915,-1.1782289288002712,2.017349016520029,1.187321821501719
5625,-3.126198002816446,-0.07016059578606715,4.730974442820568,-2.252574418076353,-0.9962871899516388,1.7142457638119666,2.965860845866743,-5.273701296922756,0.16515611153227017,1.984142504895246,0.6174454660351048,-0.4589036314059385,-0.7334257241901838,1.4821526183016864,-3.730600661292641,-0.2052502929509572,3.5491125233831617,-0.361988463250821,-2.944422102653217,3.039478126953547,-3.092165692665697,-0.6830479169674826,-3.0564942240902955,6.736651809420884,4.00866847975124,-2.491257447910538,-2.3572287858311753,0.9329370334860885,3.4917968220820974,-3.584916101576267
5626,-1.1546573817695656,-0.9301950747025067,-1.846693550966208,3.8263414078864635,-0.15831834598535144,0.2635229455391599,1.4893398106081435,-1.0454266421482004,-0.6408085137988486,-1.878810629461933,-0.20057422888057097,2.2762802036820986,-3.9048737682629504,2.9172358734840316,2.0042817915760622,0.04817797513371502,-0.5533938612884519,-0.5114280106421418,3.013048808730545,-2.656002981618297,3.360702005999574,-0.025863277007821317,-2.6525683637673723,-1.0393161923388838,0.16716632453308478,-1.2419162794491037,-1.2795206147749951,1.1654495656560568,2.7234956733482676,-1.5346746693118707
5627,0.80738986604681,-0.007138755437246402,2.767166713564624,-5.532989912164048,0.21336027609506347,1.7522118118967906,-5.820374500976481,1.4662085758446288,-0.37917930392405985,-0.7871148622940112,0.14343092029664817,5.377029171053991,-0.4959741204422343,2.057251963921246,1.1957753732282868,-4.078436196990468,3.864209305866698,-2.542826325583249,-2.56673525819307,-1.1922970349115403,-0.24333785569595534,-1.0190453837288436,0.7974110025814785,4.224004529945688,-0.705124475408951,-3.308849642281249,5.530263733285068,0.9891130071638248,-2.604940788758535,0.0995381660012793
5628,-0.3427745453925475,4.068404166388667,-3.6115910080405023,-0.402663879466445,0.5377926435482263,-0.24916737703540548,-4.579765531384641,-1.5651037234247838,-0.9837194654543815,2.8163841286817863,-0.9816283094296203,5.293832901012337,2.0492996406399975,1.4927968517120789,-3.1888849532449672,-2.1546089729533406,4.224085931536649,-2.422688497690107,-2.898255555794144,-1.1762301052479458,0.35028060533076655,0.10983574724088285,-1.6076940048890727,5.222063313357246,3.165119465226077,2.187586385399804,-2.6678870994446235,-1.1807345433693062,0.35733162779314753,-1.8614158356036423
5629,-1.08146937308363,-4.526808758863417,4.865868520254022,1.6576219261999974,0.7557604114375831,-1.6709727259425673,1.6467574206218103,5.440439075819949,-1.130285036030422,-1.9346725989827487,0.593263337461666,-4.615502198889541,-1.7393570621504182,1.7055860948253532,0.08069190460163966,-2.6992338899263704,-0.4193994502783447,3.0717124029284264,-4.011106460712586,2.0185331009512666,1.0883781154256944,-0.6589472193878958,0.3345967182600784,1.2285457454611652,-1.2668645737405377,0.6819870881800227,-0.8099280595793381,-0.7087774346435323,-1.0211017530668265,3.1246847328516765
5630,2.527115181747309,1.246738799387181,1.781022616876129,-5.941516858966416,0.4647122364515437,-0.078071975493744,-0.08534991827878713,5.207980782934747,0.7182865100563749,-0.05013517465835804,-0.8866988647889853,-4.904083335264257,2.934167315356241,0.45683559498336024,-0.882538709705571,3.510757591907023,-2.3083486384606733,-3.710873154080117,-3.055181083455153,1.5864944509531114,3.147618610179528,-0.5299162567672191,-0.47516582925382167,-0.6738498916586977,-0.7938247565277479,-4.263583079446006,5.684420949217351,1.131825860461836,1.7679145574248487,-3.526753531128829
5631,-2.6180080006414066,-5.051129749683792,5.855232079676817,-0.8697149072976096,0.2023728080350362,2.481247769912949,3.611440422367341,-4.247809995085728,-0.2593644946325089,-1.4218834699866552,1.1066060479301205,1.2110114894081612,3.563805880724029,3.531077295640358,-4.012659969430121,-0.48124801680947726,-1.7946821542873668,-0.8062930358371805,-4.283373747691677,0.19653221685432953,0.01175202965913158,-1.0503067850524488,-0.4677579998880823,5.593154286116523,0.47428313515800014,-0.3455481930604982,-5.881840768140961,0.5033287339901937,2.7100293274151532,2.5397477646396105
5632,3.261765951326545,2.305908958110116,-3.272421433412241,0.44096408728684366,-0.7635107416596973,-1.9727068216495702,-1.4033673785366716,2.0326546990212897,-0.8806628941387746,-0.6377911195048576,0.864862200988326,0.024304492171410175,3.8879767194599175,-4.0183527762460365,3.0843151423054884,2.0242951882429026,-3.330023752550641,-1.6482105212114213,0.4654134120200517,0.4679533785139398,-3.0262295001083324,0.8049363718936755,0.060480901800133324,1.2274454358782805,-4.999305559770674,4.412270712830924,2.469385163570486,0.36709191744759373,-2.5536305017152934,0.3041882676384642
5633,0.22643127232426785,2.2151219446609396,0.2613817453056555,-3.6688149355689,-0.5730271832978857,1.5389071565779222,0.48783905178716935,0.48326129029268117,-1.1256056257477831,-1.1110487583635926,-1.2386853578097132,2.504239399841925,-3.3263586885117906,-1.5198891483129238,2.9910819453593014,-4.17161984178059,3.39113224999344,2.6356534832527743,1.3061357163157652,-0.3887171651262129,-0.9241036173440236,0.6477686929706508,1.1504893285283089,-1.7915729553467443,1.6535411237340583,1.9330912725781637,-5.114856473540165,0.40303844464640637,-0.25425196402196626,1.379437596604987
5634,3.4740939340191836,1.8879303724791363,-0.30370427048709914,-3.1009102978336642,-0.9149547201465911,-1.0424550180289938,-4.412874001058238,4.27992293035917,-0.1919411835424274,-0.5084389458796483,-1.1771733780951257,2.010504578216967,1.9742891655002595,3.505078039883383,-4.230200369011561,-0.4079303481788834,-2.069225262856559,1.227988774663558,3.4317394775185264,1.4581404708861534,-2.3234796670428146,1.1536975617180438,-2.3233197068500537,-1.3967781362321254,-0.7536526466223243,-4.855418686949369,5.19274650165281,0.2665299891169779,-2.6079589363988234,2.757753779202215
5635,1.3299828993377858,-4.265071568395822,3.0985247737937947,-0.4102055314937516,-0.9975654551541504,1.244334881914133,-4.615897960282371,4.304409062265957,1.2290907611705473,-3.5070490181508145,1.1734592969622728,1.4159878580351126,-1.8809831190598203,-1.9191448911758044,1.2094979483852306,-1.7599653612572776,2.883252984806557,1.4673424383012978,-5.667402283616504,1.969249350881178,-0.3568595053430972,0.19561628573225143,0.23133057278218416,3.6280655795616923,-1.401490597102221,-3.3621704005543727,4.932906054667729,-1.1277855862238106,3.4868630642797243,-2.528322535065554
5636,1.465184497117555,-0.30039475739968324,-0.8048513676623443,-2.5899265039517623,0.9490042513136121,1.2809838805846088,-5.575448685575147,4.095429530637517,1.1855179276101246,-2.149852305538868,-0.1693594083684662,2.6137129412355264,-3.0055451500748678,1.4655285971581797,-2.0584389673534513,0.2805624534847304,2.449716745579245,0.8681763212063149,2.378142796649641,-0.847189649254954,-0.6926917185908295,-0.8692439144409434,2.8568282561256026,-2.8258457704908047,-2.912095190138576,-3.2533042383767032,4.55141212326458,0.9760839191773991,1.0939461745701031,-0.4560427884952709
5637,-1.5068240103773096,-4.173455962874311,0.36125960030906157,5.282996844917033,0.6676904751882091,-0.6316669471607028,5.099948742418,-4.5084168664915545,1.098334640223607,3.2026930338125155,0.5885347771285954,-5.481094327090457,3.594274934052052,-2.68641632441123,2.6223251702724717,-0.017702602580428106,-2.3242854068339867,-1.1881957704987087,1.1213964996336259,-1.8461636039715543,0.36571782207227344,0.5045871149148464,0.7163146119513133,-0.8618524446027855,2.8813910606036934,4.714771524180588,-5.557340218802906,-0.8796433622447575,0.2340390456645416,-1.3932180493996302
5638,-2.0253457883925226,0.7165486177135634,-0.4067234344186659,0.7991599202399904,0.11978404655178831,0.7965766383078243,-0.11079262621361607,1.8279342951824482,0.5493674446402119,-2.5028563271409183,-0.08362491600502864,0.3199721295376321,4.187329279579625,1.166863925427922,-3.6537198431443247,-0.050486027851100346,-0.32470221661625587,-1.325285117395694,3.7528931333168174,2.1251454322404513,-1.7057124700026982,0.003295999977526165,0.0038952260748512657,-4.179517321609218,-3.3292593251392475,2.837194732908152,4.666793801877549,-0.17392256223569813,-0.7727591399862384,-3.228047507422959
5639,2.3013860788740885,-3.152246854280346,3.7295764913841865,-3.43619230099209,-0.5685573719083996,1.126033956924525,3.67793540108336,0.46766602851498007,-1.0851604722235653,2.666101178038602,0.07157443982889156,-5.7981165752415365,-2.404602005336306,-1.26053593068929,-2.8566499530517593,3.2251091588858394,2.4894868197188487,0.8071919104728202,-4.754272404613918,3.307242461686446,2.342463844011501,1.060095566867023,1.679298315155382,-3.634827783108708,2.093570172799428,-4.685233063050402,2.48231786084747,-0.7128653129579883,-1.4751083608030733,2.2973187031661233
5640,1.2882318272001712,2.2006061996930733,2.4597050836337075,-5.1746058386061655,0.00543430664704303,-0.7793715785658488,2.1220331173477724,-6.15994525191104,0.42222223451105734,0.8632216458022377,0.433069567739377,2.319398686511292,-1.9598876147288493,2.9691263374933925,-1.3122130103242267,-3.0426532963330057,-0.17600542642507833,3.521633010317913,-0.9899286145174031,2.26154684166076,0.5346398727060766,0.46439618571541086,-3.0165022405835984,0.7458479550165293,2.566308578142273,-1.0796678686316525,-0.4686483904286547,-0.23301841391871214,2.442332054461165,-3.227305959622841
5641,-1.5573820943654617,-0.3095582260943388,4.820005024334911,-3.5336355196152383,0.8960081803217266,-0.31543736457960314,1.4284635451362533,0.006695231235404719,-0.40368177942343575,-2.5652775745453713,-0.7309184414709904,2.2647190190688313,-0.9973084794315419,0.7335588281961876,-3.362773905527863,3.9994763725639224,-3.079085219468114,2.7061324036675494,2.718293959371543,-0.4866933791358079,2.5690730514903173,-0.06412316359929893,-1.8563082486263127,-2.8802422195027084,-3.014552009295855,2.8148545250209516,-1.3879657985503329,0.12872969454816463,2.6419938485745007,-1.183060260295841
5642,-3.1187844841082573,-2.064335840234378,2.879329748874479,3.8366046166538403,-0.30184404036371326,-1.2309700008199762,-1.2598644382971003,-0.6542765366826622,1.24671724328475,0.7906945625765065,-0.7625928010761598,0.6393219701953576,-3.151842697743188,-3.530731489313524,2.8926341220546306,2.2133809929131836,-1.066237529321782,2.642796601410808,0.689722390787697,1.3037862996980785,0.34972691123874355,0.08584723057916843,-1.557590679237963,-0.8714921530679938,3.539358876321451,-0.44683492662747426,-2.609425630665779,1.1621773047292852,0.04319024530985516,-1.688465869065725
5643,-1.582639972210936,3.2137276188869173,3.8176659530977446,-3.9232078348481316,-0.23007602302536845,-1.2954697418982182,4.129410712828776,-0.15808179577596704,-0.04028360036816814,1.0672615755144221,0.37240371837871056,-5.370710610577067,1.799264410818985,-2.3716611806858463,-4.0224317838550725,3.330272960565903,2.1502468066814586,-0.8856912135252966,2.2370699139679395,-0.904553911480031,-2.2717495353515975,0.5843187955613258,-2.8123560063348485,3.16727074363493,1.9718910039844566,1.2146548268436952,-5.818591360106115,-0.5250102562398968,0.7221240676519667,2.434931717867503
5644,1.2010907389081993,0.0231198859477999,1.8189542014665072,-1.2494183030721722,-0.8196203637031512,-0.9741261595451718,-6.170923107780542,5.490357445725717,1.1238353099410547,0.1995227947746887,-0.013047873106815544,-0.6297445695533952,-0.7042802897335214,3.1075351834210636,-4.101773332142084,1.7011725060720764,2.9440869509261987,-2.9467410185435696,5.611466792852326,-2.184545058011782,-1.9558315808213091,-0.006515697023496081,-1.8309245138685188,0.36635005687050537,-3.064602435279056,-2.7750888629482375,5.349839230305747,0.5810028508028973,-0.0958000095359175,0.004649226656150418
5645,-0.4400493459398298,1.5150764206886507,6.215289042659887,-6.220123517458585,0.33338230042449846,-1.4035749003725897,1.0911566837177737,-5.065320319374916,1.087807653218393,1.0753624037551184,-0.8489811002857097,2.6599746789700163,0.5826638064773491,2.0511903539008713,-0.1677846608351281,-3.5804262149699326,3.8430360586030545,-2.728679343176063,0.7098252581028213,-1.6422674051537562,-3.2444750158766027,-0.25575107309614786,-0.0548847973310469,4.487553033352455,-1.6339729337963824,-0.6533947885038778,5.083693140923739,-0.8615620010698599,1.4150031034679742,-3.349766521019994
5646,-2.2531375302092886,-4.8430309539960135,1.7683690219975396,4.870889181370817,-0.4397317401690284,0.8966420210079917,-2.590290880992768,5.923465637415841,0.8273365579430498,1.8082123839543556,-0.6288342471457851,-5.3398894511740025,1.472273708574086,0.08925133511750971,-1.9578972182462895,-1.3656874086573971,3.6371163296128834,-1.8750567464006647,-1.4709615250814174,-0.0013059993678563586,2.5845170708452727,1.0390481386765718,1.9355282569434031,-4.086825942018244,0.417820720969857,4.842724139028778,-4.738278634056048,-1.2362568531439688,-0.046661903993628684,0.7606525311965999
5647,-3.510348138960701,-2.758525336115735,2.3424403558757483,3.2819416746025283,0.3307756565739348,0.3137157880262542,-4.914546974403915,1.4907202716224255,0.7433914274299083,0.6401931839685844,0.413901332337403,1.6263407590462755,-2.5969878705570206,2.495145506390074,3.6376304786148275,-3.0315484570629394,-3.247894393429638,2.7436547360448387,-6.037004248475775,-1.0311760539866217,2.8215483447333547,0.6253320021658801,2.643883020293858,0.9774169352670121,4.863242627416231,-2.717296947852173,4.75330622351764,-1.0881997839136024,-2.6927591441592043,-3.1182929750072734
5648,3.517687709440146,-1.1694146353493942,-3.5310067244823955,3.4886812429308733,-0.3724084916645687,-1.9335391008726184,-1.0500352163389017,-3.8066748949667897,1.0561571012472877,2.106331098376536,-1.0226768447780379,2.71689875646058,1.6416764100975598,-1.6982699204187828,1.9472663218331974,-3.9264769527664587,2.1950269492273264,-0.1592228079727569,-5.552417565145781,-2.2374074660806933,1.467894046027169,1.030343660992438,0.46864812745575435,4.822939196748809,0.5482588638956969,-4.113142120394416,1.8603817964402154,0.988719389185797,-2.1082326630849124,2.8240147339592667
5649,-2.5705116059198048,3.158222454789435,2.463436888127834,-3.005536736376971,0.9841498240446258,-1.0297608246630467,-0.39219112145764967,2.0182112997823793,0.1316647768131176,-1.3067976839872006,-0.6670534917829993,0.21616622063300994,-1.9229551535894984,-3.1969834841164904,0.8762124654909904,0.3546669370477318,1.5252422062705406,2.363817028896843,-3.0882759606144106,2.075758195118315,0.4173098118643779,0.41372119930239126,2.0712037443285762,-1.8897169900015633,-3.821127251617785,-1.3500013874981533,3.2866873370893366,-0.5889920580279284,1.3281763822562915,1.1452569777998995
5650,3.6299671125537714,-1.6234433623005344,-2.5095238900485484,1.6779193473792127,0.4470638818939068,-1.6219830894757354,1.132747027518132,2.4113635446117705,0.5517385733799332,0.05025761922708938,-0.4660755810295738,-3.6800311837067348,4.127615186832934,-1.5295240166571098,-1.1147551788115688,-2.140090872858961,3.1699269584557896,-2.5131720769609984,4.126725405044677,-2.133501637993165,-2.18284468629858,0.793198210538856,1.8117960755059208,-2.4153733668000292,0.13823633065613095,-2.4728201109867705,5.7307737138319546,-0.2164210389756187,-2.1904631243173824,-0.9893057702066503
5651,1.2702432044716936,4.978758651147,-4.8208135812215644,-0.5752184517376158,0.3681354216549444,-1.2211052443123833,-2.287745250490403,-0.7896964443777286,0.5979834549759699,1.9322645944757149,-0.34426084623865627,0.8914544916557539,-3.982527740475822,2.4850827071722605,-1.6860338424038908,1.234771243404591,-0.3851605411586334,2.3338681734615676,2.832033995110269,-2.695583971243897,-1.716738875159061,-0.9055447548438602,2.3510306230733296,0.13480298306091143,-0.039843881450444485,0.25195036898806933,-0.22409153501704182,0.2665028441321162,1.0747523637242544,-1.329270160375298
5652,-2.414299215145393,0.8647234871796634,-1.003350574477686,3.9681658359421483,-0.2894503200301157,-1.1257892134665504,3.5477989786273127,-4.313356296135833,0.8954113577003566,-1.5551534532634328,0.9258832231216427,0.49941618995059756,2.105886402927098,1.4254910455360488,-2.5348501818876272,1.3802645290998257,-2.5613786656691477,0.1845868699938915,-4.576419333380649,0.23702184230075218,0.1450972837590534,0.589568144815436,0.9260607370268374,2.6786713254762695,3.6618632875232606,-1.9741313726711276,-3.4060481642515157,0.31557277392140115,-0.6310801019702392,2.033823577449894
5653,0.47584069293226783,4.859879367158662,-6.055582988190036,-0.039089528495313886,0.158177367574742,0.6007750890217451,-3.7230244415588807,5.8572981008319545,0.7164060901270561,-1.4130770429195483,0.4402304767408687,-1.8778331832208082,-1.6799899981797761,4.156220017459322,-1.5564987969887785,-0.4968528853339471,-2.336568221950021,1.913689884993314,-4.193060791069975,-2.2541593161692557,3.3183006734298814,0.7638117869313499,-2.345390479771325,4.710498126647025,1.0470813321486077,4.61892949882294,-3.6957697775530534,0.7440769840422092,-1.622036686680719,-1.0922813507783005
5654,1.620357888939509,0.1482446083226563,-5.610189876861508,6.031102485881124,-0.46838135027902483,-1.7211337560006932,-5.939151133889183,-0.6070844391366563,0.8442277663678599,1.7986517565930882,0.5182063931095593,3.385149656955978,3.7699114896146497,-1.5865066369824827,-2.7611236542850293,0.36428254283909567,-0.25579437952412576,0.4692306383380007,-3.708617750823823,-0.8511374457832606,0.9261185048486595,1.1988269545979193,-3.1812069186133396,5.61601665577151,2.1793510753551395,0.19904117709473113,-3.351428168756957,0.2704312394485431,-1.782647580650952,2.4852522575112275
5655,2.7126013025717057,-2.6014506749015958,-5.996238475542839,4.895621076253903,0.8155217199130802,0.17394505170782892,0.07358874765806434,5.496481947245449,-0.20779186012197393,1.2960062594720263,-0.5354087501769564,-6.122876344075948,-1.7766890449948054,2.3550583856808913,-1.4397102620903048,1.4410677208924234,-1.3651987429107724,0.785471943422678,6.033225803062837,3.073865291635297,-0.6534275116340496,0.6593036926875957,-2.803225541073946,-6.309741734680067,-3.9549166340922284,4.909693206635634,-2.642360674868403,-1.0936734986617864,0.2715095017253404,2.509748099263202
5656,3.544798509376772,-2.5653700610057975,4.728432543010591,-3.8770186463116545,-0.37504127128953924,-1.4558010737782858,3.2158590235184015,2.128967125710343,-0.924473595227747,1.243714310743524,0.09168363838398008,-5.755750503127761,3.2243318248602435,-4.211859865186076,-2.5954950132103605,-0.6097953635706759,1.7120241526969409,2.48079426441004,-5.1900750126860125,-2.050061311248834,1.0655888853845816,0.40239056225443104,-0.21549364359336742,5.987650519886834,-2.2142779866603917,-4.549716699973418,3.0554506293632215,-0.20873528982713552,1.2775995963619877,2.6396797507374963
5657,-2.2408778719400875,4.1166571601240705,3.752710756244312,-3.954185904105035,0.03212818241682447,-1.7064323227379887,6.120630494412076,1.715490599472485,-1.1631607278634575,-0.239637664415417,-1.0684241875909475,-5.364898514013998,-0.7794234433940446,1.901768960222448,3.9684121417826894,0.18276672402663507,-3.3565074677091715,-1.9170169149284657,-0.040326106660792504,2.863833250914265,-2.4340650486786064,-0.6845554475612614,-0.36058234483370555,0.6556956968177019,2.9463365449663925,1.081617436277515,2.0071930512677376,-0.3442122970510013,-3.5327217926578918,-2.15821294280099
5658,0.2577062238015042,4.385983164321246,2.5942399743481666,-5.119074581790866,0.243349575191242,-2.3622043558691654,0.587482669333248,2.432651859243556,-0.6363586851373633,3.35106687283783,-0.610991764637629,-5.123850951638886,-3.243211770400478,0.607104441443461,1.4015941494797879,3.3063575571018973,-1.5558513794525197,-0.5159929981720204,-2.1073475642990616,-0.3277195342783479,3.407954997016258,0.013399628644207517,-1.4503628757894447,0.46407534870398237,3.0615775077378053,-0.33361739131441226,-0.07409514326992905,-0.6700022052791299,-3.0666698550677545,1.082807087195178
5659,-1.7344586570784273,3.7858793858381645,1.9343650954750053,-2.6099128154612785,0.7513929296546866,-2.1272659384259853,4.266388092606711,0.5152979471459922,-0.11975921018819591,-2.90732019165638,-1.0646327270019666,-0.6899739109054224,-2.781338701939198,1.3274416253791372,2.40056772278513,-2.151895731534637,0.2113123707051905,0.9939127146045106,-0.9395469408381274,-3.0674715208038315,-3.271209384247184,-1.1683389340663748,3.0350091288055268,5.4115576511475965,-1.9246332475662307,-0.8333395404260955,-3.534314088102221,0.5580128190591482,3.2473823889454287,2.4868916680917437
5660,-0.417792241465202,-2.0683348567643556,-2.5677094022072,4.427394537852958,0.5649925613655884,0.061449401220391664,-5.154081924012875,4.913739176070461,0.775733245666717,-3.7158247398622013,0.3444021663307115,2.8360320758079283,-1.0554040139681948,0.9385883394686765,0.7428325720631008,2.6882715099284873,-1.21661503325344,-2.0976733742384965,-5.827722498604352,0.8384366834169121,3.375990044584732,0.7691987980678476,1.531704777420357,-0.6876078048879073,-2.4897037610382675,4.125289701010001,3.081209258579573,0.5100923320434934,-2.045756667278944,-3.1811308633140865
5661,-2.9390168436210953,-0.2967517395521462,2.784741769572733,-1.273987506140692,0.278228839877976,1.4467854798654134,1.691888841421843,5.092052233458496,-0.56913187878693,-0.8261784249760069,-0.44506855045976046,-4.9435622206568866,3.0685242964555073,0.13379327700675958,-0.25858007658675675,-1.9765796515683043,-0.3662483431780146,-0.6009095021290616,-1.4898762604176383,0.27268807507765835,1.704462054431474,0.39807448502715914,3.0355443338010666,-3.9208926879221195,-0.7348470020680615,4.7934220180856855,-1.9882590629413137,0.40865400583867295,-0.14026996372009393,-2.338699995193103
5662,0.2771211910422906,-3.7608638687523204,1.9113717587704997,0.6853339600851562,-0.6381533031851099,1.5251902620417184,-0.4551787416849642,-2.7621869086848037,0.6880168495459431,-2.3786853293498176,-0.4084652891411755,5.316499419315601,-1.0565815291718916,-0.4910061434571098,-0.7250666728751654,2.2917229464475497,-1.9110625934085785,1.8919939924653164,0.5763584323876749,-0.14705766394841646,1.081159533535999,-0.35971675750420307,1.1132719588858606,-2.2640155033593388,-4.144463596582115,0.5512338443917528,3.3633495834443927,-1.10740484607473,2.222988597698766,-0.885703582876312
5663,2.6953201181768875,-4.784885640003729,3.0163046964840667,-0.47134682011171236,0.19984506323321405,-0.6552374177765117,6.028299885017464,-5.107026990399035,-0.8687112931613825,2.3340528535811345,1.2347046059893483,-3.621319061026778,1.8918458906781623,3.183347937265239,-4.2119003889165345,0.9392378393461698,-1.5958722805177263,-0.20665899785517539,0.7481076765955841,-1.0208488454424494,0.5900794846869566,1.0095387086634044,-2.6503870468733783,1.3235100223674685,-1.193698116890431,-3.533434440909037,2.2734435336095338,0.15007515766060386,0.900846349689143,1.4027675168419727
5664,-1.2302911601516016,-4.398014121971176,-0.3345955808886849,5.656378149911674,0.620775395189257,-0.31425268208723267,-5.533007722415828,1.8488186687268104,1.0265394832782482,3.076361898299691,-1.2004524780817638,0.7817401501935706,0.004212894269734591,0.4192401167022801,-0.9966138700350164,3.4552353638079296,-2.279260524282197,-0.6028139804626171,-5.891280127905773,-2.672031767807468,0.7762897295734916,0.5202190666690418,2.1820582670205564,5.084744832447726,-4.736483957525126,4.305027297652607,-0.5981529644957355,0.4590329247341032,2.7097170550835976,-2.1391403554476156
5665,-2.760159243638828,3.325379329724502,2.2704355884572536,-0.17527047939384843,-0.20081437977937577,-2.459570815367515,-2.357633587243779,4.42044794636902,-0.53993016087753,-2.3780095841014983,1.2408068255496385,-0.3856814396951407,3.4414663513041965,-3.042237070957297,-2.7995518806033797,3.011601701731138,-0.4905854965881211,-0.12069360488643888,5.847334709109948,-2.089662688745392,-2.2078672430154995,0.990716054902645,-1.6882394049116964,-0.8522814273424366,-1.1031851270702262,1.3057618226947518,-5.53423885220456,1.0729352005231334,1.9511924168771166,2.3075345391816278
5666,-1.8866915850959458,-2.6855314311808733,4.0663772187366085,2.5812670817373835,-0.7220375999977882,-1.3533836841972313,-3.8277622531003743,-2.1074443743386055,-0.7572561604510177,3.439221456545816,-1.123789944446767,4.37703127579163,-4.063021664627362,3.30073284924768,1.213210179394487,-0.6611758028982102,-2.3646786386703873,2.574933077553915,3.4348040632531713,2.1312614986271683,-1.7630450721371336,-1.032717137620819,1.3137206407941537,-4.084023992918965,1.8461995866402,0.28143708066551554,-4.4137998189710395,-0.5531092880250172,0.1900160253498644,2.6492564143423145
5667,-2.13428623976578,-1.860917189232044,2.17318742452359,0.663247729589802,-0.03385198779678533,1.1926202626833913,0.8349851913424118,-1.2209521919834359,0.5126804640897413,3.1516551498056486,-0.1211914553368647,-3.1571771579167844,-2.9955925197419244,-3.8591187698871003,2.3586766485464565,-0.1654071590507975,3.2801141719635822,1.3813276281698705,3.3477023759361906,2.0085108141652874,-0.8645946896515504,-0.479095965566243,2.57527609310244,-6.587798627988548,-2.4941973362617205,-1.6379231500464577,0.9477955533331439,-0.47876816757526086,0.8140728206655918,2.8490202798865347
5668,3.433242497313941,0.4377807880612359,1.6750071002606752,-4.5032835008927705,-0.1597857937474909,-0.8829610909934047,2.8500917237683545,5.518329671258705,-0.7560559646375467,-1.886737316079408,-0.577700867077799,-5.147927247231596,0.8163709278655702,-1.6004052250087106,-3.1281937228448005,-2.547963666738907,3.0448920678704496,3.4152996188564693,-3.952047041966104,3.1859192236873923,-3.243173472026612,0.22285010762260082,2.2678102529418105,1.5186409297385275,0.29662648939808633,1.7242599264618441,-0.2431900547060195,-0.4191557225208218,-3.5041147932636107,2.145574154632314
5669,-0.4993028118915106,0.04999103776398073,0.49812742442945535,-2.19132540529505,0.9305289233621954,1.2119808316331415,0.23572913946655305,2.3375814813436797,-0.9406838233295209,3.184117580435565,0.16215657799863425,-4.978900955914202,3.211868809211712,-3.348391696312932,-4.149416584680882,-0.23319160413963758,1.3481692735654747,3.170961802356313,-4.812074932712996,-0.03692470630006639,0.7753410587986025,0.4842648468341739,-0.7423824492139541,4.331776182591881,4.507984198646586,0.24677044694469075,-4.299050922620598,0.6121952098580286,1.8347024819543272,-2.9026014147812393
5670,0.562424209957122,3.403426960241319,1.1517468328952205,-3.7539594273330223,-0.08091578581866865,-1.2827227899397826,1.079664965489041,-0.34818961248994995,-0.6331671962111525,1.4241424470322848,0.4907051554058466,-2.013155759225363,2.8320342188107617,-1.8995333161494532,3.045499189816841,-0.5201564186204344,-2.1916974625846635,-1.2661462112730195,-1.1754443787448956,3.202483286853891,1.2948191597744163,-0.24083342358490878,-1.1672172908852545,-1.9138073534156206,2.8628111182015665,1.529967133323641,-5.749713090610854,-0.00980888566739413,-1.7035326846895504,3.0702764094443467
5671,-1.852988503487623,3.248684495564138,0.7638576143979527,-0.6313335678075482,-0.5704917512715624,-0.9577282873931541,-1.1144542659091705,2.2444300571833757,-0.8128257818991544,3.0016224435227983,0.04535277800363957,-3.364125230900779,1.4875703994439462,-0.4660970720341453,3.9461481499120303,-2.6853454327102,0.679663936642438,-2.9619399812540443,4.590324764884752,-2.8796708472395984,1.3217414783553245,-1.2489970822818344,-2.9533676470776395,1.1699693333566081,1.76137425759903,-3.5991632403634988,-1.00338045019652,-0.2519823912090109,2.7218027669499207,0.371349057221817
5672,-0.7868694392191458,-2.023026349097009,6.068635368428112,-3.262643932552084,-0.3865107398246741,0.3904150922670091,1.0653092218061495,-0.3200439929404446,-0.10193614849538069,-1.3215868485542401,-0.8490114434875817,1.527269211672177,1.561379308812544,2.5642753140829875,-0.11719962119392235,-2.490815471427588,-1.379418311756595,-0.13822121851736746,-2.172673359049597,1.9869776249385183,0.5493390241547118,-1.0565309777755885,-0.6884780018742305,1.3813656896037756,4.212617383657573,-3.0490690179919966,-1.1568481050055404,0.9960720294687819,-1.0001868048458782,-0.002585485281176858
5673,0.09347090655652401,-2.4396531228604132,-4.21426236216621,5.228642027654708,-0.7616462422261099,2.0934487930436827,6.1733225681417,-5.985448125679191,0.9425350324141188,2.6062154595477836,0.973532563393765,-4.710157497817516,-0.4525895249340337,3.623312586392821,-1.943296248767716,2.6276169894529033,-1.0961992474851527,-2.7588445546587828,-0.02384461272560401,2.2019411257517625,-0.5365139730820179,-1.1895135472388927,-3.2296142569603354,2.7775452642526943,-2.489733222606482,-1.244338748609625,4.3206192278970335,0.47182374586581144,-1.4142257254653785,0.3558547229204265
5674,0.6784104124242774,5.02631707021375,-3.766804117521339,-3.401583600894419,0.21106334726098286,1.2525968885189265,3.6303169445798993,2.2582610161483814,0.42332272074913213,-3.6133551954283014,0.41341333460781193,-3.1119588206562767,-2.301851544712413,2.4282436055322627,-0.5831315161336335,4.177200083281008,-3.8029489076537466,0.08248827968657224,1.8628545989246739,-1.0835468664670742,1.8780305673896294,0.04884710119446911,0.735639548212033,-3.441824949256148,3.4354580380129214,0.12718578650479984,-3.5541654406791103,0.8958074911970311,2.6805697009646074,-3.584855575998427
5675,-0.6392404878571583,5.338082092567554,-4.249549068096556,-2.8600168757456785,0.5445729527407348,1.8661513863932715,-5.031761635185983,3.8849658179337716,0.8391638302505688,-1.7924509465200291,-0.007968926417448507,2.108051859939785,2.7349223908570437,-0.3198848104026837,-2.45130838952222,-0.24669019346119825,2.2467682147419232,-1.9638072122127888,5.927708637008141,-0.20127469228036965,-3.2808820290330267,-0.12599100423769194,-1.6994333418105558,-0.6201275696489112,-2.024678871769982,3.6798492223396053,2.8169183565484914,-0.256540064350137,-3.65864948429895,-0.5568991584672034
5676,0.05682837075028324,-1.492901721258086,5.147168482349596,-4.803474593706635,-0.8778720563496039,1.9702515182166227,0.8883478232952413,-1.6545200417766424,0.9148656487912747,0.9998989739997644,-1.1665578607740135,0.017965456465052654,2.151732959992408,0.5725711240535567,1.070054559512993,-3.3986636447471064,1.3132864163012492,-1.7089814151129996,-5.1904120115060515,-2.174126867578103,3.8087851868307645,0.028829925317776173,-1.5766851991093773,5.103608966042572,-3.2318027638818556,2.2430190754656287,3.3472716320760263,-0.9003133898228457,-3.206113158419038,1.7479386045839291
5677,3.23295875589859,-0.10640755259808188,5.736878652938113,-5.8821270201741775,-0.835772011540328,-2.1455308245219458,-6.176168268727935,1.0516258213146017,0.6904331628590539,2.592212923282265,0.7766440257155196,1.0652523355571795,-0.6274633206202367,0.3614428239194183,1.9148704122815623,0.003506214943296726,-0.3314684145101765,-1.320887716013761,-3.246033539148552,-0.677103782221252,2.1374845822564588,-0.37879799021597993,-2.6564357044227265,4.82088643374966,-0.42050879396317953,-0.6574306329771531,-0.9532641640855601,-0.35633822704294094,1.1456437436590008,1.2418980744117007
5678,-1.6521379496423023,-4.273901375905265,1.5381700830275982,4.0214577872237065,-0.6229470588921502,0.9893585141906076,3.704419152661192,-1.699692655393072,1.167757135353975,0.7818058416658502,-0.04351507893642115,-3.9107743953508454,-1.6310303679606317,-3.863606313985567,4.108201804993474,3.037029948408261,-1.7067308802061447,0.05613580875073687,2.852674548382698,-0.6540811915699631,-1.0538189122846902,-1.1215867117092762,1.8002729552053278,-1.8234606880264792,4.749137959870087,0.37227543806148944,-5.489012065470778,-0.9287383965292149,0.46070149495995594,0.8356355691103001
5679,-3.1976851696272757,-2.3648778695682573,2.5726140968388442,1.0692311341167695,0.9358921858713063,0.9848256223708223,4.182626680072424,-1.8285802757361331,0.4976263491443049,-2.2062664094672204,0.33927148233021764,-0.9846778263429208,-2.9339721428379875,3.4022600401973975,0.8573955944219982,-1.4191402786563128,-0.8872838922945228,0.9807406791695019,5.641584920960849,-1.897778238246504,-0.9371877879273356,0.6764869684401909,-0.5913707465726681,-2.891735116656939,0.5110924283873572,-0.38090491980327457,-0.25632670532289836,-0.8280283690542154,0.10299571488423709,0.85117185091066
5680,3.699765501974589,-1.037092404032201,-1.173112803521775,-3.0323884577673965,-0.41251985976933914,1.9553480231182832,0.03958329384098391,-2.4242128935118927,0.9775280625490597,1.7847410113694053,0.6138724747634976,-0.9915119490103734,-3.0907994256021727,-1.841930890284047,0.6103170518819212,-0.9785324054886075,2.430535295397558,2.870410374095453,-4.583084595081743,2.3787223703371794,-0.253776997186538,-1.1177991801380736,-2.7981960446399228,6.374134446706691,-4.959306692602674,3.3070783260572796,-2.9132933897207245,-0.07439407763526518,3.7257096389751965,0.914206194928088
5681,-0.13327968832877524,4.762800115052183,3.249811272919562,-5.793027156795937,-0.5260719240398521,-1.5602326188050082,-0.3019698941320428,-4.496058734612067,-0.4341103161862252,3.3307153435708123,-0.16858804441757247,2.0700116457778037,3.929455247768928,3.4620096508674365,-0.4940708454397864,-2.4629182546142605,-4.1973012105257546,-0.23717458805643865,-5.474965282424524,-0.20950974686202173,2.900298384542726,-0.15109276493800738,0.23537386679009487,2.699895542889287,3.433268718093501,-2.687092669878705,4.60577627975978,-0.5935116632446533,-2.8870612523960055,-1.8713794123319918
5682,-1.970147958577666,4.972735653080893,-1.6981366955355917,-1.40994389731258,-0.4300183179168071,0.5355112162638882,0.5248484876049844,-1.5770480340443704,0.4093703656349277,-3.221003470027892,-0.5445954175712888,4.408428068404298,-3.301595682045223,0.27194972711163246,-1.7142571247451777,0.5843491697773757,2.2324739362848973,1.927079973616621,-3.573419355098526,-1.2097081567752603,-2.005132013145019,-1.1151906515925458,1.4068558442318508,6.496594332377072,2.6372895124114386,-2.900804492301475,4.944188824047444,-0.6196473768407618,-2.3164386744194037,-1.7445877928953557
5683,-0.5070287970665852,-4.695020158150353,1.2074302150183343,1.9827830870510148,-0.09386439127361346,2.1057000444233456,-4.800075542304921,4.655305670406548,1.206559886744473,0.5698463063078147,1.0683223065745437,-2.6999586277277814,-1.4757154467141156,-2.900271021833351,0.06290313748369769,3.472127014244098,2.482329374220413,-1.6413730574006031,5.255224171162716,-1.1957035683667812,-3.1946261330851247,0.4189907968352795,-1.3794561029938404,0.09557083644534003,-1.2305360047127856,0.7502797894478235,2.1257336105347733,1.1413031391128765,-1.745659460976178,-1.0411210734046321
5684,-1.1087165461149269,-1.2055830557620624,1.5155122624531003,-0.04567715775310077,0.7551351335527885,0.08932936362635147,-1.2788150078869265,1.7776402118783174,-1.000090320789572,-3.68099903719434,0.9545154883036204,3.227748665689571,1.0465696755074312,0.7287499682868344,2.1151066884871064,-0.12669136469985176,-1.4688249282402701,-2.294910039341092,1.0153286878624108,0.30723488452547976,0.09630158489969176,-0.6569911983264936,1.4125722287979414,-2.174446187761408,3.2310424280009897,2.855645843631649,-1.0733457041995749,0.9955764368385429,-2.6827021826016537,-3.32621682166808
5685,-2.247633275114442,5.698604647891649,3.351512068359252,-4.561457127177857,0.22269084031372088,-2.4637171542701415,0.5864404795977372,-0.0887480705462167,-0.08089359709410004,-2.6728699223540957,0.562913217056372,1.6931578933409703,-1.4202735029696711,1.0839708292107701,1.4046415922980238,3.8962139668568696,-3.2679973575505628,-1.6965555278453532,3.5206865107402017,-2.184795290231687,-3.1352624116819285,-0.9001881792599846,-0.1739459814185036,2.873505351849502,-2.3982948151941414,1.9881797044384477,4.145624354241519,-0.8349468249643648,-0.6534479399083928,-2.2471144786112056
5686,0.8256117936560354,0.8597317569905982,-5.361233843357848,3.433181058360738,0.863850474337815,-0.6211412399851568,0.15600860238529535,3.7592281651435577,-1.144765836669781,-3.3614718779124537,-0.8271447483501833,1.418145695404231,2.6524459032383234,-0.16860879199450096,-3.6422321278507397,-1.801911784574136,0.16140581880372906,2.7989009823774182,0.8050374397455506,3.2439961208835264,2.0144651154270647,0.5170392780148729,-2.455046121736416,-4.1254918323369765,-4.557921615067617,4.608569329889438,0.7063606990695916,0.9062362653508185,0.971055622361904,-2.634300301602263
5687,1.9080550975010482,4.851900560397059,-3.268394570150317,-6.212793470725387,0.676077293508687,2.045155089471109,-5.4590954925092845,1.4019709452757105,0.02293116154586272,-0.7642853321449365,0.722544613294871,4.075934104538469,2.74741501284149,-1.4433019349887068,2.4100675497156523,-3.445985640761286,-0.16066085762160398,-0.10753412918544392,-1.573877307479588,0.4492477091660767,-2.7922212895042193,-0.7205262959310694,1.0707956053194554,3.5665815784269554,3.61546729472796,-4.113313205671194,1.9484324577851204,-0.9517589956550054,-2.4879565026735673,1.9891289514885457
5688,-3.103212159486045,1.5378937047471872,-2.136148207136351,3.129786450471432,0.25230708439032234,0.31937312701567677,1.6304327672300118,-5.389272448998103,0.5774669332879636,3.564819617632647,-0.17505973182090884,-0.2083871373309023,0.4666028651342842,-1.3854076976209235,2.408472602604842,1.5269902944291687,-0.6515371335185378,-2.365120931028711,-6.248391407478746,0.3964623837473429,1.9559119917341299,0.4925090062882953,-0.5166311965367409,3.9201392222433107,-2.101730100466561,-0.21494495499737098,5.266054310691661,-0.8987186627044013,0.4161626894131736,-2.466823281934632
5689,-0.17724060625231708,2.213284253348103,2.4790482363087563,-4.023659757248154,0.19065457778614103,-0.682086703940298,4.709542052558874,-1.2059705778613896,-0.35392535791015245,2.3593243933402768,-0.505631844175717,-5.003338665951208,-0.1425218862790949,-4.2135849193561725,3.1965084691896664,-2.455545854188884,2.510089303991016,1.105054886643586,-4.388806428813606,2.4643175333329026,-1.4819397117233457,0.919286510339834,-0.8324560580234053,3.319598154885224,3.8215448480923726,-0.1783995787577375,0.012622412961373897,0.8935760071376109,-3.6439593347755004,-0.9053843546562312
5690,-0.8965309536349668,4.804890492732241,-3.6051786759210707,0.8697710464728949,0.8228938366110623,-1.9958457462579258,-4.808201217694062,1.2169117417104616,-0.048208810553274084,3.2163239650905133,0.7434731892490714,-0.320298867802034,-0.33205033665035444,-1.8286659823460152,0.6010024026233403,0.3709876264668708,0.6716166496149754,0.517109640291304,-2.296647284785081,0.9499720548616573,-0.428810623862498,-0.2818201305354133,-2.7180635830481634,4.775369567367122,-4.413935468774259,-4.872480338071156,2.9836118077882823,0.7660353988689872,2.667047633895791,2.869720966294235
5691,-0.7923772125181632,-5.70385391052022,6.19876900194058,1.8205962894453798,-0.7172734983267335,-0.8058606700186015,3.717977093668381,-1.6615729255458334,0.7986556580091015,2.141064774107466,-0.46787928398209555,-4.528245316256356,0.7950080028932938,-2.2888821152964276,0.33279866608198105,1.3159229244884827,-2.080174436280645,1.9253269581134163,-3.7818896954132804,-2.4216981382696208,1.1085682638246404,1.236415550404372,2.2329196529859416,1.6256843664655918,4.711334407843747,-1.1109315544024874,2.6291742325544263,-0.7441819134165062,-3.007146995882957,-2.478248176694315
5692,-0.4116103308356287,-4.710171048146119,-2.144496753023237,5.89593547966205,0.4798446002132559,0.8904980521319459,-1.5867748620089905,-5.262781918290081,-0.6423980415996358,2.7066967021207944,-0.5559559244977139,5.34121404427632,-0.9338686291307745,-1.8496518970398927,3.480718449199113,3.6744720843496133,-2.8886793821901975,-1.4829906251877425,-3.308474903759844,2.130254565669521,-2.437692573175072,0.3481257717379558,-2.8330226266425544,6.100809766167636,-3.8196929161210917,1.6048680270610731,1.6380161497095926,-0.40472162821421076,-1.1716216437900293,2.1531520113565286
5693,0.6103300382000434,1.9664321551613888,-6.002265922038173,2.4886542567862406,-0.7277627128282331,1.6646121847209798,-1.563241001393088,-1.9016055120171238,-1.011298248935705,0.12758350545671426,0.086756928103072,4.261804328786841,1.532717772006091,0.696403145490514,-1.6941907112085985,2.8353812692008127,-0.6699212540769928,-2.700390221411727,-3.0199684329403595,0.019296381135628593,3.8739839120372785,0.046379486303794515,0.08316957206453957,-1.0028609186032256,2.2732479370498524,-4.8466660607590555,-0.4746170888047807,0.628874138077359,0.061160205841630955,2.358000868596875
5694,3.5747063536485193,0.13952356888167827,-3.9671892747046194,-1.1854285324821063,0.05683054647009067,1.3815573381886797,-2.365842021833668,-5.059486988785903,-0.17446693138575675,2.371074366710566,0.9541280913881574,4.274593483907331,0.9349553053360111,-1.0775934386098722,3.509723895916764,-3.2822928247134193,1.2521730066542496,-1.3369659445836266,-4.9715397624207185,1.5851156676184992,-2.1801133904843564,-0.7904160212386788,0.27061117478195484,6.086342331740951,-1.7406238732906978,-0.5980468409017128,5.1889267749679995,0.620016267250814,0.03519097984464992,-3.505463307869155
5695,-1.8671887843750952,-0.08807698217211524,2.0502627755884824,2.0055977450655753,-0.02818445910647771,-2.0724102949980923,3.788831224291169,-6.076139229458555,1.0194220011391684,-1.0826977408454042,-1.1555084968134963,3.5060922416878455,-0.5702856841425508,0.5298748948112006,-3.7650346859922745,2.1860115924278816,1.5577577901396111,0.06167609275624564,-4.113685191762979,2.638972971043522,-3.7827717427112386,-0.06744036253914576,1.7934118629904372,3.5315124629770587,1.2432821043929856,4.355041358010698,-3.4118619280892304,0.9226656092909273,-2.981991886851093,-0.12713525675238913
5696,3.483200358105904,-0.8037469199770229,0.750536095878438,-3.1912944915827275,-0.8378564210964647,0.5991613786741414,5.20466238669465,2.0782046078815384,0.6034091043965537,-3.205840107049422,-0.028857693986531707,-4.651578297936041,2.5181704730263164,-2.8935428254716733,-2.7681516833938247,3.7187299058361383,-1.9558693581677709,1.3806634881709208,-2.279522239080084,-2.6389980895804364,-2.6996395552300037,0.6177777987980946,1.4690128929998476,5.53136919209026,-1.7970696941810793,-2.4788180525526826,2.7744106044981294,0.4721619276855762,-2.5328438997381593,3.562159114290125
5697,2.583440750428501,2.236897046226563,-4.838677114954564,0.713147659074135,0.6233666695459212,-1.3181750103183028,-4.263109752497037,-0.750361677596942,0.1481269870046793,0.9280265503890472,0.36142199919716944,3.575895893503784,-2.328493432095847,0.8656524153127769,0.15628879977360555,3.620387478891878,-0.0359403101705702,-2.2778949517117084,-2.630940029699488,2.335264420686297,-1.879403709740357,0.6763846330347629,2.812172272740561,-1.3134775870241278,-2.731349270180072,2.294778713938193,1.4688327115109203,0.66554755239288,0.8431446515293111,-2.5409543591893335
5698,3.041285273094715,2.9145956541933202,-4.213421138412603,-1.3676382247790997,0.9483073991730104,-1.3231289632670826,-5.8861768045765075,3.061151993012917,1.0726876861202452,1.4954650109648355,-0.011005594895031834,0.2678777093742539,1.146173988218706,-3.7792410538353156,-0.11413373119041026,-3.399178555122047,3.4311322828997604,2.715247069029431,0.8165224526165709,-1.465511128416539,0.31298644806546605,0.505461763132435,-0.5652627999659057,0.39580326456560044,4.1643015656286195,-3.343111087165461,-4.585904096350198,-0.9782923783824291,3.6539255292077044,1.0890804670636491
5699,-2.255794165635205,3.450260691864745,-3.8161556853126832,-0.3181845412963824,0.9449114570285171,1.994962243353271,-5.61945982884388,-1.174453647780453,-1.2038113731024804,1.9400455119461952,0.3015804387434624,5.756098899037902,3.1939776620463967,0.2887037249336366,1.3933789764258968,-3.8515575451173145,-4.071527827099745,3.04702500881125,3.1606819039163696,1.1725260909959339,-3.791365938351598,-0.5683275407335069,0.7717085544541291,-0.7452230702836786,-4.299181086884699,1.863787067196725,3.513665751962556,-0.7799274411556558,2.02326338678062,-2.3216076778976635
5700,0.7318579496053186,4.813886649622784,-0.3633094970365107,-4.425990721579485,-0.008504262484048342,-0.7479401181257774,-3.537609798665354,1.7893615364902544,-0.9194279675771018,0.6890812999459843,-0.5301901317131419,2.508785061520104,1.6707238287493702,-3.9279779265541244,1.4885529581548944,-0.08728848040972537,3.3235431499029637,-2.4675535298432543,-0.9079707477694043,-2.1110499544980232,1.2513265989507438,-0.8592936561013946,-1.607830354457061,4.234818113872809,-1.381592510209071,-1.4106723838391204,5.300881125072394,-0.2319942380771609,-3.255434356704196,0.9788123637590136
5701,-0.12773644938996576,-1.6536479632548478,2.5654640507523503,2.177264308206116,-0.4776270826363791,-2.4837168636749913,0.7211731786144533,0.7533598789597598,1.1032271076892277,-1.4098755213298055,0.3519773677132658,-1.5198620116461612,0.42378291835858306,-3.4761978856007083,4.177678810407723,-0.4993269814042911,-1.7411459363235267,1.1152090745623262,-3.613587662249511,2.9146089858869253,-1.1356184515554215,-1.211840556805745,-1.564447207805161,4.610884892526588,-3.4435864247110075,2.0772868866583813,-2.9789051234249975,0.4532624779854526,2.8151317750585676,1.0768104084354881
5702,-3.2703550878616845,-5.597387226371243,5.558466510924529,4.033776075613577,0.13731347259770477,-0.8618137449006049,-0.23253441892878612,-3.058642209106935,0.010305075116355589,-0.18441801206797592,0.8286278321487899,2.636661732839304,-3.9428896662968462,3.8874446391151487,-2.293823580735504,3.36161071959436,-0.6408858859623088,-0.3714562257147378,4.928863874479553,3.4434174198738923,-0.611367340490645,0.0908270943164391,-2.648824117244425,-5.202916930937157,-4.610004822717203,0.8138967856219139,5.011119895531838,-0.7110046137240777,-0.9373281691645534,0.43332092445399084
5703,0.14701430054439868,-1.7612705824724806,-2.0914302528589843,5.033074023225765,-0.05442232312916673,-1.2729651653072658,0.28145786480540735,-2.9081450672485083,0.4127777801964392,-0.802058471122626,0.6398969903888494,2.3760709029811693,-3.6351436311466383,-4.014435894401895,1.5276467431117453,2.490895077126538,1.4522382338903732,2.178799471419996,2.4147832573636165,1.585781729984836,-0.09119521199360747,0.2590421738099282,-1.7670645623510897,-2.4013473868160276,-2.2403734750327935,3.095460748904408,-6.1537982537155855,-0.7832256230827088,2.411029985790634,3.6709066171379874
5704,-3.138140891297203,-1.3059827535055035,-2.8148666671635105,5.088911861120042,0.012425851109759023,2.1576525997386735,5.009142164214474,-5.319039824230217,1.0419493656282866,-0.431420556365552,-0.8541740983590298,0.5535429491127744,-0.23850913559453701,-1.0943140857780467,0.45933091153430183,-2.5538933383894964,1.3961669921839928,2.0312186560438903,1.7997215906907655,2.012836547546989,-2.3028852165479385,-0.785607398743668,2.652174639192811,-3.376240162141297,-0.15245559745489956,1.4797503751410446,1.9800494444669532,-1.0359362897760316,-1.3412521643883455,-0.9301557679867667
5705,-1.0459391224012204,0.5000616336550969,-0.19544332269594378,0.4637566418199519,0.17092098348587248,0.10664318613845758,-1.1842108480022517,-2.4608501007977672,-0.9350568665567147,2.120420701101512,1.2404255816329917,1.2192715326229617,-2.013588789172106,-1.3883829323990025,-2.656167597680305,4.0048859742886975,2.910759626253782,-0.8575062812909113,1.0501923181645303,0.8222391128968098,3.9463903703416428,-0.7949169803222773,0.33569530811329074,-5.359600129196309,2.2208272896013916,-1.555147851644648,-5.165875750476989,-0.23065918006904962,3.2064311854839147,1.5244243071073171
5706,0.4524600636169662,-4.073127376570795,6.193393191051829,-4.163714768027518,-0.6412867940927232,2.232275684024456,-2.5868943602739805,6.233320449906522,0.9967844376220967,0.7111933180319046,-0.7619038764223616,-4.5924999688634465,-1.136512156986802,-1.680554791687813,2.0339328673065786,0.9065157726004998,2.394603274620323,-2.5179849658526052,-0.4070743168683073,0.2834345435761918,0.4518787663406556,-0.4802583897986219,1.404312514998189,-1.2522931182504493,-2.95921078824243,1.0209590664195538,5.169107731170033,0.3309148117805867,-0.119047940125947,-3.442722880999863
5707,-1.840408953881301,-4.255135142154128,2.4439935455826998,3.0073250921374566,-0.3645909902911335,1.0088164486086395,2.694838238557459,2.7474693535148482,-1.2299093687255005,-1.0033149817987095,1.0609188493482158,-4.270002090895577,2.6792908376135713,3.4866683880358202,-2.28542774340303,-3.951392714826671,-3.356435964046021,3.4272971966264834,5.192557809799958,-0.4981601555252073,-3.97494571164607,1.1042242672869644,1.3857001737973906,-3.209376383715366,0.9194031777118816,0.8324077382450952,1.0450041761430064,-0.13833301146019306,0.31190854549407376,-2.970390626131909
5708,-0.5351632124152061,-2.0558184746238695,1.2203742182636432,3.016562939620769,0.5139692977187145,-2.1599247685618446,-3.671888304636564,5.906661708761028,1.1017657852081584,1.435726260658953,0.019475347936387166,-4.7917407979271935,1.2293133007259023,1.758701235275133,-0.9574270055269984,3.055354346216177,-1.5852317278969732,-3.500710148793093,0.4732124767646013,-3.3229534317539056,3.099972438796488,-0.10955871776318382,0.3835560982734201,-0.5242288643197881,4.6487508519071525,-3.797600213065955,1.0257770084065747,1.2055533845456008,0.38249555860708995,-3.4649765903985337
5709,-3.499764317430948,4.988905126016444,-1.5716679747819455,0.719493098212773,0.8854081063299235,-1.5223740383440454,-2.427907993386114,1.8459465640392558,-0.2912489997094223,3.3858708080555466,0.4251020737882518,-2.9377624527867354,1.0359217930822382,-1.2653729104675566,-0.3363911818156886,0.6203888019575139,-2.428437250893568,2.3738907481372244,-0.4268436509637752,1.8085445493636758,-0.13279188467266323,-0.13468463275571363,1.7684914806592182,-2.882715861633102,0.2571893796323046,1.6358126522062229,2.2611374428128244,-0.9437316245716545,-1.275103990374598,-1.9353038597031897
5710,0.6953658263476399,5.743813858856015,-5.813994969882941,-0.3141381689244902,0.777935510823168,-1.0889820572172049,2.754707143833123,-5.511923901737806,-0.9836640067029894,0.05899836704505823,0.5400457076396439,3.141836689923725,-0.7964078895461277,-0.7081256024510907,1.1684096895615497,2.036203503959733,-2.781894133363215,1.0818144318392697,3.9450835666794006,1.8179852573155824,-3.9348813832083227,0.12446970079073871,-2.205763299608453,0.2531061580287073,-2.484636224173869,-4.705845713035064,5.427657105731029,0.27338856170594017,2.621234494223607,-1.1317982244497529
5711,-3.3943098888063936,2.527672692769798,6.215627454700648,-4.267026320615837,-0.11663790598581847,-0.9653260320602222,-4.746316443409086,0.09206455224899912,-0.15215753316784753,-0.9846284821331075,-0.3485177211390891,6.139555627600895,-4.2495937657970675,-0.7220736085440329,2.589123298509019,-1.1631535813375198,2.5408540991923303,1.0048435579774022,-5.2677651582963705,2.452276116164793,-0.0006610799723603122,-0.7208220250561759,3.198253454779099,0.3387186923786487,-1.9148416441750626,3.0107561726724406,-0.271666531764307,1.0062215114033517,1.108489766036584,-2.9389592741711112
5712,2.3978360246108252,1.8667704127759635,1.8208658729766185,-4.726441498716202,0.7400258047392279,-2.0990566163842566,3.8309548371428015,-0.7809758673416987,0.9972610027201032,2.4392099647057215,-0.8094897124812936,-5.676960224744903,-2.0063247376069455,0.40906968087228535,2.8748752155046553,-4.207226288752388,1.6090971624426729,1.320508967539837,-2.3096308256017686,1.527988846144126,0.038548733833870585,-0.2917160502860918,-2.571278675808676,3.6060879717161853,-3.495528711012188,0.242106832297722,-1.2184629503487798,-0.5998371604719379,3.6967270505819094,1.374994938955151
5713,-0.05038861292275243,-4.7107471373706815,-1.1600869272623662,4.077269156421121,0.4759565896756426,1.3679969314612244,0.9145318493274175,-5.649979900052479,0.375086817003182,0.6074869703300951,-0.3295459433836152,4.082420206776135,-3.184992717015378,-2.7196099260591744,3.340075075139005,-3.701154396109276,3.137481820800332,3.128200143244616,-6.170171480015846,3.046845423909094,-2.0639151220036513,-0.5407761392174271,0.34734458787715106,5.380672729448342,3.04817053742795,-2.2672195986131065,-1.9656654024335296,0.8653498407446829,-3.232220034760937,3.551584657636873
5714,0.35384258472679875,-3.1216273900173945,4.243563376046112,-0.6329548063136912,-0.6132401639606895,-0.22958360047896598,3.8493074076557967,-3.46382308613261,0.6672957560131376,-1.1410561354047122,-0.48863350860752064,0.5769095664766368,-2.5392350414500626,1.008498200941471,1.111480347132808,0.43375744566185404,1.0352692002853487,-1.0497701525713286,0.4876485692545387,-0.31523782467647976,-3.499124709092362,0.1782071741941902,2.7784102547013134,0.37009653561642963,1.7673609492694808,3.8301784602513074,-3.9577446920998405,-1.1918806201787215,2.4756300955941413,-2.9235441928344557
5715,2.895783684781339,-4.467490718713126,-4.50974587379805,4.871804619764955,0.9008624451054001,0.3087858428616581,3.2546264696989198,-3.3576542456426317,0.33993038908223916,1.290772913609679,-0.6122982162824968,-0.9153773104649687,-0.05991168577755346,3.508823258802444,-2.0365132352867086,0.48858311217647454,0.9993058527377521,-2.9002873026522824,5.129077848052663,-0.6337364624564295,1.7856499150240666,0.14710166133522407,-1.2277399269333138,-5.200353035024595,2.4433913348386653,-1.6783977703010926,0.2645948135771725,-0.1090689153853166,2.03238833569673,-2.9529077984242385
5716,-0.053424978244697385,0.21541173518843948,-2.1061621221393985,1.5670532607424228,-0.02597670053796186,0.4030988049933999,3.75900646307435,-2.1001263196538247,-1.1042317950169358,2.6328683303903944,-0.2939875162726455,-2.8935291625206396,-0.04092387276423892,-3.6866383909359506,4.232864265626155,-3.3041466291709973,-0.9145285780620398,3.71337320530721,-0.7845385698351457,-2.1978487869833057,-1.5346892554546248,1.031853698091746,-0.3081918276413056,3.7934147418202677,-0.052020407391147216,-2.6196777316005395,4.860432635059052,-0.3308849274494037,-2.329814379053234,0.4719648104371892
5717,-1.5374943755438917,-4.729925286062958,2.2427598129829924,2.5400053618475695,0.7293988651820871,0.7552556215964152,-5.338438463273572,-1.24956034574177,-0.6660364015819091,3.4608996148050686,-0.8609466426404939,4.654082238433393,-3.0341543647658966,-0.2415979869716942,0.8216872726548097,3.829564902391958,-1.5684572603107405,0.19295743700168444,-1.304205213746581,-2.208825318751561,-0.25851945429806733,0.07585438562926594,-2.9079351136389846,6.603630714803558,4.304671759732756,-2.999788782594017,1.1430341973633915,0.584883820647752,-3.7009029403381035,0.6681019451901111
5718,-0.42636226334633953,-5.4477983733931055,1.4187476264541097,3.461483398582928,-0.11535236915687697,1.1092819808614962,-3.42596792164143,1.8365466729115099,0.7909060834686157,1.3210546851847056,-0.38055787439433963,-0.14198164552838222,-3.5131222023435225,4.129252019076645,0.3597976768821205,-4.16346919856316,3.601581777699465,-0.4140400727514333,4.2397390299469215,-2.8457863954731337,0.09476560763555852,1.1272553602719206,-1.3259869597448386,-1.2899866426388122,0.9671779399144427,1.5976859941464312,-3.7723010724627777,-0.6789561938851119,1.1773969160033992,0.7089964162855029
5719,-1.6112126716114599,5.5040692658146675,-2.4032321291053442,-1.9642922511623624,-0.5100387246652698,0.9847065107319821,-4.7321410639177515,3.3983297501486724,0.4014677211309161,1.6162667658147676,0.282083075667634,-0.9660062488435237,1.5919876328915912,0.22061345320515002,-1.561552023525591,-0.1238148373585517,1.9180333257067623,-2.0452675509192773,2.7462273584668786,-2.1128749413203156,-2.285261681438886,0.4758468386858139,2.0331214145102265,-0.8570589889061004,-0.19376325379569792,2.5211039824550134,-2.0771779695452253,0.031075608571332403,-1.091568514679846,0.8103301469962965
5720,3.290113656559207,-0.08878831304489054,-3.3497859698559225,-0.8419803066503206,-0.6578425000426997,1.6482834330368181,4.790084842348843,1.210036154587879,-0.8103658321932938,-2.881101682722054,-0.04382536051693009,-2.2648281215037436,0.18910194264687163,-2.7073586512881676,-1.839990613635507,1.2781270781830365,1.213785192257106,1.8663350518367707,-2.562801052424053,1.713891176213055,-0.10048983341820694,0.4208796594726536,-0.35048070949618904,0.8790007596503244,-3.317751127168343,2.421800221893225,1.82588542442668,-0.5514788116574305,-0.661198858247019,0.28274315075475087
5721,1.8424751182198378,-1.8140052593019753,-4.6033189800109575,4.28436452044042,-0.9053418424798456,1.1958264431347132,0.48992149473624025,-5.956842046673547,0.9884957786035677,2.1206865981968086,0.23166032003295456,2.1260778551046933,3.330867412116639,-0.37836125053732417,0.8748634849077952,-3.3643855593360534,2.12323351131581,-2.5862175984667832,-2.751084191716373,-0.5261809728377234,2.274115507677145,-0.9436678733086703,0.38328720506853564,1.563530325114673,-2.507310067828495,0.5051801706045147,3.2738271319808128,1.189944302043088,-1.218889957539698,-1.2427515792583357
5722,2.646625730948081,-0.7864641065410289,2.5192481997753653,-5.856551853295002,0.9104942144975658,0.5666478146172054,-4.374772670553231,4.067891021358989,-0.9037761360408787,-2.6202468668558705,-1.033947981414462,4.864852633506182,3.0141004327535796,-2.140220551860006,-0.5949160422305653,-3.139242532895148,-0.5072952675661178,3.3675739617983567,-2.2406517434165174,-2.4966683269887984,1.7981423459990218,0.8552500711919597,1.7722362054312644,0.31169144778067803,1.4673439161950164,-1.6645042575964268,0.3707716231824598,-0.8109791653912595,0.36052615062770954,0.2768417329844173
5723,-2.6635061675388148,4.389948356853836,1.635570272305408,-4.69938776109375,-0.5362560198948618,1.8736313193703502,1.8073864004711027,-0.5202838473041425,1.1132123087316828,-2.5004522861361895,0.7287991585158853,-0.6286617342775713,0.46283363476539563,2.260768369929366,2.204733331097824,-2.852779984853349,-0.6119267278920653,-1.4636286230470912,2.984880072359516,2.4108816250493383,-1.6339138691400859,0.29123107345685106,0.13435989958809813,-4.187438801316137,2.976597620837918,-2.7054816892320233,-0.3645451968011528,0.623594133920153,-0.03375336409613894,-0.49641150462687555
5724,1.518230220382378,-2.106644990936207,-6.135991445242869,5.179703276144242,0.30234426201268905,1.2423586776419189,1.9179127812791386,-3.303363526849793,-1.1085248744617169,-1.1322372539724181,-0.009034589243737123,3.635247463249282,1.1238681092379394,-2.084973320948631,0.9713820825265955,0.7276032582684593,-3.2672011040968485,2.5293209750125385,1.8748091194313012,-2.89795635921279,-1.7400730132120366,-0.26902920193231683,-3.0838198575962394,6.116069312519663,0.26955395298864815,4.812383837951121,-5.316787552792281,-0.1323677905602363,-2.924096427940336,3.2913139803549676
5725,-0.05872073572292358,-2.100390325054885,-1.4440270436273543,5.621381797062018,0.4330016162809618,-2.4512453089356487,-4.330554233914857,4.151036638093522,0.704684378793802,-2.0215878319795273,-0.04856095626447399,1.5449820052722814,-2.9086530844329435,1.124199660868186,1.175161049804558,2.6663221452222956,-3.125608531456871,1.068578759994793,-1.4391233050101597,-1.6166187599821846,3.515717545773704,-0.3243297080316143,-2.4305499477240833,2.294904174971954,-3.7496410259581197,4.491281257201276,2.089665474187239,1.0042301334091466,-1.09266055867956,-2.742875280158092
5726,2.852025453413461,-2.5439515754491673,-6.185128628893391,4.052434399249403,-0.059617248184655525,1.884237599866557,-1.3100696234285572,6.164006253029854,-0.2036507855836014,-0.7507119009289465,-1.0438935700358045,-2.855680373052163,-4.174780803500395,-1.064615899513722,2.678415754956628,-2.3051655714569037,1.4721832628629237,3.393963256651517,0.5499552616354819,3.081567219127521,0.22150142826244235,0.8364467458323421,-0.9994371551962224,-3.6900334996639685,1.8326539364323793,-3.6176309313807735,-1.0756225149093268,0.2180137193097602,-0.06080460897802098,2.7033903995278443
5727,1.7582654241646694,-0.3255448932822915,-6.108800084810415,5.982588759487484,-0.1386958147920232,-1.1678133907652413,-0.2427139265548348,4.898566434397381,0.792106203192426,-0.8504141845671231,-0.65698436502168,-3.94056016144539,1.6030246996727655,-3.1543227715032245,2.8877320958768458,-3.0633609523014016,2.515848942864263,-0.7889220146092413,2.092641331813976,0.7543592725536392,1.9594974861770709,-0.8831224405244349,-0.5503899017977698,-3.3729857482248953,4.01420201582172,0.5175449845086106,-2.837037649413361,0.36311336700416774,0.08828752562134135,-2.146110243540626
5728,0.9118022649114916,2.958247925718851,-4.694173376206507,1.166301838802081,-0.9597557446470188,0.6175770914232483,-4.552907258906128,2.664214350549198,-1.1902705095612385,0.8677740579668036,0.7726264470137005,1.4385629129384405,-3.5458177237870157,1.797501121216829,0.8456131228637354,0.14815242236804949,0.23086462068406277,0.5236864366543159,-1.2868386662041331,-0.633531555768295,-3.4012956778586894,0.4289030469676174,1.2636750187188461,3.629087834142222,1.419237771101944,-3.129274654415312,3.1009338790354484,-0.2052667117367406,-2.3486343650521473,1.1630040810686637
5729,-0.8389136933933798,-2.564792928980129,4.150454519405358,-1.190617389120387,0.3000698370649211,0.14379965502572567,-4.73223565755255,4.516253660653188,0.3157340631358245,1.3734687558561092,0.6209578607852331,-2.0941786828770077,-1.4561273429112465,-0.2187242932375888,-1.3118420749337627,3.3156601947413087,3.366349576711979,-3.695316060370745,-0.06850328929428784,-3.2374789797675447,-1.190057435908198,-0.2706703607949823,1.9270882846322088,2.839621781130372,-0.5643577957511141,-0.02775787608781144,2.3649171727262868,-1.1649466041668926,-0.2116580578638647,-0.3961968388547419
5730,0.9285529628169211,1.9665570209307361,4.807254063422118,-6.21287773846916,0.04376103543015297,-1.5332473441286627,4.740218309163236,-4.564502926100129,-1.1561935024662389,2.5898140638979257,-0.04433969264799309,-1.5649962518460185,3.2653910532822294,2.1092238256702736,0.02812202959115595,-0.9278020949996382,-3.4052650295993736,-1.0696697839446827,0.572661667996087,-0.4527061224192419,-2.52079790293085,0.08759998967046823,2.592739602649141,-0.2794972349680336,1.49043372827704,-4.442281384255923,1.4152716742426676,-0.7622467453877855,0.5300083430792739,1.7688143840465855
5731,2.2008557776633744,1.9097234632837399,-2.1929428659369066,-2.408709820521672,-0.6569893590663931,1.1480628045799612,-3.652622560902582,0.21439960417133008,-0.8465580775389041,2.6312640306686106,0.5546046416288046,1.0989123619734862,-0.1705915961389053,-2.6488051313438117,-1.6322282821471745,1.7147366338076466,0.7194344610532717,2.01745391476895,-0.37604115641590496,0.6383438214128123,1.9282287259703992,0.2520845376357528,-2.6029129997751,0.16029707116961234,4.072801526872183,-4.735404233269126,-4.3402764574340615,0.8214125727496411,3.2970119846530928,0.8844546064301202
5732,0.4120780859147377,3.8101704324769834,-0.6881339962756812,-2.7939414485819114,-0.26023769432269406,-0.4799353792093086,-2.587578168665946,1.5264570230450083,0.29409796678625977,3.338468246043181,-0.8997462946839985,-1.6716987725237544,-0.05360770850472818,1.1221535589949632,-0.5456662880983743,-3.714545583868487,-0.17056351795405433,3.3622295394306505,3.6950603448960493,2.829822154631703,-3.3793130111314795,0.5001277638333965,0.90810119053873,-4.553798442770855,-0.6766353719732123,-0.2667927159147361,-3.5372591422775237,-0.09036047416101045,2.9475330198115373,1.6235146845168167
5733,-3.153462422863967,1.5339731211282839,1.9879301674207746,-1.4607916078146594,0.684816422709499,0.40753431942217944,6.037354548068851,-2.4782699819368474,-0.8146477821739877,0.4250122191907977,-1.115312325363809,-2.054136677784264,3.567047173297702,-2.124919075220646,-3.8063197440705334,-1.751679008977126,2.76473693646788,1.3511337185027301,0.2574948014961649,-0.48505597356859553,1.8414352705723722,-0.0930697713926838,-1.4200497587765462,-0.10075456833314789,-3.576139410440245,0.5766682562872134,2.9431010488840386,0.33157546090292556,-2.8279393156936585,2.5527339600615804
5734,-1.721955491859875,1.5045959986154571,-1.2354555180123228,1.664412596386775,-0.612297660523347,0.4007000753954557,1.2844140896512428,4.805249169854914,0.8955658314088453,-0.7695713187058235,-0.5786818068981621,-5.636975965310256,1.4275293527705557,-0.20742086229114776,1.755898246850066,-2.5444206767626767,-2.4001459535560006,1.9685598929891945,0.16078642260336196,-0.32004289879682624,-0.8732682908647522,0.4726975910824178,2.808508647120984,-2.2486814711476235,-2.26584231900911,0.1665182911391483,3.722006123208981,1.0153978696311494,0.68389448986124,-3.3219744548295527
5735,2.4310664725111906,1.0355723946942597,-0.14123423403820468,-1.2447401404232465,0.08270962217059141,-2.1633741149124432,-4.123559129725816,4.325364000003759,1.2275511450725558,1.3581483354690569,0.07853986167723193,-2.8660442124960284,4.1187220585849005,1.8652417996085227,-2.8408070809781236,-3.894433969633498,3.7146308789846394,-2.9633536865664425,-3.802817112596262,-1.462990055082619,2.4354921308700312,-1.2101025390861428,1.2535067912936615,2.7869107845988985,-2.54736200482494,1.673924995684061,-0.49232269929037287,-0.22280705877366724,-1.9763809258896288,3.5649476930964354
5736,1.6297180161170708,1.1552779712940264,-5.565080456460173,1.4131065534667115,-0.4027594686943339,1.769737384278832,3.9946607585818192,-4.722582870165166,-1.0641237787431406,1.4753084525346196,-0.15511149654768364,0.47184893434027586,0.6492142394608464,1.9494710142612384,-2.563425165180327,-2.4345053395298777,2.0745117456666478,0.32473350532151635,1.2097583622207608,-3.3202949719288153,0.9260416740118629,-1.1347216844299517,2.9601637155573233,-0.640947095433603,1.358204850806782,0.45340633122267704,-3.4304520882977485,0.03249466724436445,3.424652290784376,-1.8383060517585665
5737,-1.29910653203153,-5.2018935700486395,4.029841256864632,3.61067725941194,-0.11154207323014442,-1.0279763409641358,0.9880788813637338,-4.6433320979844055,1.2366278592837716,-2.2202984364488554,0.8310661968354465,3.8078575969509956,2.8463950895395307,-3.6157528690330096,-1.9730404757203441,0.46468186486309904,3.1888575753237447,-0.9111411849729567,-0.5225889144188187,-1.0039761622236831,0.5355008818529825,0.34481290100480866,-1.1553949161731278,1.8016462099554147,-0.29153017141361204,-2.54093806986333,5.276762356003822,-0.5102371782686488,0.4129088411150459,-2.3469657775714197
5738,-0.8496079019676266,1.7758433217597798,4.277302688409648,-5.570416939870217,0.15236356630798076,0.21451526536256793,-4.926925383223406,4.920963710563907,1.0355971270999342,1.238168137066701,-0.9660522945396437,-1.3017512969668168,1.2448980954148858,-2.4836585561497753,-0.21199327641273769,3.5403383569701035,-2.124688590842746,0.035103971020323144,-5.792217111679889,-1.148742944229399,-0.25505781348685375,-0.9826983223620047,2.1365559972342503,6.0421601945214505,3.437046404526921,-3.7242419251402836,0.5221668835933464,-1.1537163179392995,1.5930955176465318,-0.6743505626853388
5739,1.036705135189699,-4.856370432324688,1.9134690890733914,1.8087053825674282,-0.6995515146244717,0.7970423401207896,-1.9366621560856956,0.45299332202935716,-0.9561632476712099,3.3671821702880855,-0.32944312085700833,-0.5979069677028761,3.76220926712438,-1.339922137271472,1.6289717551667309,0.15720716809699198,-2.037486862008354,-2.170979191108211,3.5025402692598178,2.3060103969733277,1.2830586905331707,1.1625031983838587,-1.645031647097916,-6.609080908054704,-4.066527261694295,3.2071397260575765,4.840551394490255,-0.19559998266205358,-1.7067596899994584,-2.0788041861901245
5740,-0.817910526351973,-1.756439515304212,-2.624889218761375,5.385223567417555,0.9062002340830526,-1.0921845410808793,-4.6621246689025355,-3.361657402349323,0.33895022515122974,3.6810016050246723,-1.1288755333868075,5.1327057744634175,-0.868013417761464,0.6076804440777366,3.23333180685761,1.8896435338781714,-2.5415634568531935,-2.321078910198789,1.7761801353720656,1.5119083519334513,-3.4265312262765786,-0.20213206164533482,-1.5779404647001556,1.9185152653141273,2.386840267444171,0.3938071506975298,-1.2184000526701624,0.6568868487114452,0.5737080154315635,-2.7928422296126545
5741,2.4066526701690734,-3.2320567805325986,-0.20047426376031652,1.0258896937142623,-0.7348492601717282,0.7348379405834855,2.983408267781357,2.190782743136708,-1.0459586167236337,-2.1365061265711347,-0.6858203160556968,-1.3059059515669489,-1.4550983381507088,3.289725404025095,2.2468309490187757,-1.7944335469040418,-1.3967643665852272,-0.8902601014038183,-2.672929816186457,-2.5161158875372536,-2.4745247476663774,0.2313884374339148,2.7609104792925443,4.67127153466123,4.348026690712636,3.215922630777076,-5.745611512946269,0.35097058883687815,0.08830669159608995,-2.257615088974495
5742,-0.8408966204181816,-4.781851461443463,5.78827865550992,1.7518217460978178,0.4873348659861567,-2.4046871857300642,4.716192831302422,0.13094426639586487,-0.5292187807402868,1.304636038984956,-1.1428834002090964,-4.479670955733212,3.2666454328551993,-2.4457210276302934,-0.0439907647619755,-3.2794769513335993,0.2528054015416821,2.2497379093290455,0.3376255873173051,-2.974619261334677,-1.4968408669881725,-0.5695491156558017,-0.7494838043395493,5.4528674609984975,-0.6478619821335982,-4.151579232386194,-1.1033977834589628,0.559682819793065,2.5588180341945304,2.7843381439930894
5743,3.054823471614572,3.5559138206002245,-5.916018850422308,-3.160452349552454,0.7442040159198919,1.7215298918422377,2.0112383085099736,2.9997097675552666,0.7546266248467113,-1.8259914857308477,-0.05413754273338167,-3.8854456724470765,2.5851882909615966,-2.2058168413409085,3.128481116861014,-2.6415661257786223,-0.5010761898923306,-0.3652102508106587,5.114650777494948,2.6632153649464883,-2.5901031538002446,-0.7412610908961721,-2.0169098023735827,-2.429592095373817,1.2735981147663509,1.661356352936778,-0.49894258550027715,-1.0013903970288092,2.070446039990678,-3.505067525162797
5744,-3.7465236608903574,4.939873746817117,5.900524646694585,-5.520206239433183,0.4726470346638796,-2.0463155278498846,-6.184531144913677,-0.21940216241596744,-0.0801585693736806,2.6146544378693406,-0.7221045367215879,4.591541975556215,-3.1051196235374015,3.4626674784972877,0.17666632537334692,-4.051163403237464,2.0405274897901755,1.476421733114119,0.7024898524233762,-1.7272668216617806,-3.97338151281326,-0.045751113465026805,-0.5017329841466562,5.5456425796609565,0.24571482779914078,-2.781764225310514,-3.16040755133508,1.133122230712316,1.3948002157921628,3.168534502343892
5745,0.20668102656759046,-4.14492881444912,-0.5875737597770936,4.374564962626689,-0.8591356483880161,1.0103922334221291,3.821228295159866,-4.711600372428272,0.821690999667199,-1.3505389842233484,0.4205257257700845,0.9986943360551273,-2.597633954192398,3.2110067133300646,-2.45039354064925,3.6747066364920755,1.7038527823599843,-3.5415386373404036,1.3128477058323185,0.31736639845853354,-2.6718623168341864,-0.16001547987293385,2.1192355213947014,-0.9175718289808081,0.04206389592407689,-0.908249894686044,-0.15196281673113532,0.4086220275771355,-2.819826951997907,3.4293537399157685
5746,1.0374773524122105,-3.939886962078809,-0.031244233564120094,2.4260797233867066,0.9305313879173869,-0.4229572680711975,4.5247665033367745,4.177242521302304,-0.07812765471688365,-2.850807933092094,-0.7389576697488707,-5.0341157670805785,-0.21214486539131627,-1.6873517760515,-0.025931951794113672,4.080105979793661,-1.0312785193120693,-1.1233988672446156,1.5502807984844083,2.671046100643224,-2.526301148053639,0.8052074439427814,1.1037363960502447,-3.603969591069358,1.3344909141208028,1.1850333028482467,0.6109626373441728,-0.5580008180225811,-2.9350088475875484,0.36252281129879904
5747,0.8784813655122488,3.6639566614696903,-1.1350108647985842,-6.221129568172927,0.7319035929186262,2.08179881307311,-2.136520419107722,5.178005425769012,-1.1275093883959584,0.9712427843005766,0.15478467324505019,-3.0400030758102936,3.032270731846541,-2.686004846401353,-0.4056234085375898,-0.053023361354096465,-2.8636223091516904,2.9760031935982063,-0.10556445094104916,3.20751733799046,-1.2680828765248755,0.5658701044972254,-0.06506415019687317,-2.334675964827209,3.28213573984711,-1.9801189115375806,-6.130667859887854,0.089678909162199,3.512855146621103,1.2261169757969093
5748,2.046499190622079,-1.7609445466793119,-3.1877718172798915,1.6090434662632305,0.5388312802460429,0.7543424268300161,1.196828991463832,-3.016084429183053,0.6878186295366033,-2.479942406531082,-0.5061384512921494,4.117517666006517,0.40381554781939144,1.229725660423611,-0.442285536773543,2.2827342686708185,-1.514975645079872,-1.9590142950603742,-6.18839749586294,3.266331050999053,0.294830884584691,-0.5687177657866389,2.9910819216319755,0.20487140443155027,4.337602611037049,0.10197405997701381,-3.5506742638644226,-0.6973790066520218,-0.7117291617849197,0.5202057612891835
5749,-0.2649742633621823,4.4876425740998265,-3.4290012751710535,-0.8239930613273074,-0.06805779500776588,0.09838382077063024,0.5873055045837212,-1.3165916201682641,-0.5755420686485166,0.7625174313448717,0.5423848196781318,-7.406678925292454e-05,0.11239558652220794,-2.261053856585539,2.3971315576215986,1.953997242947903,-2.1194614668402973,-0.08300906366585714,-5.878112189576623,-2.449603487513258,3.5535807274984847,0.30762260782202944,1.0615950494945405,3.4049172922725077,0.8901559547398996,2.3290448781799213,-2.2809526833813614,0.17648625346961744,-1.3406416448685743,0.22590724186240685
5750,-0.06158853605255388,0.8507612847225587,2.2182736253179662,-4.056367716575441,0.5466533477525171,0.502267994837112,5.2332457175460405,-2.384145618088695,-0.6987732730627112,3.4803503702270113,-0.6997162236141428,-4.9309609730067905,-0.3099351550115905,-0.6365672914843152,-2.1205275541831625,3.082143667067541,0.060459168151947296,-0.07557283454041652,-4.07156622197391,-1.8294126810374927,0.8090933013801163,0.3938970931668395,-1.1468493001085136,5.844837808570645,0.5653142293725715,4.209391820154586,-3.5729776171538816,-0.11688798127307898,1.366435742087205,-2.4512761931854783
5751,-1.5655933133129043,4.912549070038757,1.7152043012808136,-3.144068877001203,0.4049834450162715,-2.3230746260195785,-5.21905589221781,-0.909472885511871,-0.16095259011009766,3.0711418624774716,0.1424911916767302,3.0758483136863113,-2.8511957087015496,0.8862088541483928,1.2349743061152552,-0.8531912188023973,3.272031930010577,-1.6888281627702373,-2.7445263864927796,1.4628167654880642,2.858133025097519,-0.5010587452294848,2.393866279289419,-3.469230938155089,0.750795695151659,0.020345889068856593,1.7055447126162058,-0.23757755478242082,-1.6279449303761435,-0.6111638116762439
5752,-2.459907512696935,-0.2876030529191631,1.6244953159943734,1.8978566166898254,0.47272310507140736,-1.247564472137336,-3.3986707073547215,1.8241514168343365,0.28899751514386285,-1.3542557201032661,-0.3381118563366581,2.9778893518171827,-1.0664508820137986,3.768523480317242,-1.3629654061500194,2.0684592159482307,-0.9662314621810104,-2.44133494592063,-0.6270119961919747,-0.2686584960430505,0.0882063215833142,-0.043972277350381894,1.3882102879945108,-0.5367738399947655,0.18794614767403317,0.09073045639597055,-0.35209599173212425,-0.1651227269464961,2.3559729975301558,-2.1174308829196598
5753,2.901916319107279,-5.612986540452155,-4.48878604068091,4.5471327243290425,0.5906791846892321,2.0620443530096715,-0.7704639831465947,1.6857938474506113,-0.7287877838799179,3.18660138196892,-1.0161729620772082,-2.3569705003150503,-0.36961150888800276,-1.941512713664416,-1.864202938284265,2.9749821198568966,2.0131512535410536,-0.8128062125612878,1.4242096461808273,-2.1245902585940595,-2.5009158106145986,-0.9155928052378908,-1.9761735817870587,6.093062810050441,-3.2955872397276202,-3.2093807238533607,-0.06974915311076302,0.9769043967722286,2.180846713504547,3.4169660064168568
5754,-2.9815175057497783,-1.1601296632268898,0.118980811974712,2.9139469862228573,0.08556040199873083,1.0231589687824965,2.6133289998135822,0.7259557186520418,-0.2296341710286569,1.1999496872781599,-0.47233046908381837,-3.837269765630559,-2.8208376264636073,1.019754182867647,-2.3071611594152834,1.6133000903767893,3.7864383223837628,-1.2914938097493387,-2.28787891504858,-0.05296719100669556,1.3243721982583736,0.16075619424512144,2.9729445492097213,-2.117226835660233,1.034906487816265,3.2152185499256376,-2.568454010347768,-0.1446107738033504,1.9045252238495145,-3.441585477438421
5755,-3.734820713763881,-0.807197256549216,-0.5668059553293929,4.188345810036111,-0.7665199747089191,1.6869980903174504,0.8219300139839554,2.3609438333779913,1.006127527629486,0.6852753943290661,-0.0298362794796434,-4.8444404898401,-2.7930125382825857,1.6691561574585982,1.9666793945556975,1.6917341849212626,1.1485615545905503,-3.68311875324353,5.952541972401974,-2.2326468038426857,-1.4558435733878419,0.9817400102146241,1.9235614667747694,-5.169353072163112,0.7107072628898408,2.3449190408382883,2.087604846435937,-0.6843519601362837,-3.749420938984647,-0.7094582510412444
5756,2.8491423872256796,-2.714191467463408,0.7249285308838438,-0.3282024804461372,-0.40437524190993823,-0.12730172828792163,1.1671304564369471,0.7512897841393951,1.1507249287759116,0.7161278093711854,0.2790558042611684,-4.06432878298385,-0.3050493373401366,-1.107899389647379,-1.9422186189849775,1.8802268781512517,3.639615188245365,-2.1646747204241183,4.805522315510068,1.9504880261160586,-1.5990226060237838,-1.0424197050008996,-0.0935825652831408,-4.0209854653205745,-2.9935781213335595,0.19065039197686673,5.1316298986103845,0.3079553604605332,-0.299442082441546,-2.33721544727082
5757,0.5948300324158922,1.9069195783714186,-3.9801882800132837,4.306957212408882,-0.9638333873524605,-1.8646851558282833,-3.3544922762430183,5.078347442256337,-0.35783743671903423,-0.8945196502035326,1.190403601029292,-1.6619016801192785,1.983012416933267,-2.5525375255653753,3.9733349487534753,-1.4490505098578694,0.9740246293908044,-2.928783959654293,-4.027213343339195,0.7646793758492922,3.249718130710704,0.8727020335599134,0.6769725558535438,-1.5368587526365118,-1.4443233639254451,4.621752798828716,-3.0510273051485832,1.195812603824197,1.8327998871614,-3.155014620738404
5758,-0.42087249869415544,2.6077932067675356,-1.0243271792685356,-4.232871216581572,0.9801752315804868,2.090102456198391,-0.8332495121091021,4.412079019898449,-0.15785515061113564,2.9920645393156917,-0.48846991861101774,-5.924568977882114,0.2847141625503582,-3.6714798303124034,-0.39292818558919507,2.4644511098054274,2.7286011658799936,-1.4133584223341522,-0.7944908038043579,-2.1038019408072106,1.5581236699317174,-0.6301593811681929,2.282212092227285,-0.31188363638148786,-3.108553076525574,1.3103308169461059,-1.741054086162876,0.9078320388693388,3.39561125930636,-0.76416695243147
5759,0.051936212124797265,4.647994281876226,-4.572596294723489,0.8229856647248006,0.739743690981955,-1.6900635549821672,4.111621504341162,-2.8613010411354836,0.2673428838664256,0.795897168933573,-0.5459052392534645,-1.7676552767514195,3.137959900934856,-0.9351095441514907,-1.5039480821847704,-3.5449612928626966,-0.8065238406027682,3.6525828588669285,4.378530961669632,2.1798907403797294,-0.23551481263592322,-0.6176737784121542,-0.7184555189783097,-4.986777592025202,2.8396001321819817,4.282488476657338,-1.6155536738570717,-0.8602006905420962,-1.602500459049546,-3.043833785388731
5760,3.7267446021409505,-0.59345310815376,-1.6531258797345139,-2.6385369779575925,-0.12895839275633914,1.2873297564634125,5.772310048977797,-0.07410996335762121,1.0791036186054015,-2.433883725735786,-0.9087399375423599,-3.4346800409466134,-1.322204213992208,1.4262371403051048,1.5261216907359767,0.9731312548367654,-2.839278118992448,0.2359922471068714,0.5645372894663332,-1.2581958876143862,-1.192603124826281,1.1407995016392372,-2.0020559116163046,2.747518132949196,3.7492071777736804,-3.8234094087660857,-4.0794954229120926,0.9831999035231886,-0.5070084194862705,3.6775061698694422
5761,-0.17152906612150254,4.130378037849606,-1.4467091908607088,-1.3090331444322238,-0.5538724994658468,-0.6492341369671379,4.503584702502561,2.974742880453345,-0.41473353087314013,-0.06238803981573682,-1.047108364426467,-5.954097647839738,0.0333311495684363,-3.0825032479263204,-0.7001216742645973,-1.962923443021534,2.886363889323242,2.82585332632085,3.10326072725573,0.38807790120617014,-0.34206065103973593,-0.9421605832605762,2.752040035729907,-4.959157429893665,2.916206836921269,0.2082916247917126,-5.477746975611613,0.4514547680533312,2.4085405225129293,-0.5067467766657607
5762,-0.09491897405967187,-3.07759643809354,3.3805288306989816,0.17192229644782486,-0.3287959696713709,-0.05113974532004484,4.39905494780573,-0.675361743077346,0.037304603833330674,0.7710110147488312,-0.20106050205866577,-4.330948321251036,2.4549328194960154,-1.0367966859558724,-0.02405726389514129,-1.160908371904421,-0.6580089736425414,0.4248384759020478,-1.8029359994812744,-1.57637991560639,-0.3694160351246527,0.6380090769857878,-0.06562835575961579,3.176351228983961,-2.3061056809129994,4.691345404587757,2.956623255150415,-0.24438468002633051,-2.890371798312845,-2.2071065004840964
5763,-0.8416729892384982,-2.675833056498611,-4.197465985427495,4.9451681016576,0.4178717191968726,2.3519322103123095,3.2940413253638887,1.7709500745124807,-0.8939593708483766,-3.2613893467734734,-0.9347174186764988,0.025074736422830313,3.3632849418690185,-3.105750761764476,-3.6032190396049835,2.878498904713851,-0.4788058444601262,0.9459917992467872,-4.400158190840976,0.43549113711652154,1.4551508213370923,0.19819657282153003,-2.194404784666805,4.505724444230495,4.340168398927844,1.3836843945315564,-3.2599543601074394,-0.5351634157616942,-1.7051503675356976,-0.2235846500526364
5764,3.655585268787931,3.618885999610935,-5.12632528969268,-0.8954559028989557,-0.40634496336809933,-0.8463451124369801,0.48144004946225394,3.4205587637461363,-0.07336758623976891,-0.289609769912861,0.3760301356001383,-3.9150515926550646,1.7414626461580127,-1.9275263700199865,-2.6454460862799447,2.329975527255403,-2.342969128536252,2.844503411422828,-3.590647733210222,-1.4492489927189158,0.9291919346305555,-0.5665973617935576,-2.0547418684410825,6.732044021531102,-4.888507800112329,4.868152194549417,0.529614065805422,0.5898197939679832,-2.2172500804895687,1.11817182628101
5765,-2.259401450479343,4.4953373826250775,-0.495979236954021,-2.9555812003899646,0.06278891473706594,1.1528355904633454,-5.9027745733731045,2.640086605381562,0.9999173848575671,-2.523744093302101,-1.0149321147180212,5.801446791154941,0.6403076686417783,-0.8167502059457057,2.915232063154086,1.5130086024451082,-2.6589775235659374,-1.5928206047292797,6.118736014623341,-1.2055395764181558,-3.5924294138476167,1.1077976265870522,-0.9125832761168109,-1.5159813748299307,-1.7936944917817534,0.15533289297931674,4.649043504766784,-0.7617533636780678,-1.6874739822805367,-0.5614545600038152
5766,2.5914529273251894,2.791633509275428,0.07659420016812035,-2.3916659065368826,-0.9641080861448061,-2.10390664408488,-3.724487350231364,2.1070081057244217,0.39617661207443433,-1.6079920043029023,-0.31631716826282386,3.145611804999099,3.9641912043175687,-2.256965235626417,3.966567379969728,-2.652045750459429,-2.7671210648379105,-0.2546265333634814,-5.629230519889312,-0.8431474458385981,2.4385909711770033,-0.22677566255360304,2.309663277142654,1.9508993799597505,4.264820762781255,-1.1543243644439691,-4.560388709690553,1.0883361123724509,1.07288493121046,-0.711328732227706
5767,1.2983285525794592,1.93117462940317,-3.7002199447434165,0.6988979012633116,0.6875584630374272,-0.9157396015377675,-2.2381690429211076,4.080460754501271,0.8453124269733703,-0.39641246785638273,-0.21273489128298806,-2.0784567794133153,1.7320542253441111,-1.3919927503964633,3.0800289098826994,0.5700903522459946,-1.4721778989557972,-2.518002838120493,-0.01719607744171725,-1.3153127302336873,-3.5665379546133433,-0.2301509928170331,2.870136322065317,2.2590614330383225,-0.07538442131137302,-3.1454474323192976,3.23892347242489,-0.6506144624496244,1.6424138980075291,-1.0098910543501791
5768,-1.19028990788056,-2.871780382839521,4.386144957360088,2.229830131838277,-0.7353885755078764,-1.8185162229682295,-1.0772185607328808,-3.8635373734054568,-0.13477911175891233,2.2659164468930726,1.0326955509567854,1.7769230480482818,3.7490768492390742,3.3652127403425283,4.192759910930331,-3.6337442406279443,-4.18775044830711,-3.4855548115768062,-4.856271165861688,1.4188349834268337,-0.37513613708231475,-0.48403896953106873,-0.938803788828837,5.235415077874968,-3.4421342332797167,3.7440865107253494,-0.7341088897294767,-0.5295864439952185,0.7894736832730853,0.17226937300791256
5769,-1.3169241765820665,0.09605350155922565,1.1228948864412516,0.667656821588615,0.5682332790791325,-1.1379143120839554,-2.1605915804328717,0.7409948933813162,-0.15005654822897263,0.41697593530396304,-0.7295273009160761,1.882204600893516,2.8941938899263704,2.9640092369580096,-2.7502732066015216,-1.410178955174139,-4.07549883681083,2.377747871702166,2.6989720469917167,-0.14477687448823673,-3.718387200916622,-0.010537373116861204,0.6363362687293357,0.5383931327985536,3.9509147333026995,-3.5389664687938023,-1.8826574815124246,0.6139816042648967,-2.697545632079885,3.554273244820447
5770,2.020046445738128,-4.26035105346476,3.9319210540708447,-0.8211666513899942,0.6887712290902801,-1.559221024042257,0.7871124580039641,2.5197529110235557,0.7212993313169758,-3.2978645569914846,-0.06313981994144768,-0.6671603234106662,-2.63275747987994,2.5749949446915323,3.999412833440072,-2.8760772396505594,-0.8116966107645496,-0.25387644783652163,1.5833862699943424,0.08134935337555405,2.7335499885231656,-0.38487822774385005,-2.5213741312200373,-1.4920332529313072,2.7148837470498215,-2.7993686219480693,-2.0136241867742726,1.2157319150950485,1.0101593573798588,-0.1277822108004365
5771,-1.3330832484428292,0.8187450976812194,5.177187955899491,-6.109068360942196,-0.7173344293989321,2.163552985205495,3.862230189063208,1.9158109010723656,0.828162419947736,-1.0536129677694852,-0.8759860016209036,-4.676604540692033,-0.7317134718050049,-0.30544565627505804,2.9728960615950513,0.40169977593019013,-0.6850358274095711,-1.652400882035554,-3.7993859182458642,-0.6791818140011614,-0.42513199146094394,-1.0886436540235835,1.8289063257079246,4.163437052021493,-0.7113563465604997,1.9464181823930105,1.128215621525971,-0.979762491629276,-2.579804200891573,1.1962892351643504
5772,1.2091970429348855,5.440834048850839,-5.16047711791073,-3.1779041901957825,-0.1385745040288442,1.826924720351883,-0.7928011672621231,5.727961678743505,-0.839423468694732,2.0407513518839835,-0.17339563446976314,-5.963092760199999,-2.2771673720092007,2.7978992850827673,0.7803761934976272,-0.9809020780700735,-2.6074377964328708,2.2872317679317753,5.013563652620174,-3.0108443571445314,1.9471830453830172,0.23301561735731813,1.7485956256964208,-5.931513583914551,-3.3647724237841423,-0.2573098182011009,-3.2818686481271087,0.07389489860913923,3.1070329135718637,3.7230230779333446
5773,3.228704214462489,-2.7783309655183643,0.2943755282803622,0.3476454575652248,-0.3979954619303505,-0.6943987728571166,4.9256035176741015,-5.851032741128012,0.6343693876057079,1.2532684195504338,-0.5992272057547634,-0.3629813779465856,2.79271343265572,-0.5640110035346346,0.4836586694490457,-1.7845670489105743,1.8107952240592233,-2.738589273718768,-0.8409778301659578,-0.6542189522227382,3.6543633588856395,0.6071768935363648,-0.5673566573232147,-2.1989868127122385,-0.825846208066487,2.864020565727781,-5.082080156611934,1.0129226131316749,3.6003081997510478,-1.5693250139300492
5774,2.202733817023816,-4.753437877507633,2.925753649005472,-1.5393166458474212,-0.4056725752732899,1.569939632601315,2.476263615744273,4.298607156684589,-0.8732904968436914,-2.9525527845621546,-0.4426396571948903,-2.5063878338272616,-1.5537010984888777,0.22531683258475965,-4.162151909089669,0.3321958331329746,2.594036235377242,2.5643041064836005,-1.5482657783677922,-0.6401740975218146,0.7976964933189912,-0.5471694722979619,3.06684932912038,-1.1289364742539298,-4.426586970192995,0.9179162862508896,1.3304599822952135,-0.44611761674744344,0.04014419746277298,2.584184120933614
5775,-0.6479451962384601,0.7731464751610915,4.474894097975131,-5.227259428621544,0.10987184736989741,0.517292204356135,5.8682325218915565,-3.0803029614013084,-0.7551780907875578,1.763015648623984,-1.0870475373480986,-2.708719580977732,-2.6072339320411846,3.960506010660449,-2.1034953837243435,-0.11533882996748801,0.42053514685455085,0.44502698821802333,-0.9792582432405723,0.5727279014361564,-2.485563006966494,-0.764756282281005,0.15611879105960114,3.5007308399902257,2.956412472823125,-1.3188739551859605,-1.3029444612410472,-0.9018948366691228,0.37220229995004495,0.1950984803250364
5776,1.8510145722038587,5.365479491011662,-5.845883193174661,-3.9381077516916356,0.8804374322949724,1.6870594493580455,-2.498404144703475,-1.3200445288979452,-0.3201985404968788,0.9002662867819211,0.9205621369542731,2.317818790362942,-1.0606833033447813,1.0463867954873862,0.646651554157895,1.348305104132077,-2.960368928325254,0.9797087778927143,-0.2115907236341137,-1.743323759625513,-0.8041313162009871,0.2621411587496212,0.30868408826591676,2.1882205524429565,-4.549880737748168,1.993518259155067,2.1178700864465476,-0.7943169518091686,2.2658829961784477,-1.0330736522206614
5777,-2.7645387572958224,-5.111165159486504,5.430765153963382,3.788268457709254,0.1966351594004383,-1.53996485428849,3.955965952756177,-5.869247258868263,0.307539206523181,-2.612630258373482,0.3729963926874875,3.845375965275764,-2.2251533842443543,3.1850696832193037,3.8099292466520502,-0.03169356961262082,-4.060019049766142,-0.6781329262481925,-3.03184096898271,1.438914116761655,0.17351641182070665,0.6272298307806219,1.5075815498250158,-0.7154009402074486,3.253550299615192,-1.650119282233664,-1.130681995484153,-1.03472978155853,1.2512254822059177,-0.689244722542723
5778,1.861654972226745,-5.645662554158232,-3.4128775039410932,4.694549027239681,0.1388028988341632,2.363533159801001,-4.453993742138632,-1.073004458877655,0.3106647197430048,0.11314423836041954,0.5055882344560185,4.597601008457662,-1.2897092409320106,-3.5643069597689667,2.9591006949828937,3.4686762288424866,-2.826760222365646,1.2529994992412732,-0.31562697813028606,-3.1180266486578656,-1.379318010301505,-0.7158595041228013,0.7612091547848348,4.7676219864255,-3.6945532056859776,2.3616542011315644,3.032402483230598,0.5188480233608086,1.1244653497573864,-3.3428168517923424
5779,-0.5986864115827721,0.3692796760266539,2.539297395558325,-3.800762909246469,0.18296838588744002,1.307903863359055,-2.3446826959549796,0.4156995594708981,0.25093626641765177,-3.4304761199336564,0.7104543093234907,4.3980686806774365,-3.6086652128333085,-3.9951719464997293,4.186740053642769,-1.658144458069188,2.3488453898105064,2.726396173949027,-3.4758682387423754,3.122570647461142,-2.9621618366291305,-0.931476360651379,-2.292395839406188,6.539331627965815,-4.387813981033421,-1.8103176590811287,4.283206252811365,-1.0447824036886968,3.0971796718909275,-0.13747188089697993
5780,-2.880757966664463,-1.6381903093683157,3.6806432930535493,0.449531250197694,0.8784698692088808,-0.48969613642512044,-0.2870075726789487,0.02008767199518502,-0.13724525625045558,-2.5343675559070427,0.5388738816688132,2.399658831173312,1.1337455555431184,-2.4052659083170713,3.3149568180489304,0.051321231245438526,-3.1021433675649916,1.0073856710447089,-4.714539638958389,2.530652649291529,-1.3075545986703148,-0.2177357988872215,0.8308879309424952,2.8782894562797843,2.436099970877425,0.048765455197834484,-4.3449076969543725,0.19286530791818812,-0.4214323937245794,2.0886093566875807
5781,3.2490728193064875,-4.657730480697708,2.5521879736400486,0.005121160089323951,-0.3061972291905135,-0.8424542431454505,-2.8009896574335933,-0.18618676137639767,0.3358640208302539,2.8692267663955953,0.1446612241728653,-0.36257559258782734,0.5972409310271125,-0.9778622732841775,-0.35897184230821466,1.1868778236178201,-0.6712617367281801,0.22397709767578,1.0630198298906812,-0.24487978175819158,2.0882516701709903,0.33724519853744894,-0.9193125353864495,-2.324324381456595,-0.6319059556888753,-0.433561376044203,2.3873484170208066,-0.42340950028818014,-1.787457024852559,0.8889854398550927
5782,-2.2959631227538626,1.8940254814567012,0.9522872091323045,2.0313775865911374,-0.9479191547147057,-1.6338079997093669,-4.319002426341754,5.468255346182321,0.3411670315674069,-1.5876872894686738,-0.12866187309769916,0.22592921115928633,-0.4976008522139779,-0.3717637333245243,1.5806378212068424,1.2890748337093143,-1.8527221783470704,-0.14762589103044554,3.619541747268091,0.7253152195721349,0.5125046841226464,-1.1411470548976674,-2.400441963925932,-1.3157726321414032,1.4530646986143836,-4.780802511035173,4.058271420180141,1.0858794303973154,-3.1473784940204776,1.3309654558658721
5783,-1.2050335558927436,-2.3202893457371943,4.8730083770344095,-1.366205538145092,-0.03832280093554852,0.05684286367835689,-1.137971933741607,-3.499035595740665,0.8034762313459796,-0.3725792141332924,-0.3296180191681515,4.53572853143865,0.7268392380125128,0.7979597566596617,-3.2943632430856535,3.6946693380729307,-3.9520679762796185,2.0269628866203107,3.386729700735831,-2.160195388286283,-0.8597645410058767,0.1862687346779941,0.1759979259763913,-0.7290364321001874,4.80874122233087,-3.216156978646179,-3.837073863517734,0.7018780946698504,-1.2171694891773797,2.7597810143426393
5784,-1.7669418652273219,1.095974032865172,4.756291646544955,-3.6204500411182643,0.0119547049664952,-0.4768284780288212,-5.486504969281082,-1.4377739862831795,1.0689846816326884,3.1559088569924008,1.1675569157776957,1.53182850116238,-1.555229347723234,-3.6341624029577186,1.5975236835102784,-1.6642029100190925,2.700276596875014,2.555794380314911,-2.142084709851158,-2.2263975590647114,3.2765200843697073,0.8332919124398019,0.9176796740394817,-0.6590094019352115,3.2016154577051914,-1.9062405228648593,-4.172613509068476,0.41588610698243844,1.8860627204819842,0.5752897467658133
5785,-2.2343795589428375,2.3172814531895547,2.5198288883406583,-1.2620048800873107,0.5029998293663303,-1.8437257318641382,1.776700818910033,-5.00600726526817,0.6368684071668049,-2.649725480903591,1.1765992214132224,4.065564298682613,3.5760933707219458,-2.5667177829978343,0.46708227547863146,0.007421761574168073,0.753320616011262,-2.2372002407880203,-5.9668716539162645,2.464185592764288,1.0614808915069318,-1.2477483300903374,-0.25951807149776407,3.948471571231117,0.47140640502411557,1.0518130611906784,0.4234598626935373,0.9806755701026875,-2.6678279381705057,-0.25952696083841076
5786,-0.9323917143889116,-4.0294408342937125,6.158200669964653,-3.9737558225848097,0.9579704353942327,1.8194172659108077,-2.960410277224131,-0.3074997202105827,-0.8785436594741416,2.818810159401032,-1.0835190194566202,2.411162516965369,1.2249198838648212,-2.4436199359529844,0.49467892775034983,-0.8577108322829758,1.2306939272760111,0.3510380293449522,-0.02291997207147034,1.8478364940622036,-1.2225141546857934,-0.362376193455197,-2.9203840327937627,2.680357858941946,-2.456552672614375,-1.1635730558901614,3.3333610970159526,0.9803242340003866,-1.3207920091144079,0.6272324066047457
5787,0.30064107503052284,4.820503995720578,-5.888508986971235,0.009094134254123531,0.9830185513206944,-0.22474876935243948,-5.395611112649082,4.323044336915125,-1.1162415361779776,-2.055350931884597,1.002859343927966,3.241299899869471,-3.735121529921896,-0.6143215703010867,-0.6159491595518105,3.4732004601860105,-1.7835373855369845,3.275729185125904,-1.8428512375331074,-3.1463097121491135,3.993984714139799,0.9941994962051899,2.6582203211109405,-2.657243581775795,-2.378210627696202,0.14988660953714472,0.04779045170513285,0.11022519138794085,1.1573345830647028,0.9129737920034344
5788,-2.6212030800129735,-0.8226580084685011,2.3624095903397624,0.964769944005397,-0.04207134557102954,0.15875289970958484,-0.6843083229381648,-4.395009009337567,1.0112474279072634,-0.5113303326335412,0.338404748493196,4.240995488509739,0.8715299491540378,0.20557666192504342,-1.1072361777690283,0.5834266377303763,-2.2616777204795255,1.708380649439242,3.9198197947736304,-0.3578136142429891,-3.0190013940919105,0.29502296748227685,3.1470510205923645,-3.985078774515454,2.8238960291982664,-4.394969255167084,2.927253377070844,0.16893447267525996,-2.6738245739996334,1.1487099502244753
5789,-3.6532096953811095,3.2508536410043725,3.1260494621642962,-2.1369596665938175,-0.6828415548199047,0.09610781362843035,4.12013954014461,-0.8521284470030999,-0.3352416627156991,-1.1718292534146926,-1.2211510023398553,-0.5397891746703287,3.8401892001636355,-3.1150682456610745,1.3303503162409385,1.9176648963449452,-0.6364124040117751,-3.336723763076545,3.0468998418104682,-2.0757527645787324,1.3819784298724826,0.856997094908464,-2.301551845379839,-0.908570756634937,3.415451467553364,1.7488331570447784,-4.560302061866125,-0.521195548527337,-1.9499385522700052,1.8671515380674464
5790,0.5853945918544365,-0.413692694573637,2.5268625438043593,-3.360869579063319,0.3644656239763844,0.29783951400404796,-5.012030604988528,5.886534214392185,-0.6804292531328837,2.933890999466776,0.875259141411787,-4.003224497148388,3.8171120289496265,-1.5384473705454482,0.7419128631350951,3.778554805170611,-3.194567030167091,-3.6045652965426918,2.650870743032552,3.2850965274522252,2.980597598507792,0.6625124568011689,-2.938361992030952,-6.640715333764874,1.5381279386353341,-2.9495291151848804,-0.24205185969583454,0.08042843010711032,-0.21546547529723803,1.7884900814376152
5791,-2.659585307710355,0.07929314104155338,-0.8118416449904267,4.751452272083885,0.711410716367197,-2.0707291767896017,1.526918266168888,-1.286875776566319,0.9194121074079238,-2.5559935868933827,0.5337271792189124,0.8628118106649332,-3.032361065625963,2.866094091732574,-4.224932282040259,3.09663779982791,-0.4719846985888303,1.7665461546947014,5.107229338322579,-2.8693226548554485,-3.8611187880912574,0.35744115950969757,1.2654138461835345,0.00035709892883062366,2.8622181804771714,3.5806881026858157,-5.120621202223081,0.508532397795153,-1.9567676295663805,0.1259501508333667
5792,-1.3246419026055793,-1.99910200986319,-1.321219153410297,5.0676905823545475,0.007844999460236757,-0.43057251593348944,-1.5378678552584937,-3.4781278769821853,-0.5895687697858056,1.8806003801233082,1.201629216178607,2.523334905725516,2.262114351224067,-1.3599185452836107,-1.9676355848388756,3.3998815426005606,0.37777954095466626,-2.712221304656648,-4.8625167655954975,2.7420243947235043,2.1439602619755718,0.6559134350685367,2.7557525685656223,-3.435133894739817,0.5253918889314413,0.7292231924934107,-3.8939052719003335,-0.34920279052077596,-0.3247499343749052,3.3132429153731806
5793,2.786587492634368,3.8184288153588746,-5.8764694015341945,-0.8300687706299534,0.64920056655592,-0.547678702382786,3.510181665650972,-3.496803309475645,1.0871031525064145,1.2661352698398005,1.0537544663231655,-3.420371244843782,2.454805188410127,-3.3531742124216013,-3.1031248112073477,-1.3109705439264072,3.7454934422631183,1.5669709368823028,-3.8037645721589897,0.08186945376788302,3.4349365430221184,-0.7564764809861222,-1.8833868556826232,2.92682191203566,3.383097166304644,-4.090279334257071,2.3677249144769625,-0.9632579641654395,-3.0118111097794618,2.3145263274223886
5794,-1.600590738764259,2.3762638477170874,-3.429396121280302,3.0348657247820654,0.3657011185059722,-0.7468438309583423,-4.593806123178503,2.422916286982595,-0.9268903247668598,2.6881422313535026,0.8371830486025615,-0.42754511899239134,-3.144146338756565,1.113716783548636,0.16686218362724148,-2.0583209474075126,3.997793528764827,-0.07590520977644566,2.40209035893783,-0.8714970304373573,-3.4700074160567116,-0.9979923327128617,2.5361546966806205,0.4012517235863662,3.084721085114392,1.4980830077780674,-0.7671158226920589,0.4868955809028135,-2.465364592229994,-1.8372192588712064
5795,-0.5345455198312177,-4.14091545472872,3.509922779971564,-1.4338484359508037,0.1118447769499582,2.487541853591434,3.8075510188876223,-1.055356850455503,0.5706515401686012,1.8289034207863573,-1.0917100602669954,-4.060039069119195,-2.1051506652160104,2.596015206231172,-3.592806233091993,1.781658794338579,-1.4206760391629327,2.740958936901418,5.443039459626384,-0.2412354578824818,-2.2528682490405725,-1.200663060198174,-1.1366276546748146,-0.6116450378324103,3.500981747395034,2.3169125973991953,1.7770371960892604,-1.1942743050981801,-3.6624276700808007,-2.7382295657025324
5796,-3.595525795221816,2.497518815916866,0.8956806779148181,1.1083917144905513,0.6463252830515276,-1.5523906961497822,-5.735049973547312,5.109911296161705,-0.9300086181484417,-0.2013929430980621,0.9905256645904394,0.7660145740425754,-4.156147102187342,3.963112661492275,-2.507906415438466,1.2838433963340208,-2.0956883205149897,3.5127857803147364,-0.021464646435031653,2.4454987434115303,3.107638776966052,-0.6061121816299702,-2.4668252170188776,-2.458735475295736,-4.289933103179257,2.420672135114607,-1.8869491051125493,-0.08436317344535382,2.6295691347406205,1.2110041118838915
5797,-1.27803993057627,3.949655255640387,3.02893939876126,-2.6401841703155924,-0.7904047786326083,-2.26996577487499,-3.7165672561817296,6.076772262757082,0.8060302913644621,-2.844810722913536,0.28359117259126965,-0.6050157476166547,-1.3732916522597183,1.828052203588225,0.5795702049928444,-3.4558188278635242,1.1613682113990755,1.2601198601433374,5.73654016641688,-3.4827284874374858,-2.4909073952971976,0.18504910069737335,2.197228477407892,-2.145181861789471,0.8110018610746224,-1.186395837983163,2.1290408281250777,-0.12848784028994942,-0.31530498286940656,-1.3098540280552573
5798,-0.9254471397923094,-1.199038918291535,-0.8925807223582467,5.03625682717157,0.0638546368815831,-2.083044683608855,-1.0714566782528863,-3.3246860120279784,0.8023666330714248,-2.3551157333558965,0.8503852782922063,5.09850651227401,-1.9116966958808312,-3.6371745188249225,-0.7632118515524731,3.8465085196610325,3.693682641890554,-1.2281080952930896,-5.045661069321184,1.7196136898653531,0.3043804907299297,-1.0934219164015722,-0.7920348701026434,4.907123675228117,-0.659892235091899,4.056537116530471,-5.323721744040178,-0.6539730602939775,3.245593699663857,-0.6645437767663189
5799,1.9192972346522907,3.052578571593912,-2.1263859488579655,-1.0101562519533545,-0.9734649892635685,-0.8618686161690778,-3.993592900421575,4.724739023641149,-0.3107401973404986,-3.16314050608978,1.14717689891875,1.5955576812928172,3.3273955522555596,-1.8518863805765093,-1.22997403411825,-2.777030518706649,3.968635037546246,-1.437139656400122,-2.9784450210685947,0.5541819311338898,-0.28431800748266767,-0.8185316024442049,0.9768696376522819,2.550243062207244,-0.6424400372718893,1.3048106978472376,-4.251920462427471,0.1809594633711944,1.4936134617353325,1.9149768767475415
5800,2.4514878195685306,-5.230060494908418,0.5273091432847004,0.5522366314199516,0.5450820816429385,1.1539448189945443,-0.6114653492959015,2.108755610625135,1.2073679122150995,-3.6325380118744732,-1.2186899671074691,2.1465698054384745,0.672068092758586,-3.1928600608561197,0.4706332285774337,0.3527183675146688,4.202692490369888,-2.5052521183642007,1.3486947226315529,2.2784380268158877,1.4497223162885717,-0.8724264683917644,-3.1788827386812457,-1.0255458586650654,4.924264358327637,2.091544702307978,-3.770407098081769,-0.06085699863346772,-1.3492510130410356,-1.8352939508773787
5801,-3.4760455851308816,2.188588694654232,4.254611065289325,-1.9554135681706057,-0.5188213840876434,-0.492919222552219,-3.4751786733979664,1.7474849707019509,-0.4227642714241764,-0.7331662098046117,0.5511506676186126,2.3324735163070542,-1.4727526685742731,2.1403377364718885,2.51208452053071,3.877364817418286,-4.158568304941987,-2.898466100904388,1.40152865901673,-3.368067151131239,3.257286112597818,-0.07232358622376722,-0.2458466816235294,-0.9725773526380763,-3.5787710833358943,-0.3759316868175766,3.5713711006877524,-0.7212273416710229,0.7646490814902211,0.33990992964848843
5802,-2.0696234766142254,4.257439887903548,-1.1925418213643617,-2.0921152084797114,-0.6172804449648175,1.7141210635217465,3.3303855977409462,-3.127910974197828,-0.44606948383683953,-0.3756046742772128,1.149968336871777,-0.5307688022999884,-3.4230646414354915,3.2324111589858937,-3.653201095845537,0.018783647298750594,4.131302204584703,-0.30623127358809477,4.498080980503971,-3.355891954100729,3.6718633151658047,-1.0683524821982373,-1.1295195179246207,-2.61618034144826,1.7125229980449284,-3.979983922583372,5.325119257118466,-1.1534218171373163,1.394822049074964,-3.2990585645157022
5803,-2.6285998230698375,-2.2060571864147818,5.008919266425913,-1.4384942522415614,-0.21804707387768785,1.4822790691801249,2.4989203114022978,0.8890584213989641,0.18203925568287715,1.4426884010430285,1.1085093805719533,-6.121215770098257,-0.08035329633093369,2.519941728038255,0.44497912605837797,-1.1521740362058903,1.0954044774087173,-2.8277979989682827,-0.949221147676365,-1.9920247246117526,1.1560331499195655,0.9972075345917784,1.0095850833092541,-0.22157989553454627,-3.5887486075930077,-2.810652662890778,0.8653896924142046,-0.961703320377902,2.8528967810863612,3.642818117363099
5804,-1.9077278927006365,-0.10930514190424034,3.065378633608443,-0.2003164117159706,0.3651322957570673,-1.2131614830425033,-0.33012571748147934,2.425191091133815,-0.3430903947021644,-0.5294338428002092,-0.2969532764116476,-0.9255878597374334,-0.6038211961011726,-0.5587686182707792,3.4295353849118335,-0.6189001637217011,-2.315835678929277,0.6677902721113398,-0.3637646981891507,2.101083220149466,-3.1244408122296115,1.1887526917175615,-1.7051090177318766,1.9034786162815571,4.1046571035855735,-3.5630569207642004,-4.998631873828472,0.024536986057022148,2.975386512281439,1.457108192670617
5805,0.751342802213335,-4.073787897246351,5.354415002599303,0.7352256797085275,-0.41668597815686703,-2.3505096091157727,1.1025630616914697,-5.546097499440233,1.1111736783063648,-0.6284363147614567,1.21045527342046,2.7503418007842875,-2.344201327548033,4.024064412278662,3.883409208710578,-1.8183499600487671,-0.7398015643984408,-3.005120768993722,3.2742696279116394,-3.0031358841508364,-0.8095175275422584,0.06874836302941034,-1.266141522045622,1.7357769427956278,4.747380051786763,-4.8824039984529435,3.0485817630209873,0.08635314957116247,-2.660112479903475,-0.3397984860205199
5806,0.5075271162315254,2.7574441505475313,-4.032561199871893,2.7201970455888116,-0.05811090181102685,-1.8944962106827532,-3.620320873149055,-0.21254174068741705,-0.8288608358787437,-1.4646263806928417,0.4832115137319999,5.6431383166769535,0.9464965347704926,2.178742218206647,-3.7333876426758668,1.937957960781354,-2.8191280255936384,1.4893189545112762,-0.217274054656869,1.0869319093845338,0.29446663979392795,-1.0362306329004523,1.089575455009495,-1.217469316632684,-2.0023776099299724,-1.6092288257577891,1.1309497654418337,-0.12326256843944883,-0.40771353560409196,3.0116327742914493
5807,1.8208793915681092,-2.142291605849355,3.794829040062144,-5.176898682500994,0.543244515555672,1.1602373411666562,-1.7314312820597237,-4.154012022347402,0.2800773514702737,0.5935209688150191,-0.21504929949042406,5.22689428361317,-1.296660166409568,0.6152399082144271,3.2843653867922704,-0.7754721084640117,-3.2909562826086134,1.463483262475716,-2.7226308437145583,-0.7110239233839426,-2.3854334190968025,-0.7715591839131877,1.5365308336323658,5.054116536474076,-2.8076693805408866,-1.2539915306291505,2.628678116684611,-0.5358193314961177,3.5714141041772685,-1.6026119781937496
5808,3.3476074629352617,2.650735887377298,-2.968298149448099,-3.355678434936113,0.14814432141898992,0.17748891265489775,3.533429346269898,-2.3241014470432475,-0.7601286000300806,-3.170519511966077,0.32690729543498787,2.3944129173354476,-3.700296723737674,2.77860614113688,-1.228858522065078,-3.946726920362096,2.5600278445921845,3.537248180435963,-1.1538662050495212,1.6206764336775485,-1.241538260945303,0.13836054896466177,-1.850888317262262,2.4872558006128216,4.38184139793551,2.0146426224580622,-3.3404282311678912,0.6586276138908556,0.030799340571187273,-3.745482743685752
5809,1.62373647691102,-4.097038839521254,4.453743272395943,-0.5015866997615852,-0.2798943222020982,-1.1989598878198144,-3.681718637010942,4.717279469183591,-1.0722691473094095,-3.2210586554387675,0.7614418869352697,2.496325083641164,-2.4637854418781746,2.6159139302512067,-1.4380883153342605,2.9364014547301807,-3.1327064693549254,1.4822648415861792,-4.015833540383916,-1.2124513434052027,-1.8172725292747174,1.1854386815827151,0.6542832118343771,5.205835519644687,2.299295558544852,-2.8730571470872484,3.9872584064982206,-0.8672017293437726,-2.667837763097932,0.12154267448783784
5810,1.234358579901901,1.310694940422188,-4.496640712069279,1.5578947611763816,-0.712334214067535,1.106026644638547,3.1362637848545987,-1.2691331650338675,0.16551272814486317,-3.686030681297275,-0.5460171935334435,2.1994045268660543,0.1360375562412699,-0.4957391757971834,0.6965522483397351,0.1873216870653387,-2.2365689635364525,1.7123966476875232,-0.013462865889316333,2.5518881719405755,-2.9390980526239527,-0.05986250986546615,-0.9065565657229939,1.367091822159086,1.7674334227768327,-4.18586059758921,4.661028863108921,0.34277801655208506,-0.31681775852462835,-2.268561946322036
5811,-0.41633978181740794,4.978819308698416,-1.2050433635721554,-1.8443977311489554,0.33262997358635005,-1.8456684057440444,5.909814070895834,-1.8019064766584307,0.7944277420697485,-1.3826047064633915,-1.1571991402873167,-2.3625314895555185,1.7018261019380283,1.5322212521090322,-1.8520432964967526,0.84641557964353,0.37970295345881766,-2.6081225906524708,-2.3630320555521607,2.004321228174515,-0.18253596907129932,1.169303420470765,2.3116712139489195,-2.9397278379727894,-2.940699418802975,-2.0268841174172145,3.690352207885933,0.5362490149189023,3.193435032208928,-2.452452718791621
5812,-3.3686365749754312,1.5398184883321697,4.683661925416843,-3.716833069670514,-0.7162456033783613,1.5782348342774988,-1.510001364956139,-0.013605960663245042,0.5417451062814873,0.8858570661788896,0.4986779190986388,-0.402672765938739,-3.3553968986915272,-1.4660670746231474,2.3514659396331936,3.8468654321360596,-1.204231447975543,-0.17263595047884728,-4.445843566261029,0.2637609851976226,0.3280026134201002,1.2416053361955077,0.9507168351494357,1.6617577962963068,-3.2406867391588676,4.971811547963025,-1.518192545680332,-0.5732851741671041,-3.2573032889374893,3.61765619998274
5813,2.0288764293080312,-3.516237910242957,6.233011831762511,-2.746831084455753,0.4158988298309332,-2.4147180962005885,2.8191354320462807,4.512987894176426,-0.8850914403151453,-1.4063462605403476,-0.05598742675900237,-4.984698198607319,-1.2000814297174767,-2.9241819723863305,-0.9937027997584451,1.8845278012895932,0.12662485982730942,3.10681354074552,-1.3415843520798987,-1.522914386490017,-2.0620841700308006,0.8274483063093729,-2.095306250155849,6.19444085244514,-2.0065496561595033,-0.6639204503920269,-2.638327435259427,-0.5835845293251172,3.6997143527086607,2.1926677184293766
5814,1.2728349774240932,-0.62210432927996,-4.074264468521829,4.56784245367292,-0.33139340027380526,-0.812915233019238,0.33250990069888786,1.902245149052849,1.067100540380853,2.6440264736331542,-0.369047969927931,-5.576834093836915,-1.010187560200281,2.1727498899313176,1.8477458819474002,-0.6514263710921959,-0.00859955917845312,-2.3502822814076367,-1.5485714618803712,-1.6186971237210983,-1.3267268694672882,0.21554064100180348,0.010384947274479472,4.268069866790409,-4.24212882531412,1.9825020935641469,-2.396350353136313,-1.1590625666895886,2.7043955304234686,3.1106441211543654
5815,-1.662436783419551,0.5033891473786376,0.8253419011966479,-0.4605846556303419,0.3584445656601498,0.43584582481662437,2.81865870010785,4.3317752165458465,-0.8334867364273473,-2.9478587555031783,-0.7946060681966802,-2.5744823565256,2.1499434336652996,-3.7151911453312714,2.2965491632571435,3.4195975983565923,-3.43322263605201,-0.7176764138956155,4.738068235635875,-3.1603727762761693,-3.273715368025133,0.4107460006269603,1.7798387898484531,-0.49456488181203895,3.481580964406266,3.1687245942067612,-3.5467452620488906,0.25712947581739165,0.0784958588334046,-3.439185631212963
5816,2.975234619767356,-5.1044631574538215,4.975370269091393,-1.4003792564270476,-0.816949298428947,-0.6288131765467746,-2.976240602367625,3.3025061922039036,0.5827526797452229,1.0881964464628453,-0.13548757942680734,-1.8617271366166577,-2.1168316391450315,-1.584562829619239,1.2701492528864406,0.7902962326144589,-0.8524527186833453,2.4934017019468477,5.33348679202895,-1.4848791641289463,-2.4840997848793105,1.1368538304695655,1.8006802062788054,-4.302041879771096,3.008915813404098,2.105457785991561,-3.5935230944879564,1.2018883908285574,-2.2496060398275723,-0.4731328559067123
5817,1.5064731728666274,-2.5217615348717892,-5.289099656623996,4.294654125804936,0.30616680139429064,1.7035670914320722,5.0483192348714745,-5.772044762008832,-0.3907579082751207,-3.5194272061882668,-0.0168048913389649,4.6507155329405805,0.8701346970559989,3.070782754068741,-2.1483180527368404,-2.0245850874919,2.7915386526395594,-2.559552963535424,3.4554039104193635,-0.26624993843270595,0.5446496730174566,-1.0310043018290607,-2.163581869132713,-0.539217474044392,-0.28000884950042604,0.7131316231633811,1.1261316733307751,0.16765412232414256,-2.7611233288522357,1.0342147595363649
5818,2.4619671142483703,-1.590922008531301,4.056642136081166,-2.29041855333136,-0.4041704405386617,-2.2330982479260753,-0.2305022035987605,-4.977069554810722,0.7493982935077295,1.4220561240747287,1.1753199823268066,1.8607973585010669,-1.1844617562310003,-0.8817582706487741,1.9729316225510232,-3.218320683129633,4.242917133037068,-0.9313080455785467,3.244640616069354,1.2582313827522622,1.7341588309474822,0.7926932810209699,-2.4826116186836558,-4.547112492108454,-2.275818426229872,2.5378168687661677,-3.5631383158033465,1.0069692912455181,-0.6840903269098035,2.9782609089333576
5819,0.5568032063156192,0.6744278244613646,4.666992018412412,-4.035202927166136,0.2740280254164693,-2.1370481474375964,-1.426764334154985,-4.7347958703299895,0.8517980943418246,0.28438565175620845,0.3693749628922678,4.656001495495531,-0.07595028134993242,1.1973688971723178,-4.1925059279362955,1.71885784608423,-1.4234932793162898,2.775722745346105,-3.1590571369090448,2.614405512401106,-0.5735955131834789,0.2955748129856852,0.4108433323535152,0.4118289923501841,2.120564663879133,-3.0555037625951726,2.918915663302297,-0.8137785219660296,-0.6717710435206659,-0.4984269990975321
5820,2.2279540274343326,-5.260126012151957,0.0010623154906319598,4.705648345734804,-0.42336610690966436,-1.2511725695960134,4.63852746861739,2.525909060075225,-0.7349856610959655,-0.28195954665735457,-0.6554163594223077,-5.49207496151616,-1.407195501676087,0.6778487210538806,2.5851288902602327,-2.733173551405974,-2.1779007624525164,3.055292204220617,2.5295360197492514,-1.8364489882538901,3.3111566748500074,-0.7380945127861667,-0.5872803591743327,-2.67886883438689,1.5243075333455458,1.9352459516659692,-4.580885207699165,0.775837826777809,-2.9551013348832296,3.300595230795082
5821,2.3330768042232677,-0.22040810538062416,2.367024369212583,-1.9021902692820412,-0.10281958032099459,-2.474683218450048,0.00044097902978634806,-0.9456324648862484,-1.1574684482620232,2.856294054790027,0.36902429909471923,-1.1226584197654255,-0.8749259846352544,-3.9940718279630794,-0.17253933926361498,2.827571769100004,3.2307759763220822,-1.016810593559958,3.8546424630492773,-3.4037040888605823,-3.200404847783144,0.8454292746967322,-0.6855666569189403,2.589603855814648,-3.1987483711986933,-0.03820401252471228,-2.294837477705645,0.8039866784828744,2.1526992364715767,2.575103946476599
5822,-0.90781128630986,3.1307079998597516,-1.7132443860860072,1.127665286267991,-0.552937427599971,-1.0843801861297813,2.7609073305572203,-0.5329212951501532,0.8919074762868018,-3.5904558127617534,-0.5053145964730161,0.9758768975417169,0.4087823972504765,-0.7946849071087598,3.0933292573498647,3.3583431920878475,-3.648014583951184,-2.4177553556280493,4.076169225334134,-2.1078381186143993,-1.8169394809471218,-0.036009603018336556,-1.4929781997567364,1.3775961770004095,-4.748154688041655,0.2945869041208553,3.3739460338965053,0.6908356699615767,-0.026792828859743878,0.41557890892446636
5823,-0.45169093905303015,-2.4003374171887053,-1.373071292085939,4.169932743712813,0.2983137401560949,-0.24314683553907201,0.35609517880675057,-2.617216008671754,0.3894981941536466,0.6207708993141825,1.0824101866182971,0.16844154977970405,1.5446208024257153,-2.403889566688324,-1.4801123630468105,4.219548775717605,1.4261824881439011,-3.3063501365518526,-0.7563641430668255,3.3087558448246774,-3.4512829010956345,1.2380710800484085,-0.98536679615591,0.6461869154432236,1.3329295644925132,-2.1225511963071284,-3.5026320101918884,-1.046589506614251,2.2712605455000343,3.067582603122741
5824,-2.482418439514092,4.4886445629922065,5.259635555437818,-6.117761078484644,0.443182907863477,-1.591283508292607,-5.51177013382155,5.155819465656368,-0.6476121389064673,2.5117567396524336,0.3129598630804775,-1.8211537956604573,3.234241440496014,-0.08797556062156886,1.4905300687835172,0.3230841466494141,-3.887478214294628,-1.0724018810125315,-2.5735237656855787,3.13939243719604,-0.13407837201034134,-0.5810834742557498,-1.0393874929897233,1.1886806677432986,-0.7609301914491979,-0.048909057026818914,6.098276535115378,0.5904598941585855,-3.1944843470123274,-2.684412833783602
5825,-2.8242970952351207,3.8992256866558215,5.255634353890731,-4.873599716636466,-0.44835784032030657,-1.0086053883525317,1.1134342149459506,2.6983637761157695,-0.6157594022072903,1.9594206223266042,0.6375678118776644,-5.79302702305791,2.038566611814371,-0.06353567641155067,-2.365770665919573,0.973076595131289,0.14099774971580814,-0.723334614330124,0.23623744207096564,1.5518485845295853,1.0499190512305034,-0.8237381562580381,-1.9441875367982497,-0.07007938477680398,-4.112994490239796,1.5105107948753371,-3.0430226932559457,0.8008429591957249,3.0985284456246447,1.7461349838020332
5826,-3.2537067016917973,-0.395300385606987,4.745611720468542,1.4757816318987373,-0.11146081838348376,-2.460925446682844,-0.8486773119021649,-3.80046201828468,0.37284459496384237,-1.2743538266290209,0.6309587038729321,4.919689857979854,-0.8598684958037595,1.8044905990158426,3.766541090509488,-2.0295959563164203,-3.2862539214089956,0.6046866840040632,1.1401048201900537,1.6797368806290969,-1.798587670171072,0.013204798921572447,0.31952462229246237,-1.3539834518641705,-1.0290171400400716,1.7450082104997584,-0.9114140833537014,0.4150832279982746,-1.5509276058316548,1.331267390729412
5827,3.701238020246169,-2.916656409737488,-2.3389787009386964,1.9481842369329492,0.8409425926293097,-1.234729739130044,2.0232374979428904,-3.172256543183863,-1.2155910240646084,3.4577367393639697,-1.072746316774594,-0.02038035328301646,-2.979882363586647,0.1901551420334826,-2.5914637311011894,2.8753690907997687,2.350253834784528,0.15556802707030748,-0.17991600757659043,-2.7477330402986677,-1.811252092898897,-0.5280899499769287,-0.8147373683771626,6.081728459126175,-1.2192104618422803,0.1699956598489294,4.706360726876646,0.4282951996763158,-0.8253071330515773,-3.2601339915060024
5828,-2.607536330174497,2.480523865438151,-2.3537646975463637,1.7843097602777505,-0.04163697528477939,0.7381043772918954,0.6711773673195616,3.077107895930318,1.1727995921505405,0.4030781110302435,-0.5675409483500866,-4.756622018079785,0.39790284825268785,0.48918241709536403,2.752131142955328,-3.998261676733888,-3.019086411062805,3.3781316794935634,-2.519118869833953,-0.21949293452986574,-0.6208467602122756,0.9170483182578195,-3.1013524499591885,5.543762696275429,0.12573959593501982,0.6988300105488037,2.35490351768296,0.8736117002406134,-1.3794725212780197,-2.6736123031273493
5829,3.3761834316402854,-2.2821647900386637,-2.3981234457338942,1.3003824509094422,-0.4529329964386575,0.45665534966366117,5.268171034400936,3.9073453797595867,-0.8568247033575398,-0.9968927814246307,-1.2105506092691902,-6.111248320108341,-0.3425948064587203,3.8065021578240774,-0.277013090971014,-0.3263519578894005,-0.3489880400478249,-2.511554262456846,-1.3841722478147744,-2.7190962546645707,-0.5941743605844358,-1.1555912602559997,2.467562033240215,3.385472090077549,4.569349256947913,-4.6638684746794645,0.11530422145889219,-0.4707721641373732,-2.494206764797422,2.9441939252094826
5830,-1.7919018044293828,-4.824569587949124,1.975063672725252,3.508702400649881,0.05912154699046157,1.0735837720150894,0.2692847607231741,1.3545118243676164,0.30891545954649136,2.980936492318591,0.4765662608568286,-5.390214797811868,-0.3035557259283621,3.7778634463910876,-0.8137637491704908,-2.6951050092750872,1.5273511969592697,-1.492790158976117,-5.686517610230727,1.961195280848397,0.49616637053407686,1.2443162662904372,-2.699980245395878,4.684819937951705,-0.9577974809803962,1.9349890538130303,2.228160738168249,0.20229814569479476,-0.6198496427828513,-2.7878008139108026
5831,-2.412553795558491,5.143553056656025,-5.360730358380337,2.1836558442475535,0.6803274341691612,-0.23425218113174395,-2.594247291850472,3.0077872761577034,-0.8504848818898658,0.7509781662571129,0.06625921452549921,-0.3802924831991561,2.9021165516034735,0.7929447790754764,-2.8081943016059796,0.1301546311506776,-0.16821743461444072,-0.8488042256089088,-4.9081779930398035,-0.5306319055650004,1.2143649960416596,1.0438134839922224,2.72465126173687,0.45598015683203386,-1.241720096833724,1.1434325388630988,-0.8108704991233715,-1.0494365878838159,2.782996417398401,-0.8244017724185273
5832,3.6316496962283686,-3.1383690844670227,4.219885887645308,-4.025637078278443,0.8943232339488514,-1.5818526550749148,4.199756037222961,-2.0499300956752045,-1.0920456837965542,-0.8606582125328242,0.7146419087110996,-0.9117639539286735,-3.600239006815821,1.9018244878889377,3.087259499654799,-3.628159945548868,-0.008262666822755449,2.247577631644049,-4.4908587753924145,1.2519066470433984,2.3534572050131146,1.1341891246768405,-1.2487245115758245,1.0000303102328942,0.32060185391459584,2.7119078385189574,-5.27755656635977,0.9292797319063038,3.4358032262455858,-2.1200360842236066
5833,3.7487030035649447,-0.7221627190572661,-0.6839945359431034,-0.4014061743926689,0.23852346752022768,-2.1796630416900156,-5.958627071738022,2.9884367120494915,-0.39303440523888966,0.8253109707866759,0.8104698984433787,1.7274438956981726,-0.01679190034520417,-0.5646447790197513,0.24799973299905886,-0.3409536883784412,-0.12329460256224323,0.7976852373069612,6.059420486965191,-0.2053417955648218,-2.3268984617758885,-0.013314073439584462,-2.3906876587767893,-1.1231784974100805,-0.03306520904420651,-1.1683167082623314,-0.8967114691270766,-0.35723265228616974,1.3361695932365265,1.1191564454853236
5834,-1.9614711248720376,4.219135090138725,-1.822455240526459,-1.1933213928988629,-0.4911619467028887,1.2492746148636744,4.110397900778381,0.19455646119843806,-1.0598099857643914,-1.6746084349346457,1.1905714696284786,-2.7611074109054528,-0.9375813708846934,2.706279244174464,-1.6752417555043095,1.1550962272697944,-0.9703958392640821,-0.27815650579081286,2.243737666151599,-1.8630085705816501,2.261306288758295,-0.4360038947546947,0.7694022524810009,-2.975433742056527,-2.9222829470399105,2.374659880011496,-0.589804877137702,1.036607895694024,1.4533500277430846,-1.3525299792689296
5835,-0.06326897303496004,-2.537628282707157,4.275840516328422,-0.6453242215616122,0.387452501717199,-1.417071540739716,-0.39465515148928887,4.391326534734574,-0.20172358377589994,1.788186469792091,0.6462502617994046,-6.229384531060074,0.28562714728267835,-0.6183206217964212,-4.196192784095482,1.1130226796488607,2.3722417796193795,1.0436217993413237,-4.7901501158072435,1.5340429402585425,0.2311469279397933,-0.7173274848986457,1.313532460737818,2.428755271767752,-4.840639282789388,-2.1280537683617027,4.385827177511363,0.4488500957997319,3.1885871259261904,-1.054571348084142
5836,1.4764733508859038,0.1998514925950836,-4.552541318144385,5.459040245246218,-0.8699762682103289,-1.7128475023703142,-5.788621201268395,2.2289684020383334,0.44119128564129273,-1.1204966735755129,0.13329971611340596,4.105658471051676,2.8722020718627874,-0.8920279121548589,4.176926049510897,-2.275096653813012,-4.1628926224027865,0.28088906699729854,2.6062546297268057,-2.707912322118565,0.2223388900776797,-0.9297793802267815,2.1036553649380405,-1.2945571823991706,3.204702961168188,3.8310278235383777,-4.244743731767695,-0.08479868880049857,-1.2604279403835257,-1.4457604237527892
5837,-3.257964073307061,4.73692034364943,2.226913927481025,-3.3723992502496287,0.40064510716115453,-0.7341160547327092,-4.161351562507527,0.48328957530172545,-0.12630813788048023,-0.6813713848602507,0.8378965062936956,3.6478450036536287,4.04791007056512,-2.755609373662997,-2.6600462669345895,-3.668365335283255,1.8166301965600908,3.219480708755963,-5.141165072335781,0.1769017932591339,-3.8613857962478324,-0.37518135494070926,3.0049874856030385,6.195842944660114,-0.6710971353865389,-3.1873563858365657,4.6892637238006145,-0.8593699500506373,-1.0997120385066026,1.1282717859818092
5838,-1.3663022775473976,0.8200139146705645,-2.1013458915613583,-0.16601455454399172,0.5996148471117664,2.214033961872664,-3.6668431377361053,-0.7971202314438592,1.1905662740106964,-2.6123946573726116,0.7603701037822157,5.125421648760458,-1.49823759610352,-1.765915548193469,-0.5645298780045991,2.7399194166435166,2.7255242598560727,-1.6367606541976798,2.7306943641759105,-1.335572767831767,2.00588237260391,0.39498799303492405,-1.4318647197475762,-2.3641272422374335,4.061523490573332,4.48597708613848,-5.405290319870733,-1.0133409486052054,1.2282284096709652,-3.3570977179047627
5839,-1.4748691488810888,1.2760990520195534,-5.3982800619314375,5.056530695582811,-0.748439987310177,1.2889594505225759,-1.3662711783390904,3.688231835935504,-0.46304526705622706,-1.3230047460646368,-0.1585817227120776,-0.37732892176268606,3.9062074749226383,-3.1221264543469864,-1.8221350564504348,-3.8062721207164216,3.1147064704475476,1.7296196861439803,0.2571209154942409,2.5573881126122977,2.4181564208167146,-0.9860149964259088,-0.5672948001170237,-3.6793556523823803,-0.12937314036060954,-0.35850264520776065,2.0945176195892294,-0.05619983782763871,-3.454579687168401,1.9041376909772403
5840,-1.5074943059751167,-4.448223928457459,1.6829191960457628,4.3642205161826695,-0.06618290008333627,-0.025238577710331,-3.043444340130332,1.0474118491791309,-0.2854929605470602,-3.6828756685958073,0.3202177955302634,5.644183324564562,2.3868757242495775,-1.4307391227570356,3.313247323472389,1.9020169916545342,-3.5773937551337394,-2.594007161485388,-2.5229761452437565,2.7291479584568314,-0.2843072968783762,0.03192375996242891,-3.0953201452698735,3.141531868970688,1.5502897755766867,-2.333261626050554,0.2235282112330239,0.08835912978034344,1.97247265219071,-1.5013881427281497
5841,-1.009248391733351,3.675608434804815,-0.2617332272610611,-3.9633845088935047,0.13022173368389156,1.4285359594014295,-1.4482515548028516,4.206455624063075,0.9961491477372988,-3.605958320373114,0.7397488614967092,-0.8881437581203642,-4.0700158799336865,-2.7322235036631675,1.8493697172052705,3.938925204580773,-2.5429123194451044,3.556856781256247,-3.259649243155625,-0.944155418316166,-2.27529518947728,1.0537880626808231,0.621051136629859,4.804260651636326,-0.39824150805846514,-0.7628252323032889,4.02406092502201,-1.0375551696618897,-1.1809374787553342,-0.6445015362409752
5842,2.7310967292896926,0.4255630837330173,-6.131167060173251,3.8189532718071852,-0.719453122072673,-0.12499290258176288,1.9312902240505174,-0.009446187564066122,-0.9273347266917868,2.285684867244033,-0.9018051223775494,-2.378389054660431,3.001785478464061,2.9734489651438665,-4.159804279825874,-1.5646318918731623,-3.750958065268879,3.5001597933603357,0.856809705001254,0.3730892856845518,-2.6473616169078724,0.8953571942971816,1.7996818485963235,-1.2775764166735044,3.1659221556730444,4.426389693524293,-5.413674104397224,0.779650394912613,-0.3521178491012922,-2.606170290609363
5843,-1.524670434624829,2.7718128394318633,-5.758668350633464,4.904939100496353,0.5756923077142946,-0.9691054623819664,-3.62236203720483,6.016553459992252,0.08522813037412647,2.239867831936486,0.7261638119565612,-5.445451197053906,-0.06950435560137436,0.06025134962807499,-3.1076188477289204,3.565375853335894,1.7894566662756937,-2.2379606659090463,0.5274208344262163,3.373982686503222,-1.2217607646577378,0.6049241062527191,-1.9103724024723796,-1.374194460054099,0.2227008262557355,0.7076993508533072,-1.1381694230400115,-0.997552161599434,-1.075403495039314,2.2807249025717447
5844,-1.2103613711557344,5.064866110556704,-2.8810200780246866,1.3463354439632305,-0.6072870965628074,-1.712533008774507,2.1523153721881876,-1.5542478705611096,0.23428302597800066,1.7771768312063791,1.1897018306634406,-3.799229189474211,2.762445854860573,-3.482237571132549,-1.2678766708543936,0.460322706041687,0.9391484522797242,0.5881972288053081,-3.250726777673009,-0.3641035162487398,1.7763826775850404,-0.872069657956259,-1.0317161080206159,3.7422333823115466,2.084000016001834,-0.17308536206729386,-5.065173981585531,-0.26809780090755897,2.6943563740692547,0.7280007544913509
5845,0.8152351058633798,3.472849660804364,-0.7652160357483027,-4.998513850356634,0.046467740027076765,1.4291773794123124,-4.437446800104233,1.6735785636518266,-1.195955786375957,1.9980096982439761,0.010761466992848412,1.9510528575922024,-3.8964940615815706,2.516453818351714,3.464643341738821,-0.0966962860061038,0.2863088282468098,-2.274215640749331,4.035393108569252,-1.8769033623600837,-0.5630252341779478,-0.3198458933738344,-0.6625222737606364,-0.613096344898775,-2.613553747634274,-2.1403035156447316,4.951696881789868,1.173021386134847,0.20045072903192285,-1.571311733675584
5846,-2.189710767415658,-0.06726008344953627,-2.948392537560558,4.485669961569979,-0.6970333592801323,1.4167267861380992,2.3341730298293406,-5.932640084919299,-0.20004868856441682,-0.8919132642237191,0.340815110036802,4.349613897841959,-0.2200534796617042,3.7447377762074296,1.1600090186836631,-3.379253228725302,1.9372585449089534,-3.242698631412731,-2.067882423442583,-2.686940623954106,1.8216407521184266,-0.17700334916407012,-1.8013202051269452,4.911505849567259,2.171506333732154,0.5869737878747721,0.08008090683944857,-0.5886138944820054,-1.126043477384922,-1.1239036565773954
5847,-0.5104366452929288,2.318085999149897,1.8286167159738476,-4.164164856036287,0.6227687557146089,-0.09486996950696103,1.5605140995739042,2.9261329966724645,-0.766026360439156,-0.1399248644397435,-0.6319382875729387,-2.948757583793828,-0.31008792237290805,2.7182265698820878,-3.8098295633768853,3.5054757269891894,-2.301622415093016,0.1978376039718519,1.7478610348303043,0.9724095983166361,3.4540779316612458,-1.198596027614725,0.29569462217804166,-5.27144715937354,-2.037193568620026,3.7222614016544355,0.5592241182178519,-0.13153525112068642,1.2612791294538184,-3.3740358295833452
5848,1.935895648613677,3.009248150275994,-4.438602774237342,0.003670918269467194,0.44008475603592245,-0.9502966989554906,-0.6288014010820717,-4.887775346243412,0.6635356190432811,-0.8808337127380579,0.9147767370509232,4.8190981039700205,-1.1540574843027382,-0.044143414028930295,3.5282810586187736,0.6022785983643786,-4.111211091185293,1.1788523325340954,-2.8083319944958554,2.8005057148564276,-3.586372303991583,0.11492715599511172,-3.084456889425118,6.563728317058967,0.8445648018349416,-2.357974170833586,-3.0926215563927677,1.104235346164657,0.9043223882377411,2.5974731909910496
5849,0.9360693855742177,4.4644928637127315,-2.8473312702955873,-4.497062937259294,0.6834819789777531,1.2603499792923714,-5.195328306384539,3.3754752140328215,1.0265995382410376,0.8157892683224652,-0.22481641210889514,0.20228069789779823,0.2545958683294174,-2.8093116100284217,-2.5263247436328946,1.8178611497958386,2.681535703606901,0.5816436319294613,0.13224972886335706,0.01582673363342124,-2.8110662622693265,0.6634706768588954,2.321147910585637,-0.32162878767406156,-2.2687048407529886,-0.01782136737278961,1.5824255816408126,0.5258297182847329,-2.4884141684689656,2.6666850766712393
5850,-0.3188012219419907,3.0012152725024066,-4.642611411125209,1.4445063344791862,0.5906412908576724,-0.0749502647698872,4.857903665498146,-6.118002084384781,0.5422249522591995,-2.479242633127779,-0.588190890387783,3.785306990143713,0.840415956049867,1.5141391067451018,1.2309056477904008,-3.385647406829669,0.2438736386916318,-0.44368694244707463,-3.1959365626992593,1.6341000283940446,-0.4805062074047797,1.1391220808500453,2.2924986532172316,-1.3892779923593608,2.2892756573606476,1.4183301909921582,-5.671889171334801,0.9325076302553956,1.3806759424224424,-0.3489002496938074
5851,-0.010887344110473762,4.990147449768909,-5.160776233444029,-0.07061363396098486,0.42228657166792294,-0.1701568099191686,2.965127512996947,-2.6911056758057654,-0.028589960843544482,-1.750049421825418,0.38051958317814183,1.1240979623003717,0.042601922425873795,0.1784334318876688,-1.2319362956904225,0.8859493074158813,3.095133384950877,-2.9701817509896085,-1.6425080498385043,1.2290099860374148,-2.891135466061108,-0.8607418955698165,-1.1766076338312832,5.341983059261224,1.5006785893746368,-2.0708560749464198,2.9006196208055073,-0.8072325925682131,-1.4444884217851044,-0.07872112087838623
5852,0.4420574214799782,-4.561457937865512,1.8282042372532459,1.3207892041612546,0.4205745305515656,0.5498325444216281,2.9845496552918753,-4.491322825803586,-0.4861183747289832,-0.28580111828765453,1.2280247303253438,1.05066793320373,0.0983854276488394,0.900618721349904,1.2977610727350246,1.2546350565448243,-2.192679015051082,-1.3587212632272525,0.5624027476161686,-2.768559053866488,2.1154693189845233,0.05743088453004752,0.2984175722393676,-0.2651614695057205,-2.1325617096006084,3.2659777538284622,-3.9234155553233663,-1.0473791047317351,1.1165128901240777,2.7208657257051883
5853,2.987656326548084,1.3040107677370933,3.089114113878143,-4.536892907759395,-0.8014815990346149,-2.042406701367165,5.588952549526486,0.3135636011451801,-0.5145000573199718,-1.2527895466557162,-0.4144353426784173,-3.7207912040168694,3.4487175089872864,-1.557997243152899,-3.3651801180740453,-2.155282487398768,-0.056544020312689014,3.686286359951364,-1.3716551280097455,-0.0716286983376353,3.6748717094345267,-0.5266597679938121,1.0671912478456775,-2.772119362941112,0.17289646832805516,1.3291874648443027,0.6077858726501191,0.7386525460311022,-2.8388157899777102,-0.009706561873866093
5854,0.2328197639737155,-4.253999014161717,-2.9271940763704656,5.482873137541027,0.4647312852160499,1.0007689038035217,-5.94059911278093,4.919406995223348,-1.196906636127956,-0.19712580072122066,-0.7474842453959774,3.162708799803447,0.24414250137891358,1.0812639962233632,-0.4660855830111643,1.254706335964329,0.35795006627964554,-2.471977316834826,-4.084432059844186,-0.5180404013298379,-3.9667668271609866,0.6509368243722973,1.9155153497756938,6.002787114184933,-2.433196182370345,-3.877366424241032,5.028495456807303,-0.5615927518668897,-0.21537691655598046,2.059036818228936
5855,-0.6576128416871576,-1.4402314895870276,0.665262791619849,2.6850478252049683,0.9873432235736233,-2.2398095091220913,-4.762263288711875,4.456857938764166,-0.5715324820007748,1.131146942676505,-0.823613975101785,0.5694048643744978,-2.1051400767133366,0.5523993899660375,0.6051879527276611,0.37646878334711786,0.2176766437038573,0.3534073069689079,-3.0074335427229038,0.03397082364112691,-1.2251792215755035,-1.031335476998751,0.45119392556052595,4.778783492093417,-0.8282670702397539,-0.335692868566543,5.568804294228592,0.20908435199129105,-1.1696909286004828,-3.444237778811093
5856,-0.23282194012049118,1.6152426975245326,-3.5884946492446055,0.25162283848443323,0.9366752477799292,1.0177758055783475,1.8558793473882282,-1.5050723449277896,0.7544119377967604,2.092576641385225,-0.8535732541878778,-2.3442223274538527,-3.1914037525311016,3.3196936471028273,-3.742146502387879,3.6887964042491745,-1.7474313556658565,1.6724915592330696,-2.739097625916891,3.3735808696487446,1.5835365735557865,0.16918107680777617,-2.2200134902227457,-0.1671874038747454,-4.415063261323889,0.959769575788826,3.3999120928007933,0.8663860369609306,-2.493213810213657,1.682209365989035
5857,2.1680820930102342,-2.198511752464622,5.825600692250376,-3.8342411417691835,-0.014820149643928637,-1.9461097413807167,0.3050161019792057,5.547921550124691,-0.3123826560892713,-1.5073294054802329,-1.157622907729095,-2.875602682804601,0.4083936517291953,-3.268796158475295,3.4309807751618067,-1.0897540971059385,-0.5304507262483682,1.0496265549388433,-4.897766767797975,0.6792927273068159,-3.4821459655653992,-0.1616740461098427,2.8737374761422707,4.98855657602202,0.6663007555251212,1.3380867898563018,-0.1860964266218481,-0.07044983934647675,-1.6751338490879402,-0.07270743032312232
5858,3.143647427651832,-2.5974241633475046,4.04183749657804,-3.2074703668359206,-0.9174726844254992,-0.46311770961880505,5.307411922939146,1.5286068318446198,-0.43396489607438316,-1.0952584937983687,0.47343328486107605,-5.780228649771413,-4.147988282453069,3.75194839950872,1.310567565113729,2.857243814764022,-4.164845876547066,0.3930743796139602,-1.650396833712385,-1.2607241293376532,3.29153630071594,0.8148087324346642,-1.8233677278720624,0.628143657769396,4.7879656486517135,4.066699406052685,-4.355072448235848,-0.9443708154895782,-3.6284302760523595,0.07320848507542088
5859,3.47962553426137,-1.1146899408469224,-0.2620360942024327,-2.0400676991232736,0.1298286868132048,-0.19266048689979876,-5.957377939970751,2.079520308176747,1.210706538518961,2.6443786996576364,-0.5783536394513682,0.6011260330694235,-2.302481686423837,0.7575901551340145,0.7171503219562894,2.587721533212438,-2.2578557432490793,0.4978754193704713,-5.5813240060012355,-0.08723350139389119,1.0073595732337708,0.6702492716651349,-2.0846534523633533,6.075602114857439,1.4703664457288674,-2.377377258862399,0.9856125116967185,0.4999773206128868,-3.22948168907271,2.650902669898688
5860,2.253019858365544,0.5078818105847382,4.088625920141155,-6.015786710921237,-0.01948755801652924,-0.8142533201515505,0.6953448061088885,6.242892661922124,-0.24832034197899944,-1.9752787807182628,0.9959026174245631,-5.710540962757651,-1.9037505597557445,-0.8531248192265579,2.085547464231805,3.20306376433372,-1.1966478180299536,-1.3350880315529707,-3.657825785816488,2.766645013541801,1.334193671763252,0.031961163884904664,-0.8085503228144635,0.33357625943886404,1.227227616452435,3.9026165800521824,-6.05543142526021,0.2227200027927676,-1.2267315406165906,1.9295987665814245
5861,3.561769595711322,-1.2339442936062888,-2.01118911184928,1.0164283710745323,0.09305171877109863,-1.426116280099242,5.186331464957174,2.2606301679277436,-1.1418775175213187,-0.4415241904795817,-0.5876570446901912,-5.275902880193179,-0.3768502660789359,1.35074771266099,2.9397733600799043,-1.3938844503976515,-0.12795335251238527,-2.39183300375163,2.4983520623074114,-1.4958463668304933,-1.261714706427414,-1.0652720017422306,2.6740481848703954,-1.3495671721797855,-1.5987912773763533,-3.1344167146341846,4.632246944522038,0.6769965556744193,-0.8029244464134742,0.22688893822958356
5862,-2.3527621938447663,3.766055909655652,-1.8161698250691138,1.8046303677390405,0.7120310679662101,-2.1137853264448774,-2.0368871500159393,3.737240810188382,-0.35598980515254564,-1.4532327307006732,0.13935949967601857,-0.030490623994612776,-3.965753283145686,3.137104619006699,1.1312157814657482,-3.709323156009546,3.9112191946154766,-0.5044631559323935,1.6439241649165375,-1.867056197386777,-1.959915208167498,-0.18074483199651503,-3.003741925381844,5.36753399801399,1.4941385760535866,-3.4007945475128274,-0.12923116943433044,1.0881066257346328,-2.101173802608473,3.0489543177694074
5863,2.466591951098806,-4.56441085851748,3.2876600578942075,-0.2979861239832715,0.394080110127601,-1.2859351366177076,1.838147139193893,0.866888047503064,-1.2073716640300312,-3.5644206937230347,0.5116912787129984,1.555065892343702,-2.556629107786975,2.278994756657596,-1.4995406297655496,1.5997148229272682,-0.2502925412762451,0.4277526992442322,-4.079400828505236,1.2122437839478817,3.2105479141911246,-0.4298849232229358,0.5556087511388803,-0.4691146975518059,4.03258421342105,1.3896552919399099,-5.036662934581429,-0.35395599410785117,-1.3871597242769234,1.3555391476072423
5864,-1.0563996805993234,4.064954530288727,-3.245608332894811,1.1488112849411927,-0.8177449130470267,-0.09401288868660451,-4.896978028374058,2.3185988546672753,1.14158183246243,-3.5351648557159105,-0.5556178727333076,5.527580069694171,2.3714182219609583,-2.4743396945362157,-1.0043182847324204,0.4684123568940599,-1.4364565150357347,2.075283915449674,-4.869033961890338,0.7509289512580093,1.5434689008836457,-1.1024720017080587,2.831802970767221,0.8453051406874224,4.497565197892413,-4.144192916072992,-4.95964252031219,0.254178885749452,1.4459797028514032,2.9061116498938766
5865,-2.871956308160705,4.915178210305996,5.439745021658691,-5.060133022019237,-0.9502045769456251,-1.4726293248369746,-1.6675373387944745,2.4340096297664786,0.0042204688874791785,-3.6375334783426574,-1.1282954991810188,3.9951362176648324,-2.554099895902514,1.5042206692999045,3.5606698146757907,-2.2966610938304264,1.0840328246179354,-1.2981623188603777,5.477514548498338,-0.7585519687676836,-1.9231439211095314,0.14922076509543292,-0.8942135169638199,-2.0508259067548558,2.4389272072201535,-0.9100657921842519,3.170054325771197,-0.770234846766142,-3.2013260803426125,-0.7273548136963761
5866,3.53852231650907,-4.311226409463355,5.291487650792245,-5.206077729720818,0.2326375024828291,0.45465666940221183,-5.48849401149333,1.1727731534429715,0.8766083052701354,-1.3271094666502048,0.03739697046085144,4.728825048970194,1.7230293426102143,-0.2871909769301304,-3.030927842313792,3.018462493265755,-2.8048581522375517,1.3814851356057893,-1.9135161098000708,-0.560540117637661,-0.9649987120603054,0.251271642518879,-0.3247567018063382,3.5125399987833354,2.3293050095282233,3.584731493763524,-5.705865582697086,0.21271038125216357,-2.997294126477634,2.57641282463279
5867,-0.3973508421333527,3.7926827563821455,-0.31816503566874843,-0.7397094105185644,0.08575171693351757,-2.423209184992814,-2.3945489054735845,2.3338079007288535,-0.9112457189223422,-3.535396362930582,1.0610275109291427,3.4463555756691306,-3.6422793353247442,3.5779111362547944,2.554427643433826,-2.2781814363263813,1.6718046620089844,-1.8836826700461682,-6.215097689500858,-1.8605318178374848,3.900210612680347,0.014825879526481955,1.526753392290182,2.6338396228391545,-3.761548632433069,1.9629104427417694,1.918771803293776,0.7463024765149999,1.4139568646545086,-2.2803929547700363
5868,-0.10591536694901116,0.6761855367429526,-2.5753863559744836,3.7265989782420164,-0.293698709205237,-1.4277840828540835,2.1048721856747257,-3.687575391447865,0.22764880886103978,-3.2654647306287004,-1.2034047812797373,5.823923908821186,2.574399960387275,-1.6857570581165575,2.061660085306084,-3.392408224261917,-1.9796886557657452,2.4217938924511806,-0.26714407824288955,-2.961810516761524,-3.203653801298053,0.7237925479980936,-0.8634203221835808,6.572236170485766,-1.696690588351025,0.41873143328800566,1.6634827803452659,-0.9026883976299969,1.7864900244435944,-1.269325252093907
5869,2.4901481172134226,-2.2600525996217087,-0.4295849562940184,-2.115668944207954,0.472203355894949,1.842955027017469,-0.9903274965785052,1.1503467165506862,0.20664846333449471,-0.30645742325190817,-0.36582505727673276,0.3056147972226455,2.2386279231478348,-2.8128794762101883,1.1416259440816852,3.9078005039327977,-2.897266835226244,-1.5779080597255337,4.015077202243603,-2.875303941145832,3.7936580796300383,0.7799052742062074,-2.3559754579312226,-3.3573611570049593,0.5208134819337751,0.6461666462544997,-3.811651626937497,-0.8687209170608048,0.7089860117505342,2.804406404061396
5870,3.0144896529671215,-0.7414419234829488,1.5871981530319381,-4.953804842975103,0.003331113038461009,1.0902278474226659,-4.188080204771932,2.765585071671957,-1.0820163342101488,3.4279835161420067,0.984367558969498,-1.9078396078007032,1.250696119032611,-3.3568412107865964,-1.0465827438025936,-3.893816089573008,4.108122979863847,2.9384209452660777,-4.011317960405208,2.736417868330893,1.0363723176704376,-0.8938513523428018,-0.7110859159147882,1.8434650426592967,4.326683396458318,-3.6698706990877312,0.05926850094363445,0.32626370413110095,1.053370248036071,-2.0957151504795153
5871,-3.1196011598651605,-4.9639917307913635,2.3396679734042607,6.129432015593139,-0.8363241730562663,0.4508170747174933,-0.656608157319976,0.1742951705656246,-0.018208463719110668,-1.707398172525835,-1.040213598546377,3.248133221546354,1.9441157795487598,-3.4594823284930207,3.7712058225612743,1.0126014134863226,-2.6584133221366404,-0.6100273649663652,3.0699577693328024,1.9751277613289702,0.31553382864287727,0.9688555276654904,-0.5645357575448227,-5.764939129427464,3.1925530266105753,-0.06478935821915499,-1.418881076055765,-0.4575254780565814,-1.9552467659263026,0.7038896516491189
5872,2.7754878184386023,-0.4727123567954621,2.7423713785264923,-5.159237882171222,-0.24581352101167164,0.3599045630153519,-1.1344534019240164,1.8212791701698947,0.9416361068181409,2.1450161931604548,-0.4535016100885416,-3.319976458135237,-2.108789631633833,1.4992435139540312,-1.8730980769806358,-0.2448082773842586,1.7510551529548906,0.9763973190901201,-0.5363322682251557,-0.41737772217642544,-3.6837920381638867,-0.24319435430863123,0.4851646998239705,4.395531683047931,3.2011857226150795,2.5389243179817136,-4.315816857623979,-0.6700932854875479,-1.8652166246855693,1.1110167272021698
5873,0.27834623688108096,3.45974341497924,-5.18399364461467,2.404752237825498,0.2740095541623009,-1.232857799231338,5.023969308218025,2.3248514365759263,-0.7257880273575301,-0.5073221102303673,-1.243493240481928,-4.872217366723451,4.102115411382073,1.0326748880338172,-2.032301454138512,-0.6971339866051594,-2.1598138065290637,-0.24554105214284405,1.9311659952846298,1.4261725124777165,0.010640664034578862,1.0898672107330203,1.4832881125849706,-5.941134495117112,-1.274692314055283,4.748053144304464,1.2572328562891002,-0.44865668870616116,-0.5714277311164171,-3.710509266713851
5874,3.082192368653832,-0.5880476164695629,-5.434306334400105,1.1463492302843505,-0.3392222431488998,2.1330345950825382,-5.966002545820299,2.482952364896473,-0.9987758408159371,-0.02829490199724205,-0.48233187589804416,4.992452799635757,-2.1069913240416493,2.3179956002373245,-3.235883595324795,3.139297128839882,-2.0563896317514345,1.9419718220410012,1.1454389526092505,1.3198020714951273,0.156929055281541,0.16444391073215137,2.678138313593223,-5.464752303713496,4.590753798885917,-1.5214565265657676,-2.157217186575224,0.40180729373737645,0.7397037051664146,-2.0535910846468877
5875,1.883779115297017,-1.9801634183374723,1.2173590538576917,-2.7358877880535637,0.6277199608785415,0.9871930763599295,-1.1657424618366683,0.9716774935882526,-0.09003373303836248,-3.2396989917390844,1.1534643243494909,2.37033336867707,0.8472942950171891,1.908530813859258,-3.7053061584177627,-1.452208560441763,0.5356143574762697,1.86607525250718,2.642047080154299,-2.2334435663900596,-1.345570608628016,-0.40875691211536225,0.7086645402262892,0.6370594667506531,-4.481263833363068,4.101309587811603,2.7602687411202567,-0.3977161793306605,0.11331581286788861,-2.095914129104184
5876,-2.8677603697486784,-1.2859948851978658,1.495796025765653,4.673875912116536,-0.9283196117431796,-1.0875970711903253,2.463934213941844,-3.363885276112139,-0.9274755246725368,-2.74686139041423,-0.3041780373916323,4.878466014649369,-3.225292455729633,0.13860624920718934,0.022488462237991058,1.1979249117479682,2.9968814141980857,-1.1306085816611962,5.8538552799438115,-1.2547678591465488,-3.949400676160966,0.9929329447275084,0.660931554960964,-2.3035512443269752,3.407452280518431,0.6125315484679312,-3.4334556495161124,-0.7604814250719816,1.7713363838471352,-1.5973831382435346
5877,3.611490564800974,-0.9731806138798547,1.4069863478774565,-2.9593405960170465,0.9428649142329677,-2.028820617012329,0.640224554250338,4.8865693793212515,0.44056871223466665,-2.757040285726898,0.9358442048951332,-4.146166564973818,-3.397265266361643,-0.7707901976203004,-1.2092517406850334,2.334272991117391,-0.03647953727542941,3.0795137508253845,-0.4729478429659366,-2.8475773732192096,-0.8725170306605445,-0.7284762052724023,-0.36461882760822384,5.286137279724066,-0.9594571002662633,-0.356054644017771,-2.6812457463043984,0.8852621530063933,2.801573026819618,0.30992231076425725
5878,0.8653239989618058,3.8924451790576633,-3.325497348578189,0.4379379956553393,-0.21953282147164144,-1.6506770036227731,2.2874935782739882,5.920243708824266,0.8852179819717874,-3.307941685500724,-0.2883741607482406,-5.496639422820387,0.0890118354854117,-1.153996510261683,3.9959592132000843,1.8228144195145006,-3.3261426323400176,-1.4276463255979142,-0.4255093170117483,1.314517182147931,0.13284001807639,0.6316289925053011,1.1518231185028753,-2.805299994222981,1.9103766755600198,2.4197783706443587,-5.816700182327164,0.3749601590243019,-2.4848759043958992,3.5964608814962453
5879,0.36080218440245204,4.5601394132868585,-4.0805925469327775,0.16284884824339585,-0.6537526418406998,-0.34944525715703456,-5.1038493927741335,-1.736407959988437,1.159615945187829,0.048413728239054876,0.11478826027207667,5.517439419064331,2.399758122367654,-2.4790924615531313,2.5563524778891775,-0.130957101191445,0.8897570355602653,-3.235818073072112,-2.296053342804811,0.8285409707472411,-2.479391704988565,0.5474451620649923,-2.8179111084828463,6.2173700234617115,-4.489640997692062,0.4321814673826694,1.600074688104641,0.6383001698677804,3.091988394939822,-1.2729037226010256
5880,-3.3831377867863903,4.692221138600328,0.2268076818889746,-1.7375391012481423,-0.7034323961632623,0.9050804637106573,3.6974235901466663,-2.963787661083227,-1.0549956890544872,0.09629745086855124,-1.0060349724107711,1.231097281533991,2.969206639801026,1.7725363629624233,-0.42770744264162275,-1.5532119274084888,-3.015356222709931,0.2545325899969484,1.5192031679629103,-2.499281312282461,0.46750915262236603,0.04227442944760629,2.0320256828719696,-1.5617311206246676,3.473867493210353,2.6645159122998763,-5.5668088416502925,-0.16123812210761201,-2.749052257043928,2.3387158152934298
5881,2.728146929799575,4.034528670061626,-5.350201292148835,-1.5384046299716339,-0.7898327475313511,0.9157630697928099,4.25065234212887,2.894573152635882,0.8613622543210866,-2.9950958006409216,-0.8270231918679052,-4.184468756576287,1.272360469257098,2.2714169399903383,-0.8707656843486014,-0.1525187334530571,-2.2050865671290545,-0.31540642431632016,0.7120318478943801,-3.1432488264901703,2.9116253169331294,-1.159893195380651,3.217041229370473,-2.53755637232943,4.845213973398554,-2.135456507390103,-4.70105271719979,-0.06581224971035926,-0.8624491717969889,2.9195566727004874
5882,0.6452699667934905,-0.6678236105541764,-5.545204521343049,6.033169505264453,0.4334780163453513,-0.898889356503874,1.1318853759431988,3.4188128486600036,0.4453404290295486,-2.142832431556334,0.268895302767449,-3.1221015248431208,0.7950094730779149,-1.6366394090225747,3.0685569850905274,-2.349267240232807,-2.049687250855701,2.172027441943097,0.15750876172054618,-3.0120651415933857,3.4214173850514804,-0.08612119210070457,-0.3763739361372931,-0.1043658769428859,3.1383951591615578,-1.2547366213786582,-2.3484259239276106,1.2216263328096666,2.8373400721809183,-3.594199018844064
5883,-2.1531456933511777,-0.46279858721103295,-3.5330767168921398,4.820983462472739,-0.7167305402008353,2.0447680751846455,0.6980356128199396,-5.498723653082788,0.8794951275872247,-1.0921481898746013,0.6691554867694247,4.3441856157815515,-4.180006225504114,3.564496434232929,2.7371978161799326,-0.3487707228249626,-1.7887171999627007,0.01579989787937741,1.3679849749725292,0.646064891905251,-1.8771065905866564,-0.5298183154328662,2.12488359816094,-1.7320085590214553,2.328057079987147,3.184383163679879,-1.3161517620795031,-0.12652703074269311,-2.2952612968472064,-1.7745001539958345
5884,-3.6007849080347487,3.511337163379217,-2.5668485651882165,0.27331992778166025,0.584827071808915,1.7981493102553614,1.4778361819797432,4.354591399197744,1.0523782725979496,-3.3378654825943848,0.38136692768721936,-3.9283072988675443,0.16629310660804109,1.924822290807633,-3.934741572714474,0.845574245575321,4.114331591558461,-3.116279661834536,1.4906628176918595,1.3737074953949957,-1.9225832473312359,0.44724557568685785,-2.583604371408798,1.1945717299640748,0.11892905974020351,-2.4429811193129574,-0.579379729104005,-0.41021015152080764,3.641295750035969,-0.3276538098366455
5885,-2.8911205070759323,1.2777998584974561,-2.9056820701980364,5.01742897999641,0.33818886466924303,-0.8366151258869454,-5.685467944669405,5.774319811050546,-0.8911860230880189,2.164741541886194,-1.1313938963880061,-0.2310134887905697,-3.734639558731965,3.4196956708629926,0.2014594058063608,-0.2708436894183741,-2.821750784161928,3.2060789556433704,-3.1861737960639047,2.8179541246716617,2.54491028958099,0.3289937428218881,1.141622838230484,-3.6473071992433574,3.2231536049338416,-2.6791383346925635,1.079809148357608,0.8784329356879157,0.4222225040867116,-2.924479858371777
5886,2.251875769528752,-3.7934184497813135,4.346669662703441,-5.418546466369811,0.8931734116333532,1.7202460722877682,0.17394780231803253,4.585652635838322,-0.3145199924507498,-1.866526134562271,-0.8546465948354793,-1.7239077163070995,4.018470045468014,3.702468054702358,-3.0694307318158405,-3.9295111499396054,2.862952754365221,-3.584948972779708,4.7612119387925205,-0.6655415777284972,-2.653623166625458,-0.3107780268705129,3.001240374809054,-4.132509542379346,0.44540952715540527,0.0354190485742194,0.9318162725599066,1.0517633943896527,-2.7947695761774582,0.33036133350002217
5887,-3.5305862852504184,1.6960353468101488,1.6518375517292903,-1.9842283191324626,0.42448207277952754,1.7424596330660975,-3.0476092986590864,1.8808297143058859,0.23996034383006748,-3.569028104148277,-0.028420800960015313,4.524268145632188,2.151218049747559,1.5352918194882577,-1.4432345116142784,-2.860562979550263,-1.091171308760213,1.708458930689364,-1.1455662938396287,-0.4326556604514362,1.3617271919594884,0.6786825126244542,-0.351160173129216,-0.11102757716590972,1.1565288115434598,-3.3090684609027043,3.0716642047327127,-0.6006296963709827,0.09259706103891752,-0.41109192003966477
5888,-2.8527983534487174,-2.4059214317168873,1.3487817008993268,1.253087283829224,0.2925125274028195,2.364338273036422,2.89017118806256,-1.664564750027946,-0.7155182671306006,-3.4895577483500126,-0.7805827485377472,3.760052325984468,2.443586318651146,0.6006932696450171,0.3824625591874984,-1.1967362006136053,-1.4037821888005269,-0.8262237580691156,2.9602061126435544,0.07578273031323768,3.7233788071263874,-0.10487877796466538,-2.7563431935796014,-3.898145678541166,2.3094396367505823,0.2441144095256398,-0.8146100674102783,1.2099239862005744,-2.0664766491544864,-0.8823913159103114
5889,-3.321276459723858,5.0516816385182395,3.398046272695588,-3.3750436220796765,0.411849545927931,-2.1652573753360587,-1.865921651702017,4.621938455212863,0.8733664174965732,-2.0429862238952285,-0.39809281045879263,-1.1883041866526654,-0.5075928620630599,-3.8869638309989405,-3.2678566369329882,2.352193930183578,3.0224401057386032,2.2877792940732,-5.840478749582196,0.7898324025755485,-3.335210258916046,-0.1945576341714066,2.342925964428389,6.237488275663445,-3.6592314092197853,-1.1633274417842756,2.9147209740688993,-0.12951493284097904,-0.9580264236634708,2.9953792334413123
5890,-3.03333598590169,-4.777441402354377,3.4117288664039656,4.057447889971748,-0.9476656636326233,1.2892662955151586,-0.27183177278295645,5.158794021672897,0.4864128990132137,-1.3848805969542237,-1.1017376721142922,-2.886756878833925,-0.22352884820133312,0.14607083764069273,1.7986087927323524,-2.435327786850255,2.2087754130492954,-1.4945984083703614,0.7896417242652838,0.0711654213708286,0.0588272881645544,-0.8220019322910614,-1.7307702660739395,1.6331377645620755,-2.8968762334804623,2.936772459474188,-1.277658965979299,-0.029518062619290575,3.0703222136326396,-1.8030414110260757
5891,-0.4038087731512796,-0.10028558272944466,4.032646427596706,-2.5978626447309345,0.6274628264917528,-1.5581522534746437,4.85772453855051,-2.9362195261866155,-0.03731648290025813,-1.2004700302511058,0.27201405258736955,-0.9557325517991977,1.157668766343626,1.361216696123705,0.10289665840261009,1.762064348233686,-1.3850647405771142,-2.9987817285261507,-1.4337432499588942,-1.0675461029035187,0.5634360426389442,-0.41641101542456127,-2.959031079914098,5.313295405559877,0.16784720120895003,-2.7614782377066263,4.431242433359561,-1.1924559253883058,2.125853211654867,-2.771008683126766
5892,-3.4036636705612064,2.1685404801279695,5.79169204502972,-3.7172358963066756,0.9925120849113456,-1.8318450431989834,5.012855994585848,-5.784345696836937,-0.8112420790527501,-1.4062412138157452,-1.1301505523327324,4.119123547453036,4.0190961108323755,-0.9792356289071051,2.0641992754329337,-2.869179668950043,-1.5647198489618575,-0.6701602394459307,-1.2232886551715758,-0.40012000068355746,-0.38531566831609254,0.0343963341737048,-2.4421372071978915,4.416465197193158,-4.458483106795711,4.311578954376312,-0.34834970956049105,-0.9883395152126164,1.7522381043047766,-0.26864472711055853
5893,0.10467512092574083,3.4741263407580405,2.2946565849022704,-3.3450174291388812,-0.1503426216975603,-2.378097995747429,1.9517167738319898,1.1557832297033492,0.6002340272185842,-1.701449436107076,0.27444310643537584,-2.2807277010814815,2.8050606138145753,1.6567756639045257,-1.9468578527594076,-2.5972455057228245,-0.2712058294635753,0.35347291022708127,0.8796126975376062,2.5029518272647167,1.4995002840203995,0.5167374853020856,-0.7851462841547665,-4.613656009972324,-3.7662673246795997,-1.4277307274760744,3.250209189700964,0.9975946685309713,3.139978706283781,-2.193784512358329
5894,-0.0380634843251606,4.821588304099961,-2.5366345927084772,-4.333863568099574,0.0017522459413008562,2.085221095094143,-1.6865956675727283,3.5075694638403334,0.9506753609163923,0.9216403876608918,-0.3576114948369282,-3.335678050007271,-0.11214604255567195,-0.7819282272720898,2.5915409762965105,3.247536442926666,-1.5859641984096022,-3.359038950985447,4.2184864224159995,-2.4331551581493116,-3.3349950328221762,0.71769675355696,-0.5626427151400222,1.394609730136306,2.977719110998226,-2.931217394239212,-0.6652615345461363,-1.048094021742394,2.024863163725378,-0.3580093241941462
5895,1.0000326261356172,2.9454105358023774,-2.478878814158211,-0.16422271487517648,0.06814189276643878,-1.3704835256688668,2.1738272592765426,-4.329657337521191,0.7066408208466761,-0.3994869563664132,0.925572032397115,0.9231041813679823,1.9876226353680124,-3.5268801016508053,3.013570908706164,-0.3502941167064897,0.20939049760923112,-1.333409823325761,1.4560810159078557,2.3252237445113764,0.764138742936904,-1.1564997253741316,-1.4670128726145446,-1.921930905369706,-0.2775281147902149,3.7250721941138814,1.7886710926477392,-0.1269662442492514,-1.9024691749242209,-3.2067797527962263
5896,-0.9843537421854229,0.11155306957470756,-1.6973063357171476,1.4061030298188548,-0.5942680595491805,1.7582720380603547,0.7889646062299427,-2.5839749530899354,0.0397159397960154,-0.11014365256008674,0.8522843458870852,1.0131537137376974,3.168817888611663,-1.114360901874516,1.7985180653562018,-3.517137980222442,1.6384107720262904,-1.9742478438968227,-4.158646483762475,0.9658754447717577,-1.4938113158442263,-1.0872481442134125,2.229479547842347,3.544350951203743,-1.9792456818897755,-0.5774155519835631,5.216047765508357,-0.39137763956999194,1.0889307831805084,-3.3569396752438347
5897,-2.4941994182859624,2.633845645967728,-2.4356128779471717,4.863278826756513,-0.9034778924962845,-1.6638342839926796,4.502831928166188,-3.3931075829666533,-0.05255441747574263,1.7055317833551449,0.6230811953544695,-3.385782906432695,-1.5784290321710603,3.7382125415520733,2.4601463120981215,-0.26431918243810415,-4.1100851074247675,-0.24552553161591817,-2.1237825277744626,0.7598329067193035,2.8414413061411175,-0.8944464003407848,2.5260014102576758,-3.1090466950051407,1.9359733809237802,-3.2274483878948175,1.5543628991128813,-0.4657068478726165,0.6102377151989558,-0.40741875946645045
5898,-1.2069202597401372,5.567313341265979,-4.9765776602796805,-0.8445118667242646,0.7454361798245932,0.7152602656556262,-2.409258379409575,2.85251022137264,0.2079673003537188,3.7137958514994978,0.74610468599644,-5.111119679812035,3.466640344505855,2.2060494965201123,-1.6330348470356277,-3.6768157548426714,-2.970439584578619,2.6076003454313366,-0.286472138021729,0.9233820846625598,2.6765252975565765,0.17460508732133295,2.822955860559617,-6.3109961920806406,3.526921613285513,1.9340182443277278,-4.162914267154736,-0.8376745465610993,-0.38211802850015175,-0.07823301539555061
5899,3.273035938739529,1.6726448091375694,0.06362780507419075,-3.4991287974990897,0.4355617284962441,-1.9457414839463407,-3.51221195507199,3.256436255229911,0.42840651984342415,-0.43197210249003604,0.6523125989090355,-0.39297131641968974,-3.6203151201908526,-3.2252795635706946,1.339883418096516,2.2828713674598973,0.22512868563662636,2.997711212568891,-3.2461663543213852,2.353062850148305,-2.1753493164770763,-0.7612312344001948,1.1890986497813536,2.640585405266698,0.8769262772784785,-2.580691144638461,3.867421049068305,-0.13603827347940722,-1.216294708916898,-0.8113231993103103
5900,0.8517695667288336,-3.531591389982367,1.080759324830872,2.9230642764021155,-0.73550687663937,-0.5884949013379561,-3.7976137522765825,3.6981727829633826,0.012985790165616962,1.860787850115564,-1.2431925871218108,-0.5311400838455071,2.8798127819574404,1.5252040273442518,-2.855172957986621,-1.2070384204104307,-3.348518179375251,3.0057127484709873,-0.307434066685623,-1.7239375677357707,-0.2587982881096291,-1.1941151372274978,-2.637618635391057,6.121903695147246,1.5854540865990927,-0.05109637443048243,1.9768192335981176,-0.9056833946766929,-3.420960062885081,0.815466511796803
5901,-2.9891840628471815,4.366761302957229,-2.7733689769291807,1.7147712929652066,-0.5723306116010975,0.25335105545719117,3.715193309847276,-2.9119066417555857,-0.2637828902851922,-3.2917248372026275,-0.4516275942650365,3.203848653661826,-1.0408544648007378,-0.818466568699872,3.6007430334577464,-2.069774984685635,3.9894670582235428,-3.6611140734946286,-3.365328751053582,2.7234489200861844,2.2548288098159546,0.2673835315615545,1.1612430669459801,-3.0415755773584365,-3.1223701659521303,0.3867902828254266,-0.9621594812843988,0.6275690192248895,-0.3784245186934818,3.4485948638814143
5902,1.526149292227558,0.80299697620881,0.8676092816234053,-5.849062368272225,0.6843889080478847,1.9679179101666975,-0.3575301125651116,0.10217341659577883,-0.9437776068802766,1.9986077407067206,0.3866730507988638,-1.1861464886553073,1.60919035517988,3.8449963569783314,-3.3653238353754737,4.119558861355561,-2.9738556426706104,-3.2345660954672724,-1.7975421252532087,1.6791590512136345,2.3650086133089836,0.7398203086911295,-0.202446380191601,-2.783999467771288,1.2555616120927944,0.9713643827529488,-3.288933885043086,0.18839631855751637,1.480540903632047,-0.6069293319905196
5903,3.566789780476114,5.371158156561911,-3.5688960642436136,-4.6881664478701985,0.589983547233655,-1.2708689721557374,4.767534887275158,-2.8892066985028855,0.07690247692047691,-3.162082564123473,-0.42242160515687033,1.6292735035882373,0.4368402091702812,3.655220439006328,-3.936659336947125,-0.48949105761508704,1.1180696483499055,-0.78397990196388,2.3287121245202904,-3.2474066197390847,-3.1584329530561774,0.5731226784929211,0.8237328070596561,2.680271962720038,1.8207687900001872,-1.3015273009578934,-3.828095354380519,-0.06561072502928411,1.9598242005381756,1.4146403898310638
5904,2.476072001767019,-4.928760976771706,3.042359034424038,-0.6815232994046703,-0.088314241210663,0.18016748119812576,-1.3295542252424077,-0.9974105018952848,-0.9933168532443286,-0.4130460113486514,0.8088272079682577,2.9245003837630605,0.26627699094077073,3.514866051702654,-2.213088623128094,-2.855485503676615,-0.372005282985036,1.6594363671467747,2.5299693323249954,-0.5934631694123649,-1.77031072221002,0.9098356631482494,-0.6214505539933857,-0.45458054985986607,-1.3988849482585515,-1.1471911339412237,-0.48243004927077493,-0.046679160521287066,0.7540615569584936,2.3211237350350693
5905,2.5575546790770147,-4.906673003457097,2.972366995960421,-2.157739963358811,-0.6006679946893942,2.1351592864699747,0.7709631960366821,-6.136446660717478,1.2123420247245944,-2.438935498730416,0.39526701732425273,6.196809921363027,2.0292803592545354,1.587590370029936,2.3975761452384177,0.17743494233219081,-4.201356263923088,-1.99052555293156,-0.30851958954002967,3.0674414617134147,3.531609324772589,0.8447184097013087,-2.483201000141989,-4.65204860650768,2.9566004132478625,-3.676114748292541,2.615348939742656,-0.4131409014894869,-0.7485656137562646,-0.7341280894504845
5906,-1.7566081531418547,1.1275675525723905,-3.9506791927665255,2.4689752877154234,0.4935953439140768,1.6171491617086051,-4.779830218488065,5.74118060272626,0.5719164473126295,-2.309004726411123,1.2239556525558406,-0.448217757694902,-3.4554820461332447,-2.0885739278434574,3.4310736151766683,2.0461265921522482,1.952081046192987,-1.8852252795447786,2.115629803567181,2.521823159623249,-3.6464040285753807,-0.7397393113858035,-2.5926064067620853,2.3412967835304457,-2.204091291691995,-0.743896152499822,-1.8541815935891748,1.2395523173557983,1.0988097359744913,2.4638069844524395
5907,-2.8998320766183188,5.6258604262506005,3.1895482278416587,-5.913192863580175,0.75298241331289,-0.7553661272045673,3.7785797534213508,0.6669028604134297,-0.16328556127066918,-1.731855241452644,-0.07424432515274138,-2.4760974859580998,0.06049771749352573,-2.012303376368605,-3.0984115930360954,3.6418903052737335,0.32823314960494443,1.0800937970329016,1.858862158709936,-3.2770710428666145,3.6613174405461777,-0.7894718270712291,-2.5684603804704427,1.1148236511497913,2.7211100358838323,-2.2863287482404857,-2.178999521972777,1.2356611067620609,0.4645833437952156,0.04397378377389671
5908,-3.7028780744753735,3.5345512519112283,1.7011735483657944,-2.005557083999445,0.9551894177338616,-0.4824790595340076,5.615053591138384,-2.5732163192450983,0.3615724454887186,-3.6196957110922447,-1.1449760296416525,1.3612620233525377,3.5651008491397107,-2.9882751801149876,-1.571897347770852,-0.5424303378328261,2.1179289843554194,-0.5804269677760701,-1.2339255446697308,0.8288065373019542,-2.366216372709907,0.2297948878225009,-0.6419500570718402,3.1834905493246346,-0.7661570395414188,2.985873189255315,0.5319266358200849,-1.0280948184513239,1.0619500051502975,-2.7854979722312283
5909,0.021667837438666737,-0.47200520451960415,-3.17212765301759,3.8875864597743295,-0.6509553594464994,0.38583391977275205,0.7127701384038971,5.187899808821491,-0.5272045200155278,-1.2046502343698116,-0.9022639581490353,-3.266551234690379,-0.8861155293545799,-4.166014355921956,-1.8625299353796354,3.5574376496667774,1.6388672586285224,1.7183549123612707,4.5221746672225684,1.6219145763878835,-2.7869238451267435,-0.7627785382073551,-3.085931101682524,0.49154424140377984,-4.298412335763542,4.154548693907746,-4.843329456539962,1.1035998939025893,2.393434112750441,1.4901590917444274
5910,-2.8998561583858518,0.24944712127211233,-1.2646357632899168,3.215867959858116,-0.9024494192015999,1.601626259749203,1.568969925617747,-2.734210981522544,0.6208398237636477,3.731018441866926,0.345281075548332,-3.531898285273467,-1.4770553216428013,-1.0550674642310014,2.4735242345504247,-2.508876080855968,-0.9689633887194908,3.5364380208992294,-2.281119751113245,-1.8399107346556267,1.9677546148351404,-0.6383700565241961,-1.712793389112262,4.504439316567758,2.8779388928320166,-3.643032277491372,-2.9895873522793437,0.596962570749838,0.5665152567762668,2.5912029094142888
5911,0.017904912516137017,-0.18534999006980968,-1.1548363129489374,3.438916990822875,-0.22578281404715828,-1.8908527862710294,-4.688635485981788,-0.7830472281667724,-0.036553547257654806,2.9712474366732238,0.3255255636377985,2.2114632610958083,2.8177540602258944,-0.8923147518271861,-1.3410898258023547,2.7298882620072895,-2.103371745823651,-1.2108659987796262,2.5698038221597734,-1.4125631366242573,-1.6290869098697005,-0.26885005515364657,-0.24786644742032848,0.9885627269057586,0.5572254557213192,1.766652290781522,-0.600888567418675,1.1823627374667183,-0.44297206838151304,-2.462379848167666
5912,-0.506939889924741,-1.2809760371251464,0.04398652924844271,3.60013816807961,0.5083637422528837,-2.364572512528981,-2.3130755262483085,0.6862460350260271,-0.19786872152017487,-2.3115801265382494,1.0052543117148751,3.131024027566472,-3.3841859268340055,0.24972308615336658,3.7787215671391934,-0.8419955497852492,-3.3591538553373184,3.556890678664349,-1.792378168424957,-2.5162982433137824,-0.6744630196654633,0.7726319129521784,0.011954809141622391,4.198552709307982,2.5298959210918355,1.6605364828119775,-4.48318681194506,0.41828789110793974,-0.3931070200757496,0.26757353701077236
5913,-3.0006551702035456,-0.7863087854050796,2.3758371668664324,2.2450354428221466,-0.4273854860013948,-0.40652316807650557,3.417392776880366,0.5540588841977296,-0.12306563382635094,-2.570752788717085,-0.8661002022623014,-0.41153303627170246,2.509193338831672,-1.5082800036865311,-3.890986102365842,3.720854505743592,0.8822114536531203,-1.712993192175686,-1.0060481538474946,-1.594550245669005,3.596392475469372,-0.9467370483497124,-1.8567421267543072,1.8076850991486992,3.5479196513876943,3.820265379259503,-4.359128949393188,-1.200577132888669,0.1903864874848349,-1.9988654358484652
5914,-2.6203716094459555,4.93011638224673,-1.3535987482575216,0.4481341247945956,-0.5738282648400646,-0.8304518844957105,6.135061947125514,0.7211672482436491,-0.1706010739374939,-0.00780852248518471,-0.6931703275676631,-5.9846492713781885,3.4431023849423212,-1.3403561528617427,0.3738585281290483,-2.980702510632204,2.8180356303135667,-2.3139378798906627,-1.3059907818121275,-0.13545468352623402,-2.467857573176028,0.0416827359721772,-1.1126297496057607,4.980250052145564,1.2577362991262788,1.737652805745114,-2.988326140007384,-1.0397161161946968,2.1035296836727966,-1.0708765323403995
5915,-2.495035870209067,4.660259642898055,2.288285653149636,-4.190295762483959,0.5901457605379248,-0.8533594238905238,-4.483471131492728,4.882354174967357,-0.24306731240514878,-2.794285498396741,-0.3325414154273707,2.9710111827552517,-1.4481812728839696,-0.30508247755974693,1.8568437631872712,-4.243202344318426,1.9181990142402654,2.221423317334949,1.5973574969112967,0.6627738437774866,-0.9159807705561036,-0.17466465768555484,1.3866927752678198,-2.556178687717317,-2.487677573334853,2.599745788604043,2.557583257326911,-0.35250041174821956,-3.6427218293467796,1.3255707685006008
5916,2.0147791290072163,-2.8281092680811,0.5265725725142723,1.608896273974871,0.9445302329094725,-2.2666689403226714,-6.061251534891248,-0.06274250134209325,0.5290818318370869,0.8023519302145843,1.0862233393075034,3.706336934874816,0.9348810600304027,-0.7660371452557726,2.0462640763104716,-3.362412957095181,0.06755657133557236,1.0797483946748478,-0.6075397674520815,2.699241835719942,3.1226012303331565,-0.3300088435167554,-1.0163869583086793,-3.8679074967779883,-0.4173410618107489,0.1437536409282636,-4.898110014714565,-1.081148262914601,3.7225155064528757,2.530330192060454
5917,3.7422957055837465,-5.065247940601626,4.065036535835716,-5.69323575853355,0.62691154691908,2.3242399107986937,1.1303350839743302,2.0694318754067638,0.056929302779526125,-3.5493811944807696,-0.9582229506349504,1.2509078829557687,-3.082050974865272,2.9328118636615983,2.1484372223897132,-2.020388657502247,1.907543580807296,-1.8863530344907709,-4.027604095638598,-2.923972104463493,2.1754332102419873,-0.5923241445778586,2.575305597418234,2.7931615370173013,2.0557089666134836,-1.4687100655888123,-1.5413629152689445,0.8194075061210979,3.73322925306595,-3.598272744941104
5918,0.031758659262346,-3.9298986246778043,4.858258828032206,-0.7295783242382861,-0.22156295823927485,-0.008977580137111474,4.322371522216024,1.5421976093609189,0.26250759796977885,-0.3533112717384377,0.37485773916422804,-6.148623196971862,0.7136150352179271,0.14291608026205438,-3.8119486249780667,-2.008312195869168,3.0517345505591926,1.9119951548083485,1.1821028347369698,1.3082512881248416,1.3441409399059445,-0.058489145356604766,2.387002264435891,-6.163008181849428,1.2384440444444635,2.6863977074064067,-6.135144836636716,0.7581467756220306,1.3666159878269326,0.08554032133853617
5919,-1.739521373779029,-2.7318332151264357,3.166446269208418,3.999991969787491,-0.8538021010287982,-1.841281549059584,-5.93670485447489,3.728888268471348,0.6920344711698698,-0.14841673298433733,-0.6508369312211855,2.3150357790398246,2.3270429594510667,-0.5716440547788793,0.41606251786276616,-2.0659475898817696,-3.226872630792897,3.1213587981399726,1.2840835645629163,-0.8721495207663761,-2.752841841002896,0.6210962732967866,-3.0363382072330136,4.756149731140244,4.501564528470908,-0.07814646204644404,-4.362654037578231,-0.15262102275285727,0.8181321501978047,-0.7262751562895122
5920,1.7542790391994671,-3.4995122980043085,6.246700048528517,-1.9830464473474798,-0.19564029534588645,-2.322780047028269,-5.261820080468496,5.900623017488535,0.6473690316013769,3.700138089383092,-0.09115941176690967,-4.895150646236978,0.7844753735413121,0.34250473399513837,-1.7984840919516518,0.17675905018141336,-1.2771615098975317,1.7719064441315773,0.2256270260462152,1.5329955812095015,0.1625626570194143,-0.5709719284924022,2.642152814209078,-3.9923661499941154,2.44285040499458,-0.4750937531619819,-1.592465779771068,-0.31045636375637375,-3.5211004972517106,3.4562659889482177
5921,-2.0889383614539856,3.3111734100365915,0.18467612787807042,-2.812619037341271,-0.6942945762726553,2.100002437155325,-3.872743706837692,3.77942008224311,-0.3907558526039443,2.5269852299541604,1.2407641814072825,-3.283669934162301,3.3805720743484855,-3.723470480957138,-0.05331376050525094,2.691807875401409,-2.2847590620596634,-0.0108366462275864,0.6204981569224834,-2.7847540432322155,0.6985905833357613,-0.25855627657388425,2.461928358972342,-0.7377067794267695,0.9971084535720749,1.2713654213845018,-0.2760473404154702,-0.7496525996995826,0.09955226732816591,-1.3423262021680387
5922,-0.8891438073342748,2.9618241044373477,-1.4589873249177998,-0.980665342648841,0.9674669477116349,-0.6004945772459784,2.237331793882916,-3.169816184685626,-1.101072141811151,1.0681722293489102,0.1132568321477061,0.852127471117889,1.6986767933187572,-1.5079475020870063,4.124977091489679,0.8587279990811822,-2.304495837276688,-2.869938544525679,-3.9249930365696066,-2.7115010327429108,-0.501366777717509,1.2094999542508376,0.3266555185580753,5.601705374218859,0.5153232459952157,4.259526526297229,-1.3431024860959688,0.8485856622576948,-3.195127666500179,-1.0852052819523283
5923,3.4677218952892517,4.002316796220725,-3.5043855534822015,-4.351524995175296,0.4702440485941968,-0.08437219144461139,3.383684753632785,-3.541828321809497,0.9562133092250882,-3.0993492369208777,0.3206511741446212,1.9806283217285205,2.073817543415032,2.248197333528104,-3.5377253508320923,-0.8960452674671551,0.2665523111211634,-0.1547965697647573,-0.8648011925859791,2.293533198349113,2.1145221736342172,-1.133608800197837,-3.1805503114980223,0.7709049322962578,0.17303591692058262,1.8631221078125932,1.2861173152994745,0.14329791950974435,-2.210302852649063,-1.2552704068916753
5924,-1.579152238587655,2.1030462634905227,-5.374078456680266,2.645219510872053,-0.02120445220279188,2.2261693731102152,-4.756677934385955,4.436992495487317,1.2277056683491576,-2.2139448450571297,-0.9622553447327622,2.268179960340028,1.3246340673926795,1.6942082917719823,0.724640571401924,-2.5287009373575877,0.4459207046994855,-1.6607026979082207,-0.15543123819572457,1.3965492357677647,1.981075660061009,-0.37067688701803636,-1.7087659735819933,-1.142750797035248,-2.8737404421157784,-0.39536656129364545,3.5428669487495235,0.7230653355192063,1.9829258648810857,-2.9797511457387333
5925,-0.8800182048218499,1.3365117268904712,-1.453656064298432,-0.30090489679528787,-0.9182666221036191,2.2163340611308335,4.359607593621728,1.2861732796052827,0.9819111878970537,-2.9129639631331035,-0.7292770661104084,-2.985451031879883,1.9943680807274973,1.3280766553302747,0.3859218874441481,-4.246931914618415,2.0549333003132766,-1.5163680091965581,-1.6677695716844738,1.2326235948489028,-3.7539289310002015,0.05980762051416111,-2.4518413399969763,6.581108627316361,-1.132746277925225,1.0569491870979242,0.7143371018081197,-1.1479672626947863,0.5254780297361279,-0.016050778020529677
5926,-2.1317738170153717,-4.575589245096015,3.2865413758808515,5.239607170535301,0.371232082621336,-2.190017566923972,-4.45846017554161,2.445717812135971,0.4800776242258653,-3.0654100177319474,0.09159473061792056,4.506480026294504,1.3923103199688498,-1.763671817209632,-2.285125802776621,3.463320545316961,2.341219451992078,-3.1480526972914067,3.051775261987636,3.128717468192555,-2.327543393828085,0.46774241052431975,0.7291307459568053,-5.0498224928354745,-4.451348803397789,4.611715613195965,-0.16816460930830956,-0.33814108094401085,-2.6382790375786698,2.9842179180344637
5927,-1.1389864208258267,2.9327116622269855,6.086232195379242,-6.064183040804203,0.502481904432686,-2.3182563004067394,5.900971716599127,1.3441434434779076,-0.015152730753960952,-2.636568518026376,-0.26000331415222977,-4.3333905971437545,4.07261867133672,2.304680310399103,-3.3652240089080934,2.649126822263117,-3.4631161121115017,-2.1980856829791264,4.098628002288532,-3.4045128114026646,-2.2375639482888374,1.2033030234730102,2.1194964635700018,-1.7793507296422995,-3.285078475219116,0.6469546179357799,4.426796568256858,-0.505841373985195,-0.9485501913948546,-0.3342811455918131
5928,2.9455431016648,-0.19275209811415195,-3.1026238771965424,0.23492996503812336,-0.16959270783785452,0.28449561644778143,-1.2946351099110345,3.046853029253697,0.9515455459905198,3.1222693289618135,-1.1217669546576348,-4.704265839636619,3.0383587997267902,-1.8043257867884233,1.8404995128698793,0.6479625438221994,-3.1291588780123387,-0.5933361916178601,1.0555748680553414,1.633530769644203,2.0668511413969632,-0.07200788899324362,1.6005337042928254,-6.284482594398355,-4.471639161312336,4.350162970640078,-2.664582918786447,1.1160217748985906,2.2485637025762735,-0.5785263680145434
5929,-1.3559124753624943,-1.6233020020560431,-3.874276423466995,4.806055587449226,-0.4107789251963019,2.458214238634728,-4.128197794711195,5.799274251292623,0.6255949744330831,0.2880449545436736,-0.5915508892206107,-1.993165496336836,-1.4445479234501466,2.013586232111436,-2.283065055299476,3.8223533015264692,0.5937644799428838,-2.702091034830902,-4.2040784485558085,-1.604946691142386,2.8382124255801564,-0.29094927741309107,-0.6079425499995903,3.8697045415284315,4.1797029388601885,-2.7132832112798546,-1.4686976191808547,-0.988996422564183,-2.6980145225999212,3.6892888367662344
5930,-1.2057333364232363,2.080557154378237,-3.7148360562358285,5.432198698265825,-0.7999713214922652,-1.7922151384906222,-0.08061885261582091,-0.7655083726956242,0.5952178592493471,-2.97353133813513,1.233958298415046,1.9904824057829238,-1.1549249687399605,-1.439977080481528,-0.19389228258921776,-2.766450286260227,4.1316198916546085,1.4236247264165947,-5.503095920766857,3.497220642375922,3.772785392391981,0.4159975220503842,2.7404164578741312,-4.923324093927864,-1.6824496406458245,-0.5253260948856813,-2.1985911003577243,-0.9504174036094657,2.507751870324288,2.8490323691759833
5931,2.257525004169242,-5.503221240547475,-4.536202524815543,5.327075753070542,0.9928341085138057,1.4619888996115638,2.7493202718861944,-0.3395519937763112,-0.5562536521376611,3.1276782658309976,1.032209493962533,-6.013402385765001,-0.8991762446153402,-3.5196975210442645,2.9782797167381965,-3.4703329663116023,3.7729996386798064,1.1379273765534812,2.266072124458166,-1.8066222980032638,-3.707045280766799,-1.2380626055092305,1.722061876051546,2.763596183767291,0.7664588961441261,0.2537750831890051,-2.5316692366611093,-1.1275901570586848,-1.0920612866625703,3.7310867010508204
5932,0.13585494983142432,4.783979954857827,-3.0887305046097993,-3.039529465716438,-0.28586722623836724,1.494292291877473,5.602513992920262,-4.562403902697113,0.47569485416400514,-0.19066287410029759,-0.15251638531716782,-1.172625684968942,-0.09076864759637004,1.0681818384275061,-3.655920466606883,3.1697089700691308,1.0772321596905385,-1.568433853983624,-2.574654982222288,1.1199981071490388,-1.5020376406489184,-0.9179002233904798,-1.1934758315136982,5.068070570624052,-3.187222225667856,1.666684718814441,0.6968438134562334,0.26025356514943887,2.9429129772773557,-2.3794728490280583
5933,-3.6851675272336113,3.002248874024243,3.0307032226562214,-4.9385151924426545,0.7582533132869398,1.8324773097109937,4.2567577069521505,3.3086861621436583,1.1928515755327602,-3.7283933640094897,1.0996904410573762,-6.129592521675708,-2.3545737233103594,-2.4409788465572184,1.250030594538174,-0.24919083944797293,3.4857494761656653,0.30896333861196723,3.216947567804457,-3.4978060138997193,2.3810471909377497,1.0927119141623196,-3.1286933731837703,-0.06420728582336466,-3.152739468076433,0.5741014288768014,0.6161465818611269,-1.1982727216634648,-0.3925067776690323,3.5532709566725558
5934,-2.5969851109613877,-4.42738259839583,3.5975499731164184,1.6463213924542934,-0.5380609660383964,2.3185573098270407,-3.6053818812228684,3.567961001401656,0.8891828796012486,-2.7875595693216884,-0.6335218336423125,2.5693194031847035,0.46602905126013994,-2.9628454651250298,3.512623262388061,-0.9757415788744517,0.20139431816674147,-0.24145958781523724,-3.3525468856196703,1.8204693101752163,-0.13185185756461593,1.0635631473964064,0.7726376453018595,-0.1722713596915426,2.332909358561963,-3.5023774235628053,1.401127676170745,-0.43134302905191646,-2.558708752022433,2.758392169905992
5935,0.8361011022150322,0.778391417934202,-2.599564347189098,-0.4461925158972093,0.9029286487785564,0.5283356941606456,-4.758403685307574,-4.059027301462262,-0.03166497852232908,3.327034578309405,-0.690069382657537,6.212130769641039,-3.8998851655833278,-0.7326822653519613,-2.1720384044054573,0.42401234826299117,2.83423487471228,3.5463586123657116,4.333467038742839,-3.212528561533567,-0.6047888029246753,0.7434006138305591,1.5621766086778397,-2.8217268967953437,3.8137807011524814,-2.6752894807443006,-0.08132506355195801,-0.7315997803599394,-3.0601023317629323,2.7345359552682034
5936,2.401740869686826,1.256829155126212,0.735114677144761,-3.1125535464589937,0.5502204465499974,-1.8313516020466896,6.248562603345825,-0.15316966801069043,-1.2085741627383295,-3.733616207116061,0.9172188460237054,-2.070421411503691,2.844704880193568,0.37531167408141997,-3.0631509336876785,0.10701288694016853,-3.8561562579240345,3.5922777503967964,2.6283260070253327,2.1506097771415007,-2.337274236102653,-1.1290199082652679,-1.9090002703496989,0.5963586305484405,-3.685101056444946,4.042085021075877,-0.4165902834542017,0.8877563534366528,-0.7171387909253859,-0.11101124368642346
5937,1.9071598382816894,2.12551649202749,-3.9910965117935078,-2.235986577987884,-0.30302364594271847,2.497430405417017,-3.519112430611898,6.005704073149243,-0.9002384789614553,0.47413908823809514,0.608465052159052,-2.668957303972295,-3.524937193246025,3.6674593877751995,-0.326334857596823,-0.8084622511808384,0.2928579555989579,0.6994169586498273,-4.128949206617051,-0.638898108023799,1.2336144741899737,0.4684478087660304,0.16281659343862565,2.9029684382438816,1.2938412302255955,-4.23948279887324,4.607594363641034,-0.9733649515591711,-2.4114195778014587,1.7228317343688175
5938,0.9937729836317413,-5.5272603638733315,2.8125643857339355,0.025061983028809465,0.37670949419055066,1.319151517290397,-1.5700341651731868,2.6288731677993766,-0.5755900324947358,2.3670532972581455,-0.6742104835038933,-2.176091783884992,-1.1463149588815256,1.7598396380279624,-2.9878260898157833,-3.5432585009502677,2.4161546883408533,3.5014052232790895,1.0705788810816976,-2.8580504603406034,-2.2644519848012017,-0.10057009638265946,-1.8606653203772243,6.013158980817636,-0.49938077085856847,-1.2916872296403987,2.165254412880298,-1.026581450918406,2.971344753032316,-2.3189497144936357
5939,0.07692424296305944,-2.4946263229162753,1.834923077520859,3.316252343605509,-0.32272774679860605,-2.4107455943724254,2.5562397895309132,-4.889200866735873,1.1685264697324307,-0.46756072797813175,0.9417036654599666,0.6902916699914243,2.729991702642902,3.0926128721404105,-3.1060632089714773,-1.2796267510549786,-2.7074793066799696,1.2705646919234503,3.129812685738017,1.9494056816027427,-3.1829092028372887,0.06932434597426784,-0.201818665966373,-1.7638148445137247,-4.558339282175313,-4.403642952635067,6.116441722714736,-0.46192724919072603,-0.09247679887266536,3.399944560160659
5940,0.7249190919529251,1.8756075690211027,-2.358095738406867,0.38889223565999487,-0.17788197003565998,-0.45344118818936074,0.3180486092900665,0.6001591301175928,-1.0275786395385995,1.14133331814865,0.33536910267305853,-1.3673315206900547,-1.9578261727535313,4.207280079362974,-1.1621580182294053,2.9436772357833547,-2.4695486773914244,-1.5614244467716496,-3.333427599774385,-0.5789246864904847,2.4062250950550848,-0.6465445620124264,2.383112091098093,-0.2304403378782034,-3.793498795137147,-3.225044519330364,3.260808941500059,-0.006162886041074955,2.667255542680831,1.0966417163293158
5941,-0.591281717878875,3.695353857359649,3.1801024260644546,-4.68204303397966,-0.5994418123913154,-1.0026897191721211,1.2292386043791623,-0.7236590169502328,-0.15056232978298034,1.3579275477800294,0.9915390920597602,-2.7044838974850016,0.9893210186280754,-3.9943943958260757,0.7048148310710545,3.1744534966889404,0.9964038444010299,-1.870598794962694,-5.76427004290808,-0.28870351365989677,2.8052918371298112,-1.0424731012476318,-0.3432425456963841,4.63339736637986,3.8820140833529457,-1.244354547945317,-1.9017129732501203,1.0490274366799754,1.1619290052181341,-2.9469030040540076
5942,-1.4320257427872214,-3.2184920878342886,0.48774683719799583,2.59664224953697,-0.23938844387568725,1.8055171877643872,3.365918581473231,0.6785326843638515,-0.2052509516019878,-3.171863580586338,-0.6480874509309915,-0.019249282717005656,-1.7148862728510963,-2.1236219263581955,4.126850546361027,-2.559523073862408,-0.6282848316093208,2.8994655583203155,5.6765151019591755,3.219923605889509,-3.4001287415652506,0.9958143837294662,-1.3130129322938444,-5.179111417721376,-4.771010079397966,-4.671711767708828,4.628366223201223,-0.15573500440091426,1.9171961220793001,3.0528945062288386
5943,-1.1798546119347844,0.719922451714595,-4.875951612191116,5.766987553955055,0.48614006452809333,-0.9172438460696721,5.511518132869149,1.0724116294447867,-0.6362678363569252,-0.4260288468384381,-0.7706535826157763,-4.750979496502055,-2.3360740713420416,0.5704326192190656,4.108648406093561,-3.751791765733403,-0.5273240122712686,1.9361088240343989,-0.9066873027354276,-2.4198139456781043,-1.3226784773944278,-0.5008496107888218,2.9315248689330478,2.218504467661397,2.038057155332101,0.42843949766421474,-3.125442959585264,-1.2481692394478001,3.3629391494408445,-1.4558236034024628
5944,-2.553059079345605,-2.047996798470489,0.517012321139763,5.644962191371089,0.41435731756568916,-1.9752759522582632,4.986411317947905,-3.754811959949855,0.8593323365129901,2.751536760432849,1.1171321856781047,-5.959600640621275,0.8755667471486532,-2.207910408155241,3.979609580748182,-4.197788716968871,2.3093940401059676,-0.7588712428783975,-3.167466882794937,2.321064659416791,2.487597059076659,-0.7000041480800423,0.187217584667021,-1.1284082722877997,-3.1169215881228673,1.4123627769400926,1.7540480762225847,-1.134797815362826,3.535417987310627,-2.450109436985981
5945,-3.7326715552148517,0.8159399160038454,3.2371372556924882,-0.9959377986564952,-0.9904298331693011,1.6659620153464836,0.428719507883752,-4.3287585690869115,0.650233510805359,-1.1537099874276908,0.1343957596839367,4.269119778142265,-0.2895816290552027,0.6800629798088877,-2.6520731098771293,3.978803499415818,-1.9254517750907425,0.20824003479864928,-2.9665279191589704,1.4830341637446338,2.174173225534158,0.8254968226822825,2.622964618250178,-4.139140911054589,1.3112934970552956,-3.009771191315288,-2.6268751464568645,1.2056716044931752,2.3044296382185827,0.8152515980067054
5946,0.3585655240474743,4.150445570722816,-0.8606237868567987,-4.146332674323325,0.5760419386239501,-0.07809657221193511,-5.8737030543953,-1.1445916196481,-0.40134694480836064,2.5439422034286387,1.110831769002763,3.7648676464210737,-2.2542842418599935,3.891868292792566,-1.1777363866991895,-2.2764636977399615,-0.6651348282043372,2.4817508617112303,-5.445853105926183,2.097811285806049,0.9125312522477849,-1.060183265679321,-0.9535697167815123,4.449263550330837,-1.6335682257144057,-1.0749660849845455,4.4125456600727695,0.1257227660505995,-0.36609211676023357,-1.4636419986625988
5947,3.634695146309806,-4.278411187021284,-0.2973686260364943,3.542440808882411,-0.5619090801360656,-2.039447061996202,3.7183376268346393,-0.8974977656692289,0.1420338396859293,-1.2900292258673112,0.9782426111271958,-2.6510870861104756,-3.357830228498223,-3.1503462536756768,0.8006349900374765,0.15608125497269398,3.7089260128926753,1.8425342242713718,-1.0668975782361265,0.1681431417503383,-3.7087942371908245,-0.14440227592521637,2.6852706415136236,2.0666803080858607,-3.76348720501786,4.874697307314236,-1.8125598388354476,-0.4840500687620741,1.9419540288052843,-0.7565542235025795
5948,-2.022968447209445,3.6482416066079644,-1.675338440104035,1.115272185582949,-0.023589748540590483,-1.041617156334672,5.0937728484868074,-0.45917941821467423,-0.7692175929128071,-1.8901262176419742,-0.7387316241185999,-1.236517995597989,4.122785407585106,-3.926815485992112,1.5987181192965387,-3.2273283458628477,-0.09553331188825354,1.5281736168618636,-0.9991346669232861,-2.7084124522536754,-1.3050485238254321,0.7328593150586462,2.2728513997184443,2.0068849282229806,3.0217341290074025,-3.3324028112893913,-5.956890497153342,-0.09038025584973841,3.126457127149365,3.231482308137277
5949,-0.24177537706842323,-2.347217958097726,5.9366569220408,-6.215963333680861,0.4057330486541719,2.4625666981541965,1.7402628856040288,0.08458270410308444,-0.6596047117007089,-3.0265507986409173,-0.5235064152612976,2.38481633589657,-3.837420293585959,4.082744858851509,-1.5875548597189741,-0.6776508675176451,0.9803000740670171,1.0395810879043452,-3.070749264402693,-1.785032891185189,2.3510340087583756,1.2075066646246846,1.6322683326913499,-0.3350268504888305,3.4119231482391044,2.9269938053061573,-0.9109151455585156,-0.12032261601103755,-3.55482049730427,-1.752858694669884
5950,-3.066756967050729,3.2705651720335744,4.681571058581067,-3.6207645978756595,-0.548976868035181,-0.7156377976509205,1.7130934528965263,4.360855250236835,0.27473420530850934,-2.676647825906734,0.3206511500982172,-3.9926862326325896,-1.1967320389782738,1.0970332202446222,-3.887976384732136,-2.544958401812977,2.811571110129954,3.7210624951491518,2.314487641338971,-0.7684304795984325,-1.7024690875094528,0.45748737910793214,-1.6095923099005631,1.3085168565592369,-4.800253268505937,1.8522518840424063,-0.2816621896806808,0.9882876833954972,-0.6118636457701747,2.8532395365204835
5951,-0.6929896725996336,-2.9277917348419464,-0.048387812894119975,2.878299780969236,0.8301229537234596,-0.03925351435486135,-2.550544730294135,-0.21488533829934298,0.6099219811287142,2.2492905480422465,0.3686939516932153,-0.46247641226996095,-0.8853512163405064,-2.867841117739573,1.7482624371736897,2.9648457649720434,-1.774832982268336,0.8149171142030589,-1.5278605377376735,0.7511179478973986,-3.1304089247528886,-0.5019986833603545,2.436015029000748,1.9731351689504315,-3.565244617761408,2.058894221838095,1.953065782660122,0.6285935616663805,-0.9969470033333128,-0.07836194506829486
5952,3.2469991362797366,-1.4686391271763242,-4.268768065810338,0.817309976472778,0.8152170382322588,0.8578810420040277,-1.6847470705027092,-6.162718397818505,1.15820105039578,2.826342373822758,0.481522706631794,3.381399337471599,3.5453992744974414,-1.228614983977499,-2.9971852938150505,4.168402044793105,-0.058547666988133074,-3.4294533745094675,3.5651915483642185,-0.4685674275791918,3.01256382650973,0.7460459836916788,-1.2977922067272694,-5.557441724261508,-2.0921255057885197,-4.426678643397118,5.373841616141117,0.19930727593849085,1.7003680526174492,-0.7547127955098105
5953,-1.8090351287724804,-2.0447945036632618,-1.1046930734598952,2.538554932316007,0.3997744020904501,2.020193371491331,-4.862001012769948,-2.1090743241352072,0.35245648892159753,1.1626086604831478,0.16820862188381103,5.287801565617318,-2.921885117909799,-1.3212934428106315,-0.6136562882086061,3.317705933548673,-0.9747872413388237,2.5139161567195707,-4.858476806010668,-3.3861041807684824,3.6087967456466004,-0.602563213731627,0.09941010719634669,5.13893734766549,-2.7543792412079746,2.963092654320736,-2.391254853253969,-0.039002532820727076,-0.05574160558404451,2.2772855785475805
5954,0.5056873185874533,-4.520891100717137,3.5401096929353386,0.0016669706486212021,0.03883987595178651,0.4345872425960433,-5.388312364506245,-1.6270924483448823,0.19142363599418744,2.606721644048932,0.7377645889650344,3.4794949438437115,1.5325604525077594,2.8582043062950255,1.4620370822973037,-1.6943596332680624,-2.972184896689539,-1.1862573111420982,-2.44841874619625,-0.5713728932103326,2.107347390059587,0.21714891492459998,2.9078664061074733,-2.2125710716874423,1.6277197906683796,0.2590380985991132,3.683665879663952,-1.1606003395289712,-3.465205422616112,-0.9446180067847347
5955,1.0588199876548465,4.418878861922028,-4.450568056344181,-2.3241117161145155,-0.15856915894950907,1.4555500818334473,-0.3514190900406078,-1.2944216066643044,-0.5700220068991015,2.473521679044566,0.8509221878057627,-1.1085811632455815,3.635702127698327,2.05984977296454,-2.0711354512248885,-0.728732616971044,-4.0052912643662335,1.1096074318996827,4.33070054812163,-0.9902871007034761,-0.7722536885715794,1.144242525827261,-0.12768316480641673,-3.5847191198697956,1.4409189443524006,4.355208476205824,-0.7622322759549398,-0.34637713886035293,-0.9760663142765491,-3.7114516914647737
5956,0.9593914748200607,-0.9247649897704378,-1.4830446066482281,-0.4239435122959172,-0.3889579095930642,2.261319543489698,-0.986883232239613,5.2259098880154085,0.683459436734192,-2.568100508829449,1.1953864090839055,-3.549771992763713,0.4191868577676914,-3.8428709104526746,-1.2446042716464891,-0.022885989075955848,1.464726010864375,3.2264483025434565,-5.153894381923269,3.3428275143361503,-1.3018976079962137,0.36850858702312106,-0.8907745529556284,3.635230441513478,2.7296253117970686,3.0025547404301953,-4.84566309099753,0.3300333012819099,0.7998017747850277,-2.0163520372950074
5957,-0.8762126805210411,1.417852601248537,-2.4363034143310394,3.61176364771978,-0.26844051689515647,-1.4486596372189666,0.07064991730370807,-3.4160651901517163,0.9619545956996651,-3.2012781280646188,0.1939114246634368,5.39082738055027,-0.12819942289059583,1.5445267704749774,-2.4535927648784206,1.0205840901886063,3.024633149993438,-3.007951822887593,0.7546959120882271,0.014809553277343568,-2.821104126503897,-0.7428286968166145,-2.5479629845569676,5.342390342509546,-0.2407476739714589,1.4636047232534146,-4.194364347755553,-0.5645497910232358,0.2342399206870862,3.3018171688114037
5958,2.3262937289527663,-3.067503960299483,1.2595965499102064,-0.395410417554654,-0.30538136561182117,0.18240546460513585,-5.550282470367964,0.34076637424617573,0.8093021304211669,3.5254468385381976,-0.22749085717387896,1.1022579843370508,2.5268175229059544,-0.6617002490004502,-3.3342003038976387,-0.47228844750138776,3.794663250834571,-1.8532917733406364,-3.9799376690666364,1.0997426359749465,-0.6148421276240139,-1.1419580620129781,0.54776050219402,4.089234720532318,1.8717270127462449,0.4727460950493416,-3.004896432698132,1.010006427021466,2.647962855750926,-2.9975459578681676
5959,-1.0894714072517004,-3.09514617050986,-1.474848541283297,3.3867922381837516,0.66988614474884,1.602787736114415,6.007521104008262,-5.1020495867784135,-0.43825477845282723,-1.9172591308809146,-1.0797617754317463,2.529804167536394,3.2783540533558266,-3.029618897826129,0.447719735508727,0.07009155869445749,2.1906122345419874,-2.9571586842745052,0.036583027155124626,2.4862067321457744,2.8604660147999326,-0.9944416231709567,-0.7545279965378313,-3.6342861543943954,-3.660727367353587,-4.867643329703924,5.879330729195257,0.9571187662832914,0.43775091934498,1.2541702822356235
5960,0.16833244859354046,0.9248199872246587,4.109423404250826,-3.7613127453774524,-0.8735596080799855,-0.5677034866094139,0.36002828204391335,3.6960370463572048,-1.0390268610218536,1.0387389789135746,-0.9993684067163224,-3.056409039575758,-0.3337055376074396,1.619634309358009,-0.008792591514119152,0.37780534481920114,0.5854548990062654,-2.240396424061558,2.076983150761201,-2.9043680713340514,-1.7585990055246565,-0.6657100699146472,0.8299174057107823,2.421776590299036,3.1611598616544754,-3.505406367040713,-3.1391915631916376,0.6649640747251153,3.3565048117038963,-0.5380308178495223
5961,1.2634953661948387,1.4445824847693416,-4.136057513031538,3.380343398543669,0.031564698754714016,-1.983928435228833,-4.775571987747615,3.202103663093446,0.5844882543607239,0.3370050817938761,0.6033253895290551,0.04864959897124521,-4.023233047616962,2.337948325481239,4.0010981577426215,-1.925024617200572,-2.7281705428015144,2.3373817243955095,0.4551976590543809,2.6966805051748217,-0.8565459047411093,-1.1308756224233,-1.5177643155015748,0.3533076784344651,1.4930540214206935,3.2135902359667163,-1.9573929412334863,0.10940765923828444,-0.9554750363747573,-1.9031839390158094
5962,-0.2549234982015367,0.4752357558162572,2.8581802784878505,-6.055401196870143,0.6622390504779103,2.314669610291878,-0.4708215102936073,-0.8958776551849503,-1.230745428074563,-0.6616523818280111,-0.21357731963412174,3.472674295015999,2.3611286956852986,2.155577354305457,-4.0713582607003005,-3.6345361181610567,0.16274291016960163,3.026445418701311,-6.116433591622869,3.4905384488132043,-2.3613230692631806,-0.8449610391742164,-0.6337596731376358,6.465938924382414,0.8667785532435417,-3.737175453312055,3.7620519004977595,-1.2133753543243113,1.3722400740329164,-1.0505197201362009
5963,1.692929460322322,-0.8874371020502956,-2.3680098627378214,3.671289390168969,0.004568385640625561,-2.113340271341581,-0.7852613125613459,5.56270222942949,0.42376359772658656,0.6374231057358362,0.1983218527346331,-6.036949473064439,-0.8222155366011279,1.6595858215195527,-3.6367022940094262,0.758697369089095,-1.353837876201247,3.394472516203386,-2.0869462672267325,1.2999315105534208,-2.062750446827657,0.7293550030736302,0.8158905239771936,1.3045196764478781,4.824117481156204,-3.6001915009371643,0.19265010307413277,-1.2020367562174887,-2.8611621783695025,2.6466228512954295
5964,-3.6189821022003805,-0.5821087383901755,-0.45924252910807795,2.6178614382866456,-0.33952203436507467,2.3819939657792464,-2.0093596266715963,-3.3758357400446855,1.1979010130184067,3.0003307086631317,0.013329922480407319,1.173633722555138,0.6573564633889397,-2.6687247649530033,0.9704571519892369,1.8862403088186355,-1.5677306550808883,0.7224014958372678,0.16622990283076433,-2.4313980204397563,1.345119614383421,-0.068644772191365,0.8146953155214032,0.1739979598932706,-0.662912781169652,-0.5659715495640256,1.2030335143493325,0.5498672056592069,-1.6711183315360305,1.1471019422627542
5965,1.6019078660251012,-5.226426146007512,4.279914149762124,-1.0397317493077267,-0.016943293437205353,0.40127917296744364,1.914585052207304,-4.140109176373798,-0.08666632113638251,2.397560680083892,-0.2989534092814603,0.21358317450129505,-4.0619972235948385,1.673744551616501,0.32296340803834767,4.230610023937608,-0.8971152755948602,-1.2682054844025323,5.172300305698624,-2.5114604479769387,0.13546903796030918,-0.6800222994968443,-0.24698973676756708,-1.8692968594198334,-4.8790785571175395,-3.222356888215522,3.9114094757344553,0.2056494919127374,2.9475647938079916,1.0368116838794705
5966,0.5928207359524098,-0.9109589009818713,-3.5080545597198416,1.5141302655847113,0.21715284123453804,2.0949096179322506,-2.7288474169491472,5.112921318412628,0.5046773772297923,2.447829076296884,0.25610187805513984,-5.592682233044403,1.0982151914598646,-3.6467760391419723,1.986446842150528,3.722121545048484,0.49442770410396264,-3.654435243620661,6.033727204139449,-2.4639039688788458,-2.41962952485577,0.16568784701178085,1.5296096376288517,-2.845491195047707,0.7259512021907888,-3.8358210831409245,5.353330706289309,-0.7302253728352994,1.4574906927934776,-2.970726145295755
5967,-0.2469153743629473,-1.0868331682469048,-2.037189753949871,1.6356543893861222,0.005164516378300288,1.7301193907974568,-3.537559651730323,4.737608356680461,0.17628272847127935,1.1773511046221508,0.022444565291502627,-2.5761271033341586,-1.9226403122347087,-2.278363130685058,2.803535044571941,1.2471985312061307,0.33458790877361366,-0.18431804163167165,1.6171675576398385,3.0527938721812404,-2.0234621784724727,0.3841140526031088,2.1869999791547645,-5.2176132831087045,-0.6014232751230928,-1.576890457562886,1.8552097911125962,-0.7583297995280063,0.8905352410871163,0.19089850001590847
5968,2.6589027852385136,0.08023025682573959,-0.9129453486193988,-2.9093488354357824,0.4906773796477659,0.5924837623453083,-2.947040264436655,3.2964858132498023,-0.7085090370054461,2.237409526848662,0.23838114377313424,-2.1167271824286047,-3.27811509427767,3.422036555866452,-1.2877351626017823,0.3118972590710207,-0.9543412464948453,1.7862576884370682,-5.24995943815599,-1.1321973748670846,3.760236415465055,-1.0846220047552841,-2.108432193826646,5.814974596137716,-2.8488796102049783,-1.0415450952946195,2.4009765301220227,0.6415599240358612,3.1873748938160915,-2.339486642472737
5969,-2.0422323760798093,-2.6400582357758644,-0.8081782471023509,4.425205029829076,0.00281978883060674,1.0624440403004733,1.5377834863480082,-5.9097042884111275,-0.7202086701075237,0.4208329429159452,-1.236852484442176,5.908149013697756,2.9466264205379673,-3.1568456523427244,-2.5820880476614185,1.7171710143440677,0.10489407410456408,0.9702421910177748,-1.950445998635029,-1.617313113236138,1.8322767076823183,0.6163844300279324,0.16297275064050254,0.9561252235181819,3.1683264946141634,-4.50205069232906,-0.47259259157992517,-0.9053993416031698,0.553430214191474,2.158285916708145
5970,-1.187833502690463,-4.274338516193673,-1.2034443078569979,5.228897398814631,-0.5787065247466325,2.015425452675295,-1.0803367528897425,-0.1457744559956744,0.8503663026971076,2.5087829479848267,-1.0704357233472233,-1.0626023184484197,0.6946182678687798,3.676835311851093,-3.173899826759719,-3.125289879314261,0.13756484128010626,1.7901712850742406,-2.1412955589015112,1.4011990639111396,-3.0966829151250916,0.48391310644372254,-0.5329585230978999,3.8858248267674007,0.8290654512663274,-4.871582335503366,2.1359046865397033,-0.8714906601521228,1.1919978404281935,1.5861050174228808
5971,-2.0398228837479824,2.3704588678100613,2.9968539379587433,-0.5632422307691627,-0.34699283404309433,-2.4172548572064017,-3.559614455212351,-3.130408849817041,-1.2218673812195497,3.13877830885691,0.07951446016789099,4.693597917225016,0.8022002263714612,2.3726353477104993,-2.2022557328908086,3.723395780732112,-1.15164052480797,-3.544335097115077,-3.659194165511991,-3.1491549623129185,-0.39431676407205174,0.3402755103080306,1.883814457733461,4.978575923853189,-1.9782231436178321,-2.2106832773089486,2.5131164169062856,-0.5419234299632176,3.748243777891986,-1.530530343906694
5972,-2.4401911531568494,-0.0778870725270302,3.589965157438492,-0.7921921794041786,-0.616982804927692,0.33728805257942085,-4.103362843317019,1.234917142243905,0.4858287159153445,2.599282579862752,0.24665576407362888,-0.46332135877774405,1.8188923670443913,2.394768206362034,-1.478301159807101,-1.890544626387472,2.4947780999452966,-3.3395928871569396,-2.5964952531861627,1.2323143824231213,-1.0704921061082366,-0.22568757562491903,0.7702222914149761,1.8901382610789348,-4.495083796325442,2.2072815074778482,5.2562914997419945,-0.8653541696273948,-0.6687694179646329,-1.4343656233008097
5973,0.666397590216409,-4.071220896499469,4.429740059892389,-2.2862613129039637,-0.3266644696871208,1.5880090289839384,-0.9031071698579289,-5.875629830135441,0.7737060238799138,2.9657567532319185,1.0620795342612146,1.9771946886211786,-3.0560563240338485,2.6210507398996796,1.2762045509314035,-1.9279343536821987,0.9496438346744398,0.13709155221074631,-3.513543898714005,-0.8775624725088882,3.216802758231829,-0.4288992645746852,-2.6099242991650087,4.2131271767284595,1.8413720584783206,1.9547266077041776,-2.145510482524255,-0.8374760458730606,0.12037773312719935,-0.9334898709108188
5974,-1.1743865791396928,-0.4229250896815273,-1.0280864446223497,4.891015503992644,-0.6085901424063187,-1.6570272481405741,-0.734270202801369,1.3162023381507666,-0.5461888111548276,-2.598010960466473,1.0507690908006548,1.5114985454721044,-1.505507292706115,2.06048745348912,2.441300396384783,-0.35038299121936944,-3.4029387700377054,0.7570412040895302,-2.395668101493257,-2.607547575263375,2.4705588856446283,-0.5484461955090953,-0.47226922319705267,3.553372209815823,4.397466982380447,-0.726916081079299,-3.879390781640879,-0.9741556519662975,2.71783042020164,-1.5348348878940143
5975,0.8152325200740425,-3.9567621013949754,4.164131938077567,-1.7162608157434,0.23292811510181055,0.46073034388713907,-1.3399265643821856,3.217375951538859,0.3936721834198096,-2.0226363240456227,-0.25467620413035696,0.00619095760033872,2.809684020040418,-3.063957409601665,0.6076216207692156,2.0125809476024408,-3.3382064240161498,0.9722772452059782,-1.9633395268973928,2.1659106351461297,-0.9086493795505941,0.7836387131768259,3.01770464823538,-3.0952650901127043,1.9983706029538375,-1.2946280231097234,-3.941928712936008,0.9021336137172149,-1.0745519241091461,3.410604443485415
5976,-0.04221200203544839,-4.005219600260865,5.07436658031564,2.1115789376138068,-0.9432227891083245,-2.195291126522635,-4.871051611416835,0.09228690069715739,0.9183374184963977,-2.1555336360931037,0.4171803760685133,5.59878055224873,2.445437429396371,-1.4358313324753826,-1.940196602949424,3.2661413818819014,-0.38713183680471985,-1.9484190390484795,-0.4318373068168988,-1.2909589917490116,2.8205147631863525,0.7870840994163721,2.1323996960853364,-4.017202260124506,-1.6093080804144577,-0.07278036607442928,-0.42909983217520065,-0.03304566334955261,2.142331685576263,0.0019022564389530316
5977,3.7421519365286215,0.03179393522047036,3.3021874277219716,-4.706602178244676,-0.7031564275255433,-1.666374693698657,-1.8129825382051479,1.042748851788879,0.13722029723055673,-2.4361403040225955,-0.1622518317570547,3.2314055249662204,1.5658824807393081,-2.434019521944588,2.334732835743857,0.2867677395027677,-2.283869514916052,0.5305059808749881,-5.539825973394443,0.4296327733813943,-1.4184109824718014,1.07785463207677,-0.7848257678576065,6.235575318263322,-3.272493007134692,-1.685180670752917,4.275759471645699,1.1979399579618892,3.1057626411521824,-3.6217883928706094
5978,-2.803388158968911,2.5897505813743535,-2.3951416768152782,1.894765014327401,-0.688272256725768,1.4022864968103956,-5.268929073533371,4.140067477754414,1.0382026946841254,-1.2390585286518814,-0.22323962615619486,1.5529570559037467,-3.0679030800436315,0.6890904334695342,3.212256328647232,-0.4521845306976644,2.432747181427665,-2.8140063328028475,-0.6351841012951915,-1.4055303077326187,1.5789528197209783,-1.046818816032964,-1.7970736720427087,3.305654077380119,-2.6826797584576525,-4.044656523718764,4.419026128263834,-0.539562901060231,1.2058331699683436,1.642039885006053
5979,-0.18660393553111732,2.915254222886581,-0.9867826457752429,-0.5860781703079816,-0.997458500019075,-0.15833097125097595,5.392039372082305,-0.464652033921908,1.020137177631672,-1.6812117484488152,-0.3690021441814606,-3.897310623160969,3.4489870103772446,2.592398797049775,-1.5528463942472985,-1.783750637215368,-4.078776160783427,1.3739873848193689,-5.030372052770872,1.392046911632855,-3.21111423140699,0.5672682515293328,1.1684858172485857,5.113685303764754,-0.6382247732150432,0.7062211312585909,-0.9643747741877355,0.985203013636645,-2.935906169421189,2.8470815719302855
5980,-2.9922910101714777,3.4484551852547227,2.3723708653484152,-0.610212945077464,-0.6114164503636366,-1.6069056449883874,2.4188386327343636,-2.3421707583511946,1.1733295309825333,-3.0948326671375312,0.7182826366109794,1.1265526251616613,2.967249091621028,-3.976010072294681,-2.342166842893354,2.0225378330060337,2.0833988472057747,-0.7550088566444924,-2.0614506158216024,1.7128804731951845,-3.5642962107540743,-1.0824587059220607,2.7812981630693123,2.214026896230891,-0.9050263412637172,2.2731418340632565,-0.20550912672565502,-1.0854550981884632,-3.1568170067888968,3.0796657389050104
5981,-0.21755779825166321,-2.037052029940572,-4.8410656695980485,5.705682252942665,0.09249152226487567,1.29750172258494,-5.898203900752311,0.22797296163438574,1.1141476037133158,0.6098681858203037,0.11946708833616082,3.8267480612489706,1.4939560726706098,-4.182708394694229,-2.32702594828379,1.4818465270758594,3.7275920896049364,-0.19366034637310925,-0.5936763461167693,2.4121105778056346,-2.5276101490281135,-0.4392061328323109,-0.655429487643362,1.8038115378125639,3.8141796207789262,-1.3167843299390043,-5.849613247892744,0.44052745291858386,-0.6310321442620559,3.5427226483978025
5982,-1.605472924268808,0.11861046440767709,5.081585298333476,-5.3620385711056215,0.2527354363798793,1.5145802962556019,-2.77587212278927,-3.0624285008926613,1.167635492782705,2.990545350311617,0.18572198792159966,1.4943977926668346,2.0816235403212175,1.6677940356906866,-1.3780663377448086,-0.09611971974215194,-2.4927442535989144,0.21751273507424784,-0.6914419463575854,-2.339300278013159,0.4790377461350417,0.5569895453479976,-0.01888648372911561,2.013601416614488,4.697824555974094,-2.6308405268622366,-5.265951399466083,0.17999749457458947,-0.19297336757627725,3.211943243357428
5983,0.07657359182873336,-4.663297608947303,0.17435147768167525,5.893959668945044,0.39839404020628955,-1.8799811697122326,0.19664800384415315,3.411647668338574,1.1640563218092055,0.5278884851264394,-0.0987535735639904,-5.2014869055535335,-3.4612113725792515,-3.1998774275462694,-1.9024112895342427,2.4534910764210665,4.000845179192687,2.1091638340462566,1.6187127653905584,-2.7077453786799506,-0.9377984225743177,-1.1440109423937015,-2.599756669380147,5.770598647635218,1.0517693493226652,-2.5747685907141786,2.524301360119477,0.19301480665806459,-1.8715304287642525,0.6772135033797202
5984,-0.9555571377461511,0.3348197923973011,1.7668915754179793,-2.1230833354424696,-0.4471185852190991,1.4240476905946355,5.346078775510662,3.6839395279179037,-0.3797418881146877,-2.313040070895738,-0.3046898058368539,-6.032546538580476,0.9550805105725928,1.591368305596223,-1.6686450721433133,2.3953019977719237,-2.925626622470743,-0.34747911932643305,2.872525585826228,1.7844714234376902,2.972771529554688,0.7640468673011807,-2.195936080192199,-6.197879325929964,-0.30978293785338096,4.0179518357913615,-3.8074976936807516,0.22901198348409846,2.315217940964441,-2.4449011287042914
5985,0.24353803991732903,-0.17614826313963405,-4.4669687076410725,3.286012811162479,-0.19866188513241867,1.3122280048354824,-5.217154030025007,4.591698739496707,-0.5809273366186813,-2.9200056749340852,0.4679814179459436,3.658406884135946,-3.4189640117863807,-3.336596360027926,-0.4736037789356011,3.20108659426964,0.7168687029359972,3.3112088535445174,-2.7204873773305565,-3.36420866309531,3.7720940514236645,0.17699959927489406,-1.2033628460913768,3.338965235816289,1.6148634300586302,1.18832530014204,-0.5648181552001894,-0.8549310168705206,0.8758265185696814,-2.259266076698152
5986,0.3368744598632176,-2.878076413179926,5.515963219666052,-3.9769556335968517,0.7971931057368886,0.20500126151277165,3.3220544814620965,0.958229690288988,0.4200707248145017,0.16638818008566503,0.7633551652638966,-5.6300982419143075,-1.478108105797462,-0.36242167437642436,-1.3788519624224218,0.07964416016443465,3.586472532603512,-0.4467349501713933,3.6749682904736822,-0.4448054903324081,0.7402124875386846,0.5739839780285285,-3.2049363037971386,-1.3394229619137157,4.239118593035624,-0.5536234144683831,-4.935127364272709,-1.1371693000850498,3.434107894933792,-1.0473064091417505
5987,0.7890343924793779,0.4996566652572554,4.24633951778123,-4.618338768535601,-0.1411244687418125,-0.7755673382383304,-2.1150579765959883,-5.555258024997194,-0.22070450373788564,3.657772251491526,-0.46689450628743856,4.700142760127754,4.108695083682392,3.313011277304412,-0.7808974393569663,-1.4438069392752357,-1.4805552441231598,-3.716446738231216,-1.8348649165586863,2.8680202694643953,-0.6008025726778392,0.3749455042624579,2.5096456695760754,-3.316943954068762,-3.6571519987881658,1.6357840165186168,3.2204199208839057,-0.7568856333748011,-1.7565633317772775,1.3143970265392717
5988,-2.425301902329915,4.853587280690128,1.3938680697514876,-2.4642746219776974,0.7773320215844084,-2.135210847716282,-2.9025473873657823,2.457186263759631,0.1201009698978126,-2.00052845571029,0.19572300010138122,2.1300656093180166,1.2486183598904255,1.2342749262826374,-3.1993331753395804,-0.15562787335885986,2.4424236224153617,-1.570355859889741,-1.6393204343228014,3.406725029885461,2.0870725587537677,1.1911800667218833,-2.0695166925732504,-2.9761405284674076,4.065875064581597,-1.3935339682504377,-2.8497816303464205,-0.39806032024903537,-0.41872033977253587,0.994221194038353
5989,0.5957541177596823,3.3651195103942975,-5.556520410891213,3.5766324992701684,0.09061722840476083,-2.071602944935562,0.8591290333613024,-5.539786199025549,0.05907882991447089,1.9750297015293903,-0.9030452406821698,3.549593874903316,1.1651980816089846,2.276068739044934,-2.2784919963275936,-0.18531996745007717,0.3594387169509581,-1.3368935738269379,-4.700336774302276,-2.574540647464225,0.4735439183019885,0.25941340837196236,3.0237977853677904,3.5181223097224255,2.5663962153876376,2.663981004491596,-3.865867837953356,-0.3216724660570591,-1.1810773947797397,0.13824047891245783
5990,1.6570318786824707,-2.760333422486493,4.490234211345729,-4.761838187549277,0.09064619102574767,1.284259328983957,-5.6031834421254665,5.499739934390831,0.4808257636505626,-2.0508667026634235,-0.9913794842073518,2.6648639309556295,4.237061164144912,1.5784695716604062,-0.7614172610929266,-2.90674252752982,-0.24367366521608957,-1.9036972819661973,-3.1155509182641588,2.3744088585169116,-1.6161694955069859,-1.2175931867199972,-2.9094832480773416,6.484387990049257,3.456075747986226,-2.032253283363385,-2.0619826266575245,-0.12357223067817635,3.5798650277255213,-2.818132635011123
5991,-3.29329138699074,4.199718892716785,-0.6808117770481239,-0.8474944082002551,0.05062876571895947,0.5712499138055378,-3.7186913100205103,6.130304270641528,-0.19377190672798772,2.0789392817821444,1.0896967555760737,-5.386477091250473,0.5453918658805605,-1.5013899808445998,-2.6664230270221587,1.9888894125191214,1.6838918706958381,-0.05036014122846311,-1.9134580476295042,-2.7482266236610364,0.8908555906059838,1.1656628617713798,0.21942097786008397,2.385745241050781,-2.78801330333933,-1.1157324317122423,4.839647753650027,0.914482738382711,-3.2830855002372736,1.4327007432576302
5992,1.4362713535290226,0.9305813507843759,-6.1816397361333415,3.263144149085658,-0.7023999297072474,1.2540428124436804,5.399582597400602,-3.638853376130143,-0.2952911806750329,-1.5849349455297599,0.6370177911627577,-0.5175208862276541,3.4060957600892188,-4.219406277902998,-2.935953411590704,4.173696361148792,-2.7864624206941926,2.3620299889501766,-0.6124436017206776,0.5678075336369197,3.9922866538654063,0.12243679586952538,-2.3712205597755336,-1.6988668218779637,2.225632122163841,-0.7158910714556548,-4.8645841058444255,0.36736554757421924,3.6863843143301445,-0.6989068067665816
5993,1.5035507457808208,-2.868640405447316,3.955819545402406,-4.908511814949801,0.006762581946171409,2.3110193472698484,2.208881293189979,1.5800207644596185,-0.7214990125567455,3.3219877402951212,-0.33274765163158637,-6.056643133755628,-1.3992474647919177,-0.12493437129569429,2.447877546599525,1.7780716542757915,-0.12894332007013176,-2.5728240447172848,-3.74158851076929,-1.8129849375799,3.4199056878081855,-0.155350929128093,-2.4680680660692147,4.758086755735956,-2.107399816217651,-0.8318640822301617,0.5160424805429855,-0.4757678031256507,2.972266524955117,-0.07327730392309917
5994,-2.8172361012458023,2.0854611845928197,-5.084859969565887,4.995200029819852,0.3314699484624968,0.48996490793866343,-3.4907146216817004,-2.8658668657870017,0.3556017058021794,2.977099126688664,0.8697742475197572,2.1541064074588725,-3.9300677198201406,3.008311527711072,-0.16901250834391846,0.17221788205686295,0.08389246200853506,0.8346583563878269,0.4233109050803421,-2.169423607172577,1.6512110312502735,-0.7955086154450415,-0.08053157906230268,0.9709418653469548,2.2722793184152543,0.6521935964572236,-5.2283158037258595,-0.9486671282626453,3.461777399205584,-0.2092673820879618
5995,3.321623884077642,0.4554979999767639,-1.9824098662074618,-1.1962937275409544,-0.6557904051935832,0.05737211488972527,1.2138091637454167,5.551168701348427,-0.9313649606758991,-2.8514201569579782,0.5779970989579128,-3.5601898464171455,-2.1061940981139102,3.6004842170674074,2.3931483183846787,-3.7855728120272047,1.7768804397718156,-1.8787460650825167,-1.1828101356209189,3.0050341789462287,1.4476327185156173,0.2751782003889529,-2.4738573879457544,-1.071177574286473,-0.6203031389573361,-3.469486541361931,5.793742822000997,0.03755373180407151,-0.4763403740009018,-1.265166499483314
5996,-2.201203962574061,2.0773767352026127,-4.250173230285302,3.017270278092095,-0.41460455620446846,1.7713347357712426,1.1057093431837508,-1.883715909598422,0.5185622220167607,-1.6985990292705928,-0.21162716159304384,2.1696705352622985,-2.336757116967995,3.8246766859169448,-1.7465526391683692,3.3618676571887818,-1.4873372111347312,-1.6158973758343667,-5.31809463496311,2.9669883566419166,1.0057872830042172,-0.38463109027242304,0.3221960020149339,1.4077540835720903,-4.145710082720656,1.4608250038764439,-0.5719886037672914,0.7779205162823768,2.860884085992428,-0.38193091966173753
5997,1.0602160751335958,-0.845292703780359,5.3739135245738225,-2.8484316378738335,-0.939401472369993,-1.8010037856811127,-0.22388603568186483,-0.9783360935056749,0.7482991466152171,-1.8648118967645395,-1.0371984730131656,3.355933352350778,-1.5352477098047466,-2.1593714829828627,-3.3660042874198286,1.4520378227195074,3.924217827357971,1.6843678301302312,1.7060508044921256,0.9583181266879368,-1.2255703399509343,-0.17928893965390102,-2.6642574051777554,1.4047477536001587,-3.0040319626080993,1.0393393856704023,-1.427520361019301,0.1675063092643292,0.11948837536052714,3.105218253333746
5998,0.4732784002742072,3.8914941966208048,-3.1194069730692036,-2.4140294937415554,0.30038523879313406,0.8682786311247295,-1.466045825275085,1.757552232748953,-0.12613360624876524,-2.986396740203652,0.13273124067264774,2.688292698306615,2.995173354151948,-2.271428834388301,2.453128842873653,-2.1482788887928894,2.180645775246731,-3.2092402490908203,3.5312454748684132,-2.940898300774183,0.10171400932494379,1.0688663790165602,-2.050787611528998,0.28986004909089047,-2.7626205391078287,3.148869104632233,-0.24639289330103864,-1.0689917190846168,-2.4584487007577387,3.3875847476205827
5999,2.446483282024449,-1.74584020388712,-0.9341571027053313,2.2731534458357068,-0.5883870462186345,-1.4512523750469235,-1.2795620731802835,4.574709163843945,-1.1703978221764082,0.8843003224695387,-0.6072017245704533,-2.4018478663856406,-2.7905164361770183,0.3691533587130742,0.9187749727187402,3.90892124058054,0.1917293365291215,-2.598062472364152,4.801933653354801,1.9203611396190698,1.8320760998604655,-0.40530340434736,-2.3802281582696097,-5.768839330219727,0.9882621540122507,0.45507687354492177,3.1485981286232274,0.010178678687227993,-2.1886134848749723,-2.4135023499910577
6000,1.3963218168988227,-0.35943663555695693,0.8562928120230104,-4.415189702249357,0.8754232524989427,1.6465884563876951,0.7483653458701127,-0.8181652694325727,-0.2814644511157933,-3.1192257978920406,-0.9201405385534152,4.390630711124405,-2.0080314555651597,3.2834288017462363,0.3856345590938659,-1.8857581148033429,-3.0469728773822773,3.27169908691096,3.978520808484589,-3.138694659514959,2.7419058569492165,-0.4476366169444619,3.176808951189148,-6.310904340165894,-4.899266227454213,0.12942065378514656,1.8600182931023532,0.22406060537042194,3.061501006878018,-0.3757343316801336
6001,-0.17529772571430513,-2.6577979661610165,2.8102754572237316,-0.4345253754390228,0.45941413492331273,-0.0020685248305714055,0.842209600604459,1.9515309476088447,0.7993199133749052,2.385196498883495,-1.007395525851274,-4.970861434619756,1.559085080282543,-1.4605508572391184,-3.0925948599207125,2.458780929304975,-1.0628415963015883,1.5981213038742084,0.647188463985831,3.0085730448192223,-3.155518439569194,-0.19950282728892965,-2.84604596149709,2.545305719547809,-1.9892310223086156,0.9166831363018773,-0.9018680657512803,0.30259655054816115,-0.1467790871567498,1.818598488368199
6002,1.3883223130741413,5.212198633243826,-0.557736505917223,-5.851907467719613,-0.37199954651675426,0.1811225738377491,6.025863995745219,-6.158753177654422,-1.0433873343058684,-1.1183338150331412,-0.2674793772637303,2.5620897085126266,-3.0860566936561202,-2.801050689407173,2.7407661235373624,1.6513054588677072,3.9181388514476083,-2.423103050789095,-3.2039905536609403,-0.7921454458094548,1.180113492895984,-0.7075028615352359,-1.2153095217278462,4.738834889835118,0.6398881042234059,4.270469051584662,-3.140137378926074,0.5425547415405543,-2.2150120094429244,-0.09776250897802186
6003,1.420070782310436,-3.096985226651366,-1.086492097871858,3.919424055501441,0.46996710758723204,-1.625984620873746,2.834970173950385,-3.617230424233064,-0.2179365206776085,2.636018649885358,1.0868242788389662,-2.7226461577633643,2.251641596013048,-2.679785954974296,2.7400005568926424,-1.9620340993464875,-0.7204425989436025,0.37062050035899574,-6.052698847494192,-1.0906449801313656,2.6052548517387315,0.790976549427211,2.618073944287481,1.1290384821697614,-1.8343151915342908,0.6861818254490224,-3.2302276199330855,-1.071845991584914,3.3097142265754194,2.140492751029445
6004,-3.234489116420546,-5.542811148700835,5.699438778877603,1.6663270467490925,0.9579996207969352,0.45353481869988066,5.778053166970789,1.4268272013565557,-0.8597312467974616,-1.401461931017165,0.00948290706354804,-4.953170097575562,-1.6977097000489856,-2.2179852357167675,3.053108722849686,-0.5983049475446478,0.5941220469140092,0.8667691135470061,-3.2182270058174716,-2.7997649156205107,3.7495552177107676,0.341634142058866,-3.1554436707954174,5.082246232461394,4.525484681414074,-4.690226076837991,-2.5748297979946955,0.33080403076578424,3.217935457773933,-0.809168295119516
6005,-2.8943552569040296,4.837811548649093,-5.426158333329681,5.063367574291622,-0.9623105274891122,-0.6183550052157472,2.588992021462399,-0.4695836547885186,0.5269037379602128,0.9208457275686293,-0.6966711135318722,-2.870486718670165,-0.6396486144763642,-0.3003436940166999,1.4523801228846622,3.4561993259229027,-2.716589051398447,-1.2519980889157392,3.9761959012617183,2.6142202032017074,-2.27303659163087,-0.15072960905954602,-2.1281004829226404,-2.0385494208527497,4.245076051730937,0.46506175138302197,-4.203556472730842,0.8087374000246337,-0.577906618213321,-0.7374121121928638
6006,-2.8332567171635485,2.1188897118310024,4.841005441297366,-5.460045834843928,0.08510129295248436,1.2483061059288136,-3.6779555947924436,3.227309316889823,-0.7987690016369484,-0.3061041307044725,-0.8320652289229749,2.387584639167706,2.3335610807539737,-3.1974827758944677,0.4348749820917064,0.8214937926985932,-0.48330479350462596,0.09085771385515606,3.0506664181695022,1.4172475541764662,-2.4265252382509885,0.17541930780244464,0.39104830211233477,-2.6078563440121307,2.4366179935467365,-1.4992642472113182,5.5766962225650865,-1.1344340717447712,-3.7288127577510437,-1.6508031394031129
6007,-3.6826154407887035,1.915489637222425,2.5799483236216503,0.7319039187289604,0.13286471456698212,-1.6775911533491463,-2.2358108228637725,-0.1315268859485741,0.6437400020586885,-2.7761171747415485,-0.41438672215386774,4.914101603649765,0.2978544841464945,-0.9950938127059423,3.76121039517691,-1.4584503844042693,-4.003316111900499,2.397795429687651,3.5849004907079376,-2.0859628833289428,-3.7803777710692312,0.37034463517715555,-3.170179328372285,5.081274856883006,-3.423380607939464,2.117374597178852,1.9402921739598078,1.0952207765349877,-0.6748717299970775,-1.0546352097355172
6008,3.6010671534393275,-3.2810503062548513,-4.102374643292855,4.405564419616454,-0.17148034996435246,-0.4517262735415599,-0.5930988752504547,4.608698560750611,-0.9961889046580863,-3.3121297272428087,0.7648685811446247,-0.4721496347431753,3.341724954911175,-1.5295289764918412,-1.4943764205644623,-1.5438107206663307,-1.5314838082669802,2.7574749710787785,3.2512588484170593,-0.1807963130687078,1.6885926449364135,1.2427311978890163,0.09536159423689128,-6.0971479724130155,4.160742394435836,0.20329440971372748,-4.754118802758381,-0.5525466660848686,-2.502700495808952,3.4453291605042082
6009,-1.7045771535905363,-4.606378970872537,3.89382267028585,3.083130558605923,0.6950475491129358,-1.3610446535394587,4.9882887258315165,-4.968992352639173,0.3511795106547311,-0.31574866596586304,-1.133249522417643,1.0785223045371595,-0.1730667168870177,-3.280371735664456,-0.044175682964141316,-2.990776684849406,3.055798051369358,3.432592768996013,-3.7416730356957117,-3.474020995259405,0.5630310140975112,-0.7521914987010314,1.05226695787427,6.352587557682078,-1.523412603291387,-2.3562893577406037,-2.5666862974385793,-0.5525808808706527,3.51579895729682,3.4831701820459955
6010,1.024770020985141,3.693356280686725,-4.4343139990688805,-0.08599796256484993,-0.3689397218586208,0.17112538182267478,3.5827984320071735,-4.525656501347079,-0.6979841490650864,-2.608177229988133,-1.2293188330420297,5.47833828143586,-3.309083879075068,1.8095097029805949,-3.739425494347781,1.3771260782712602,3.5676504484842333,0.294223143687093,-2.460437118317138,2.5189148554882443,1.1350902685156363,-1.135803547137796,1.226145999962064,-1.2839104585133292,2.0049918537673257,3.7227547038793496,-5.027554490120977,0.18972088427886646,-1.591649744195017,0.7017367923920563
6011,-0.867519543299478,1.278115717929584,-0.3088032314527389,-1.576689895317596,-0.6692057711300567,2.1441027232724945,-3.0618659589960977,5.921764536647785,0.903533020600559,1.6122144642342846,-0.06106584186032027,-5.314580220625473,2.1038168050988304,-2.8860226479858344,2.2579290368051446,1.5289810496857648,-3.550382738743565,0.5456784951400078,0.27123077965008946,0.37411760059886134,-1.5227693524321033,1.2365586365948174,1.7047752514279928,-2.0639129158419536,0.5872949115310071,1.368480740949412,-2.108347809546526,-0.0362658852766522,-0.5807666911733467,0.7696047335177081
6012,-1.1720957494795883,-4.011649600577773,3.028701745246561,0.9513324467386752,0.5880431106327064,0.6156680474416056,-3.4964436922936777,0.052099079395127035,0.10059303938770103,1.330051146779173,1.0525252987507425,0.961175127981658,2.2612868491118263,-0.7963664928158813,-3.8115425114928314,-0.4231677484958887,-0.3630750012430717,3.1328649049362163,-1.2977812984405013,-1.5554324163324633,-2.772819597714438,0.09668396705669924,-0.6025134901390921,6.131862835567475,0.16343262756361554,1.8874612816864698,1.902333079929587,0.0731571030070306,-0.8944579542791598,-3.1319261379058982
6013,-3.1501742096396885,3.2102539508540744,-1.4452113556524857,2.705050863789559,0.3797942614849288,-1.6997135108342043,-6.066095221259925,4.545095755162819,-0.07764419525401944,-0.043513992529048195,-0.8903746025014678,2.532532256382378,-2.788288142972821,3.5541158666273702,0.3812530206683036,-0.7979918287921848,2.6458828107742,-2.9949717263045024,5.2919661745371585,-1.913636714643573,-1.53997439053828,-0.8793229062821926,-0.16453541805112515,-0.7944967450243254,-3.7027445206259877,-3.83499486692336,1.5317669161532947,0.11783380657247022,3.0054242074429283,2.882714457382292
6014,2.2742895289628215,-5.2717948895413365,5.035461801237556,-1.156129151044194,-0.9456483908671107,0.06382110125445806,-1.755789466052871,1.5945978956759426,-1.0202945427186982,1.8813522868386094,1.0755640979874004,-1.775430271729622,3.671577773371194,-2.39894878227779,-2.6667068222095764,-1.4926363929837123,-0.3183180467458371,3.205032270846072,-0.7871673695870953,2.807789766561889,-3.373109185199592,-0.20680116985199337,0.892738789185417,0.6665491688890697,-2.0803696930442825,4.494623493958411,0.029180365913511253,0.07324630985904967,-1.1805361536069334,-1.3361443230781127
6015,1.8366467513317133,2.8134003334520727,-1.920117108096921,-2.7351966934482768,-0.630215030677796,0.6354817474414087,1.3194634398622895,-0.6878129940198612,-0.6659563771288797,-1.9440202894242073,-0.40390260314539894,2.382228823856831,0.6813995007690572,1.207614514318962,-1.2201238336336715,-2.0924892191742615,2.9673131322737056,-1.543714094553458,-3.4182406140617374,-0.8428815086683272,0.973176020114316,-1.2355127071439034,0.2634671239581863,4.259991685799157,-4.7423793833787755,3.983838727740256,-3.4291736589365662,0.9972731423456018,2.546540292121712,0.6439008801094239
6016,1.9557550644539035,-0.6104493218487264,-2.8689051141591264,0.964652407568078,0.09505783332256446,0.46388913066548376,-0.04189053375224816,5.598585072208397,-1.097525180532092,-0.8810277951969212,-1.2465872739089119,-2.331554288817454,-1.1981340443853838,-0.4219887468262513,0.4413492931696581,0.40904867323663296,3.7729268702015126,-3.003202045395849,1.343259380383806,0.036099255316434764,-0.4962891986798965,-1.249435605681522,-2.745168449589835,3.1115346182487116,-2.2135891998755213,2.1732648250889675,0.23974772847656212,-0.01787845517426323,-3.2347064907103658,3.0531615921962825
6017,-2.0356256935766464,-3.696486626285221,3.7793779557319453,3.1793770702370203,-0.544865823633377,-0.6817768824715387,-2.321494801681503,2.728001566944794,-0.5940296042339908,-0.9962094246626485,0.06584970770852738,1.1178825559256254,2.475737196024287,-2.5466534511584324,1.8565000997075138,0.9147891043246581,0.3861072959615619,-3.0864802448592616,5.506626733128954,1.543982053641825,-3.487790996018587,0.09705415575182474,2.3137081970173927,-5.973580143523698,-2.277187836598319,3.852178874371795,0.31359144063077693,0.5264203370726337,-1.8476604623362842,-0.5673423531389439
6018,2.0521337669409796,3.3416530673416,-1.4752844563295895,-5.545126582011193,-0.7198593712606844,2.3464835753210593,-0.8140022166252123,-2.4123189925110253,0.37395363735006093,1.097262133624632,-0.3169726297024633,2.072078067864844,-2.5806531696720025,3.5703581106864526,-1.4678340868627693,-0.5018557178983087,-1.9859504271658235,2.965935290912789,0.8953659543609831,-1.0190332994562006,3.899456500188503,-0.831094209478807,2.7256452931935,-5.670340238810265,2.3990953017707497,4.3589005607893725,-6.102883308921019,-0.47335347871910827,1.1053235996411601,-1.2870826745594837
6019,-0.7827249310104403,-0.06808177061601128,5.8149592324292065,-2.5174083516289336,-0.8217194655211151,-1.625024713650527,5.438848002474561,4.4238871454141915,-0.39676850213467674,-2.9882387093572707,-0.4495545909247127,-6.028173345471242,0.2943465227004012,-0.6138268503241022,1.8145380802747155,-0.9722397662202447,-1.2203955979388894,0.6975776115084642,2.215445060526278,-0.0001606745668158993,0.2470697301408542,0.4857128543216387,-0.3737347198538181,-2.5743322505704214,2.5953239346605876,0.86312668800133,-1.4591668311006245,0.09436267607352367,-1.0823690885776784,-1.0112773790554535
6020,-2.252230320280267,-4.736751869488199,1.7260190703922653,5.923379597484235,-0.15832421589311174,-0.5020922622127504,1.7991566008822844,-1.0102798193756897,-0.5674889598703103,2.2946998977494673,0.4935906280885476,-3.0096783474734394,3.5736059533101177,-2.708195465931544,1.7233901738839705,-3.628623958018892,-1.1153751765510016,2.1551984733076814,3.7936062020801735,-1.8063608958519328,-0.7623698812939477,0.9288020936539967,-0.8095221336007601,-1.344155384989815,4.06237189334993,-2.083650826248167,0.9548752034686245,0.7683021429105539,-3.4979764950521712,-0.2039219184270511
6021,0.015164205081594773,3.0439342425469356,-0.5678856636387835,-2.080953969568945,0.07285381222942,-0.48311262664805454,1.9683847414237263,1.1106351078284185,0.3186842687320386,-3.699429628208062,-0.7989117539486781,1.1006372641734004,0.35147259785239626,2.3314747596940393,-2.1793604991179905,0.11338887828549815,-2.2956226682295746,1.6786469315160026,-1.3095929345699027,0.17263583966689566,0.4093264213179566,-0.29970217953048905,2.6917674539036778,-1.6644346007904218,-3.8904937186112996,2.869332954193485,3.498909685908881,-0.004765465283284698,-2.1326881624864313,-0.3402952937196311
6022,-2.5437745802421876,-1.4450393697719974,2.822482587723222,3.3061770356855753,-0.002219678560956506,-2.137625994831475,-4.496922158998025,0.15808135676759605,-0.16509245846711273,2.1369804546327344,0.25439237400567016,2.1125604320599685,4.064181591126047,0.6613010385954219,-2.5117714916555567,2.0198542537764475,-1.5867862388837537,-2.646779152958242,-1.6366559942578682,2.0884389945072073,-0.20639741784869337,-0.6982369428984043,0.19857873500933287,0.2542726254861627,-2.477855729641881,-4.582237851228578,4.943991513564935,-1.1808325768445815,1.56026053673898,1.736674107412881
6023,1.9157461439695638,-3.3176737536129473,3.5615353695662044,-2.2746728769355826,-0.8999036862395289,1.01496880325446,0.666655640553337,1.447250452970973,-0.09088227101934443,1.6638036618946934,-1.1440564385228367,-2.542771045876009,-0.7650053578276577,-3.3072057522397547,3.601709535279234,-3.429601604511584,0.742718989608111,3.157384189692028,-1.5533473790268033,1.1569872859488228,-2.5505271947652837,0.9361209155207328,-2.5614019417417584,4.572168314062015,1.8378955315661258,-2.2017125735626735,3.4625023448639674,0.47695690938951074,-0.9980035720518945,-2.5776386402032756
6024,-2.2358858732990328,1.4560229153655015,-4.151640678957975,4.257623993198326,0.9740440009166402,-0.30016435722126644,1.87456065883811,-5.176847364912941,-0.20707339615890152,-2.459078673898903,-0.24924165278352461,6.21768042891696,-1.6280450288141726,-2.3012548033607434,3.1728400265642556,-1.8861928416909102,2.865005685464194,-0.22235303816222363,0.4989980098749598,0.726042363975882,-0.6988196490316447,-1.1493831859419075,-0.14400694353893684,0.7671694046593984,2.462129219501822,0.5126210186749098,-5.720512373827695,0.3539281435141044,-0.5933204231951912,2.9851544153337883
6025,-2.663627600381231,3.212788615616347,-4.736239020038546,4.647909098890487,0.3824516133186364,-0.843282707403473,-0.17183233341881632,-0.601166043646387,1.247612946665213,-0.026996162139678148,-0.6773888178706979,0.2297704104111702,-1.3315924942359398,3.620332765093881,1.3902246307812405,2.3589736439317157,-2.3664114599932056,-3.671527085577324,6.078123864984729,-2.219082704312399,-2.262055473674309,0.11018276728922949,3.0003740651482786,-4.707542519437755,-1.0851344228122102,2.1955189906331043,-3.405118142428364,-1.1794383903480856,1.4098613808791782,2.0643105840781395
6026,-2.3474509327015998,-0.5108755037640087,5.566478288181983,-0.8324585621867939,-0.8249771928724903,-1.0507160966548863,-1.7889382980287323,4.773615201258021,-0.607892746819858,-3.567060516467377,-0.3566115927989868,1.5468879528577446,-3.222444172312354,3.6501650443503024,0.6548854989565669,1.7020085882104858,-3.4115000029617555,0.6268850437571256,-5.4007948340328475,-0.764822345641571,3.6006656572764904,-1.0297685103440295,-2.262205947389335,5.85692598012907,4.094522491810675,-4.9353765283546025,-0.872913861836885,0.7858254407931966,1.9357373557228144,-1.0077948981333922
6027,0.24220239519872067,3.004873401309844,-2.4294771300115734,-0.9260233830928577,0.16685433714065523,-0.05842962054253853,-2.0171771799796545,-1.4379579767391988,0.13319277879670288,-2.945825423346319,1.0618746929517213,5.205893108317561,1.9200394169651744,2.419822647734758,1.1899802593802065,-1.894354353795368,-0.030145028701543453,-3.6053429415828653,-3.3158803635309475,2.655831710142568,-1.6316391715917735,0.4974734579917026,-0.9009278046369378,2.69514217162315,-4.204388515424835,3.469670574767072,2.167578886651089,-1.0455374740964363,0.8379102964285075,-1.2252337683236068
6028,2.5510567497366097,-1.7169142370739259,-4.827483980708568,5.0452915366055535,0.7458275171506581,-1.797777585708122,3.801053088495504,3.7702409936545713,0.7969102438156694,-3.722661418685572,-0.2821286480980669,-4.363414259181287,-2.4740028979427837,-2.806675199822646,3.4814563326709163,-1.8477506849850798,2.7873083189846035,0.8596641310953554,-1.8908966178304247,1.1157932155335235,-2.762340490088114,0.1754443377232393,-0.11627236564044274,3.4782719203000276,-4.302138902873404,-4.991019568314789,4.773071873435068,0.7855305491674471,1.694148026545637,2.0404080220418592
6029,0.18328378884690188,-0.055433729212090554,-2.8375918811907006,0.8414519329219843,-0.23294153507365056,2.1012314237097804,-1.4598749471136756,3.2321101352516237,1.0145790565510104,-1.1314573589696408,-0.9975504511946198,-0.6578064345238488,-1.7458290089116115,-3.2517635741354454,2.63451521789694,3.5271925518455625,-2.8686576336453182,1.7045424469502635,4.340266332050202,2.4338586979945482,0.5536140712433273,0.3713379399593384,-2.1427131517406206,-5.556363889509001,-2.8741123704276923,-4.958781538157222,5.018924010537759,-0.4457215982033409,3.6285324363011284,-0.3688409400488162
6030,-3.290456857546129,-1.042713951755296,-0.8823200569355052,4.59180799000848,-0.1683161696483031,0.7919990458789492,-0.19809845858610586,1.9290400689466374,-0.13521513297132515,3.4664867190005637,-1.2456375599928462,-3.8165756363960597,0.10066916663818049,2.933820124649415,0.13254804674635068,0.7517215524708085,-1.543918557837621,-2.3748403326667713,2.872344579771866,-1.9787294018286765,1.2286750841231964,0.37144909721297115,-1.8660374712612349,-0.6277018880203222,-0.20347999812723927,2.9223037291457885,-0.28872957269263466,0.45129724746018063,0.6525259813056827,-3.53391738708995
6031,0.9055148942928373,-4.060144037749193,5.526283290919274,-1.20185286617086,-0.6183933869268237,-0.5514078943630469,-5.615138173397522,4.960463159749082,-0.417263667743466,-2.2814001863885416,0.6658716759810996,2.6874671918002058,-2.755054795712635,-2.3186483702276846,-3.1165022447593564,2.1408781227089726,4.066194893943091,1.9831323940479386,-3.4036123113499386,-2.190377367157316,0.3473941130218634,1.0193185714802802,0.8798405606900737,3.3474364333128364,2.5982605065044204,2.760517777772563,-5.439696628638622,-0.21861992517328943,0.5798451934819653,-0.2803069239452274
6032,-3.427459539034748,-0.2398035656184483,-2.3742675349801097,3.7732802411177317,0.4164309764989378,1.8518194220188455,-1.480196841187933,0.8080882857101699,0.056481124987864284,2.4871212399271876,-0.13593982610232835,-1.7355539833340998,2.7460906885574445,3.920449169131217,-2.3871098517623537,-1.2508435121275756,-1.5629424070576512,-1.465644086740788,-0.18880057214430934,1.2996480458365482,-3.195873560645598,0.3616845386432068,0.03229673745591377,1.6910448108520306,0.1322895007160092,0.7690762325028295,0.44964676959694927,-0.7210877268192606,2.119217894834435,-2.749142670829155
6033,-3.743047085537979,0.5064789320815528,5.741055197940685,-2.2571595990631614,0.6633312894237178,-0.9106587348425705,-0.9208469210288399,-0.8754418046339865,-0.9844180691634152,0.38094646223522766,1.193451483624667,1.2063088489671827,-2.933915978586951,3.225178852699564,0.6426029312053032,-1.5074093043330166,-0.3906929756851163,0.964236474700499,3.0087994946236165,-1.914408694569211,-1.0294367975915648,-0.9713000365544282,0.4487252340031631,0.45762080008621453,4.073526176239799,1.2363896819282552,-5.131408413405463,1.0073954886335086,0.4263593720076422,-1.6122623054019307
6034,-3.5396865343373687,-5.604511952749622,5.731118739436155,1.5743277466662384,0.22276996559285456,1.6159820353939942,2.260317498958109,3.2568543596721646,0.33838413047939575,-0.4672584429995865,0.6977469009862043,-6.086044447095482,-2.668851886280871,1.9985115533433557,1.2054386454230226,3.8839053519982265,-1.0180929967781118,-3.40091066770535,-1.5473570651799875,2.9177383828482277,2.375100061566524,-1.1019895914326012,2.6911511870118083,-5.334642974816138,4.424631648295932,-4.0445060704129325,2.38088544860161,-1.1058983295326432,0.09741395581047207,-1.7525266527606362
6035,-1.5719827095105057,-2.020003009111978,-1.2445953823996092,4.784682342356259,-0.14485407100105552,0.1967528296691139,-1.5068049301219162,2.280714789272526,-1.1274348551522477,-3.066548605339147,0.7545982779255072,2.665475323416075,-1.3145311875143122,-0.0982891711790721,1.3268920410573664,0.6842966093712661,2.9926029502069724,-3.5909712419419293,-0.8596537911610262,2.3461620519225086,-2.1284098012453008,0.33474712374387483,2.386065508681668,-2.078911091943919,3.7388650527341056,-4.918634902693675,5.071944625071755,-0.10075161746101813,-0.37983336140501933,-3.4115897962443498
6036,0.867526741337068,4.808011291375429,-3.2301032105793333,-1.622871921924542,0.19366999415881292,-1.0162328943652188,-0.14312124179254582,3.7526983525703237,0.8961817602892843,-0.41460715383166225,-0.09439024031273568,-3.9967614769218613,0.5810593980043635,-1.6930963593232757,-3.613592901725454,3.1060777337962264,0.7580925472842068,0.8614595819642066,3.4250265174965655,0.7954363377831655,1.6325918335067158,0.3573539338443963,-2.7961782974992033,-3.414230325133829,-2.0473800938830706,-0.15441465091291562,2.478591007368003,0.006656635991197923,-1.57203871835954,1.288585819798076
6037,2.113827050270178,-0.9672661582142084,-6.019212251591533,3.970182357709362,-0.3906236921142694,1.2930926939426843,1.4326875891718736,1.7483251976904306,0.9482409331921229,0.09451263974205126,0.7839576679594469,-5.007724027755135,3.0610136162796273,-3.543712400468644,-0.8063030492698751,-1.7985524957079555,1.0829260024919591,2.0046283266751637,-1.8687374234583771,0.6453636423878564,2.127137028300467,-1.127656253952551,-1.4524582978335978,1.6763513045540108,-0.3634406198041198,-2.4412059312858823,5.686929147163909,-1.0554851019127076,0.04841290346879212,-1.8752103976282282
6038,2.666809867156811,-3.2320236415320203,4.4430794506649285,-4.6661379618017875,-0.2718934079884101,1.0601656935026647,0.47049409446561086,-0.522105242968685,-0.7988423388077681,-3.618902877201375,0.6926362356709497,3.776720128842065,-0.4569242804337499,-1.5146834484941394,0.294151771058381,2.2941697119179203,0.3481632320254846,-0.9648769860736426,-4.3151280685467945,-0.3280553008599636,-0.6544872318456001,1.1829156871014757,-0.28543591482248587,4.400190828971169,1.419575146181348,0.49637455263343,-4.716503205704896,0.8261004814370505,-1.2793312085604462,3.25378423401526
6039,2.1417340301012473,-0.49354038169106573,-3.9599353764256726,2.2694076675725228,0.8772740390944929,-0.8349399786493343,3.7360367462454,-1.762543468446566,0.20303605239484046,-2.8535890291511876,0.25215256496906324,0.4249071339892261,3.346709857375913,-1.924180171024922,-4.100862555908584,1.7867018358920994,-1.9067028098875518,2.7983338435532943,-4.000528651193061,1.686026699269764,3.4372549591814945,-0.2782596401030588,-2.1313291817477644,1.2868358145904786,2.5984038323232177,4.343624065306994,-3.163265377058597,0.3070439361657584,-0.6839487819080929,-3.401857674827541
6040,1.4974767823017636,-2.64759038664738,-2.7058918506050205,4.169165136654851,-0.9823074701237222,0.6691477884216948,6.234538801977667,-1.5058792600726818,0.23518507123402532,1.5773846799910096,-1.0028690312344106,-5.53836026189482,-2.9919568576713864,-0.14454991844379705,3.4368203446148087,4.13342421862275,-0.9839523252823064,-3.4497854618397987,-4.191563036289079,-0.16477438777445386,-3.6775550036598137,-0.8939567010500644,2.719563474327588,6.208285654443642,2.4541741961411567,-2.9711607690685895,2.2764172546141026,0.8325421062216432,-2.7710339216102646,0.17906113370367827
6041,1.4838609543020453,3.3829082328702285,-5.246242436102371,-1.3443736984911787,0.9699571751411971,0.7538897722822568,2.3479942605633894,1.471679182904417,-1.1597185557870402,3.3431749454504534,-0.3467802248676959,-5.65634960826274,-0.5395638434183425,-0.16100093529212955,-1.1587834721632042,-2.719396470389187,1.6769187713705627,2.901825949892576,4.797913016905046,1.1757214224696373,-1.7923577715796366,0.6620512047755742,-2.860362912125627,-1.9829649604471946,-2.979217454357716,-3.8134290241214757,2.465382323078753,0.557650380184322,1.804903652664212,1.9647101225536368
6042,-3.485480474660271,3.7263283792606643,-3.8747732297049176,5.811211124177589,-0.7122115059896981,-1.4650742930812104,-2.259427434109295,0.5831209637565067,-1.0634202053612274,2.1754719206424227,0.36868884179468964,0.1955659132776475,-2.836147822883408,2.2823936367566624,-0.33567492121582987,-1.1645543521217796,1.741322866644051,0.31266059282060077,0.5946212413660987,2.7786841805325047,2.7849395251425832,-0.4139855763125828,-0.77904905531412,-4.965210315416716,2.058846004839843,-0.004289104066319993,-5.085047998307417,-1.074776284600567,1.709959221781208,2.395308160354972
6043,-3.696923630454247,-1.5669666167350371,1.922235168937469,1.713407976772661,0.859976592142738,0.7682705093385493,1.5339160118915878,-2.129005902218868,0.2977671019725854,0.5986388401819376,-1.1627244442041151,0.8614083923776121,-0.1635442216721188,2.312722500015571,3.1220919516110364,-2.2261534778941208,-0.17814755148671324,-2.8669692005733545,2.9029388783096266,-1.1960278193191805,-0.7619916929945667,-0.45739512296867435,2.4588241335979415,-2.9463483766274194,-4.179595669752601,2.8685237989614834,0.19078712790597763,-0.6357356147627842,0.8634148623514459,0.8926054952981808
6044,0.01165000856702747,-2.8740088269738173,4.43956796748834,1.7609954379395383,-0.8741324185992776,-2.464072168419678,1.052241537627257,3.668154318062644,-0.5591373340498249,-3.1073119788743604,0.4000915022889959,-1.4540380450539452,0.6674011033943188,1.8103701641855885,-1.9870549795065884,1.1602359132072557,-0.7557379149921779,-0.8952142862881054,2.8369704509059837,-2.763900436744912,3.6444789247247407,-0.40262667779763905,-2.330443107511794,-0.9844791535786541,4.306398961061674,2.082625942490832,-5.373622728630508,0.5902900586403774,-3.288238878743396,1.6825466451827467
6045,-1.867910893646167,4.483627703490338,-0.6985483220124493,0.2371596250356447,-0.5954536790768883,-1.5588744337883504,1.645213340237074,2.593920655019108,-1.023285972032585,-1.8222410471166057,-0.9380943742389185,-0.45551260186731923,0.5671851025409929,3.862285976992844,-4.08277382903492,-0.6360532532721699,2.724193351479684,-2.434837348706166,-0.6398959852876658,0.3068656640037748,1.1228181267760462,1.064128023713815,2.5373493323895246,-4.3912651615977865,-1.8761454284423635,0.3432659457558458,3.357349216610551,-0.9856804643426358,-0.20396500822595698,-0.6348242613537156
6046,-0.7949066144571848,2.1221242713631234,-2.906726196766634,3.950000659710831,-0.9847207133173941,-1.3857714065306244,5.702446555935566,-0.321749058753408,-0.1688176028303232,1.6573295042008098,-0.8360049389518114,-6.033204459600064,1.1777048925294942,-3.312348050451284,0.5978901256685205,-1.9602590600001886,1.280623095040717,2.2163889972130164,-3.5038604335487875,2.196912314847655,2.6380572033694136,-0.32157604969209963,-1.4184579520855394,0.4089249171070932,4.9822686447744715,-2.8992633528300935,0.38604248902556293,-0.3922426925931699,1.6284004586267393,-3.7052055470017766
6047,-1.6081586243561592,-1.721369334340185,3.361685645834271,1.759070205041958,0.07941685079180161,-1.8706447429695796,0.5153563832066084,0.9852548789155229,-1.2210188975640075,-3.327395840359209,0.34952806458745744,2.6982754112143894,-0.14785829233118264,-2.870725611317063,1.4344228380958235,3.536182935000518,-0.5975416369205,-1.3544802325272975,-6.080183391878734,0.6657281191874862,-3.265901774206828,0.9283800248366836,1.5672556344275002,6.184721387631626,0.34976540355517827,0.960143442463437,2.475700692501885,-1.01164671758796,-3.3940815236394783,0.620118702708659
6048,2.8760872268666233,-1.4167184445592653,-4.520967591698373,3.9099057694598898,0.609800166529459,-1.4581071265962393,0.6524829559243841,2.896411122906226,-0.13604228534397578,-1.3023174615750062,1.1671444908305233,-3.2776788227413967,2.1839153374090046,-3.8851413563707737,-0.8343902962309038,1.6146142987495082,-1.0571697733416912,1.9781717897851578,1.419953336823113,-0.9412959965839409,0.5495853352925586,-0.572316469032879,2.875860677308413,-3.3317868838095244,-4.873268141497999,-3.2090010142621956,4.335024868045878,1.156135355148309,-0.5748637155126008,3.1659726480803236
6049,-2.2355222535490586,0.3920098970620174,-0.2650624080560213,2.9607580062632906,0.6503074302809977,-1.5024906719991158,-4.664744140285862,-0.04917826965106542,-0.33234571598327634,0.09261017581463626,0.09474863781710496,4.8589093122892315,3.5572571923854994,-1.730210880070084,-1.6653009173110664,-1.3318076714136318,-2.4802080005614258,3.650270276971,-0.954269267762168,-2.0078748126169117,1.1357924705463027,-0.2868689760651346,2.5037480430459276,-0.3905274571502808,2.5065027577782786,-4.718449825331877,2.6447241024391523,1.0718781734612008,-0.6438864410196459,-0.8607687673254016
6050,-0.16047569777308013,-4.007750666772459,6.1371796909615846,-2.8107943863425646,-0.3152022995442403,1.157043359472853,-3.1670233705911564,-0.8547622660545962,-0.7382312678088301,0.5187090132483796,-0.3876565000275347,4.628964391234497,-1.1147123964269525,0.1644872312731458,0.0381177702093467,1.0361067696380353,1.6911602520153544,-1.815159626708688,-2.8774504016239675,2.025790988388902,1.0913176331580665,0.20488777313364182,2.8102927491431213,-3.254838742202036,2.626939165765325,-3.9693760184013165,-2.353585376605068,0.24512153978529394,3.6215919082899752,-0.1706912188325056
6051,-0.7775542083850286,4.565204366448665,2.5566329969371644,-5.690511469803209,-0.7470258996233246,0.09325421442781767,-0.9068810021582294,-0.760059382711507,0.5147822270908406,2.2460212374717337,-0.7647756843625642,-0.3290873953295197,-3.6709372373180056,2.7310398263477467,3.8670112509344783,1.8932566281395147,-2.912612652623359,-1.907757815480105,-4.118394931461161,-3.0163094535390584,-1.9011422399812208,0.6501035529320891,1.9572458698300146,6.428497202217052,-1.2693362156688828,-0.4093038462272496,1.9364683974919181,-0.6257560572716745,-3.3761533953659857,3.7440811170435566
6052,1.2371844618691021,-1.2546339370460586,5.612733070071634,-4.533144453218796,0.34574460173476806,-1.407883743408565,5.155007851684097,-5.333430549279484,-0.7738899980563136,0.4975116989133124,0.5407085367033284,-0.08590753996418954,1.1415288968345187,1.7324871518871738,3.8972119493551673,-0.08059151979164625,-3.5637409436326664,-3.1268955346522738,-5.082575577163478,-2.8401571018603153,2.973245236119375,0.534084435983905,-0.6584405475857942,5.0738435545040375,-0.947638113782201,2.0495487492580224,3.3164748006496865,-0.04297634929876004,-3.3346134417445494,-1.0407956450805251
6053,-0.03825144355085719,3.888875215222832,-1.7530470235824325,-2.882927629172368,0.4538385422953528,0.33151233878956,-1.6499345633996576,3.9289650128211804,-0.9134755393602454,-0.5203008117957157,-0.5824440453808757,-0.2628100528839532,-1.2645616631179717,-1.1272092721247127,1.3647969367214863,-0.7718070151010714,2.956093210717551,-1.1573121970949867,4.240546541122615,-0.9812720380490223,1.105530602223336,0.33481057715482354,-0.5825596297598548,-4.117056052694149,-0.37639468782928986,-0.24038302481717722,5.383088585841556,-0.37172305164297903,-1.8374279203469044,-2.557159901203512
6054,-2.283342010976117,-4.84476609685235,2.8715245396562423,4.738940622809302,-0.022179225897807076,-0.46017782873720314,-5.472071965361881,2.444093785036877,-0.2009093189121769,3.3190679610565255,-0.2956882624917725,0.20550780067315344,3.260450387572959,-3.5022300973770175,0.8146447988314165,-1.6842795010722043,-1.35823949559974,2.469653907644883,-0.5992740776250258,2.361579201009384,-3.5123016522415575,0.9015867783151323,1.4896494763290828,-0.6412397257892479,-4.7287481605942805,-0.4398710391812841,5.862472199111373,0.8344716684418696,1.737198473459209,-3.2655231412352137
6055,-2.2593576044736654,-2.2300792183841054,3.7099716522527437,-0.5710964606892404,0.7056584367155634,0.6449031945807668,-1.3251722408707742,-3.644458878208571,0.8397459348334984,2.9523949149482753,-0.5811372400169574,1.7586275093152501,-4.065257062606902,1.1389414610830464,1.3901669071552902,-0.9582666555166774,3.177047439192677,-0.6826320893071376,-5.144576510467434,0.11352207653034796,-2.4295318877833534,-1.063131022090444,2.3087850376317665,6.214932306176891,3.4280467620097177,2.571909879600046,-4.560384809078421,-0.5121846985020113,-2.3752813452674246,1.4478942112397917
6056,-1.2292991453703976,-0.10661550706287315,1.8165606614216685,1.0934665453381527,-0.16321373458518584,-1.4108988197392804,-1.946768439896914,4.691303722412382,0.6642681258322733,-3.690037046402937,-0.9325383844426138,1.2137720224985529,1.0513753080152668,-0.19673232810795938,1.058903800242934,-3.835517710184284,1.0564908469651328,0.865480083069194,-5.302593230955509,2.3968173339874177,3.116088477718808,0.10811052839082702,0.34663869246208634,-0.6650618016059049,0.7703457951651593,4.191412606057494,-4.3591762938275735,-1.219784243010952,0.35164532306755625,0.26555681254999186
6057,0.28697366579551087,3.750234738507295,-2.3649064247592335,-1.2645544982881134,-0.5758620775081118,0.1681145962547621,4.08854371394235,-5.186657228978049,-0.2540328123811397,-1.4105775053558034,-1.1236369821684296,3.886360814941824,0.763017525246692,2.4696597835256426,-2.801402969589809,-1.4515436991391137,-0.9945969626088349,2.014866322565684,-3.1692663569221544,0.05434254610364775,-3.728627685692695,-1.1334901410052254,2.6201088360865903,5.356932801427604,-2.1609844568468226,-4.711263642062075,3.1631087306282346,1.0948922056575698,1.1753424445541079,1.438904718070674
6058,0.49827529482705835,5.072253614321205,-2.803692283443784,-1.4265837180279028,0.14077329995885313,-1.4810262076333007,1.0683952652969317,-1.0260276529863397,-0.8833884024579364,-0.9095252631098578,-1.0654731360271201,2.81601918928504,-3.8473869919439707,1.9460639491880016,-2.4131261906325587,4.186525893234027,2.5520246914268405,-2.424101351272059,3.092563282589719,-1.3102829156276936,0.8210457988929178,-1.2445698961039562,-0.006667896955640629,-1.3520883727975672,-3.8920457700521354,2.943488582188568,0.07347388588900117,0.5600410608811393,-1.4109973808378768,1.7260396219330119
6059,3.082972229512272,-5.693098658865583,1.0301666168954071,1.728341716520763,-0.6046572869268179,0.4562753828660764,-5.531451746862285,0.42116706922619684,-0.15097508001617488,0.4122736963569782,-1.035863147539282,5.884849208835327,0.2654588627911032,3.8821627924239337,0.8572219835391586,-0.7350955981567644,-2.25535836103937,-2.0143896795577607,5.056790612703136,-2.3947804042468412,-0.11041000897275133,0.7331682714886494,3.1061029140640883,-6.390871385038498,-3.9863069244904636,-2.1634309097030844,4.622675769127991,1.0437290854287191,3.5095380342376252,-3.0262050545990515
6060,-1.5354871348442511,-2.6856545738917212,1.7238203602282596,3.1269550213012316,-0.7973892626828865,0.16775558989150596,-4.106388760977694,2.9676755615416113,-0.4040955489907967,-0.03805031947783277,-0.946082028036904,2.5269410959423872,-2.4108232183740945,3.1719017218165817,3.0050800586547233,-2.6955015464963132,2.119633372132906,-3.19029038773353,3.040663877213106,0.1817182721313486,0.0685700816408712,0.7319711534279278,-3.190757216739586,-0.8321661676758829,1.7078572695144487,3.587166397965351,0.26347704944769745,-1.2230616882913177,-1.2006859396441136,-3.134753088990351
6061,-3.641214644564437,0.81921190214657,-1.742265861807656,3.2904019209590096,-0.8493619380708062,2.123228621339484,0.2204445305975149,-1.695216929328371,-1.2180641626658337,-2.560107757011016,-0.05757928319970418,5.310523601608214,-0.7424987429438055,-3.1711363083140576,2.9015262135093174,-1.7511040091187517,2.278811079351769,0.48440176751578434,3.625901212463045,-2.9973624056561707,-2.640719707139885,-0.8596982062305631,2.3318185960551805,0.5400605105061835,4.878769347585884,0.16293831770186173,-0.744204727912404,0.9894098708982124,-2.654077089023602,-2.632835719248238
6062,-1.1722415746849641,-5.722966248826825,4.167901462072994,3.2369479832875285,0.3603237590978403,-0.8699653809444055,2.732149256318447,-3.2273477396240793,-0.4994413853667483,-2.718876332217201,0.24189561554247074,3.471620585347889,3.500583264086419,0.24946435001404765,-4.088929269408196,2.1223936554465332,0.8365084944229046,-2.6200204945614587,-3.351897914749351,1.4061156765736804,-0.7516389746840062,0.12067564247363194,-0.2700538615299344,2.8467994319137873,0.6568775550453623,3.9323170884319936,1.2611658074584469,-0.4060188643167768,-1.7384274727601472,-3.7059141138571388
6063,-2.781060428271738,4.026314235782898,3.516044007847448,-5.418507616424453,-0.1788314382070224,0.8360412392750529,5.726535255751006,-2.603770337784649,-0.7435659531394823,-3.722443367656121,0.7733317628191241,0.5699126400108909,0.9403260546502743,3.312754885097739,-3.3854625957134186,-2.2949824280466444,-0.41431763090619,1.84168171491849,6.049943143508116,-1.1679751660099438,0.3653395678167364,0.8707500212206387,-0.1864442355349798,-5.931613331002755,-0.8693052123823399,0.48457786387331936,1.3240295813889844,-1.1716414300002755,-3.3570954942776776,3.5894346913997452
6064,-2.2362932210171884,3.192280287296402,-3.595404500135757,3.4656512675612454,-0.5661384246544565,-0.26009540904809825,2.46884823628271,-5.158896896033053,0.491201251983143,0.6408917201431255,0.25619842079560406,1.3017572668292523,0.23606061957805835,-0.7677124673681917,1.730262281200087,-2.647405120368992,-0.2446747189779721,1.6934694059372646,0.28060552796322114,-0.9373298501970879,-1.0569577286613434,-0.4555330316085415,-2.4772180433465216,4.646433125848098,0.8715017862764256,1.7944786143857563,-2.450586643174656,0.3296263108703812,2.1702557905034148,-2.7152758588595525
6065,3.5806211063819227,-2.0266996354165165,0.572953007732238,0.2817897947274801,-0.5052702530579483,-1.9033940203650452,4.917433015043546,1.7360339984922177,-0.32440540961350717,-0.7004195150388846,0.2691956557796411,-5.897837744662237,3.626783386306542,-0.22454879593422206,3.513708447690682,-3.1390304904680946,-2.357682517468062,-1.4192300301266236,-0.8273172540963536,1.3566811942702568,-0.9980936588139446,-1.1622982148470764,-2.830612176758926,4.461640110243838,1.1514847462656768,2.8130408545817076,-5.887377468938027,0.4096614455996965,1.6902348152153976,-0.177044392722701
6066,-0.28499493560941147,-5.408002919049046,4.182889824495394,2.9133255596775243,0.10929879963160527,-1.5125163291439474,-1.8417760858377896,3.592263555759587,0.3665037002657465,2.235207105835755,-0.22807425552605665,-4.124124020496474,3.4184960958731025,2.999415701124697,-1.036448205008213,-3.4105680595761676,-2.859185278691468,0.8882897462782822,-1.4123666276492628,0.9778062148765283,-0.22430066373802937,-1.19715043773079,-1.320683151575638,3.1766946658149884,1.99047593555051,2.0613996559327923,-0.167357973510601,-1.2342297828950528,0.93170913822083,-3.581996973296766
6067,-1.7517955448565292,2.4520231029091093,4.347209442980677,-2.3238929189476636,-0.6334229947011276,-2.0901210873823235,6.08838801888049,0.08289350024544007,-0.03026259713645363,-1.4663499089984526,-0.2807423626890255,-4.3939266503012355,1.547782540485862,-3.068579157340393,0.330253844684421,-0.607518691092416,-1.0354515101647408,2.8335129734274993,4.299664266343292,-1.7601936824920479,-0.3770473171425639,0.9556551241024751,1.0622220594667855,-4.180300450280182,-4.611679449655,4.60178386029467,3.6232093397520764,0.33132050734892005,-3.6128777054916537,-0.3317565522472794
6068,-3.3956620997452536,-1.6767427391867002,6.027972735784747,-1.4550851155905775,-0.1344764589004397,0.6339936776403885,-2.2125854050805494,4.998729552516274,1.0813250964585581,-2.0186081483545752,-0.8921244783537272,-0.9567366171851894,-0.3568237903307683,-2.110581112376879,1.522229364786945,-0.035564418533361675,3.6884258241964005,-2.707685867742134,-4.298880574313149,3.421299457462979,2.2517441855987848,1.2307042886789974,0.04257182828253647,-2.6474391857124004,-4.19130229883911,3.6415741333332328,-0.5848333582202763,0.8808593651243362,-2.6343468073399645,2.8880489659435256
6069,-3.2291502384655253,1.7921493437681768,2.0666994619822567,-2.5018066964819177,0.5809079132105484,1.291200215988594,1.7879244954537796,1.5531236958569075,0.41055202047821204,-0.8826708360856639,0.15218219904715458,-3.0211115747496002,1.8026817137240307,0.4308718279050012,2.344795253816411,-2.9792597477128826,-1.9911507605511751,0.39206171281881197,0.32860191584957477,-2.3539258312118925,1.1371696403850073,0.6251669398140267,0.7843098309308125,-0.5213224957697875,-2.1480600015120785,-2.791425764453887,2.9950146606549666,-0.22439280136008932,2.7372895233822554,-0.56842561670938
6070,-3.031447072426449,-3.796237594550796,3.019085468763702,2.45160109314844,-0.8858325834311556,2.2428306884983957,-1.867147703194405,-5.958188826956814,1.0871686124990374,3.020340799847581,0.16818646176957586,3.549640656035816,2.02326034797035,-4.108996145797775,-0.9534024043566021,3.050732057930766,2.900102800879239,-2.911696656625791,2.258365314524376,-1.2319281175738102,2.3473166643814025,0.29394272921353704,-2.446543045826669,-1.22115354472108,-0.8706372278528249,-3.3980187426786834,4.880498307022275,-1.1437683881923695,-0.5651008235025703,1.0970268752059766
6071,1.4256403226999232,-5.082457322394628,6.110437677966136,-3.0082324727648952,0.6198162852960962,-0.06520449080047719,6.009301507748383,-1.4246651901743164,-0.9380896049489609,-0.8931337110360484,-0.2559533992141514,-2.497459602374093,-0.396104102450078,-1.1826602020412675,-1.404336057772202,1.3995786915609152,-2.1105141772321776,3.6940358479350053,5.093022182220867,1.051783112244724,-2.7148148937646592,0.060898834391902135,-0.30829611834451676,-3.1825931167505814,0.43565273596910004,-1.486459166604508,3.474918760414777,-0.002444089837557506,-3.529422673858626,1.1077544339186183
6072,-2.554594264270465,5.346634530580175,-1.2342886040891976,0.05771038045846666,0.5180087152614399,-2.133470757938305,1.8168475333584233,-3.8701007271115238,0.38227387047612904,3.4646135834607072,0.3646592207515429,-2.158293480934457,-1.0979033533589497,0.5328875987560835,-1.5111123707438026,3.961921897786361,-3.52222529131733,1.6364315188778455,0.8180186912339131,-0.14780850961835412,-0.790175457330351,-0.3686886513731764,0.05341237267009369,0.43524155441562584,-2.015678028305519,-0.597750031994952,-0.2798530054188575,0.9224923380813808,0.1818071597158326,1.7889815679239085
6073,-0.2933506022666812,2.0327753606356183,4.412176944357089,-3.8187567703746517,-0.4863265548738289,-1.8465183774753982,4.248148449365058,-3.9286458898985686,-1.2291612020386804,-1.292082828171731,0.3055945309240604,1.8961469398206887,2.032647791980949,1.5749251496607748,-1.204927079048252,1.5464940377821677,-4.243926979331448,0.2947870789559772,5.4752772057394665,-1.6504568782947828,2.513418849942827,-1.0522110273392302,-2.400862171336202,-2.88516597871433,2.3812602526522326,-0.936529917156566,-3.278198617036349,-0.3189920778152491,-1.3290148122338223,3.4814751715915584
6074,-2.353445324413796,-4.658217277090966,6.0186434140035665,0.5014004055896528,-0.362751801412196,0.8543705833258493,4.865690152933038,-5.097192312565593,-0.5998135294631952,1.461046347621167,-0.3887529633733191,-0.24097769515128675,3.238985388269768,-2.9790006723360722,-0.5009776327191275,3.8645415866403034,-0.7586745248194688,-2.864874145035275,3.2697598777467007,2.5889166460064352,-3.8684287847540357,0.23815031230198347,-1.1532469106856205,-1.075151140617706,-1.4514850838794402,1.9377315406514626,-0.5690366607392185,1.1704838924267733,-1.350296789247702,0.2626031007899172
6075,2.2512552760546427,-5.500218120949107,1.8913251823651613,1.5993028143487784,0.6598696663375332,-0.9015348181549214,4.066000320810719,0.585769813931261,-0.2865376531982937,-2.7153277015915283,0.6471849640231051,-2.297089743974446,-3.9320333678192156,1.5476181589135578,-0.4763480683669279,2.4071126710465904,0.3442816748595803,0.10936893136651626,0.1748680413900381,-2.633784876600364,3.581927084436103,-0.21655170572043847,1.7802160934258051,-2.686674636933404,0.7680106264724209,4.2091198190413515,-4.261295976387977,-0.13716996555096994,-2.5378723373640373,1.9592078337910053
6076,-2.9641947328331106,2.657490141018286,3.657296406502063,-4.2584615118678535,0.5017194618147598,0.4061502353679671,4.405058755115807,-2.0686159553737653,1.1853711553942974,-1.0687539400050579,-0.09840207505687104,-2.354657940073583,-0.529772753302094,4.015467250135561,0.39055718009350215,-2.557705074574768,1.4838911782755773,-2.8024377806276863,1.0456172305692562,-1.6730424956802779,0.3762421396796469,0.824991305810169,-2.8958325515791117,2.3220243711980757,1.427521504554143,-2.939242354853093,5.804190355650199,0.04639340596389996,-3.482710691281593,-0.8561522200317881
6077,3.340493733258537,0.9808622632264772,2.2584292296117496,-5.12531406736095,-0.09875318545025258,-1.3557179732834594,4.769819424554392,-1.8126312406174065,-0.1517035546137322,0.7986453607868853,0.11111344715434956,-3.7152434372636804,2.1278980648409096,-0.6683684347072543,1.6588399060537569,-3.7823228319744953,3.025722623564235,-2.3617693277770595,-1.047804552508957,-0.8425767665235995,-0.5073222220662892,-0.10831095354043008,-0.0881638715530002,2.5941783661899755,0.24339593750757516,-1.9168773706228706,3.8927803763589104,-0.7935738022337713,0.7062209642956336,-2.131946105303708
6078,-3.004021737528321,2.013342499157236,2.496067971530387,-2.6799085521032744,0.8306634429348829,0.34385637601118013,0.2439816203703451,-1.2017371696269734,0.07435428176221759,0.1441285438496518,-0.28247686391655247,1.021749587562109,1.0415753884609593,-0.11940476663309596,-0.15592601077797852,2.3391481198082076,-4.088932929960206,0.983540199102185,-1.7299603742388854,3.3742222299039035,-3.0372952491039555,-0.28667138458194064,0.5889063813199087,1.0907983966986592,0.39187980578634907,-0.5735240317951664,-2.7983046435078265,-0.05862304502743232,3.099305640779477,-0.06073372623364115
6079,-1.5818462440063872,0.16532729078661745,-2.1962810010222746,3.4495771382563696,-0.46467493532123805,0.6278977513090123,1.2896180626265163,-5.40164207006092,0.8626298877289154,-1.408801263406371,-1.0126144491021147,5.670809832214836,-3.415142351139938,4.247815988389107,-2.3515279457747607,1.4118103459845237,2.341032581474117,-2.2339886189329903,-2.028698069601969,-3.050455983463893,2.524214513345335,1.2100268707874715,0.5060259735935198,0.8388866953372371,-1.9428016329028566,2.550342325204568,0.19021284495637758,-0.6519662093426799,2.9326358423146743,-3.0784231702283122
6080,0.2847665666589858,-0.6799453082009492,-2.2719387290477293,0.9900056908641517,0.14582675896577335,1.5312850207618496,3.5972126846118684,-5.345253172554216,-1.1087068683450156,1.2744297622464167,-0.5107137706909315,2.0930313647327274,-3.7635292383513956,1.4622358956765709,-2.51152634798488,2.635024323819245,3.2413228466678277,-1.0635274798273038,5.463515070508869,-3.002306104970984,1.916905337112997,-1.181160747107778,-2.692094595343752,-0.5048589602016342,0.43331876578781703,-3.4543888586010887,3.9464589088477027,-0.38420608998037054,-3.3680972176315436,2.8269144915792523
6081,-1.0100237003215415,2.2517380901586677,-3.470222953786429,4.705668530006239,-0.04114156587957196,-2.436018400175235,4.2877948346734485,0.32497201516402896,-0.8042264190026405,2.606573849762043,-0.5097851452717244,-5.905329135324294,-3.9876067579710224,-1.194896744515642,3.9888345177635003,2.845987712367563,-4.151599799187254,2.4992810715429137,-4.121387386477476,-1.9030342579096882,-0.4328024738629477,-0.6570160889377323,2.5493069166766524,4.564933290508897,4.620460246692133,-2.4188058397569634,-3.1246067309519674,-0.4647025278837873,-1.8825601419767608,3.2702149938791045
6082,-1.9692093036244298,-1.1127605996877392,-3.0515115326108955,4.516165548727017,0.9044568224849425,0.7128590647132498,4.600712775167985,-1.172769757097413,1.224932278804257,-0.8269852459959175,0.1347924610436495,-3.9606825119216964,-0.6993946112888807,2.6751349556886623,-0.21757258493175868,-1.5987690305042648,-0.6046718348020335,0.4452731058383801,0.5248645342486284,-3.4469093630193495,2.7901643740465403,0.5584281656317902,-1.169633637002475,0.7430859260925722,2.749976056866025,-2.012569023763504,-3.7058386478832404,-0.0070415907609291395,1.1900517419301018,1.7854214636133392
6083,-0.9300584002387868,3.627026724283539,3.1138698330464685,-5.02861340553903,0.7347814163629902,-1.5170061679130065,4.418772554500471,-4.155850378965763,0.20510717875367757,-2.4866665169924698,0.7270942472672726,1.291542915437688,0.02278479895266372,3.3999916429123545,-0.36938391490083333,0.8023595290434713,-3.282332708978684,-0.5734193470288957,-6.181479441382329,-0.9509711470683033,3.914654278285603,-0.9445530246512623,-0.5682584632758534,4.730607798089849,4.634448540617761,0.9123975697508939,-5.384025547883613,-0.053140059066898004,-3.3763198017796423,3.2666392983632697
6084,0.6910965087791467,-2.6071649307147524,5.694670806474058,-5.96505326931096,0.16400822455131348,2.022442660223387,-4.323580527473116,5.348994248692989,-0.7944462936346444,2.0388581439884135,0.6354027533973845,-2.905228324970121,-3.0448716112299294,2.6956163467218843,3.696642729155613,1.9649022114766481,-2.6187512439082,-2.693538432215961,4.381090172798309,-2.8628925496409963,0.29583115642452995,-1.0491633391394428,1.4082336632045909,-2.173099103649289,-1.2506845380760012,1.558307717077259,-5.677596379287188,0.09425379514040255,2.092153037739209,3.1835663674081154
6085,2.345062281813867,2.212224424965509,-5.063610528232406,-2.4069566001872253,0.6838936139536056,2.2293868076888543,-0.5426568663646911,0.6963388923504539,-0.42599390684524163,-0.13447905178204422,-0.6130922520026516,1.0198831846450922,4.216419368870813,-3.324422500972645,-1.6633641579519143,-3.016654418707777,2.821030714945074,0.9669909938165233,0.3332640583806459,-1.0910262218865014,-1.8259870325537282,-0.48946144359943844,-0.5569386582765521,3.63014929793329,2.595127798989587,-0.2619480127535674,-1.2639523158554873,-0.17524818443946355,-0.18187578464763554,-0.7121035012916224
6086,-2.7473572310811463,1.598237301531384,-2.9163144866910145,3.318748612441258,-0.2716537347334935,1.0183395385352387,1.5994236922304133,-3.256196803869855,0.15839032767121797,3.3533858593502472,0.8003833731359977,-2.6553864485170955,0.582214886893226,4.19145629412121,-4.097587456323819,1.8802277294005023,-0.01899496743502027,-2.5373164866559907,1.8376017742558233,1.300133678730921,-1.7314835580987058,-0.009627906702939448,-1.3459987033512881,-0.0506252848360873,2.174186796398711,2.200074492917487,-2.506223957877925,0.5198735236567664,0.47383152048243105,-2.8617423755756324
6087,1.6225518075428695,-0.7209942652644941,-5.232390776194567,4.843224751831421,0.9122783506343608,-1.4246698685473707,-5.540706247370732,3.3572252789289543,-1.065008842045208,-2.4746867862366724,0.2626644284409174,5.460512168283682,-2.546569899311649,3.431199190330542,-0.09837172674670569,3.5017392237283325,-1.1527227327233085,-3.135274055277071,-2.4341313506920024,1.7785579223240369,1.1139244564632058,1.2022448728445951,-1.5800863637173475,-0.0805095372247493,2.289013869558495,-4.078682329721984,0.8655433908012498,0.06890003886603857,3.6769664182755655,-2.821741387777566
6088,-3.668611067555041,5.358142799156841,-1.2257482583358836,0.8058723570082726,-0.34566876837990046,-0.9239870618920634,2.8606900105842996,-2.9658012630698742,1.0090733642621146,-1.7489216577235407,0.28842409390440515,0.5565354520435335,-3.974816330150727,2.782712785456443,2.795995704470098,-2.675131612030226,1.6767095743266012,-0.6054701220720489,2.242026229234863,3.082548136449617,-2.5838432165322835,-0.7057146286319362,0.0013856332316120046,-2.0364021537541532,-0.24906764120875025,-4.518877140192149,-2.3070516157822674,0.31703177491824164,3.385284612394269,3.372680009872461
6089,3.3733955325141416,-0.8632269435887636,-0.47599549980939315,-4.394327407489044,0.27668287952322457,2.0834714388520776,4.224835660146496,-5.018572820724881,-0.03958955868719283,1.8072176968599365,-1.1039546771026263,0.13006369950916863,0.4005887760104194,-1.327543570678115,-0.7489295154922466,3.3000812442712437,-0.5917053198912292,-1.0324916142199445,-6.057462628781483,-3.257561439082348,3.6730560999036257,0.9785913076850514,0.7604926828817735,3.902883977391106,-0.7611164980069809,-0.8869748303603551,-3.0576867604071367,-0.35990353063750913,2.0238425177168615,3.0418391016969295
6090,0.6737468544185301,-3.117416658183174,-4.5397360576190735,5.172152040324715,-0.29214042549521935,2.1033942465564586,0.0561818574083226,-1.7687613029232665,0.4359957198699389,-2.9009670410631294,-0.014357464112508822,4.1919082308215465,4.230969594577587,-3.115677517369809,1.8169647382707836,-2.4637899101663816,3.078729247760503,-3.5471961530725515,5.773748477986494,0.3248532630401577,-2.964423501763367,-0.18340655105337245,-1.0020794312190873,-1.9486922569931124,1.7062309271051639,-0.13758486289799166,-1.302326753481708,-0.6417543007375386,-0.32582627494822525,0.7012612649621008
6091,-1.8003822678817514,5.504847336840918,-1.4154556736754174,-0.04369591394011607,-0.6709818292615322,-1.574331652079854,-0.7828002640675464,4.027493524759734,0.7576974003005779,1.7840462117275138,-0.7132022152363451,-5.07323465748302,-2.9114456875022423,3.784060188390036,-3.904641352817741,2.078793642944376,3.4723489886995864,-2.519115779713898,-1.3553518529295125,0.6426188201084742,2.0301221515462196,-1.0797175836831236,-2.8217607474371267,2.584089212392758,-0.841090167806918,-0.1369442285506679,5.034668927314829,-0.967801174347743,-2.8504519298851143,-0.23838142672260076
6092,-3.3942798742563554,-1.716029053330928,2.68680206989934,2.1648273157119853,0.9623385442356538,-0.7036590022574511,2.2290701195386298,3.8674515086584726,0.5555938863696479,-2.8852833689885564,-0.913285340702279,-2.8535468048749877,1.2956316549477016,-1.6023333181191841,-0.632022860729851,-0.24078073754783347,3.377036016217584,-2.1975307547683087,4.9738813344421935,0.2161470616504797,-2.8635623681472193,0.21843661892050736,-2.120710225047006,-0.4241924218212212,-1.2455556307670363,4.149916077564516,-5.454887692835385,1.1367703129113007,-1.828901016409434,3.242657949537854
6093,0.3131241539331828,-3.917827990515711,1.9621785434158774,1.9924596850662404,-0.805190135335859,0.45525574343848874,-1.5521875863042034,-2.2157501709555127,0.9912610267575355,1.5147248531541955,0.94002027605538,0.3219316012935316,2.778040162882892,-3.4954035152245098,-1.2747242158055947,-2.5720348544772804,3.826154091972807,0.7379683306517872,0.6724572996018701,0.5458353513201093,3.0107027082955753,-0.4537568427487182,-2.9433909624244308,-0.8318475540466288,-4.664728984214081,2.6020502359956765,1.546894251633745,0.039100436471419364,-2.389412342423329,2.8660964025383784
6094,1.6822282306116314,-3.0278504956752172,-0.800378797822038,2.002865922727757,0.9882532967444102,-0.8451181565842862,0.8698470419848974,4.947684235834366,0.5438399914933765,-2.3426949818308476,-0.43930102841408836,-3.579375259066829,-2.3526881489683795,2.3125727284488953,-0.5346669876631864,-1.826049513058118,1.313319161829412,1.0875127594114922,-1.0231405142090928,2.759036136716979,-2.4226494628118296,-0.09413325182252574,-1.1678784704922514,1.9487655626164972,4.288232172674103,2.325305376890533,-4.5148786920644675,0.3756152048503827,-3.500970507328228,1.0266964449794997
6095,-1.3599971594780396,1.9901508708939204,-4.829022912966504,1.0486424600121431,0.8380213460767885,2.3122053954639146,5.858402486308435,-4.209952467866717,0.9001686660940935,-1.8668638052172568,-0.6613984775305006,-0.020356401787189782,0.620197609960023,0.960182030628836,-1.7676017219647981,2.7274766533533032,-1.1800848969270419,-1.360169675050198,-1.1409494244525966,-0.6514030710945882,3.244480145203287,-0.013978319048186805,0.1748484530366845,-1.612997783646815,-0.6660207969664569,1.4109286644438193,-1.3599794053131795,-0.8328478463648743,2.7623275570551336,-1.3144081728526498
6096,-0.3413218073369837,3.223273104943889,-3.7454898534019847,-1.853880129716881,0.6245347218588995,2.0928839636553125,-0.622263823636505,1.6888658966825645,-0.8702853231506484,0.8883307793607571,-0.6561260215135345,-0.42852150774179165,2.36528672997267,-4.147472065184097,-1.5916178038412525,2.6563388885986647,0.29365062391356744,0.4238136265405501,1.6212753276638026,-1.560938833843796,-3.4434186186937854,-0.8375222272356293,0.12991476872737096,4.090689583379785,-4.110149652751478,0.10052215745820803,3.007775852814632,-0.2653130391525602,0.6810689119521722,0.5860957696808207
6097,1.28525629572421,2.2919145855200895,-2.944197930950793,-3.1903584429538974,0.5669243315252892,1.9904611611373628,0.1626674347820618,2.0482503698601278,0.32184703231274625,-2.2111272914800733,-0.8480265407038745,0.5263889952298193,0.3277457634130698,-4.047787122836409,-1.8484406368332582,2.6889817527048834,1.8523587055913637,1.027141537960457,-0.6962928990451616,3.342623523814453,-0.2478887430919059,0.740221625746937,2.2960567430191983,-5.434720250445771,1.7210114737866604,2.4965032089619754,0.6789629751961179,0.937762578970478,-2.8050315683963127,-3.0292086685171107
6098,-1.3626610052364736,3.7852678725792863,-3.27791973204096,-2.5216573287394404,0.9425458069335768,2.434424386506258,3.386733565406818,-6.1193827591683565,0.6669062140413775,1.861561986871827,0.5453782549864723,-0.34119726213733514,2.669460948284712,1.9252904611361075,-2.9033394751789388,1.1406219773305395,0.5022635518090013,-3.334297463381329,-0.7165629967069584,-2.5900829963327023,0.8806182339774438,-0.2767056931497791,-2.0439543464988237,4.746687798708567,-0.4460859071154566,3.012837282644945,0.5666352468973379,-0.37651015331374627,-2.4475308132116993,-0.3093456558995662
6099,-0.017565037914891946,-0.18255759693218465,-0.4805392243867388,2.7838074650301863,-0.70251031448357,-1.400635291310568,3.3221786946995664,1.2696485322117326,-1.1513562845922594,1.6745993399991015,-0.11201947421495095,-5.00305080810238,-1.020780394162724,3.7684404992619847,-0.7531351862937505,-1.4504781066219543,-4.005712935562947,3.4616661233794908,2.3130975088636063,-1.0319449782668926,-3.3846268178458807,0.3137485207054036,-1.125986886363041,2.9157126529045527,-0.1000078881878359,2.480710064116572,3.186886583116113,0.3493274769420749,-3.349957149200325,-2.5669590867848324
6100,-0.39893053632377473,2.6215831023659533,-0.0959131085336331,-4.757788715333767,0.3596997274612752,2.2713495303661606,1.4085289287288774,5.650092763247002,-0.26679078439239756,-2.397084844669452,0.3402862285646737,-4.735032291477896,-3.0167299137694776,-1.8976160624605818,-2.0826943883682585,3.9253486599806457,2.496236633261706,0.5754550713560693,-4.277552151907486,1.3213139219526795,-0.28645010486487443,0.31369877922111655,-2.9423447334461823,5.871334289042515,2.058622267737544,4.846239921777965,-4.293331660932665,-0.9307877233916351,-1.1893597317195308,-0.4913830734699012
6101,2.2214022514456246,-4.744914645924897,2.780328055311962,0.9393988867589904,0.41726715346025456,-1.6134817010497073,-2.1741908434591615,0.7258192147826747,-0.953127184544968,3.7479534136323096,-0.5949987540960846,-0.7514558463139736,-2.9954374543195375,-3.055120008395214,2.4791217222460986,-3.119896565260081,4.162447129993261,2.5288851757355815,0.3634042295587392,2.813231645804457,1.2248288923334485,-0.730613241073371,-1.930333984569847,-1.7405175420556667,2.6845458056918226,3.113605295929876,-0.6147443641836432,-0.9445682607393522,-1.9046169327014137,-2.334221543995527
6102,-2.543364966075016,3.793499583009737,0.6749943975536752,-4.327263660032635,0.021299660578161017,2.3808349849683115,3.4232573842246055,-3.22240373609041,0.4148363712172758,-2.9036974970389817,-0.19719578824889883,2.48520326593723,3.725627632563956,-0.5544316440351658,-3.2383668813736186,-3.0109411438986236,1.8019885484538314,1.276123488289727,3.911848619843383,1.0464263570811685,2.438535993838393,-0.23634852292021868,-1.0078385303816546,-6.152623917463323,-2.787365924667686,-1.3545725723666564,4.881377734183189,0.5753450659381478,-3.328501118482908,2.0137168153977143
6103,2.1330185678693034,1.9199242246269712,-5.3930931655988665,1.443965866782058,0.9933546610176127,-1.0971701546948651,-3.7655787446928066,6.074596066663716,0.49282658475624697,1.93567295594859,-0.42130249310462986,-4.316214369570297,-0.05244669501614396,-3.902803977074063,2.240793799186253,-1.6732159883942632,0.9441013142468009,2.443571547051487,4.9817581416603645,-0.022200833998434533,-1.7448753667013968,-0.5377510621705079,1.8937180599729189,-4.570648938765185,3.072050323888888,2.0775839132391063,-4.482866211792128,0.727029627616532,-0.1347947059114336,-1.2590029470391606
6104,2.1282251989608554,1.1943435743457975,-5.750810602916335,-0.26301613851514816,0.573281410408117,2.1179765577189045,-0.3395290361551879,1.0799873626350234,-0.8272385499444823,0.5226075800635588,0.3533991082255179,-0.7892264648236456,0.2563947917138094,0.29218201145789635,-0.7555449048774534,3.3118659458998216,0.2865926493196831,-3.3914904935137073,-0.6412654862365912,2.105638722645896,0.8854158679129362,0.8619905371810317,-1.2787557918023502,-1.9330238497031473,1.4079832287808784,4.590568169338223,-3.9893497147561447,-0.4333737083549849,-0.2151241905845236,-1.3607037844216148
6105,1.9920482611599226,1.7754890871387055,-0.8657954302743285,-3.7789242150174864,-0.06465058128574275,0.9418328782811383,3.789323561326931,-5.981474906051709,0.19659596028739568,-2.214916493122537,-0.3635503126405837,4.5740221902012586,-1.7015514104168883,0.21587685721472383,2.9167065791171503,3.119811442108464,-3.1105352252733915,-1.4403082427500316,1.6425262317230107,1.2333881718563475,-0.2226872995202882,1.1601302589161246,1.028513193296936,-4.84187055627433,0.8976202912173754,-0.8174496282389576,5.138672406343549,-1.1725676564587153,-1.99980639547214,-2.046469017389274
6106,0.031635859141653455,-1.6228265996595717,-3.18694333638593,5.625747777947257,-0.18442898023346843,-0.6631847208077399,3.1942959258336643,2.741154378566584,-0.14369241069105954,-1.7215649011389829,0.35992899209641127,-4.43012198466586,3.5747675178718588,0.7696786626494685,-2.9508284075203726,2.028413836528511,-0.9476270528158572,-2.4744045567135995,1.1742871445512186,-3.030795831479711,2.475246766612905,-0.7084159327654973,-2.4242758242245834,2.51395367730348,-0.11165079339532724,-2.517724155104453,-1.609748646034756,0.9430358466420028,-0.22375943401716647,3.519847181911544
6107,-0.7019256372939964,4.4888749788975595,-4.435180446563226,0.18936665727360946,-0.6481106562290977,1.1069751039173692,-4.097173423742962,-2.7685096567260032,0.057851098916803956,2.7107013637047856,1.1189882183839321,2.97814239946419,-1.397369579669391,-0.4275604941932656,3.396697217586585,2.916699770638189,-2.4092271821252425,-2.0792397322368554,3.8423496110465116,-2.198340895782259,-0.7385131518246784,-0.10535485855501392,3.03022509995613,-3.8303658048428773,-2.8126633260625873,-4.240784155838131,4.050941969042611,0.9993248636270176,1.304105370978892,0.6990752782540088
6108,2.547554449671459,1.2855810879188283,-0.9213886294107354,-1.8492591428961198,0.15284136180467023,-1.2153291270858801,-2.5666313650094885,0.3275416585396478,-0.4519468179592625,2.0930552632717614,-0.4908396706249336,1.0888209317830224,3.9198842762424313,-0.7586919401193875,2.8112771324372012,-2.347213407033829,-1.5549344372316298,-2.070321624294799,1.2193257179141597,1.2988795728672269,0.4341641835659473,-0.6382586281410125,1.524433753205166,-3.838544599413673,2.710547911912986,2.0553223148230835,-1.8729352438185636,-0.10675871120785185,-3.2636186035570525,0.4774423318491863
6109,-0.36132185630870595,-1.072383093564465,0.5878769291428476,3.1869202555971476,-0.9875042325837571,-1.3535880022808264,-1.4741421668877024,3.8149752677627546,0.3289138997420542,-3.665076510704287,0.32107331615170853,0.6742561939362162,0.06259971948501786,1.2345496542377532,-0.26160687600190613,2.057119608857672,-4.249258024190308,1.1565959176117602,-5.391814984712109,0.8623640723315074,1.196019989822819,0.34979295530732024,-1.8873375224009195,4.870975489649176,1.5038222826389323,3.261621388897254,-5.019125233102255,-0.37566748836261166,3.6824947541641393,-3.0531457042336996
6110,-2.0708756574044145,-1.4041135319329143,-2.2393544854593586,5.408908143455921,-0.8007604216173609,1.1061959529603325,-3.7931715525034733,3.6423263804420003,0.04717268172846545,-0.09936589506635407,-0.8206519316127814,1.0236903170128713,0.32397326888613875,-3.382931933362329,0.21328718559126258,2.8876708139189233,3.5779662089053907,-3.6199655439394096,4.70933972551758,-2.0028896592348797,-0.6408064928042361,-1.2181670704363192,-1.0672132914351238,0.21973678839078303,-1.9037577125626441,2.684383062693179,-4.7173780051015335,1.1563460947335864,0.8846411835013779,1.8957653767377636
6111,-1.807454708590667,1.7893295934674214,0.38054068687762665,-0.9859627720090778,-0.4257797634867464,1.0493269637436402,-3.10164310580533,1.2861785720951922,-0.9871276195742942,-1.0366152483836917,0.6282942041463464,3.21091319752248,-1.158379674860754,-0.23177440843147323,-1.3083652894747786,1.7237780618362244,-1.8911668656044203,2.865908176535207,5.672061283656568,-1.3830005276080897,-2.845753303951291,-0.9040974439838196,1.0113600276247094,-1.550570035740236,3.5662596865182685,-2.6397930822160873,-3.717611061313068,0.07144223278478457,3.5685259866689094,-0.8488237624410377
6112,-3.3553875438377254,-0.33110604143606537,4.559658230015632,-0.5938656720970457,-0.40489400254138985,0.12559502989877558,-5.929847798261459,3.7560179577652946,-0.7223682899432022,-1.5461544789177548,0.3685741407133216,4.073778468644509,-2.929526167914398,0.12089724929884227,0.9243403825909553,3.362138649695236,1.2267415312975842,-2.7045916449682075,-5.594457463151631,-1.778146678856757,0.8016302330553309,1.1330136947967855,0.5371471702262127,4.900813043927911,-4.616332302525674,-1.4280340375721892,3.3183288390412464,0.9715377101078637,2.497893799591804,-0.7433940086412996
6113,-0.668186887908476,0.4283335398256938,4.153487859651186,-5.4727954399119945,-0.4877304261695392,2.0468913545153313,0.8420486734918242,2.304226445023332,-1.129636404849402,0.33359267606510556,-1.2367024819648167,-1.113528907765275,-3.2339471805615254,4.03081065698554,2.855671144428417,1.821710651047983,-2.9359029083232304,-2.538342363577195,-5.276871636191604,-1.4058071226976239,3.5621285335226887,-0.6841768733662494,0.837167251315682,2.967559847414954,1.9826372013243514,2.450003411086442,-5.116176207318606,-0.05507285593708744,-2.83998279657545,3.5785912474221213
6114,0.6829490908673908,-2.697233228599231,-2.575516577069891,5.349884127185316,-0.003704129238064624,-0.7563792831433229,3.351717442837135,1.358261766149706,-0.5670392627150003,-2.6224908722023486,1.157260265797098,-2.6777093398658174,-0.4212046886525478,2.46794541537648,2.7004027033818723,-1.9102344654572665,0.34338623920400124,-3.180295203852559,-2.9493478967130287,1.5011526121909657,-2.0005450434573504,0.6413579462673091,-1.0054032982459518,3.8127856799559225,2.3452437580122236,3.843644991333097,-2.6163584749477273,-0.2390062827138273,-1.9664708900035972,-1.367053101678394
6115,-3.460454721602579,3.2002085107875935,5.946932343836572,-6.240081739912775,-0.4555376850370174,1.0089332919304237,0.03521000191138768,6.237820088108286,0.9241765296696753,-2.1254050707335868,-1.0630345303010569,-4.008767018653938,-2.5820584178730783,3.2556211980858087,-2.8065818142665737,1.1286261365451615,-2.4025088625020565,3.4069017600107188,-1.123105667364257,3.008374377784058,3.048944460755898,0.548527974952302,-1.6460326618139582,-3.8367084843162225,-0.3185548580938935,-1.565819748192986,1.0676550439512056,-0.24207263523526557,3.732438799591691,-2.6736466020189678
6116,0.7635376517571171,0.4327152788017621,-0.20189588770011113,-1.9338467786645985,-0.1660393277265484,1.1055290635345862,-5.876295758940053,5.126871070243293,0.9849769826997488,-3.290371903812545,-0.0972037228504723,3.152023332660761,2.499767844793677,-4.153744977530499,2.0007606145326626,3.306382356992124,-1.2449326055403844,-2.408233233247591,5.017176108448297,0.5002136381794102,-3.3894057706494536,0.6017613141271152,0.8090161289035969,-3.53876141901117,-2.1662106753962824,-1.9283998518420695,-3.3499974512728983,1.0141865398948733,3.6672415054141325,2.76317993320405
6117,0.40123847673817536,2.5947811441741813,-4.376992690470807,3.5910753416807353,0.1300055637360371,-2.3401078358560943,5.939252001339952,-1.166685416759492,1.1179679510618863,-0.7224829966272122,0.472710948939846,-5.640762487954227,3.390418856275648,-3.6136416959471305,-0.19840324137275545,-1.5346200674939166,1.2051374727845925,0.7511086757535619,-2.0295811770263477,-3.2825472907976874,0.7582272205935894,-1.0067855232697775,2.598588619615729,2.9620981508822517,-4.389537961110243,0.7402012507457094,3.652962224620037,-0.7723216626976575,-0.3212476169562102,1.0899437654001964
6118,2.0401073498667373,-3.9326942956922153,-4.390645893340924,4.4295885795867775,0.46828772674855257,1.3853565328333257,-1.2570165069493164,-4.697840133902986,-0.17492036678914769,3.3772486525033827,-0.6537370230369763,3.406265378175771,1.7978185604425612,-1.1239791544638589,2.826807790116021,-4.14119112507734,-0.17947578861761926,0.8200197176002302,-3.059448860535177,2.8359538276827756,-1.9273835709122853,-0.6540402855053546,2.869165888417724,-0.06424699914988707,0.277355828686904,-2.8935938315986824,-0.2057457393674298,-0.2141976845483251,-0.4924054207726627,3.5285868476019786
6119,2.441631399298327,-4.405221191633736,-2.9475541390404523,4.673538541852189,-0.7672613242771849,1.0048667138030858,-3.7704396607811184,3.3179337674690217,-0.7474364447742436,2.8294904883578056,0.2553240293439307,-1.8848721796146926,0.37660011862601905,-0.3345638382276377,3.6723783344234775,-1.9342288885191419,1.299625338734728,-3.0798110650374593,-5.717179533087517,-0.7824048752860779,-0.8419035184433241,-0.3873320413360908,1.214742376429708,6.514077591721083,-2.2345937154468203,-0.7804478039186513,-1.5948925995794134,0.48060046914983445,2.0312544439241833,2.098079205872647
6120,1.8807458717500047,2.123634081434048,-1.8671208398992611,-3.9406958765872027,0.18995345566535082,1.6134833076392496,3.2310679968077913,-4.387769158365437,-0.8710119596017387,-2.5980473779227395,0.032478629894455935,4.5932818691883455,-3.2445962053116784,3.5411910791728722,-4.043792972893094,2.6748351759125626,1.4335219572369837,-0.36115903411765515,-4.764830175168093,2.2288358594139055,-2.195632464316434,-1.0943681976952666,2.580293084714951,3.2457018930487003,-4.012704490335036,4.334598075888994,-2.4926325221552723,-0.3656240591795825,-1.1509522034727162,3.6873151992554085
6121,0.981245462767907,4.416633847682885,0.4079400550263941,-3.850302010796799,-0.6859647649037357,-1.2695525897744684,0.3901314097627484,-2.60535564860983,1.1812392686699082,-0.06284217794326175,0.698877220728499,0.3979499273925917,3.409370051666187,-3.425874541125271,-3.778580166236088,1.004920279322473,1.3408540097001485,1.4493103666725276,5.9329796745796735,1.9116497073896035,-2.4916228301403542,0.14904639035085143,-0.5644921553488622,-4.937560786833121,1.8007556260144533,2.794006044300783,-5.946071745474875,-0.27449061868206126,-1.1990242019751811,2.824824895818704
6122,-3.308521547976831,-4.656066078572017,5.558255841983772,2.4428045307660433,0.2610664747017224,-0.2975392209005143,-5.443133274656848,3.9728263685608773,-0.707577507486425,1.1047578601533061,0.6509329277996709,0.42219362563007934,-1.94067333831034,-2.710454949359198,3.603501334221079,1.4783714017842229,-1.9873995891774818,1.5566551408417162,-0.6379265707149777,0.48785979959970227,-1.5071648260680135,-0.1929454947097744,-3.1182546409783534,4.968431732869192,-1.4590681915604478,3.6114571198335987,-2.957008430764578,0.42417343890535353,3.0054971090462814,-2.6250510454584344
6123,-0.40270688962794843,-2.4936509018952115,3.4743220625787075,-1.4065229848675287,-0.24648460007014394,1.0750433138843345,0.8503636869613409,-5.653102197308812,0.20898463768805087,-0.6551224508818372,-0.36198870170897735,5.610865025250938,-3.7994468617569304,1.0418177322358275,-0.46987014450628095,2.51521457283415,3.6785293178554994,-2.9662446166622605,-0.8358599615169737,0.11841532581096637,0.49528696826621754,0.27533564089085605,2.817335241885992,-2.870513215339237,4.377859991312114,-1.5914872512337652,-0.9313577285067218,0.4725993239839541,0.4965087316098895,-2.8241230671636828
6124,-1.8493508860929513,1.1670950911665479,-0.9703680970746795,1.7627422279914278,0.8711005996765935,-0.9812189356647245,-2.7611679920394465,-5.7048596544801455,0.6855799800995097,3.295831171661245,-1.1346533949492268,5.619269889708775,1.8100441548781774,1.3672344973626451,-0.9107817917821279,-0.2860321499978191,0.13445516845614947,-2.114919878917023,-5.680494231375043,1.926795947381592,1.334857748265005,0.7444919811413557,-0.31503891343995605,1.989387468024887,-2.6010003404008515,-1.5310191255607464,4.182589826875436,0.41144334193049925,1.5319275601352587,-1.993941262977815
6125,0.35476065968178716,-1.9548060964595138,-4.897049611796842,6.246341555861253,-0.08693464984007915,0.3376881425556064,3.619826749658536,-0.9683527169330155,1.1103553497465386,1.5369721794499291,-1.2257886701956813,-4.073012891725607,4.065383801544449,-3.149690615017425,1.9462007449167302,-2.675644936662854,3.3382424785769835,-3.524491473357891,-0.780181427767225,-3.3059402537045095,3.9033966644720657,-0.09489394215374425,-1.451722882481791,1.7293418416330582,0.9757669266330105,3.733714103278462,-0.6582149140260931,-0.056948163299197496,-2.5989542856984684,-1.3953636668859346
6126,3.4606504387363053,-5.053890615959446,5.22053668549837,-5.711982019393911,-0.31979133345452504,2.404476844575388,3.4906419526049106,0.8591205726944438,-1.127342343356732,-2.252710103719677,0.1302592378618268,-1.0999693160841097,3.946292453131324,-3.5045004889009554,1.720672725589619,-1.1039071479693625,-2.731671086876947,1.6731135450262862,-1.9938296510409117,3.379980233044236,-0.4974691646503615,-0.2818739690059129,2.296818512500133,-2.90362596084935,-0.2013675235907968,3.5316692188734358,-3.7835540644096497,0.05710053380973168,0.9801624502070787,-0.584010614887994
6127,-1.6291239346690123,3.2448039888884637,4.918516384372992,-5.164618987088421,0.5844083879719748,-1.953985839473832,-3.787242735247485,3.8459799347435144,0.8921858495170847,-0.058613643717563946,0.11425686488531284,-1.006566270180226,3.547601934405936,-1.7859095378419472,-1.6839628332606154,-1.5322992198853118,4.003707490031651,-2.5491378334497377,-5.194129272645494,1.2606268400117457,0.9371012420460119,0.9316549562699663,1.1028115596072343,0.9619346747083988,-1.1540854760233152,2.88038300255171,-0.8879511449553839,-0.4588424180275048,1.5195139834801878,-1.8990179470238662
6128,-2.825384300716877,4.848321344108399,1.4270734313423752,-4.6132955679987795,-0.10313035274588556,1.2664154460129406,2.3960764502328438,-1.9650868749576595,0.38661819432183364,-3.282202518290582,0.3987006163548976,2.0658941323393343,-1.4694608476913178,2.7986863281888965,2.768176517282292,-1.9729849720281276,0.14961031422025428,-2.2740273399719992,-0.041394356349155004,-2.891345742011552,3.7605336489939702,-0.4499454389381876,-2.459873480932247,2.0820253692350406,2.919556856317545,1.3073543849078249,-1.5930730676808125,1.220647325768189,-3.324629699542969,-0.5298557997679545
6129,3.4333123706304356,-4.571654114770325,-0.947258439724532,2.368122134320746,-0.12703321058401573,-0.155488739870151,-0.5738963458262418,-0.43732568396731963,-0.8348569304208109,1.8082684133967604,0.6563125110265506,-0.618501964208285,0.7528344828769171,-1.0477714856305553,-3.1238575531004393,2.1847310207307125,3.3389050111473964,-2.1048414760240295,1.8713849503796958,-0.4730156666736427,-1.5379914570940816,0.04216299264204526,-1.4640869540009724,1.5615461347448232,2.8107410370651564,-2.091474133100924,5.949067103276416,-0.5672892749872025,-2.779576453852709,-3.3214682783989193
6130,0.27361015457774407,-2.0333340301234166,-5.214766732492045,3.7778888732610554,0.8214890787872267,2.375112655991561,-1.3617302850211992,-4.78333906948561,0.5818370098973551,2.815399595621205,-0.26168580150229825,3.009518550491208,2.6100512283771806,-3.194016946440163,1.6663063630083563,-4.077403614623307,0.7204057990440234,2.27465717063388,2.044487302056389,-0.5055426848040128,3.53983247198288,-1.2059089301401977,-1.1821245626780783,-2.6907435964191535,1.9997598748207004,-4.6903638344154714,5.413806451298125,-0.06689258613694449,-1.311357895571538,-1.3449520099930403
6131,1.4164381043163061,-4.356906841573558,2.4894545365303884,-0.18506135323888628,0.22980761009764228,0.40626794387020837,1.528834297696335,-2.4102530634023474,-0.39761980025807464,-2.62249899150536,-0.2954631918858732,4.197000749355983,3.9398402554746426,1.0981060598352954,-2.1791925275282313,1.7791990223209595,-1.192230623244118,-3.4457221868585926,-5.863197760282187,-0.36179247603422837,0.6502798414814173,-0.7126121077758576,1.3322601669019143,4.955062335706739,-0.41485830925862643,-3.7522612274715605,4.720129628524337,0.16026026802437343,2.3569717979070646,-3.0702421577237438
6132,0.42235763649015645,-0.2560715951173975,2.01184358323,-0.9886032685349875,-0.9701739611661626,-0.21935239489950753,2.8138046267818204,-4.888585523988727,-0.9389066769935939,0.4358187958872666,0.8763578659661952,1.701510912347704,-2.1735658470851646,1.2983596873528747,-1.7964277881960768,0.8318030275045167,3.486813055310229,-1.6469821348863984,5.341064194003284,-2.594254258283872,-1.5494881167989174,0.643033141767865,2.295361795464684,-4.135716756155286,0.9534208996413298,-0.8950370792160207,0.2893999487590584,-0.022376992093348314,-0.6635489967723309,0.3381422196831547
6133,1.1125222862848432,-2.268523209827869,5.281551748033905,-6.188882422506779,0.8491494338941044,1.2141821641239154,-4.786708741610045,1.890163469606506,0.9835284329496279,-3.00705574594447,1.0575207156814068,3.862551869317617,-3.1732981763284442,0.9802676264307806,-2.479965210015264,3.798971309817844,2.0313944645374313,-1.1573700144423817,-3.044758395791124,1.706345039342052,0.10440130645408274,0.6693682621604777,2.7134026786044014,-2.1487588907721573,-1.516917008628841,1.6616433791466534,6.146475890441781,-1.0903439444814582,-2.7304445694908512,-2.4704137469854146
6134,-1.0706375912719786,2.834138356772641,0.5174201733987793,0.47818594090697886,-0.32462196709214597,-2.4344849127121773,-3.9161187551250336,2.3770176139147416,-0.7843556250082244,-1.2005925065406,0.4424609185188677,3.0815883542408855,-2.52500338606297,2.2425709792832613,-0.831473377759206,2.05666309255151,0.5227649964092151,-1.465522304421821,-3.8920716110997375,-1.820872066314692,-0.6380244768612098,-0.5809223916705957,0.871186974845795,6.060703571098166,2.473038478062346,-2.511726782098741,2.1446954362136132,0.8357832327444878,-0.711189108419001,-2.230601256500817
6135,1.8906975335444258,-3.4666217697045774,6.1024333766206595,-2.0420909013012754,-0.27299383708928504,-2.2114244020678733,-3.421813535488994,-1.797953610838551,-0.8676692369609995,0.1097800270336613,0.22166449943893962,5.755991856816589,-4.0791001622192855,-1.0188158764716846,2.674410365787125,-1.1768622820601475,2.349119035537324,1.2512489194266472,2.0233650355904267,1.2558243791164347,-3.7460001526820648,1.0662224851786801,1.4104676499535262,-2.0098793971592563,1.50222673712506,-2.2449163448021565,-2.681048269318662,0.8165707343276267,2.708148614191785,-0.10098147152173453
6136,-1.4055778378269892,1.7368739848583736,4.210636418319009,-4.9655735025474605,0.20917800207308535,0.21446293512605585,-2.0366886027232205,0.46982384436140734,-0.8324268357760394,0.5206758748203146,-1.2180313913581133,3.096647110676276,2.5528699710120577,-3.9432606938483055,4.1229309490450845,1.5557714312700917,-1.9738671577823954,-2.3144444996965543,-2.1437573708674904,-1.216575932286279,-0.844732511042416,1.0681745098074895,0.9540393275753196,2.1828519768111256,1.9600875544943044,2.65616340659869,-3.126228460779803,-0.9830695772743638,-0.34750843696124534,-0.15944448607562478
6137,0.8268991442649192,2.1864750644916278,-0.8563778585083632,-1.4408713306385508,-0.48893771707436184,-0.22718730253320985,4.026365120158594,-2.813752543526647,1.0966989045333886,-2.1128596831374296,0.02084190951666276,-0.2172937075439414,1.8764953488124831,1.43002061684372,-1.7235561864870874,-0.5093200976136778,-2.381203007480103,1.3075633259246722,-4.038867088121776,-0.950580504881982,0.8669810049080766,0.548207666638497,-1.0489376835997337,4.623196605054687,-4.834306200969845,4.821782823312123,-4.651567299257277,0.259181737092657,1.8464153456847612,2.558493594139538
6138,-2.628331830107701,-3.5849568969252026,-1.6720446125073387,6.127012757887549,0.4494270180179414,1.3088935636368006,-4.957143134529662,5.901214686602874,0.21757427197479373,3.028576301547055,0.40758338514994197,-4.597805510744369,-0.7688060275967459,1.5017614086819435,4.0789103115374346,-4.129179568357005,1.0467026625340914,-1.7293887867997313,3.9269899778576054,0.09639937376741159,-1.5650693293724558,-0.3462920800529945,2.136036664206415,-4.2480646064082315,0.050327042879430905,-2.756655080569516,0.9467960580910173,-0.09834349445400825,0.20519840052493699,1.6526770735301177
6139,0.33407151421579506,-2.1402894131683574,5.404717374634711,-1.6967620042023555,0.034195167927352,-1.93593263940509,-0.9658366631864332,-0.44589835050746274,-0.9991103432873807,0.900580860485384,-0.05481337734945946,1.5650778738459685,2.309753723811287,2.280729058128234,-3.9912788237614905,0.7970065526837296,1.9845202826099921,-3.380730793471786,-0.9531658098130187,-0.6894956645360875,0.9375533240808025,0.7049738372191028,0.5870359565382,-0.5869016434912595,3.134465053082799,-4.002223845673484,-5.052333559441262,-0.45092695000155736,3.194375944898784,3.1766433571367294
6140,1.4738102000145048,-2.503801730373631,-3.644493854586475,1.654291718083659,0.7917888972409717,2.2284047696230385,1.6723109636646818,-0.7578813833112434,0.625485805805237,-0.757895116161702,-0.21633588334353338,-0.5656843866528618,1.7132633479360457,-0.05789981712694825,-0.2983384143122052,3.516117665749899,-4.015991387027331,-0.8571513952194856,3.2856198968892762,-2.199107375896462,-3.3806165326250497,1.0682663662131482,0.7423607116088711,0.48347693380793544,0.012930204715647875,-1.6744878416860303,1.952047914222792,-0.720388265216406,-0.9601765766220289,1.3900745645880583
6141,-1.1569121880020798,-0.2417813459173992,0.8486744893127707,3.495164312500048,-0.47676868255827687,-2.4683765853330097,3.6710460934425697,-4.8710796098030045,-0.5407782712283584,-3.0036637888934123,0.640880656467635,4.1035949200151585,-2.5732820153641143,0.6721116944570724,3.2285000477300088,-4.223703187054834,-0.3843134001594173,3.280686860391228,-5.266847734717544,0.8067950000330502,0.197075228328778,0.1672458216887147,-1.8553559945470983,5.951087679211788,4.045057046547335,4.780430869049493,-6.105055969118251,0.7603447784544599,-1.3230213243877529,-2.157755400543236
6142,-1.3166911897004248,-2.048565649323681,3.7067554552935675,-2.843426576454654,0.3051959338572092,2.196732026330075,-3.8574910877841155,-2.4323045400660455,1.0619949851594654,2.346013897438045,-0.7750430386155749,3.656829783868808,0.3183176154367082,-0.011921201407609772,-0.7399221780602865,-2.9494865695271777,1.6692130654540627,1.7137992681042107,5.86379407876273,-3.274404807819426,-2.333746268305978,-0.7185110125907892,2.411977223291723,-1.9491092133405559,4.563856856264067,0.004620941336426654,-1.2368389987025168,0.5824547568465119,-0.89231188657633,-3.0217816691661348
6143,-2.2170336067196317,0.7125180074507362,6.038230821497752,-6.061238790717109,-0.5607952998044261,2.0883188682947686,-1.0566097176184108,5.966610068228725,-0.4830298490357876,0.30744796887564263,-1.1736648594032233,-3.5607536110463585,-4.246757571755346,-0.34051310722561823,-0.11391605621263423,2.6350512106340886,1.4024379430199225,0.6636975815394965,0.5981908110430041,1.0232306150347608,-2.875725809266937,0.842793844200858,-2.53720458852235,2.9487151275083754,0.13914680701098447,-1.4927007717762137,0.850814603745647,-0.045543483865229106,1.0250794371071592,-0.4767965922203157
6144,-1.4822450203266033,4.903286978963408,1.3927614603872591,-1.5734862483141967,-0.959574826283303,-2.280742344424474,-4.180477581715401,3.3306671035425452,-0.11080355488410731,-2.191471203644028,0.32862767021726036,2.823457566484283,0.3964184438569802,-3.89154562973771,3.746788946278258,2.41921267916808,0.03602681595565116,-2.706901255521304,2.7185075790137745,0.5535086522040213,2.4818002148926794,0.9987932916788642,-1.4670296597672863,-5.285580078024335,0.44732100490325166,1.4774424297711732,-2.4922097887017465,0.42865461943305494,3.571637905678781,-3.4328461710825025
6145,-0.04899021328645681,-3.8540441168120694,1.9981105685532832,4.140773038163072,-0.7066313734457927,-1.5292179031699469,2.009227196775825,1.02772883027313,-0.1716269961539414,0.8462118561988081,-0.29119379553639835,-3.4203470915568808,-1.0497350022511238,-3.9002965000124394,-1.217873873496801,3.663658759150419,0.5308344167174646,1.9734121998924437,-5.36172644219161,1.1508457072132003,1.37204573795076,0.9677108526348528,1.119097317099646,0.7520268272908481,-0.9075390643705816,-4.182913581879546,5.271085142301132,0.10760211262100494,-2.7403561361675557,2.452121527497546
6146,-0.3847959892205246,-4.676693350414286,3.685640013729632,2.990763393456259,0.14498976574233735,-1.7599038332913413,-2.2937711686370683,3.6527333563771336,-0.8559370180115948,-0.7238673589594047,0.6811123314791754,-0.46027014224770824,3.272848255432123,-2.401217960734641,-2.193845825262189,2.99620014763115,-4.215218606145395,2.5412339890789255,-1.3489625796297169,2.3879461474046693,2.304172752883428,-0.8944289727855796,-2.6487160949204593,0.1999887470453494,1.0747014997247746,2.2691546679347034,-5.695005377242943,0.5954245390086852,1.0860007411960666,0.6697239293807069
6147,-3.0242194877065813,-0.510641827375764,1.1825384761512048,1.17455189941737,0.862101840621115,0.3156690988947286,2.6350156704724235,-2.766101257786474,-0.2719342594516032,-0.4942051970809267,0.4676755041859044,0.42954953966123455,1.4888681055839008,-1.3708504576084444,-2.1294493499311287,0.11690036805868687,4.0036758961300585,-2.109144562233096,5.838783779844949,-1.838823101764584,2.8088245755047296,0.8476342663373568,-3.0625801107291117,-4.593839409195645,-4.109396775046241,2.5714071163810637,-1.6191928832254554,-1.0406361966573283,1.5410864349144795,2.65673230363549
6148,1.4839016555545115,4.859186375145661,2.247760332349344,-6.011220041042499,-0.9556961727119797,-1.6239321492929726,-6.084716165783803,-2.254725934567997,0.39989604703160264,1.7405153540027811,0.3617391788381221,5.837291520479859,-1.3529668355111149,-0.09824093346708551,-2.96326393667381,3.094904869499185,2.8517393921399403,-1.5321725559871702,-4.373910790890736,-1.3096282487421647,-0.46650437573324055,0.025644728386685856,2.2981537625040627,3.826244924473091,-2.1641773042251877,2.307971453971291,1.0153202591338157,-0.5282666033258865,-3.184439173502051,2.5535913679500197
6149,-0.6579517844671479,5.7439827583807705,-1.971445767478766,-4.882801836105507,0.9395689368642799,0.8286476928084063,3.127038740654527,-4.813596109710531,-1.1051756763146652,-1.2946015597212686,0.8984952015926799,3.1878394034998045,4.2109841812332505,-1.9513360359104617,-2.11480439538515,-1.468558140398823,2.2937844751332968,-0.9700700846721517,5.987002576991149,-1.1476472412888103,-3.7148589135934706,-0.9601320598066172,-1.8350729729979243,1.6707086106934064,3.3881859502933125,-1.9658487142541112,-1.4258097755359636,-0.41754968367997325,-1.954559149482769,2.3755813726615216
6150,2.6050055331229203,-2.656697507239869,-5.529536064693406,4.6805995683481285,0.8234842169775027,0.07714425348674858,-5.164564939823585,0.6896808382798483,0.8936622902903899,-1.7168916573938215,-0.630271342551584,5.92838481119928,0.9896529363349913,-2.001047038140836,3.7599818724453975,-0.8104230568954485,0.9542068503745789,-2.8923715641187435,-3.891837984859869,-1.0608064304409606,2.005639139054942,0.2802468350685201,1.962071722801566,0.704686718373555,-0.6215016744253319,-2.3020188597718985,0.3521902710525886,-0.9032431235637164,-0.00015460471569639367,3.474727991426054
6151,-0.8593406442227884,5.118019806191771,-1.876015790961553,-0.867015224824943,0.8832251767310213,-2.3988733229114896,3.589489698809423,-4.096690907444746,-0.29536903085048216,-2.5325360523038416,0.5127906128612354,2.822315678928909,-3.0419905577611743,4.045088734363798,2.015947876383173,-0.037012504493571186,0.023369405778481678,-3.0054029542707994,5.504763072429796,2.8344767603311105,-3.795292332108586,1.0936219564657996,0.9174108663910552,-6.5549803235114155,4.07135539069801,2.4154904735554723,-1.3291109499925042,-0.5458726148275979,-1.2271629179319223,-3.384699381499429
6152,1.069669943535267,-0.5058103595825614,4.914703133629356,-4.234277600696057,-0.6289813869576353,-0.6153037299263318,-3.693329231380382,-3.3808500466579012,0.9487544385896429,3.218276121957711,0.6182823822243009,2.2888663352671053,1.2570673611392458,0.2227226205915187,-0.8429312855265287,-2.321004946878297,-1.8664767554580468,3.550623006132014,-2.1390813646033138,0.5434653365152666,-2.780112680894833,-0.16189829698820546,0.7240995351415727,3.8135274708272817,-3.3570133202458194,1.2865829966714628,2.774057480913843,-1.023005908237181,0.15543636953212392,0.16394238136759753
6153,1.632462827583275,2.5325850334805295,-4.415338565553224,-0.4414241496960045,0.7692815846933772,-0.07756673050590912,3.202250362371341,1.003418543502498,-0.6969990403832682,-3.6737055075747485,-0.48237373191470123,0.647409373999345,3.4350010899218795,-2.213639798305044,-3.671271557822882,-2.89312684457542,3.5093489250069894,1.8336881857743883,0.6949665366770184,-1.8654467893991828,-3.2853818049267858,0.5369964485019798,3.1764144000695964,0.742451209075135,4.234624236979393,1.8521519548570105,-1.892833221639485,-0.23462541329202136,-1.476391317237395,-2.4829262396654563
6154,1.2627944818614907,3.1491040119758473,-5.825808482814921,0.40706461492404955,0.34393924739808224,0.6629061266575231,-1.7976624593228934,-3.3981283573665735,-1.0196333693562072,0.3173159003292625,0.3121384683861814,5.5859698173306995,4.080657550510022,-1.4888744835832188,0.5502302440022717,-0.5564313406888353,-1.4895385207444676,-1.0960434494958236,1.5123384971508216,0.4201872337248709,-2.436814786477937,0.6079858703908565,3.1599734073108436,-3.2636702221016733,-3.484465460041122,-0.29411909941414294,1.7695577509884153,-0.627450406119519,0.6700440511049468,1.9664331634834262
6155,1.389332088793946,-0.4633878346290139,4.135388086954549,-2.8872093653074344,-0.5600080366231048,-1.6141149391868534,-1.1828893740239756,-0.01765677999974713,-0.2607969106394554,-2.2097796379269,0.08070691342022496,3.5904157891703115,-3.516190118966982,3.0638215918152873,0.26981588637633536,-0.06850073186721417,-0.4097592517099038,0.6608126243523973,-2.3211217908045754,0.7226332419107475,-2.8333452366595715,-1.0309140135905124,-0.1280797148420625,5.590827513983747,-2.868039762219521,-3.8603043721876844,0.5917554153791826,0.49139485014891093,3.20463605936245,2.4405578095186655
6156,1.5660988563140386,4.957364297655534,-2.6762453416198646,-3.1765232520300124,-0.652296033240302,-0.018398527077286175,-5.239699185460648,2.7742099093871992,-0.8298902360266718,3.1452551282869017,-0.3714141932937469,0.521538577107389,-1.7812666465769844,2.679097466609509,-3.5212765021224577,1.1756707023320025,-0.9078828987104082,2.3556578784682998,3.7617460771078335,-3.273630200217907,1.8487181035008078,-0.11120527562450011,-1.8090389708018595,-0.4165897339666351,-4.537285753139431,3.670091792448652,-3.4119598770221806,0.8418766705991789,3.2598422979146875,0.17743486920108076
6157,-1.184802789133336,3.466103585481541,0.4494520770751471,0.05402591421074732,-0.5267859672840047,-2.257992820348025,0.7135839008783158,0.8207748452968886,1.191368794818704,0.15498762108810027,-1.150451450860682,-1.7302637112208963,0.8258762911839916,-2.975933972042931,3.9598125042519925,-0.5668978957057682,-4.196348978845448,2.9534920511581113,-1.2392122250692665,2.787604132389667,-0.605909956099909,-0.7616166707843872,0.4063172263745045,-0.5871825068128587,-1.1923964328957197,3.8444075319997104,-0.38106836225913554,-0.5635369406602679,0.2313203351947184,-1.9387261313773259
6158,0.9539633768735065,0.030500430095379727,-2.5172994263129063,-0.4037813834504682,-0.29137120106256353,2.2279882038591055,5.843025533263859,-3.1438744018666114,0.32044991193257744,0.4515201483088358,0.7533191221661966,-4.224440313804422,1.1099589366782254,0.8508028394412541,-2.625323298847343,1.4617366647265584,1.2006261115048673,-1.9978012535036225,-4.703965754336565,0.474385148279481,-3.4516718135076765,-0.7167064234122673,1.6627461424262098,6.735212700548608,4.501417363040346,-4.747946718912274,-3.5712010297613546,0.5324511518077948,1.7909732213316794,1.4943060124958052
6159,1.1435552381301868,3.4081112315957114,-3.523452306509313,1.699157782711005,-0.8536836812362967,-1.8736882646892319,5.792068834450745,-2.7991586042989987,0.1828553993317117,0.10804216739867023,0.4222191324562017,-3.7060269293378916,0.40742999763488186,1.814356947674252,-0.2590173940055287,-3.3628288083679685,-1.1915870463845692,2.591646303448872,0.2013699786306944,0.09451657735730024,-2.0748172208300772,-0.0063560340148622885,2.0000354305917796,-0.214748731737064,0.5339695686135002,4.081575772710849,-5.2158905673105735,0.7288091347587375,-1.2342459649760524,1.1057820562055483
6160,-0.7310807830554609,-1.184729279180253,1.4289870262646893,2.0644578785254204,-0.17307990783247584,-1.404554934719826,3.446569906822525,-5.449845002558302,-0.8185555282200623,3.3275318327559695,-0.04890392205714633,-0.45679728674253184,3.5808057288785378,0.42632968848327124,1.2778058051587706,-1.3699369430037507,-2.232143128793828,-1.682861150723081,3.070401403366546,-2.5988210357351686,-1.323492056938834,0.26617404516824905,-0.39676309159528955,0.9825007357322377,3.414955425652046,-3.9687429686404982,-3.1955438914685956,0.1042872951552889,2.308584031141404,1.336460108162374
6161,3.2441276065363134,-0.1591280917658402,-5.06486321746268,0.6789080263613982,-0.2572930586081128,1.5582487349410457,-4.851257045708902,0.04917599519398408,0.4610134175865426,3.1082306213070936,0.05563643742918245,1.1772005741925184,0.9247248626802183,-4.218955389040142,-0.9938753362010999,0.7985272447433651,2.4248456765824358,1.064732941235139,3.8492251764411947,-2.5759329789431327,-2.384652090505382,0.928068998949799,3.149073106322291,-2.965782212267033,2.1155640936654336,4.12039946977178,-5.548926911122216,-1.0316702693038913,1.5265089432074426,-1.1818753262165345
6162,0.7575430243603112,-3.228890616426515,4.652979058905359,-3.5738239385971298,0.203465147879915,1.188727323880162,2.323318360185972,2.4345972868714796,-0.3977281480252781,-3.2580133374585944,-1.213612439919471,0.11143827834630216,0.6191951062159831,-2.7623329441871523,-0.13898353390288065,2.1356886077454433,0.6586525565837213,-0.5122197924552161,-4.847789090954482,3.244780822142136,0.3810416575060458,0.3463006742843504,-1.2086234338869044,2.0842893709065713,-0.06479759629792525,-0.7851585254210995,-5.116571357039824,0.1302403989626706,2.355176920081547,3.4811101597166534
6163,-1.3610581080720934,-0.5997841789968703,-0.028983435427967663,3.0827701846023032,0.11313545102030931,-1.2060799131235775,5.089372197045343,-4.1444017524022705,-0.40067879349581137,3.046115218103779,-0.22578527587174335,-3.364621593378878,-0.8353052954486273,2.064669857971783,-0.06075898335836527,-0.2945033121829219,-0.44963578380429325,-0.42446648317769764,-0.12472849831767974,0.19689762079886997,1.527719158894783,0.035807018153326986,-0.9592818949046311,-0.6764134046269383,4.06867686667184,-3.441211452119685,3.5335831874327255,-0.5605258646430995,-0.5888416408590391,-3.0116810964807
6164,-2.9789753505996295,-0.8582373021089253,0.7504010048241163,2.048409124665234,-0.8887877536893047,1.9271902769106148,1.9175783902877939,1.0458295921201142,-1.0813109093531517,2.8155306370471997,-0.05025701159177398,-4.647370698509768,-0.13970979840785702,2.1291376548856924,-2.329817623331323,-2.1952986086720916,-1.2131055176231182,3.7487938931486156,-0.021072876738223556,-3.4013935658211842,2.567539878431539,-0.3539149932761596,-2.368389508308704,3.57723106571045,1.7346298643176006,-4.015630488035974,2.019410050994388,-0.4114247648661191,-0.07576656955967032,0.7487819071518036
6165,2.364498055437153,1.1855741664390642,-5.645131381624804,2.6422350963997943,0.994894901845202,-1.5420708384943076,3.5152453730694226,1.3823916464677595,0.6503366268393345,-0.7324704115516223,0.056584747059878815,-4.8720879818843486,0.7446282869600367,4.016723551485779,-1.7744098882332722,-2.2928407425501547,1.427407161739037,-2.1215083694015,3.194908765416507,-0.41838206674531087,0.3715412857175693,-0.26145489665460264,-1.9369059582345294,-0.9497071295019133,-1.5042974143422327,-1.4974471911798908,6.09710106828955,-0.7970740955586937,-2.165507663524105,-0.13277470368262456
6166,2.863998259775901,-1.182191181617359,-1.9321436283827182,0.05554163085069064,-0.04910686413021681,0.2439017835058177,0.3067447548898379,-0.4677885079517772,-0.6662151835938346,-1.4683401922870765,-0.4698122762440544,2.765411405187333,1.5825705310064109,2.5778810220144948,0.37496387944357323,-3.788315251541553,2.7901498512566043,-3.5372500321795943,4.956331203327032,-2.3915617010753323,-3.7458275310748554,0.22027462720460633,2.228132300293426,-1.2673488986771773,4.36955942865125,3.6273092627456514,-4.92766448261132,-0.39906106372119243,-2.698954974703268,0.028811829640872588
6167,0.37370844642319945,-3.6926765093697966,-1.7988012565387628,4.161477579814765,-0.53807470559209,1.4943664452647667,4.116844022675945,-4.269146020323973,1.044184729641061,-2.6705334259848676,0.2610241452619251,1.517626548730334,0.4365397108224478,-0.26714537980782893,3.368052551103048,-1.7859408683757767,-4.08757038278452,2.3360643690425746,3.5768085793710718,-1.1610865793247793,-3.1479937071976014,-0.4848106002915378,0.25477225861783737,0.962310048822701,-4.794177107650524,-4.1968030731418065,1.4163775271927932,0.19638895557518143,3.6548673085790817,3.7233463894472543
6168,-2.067568246191124,3.448561423173903,2.1471700607597803,-3.794580389598476,0.7865947961469728,-0.5201776442889763,-4.487591811584821,1.528310373371891,-0.33098298270535054,2.1356141273587284,0.3039515707844789,0.8506987227755118,4.179685441543622,0.07683347720993794,2.741011496313636,-2.230502010148342,-4.071578522541451,-0.6954498823774351,-1.5977896871883104,-1.7206243459822854,3.337716313930283,-0.9404804410624736,2.2039729547104443,-1.282794794409952,-1.8212736497241515,-1.1328041120752204,3.639531735180558,1.002406000374532,-1.7737271015839475,0.08586712783016992
6169,1.7013119232503051,5.397247965499783,-3.6408484073088694,-3.106915131544902,0.003065148971604703,-0.35386149886585194,4.06105315223915,-3.9768773783303786,-0.2310144741957858,1.861064310232301,-1.2463415811385992,-0.46788402880629576,-2.279752988839803,-2.3746325357449294,-2.7581111047620794,1.6943386711527744,2.091645136928342,3.6265128212656137,3.424279780733677,0.7978971438573677,-0.9515623087059808,-1.1752420626634876,-2.473205530532608,0.377832977308703,-0.1828484672721089,-4.885651190104488,-0.260520036116592,1.1236924009898743,3.5909445127128627,0.6143827797924111
6170,-2.624562026808359,3.3270308320146498,-1.6566278637583487,-0.8823425626146921,0.25943948130639116,1.5770621398624112,1.8962388748749888,-1.5313890419542489,0.3189828636726837,3.659664836203568,-0.9936037528202055,-3.34989377997638,0.961395512234585,-1.9652986910222232,2.6638460973953464,3.470446358761656,-3.1104428332002048,-2.019946444169271,2.8474702973165975,-0.33325151201479386,-3.502773591285509,0.9463637733336698,2.7515725888685214,-2.7093815562207872,-4.758581763046944,1.7068357083952819,4.278995746065544,-0.3964798252399966,-1.666744533713116,0.8359746675411639
6171,0.47091157197509403,-4.590836147532485,5.558297888899375,-0.8051761171145628,-0.1647396446740197,-0.46845755155134405,-2.963622338296407,2.7289351415710605,-0.820804633589514,-1.4358524154467638,0.13938938747173957,2.3519548582902807,3.818105222990365,3.006039841759602,-0.1316641051148224,-2.7570729497845843,-0.5628896943124282,-3.3725183155382297,4.931267917761449,-0.9548243762526294,1.2501895364093762,-0.42868201628983726,1.0568482847201999,-5.8547993463508625,-1.3299623777005216,-2.765339637135046,-0.36613852412590475,-1.2444001077401197,2.0755494515542416,3.630291195149308
6172,-0.4630673043801483,-0.19927189223766462,0.813074647799283,0.3529389406801826,-0.6337781497948942,0.13010375793530216,1.3827366113566129,-0.2621735857312899,0.308841197215985,-1.5441922969889852,-0.4521381237922988,0.5669261979403863,0.9779321926077635,-0.12120470647840875,1.1525744684644152,-0.9008282846556668,1.3924682021257446,-2.5009418720639314,1.286286758719445,-3.072793171189872,-3.7214155443462182,-0.06672451467828378,1.8398319704527992,3.734814501039825,2.774955244595535,-2.6427392523771758,2.0140684759284078,0.7854764159310843,-0.05871483820058643,-2.8730460458753306
6173,0.45647240767752173,4.667195607429022,-5.128553131249042,1.0246257548440276,0.6111560664182689,-1.6308967051177454,-0.6685451708839096,0.7511095844999502,0.654322265930011,2.761775134048552,1.0837351988985606,-4.582397012492759,-3.3970957960369432,-1.9233663809100445,-1.0981184958116543,4.084828404870155,0.24805608679119118,2.0856961810972336,4.838938913904997,-1.1363176684639562,1.2967684566920212,0.4566938935562561,-1.9180642028879813,-3.5380193928036228,-2.881489357887496,1.8675757225536778,0.044154586457715084,0.45147399592130366,-1.1209904659030805,1.6392755188598294
6174,-1.717079242053785,-1.7428704981189576,3.357932802129863,1.620271853493417,0.5232093198574379,-2.0414642353059254,5.595716156421567,-4.508141870147181,-1.246781882535572,-2.8016124014703934,-0.8576754465439489,3.818495444275932,-2.4744125091641305,-3.3564293495347695,2.053437460975651,4.228350987469764,-0.12822477932248688,-0.3227218104240617,-3.3600997034480358,0.9863967035697669,1.5755126400850124,-0.35425760044920374,2.41447862523264,-1.262030664992455,-1.094407458453368,-1.5513878495079148,-0.5364059476330674,0.2660676761986718,1.1431353802745825,1.7729981991230481
6175,1.8268610598230204,-3.839489345460276,5.8608505163591715,-5.33580780480067,0.2253578700200487,1.2622277040607628,5.2583566348374795,-0.42095184642420236,-0.21800121767548308,1.8809135298158601,-0.9305503913091204,-5.569766709244114,0.5212045749143037,1.847595257802201,-0.6183688161048124,0.2042844895288347,-1.197157102420105,-0.7575584037204912,3.5019619961011266,3.2610389683853676,-2.325606501257324,-0.20083632759186898,-2.459919208421576,-1.7766389272180128,2.671769764773636,3.958587794196667,-4.504227351837724,0.0707541559838969,-0.6790855266612077,-1.5177988364533288
6176,-2.198389773104484,3.6987537552249776,-5.936777239590157,4.226967054757672,-0.6790200206716193,0.8884662233856933,-1.0359530439629623,5.298057877453957,1.0170150934158597,-3.367005298255462,0.7379504852376604,-2.65006511388858,1.397887090319042,3.444250443561028,1.5327141921475835,-2.397426733478733,-2.8997304194123963,-1.0776945731365988,1.7907209887942876,-1.683310119393143,-3.598915190570022,-0.2797490623506569,-2.63073958665645,6.401992970173708,2.611911547059325,-1.226689981497426,-5.110876675577469,-0.4379028169119934,2.15241577895339,2.0111421479761127
6177,-3.2883759481164727,1.2529867331463613,1.0103990739419118,3.6134702829074428,-0.8891586067633641,-1.6993215351138087,-1.7765901385611222,3.015632814904425,-0.524874353111243,2.9475204780667603,0.10727953802657275,-3.7689683393249176,0.5762184358785021,4.204671086261296,-3.883382271694469,-2.129532120981704,-0.34157468240392674,1.5735995529401983,1.8497641790179458,-2.008575341467566,3.910159355591407,-0.3122436119279941,-0.8299072206737801,-2.6091973605422965,0.6512345858370416,-1.2800300853967919,-1.417359207320505,0.1428081057506958,-0.14554475201679296,2.0488913531482673
6178,-1.2115375278248184,-1.49963961130862,-0.5669001215147311,1.4983207327467376,0.37206793407968775,1.4076885938238046,-0.579245222030309,5.386113283581949,1.0278952122870733,-2.795088791355603,1.247998605128113,-4.287673087610749,0.3279140988196012,-1.265635523059128,-1.479260822280601,-1.1754963439143804,3.168283081334021,0.42419550910036463,0.4790418724304608,-2.6819757774413553,3.9886990674059852,-0.6329794650586678,-0.21462319277069852,-0.9381625045679733,1.3904851802236102,-4.525657801397696,1.6488483074886737,0.8992006516364821,-2.2806327783320945,2.8677564403829336
6179,3.4795371667290134,2.364834501935544,2.084513217219314,-5.1961409334950055,-0.3565903124936114,-2.3761536398932055,-2.8780930773507727,3.6544620377845547,-0.36048333414188427,0.7021423030633649,0.1327116431388644,-1.2507395724936252,2.7524514693575597,-3.3087379162260095,3.256583631622636,-3.265771031626265,2.911437460997547,-2.345963614125564,1.6259450824928692,-1.9851084016965004,-2.174439187388437,-0.34740786993568484,1.2699647651482842,1.6110456113772322,3.2191593363762436,2.4430257484551383,-6.18487894858713,0.40114583983785135,-0.07850013682790014,0.20004816074772336
6180,1.7210972062815166,-2.699502568126487,-5.217769164013006,3.361678840769695,0.3745887082300854,2.4599069768602213,-2.0925570136975615,1.4830376117924864,-0.07365130534020636,-0.9024168309311733,1.144184252958956,0.4414032852179872,-3.9760014090714044,2.724547706033402,-3.2098828094482794,2.428264495560615,0.6578629507940263,1.375209066131525,2.367216566280529,-1.228896000349133,-1.1315421385047237,0.24476041004154947,2.1431562032537332,-2.3946950407242014,3.395047275338996,-1.6802391841495279,-4.24042278636983,0.2297136332280294,0.9534075634256922,1.3424934985285581
6181,3.474836602059952,1.7906939647261595,-1.7098686452592986,-2.5647743014022915,-0.9376593990399607,-0.05322822108257341,4.677375673892673,-1.3305159658451515,-0.4443003808301791,2.397953033237595,0.35612994567482215,-5.656642306129282,1.383144943027137,3.9714788127946044,-2.3729220641884883,1.0317941621780164,-0.6038683348823035,-3.4096275189290814,4.90202886131285,1.3031637510510983,-3.4132492287532834,0.16431473438198907,-0.12444218236062454,-2.831815935634271,4.260546520623212,1.9909366521245637,-4.480172151742995,-0.00022036823079751855,0.7213339558647274,-2.492424608636787
6182,-2.982325274736155,-1.6293686320169307,-0.6190356607387066,5.616222690908991,0.4964427088667156,-0.8819358322819149,-2.87883460879036,3.3374721514209647,0.8673426438526075,3.5318597311851647,-0.02569570614211969,-4.832144211525765,-3.26985616116748,-0.2094048511793396,0.7329957978871455,4.0158175726834635,-0.9445754657046628,-0.32497689251923667,-0.8435495268552984,-2.220298152215607,-1.283958733689822,0.6439049102967944,0.23135758233391002,3.4725439201278014,2.964830642581262,-0.7589592852592624,-1.105381796818346,0.3433433983105143,-0.15573858917904992,-1.2880943696332068
6183,3.0404145588164866,0.14717576079322114,-0.7821128608523331,-4.824782919105928,0.4903056004863142,1.9289998598642502,-4.8412836028823065,1.7454462924618426,-0.5798527366494799,1.6872258297060476,-0.11913267642353809,2.1075968937879423,0.9359226965050453,2.1016708354547013,-3.026721986063336,0.32977421489750824,-1.830049129923708,1.4894033691297217,0.7341084881706585,1.3939492176936117,-2.247344012134679,-1.2223377564313398,2.9022913303788513,-1.560667267679296,4.0600646156385345,1.5851173932965956,-4.87847547717319,1.0518071170112009,-0.6431155346382749,-1.1753981141329302
6184,-2.7542041821940053,-2.8001551263348112,5.3050352282718904,-1.1898957123493226,0.9584294895361789,0.48079030307207304,6.098417196498122,-1.4621316544934366,0.2232808749401336,-0.3763032358042864,0.25528819925356583,-4.73855138039357,2.2792100038547503,-1.948641560181665,-1.457253477961645,-0.2517894005050145,1.736436942808858,-0.3579625080153104,6.229032502722593,-2.7519280175615517,0.5947384783631691,0.039047786127434314,-0.8032700617784094,-3.3076206878754206,3.760985051045928,3.780297713440529,-0.5521123864763027,-0.23672289372677646,-3.572277716278741,-3.1801697680026866
6185,0.45022343854425095,1.0040779956609889,-5.5538620334021545,5.097983097447482,0.7884264619729895,-1.7868489602215725,-3.365375557144276,0.5565930664236483,0.9815772978312891,3.6290114825931425,-0.540635680360908,-1.2611706093423791,-1.918100626587247,-1.0268715459679374,3.906688489621658,-0.6413606485442855,-1.9785338896889755,1.6581782211667644,0.9073950036180136,-1.8651424246303314,-3.7599004124770996,-1.1632828803405948,2.7267212543080532,3.154209459519766,-1.9430270102594775,4.6227100021180725,-5.843820830476815,-0.7980242866767693,1.3479928295895043,2.6141692957074305
6186,1.5484210067774136,-2.100347506568056,-6.0996325049422,5.27948181250089,0.6010721228200846,0.7710050694138761,-2.258379683454315,1.2665962285523733,-0.08423197490364842,0.3251252343080733,0.36858544696526696,0.3823047485327571,-1.2885638407635973,2.6782310547200154,2.4182097659031783,1.6728293049563696,-1.867636707042731,-3.6130695777732296,1.7603869581776834,-0.6815732470016176,0.5398987792938748,0.8160935501743634,-1.8695896734560957,-0.5652163671903949,-2.3005524826229156,1.0052828812323895,1.981949020649246,0.3731408465883499,1.3225709234934229,-2.3823911893385574
6187,2.5737756372598923,-1.3067830166783558,-0.6508221771599274,-0.4278452573132938,-0.6230398513241926,0.4347146652179035,1.3724015497639037,1.8934119933580078,-0.17626662495430523,-3.1348112068539233,0.8583343482161752,-0.8130700595293945,-2.4224152253410782,3.4228641771481207,0.29002732891258276,-1.5709903101916378,-1.3755269525748357,1.656040982046889,1.9370620412862252,-3.365141432524606,-1.1797303238110608,-0.07419708589617979,-0.6682806733059259,3.3502874742493667,-0.7479874965103299,-3.357118928245228,4.470613173344855,-0.5262073186924123,-2.5893063199681805,2.7500068900732373
6188,-0.8110067465261874,1.2010913300180732,2.788100291756006,-4.0659767459024,-0.4841367235933882,1.3719285942499404,-3.012782797090459,-5.480940938809294,0.7725805853222747,1.1566559018035178,0.44405536872339546,6.120431880051026,2.1037790355480155,-1.0723019127303264,0.22146323391716294,-3.11368354820927,0.6899513943939155,1.170791797080529,-0.7616861168976996,-2.2439128808579962,3.7032721472270076,0.6797524484727582,1.997481708194245,-3.3749073061405,-4.37747810757098,-3.632272886984211,3.3179823782730544,-0.06007908050966826,1.8888716176886824,2.8629760791050423
6189,-3.4720048413607234,0.3708177897415368,0.3186939551393593,1.48677765474741,0.5595235921157493,0.7361918496187201,-1.672470001349378,-1.398116842974325,-1.1231144469655487,1.513532696370163,-0.29734825531053755,2.977516850230085,-0.708981651515046,2.1180277221158583,-2.0213476424675267,3.081736935586804,-0.26940607866637123,-2.200029285053702,0.9750385006424835,0.7184160773017751,-2.7737468729620876,-0.2947995497741882,-3.1767964576086953,4.551888302398545,-2.013425945940398,-1.4234655169628851,-0.43598075352502264,-0.44427637338883486,1.0710962485693152,3.246052341249765
6190,3.4850242235201634,-1.0055378594406186,-2.9241356363100905,1.3491180261746116,0.23804144138813177,-1.142510195330166,0.9011815195682154,-4.448992108272314,-0.26250843132083723,0.1124566492955168,-0.23288721435918802,3.9307495850890746,2.345458792847868,4.062918753533644,-4.244456887060574,1.8297717945859837,-1.0900973334182513,-2.903595120488669,0.9423624130150756,3.1435252792853774,-3.814315736402465,0.015584300203865808,-0.9945409484924799,0.7073846923884837,-2.5373826404572277,3.1013922152290405,-6.209938123137135,1.1109345514163458,2.5158248937415735,2.0191691032093573
6191,-2.7889936272611173,-3.6557251796914727,2.193584677942763,5.4347750665318415,-0.4684888502371398,-0.7151520872828243,2.555170028756951,-5.658317164895561,0.6872973723041325,1.936992480023978,-0.2408360427525187,0.7196933265634833,3.59527932207682,0.4285160878277665,-2.9545072879412437,3.9927373051011514,-3.3469197426449426,-1.7151056844195445,5.204806507416546,-0.2961697171108053,-3.631314742169872,-0.8768572959875662,0.6599402903501961,-1.0604050425006264,-4.302274857731053,-0.44772430421735265,2.013360672206826,1.0246388039071563,3.600547776960365,-1.888548091123944
6192,-0.43500329125292936,-2.4603677570984566,6.082562559897255,-3.9926383319192382,-0.5537532152475582,1.3592000356229619,0.08156955881028694,-0.8328593640067368,-0.11188980259834835,3.6022577503754505,-0.808640010460155,-1.9304381321200346,-0.9076318002144106,-4.134911529842487,1.4582277148731606,2.226641332554518,-1.6001742595976385,2.9578485422268734,2.2538759947984666,-0.0882879764499993,1.4333621211893792,-0.37659451240555164,1.2850251305436586,-4.507380757678096,1.4007803873807205,-2.5039872431269288,-4.439159834478893,0.8986302981350116,2.56447028041487,2.079266111677189
6193,-0.7736614590586974,-1.036847835338218,5.327216960959831,-5.10917943182486,0.8326984856888404,0.7597732795751551,-1.4849263520109055,-6.0539459421667985,-1.0827497823736416,3.13687501291853,0.15716696178487588,5.327580101848415,0.5977260091591035,0.3350081734003787,0.7701727558850884,-0.8558275267322557,1.7890929680041978,-2.6361723797164913,5.699993948981806,1.188648224828837,-3.482610643428476,-0.7976042958361331,-1.1530153516559416,-1.4554118828922462,0.667215951956198,4.84485987157764,-2.3417398625491757,0.23076856059840534,-2.2201306923765323,-1.1809738292045893
6194,2.1387969662593456,1.1449048908862167,-6.078537423082697,4.273917401870904,-0.45480598881376966,-1.0242758471179645,-3.0237902794075993,4.008409918049452,-0.6567883804028183,-0.5176628172672118,0.14779008982910202,0.04204146919957097,3.6666638104725777,3.797323631833219,-0.6346559649247396,-3.8012964726917957,-3.174114556889709,0.14607955220049185,1.2942201478972137,2.1416596104448615,2.9139884033933043,-1.233700539753107,0.5335162815245926,-5.64968390350904,1.8801768824641876,-2.868528459014261,-1.0872242209501692,-0.7956235016277002,-0.0890544479339539,2.9602537470638453
6195,-2.4137300588000254,0.5101846767330436,2.1676823610895575,-0.9198906156765041,0.6805317424446509,-0.02477810578869999,-2.354574637607051,-0.03946378518991622,-0.040893917048649975,2.3209544715864325,-0.33279819487887163,0.44677606313857865,-3.4836984339236317,-1.1794926963199828,0.642654401563366,-3.2657883417691718,4.076853847450423,3.2094712229990634,-0.6931705624470048,3.452207859581552,-0.18261443295468638,-1.1209273343603505,2.387570814486958,-3.84306634430866,0.9735214622592494,4.3058011449677736,-5.0554784068615355,0.8513602129011444,-3.6904089537126055,2.6152045404479196
6196,-1.2921705332153426,2.830948162612952,-2.2869984128907923,2.1057743291354996,-0.321950306298435,-1.035603239341853,-2.632264710989901,3.8373891303638032,0.2839740751970261,0.5668793896689284,0.38653777758345953,-2.4425156618227817,1.5132787426244256,-0.12815949626935108,-0.12063870730950299,-0.3674773559308697,-0.3679336109478655,-0.5290695721667333,-0.27881191859881227,1.4438608534149378,-1.4526867645936647,-0.384427073130011,2.7658031859331746,-2.093738283027811,-0.9208355961940704,3.2119431547598722,0.2121221172039469,-0.31503999291713125,-0.4083264212415578,-1.7798632616091297
6197,3.5783377055113945,-1.166712256306564,-4.326450424189758,1.1759229228565076,0.772605692060552,-0.033703639930072526,2.0905874051539506,2.2952416629989436,0.6472750173645112,-2.415286255283151,0.8274895707915029,-3.4453074010252216,-0.9410265948958987,3.303113888363658,-0.8160232019506779,-1.5503764025618114,0.9857174076457085,-0.9814050966008683,3.6593254843538894,-3.055950870023816,-0.4831246201408046,-0.5608049683600713,-2.6281892703550334,3.06874424452365,0.15589642602481035,-3.6944808596785315,4.308452302047677,0.5048551904761824,0.19228925234905248,-1.4670123112172568
6198,2.8863359421527583,-5.02166871559643,0.7515898815084192,3.5022776241019464,-0.8451960712346862,-1.2733386609299426,-5.212404695753147,5.943942938573201,-0.32140577857746067,0.08091442923478809,-0.07904252536393486,-0.41200436811293173,-2.9705006843765016,2.552434481674112,2.62737388217041,-2.305653061369066,0.6212972957810905,-0.5249519138799261,-2.199614481290581,-1.3726960933749464,-0.4603341364628939,0.5264342405475428,3.055783505414972,0.4504269651637465,-3.8232632670644158,0.16196222889891487,3.8391199052585705,-0.5416171695618281,2.2016070973147563,-1.8378087948440207
6199,2.651546313429222,-0.9918416364051623,-3.365123305160129,3.6318223263216503,-0.4340172378839646,-1.4923864602995334,-0.9291224090661636,2.505906151327089,-0.10041254251719867,2.557616444276377,-0.051850699812733936,-3.9821369442068466,0.9405997127018537,-0.014344516111304273,-1.5172775655228854,2.0680371743225017,-2.879256952632696,1.4022421472426494,1.9127640307667022,-0.8128745045009094,0.7840365073211117,-1.0984013076287007,-0.1677413938085337,-0.6177833321518627,0.5695152209751733,0.5767270748452482,0.37559692790147636,-0.5435326071505555,-3.0542855813030307,2.075978964733661
6200,1.8973539983937933,2.0349857542613456,3.1861413821682163,-3.859594399836194,-0.7795362697995498,-2.479350465185533,-0.7405803348302342,2.8723258595676135,-0.2917645997181664,0.5421253993673272,0.4670029159723068,-2.8491092403583202,0.6612061116008086,2.0227361500751435,-3.052409023543749,3.44872753142209,0.21901106864792297,-3.2992718382020865,0.46720963886167155,-2.8190799923457686,-1.143435228681966,-0.4589337163519849,-0.38026328228555073,4.334502580801406,3.1363442508182047,-2.4841123521807624,-2.518800490797421,-1.1763734931208507,3.442309117360555,-0.3993670320777092
6201,-1.2989176788833703,-1.0034765928418707,4.621996273415256,-0.6603439243575053,-0.9182888228184838,-0.7409692545119313,2.3695887766545596,0.23629895111113797,0.9074336645496892,-3.568918033956992,0.6528685339030513,-0.5972718922609239,-3.7458786219570346,2.0188323472066827,1.0536362613708476,-1.4278678360333714,-0.6463014602728414,2.7475793096858254,6.0874906690635235,-0.04137279247805559,-3.3165611737482514,-0.16929633679543166,2.148760044376983,-4.7090204104210045,2.2199694317256764,0.19905122672631492,-3.9228608847509285,-0.6727572140381977,0.7994005694305457,1.3771968709086089
6202,0.104270237604414,-4.765276793389983,1.4659301422330735,2.0131917185040606,-0.8988775578989536,2.0807622529494836,4.657742711491853,-1.0161504441269251,0.95161917388136,1.3904662798152394,-0.4688687339358584,-5.514808987125132,-0.5258048332066174,-1.4101742383530151,-1.3027191201203738,-2.790768930666065,2.3892731336347133,3.6401939887114487,-2.6095907248532484,-3.2219492295332888,0.23170070805613818,-0.4133746521367332,0.7686602262772873,5.244553672187614,4.474838806518971,-0.6922887448686623,-2.4041731119254344,-1.1521505588574117,-3.4752289484171524,3.2490025575517087
6203,0.39199121396662484,-4.446431137589325,4.315430123805573,1.4263946523465805,-0.43069730632114833,-1.2566875462062157,-3.6306768849268067,1.261662122404406,0.24060848613684005,2.84593776102302,0.39239772071071144,-1.1099292053476617,2.516490937738965,-3.6143090173615455,-2.9432495915469747,0.07498089634643179,0.38179380898743887,3.5842929658357647,-1.080516012581981,0.8009663557187743,-0.41016613194986284,-0.14813344125495842,1.6607030605007669,-0.822853830434962,-4.495997792422624,2.4634424039554084,5.9036712603312544,1.1295563248921514,-2.6542321735099037,-2.3464400232442664
6204,-2.163758323519424,4.59419474998904,1.0593794211963932,-2.4114174449972694,0.6587617082966899,-1.737160110963309,-4.108951663519441,5.014837509307672,0.5360534286595708,0.06891059510797781,0.00439982805792738,-1.515249697613207,-2.817822040809519,-0.09359085771033904,2.0385936695852074,-2.399787925614854,2.7002046594058804,0.5724024951437041,5.286575828698112,-0.2504118320315367,-0.8509648163623567,-0.4618977278594736,-0.538728811603951,-3.1845726408430117,-3.514490985295332,3.6737693748649214,-4.158149922484345,0.1714185508173438,3.5431714785212414,0.2842815035781623
6205,-2.2138219095757883,1.6763425693173168,-2.74081404725462,1.3849967960330716,0.5467593760099971,1.3465372154721553,-5.213632730424056,0.5394367350775298,-1.0711072729751674,-0.3470023439509635,0.20970413198357285,5.8826014802895585,2.3984989905457397,-0.329577931721456,0.1130865772102645,-0.9803865073846332,0.24805386664932527,-1.449674995299187,1.5661748657816048,0.055900005319463375,0.6629308398225895,0.3591176293248193,-0.5815892726202119,-2.06253406763048,-0.3938132874007003,-0.46692944853124985,4.558305611419566,-0.09031589091360193,-3.4178584536554197,-0.18938853091661834
6206,0.7116213258130575,1.86933077757136,0.27223387475983785,-4.99650814044853,-0.00871040170570625,2.152032564012087,3.8321673508337852,3.9343594735154213,0.05992237654970367,-3.594152142613888,0.5605688761610406,-4.792865934445565,-2.603081401588737,4.059161715246518,0.016763834307433,-3.7192622579020274,0.022985685368315245,2.223432424568614,0.41194601833955957,-1.1045333861318571,-0.3065893359820837,1.005060807548527,2.348705814549371,-2.3545899183257433,2.3090653667633347,-1.930822187981665,-4.409227678219828,-0.14188671835951183,0.8217409492041519,3.351130268595501
6207,-2.2779809787473617,2.5470897314298213,-2.363787238070074,3.6965747005582514,0.4931464585557026,-2.095042673724234,4.149432277515221,0.7722517811580651,-0.7668001893963545,-2.1417198824023913,-1.135376881379897,-0.8777871054941393,-3.100787744610157,1.799178092090223,-1.6008726696978464,1.7305876150617863,4.064995648404949,-2.8931009412488375,4.793970578640135,-2.8301444826139743,-2.019783794166889,-0.059604976134432164,-2.948574539651771,3.0641372139247025,4.090904163818834,-4.105554180201992,-6.188917409711845,1.2304400224460634,2.9360731895507683,2.0370542141001913
6208,-0.17891343854383557,0.198966140020584,-0.756639899986606,-0.6085923533032691,-0.82103713796462,2.1662166897798514,-0.481056667217743,-3.270470426701621,0.6350107701688357,-1.3861427752628686,0.488138468408569,4.014520630605318,-3.3890377720173746,-0.5467734133367195,0.40140329455193324,2.89167912262878,-1.8563748495191845,2.499103617692718,0.14749264043646093,-2.55510435336833,-1.8658090757084143,0.5880076666660283,-2.190589818069249,5.8760029400413245,-4.28382035675112,3.3784994899058525,0.43287241149297984,0.08984562668336071,-1.4528128609891056,1.8354156896600387
6209,-3.07993169711769,4.663293066550864,5.633635875200955,-4.873296616387499,-0.6882360830151109,-1.655464545229428,4.828398234357294,-4.381930757083477,0.5187125104528008,-1.0320207770058012,-1.0934887583698614,1.1603295476495177,2.745974927402006,2.8035503452237975,-2.134209601464576,-2.946399758980604,-1.662599697656086,1.1936837854756135,-0.6377045789418361,-3.4782370537594893,-2.4600395999839932,-0.012035628163126866,1.2373152250647692,5.350701635781476,-4.548410395425137,3.3041012298893193,4.650542483502953,-1.1585180165623172,-1.8888830362600437,-0.35883226514277133
6210,2.641510457898587,-2.145731676264546,1.3962203352235036,0.29147108515836706,-0.5272239673198413,-1.6562462346940041,3.5937226799951247,-0.8877656705471502,-0.7190510104667993,-3.4044080708824893,0.7599470602035359,0.6575550116982534,-1.7465524242604946,-1.0414584500089656,-0.14596419914215986,3.7271022208267013,2.5333956042157837,-3.3265227516307547,-2.1133050780702582,-1.9471792135892603,2.2528693102427226,-0.18756674573699694,1.485805786211591,0.5093759409400036,2.7881168709578255,2.838867129813721,-4.138260813927204,1.1721035311603067,-3.5890937255816127,0.9282670075789898
6211,0.2244664269102632,-2.8421619224020205,5.996625726831873,-4.013768321537832,0.5194200350024305,0.11541805519735071,-1.1161305406218034,4.000106875218627,-1.0176085714992853,-2.5789849202272244,-0.509923390177212,1.22254054730735,1.6389071660742864,-1.1234554300279775,2.4378880848977467,-2.1823360707369712,0.46117813517683004,-1.2321818853837723,-0.8010781350057137,1.284360031227811,-0.38363860178817966,-0.3984286505508914,-3.1476409620719856,3.446426318186809,-2.5533977509275907,4.308015012412206,-2.901430761412385,-0.11333927144644473,1.0858537414308067,0.17429902994545188
6212,-0.3975217200399701,-2.860656844148089,-1.4490146106157766,3.435375739034537,-0.8304345401524194,2.1022519759237994,-4.698787658991208,0.6753219214715394,0.5909748736091887,-0.24151963709017643,0.11384529381012864,3.560165207190952,-3.5732546225279602,3.3667215253893765,0.12670929797369013,3.8973654560457334,-1.6059505246335242,-2.211591132247179,-0.891200061988652,2.747773823229629,0.5869833313118527,-0.09596814307462331,-2.3163650296327205,-0.031223919847644055,0.21166498140192758,2.058392946507798,-3.6236103452529136,-0.37268195381161107,-0.2774056788823209,2.00364005003917
6213,1.0178427874881741,3.9256795121913406,-5.323417984431401,0.883074174808165,0.1863319728112134,-0.6895104628654014,3.761210557920272,-4.055622602476962,0.931375694885956,0.9252613386839244,0.7227860338241161,-2.2850110228368763,0.33294763152120055,-2.0311247256407263,-3.0724788698879095,-0.17616805436077954,2.6683158593422824,2.2785081590260603,-3.997033885657185,2.0473427803987363,-1.7491180067388683,0.19117858540788824,-2.121527574139833,5.6291581007271105,-0.957749742410563,-0.9093758273442596,-0.6064490779532612,1.1840844307723009,2.7546767538660895,-1.4651865369282575
6214,2.510606073974703,-3.01364275223958,-1.646351183910408,0.3466440717062014,-0.2505002728694721,2.0532440633406672,-4.505035185938539,1.5766026248629608,0.42161575640416693,-1.9160899020878333,0.7489676802417069,3.673939026517953,0.2379943420062851,2.15442140682471,2.1850313144791933,1.3933869382922346,-2.9685252368450445,-3.0023087647572044,3.8408213555212747,-1.548803998889671,-3.304757738073773,-1.002623116250963,-2.344273372353374,4.3596368700443655,-4.573178646613334,2.394411563587486,0.7246147849131468,1.0771693027177651,-1.7764228067268402,2.1534058021238422
6215,2.9890053359593267,-5.70966309807244,0.8319972276502554,-1.2550365676693893,0.9942179173386383,2.1494791847957515,3.5066235019668603,1.8266830896904445,0.0618846367448338,-1.71557673685688,-0.289218624943576,-3.3903958666012493,0.16715000152080606,-3.326178641990291,3.0423557607373866,-1.7939877949440035,1.5049019037768048,0.4057587708994692,-3.664930523446717,2.802936503087178,2.2873074731780108,1.1534734424292834,-0.9060615193316774,-1.6727253759181941,4.646273005763501,-2.0418096664713232,-5.518368420983823,0.4862152100765238,1.8430696468212169,0.5846202247959678
6216,-0.3814990585609408,1.1353983604842242,4.641074580822604,-3.437691351168578,0.3222964963682613,-2.279579027943453,2.0456124780693763,3.6799345176978235,-0.1507098727858871,-2.038945422789409,-0.5784384862384773,-2.957453213952995,-4.097531235151953,-0.2941423076962302,1.364866400834611,-0.815661060106482,2.504007281169681,1.3384609209505065,-4.637764496237853,-0.16714326887805342,-2.573029829200017,0.4335792964643437,0.9419036653138271,6.002454632535645,3.071201597085782,-4.017780854201874,1.9568261241898526,-0.11891877390903538,-2.6456557526609483,1.75432765949828
6217,-3.5251016636762156,-1.5710835639485232,6.1112064642257025,1.5244950024007622,-0.45343493706743176,-2.086081301932177,-5.973827864642562,5.395730079931045,0.4437213643106235,3.0222918650941573,-0.8577124614394993,-2.03020298325335,0.4620992758289155,-2.782303736124767,-4.030237994498648,3.202643540874451,0.7188463555189983,2.4289525584012033,-0.6727083269240097,-1.8568914915322843,-3.221830730546639,0.49153017126663645,1.6196018831039876,3.6402984946301977,2.014187169564881,-0.3141632529944225,-2.51710502651126,-0.5908286528402158,3.670377091310833,-2.262467328527743
6218,1.9635566216578866,2.6912432704383775,-3.3781287773308044,-3.2504663070085904,0.27307028203720085,1.700724910208038,-0.8075547182015903,2.2277728597137703,1.0813565446044837,-2.1593981610100386,-0.4068626191368807,0.06468609403067305,-2.153457427713054,-1.6280360090361459,-0.8509846066472058,4.002184918735093,4.181296734186677,-3.551003609525221,-4.305383038686664,2.2325341408709214,3.7856092876215257,-0.3640656907626001,2.0530245086479884,-3.40171920769329,1.5956020786627079,3.6578320172807715,-3.6397289170086786,-0.8136922723920321,1.4270430851226195,-2.2270559916633204
6219,-2.420732262755518,3.3524492545198967,-2.187015073832857,2.312648054704642,0.8293806023749255,-1.8867305750090022,3.228287085033866,1.9226169337388548,-0.029109607905118295,-0.34829478509650436,-0.03703275541127127,-4.736466870359411,2.398721922163574,-3.525625356982049,1.7850725384288282,-3.724161828814898,3.719451432612278,-0.653458707407605,0.7626556173703598,1.9943850978072089,-3.721280432427047,-0.1905662288313561,0.6496346113083664,0.505171334770381,-1.5477181479045683,1.5438598615933756,3.8958993925547745,0.4815493262482633,-1.2628475788439761,-3.1107428536457817
6220,-2.696571062962658,4.361404323330962,1.9045416179395183,-3.165197101225761,0.7883952732108992,-1.1925730502908696,-5.30547399712324,-0.6044854914389965,1.160268386713308,3.632679667016969,0.6607880398681383,0.45622339496422626,-1.4980637936178773,0.6314855788991949,2.224082625609036,-3.4583011455787727,3.3075695903909583,-1.20677285570242,-1.6596662991510343,0.10775328087536096,3.8441555302693473,-0.01152496786921997,-1.7149566962156282,-0.5657608479109228,-2.092768645546421,2.297331968146377,-3.4181786613870884,0.7458377282160562,2.0925137724177674,0.37526383815543696
6221,-0.009658308970347917,-1.596673670102355,0.8694327201309484,1.9521413414615907,0.8293133830067414,-2.0445554655244473,-3.244848040318299,4.07953830722073,-0.646786074315373,-3.552158855062304,-0.4309249813202758,3.7951796437959224,-2.994279899411344,1.8924917470508618,-2.971067309318908,1.8961215645436198,0.9239667467880786,1.252767150347811,1.9317719761190766,0.8293365988796744,3.8620044862735483,0.09365561003429246,-2.3458436701744922,-4.3709250011341965,0.9390908090888885,0.4222634626126833,2.480764303304298,0.4506416802171245,-2.129752143537898,-2.1630081116829327
6222,-0.0635110158419856,1.9765562376784622,-4.381778987247788,4.579508014205583,-0.25237142886010866,-1.8584028199320652,1.184720665337629,4.880281481392185,-0.391471889744313,-3.025725040431336,-0.3644700229210436,-2.2833351936327233,-1.3578280054795044,2.173954218541315,1.5530877864396757,-2.901535582268563,2.427112726359475,-1.8947911435923057,4.286061753240038,0.2314307321951521,-2.0226337407685673,-1.096890684516815,0.36071270487103924,-1.7586807650229623,-3.0493326309016275,-1.3219338191297076,2.3965878010811856,-0.041523991205095534,-0.7986374551020425,2.814840095259459
6223,-3.4031016724418546,-0.1571703849159789,-2.0489067490175543,3.6141075801348315,0.11161891863853013,1.8834523076041148,2.929384460766066,-3.9944429727632027,0.06270872296224539,3.3422541087457347,1.1099105906871705,-3.4498149103976203,0.7160595761171962,3.0154870058416456,-2.2992968655680706,-1.0898800263806692,-1.0397130950958022,0.697343405085812,-1.6120601591008175,0.7290624237191778,-0.9586987811353342,-0.5380270400300144,0.29771112248326936,2.082012434061607,-1.021558201587343,-2.16625470160281,-0.6628728870877474,-1.0939807633392684,3.6059708054045636,1.3386957482147643
6224,-0.2594732228754104,0.4924497589584753,-3.456441814901101,1.8286101341965022,-0.8229510432108369,2.2178061878344515,-0.30013819782722706,-5.5970061006935445,0.6930631019634994,1.607496520623993,-1.2254320142730082,4.82201669020667,1.142271612261709,1.228475008349406,-0.16484051593635485,1.6995662720245512,-2.3381344587832142,-1.567337917915978,-1.884922841212532,1.0409326236278087,-3.905662151574578,-0.44629476750031216,1.717729250726478,3.478217885931013,-0.7333404157227221,0.30144446978340866,-5.335211628035005,0.7578896723094743,1.3089701507601852,3.7002477509068044
6225,-0.2655644964665882,2.75397095661744,2.724069349376272,-5.135404106733116,-0.25958622867111014,0.1825145258791636,6.174793024015578,2.296105888243531,-7.09022893090605e-05,-2.446280277848178,-0.965651393994511,-5.05889633812675,-0.15289428249926829,-3.113373170118363,1.5481501645192033,0.11749808693291541,-1.22205122623458,2.822670427400219,1.0256561396755757,-0.5040084122919222,-0.9422949508294511,0.5825095995011162,1.4373168428315068,-1.5991792188889526,-3.638088420918436,2.8946771680829357,-2.9595972336255194,0.9748350479921628,2.154927429255828,0.5732460092151594
6226,0.5614207528563462,-1.7966625689044342,-1.105056523015648,1.7729591391892079,0.9505796201451733,-0.3832404202685993,2.4030904272182134,-5.571748871393453,-1.0449694637766376,-1.9956001863545865,0.9220877431799108,5.2871403511269115,2.9017653961134577,-1.0613750269014801,2.6058222012295538,2.6156877263050795,-3.9565040728408043,-3.105396223905725,-0.13606726673071634,0.003977597506580111,-3.2339743332953557,0.11445311322333218,-2.2058476467536003,5.457458536047618,-1.4311970710195183,0.8954507429550169,-1.0136740026565256,0.6337138914898555,3.0388675007726675,-2.1231610615393723
6227,-0.7529592821970397,-1.4408105017811366,3.854609756850426,-3.1181612713724682,-0.42631937513045814,1.8836406736327032,-0.28866706433932166,1.5947125241336373,1.1848027635668075,-2.605413114924831,-0.6022461602847393,0.7168110518487971,3.4434004114645376,-2.1151529752836744,1.2215385952738664,-1.6579662940305973,0.09268414887291598,-0.9845038862969648,-0.8449455839763296,2.4525771926557773,0.6948784598711768,-0.8246827253740898,2.1623049467541904,-3.640132289932879,2.2446020252157695,2.566343043494733,-3.6298498851769594,0.5717038296206534,1.1839926479568028,-2.9367916611088596
6228,-0.6385319181041211,-0.8597908982267768,4.232776088257317,-2.4381363558602196,-0.9719374526754241,0.675620536611234,0.19018956361973238,0.705230486622554,0.8746796840609221,-2.933046366299438,0.040946721477771675,1.121999910518845,-3.3135148109958017,0.4052257614603505,0.28795390052478353,-0.40735699800896086,0.8025184161274801,2.225173730892241,5.435094068639909,-2.2023631613025945,1.5143750504370246,-0.9675673624738632,-1.3761142265974584,-2.4034243687051813,2.3477721635199202,2.2279834592053973,-4.585706861236215,-0.8305256691038103,-1.2095044402594226,2.049981347876283
6229,3.271845277786049,2.352348169302754,2.6266650719661016,-6.0293245589226245,-0.8576290159921343,-1.3639049441381275,1.0480145929315654,-2.1552892135778947,-0.7016206438670851,1.3169601885680429,-0.9776615144413752,1.4695965903871553,-2.610796429541466,-2.7853102899431654,3.542857412477467,1.6857695981620466,-1.146112225137058,1.3135919339822522,3.5566599206002394,1.4291998034519278,2.0452798497095372,0.39644966554697003,-1.676409627035552,-5.751179612275287,-3.3187763371794397,-1.4285905222939448,2.8402950307633112,-1.121578845640737,0.3108649268618482,2.717785747491085
6230,1.1721004211606427,-0.641193642667826,4.672313856754194,-3.7799790817343464,0.5308342683520295,-1.954075821862709,4.9586313353401685,-6.240242277862144,0.8458081473771459,0.7405605600763767,1.2194943184043705,-1.5242520833354654,3.6666217974203548,2.72806047672416,-0.1266562220515084,-3.347704183215024,0.13914378026669638,-3.059465649144599,-5.121899661182919,2.330620694494673,-0.9854891509986583,-1.1338227278974675,-0.9518718400607877,5.862462685642981,0.5793464790247924,-4.907867363188814,1.6585044024076794,-1.0606885280201506,1.613047235125869,2.1176577746527734
6231,1.0767326784059534,-3.249903727359456,5.6608929760385145,-0.21027623937660422,-0.7910543765857905,-2.4863913111206104,-5.581785839013335,-2.6214957370568186,0.8482299090745267,2.9507271489925877,-0.7290371148928534,5.133361632896353,0.3515028679680867,4.131752410496645,-3.754095596960372,1.0347300979540641,0.05522685274099004,-1.819116632199334,0.5911169470997777,0.6834841278614849,2.152059932258883,1.0722261617330204,-2.759994702800295,-1.738892466155054,3.5667449035629346,-4.088517519066716,-1.9439304818014413,0.22355792937645091,0.4220489270307404,1.8200962409001633
6232,-1.2914426683357458,1.8050264855602194,-5.437396958018528,4.600125177578544,-0.6918512348548911,1.0155391980724087,1.2596354122925781,-2.2971356906297835,-0.9197056131301666,3.6329066860111965,0.37486190664226005,-2.0505627011856262,-2.2045971745504023,-3.8232055960917677,-1.6474136734638272,2.456788977544086,2.3929025769164767,2.8255248896455463,5.472333714540124,-0.1872253352282005,-1.1814280794388132,-0.0173270170838542,0.48803691522671855,-4.5743901980181825,-0.942037560867842,-1.4514225134568015,-1.962481023805882,-1.2336836285553199,2.356219436657888,3.233405290030092
6233,-1.4986495537159463,-1.3096152346262997,-1.1690132442963765,5.844090688039529,0.2072568556431742,-2.074069511042075,-0.24003807235603603,4.714058946539051,1.0872118653663074,-0.9753979839892128,-0.6073188254877326,-3.9785159300719357,-2.327699669465556,2.912295375041708,-2.6958528554358487,2.482496839359296,-2.725717750613395,2.3544780611138947,-3.0143593449652855,1.1932717360812415,-3.161466682250083,0.7759318724294069,-0.32230011899767597,4.528922537700236,2.5878842780469604,1.0740271269634825,-2.416104590978577,-0.7751271198745293,-2.5620114979171085,2.0913318037619177
6234,0.9992902796341774,-5.300814421868001,5.94355395959532,-4.445817461383914,0.9230250273644978,1.880762616659947,3.9593612625882066,0.5149393228873542,-0.6007993416711992,-2.288087666527927,0.10444084950613064,-1.6898544267821656,0.8351124098392759,4.028028017453902,-4.00765547880766,-0.138053448529746,1.8499834456211808,-2.567414945576827,2.3802886763281172,2.516023962236403,-3.821119415014625,-1.0745800810212653,-1.9977795439096493,1.9971664013788732,-4.8271029269122785,3.590379186935067,-1.2622670378788499,0.3333917770948638,-0.5192268700988443,2.6848258708621877
6235,2.8536729381182937,-3.3112879380579443,1.5649051569384298,-1.5907202821800581,0.6357733284440776,-0.15234320326073103,1.1115919405817145,3.7376244427839502,-0.9517587620609875,-0.13345669796216164,-0.16744811068255938,-3.596552812659514,-2.8830687551972485,-1.2265143996434134,-0.7399169449223599,1.6030673321713458,-0.39826851530493457,3.644701282896751,2.084638421334528,2.9118755514787686,-0.1864033534486076,-0.9409346373967225,-2.7219098680948353,-1.1472661138753075,0.04494820833171076,-1.9097663782758367,-0.09334746849111752,0.06284484790600864,2.22890823573114,-0.3335874451997505
6236,-0.27772355206179,1.9509703889562147,3.8206883556219644,-5.5148094489207935,0.06476036675900643,-0.043886110352559626,1.442999549003087,2.707410937784477,0.41633965945316653,-3.3872134684674844,0.8650650518016985,-2.0446017295745342,1.91062471653888,3.833932952746146,-1.5400915297498248,1.8866502452659475,-3.695781612116935,-2.3953347726840963,0.8936987782336239,0.6122146568902398,0.513773952926865,-1.1106691466341325,-3.222227824417976,2.3132095829992068,-0.7706459567346542,2.352735831328012,-3.1362251247296165,-0.6079458479419433,2.724273577683803,-0.562192479603409
6237,-3.6603236368920093,-1.394448616789088,3.2045271038466367,1.584618094150791,0.7618838330974445,-0.4962567774117286,2.0494401307675396,-1.535763365575061,-0.8700082362923034,2.3345535654997676,-1.0471467509579986,-0.9310753434415382,1.798069809506579,1.5023646525608711,-2.3048568102431606,1.1319526185892954,-3.377862933185199,1.2503326627717612,-4.5898417064558785,-2.7067426933194394,0.6362183494036486,0.6026100431133523,2.813204281883424,3.2445517253727196,-0.24794330735051417,3.220946356244518,3.4667463144355644,-0.5078336714159217,-3.457129425505949,-2.474786266405534
6238,-0.3602719371090046,-4.573894418529278,-0.23465064116112444,4.173184257684923,-0.2945719349428537,1.2902046740593711,1.6405793194651146,4.527868738088344,-1.1887076710447446,0.5691166337734224,-0.09589607049183435,-5.452960949789873,-1.0245000659674126,1.502434680400544,-3.312540616976383,-2.8330809478843477,3.088597584475597,2.5790893659521856,-2.71697222131856,-3.0938322978131563,1.3506406934365032,-0.23849702545485396,2.4466055384195187,2.2520553127283733,4.140281238936598,-2.3131250001401185,2.538710760708181,-1.0233723897589986,-0.6084560658600751,-2.7340385438834485
6239,-2.7049365088244066,4.022141982416283,4.103670673054236,-5.430030497690925,-0.7045014571489339,0.7136558081957798,-4.076334277808932,-0.7839658520513346,0.9552714893271697,2.147150567235837,-1.0979275650744764,2.85580563837215,3.0063063564179977,-0.6304720564928346,-2.1690390107787163,-2.0934565502172706,1.9793879554756444,-0.09272669440461989,-2.255419325484848,-1.414065318143546,-0.7020701698981551,-1.005445787517171,-0.9440921015421466,6.32109270258367,1.1668071537400557,4.551121292231546,-4.937997015776322,-0.6226762813816027,-2.785037241111816,2.6277820923002935
6240,-2.3416026636062277,2.908940972358149,-2.7092970535087666,0.6337104978753878,0.6495835562899996,0.8586646905934892,0.9862603534784959,-4.485590402682298,0.9278520773445651,2.4808811156891615,-1.0050484924961398,1.095645348666654,-1.362074118133883,-0.9413560863867652,1.9820513707446281,-2.0369309035709726,-0.5025241955532493,2.860833932900462,3.053413288783098,0.1666246784102583,2.2547829678904208,-0.4202976749251581,0.6933635846957138,-5.747886844856502,3.5836147063215904,4.14406309984118,-5.580462251483361,1.1665943347945653,-0.9102741410239368,-2.4035357484478475
6241,-2.475916811288581,2.768438139631595,5.169022028741022,-6.009141838357255,0.6195761800293638,-0.07197769875410742,-3.353459917263333,3.4644874290700507,0.25331108333018637,-2.740052402975122,-0.4257712392444635,2.801485047083105,0.2158645245227362,-1.4980986107273928,0.5406684512285658,-2.85249090463377,4.0983940012148175,-0.5043374616047167,1.3119355809246542,2.390667701489562,-0.5023501507134505,0.08007125892295086,1.9403201526948273,-5.2206445433206845,-1.4172539803912834,-4.434043472597466,5.643449777647984,0.4919648344907337,-0.9206359829881201,0.6365188238403388
6242,1.992430174104605,2.8540650480595637,-1.5669889618279562,-2.7930661398966663,0.31259036991640654,-0.7990304903538927,0.9341321524498305,4.6293440526256795,-1.2076731820387279,-3.100815952997303,-0.7315161162277848,-0.523470953811298,2.849992808591942,4.1272546911345245,-2.486394578169506,-2.358861294066541,-1.430994015404833,-0.7009976120853239,-5.9661885705962625,0.1587418353156309,-1.6658915884524745,1.2113131783596707,2.220070466639182,4.041954678732168,3.099454082255356,-1.902550171368656,-0.700799305564427,0.5774213483520807,0.07800132081852418,-1.1515272744906913
6243,-3.5201932059664074,0.9607007142112707,-3.529229942404026,4.716495981031727,-0.4316476172038335,1.8038740703333325,-4.786304356897752,-2.5261715306812995,-1.130811244632751,2.2771419751384876,0.998395166689928,5.167749990383744,-3.3045721272919906,-2.981645175738329,-2.06108781278688,1.9339665397218226,3.2870075240299848,3.1263310520656376,5.083512216900093,-1.5807488249523107,2.3034085586014257,0.47547511435621104,-1.8557169684580135,-4.425930096449466,0.48528355586289607,-4.704852415394328,2.032318159487808,0.33752082828461827,2.703696974768679,-0.8539671030074754
6244,1.4319972077954084,3.7711475793543308,-5.300532284155061,3.0987328577155253,-0.5475920707097006,-2.4537532899984527,-1.9760627222937082,-2.4260956994188234,1.06625008528645,-1.2875934798973176,-0.5548531216749213,5.178354937998691,-1.261993683750818,-0.06269209735843617,2.162069859556155,1.065002262277396,0.26641866788021673,-2.1688050086042576,4.301576270711461,0.5425986046286173,1.648865804196955,-0.6603299891440138,-3.1162109225100423,-2.716499767885079,-3.0216169971567552,-0.46204689941575694,2.2794221405065045,0.13277501453314677,2.4280320278623435,-1.3565652863273154
6245,2.5819034252077984,5.594094065165777,-4.907907313574039,-5.560097059164729,0.20537789929403205,2.0866289830731883,1.7766498857990136,-4.739469163746836,0.6200756758570387,0.35334011312030356,0.10494784710613825,1.8844556418647116,0.15759407498986278,-3.1424444103302864,-1.0524164333718282,-1.0283478233547356,3.4252687495162704,1.6403458425509996,-4.246366343918343,-0.3122353865535086,-2.9600494383687774,-0.9872145970569717,3.236012018939988,5.269853746955491,2.332897851244404,4.400069144089695,-5.65144239955908,-0.07120247686625181,-0.5497754072896637,-0.46054671161696525
6246,1.9918869111818616,-4.094962200506572,0.019399458022157035,4.300641728859837,-0.7459797669141868,-1.4709861306410694,1.4646357180264253,2.679629899699794,0.22104939843556703,-1.2745324246260914,0.8925588782728697,-3.9833414698081775,1.4301586445858376,-1.3353328792575514,-2.104799829339134,-0.8133637548227526,3.4544059521940866,-0.6310681333601984,-2.6421002238316547,-3.224801401960894,-0.8273414823527805,0.33191252851734454,1.1240106409048956,5.238319938720984,2.6536154143066426,-4.52061001435588,3.755319458042912,-0.5439558595781628,-0.6491016023662048,-0.6952673960471429
6247,-1.7341632761872496,0.6349342005818457,-2.8349804006609354,4.951205873391839,-0.3011322729780974,-0.7158641241453818,-4.026784059219722,0.8550950175338805,-0.13633164074291315,-2.0148887728575477,0.9532897338701938,4.369619721416491,3.964870758048395,-3.84794878402319,-1.3701885204052626,2.711307978412556,-1.7056466399725174,0.24760520794031748,-1.9668510137896504,0.04569303561053317,-0.7502368756873583,-1.1626278320824102,-2.7273496988900803,6.561372384836851,4.742069965602109,0.6335841200390533,-4.062338357326848,1.2393448354857437,-3.289491902455431,0.7368313386575576
6248,0.16044817478012519,1.4695250977810304,-3.982602073046671,3.431726454348137,-0.32302468397575,-0.7560729698848263,5.058627694209257,-0.9413798501309536,-0.3022394420403094,-2.666540626835703,0.794182523175551,-1.942650298377469,-1.1377134627077954,-2.45298298654302,2.0595373138061746,-3.8063085431879173,2.687236143282888,2.6502315353499775,4.839973545055972,0.17270436734863992,-1.2602620405728189,0.41237266003779105,-3.1783208359634862,-0.9864676959082068,4.017927036452932,-0.6244323079013334,1.5947303767632022,0.510851892813359,-1.8242463750070357,-3.6748306231189485
6249,-2.1274985769551513,1.659151035584582,-0.975754060212001,3.3988472926179476,-0.46595516294119776,-1.4887905280921299,-1.0319024545630207,4.094826911779204,-0.8616673036551221,-2.2810230818679393,-0.5972135241156087,0.6769794524228665,1.180863254275863,-1.5465511028514136,1.6985024773797015,1.4909188346005777,-3.8083742786935684,0.984640815289147,-6.025345888256705,0.027895043139924525,0.27702129992031743,1.0157368413711811,1.0549031163232616,3.649789587499914,-0.5075761927222793,4.1574649302132975,-4.526092984066079,0.9118472147634904,-3.2655993372961074,3.2299563691098427
6250,2.257173288381516,-2.201756909301654,-2.9242543212651064,2.8694104641505476,-0.7255247861679834,0.7249522642047452,-5.240911384298084,2.2839475919079035,-1.2248649785867842,-0.6810446383443143,0.09594772091723236,4.76692568840442,-1.756869409281558,-1.851327213321813,2.033829158849887,1.146355048130637,0.3737338436930102,0.05427857193015839,2.5953741398382277,2.4179509253212963,-1.5651146979297614,1.0723808735080773,-0.3097587766742578,-4.210832464065685,2.70947449133412,2.8919091311614444,-6.002871192245209,0.7721171755282299,-2.642864450401879,2.2722348446254585
6251,-2.769320816285017,4.322062196625328,5.845171328732572,-5.71327008581229,-0.8520963973687952,-0.8325462258897556,-0.48606716825906204,6.216862582965678,-1.1265906323126695,1.7000609071512827,-0.8029951702564206,-5.5012705192884255,-2.584523462444622,-2.558860978563432,-1.619700932620427,1.129055261240012,3.379656938624283,2.2543731737645167,-1.9537800814265402,3.37065583386633,-3.3873899281553825,0.9257858769442926,-1.7693066208743886,2.8140349196435537,0.10021561675019441,3.660392999765456,-0.7732386231249748,-0.15645502434849679,-0.38774784434802,-2.4431671246919837
6252,1.9987289211530666,-4.837345099018865,5.198467675743508,-0.3360002594472995,-0.2724238364313112,-1.751427401997061,-3.749997102252884,4.091448428051873,-0.05567219937464252,2.419057084445761,-1.0345911477168772,-1.670245063152862,-0.7655418304962076,1.0392227846147684,-1.9155188093143476,1.824595135603225,-1.3120556475315368,1.12929836712442,-2.2476193449996167,-1.7053231527503812,-1.9871758353496851,0.6511074180949308,-0.060610402530866025,5.349621317533497,-1.989731425909703,4.75774088498239,1.122437660898747,-1.0624891247914063,-1.0309298279000814,-1.7970281672777588
6253,-1.3220136255784158,-1.1152790472814722,4.400036894574182,-3.3026298329408696,0.48868535212698205,0.8512002591016348,2.3058567248620143,-5.500351328003848,1.1323100824895755,-2.4235864083957637,-0.9169046385554385,5.4026755676038185,-2.6337088315535375,-2.64569818064321,0.5432999138676067,2.972066526509334,1.6603718390717361,0.10366873274839428,4.1613245091636095,-2.0019741729603506,3.5343887414933235,0.06371890096378863,-2.1929745533975655,-3.564483425264921,0.9482696112744158,4.081076832114835,0.07941346004546546,-1.1365458588439497,-2.3316599239231053,-1.6405541206654526
6254,0.9776850070593248,-4.443060552738459,3.5753396317699817,1.9335841404231928,0.04924973096571561,-2.0927979574777167,-5.537237172527686,2.7325904104976217,-0.9311252372329708,-1.131924659359818,0.3848413866390912,4.482855271984111,2.0273774171461696,-0.2018446515950636,-2.907074308516677,-1.3821841075574497,0.44735624408012953,2.0163694064432214,-2.428904132532594,-0.10080758586543048,3.8618479523570706,0.33213002064420394,0.3717280228292523,-2.035994277434625,1.1878769833073157,-3.8107256221004207,-0.8928689964215764,0.40727256609056894,1.3559254591665386,1.7525196099597515
6255,-0.985274090614773,3.197260221448186,4.546708575494776,-6.104148013069217,0.6629824625952052,-1.3175291558521405,2.968490691765311,-2.538249528596481,1.2197060382131175,0.822252711859635,-0.02713140084791643,-2.4450685123933127,0.1932039946978641,-2.0181763911585975,-0.538794316267154,-3.465877354042922,2.933063105163029,2.8965809616081017,-3.0694863659056786,2.119831544988241,3.927072049690487,1.019930782685388,-3.1911407518872412,-0.8062072595733127,3.841330935980018,-1.4075533767567059,-0.7292331976643105,0.20777167417909226,1.1439898623722833,-3.0563058981081834
6256,-0.9601033255625833,-4.818125979931494,5.8510534817564945,2.8790042928097925,-0.7371740076127453,-2.2146544614574397,5.789051644769593,-4.724884832437947,-0.8367703527933559,-1.5673478067833049,0.5339015034814967,0.8060498437639048,3.026107774999197,-3.784208970508633,2.588412114821381,0.27363457549375525,0.35586565329192865,-2.4598111480973284,-2.4934298414562015,-2.7277704517627903,-0.7723537410851282,0.7477167816822945,-0.9940010641098631,6.2398383167295535,-4.680398300386523,2.384851167210819,3.7572517553476885,-0.03806929807755033,-0.15311398294884704,-1.2705213411433984
6257,0.9608609278114351,-4.739778984643554,2.9018465583108117,3.073143942946171,-0.8147702122434921,-1.3813022321793458,3.5436126120246847,-1.1937727438124277,0.10887081842766211,-3.2486936442315564,-0.9474978915623069,1.7374808491543412,3.2854151839490306,-1.5988562330485525,3.6689390473874504,-2.6411428541685265,-2.593707947999242,-0.12064719611985453,2.1680427122016184,2.9526790803943896,-1.9300030631288028,-0.07560526903259301,-2.7692956051231548,-0.34581785531358733,-0.22947442034036314,1.3691839522613378,2.51566743461564,0.049409878942331176,-0.03949466420844949,-3.665292181268331
6258,-2.9895237961782346,-4.252599531075642,4.538028044129206,1.7474917066850395,0.00035324153724447527,0.9562503349044178,-0.6991696568739698,-4.113478557627872,0.8310133433492739,1.1750291506810484,-1.2246808204922655,4.031286540964199,0.9958083633455495,-3.5307743468048365,3.569169878465697,-2.4267606058858853,-2.3047961861699804,3.697352897049786,0.4355602827579901,1.0900381917163795,-1.3718869776539666,1.0027884112403687,-2.6082892222281266,1.4517893141652287,1.2845479963998585,-0.14817112236291763,-1.8394990449620465,0.4636581837725142,2.5786762016465445,-2.3392122144917806
6259,1.117531257060545,-1.7977002640150594,2.4831228301449926,-2.8267371792677665,-0.5665577337110042,1.590341089790348,2.932109625816288,-1.8385841664292784,-0.6964762053852418,0.27207346918241626,-0.0432660654093775,-0.6258566577743707,1.5945488034311701,3.275199407068193,-1.8360814283576339,-3.5308345046491993,1.362313823247515,-0.8651461007396968,-3.3386754059375683,-0.01469092876284428,1.6201634068628294,1.2296989382754049,1.959525857950851,-1.4560218683908062,0.3890864261687632,2.0111748241272167,1.1490160336217308,0.7526094006574153,-3.4640357494050296,-0.8378509351679355
6260,-0.045004493536067613,-5.6356050805075135,1.1199189424517684,3.651677092356806,0.14781040353090757,0.7612031357061202,1.194197014981075,4.5789129898565655,-1.1568647941831394,0.8861643387688218,0.5415959181031553,-6.044005467526016,-1.443977664919112,-2.970948172153191,2.051454129665995,1.8522642722694584,2.93112349262967,-2.419916057492461,2.3987954544718306,0.18520578891246053,3.8476996856376395,-0.6215666398826905,-3.2000667688379067,-2.6100675203034385,4.1797081760447234,-1.0373035494273992,-3.220652018312986,-1.130692769438058,-2.4588841664718064,3.667824327607672
6261,2.0155126959274057,5.247148211453084,-1.4809898185180472,-5.847932947314057,-0.652988746638947,0.7192506050926095,-2.7989703381897897,3.797236417440182,0.6930321933525976,1.4941376751370825,-0.8957659318169986,-2.2896700159225816,2.239670806190432,-1.3519828127250157,4.181974961246116,0.22258936086878123,-3.9200578034284064,-1.372194512151566,-5.661806457534265,-0.46045017883325556,2.5869620190035008,-0.11044011077274796,2.5838186180114597,1.0619161101232173,-4.500059337477817,4.590666868676983,0.21060450916901985,0.05996469119392778,-3.1198677658360996,2.7586910342761612
6262,2.5211009433966147,-3.5989103949543377,3.158918936770416,1.0169269008281283,-0.8868466685378205,-2.211189717500984,-5.698219025433218,-0.5803641227914795,0.14222084392610412,1.9668608626673603,1.1879187277520389,2.981582713879696,4.055771563187168,-2.7220830158307905,-1.010629287752355,0.5332582941666288,1.8567765336628845,-2.7130940874331824,-1.089587500499487,-0.253398765680247,2.514390946028609,-0.6346282087846049,1.8268357328079965,-2.3636122038743324,-3.7172757802203797,-0.2900970516703758,0.13138320279076154,1.239143512518302,-0.3417553971415668,2.9786015137254225
6263,1.9275039448203515,-4.629424619966549,-1.1956570166651908,4.727669004432492,-0.6581849451702624,-0.17190636744879484,1.4693972299402667,-3.456309967217269,-0.6756374523026016,-1.3846374975532463,-0.445724024564349,4.492911711697722,2.8032140795880593,-3.796395323035851,-3.9283994167794614,0.8858533416606562,2.267041135601694,1.7686861829652258,-1.8950469316667657,-0.9319477221992098,2.5087608652462414,-0.2977396835083592,0.968668792194169,-0.35269532006816107,2.76259960503684,-4.513000122851219,2.203387371004336,-0.8544675455574602,-3.1681110442485867,3.5695917366182712
6264,-0.7238252105981982,-1.1417875946635299,6.219508255104312,-6.225103428093,-0.36130007628199157,2.2325080545344633,1.0016064524479056,0.6458336604869608,1.0889004306728545,-2.707234400316665,-0.9528746950708884,0.923768551780352,2.6457964788654067,1.9358241601091706,-1.367803715997157,0.6343734294294947,-3.2233991618692244,-0.6247911905373638,-0.9744353966846901,-0.7212462592713482,2.828735330194789,-0.9192425029541607,-0.34731266998633537,0.13350149869966543,-2.548502997111431,4.431037847429156,-5.111221723739888,-0.546967903706923,1.4363812626606745,2.339273514470616
6265,0.1660659999061913,-1.3370081849540156,5.627501832419501,-4.798998592958554,0.23411574446238026,0.10832320112658067,1.8438342940463208,-2.403142705644523,0.02127269811419996,3.041037033626779,0.052893452919096084,-2.555894773061347,-3.581870173535714,3.0943724758729516,-3.1169646585008515,0.41750163616645963,-0.040378034640397686,3.227338754637856,-4.5775073238889625,-3.1105916154045143,0.1122806657979929,0.30888173191070756,2.7499744562782933,4.516962085304417,-1.9129459117080785,-3.075396186504758,0.38262804507463244,0.25864838705982596,2.3663111664450263,1.9807544996355695
6266,0.02594280604963295,-2.998440729593991,2.7451994448100265,0.0246305216141387,0.13780905959071887,0.06485889753155938,3.405158776633421,1.8040645793403627,-1.1908374438281144,-2.352219749571452,0.6151629701587824,-2.2813291327324485,2.4063038452010517,1.2750536220073663,3.99500187231531,-4.125605726375204,-0.9488358750775134,-2.6019177380707195,5.436419766592504,1.6464770403180928,-2.2508876770231385,0.22616004373329446,-2.922755942853925,-2.135413230768922,-3.8698033603255126,2.1377390218172323,0.22725007704477207,0.22817499986947176,-1.0838803753968733,2.360519636993132
6267,-2.36192539304443,0.8279475076434721,1.3806332077862429,1.7541511347051575,-0.8330970419414545,-0.7677094151468875,1.7295790629223937,1.0608150922976698,-0.01425771568503098,-2.133105152429538,-0.9991150297009632,0.3560837425960557,1.6303492168810294,-0.354948956197763,2.6389928894191996,2.160727301977033,-3.1894003371736375,-2.885720114905613,3.5250270183489327,3.286558536069201,-2.7593843757756016,-1.1680222882009073,-3.0857195530688806,0.20154066262517034,-0.21775813687387924,3.594989632512249,-5.174343359582107,-0.641891918612358,0.3625838904458618,2.076419892112458
6268,-0.8664427498545777,-4.572667503036808,0.016557037422774812,5.031224161616766,-0.9017758712485422,1.2931049251025168,1.547379911054069,-5.438033434237724,0.30234967610430274,-1.291234582186286,-0.17695010734940286,5.056488536615625,-3.8688257630608547,-3.12853556345555,2.0322999192792714,0.29014575678707644,4.2401004998452585,0.4348151506050755,-3.2323892093461204,3.267878941598074,-3.2817804196055107,0.5698960924799987,-2.627991258989315,5.304385853860779,4.983509334229659,-3.4639090619746753,-5.291315122377046,0.9216359195246833,3.1358085276953176,-0.28572959709571144
6269,0.06561446181716413,-0.5379999145468055,-6.05687143280657,5.485755530166244,-0.7057731081079215,1.749274463480024,1.127550116691193,1.5611211413304211,-0.6528252012674729,3.7173575905494687,-1.0182287352815673,-4.734974912021471,1.1615747739644178,-1.6939786946591973,2.263782065085099,3.023639224785441,-2.8230497365588825,-1.9319676326165691,4.34614925080319,-0.017778101525983914,3.495289128517854,-0.5665173567055977,-1.761619520587022,-5.495523400504538,0.5551240535099353,1.6124768736277417,-3.4439738434875053,0.39122764797708864,-0.9428124301998757,1.827957698574874
6270,3.5052485007563376,-5.643767715305923,1.2416765918036354,1.9544886517697826,-0.7937516025532816,-0.2638944264684451,-4.255286289119454,-1.3411128442451066,1.181809872923484,1.8587768464558465,-1.0817889178121645,3.637601331797992,3.2007315240086776,-0.7634852626382767,1.6457215454584606,-2.321159489301925,-0.9724244807389795,-0.7893838367876818,3.0674259030968685,1.434713842796656,-0.5729605081942157,0.6502493980903257,0.8333213863868494,-5.4127500221786065,1.4461304836245716,-1.5002880612993401,2.2629142661842288,-0.9001508215830443,-3.4572981273380314,2.1486922604138243
6271,-1.2020450789975001,-3.3164252584830543,1.8037496845806906,2.405387673802249,0.7586873499492848,-0.4493543708495764,1.026633241439324,2.40632501729322,-0.401398241347918,2.319289221956069,-0.14178721751426515,-5.209062021825851,-1.9244875429026855,-2.990056976670136,1.447626418768337,0.9180258711958551,2.9088721277762026,-0.3599798981672855,2.659281055572329,-2.1693057314063857,-0.3431808803607108,-0.9597157354412573,-1.119073565033526,1.9319948566673943,-0.06732884061485933,-3.9940380758456158,1.827324605003703,-0.14539790059568958,1.7421454679159432,0.6372947441387335
6272,-0.8624223545807119,1.210519485160507,-3.315500787038051,2.3451024319915277,0.8688351014290108,-0.24653387696022122,-2.761912176997363,-5.6213373138987635,-0.7583453956346498,3.4153361313632544,0.390754934417453,5.335503820750624,-1.7754880640841648,0.069229142384021,-0.16848010079771214,-0.14946464059763542,4.124377715048574,-2.100174051952756,-5.787536151751393,-2.149386676574302,3.7040839449348333,0.05009816225462327,-2.352670880143034,6.535411601277126,-4.809060878510918,4.335260601196797,6.246843948235153,-0.8309303225547433,-2.9277689719958033,-2.0143443763682924
6273,0.8100684863129679,1.2518664670268542,-2.3919176851604966,2.461464990511576,-0.37229750168813935,-1.7591847570006944,1.2319970773189972,0.9294301703316457,0.341784735564687,-1.7587696846375866,0.6793232889727081,-1.423765587549898,1.4385249755766019,-2.791107608186186,0.4458299011144362,0.033877114368902284,1.7682620353919134,-0.8953864182653568,1.4936149213791836,-0.5968664501694914,-2.018850795907209,-0.3919050673682749,2.9050142116815287,-1.3910068196179104,2.241256837013701,1.4728337978281125,-6.0632885949806905,0.1350662958073361,3.043720829461865,-0.8295891651281391
6274,3.096596299653214,-3.5367814793541896,1.9011659553291125,-2.8886676923722163,-0.2219976436599569,1.649684560406076,-2.711116211792252,-2.5287657222463977,1.1939638795879155,0.8127778831501971,1.1815144806026323,2.051625690698451,3.5821420565891486,2.0384767828732393,0.3936661377149484,-1.7891160187750685,-1.4342848301364715,-2.7908841282654873,-1.647669064356787,-0.4283950986528353,1.8164133692333522,-0.2774496388009142,1.1739294961851332,-0.6368290636101506,0.878286236532535,-1.52560063444394,-0.7880024192751769,0.49979461647767565,1.7774400015549254,-0.8419178008437989
6275,0.08722946948987875,1.4822033851288055,5.842815765010954,-4.096444165649483,-0.9172912479856032,-2.3985132059925167,5.245666184861118,-2.769696848688749,0.01621372149207012,-2.4515611474777153,-0.48954533330023065,0.4489234231140742,3.4637538319127508,-2.5660225197346094,2.1438338824974714,-1.6807749735711255,-0.44428197135730585,-0.9165082497468777,0.3826640366709775,0.39997238237841337,-2.309411685229623,0.9272516266323256,1.2061052902874785,-0.606581650741763,-2.0224837741809516,-4.901073748721696,6.083653315337095,0.7458680565192797,-1.7968320682890795,1.8908682193375874
6276,-0.47902800285590175,3.260529812649871,-5.14077932980463,1.344860900512412,0.8433662934249351,0.17105032607538107,-0.4949214913994737,-5.205847893455541,1.17419003979711,0.32872004453417425,0.5167530038507424,3.681106296673555,0.45303100025209275,1.6849155443006403,-3.5579447963204824,0.6316395049922114,-1.5122725770882433,2.300631323864085,1.646218408679438,-0.12863301346868106,-2.051835866565172,0.9985725063577444,-0.23792894217688954,-0.2263930928286264,-0.796302177019772,-3.7225874536975994,0.02060833110786575,0.8139999596381244,3.4350146305797082,0.24926670939386142
6277,3.6231159683080314,1.0586757889164744,-2.1610884552754897,-4.375266989187239,-0.28554422493118903,2.140107912171459,-3.7560522091100594,3.670865764408706,-0.062095341673733984,0.05749727917326375,0.1359531651934942,-0.04616865799109604,1.4938399194428555,2.4570397885091175,-2.8817424602624264,-0.9577229307189263,-3.158146481739026,3.0467321647686916,2.8708294388775357,0.9818430275579164,1.9733497564783384,0.19389596170871215,-2.7226765582770796,-3.2972416263475814,3.3191356144345328,-2.156008766584854,-2.357261419171241,-0.04982736517593267,1.1975585025677908,0.046403433931867966
6278,-1.249654409988354,5.119310864312002,-0.5689732430955523,-2.381425554880149,-0.9934844300229146,0.07422677367697617,-3.1297947075178882,0.1395260428293561,-0.27531416074223714,-0.24120833842051148,-0.5367542631492386,4.0435454270011135,-1.719927172337826,4.149733760559911,-3.950437497343586,1.8057734187418149,-0.16605179545713256,-0.1190907141628923,-3.0253011397163974,1.3050136611001264,-1.9053604289584314,-0.6215675958935547,-1.4970878758920065,5.744303379358158,3.694519625192111,-3.8419947914776706,4.637320102371355,0.13286246210476538,-1.8206618136725545,-2.8020455845158203
6279,0.8967963802863128,-3.896670965030964,1.3309452097787968,-0.1678793889207455,0.8513083265627817,0.9855004373258396,0.29175642594087847,-2.5805399357423937,0.49959331527506556,-2.312039614390807,0.7679035353822137,3.3333262735356612,-0.32216214656172326,-0.7299505649862823,0.20347957469556732,-0.8033222841605117,2.0786692449171262,-0.42671382390389034,4.274855994019958,1.4760064403790008,-0.8731228261667141,-1.2173712721188146,1.056222478711657,-4.716590814827175,-2.4762860956895842,-2.250972690703815,5.597738941239452,0.5581301168202035,-2.573556871750119,1.1449466000860617
6280,1.6428563436186678,-3.5037011344892903,3.3482917128012524,-2.064090380858442,-0.9905143588182383,1.5671578177480932,-0.8198775647417911,1.6831780193063715,-0.14101288444865823,0.9736725523813234,0.8303947928030002,-2.5263549152996063,-2.527514058841536,-2.5145146618956886,2.5076007694177527,0.9580805323590482,0.47349813626419035,1.1028492826964893,-2.3542240303288224,2.8564881924119696,3.867112328865627,1.0595870387386679,-0.3398092581950678,-5.089154271494461,3.2095732338807004,-1.387715911759745,0.03195742428161097,0.15190289698908543,-0.9211567199153521,-1.0845609234740898
6281,2.912672033436227,3.1372953754345794,-2.9465678036964427,0.17575694443662115,-0.9569140659223077,-2.32224248368665,1.5165659024005933,-2.4689626974986467,0.5598120468831258,2.9517073206624644,-0.09614343582852936,-2.4629791366183724,0.3846387663488464,1.9423094975211193,0.5096480844341116,-2.3957768915010664,2.1149527413844673,-2.555772198187194,-1.8242679158297825,-0.663712473975755,2.2422812729630017,0.8557329869014998,0.4163961364848987,-1.0264300065459757,-4.522349526249133,-0.1206605382158834,3.8681999252974535,-0.05886360821391534,-2.4536437161586324,3.2873174635423332
6282,1.8933521613547057,-2.357890061151519,-3.5315002244220395,3.5195147256053154,-0.24650568340271573,0.7230290820182947,1.0606367428613623,-1.5145759121389268,0.7485347842088705,-1.5895336210070692,-1.0421726689520057,2.337110675028402,-3.3019433595502807,-3.6760119531342337,-0.6596995882925931,2.6927610888605784,2.1735101061194264,2.7713837059974225,-4.094302867366213,-0.2171389408049187,2.222874685724385,0.4089283792198133,-1.043638960197212,2.723277703422063,2.770863666679933,2.6005370950853965,-5.974984224589278,-1.149046513569811,-0.9964850426761611,2.749115019072125
6283,-1.5943706033325622,4.883057045622092,-5.129472198782345,4.633501302485438,-0.9829776180031935,-1.8097379279873884,4.683578030875211,0.40862351846017475,-0.0021895567643532843,0.713161198795909,-0.0022831692717923957,-5.800890022094499,2.0233312960545575,1.953813303825438,-2.753575536573994,-0.045039612100115534,-3.9865250283165423,2.807995577110976,3.5492955491024887,2.063986067577865,-2.461095395042884,0.01380978831389168,-1.5241674342502485,-1.641828575703201,-1.3928523220689648,-0.3853020096251356,2.2406375391120115,-0.15652998149641828,1.0305796645088918,-1.3365328904281917
6284,-3.577164315739001,-1.1770186793794828,-0.15123617269793144,5.130536237113176,-0.6938710945472619,0.4687540252525313,0.6060509633174966,2.1898337882666254,0.9643048735408657,0.7592259393790375,0.489887231603114,-5.009302796106475,-1.5419732877723487,2.2895737569950256,-3.856674411986651,-1.2312148901512305,4.201579055927574,0.1387097769879304,-2.9255839980556715,-2.648725530591662,-1.4575496453435157,-0.20386900988933743,1.5070955497647684,5.7286326341133105,-2.3422636607638836,2.7949151130810037,0.8394673715057301,-1.1171406071510215,2.284624483801693,-2.459602700471345
6285,-3.3535549190357106,5.383193619013163,-4.948005070101914,1.5750180337340538,0.7471627056322392,0.5961856307601874,-4.785325969064825,1.5158488517737858,-0.4511666604648976,-1.0586036251988684,0.7706866325287116,4.0085607704267865,1.3015631862590986,2.9209344382413427,-1.697621541525601,-0.2987111257946218,-0.47266363755084484,-1.753501319629093,4.474584258950461,-3.108018856566259,-1.2481931515558244,0.5504791034677838,-1.4849404665516204,0.8160891122533585,-0.35386513988179047,-2.3262275136280692,-1.540766409493429,-0.5131110549029563,3.7397364106573967,0.9942337072510394
6286,-1.3827243355519059,1.0000103893019627,-4.924014476219504,3.856248161888157,0.6443820427693123,0.8060982178139913,-4.627109329659579,-0.8002453087382619,-0.6602638302409787,3.3134715756838737,-0.505946708285756,3.280093601241404,-3.279300620348966,-3.613116019690091,-0.6341777423487862,3.9551120887157722,1.9348964503553816,1.6365858433169933,0.4764759180658018,0.8311624439662992,2.3314990768152164,-0.5062979220170982,-1.2025793467033559,-1.9302601701289817,2.483342900276213,0.26450802288830744,-4.821175194420217,-0.0003506167091131829,1.1990067662030768,0.8746681217639072
6287,0.1163813568318286,5.324233210729108,-6.070875535681289,-0.10636589829478638,-0.21151305653079344,0.9481399229479415,-4.690854750938808,-2.535313819362294,0.0928842208082532,1.4155847630232685,0.8912643390270913,4.826435247443129,-2.67936855441363,4.026702910623779,3.784640031010074,-0.5726798222638934,-4.184371149102793,-0.37492341585321753,2.3625608630190627,-2.919497646125272,3.598083101975231,0.6504098841915535,2.86320158518998,-6.554757788252658,2.716368581335029,0.31089174605511616,-3.931324395901111,0.9155183167726566,0.5466561287389151,-0.5581103769984281
6288,-2.2040655302120644,5.604564839447523,-6.123769093011457,2.3817616822768812,0.6090397054862131,-0.2675316039850859,-2.3479003513192858,3.461402661135118,-0.2235405380314397,-0.019106987734296865,1.0936224651744189,-1.9644772492239007,-1.231498461973196,2.6552271611028218,-3.6935675312906966,0.3593810040273162,-1.8145362672006122,3.7249940953346794,-0.9795652136971462,2.7282317294651044,-3.6763344618209164,0.4527706951246966,-1.128006222746114,2.602903473672253,-2.3992115186534164,2.6509888423050505,-3.6620453978578027,-0.5224009815490556,1.5586521191852718,2.374016936572172
6289,1.063401321050197,-5.068804908567365,0.18042443569989075,3.328614156385516,-0.802778522851537,1.2991435182852928,3.6349847638109694,4.747598604562093,-0.4997572552849414,-0.8963151524844815,-1.1213998703603427,-5.865111090242742,4.233550612108626,0.07298462386227911,2.9623224770801926,-3.833622850127144,-2.45032264951249,-0.9849122134111834,3.683456105132503,-2.2038193452248613,-0.26084360519848104,-0.047204151818851514,2.7945175624890712,-3.9661065653815264,-0.7732251724110384,2.5568601542882448,-0.6141840064602633,-0.2438978679819357,-0.09067026992393679,-0.8348828375088093
6290,0.31407595128276355,5.435027944519771,-4.057207427758648,-0.1770911368408683,0.3121368954876269,-1.8269422266886313,-5.134552330856856,5.017034779576129,1.214796533772767,3.4436949443735827,1.2023860894289529,-5.743360016294037,0.752556706940414,-2.7280685625294314,3.1581408636642934,-1.0802797895353784,-2.1997893838115807,2.0974401652719408,5.648865649984078,-1.4205483847823732,-1.3921594484878312,1.0662243166113745,1.9148157875836418,-5.817197920911042,-0.3244465899974571,-0.7906181565845287,5.552580436626542,-0.4342658040059266,-1.587102119289252,-2.4161477667471107
6291,1.7076590780440029,-0.017887446604046175,0.4899524313318615,-0.3805826672896053,-0.12610182421569816,-1.6730395712644945,-1.29391405274799,1.997643300328047,0.04677305508286178,-1.1252564988848093,-0.5543929487316035,0.9291471449540403,0.5198578795995239,0.6312545283765054,1.7640078915402526,0.5654110799455481,-3.1523458709219323,-0.3281855085396259,-6.049733432569198,0.3704542735029346,3.455606958756107,0.41892799179076246,0.9240582304094769,0.8806859781077634,2.098436163953167,-1.5601815076628114,2.706247066150304,-0.23272860491373937,-3.542851106754137,0.5310779892294963
6292,-3.362311100658612,1.9828387090597097,3.4333868830830987,-3.241081235316763,0.45112912575081765,0.7360376180837473,6.235237685275248,-0.7659424626535589,-0.22854847285179591,1.1374021095901696,-0.412105507969434,-5.9660433513900735,-0.4202519494434078,-2.941317770677772,0.27209034927070874,1.227671696434264,2.9742317312068423,-1.1124240567903794,-0.8996620010919258,-2.584306765701637,-3.3378531409692425,1.0971632055032012,2.9727196043885122,2.751939097868931,3.2273157816112423,-4.958579810147919,-1.4736172761718223,-0.6166586849492166,0.5752478422813727,3.2462921473785897
6293,-2.3521971693359838,2.672719124732165,-2.533733199028486,1.7012396068914235,0.2549589601438722,0.25701267659899507,5.543132733695305,0.49015250044696757,-0.12770197712591536,-1.516575540072294,0.8239792843969056,-5.212987001340412,-2.052064565388278,1.876840007150122,-0.12021351072598918,-3.9229053563571537,3.9714913878448357,0.24685203747673157,0.1294806656763008,-0.39298297168874896,-0.0641001499414191,-0.06185802355496328,-0.017251338556128815,0.40671181806277446,2.953893160159737,-4.563926411546904,4.91950943113595,0.03773712766867199,-2.117711415489362,-1.2295018919257927
6294,2.108537464757749,4.361700345158674,-6.051369399639576,-0.07981459422945392,0.7557281546467789,-1.0947819706921784,-0.16031919357082813,2.2453488379763087,-0.2568370283363173,3.195572051959548,-0.18551206678300058,-4.838252601245163,-0.25959353480659075,0.28382228129261833,-1.6388598001929875,-1.6233486217236432,3.4219822667175066,-0.18400259128664054,-4.723743903057809,2.6830009928262655,-2.5974665753926622,-0.08889276526454015,0.4025443461649072,4.324557904721647,1.7443253698198333,-4.756587901163888,3.6241547999298938,1.2022459022331615,1.0886777847267162,-2.9028159555433906
6295,-3.511389447263447,-1.8250043296528986,5.557726487107114,1.8179727389693987,-0.013020225595582913,-2.0262852235625886,2.749738700828619,0.41806388227177393,-0.3459407907955647,-0.7840610373593542,1.1850277788694568,-3.2228285338143756,1.5003306534090477,-1.4010053664248332,-0.5061253113045865,-0.0790682515514014,0.5963768929973661,-0.11050861712534399,2.4648912033214323,-2.1395547968812476,-3.6082956669968063,1.2267445378660318,2.974837269614209,-0.9186225469258176,-2.540912594866189,3.522831730142709,3.931222085678275,-1.249146819749273,-1.5957683845098583,-2.0682260166933517
6296,0.8974386407653725,5.320233851346629,-3.7434470002080715,-1.4370132074613444,-0.23511570877258947,-0.8020965756680187,-3.655104538952262,5.703108625049435,-0.1544305857318422,-2.311135117632608,-0.1834979692125911,0.601059586480428,2.468932318672845,-1.7492707735978907,-2.584206746516097,2.650061606679266,0.43613141858948623,-1.2216478238273396,-4.64938618934843,2.16174051526518,1.2249568190023332,-0.03595875785810421,3.06612556014602,-1.7674779472091977,0.8631353092708416,1.1728485661704617,-0.32479366759297434,0.7822583085153063,0.5493626070990434,-3.042811123460396
6297,-1.9525987576353678,0.5220715562832972,0.06523050912753448,0.5363796086707175,-0.47501178023182344,1.303928863787636,0.20610126725029332,2.5355844633552103,-0.17573264550582923,1.4131432800280415,0.6622593996070743,-4.641355764734225,2.441126520429812,-3.743073693006311,-2.089980932110837,1.3252291275980603,2.3636831820288435,-0.29698420493932964,-5.379717049034461,3.2178414242755657,1.9165124777126294,0.6779433926635541,1.9220670241728808,-2.354647269792359,-0.9343279090376058,4.772406091865381,-1.8806389471451936,-1.214703161100057,-1.0298883394070497,0.28715226482678524
6298,1.7290103310413336,-0.4116648448880724,-3.3615162578772164,3.9637604344500943,-0.5543006946722371,-1.3652889680519387,2.9566031497252396,1.215744568524265,-0.9919358936884572,-0.2114103223195638,-0.46255236650415466,-2.5064491357367693,-3.3867604013056116,3.6830584370194934,-1.9853498952666992,-2.7466545061707244,2.1808143717573216,2.2548919939663996,3.6838643964549114,-1.3661455718935471,0.23873863735805045,-0.038459870519197636,2.4750071643081615,-4.993004755710576,-1.9299650811754603,-2.603736559603611,1.7186758503257913,0.10847259373106688,2.3366662119007025,0.3698869848237827
6299,-0.013553343828473174,-5.102523103412505,3.7119096760777417,2.5743361293257117,-0.45347978418533974,-0.7166895739751897,5.4649714757448,-3.4355808487667403,1.2149845346965042,-2.8080817622901026,-0.7456332585342498,0.3093398591503451,-1.1524848721523107,2.2908928544105756,1.1164998827131463,2.444084995848822,-2.7832163524002933,-1.9157765084197678,0.2905272493861837,-0.8557960544028518,3.4854950224055443,-0.43242301112672976,-1.6976126299261605,-0.790190576338194,-2.4208994939972683,-2.949249597964254,0.9885421294035197,0.010396386714737638,0.6708166964198234,3.7003938794257323
6300,-3.434972451654536,1.2900651325702839,2.232945175428007,0.17414040205168746,0.3866458098593304,-0.6488240682527966,-1.9225180162568947,5.113483914645631,0.20550302266005982,0.3384712437407291,0.4093266020050077,-4.1442667667939865,0.5676724735254837,1.3792151524269407,-1.5687317461857528,-1.2768934515069805,3.0862981895666906,-2.1875606178262252,-2.1154589451278376,1.7736295074319433,-0.7158623569949984,-0.8777052347472827,2.06619143502925,-0.1307944055932886,3.372450687243102,1.517413883844089,-2.8553126044896757,1.1469008232921967,-1.4425701529716193,-1.738882636915827
6301,-2.654055452756097,3.653761346793889,-5.508193056387022,2.959988756266668,0.717982997438015,0.8305154086464963,2.924180346488644,-3.6242420221896765,-0.7152783716354696,3.203500083750548,-1.113591645907754,-0.6745683905057547,1.4562303549968085,-2.9164759799863145,1.1627820786974539,0.08541950487575889,2.483757714497738,-2.271713673081331,0.48312420320727156,1.9637494030592482,-1.8898559184832013,1.1116783563310086,3.077671861999761,-4.746367906116319,2.443591666977163,0.935060957013583,-3.026532741858773,0.03691819921242612,-2.6815366455522547,2.2924985642101348
6302,1.6594072113641047,-0.9350829421636142,-3.6595097315198934,4.660668323658172,0.6014799880037716,-2.3269628493405987,-2.616658385677688,5.274821514201278,-1.0863536559442557,2.000708504344999,-0.009018067864580814,-3.5634999090592245,1.4216939124473988,-2.3350915844753537,1.2050950493322432,1.5843046248733401,-2.402561854547674,0.5265598523701875,2.3192123315252466,-3.1220491156865844,-1.8664626662985455,-0.19296356339426612,-2.6443097919982073,5.506572805850141,-1.8406756279227672,-0.27451474549449983,4.4632710929443,0.5395184186178534,-2.103339933115535,-0.7842592050270856
6303,-3.2400478576773253,4.936995401301136,-2.9354393124009697,0.11416904190310362,-0.6448879840511352,1.7692107109271298,-5.254605931838377,0.9059359232323274,0.5997228603036788,-0.3187017619517061,0.2860357789566921,3.781613131297899,2.257846839935123,1.1237317505993971,-2.46742916601716,-0.2420917210994169,0.9113523934052488,-1.583410096823048,1.8288811640272193,-2.618494144631695,-2.8870799462660823,-0.9410458033169613,-0.24783515639845355,4.865573886583771,-1.213927545692485,2.2578661048768076,1.5665285146074481,-1.05405730175687,-2.858913933362487,1.3025041613298889
6304,-2.328324263803399,-0.8587213184406082,1.1339242260684799,1.2479989254337411,-0.5494301190762614,1.3545525498200224,2.9576631402361535,-0.702365876779119,0.5945938112753657,-2.7171096467980664,-0.03705646989450351,-0.09572495803931957,-0.818135010701976,-2.2150304442892725,-1.6988911674580258,3.9519519672085046,-0.4815241264629364,1.2616287817039016,-3.406621582464677,-1.1121467280739417,-3.1863262505706196,-0.5981613963079404,2.8341969136122405,5.4690590438027655,-0.39334207399598853,4.253873057456104,-3.0732546458248358,-0.7068588635386384,0.8652573632574452,-0.9456748373517812
6305,0.07235881619512874,-3.6519719287933405,-1.5644691690770571,4.274331552015916,0.6557994181501647,0.2139513115111491,3.1798234099566614,-4.46620708310612,-0.22958547980760358,2.3639120165606116,0.4643836690512151,-1.312326532654236,1.8027569366267109,-2.5812394887627903,-2.7676021982822707,2.7695364395427617,-2.755299628147121,3.531847939022896,-0.7826618556912415,-2.705916927024859,-2.3564419313988694,-0.2404626064231623,1.8418106389530635,4.243672681582897,-3.8018093543386726,-1.0853221701238205,1.89651827044883,-0.4955663168048563,1.5406888578429339,1.9454907129779073
6306,0.8209089240654386,-1.4287806272722854,-4.056701093028121,4.979976786639945,-0.9787496918678762,0.6633457014648609,6.242295370117404,-2.0220091280173094,-0.9742541744729101,1.8486803305791888,-0.7890266610954235,-4.305685737110409,1.506212938635791,2.134996026929148,-2.7005582844753793,0.041152909238196145,0.12772517511499615,-1.1095287654425618,-3.3446164058440253,2.954180684163383,-1.1410685184752403,-0.9030812757779172,1.7538191161709058,0.6807663997607243,3.770628312915914,-2.0695916592885872,-1.470682168510134,-1.2312609443962779,-1.4639388167253067,2.4648452760067485
6307,0.6674496920387618,0.11278036377115441,-1.886281176481024,0.6623445639268013,0.541565362058269,-0.0978588053119811,0.26445729076014857,-4.720707842377482,1.0394041960829377,0.3744505836182661,0.700529325308417,2.3418664466082575,0.6633922652301223,-0.5568638818765415,-2.201715941719229,3.0927198646955105,-2.7708459939308145,1.773313687601128,-2.8206767031763675,-1.9221878083934936,2.1126569047168147,-0.4835384712468205,1.8087862140688067,1.3049598640289126,-0.5138578819787121,4.145062157275991,-3.982321728937965,-0.45506301457741927,-2.003944068265408,2.810124536485901
6308,-0.763140053169236,5.03473175007975,-0.6861514683010022,-2.1484034714061906,-0.40487821801765667,-1.0321585391836994,-6.200318109064511,1.6724683236587978,0.33817667724137124,1.40011654774505,0.3905469261662553,2.399009634253588,1.933661393542085,-0.8922886314179763,1.7521811057025474,0.4181582556935943,-3.677331760147723,0.4656196366276806,-0.9846939079183343,-3.457351142418325,3.1404914330423956,-0.4856316440858839,-1.5194296996071106,3.3066149609850797,2.386903450217712,-3.3435932983452332,1.0856917817174008,0.9208791975123889,2.4164159405147565,-3.466297071614651
6309,-2.86186549484556,1.700912362740425,4.918804956230225,-3.6088349756699465,0.6181400784729396,-0.7671569269261251,-5.635494177618458,2.7439552080484404,-0.37644492122971496,-0.5709736153309333,0.10627773317023781,3.7326797729609886,4.216245922792332,0.22698869736496263,0.4917626191923219,-0.2505296173266025,-1.8987860193498012,-2.7856816026730193,-4.392150371713523,2.8232236783996782,-1.9009715198810273,0.7316197549259753,2.814163975123977,-0.07588551685723388,-0.15517770429282152,3.337015048994644,-1.8679349936797962,0.10859507704716975,2.2616131375119863,-3.684110565578763
6310,-1.0822758404345834,4.601687243279102,-1.409423326235462,-0.04617903852436811,0.4083941439038403,-2.472203181986557,-0.40324347357714174,0.13868937710659424,-1.2301109682378555,3.1102027200580658,0.2560219560884196,-1.871559611437501,-0.38651625418764723,-0.3199578425187255,1.4927913731814009,-1.037103197754794,3.9683682639812368,-3.7175823427012293,2.2805123206875813,-0.6698998160932614,1.681156640686165,-0.27446411149937067,0.8304180948213897,-3.847723128604631,1.0186836908900112,-2.4857280297161637,-2.0346151105424504,0.21912648200627416,0.3736671520835184,2.9088658152812066
6311,3.0521474419862535,0.253370097645778,-3.373942224498478,-2.072646059439144,-0.09984221628518886,2.2409129605927482,4.245587042730506,-3.7402724071794857,0.3040009094671383,3.116161551611693,1.1370470469528984,-5.062524143582181,-4.2417932292705665,3.296353982714603,-2.5097292865291347,-3.065356450066494,3.8468368035608798,2.6736881795909646,-4.477364866357892,-1.3551658816091532,0.40371095854747097,0.5366748479153163,0.9458420889927819,3.946302852509316,-1.1870628497065638,2.400906734709423,-2.660550950663165,-0.0729649157755139,0.8219377169443369,0.6977342644938975
6312,-1.3513985934335278,-3.2457787975376213,4.598810792495453,-0.8120985178404219,-0.8713486720820758,1.6818137884001931,3.9642975919206798,-4.944666129005,-0.0792555143979321,2.6545701857699626,-0.41578331436421934,-1.1791628199229187,2.817932504234385,-0.8123708841105284,-3.475490736203543,0.44633979357102405,-0.1985068451970342,1.2220961677059137,3.3805078802951414,1.1094510260578918,-3.6227613782320933,-1.2012981818713113,0.6023242031513636,-0.26822354940313176,-1.3244788407920076,1.4850111920437712,-0.21729549118222025,0.7448841858140867,0.7649316885247153,-1.4530527344059347
6313,-1.8888571978754385,1.0590114995483155,-2.903275544051567,2.6569210962147203,-0.09782479725570226,1.1740249434216867,-0.7735478302500027,-2.460144421394638,0.9053169976662794,-3.1249370982291254,0.4909656356873837,4.962346716520674,-3.3721094220504035,-1.6732311492161696,-0.40662500446583394,-2.2950376862949717,4.235597389383585,3.5114058726440014,3.154501857620936,3.2720069527120934,-2.811820885503071,0.5884163183055433,2.4391896622290616,-6.642293905366682,-3.487585241446258,-2.189870902602433,-1.1335110909847899,1.24373753838616,3.7035342100793045,1.8636954865704496
6314,3.200739973194196,5.309539909472711,-5.317524893097662,-5.146060386461578,-0.21045672813306426,2.1637621250274286,0.20345125530666408,5.178190980315961,-1.135887111869112,1.8748165574462305,-1.07899942770251,-5.041572253496671,2.067880852849516,-1.605352066537142,-3.7963508221479945,2.4577525617427405,1.5039637567183135,-0.6278942826252152,6.059578007800649,-1.4583757950336214,-2.73163699992892,1.1484778798408817,-2.238668179588709,-0.7793749130923828,-1.1585173037295782,-0.3600802359477129,3.7312146729983127,0.5082284850665513,0.8918634557605145,-3.612709074145638
6315,-0.2351935826300906,-2.3389429963261072,0.38455978908674027,3.7441230337637528,-0.8185754438063382,-0.7359708000859175,3.0524636185908456,0.3904556917671549,0.041709578024922145,2.618717981942897,-0.6626640555918897,-5.440682814733375,0.2522741211049251,1.2386375617099858,-3.9702172565485796,1.5608912364888106,2.7807918034577526,-1.8623774662126689,-0.47401062305936037,1.3571311711959257,1.4452913711628774,-0.27682416826180134,-1.9341261873855249,-0.11746156365421356,-3.8938381250789647,4.996820906966562,1.428564985444968,0.07093903690928904,-2.8830608207675024,0.2805740165281527
6316,-3.421603159536735,2.4564077667395345,-5.199956506368569,4.20955167644221,-0.14412392233181093,2.0997241450574062,1.5201889444387398,-1.3532209754681261,0.5281065164133221,-3.0423761850627855,0.9816154639623536,1.365686235717078,-3.988547067189007,2.2045090317010825,-3.933844009848805,1.5048480018606902,3.0098068386728976,1.2032272048033619,-2.781705104198984,-1.6127547868301004,2.143713711825445,0.9128088805521983,1.9151302948090727,-0.577192996159738,4.659789612605685,-1.569742032154366,1.4187726945868064,-0.3347324989612668,-3.1949431122347907,-0.9791446638395609
6317,-0.3382117644349716,2.606040656585744,-1.7015139039758793,-3.0981349421338926,0.8130983098900457,1.718721644070973,-2.722987313934585,5.456858419788695,-0.9754100425806538,1.467735856918992,0.6943446786330583,-3.9205415988249044,-4.243033643071412,0.6378667989839855,-0.7904985637245439,0.09979725146578389,4.002839992127804,0.2930281642185584,1.2570514634512797,-3.1274990076610205,-2.3149477193327623,-1.173959201433961,-0.5440846729024429,5.903439137876823,3.329902680308379,1.168036136771324,-2.95527274760126,0.8351142448621154,-0.7501711882560702,-1.627609126081989
6318,-3.1799981346716244,-3.096801462547621,2.365480541999748,3.8118109386257153,-0.2547930610731255,0.3543011776689422,2.8052925934253707,-4.877627718103081,-0.28248191477049645,3.6376854402429117,-1.09092225099829,-0.19194614979580749,-3.209803701967429,-1.0231565480075542,0.7122290940671157,3.975455119743316,0.5621741394968502,-1.0168981033321085,-5.483641525969272,2.2460386473532843,2.485945128427179,-0.4504354482916586,-2.549990062892654,3.7520832613710624,0.09769376496530668,0.38750554117258673,1.2358241382892032,0.30320766341087957,0.9083620321989265,-2.9325931400344505
6319,1.4799980458414552,-5.32646775548168,1.642141113350359,2.4218893836693276,0.4933502948524904,-0.710911082229865,-5.327996965107946,0.8012227318152974,-1.0157956499776692,-0.8402501209783324,0.6822149225858736,5.700605081663387,1.4417485953226254,1.0478456208142042,2.047175014775295,-2.124875343590446,-3.948809793537899,1.536915906216418,0.8487301862864065,-1.6160719659732603,3.325043070661348,0.1366620186698384,-0.47723057951645664,-2.217132730129915,0.9875843862634994,2.348360227968623,1.1241172817303884,-1.1643591936045286,0.40115795127167075,-3.696860653627178
6320,2.1254455192477266,-3.237505066973565,-4.353051911153095,3.6326407456475422,0.7783149354989081,1.0541557777345805,-0.39424506489107713,3.65078758783525,-0.8578586086924354,-0.7070881666032118,-0.6544813361086037,-1.0371144115393136,-2.349317848224251,-2.749906211415155,-0.23362733994523666,4.2052413524182235,-1.3499127228649996,2.4775227700316336,-1.6347664798587402,2.0053630012303785,1.2083898427430348,-0.9696483938622444,3.072622782620858,-3.6819607528753338,-4.887522931535756,4.394403128677315,3.0767787458334723,0.7376016478926761,-0.7354501727028069,-2.5858104181624384
6321,2.440042100642163,-0.6963430860405033,-0.42962410770068615,0.5974555697534569,-0.07991600717672198,-1.8316144694756353,0.14397201933952175,0.8256263684080452,0.2753142033385032,2.25940161781266,-0.03161133335091293,-3.4727028755471814,-1.4289849367836513,-3.133347542649396,4.237985952118539,1.2892269332923227,-0.7786913360183725,-0.18618906995924078,-1.3478272443934358,2.7862443374693697,-2.3194857114088556,-0.4761486236369761,0.028085287166932815,1.3291319548009355,-3.807350182117755,-0.9641358786433933,3.581720601048648,-0.3372491283961514,2.3427806898074266,-0.8157661016963242
6322,0.7045444494497666,0.9398866433744395,0.002075443466424076,1.0228900035743287,-0.3408087042459138,-2.328587835616986,-1.7233345914072125,2.664537982181052,0.27925134386085126,1.8660466435913499,0.9347210383121451,-4.021222416537565,-3.8852486904652164,-1.085168405659937,0.5047614383454864,-0.6948647736837295,1.5110766036395233,3.649443827824065,-4.346246131180667,1.0559402221968295,0.27519162848159695,1.231955447509514,1.336139041285259,0.44701979170546835,2.918286209035852,-3.817190391083919,0.08125872641334908,-1.0386180246774899,-1.3809915533680073,3.2372550336826578
6323,-3.464344180034166,3.6154209966308883,3.890488714855554,-5.0559291634906565,0.8382601970718189,0.17610343496860992,-5.438211491072423,3.5892642580429204,-0.413152502752518,1.994246970488959,-0.12785439177161972,0.39570715706530635,2.1735870224581966,3.224485631834966,0.7978682123249747,-2.5776749886548664,-3.584451396373872,-0.03381448158916278,5.705407393632289,-2.7955020936506436,-0.13045701984874114,0.3359921006980118,-3.1062194092256803,-0.009220971607227568,-0.2684423950496928,-2.2855232182654497,5.238538820809456,1.156286602708355,-1.4533235922999417,-2.3875362179002657
6324,-3.4807637726983227,-1.1666535854967037,5.745138348489419,-3.083505595179819,-0.1972492527208507,2.1830338576082884,-2.047393099276597,-1.1792604488945706,-1.1176681903996188,2.230930833020583,-0.14746556024238533,2.2608564657932355,3.4386756355302808,-1.3469528737544199,0.27485177969403907,-2.714054868910747,-0.9420741506396197,1.2895544780807136,-5.800872992445711,0.33891979304890363,2.3267622652276074,0.4504970522015519,1.0123394686662959,1.672354413299331,-2.2233463848972796,4.1144322826238025,-1.9720307517527331,0.08546403958890814,-2.637966462024684,2.633447276464416
6325,1.4644190721434107,-1.9157119600209924,-2.1197892268166214,0.6018706994915242,-0.491511315539225,2.460722730743944,3.104550517171724,-3.453100699279961,-0.04710798916493886,1.5071306018378188,1.1391652290238934,-2.2506376595878805,-3.7778125600513484,0.11872846748857313,-0.31026953017348546,1.7665311795073109,1.5044904603261102,0.6983319829030812,2.518429851266532,-3.4771375446051103,1.4456425793639163,0.5805817905898589,-0.6346978845816924,-0.43281879203550133,-2.791680777189921,2.8424788503300356,-1.4286065770880043,0.7255796718072727,-0.7666994477751725,1.4189282799182124
6326,3.2175075290940782,-3.902775305568383,-4.21334019478299,6.1413164260598165,-0.9788693522878604,-0.2638391025126179,0.42772041546083983,-0.6420816032954804,-0.3257638220596588,-3.6998804921873756,0.6700236149827852,3.569981887099541,-1.7080457933552005,-1.9378090907459438,0.17692088330993272,2.9557533962109517,2.2331254757865473,-1.7199448712059926,2.9546262723554477,2.8521607431947764,-1.8836208787782507,0.7934278984028351,-2.140953770616905,-2.5756402645598904,1.7087805965542167,0.16998351009925017,-0.2521543131570638,0.6729360593808753,-3.0540928005173296,0.7545469476425044
6327,2.226218972246212,-2.6283400886040766,-1.3163381807225356,2.1236589499570293,0.6592693904750293,-1.0644690433496198,3.58617118228727,3.572195756126046,0.3554776266255093,-1.4442766040909572,-0.29218410715842325,-5.777383853788798,1.5616582442252813,0.8546500527122554,-3.924353438037471,1.0519296397994857,2.6175163906045746,-2.1614008893038363,-2.880328782331393,-1.2623932630224193,0.7334994122023701,0.6778998032903907,3.1572354024898424,-0.42591257263078575,3.331606585562021,0.6330345630960927,-1.0385524935476091,-0.2934066946318348,0.21807158838883112,-2.850753548865031
6328,2.7689756931233767,2.3137429614170593,-3.5736871505643926,-1.0872437398614387,-0.011115976676795203,-0.41067178743575994,1.5698887097866177,0.6977182015728118,1.026492503627309,1.9969151306789001,-0.34155999772545353,-4.94945454793956,-0.44295918241980914,0.44759492291675684,-3.8421422473733884,2.4778884954772664,-0.283800491857896,1.6434185032573865,-4.290378832760226,-0.1169660450802148,-3.4823944086391787,0.37323420258017936,0.935909759122941,6.580595324774521,3.4748930982677813,1.3027897373078794,-0.7659539396005144,0.5575345340870062,-2.8481510429741093,-1.7211123870855882
6329,1.1860535469300153,-1.4788967201186232,-6.075508794971704,3.5987011674778806,0.6049270414134056,2.1647237592710784,2.3525850913779713,-0.03410980345883985,1.1349258169332952,-1.8261006992138018,1.1273419985840505,-2.754642404222043,1.4012254248033607,-0.49463846833423375,-0.3964749566598087,-0.19684974075995143,-1.8720908393082354,1.5588285802592026,-1.484851007920664,2.3188375456035075,1.378007452714403,-0.5349905177510754,0.7850548342567887,-2.462058306904911,1.2726145803707674,-3.578421759874306,-0.956223115258819,-1.0617276083166054,2.3442423366295806,1.9795155664518589
6330,1.9515022494357517,2.254799045962173,-2.664888520999323,-1.764132495916467,-0.9572383835786942,1.1799581050986294,4.641425961350322,-5.51472887926796,-1.2052790165406555,-1.575279766411315,0.6812118413462924,2.9726498595239192,-2.11605205878824,-2.5917182514953048,3.816041558716403,0.8148927433653874,0.4866211422950819,-0.4097851340929797,-2.545926759901459,1.5109434842731453,-2.361282285853596,-0.3188385452150566,2.324129800976692,1.3909743057183128,-1.0042880360375364,4.730359564991392,-5.521094886762906,0.421335336914753,2.8342614509401045,-1.4605734300433273
6331,1.1739320134742819,-0.6649185954583459,3.736340947057048,-5.28051903655199,0.6163136053436706,0.4188510661373819,-2.551946678472955,-5.171764189778607,0.8398448656597202,0.9111156132271336,0.5883319632593738,5.384418426105945,-1.3806529224002215,0.6761300565379784,4.194081735985655,-0.1163778064563985,-2.9790405955541814,-0.3941404681124645,-6.054086274118923,1.1794587917884982,3.4674809790403245,-1.1716100589672762,1.4774482625214578,1.10130829973399,-3.914606114713486,-1.8667557138152446,3.7172368879567728,0.594867080602806,0.10453717759191505,1.3647206823797617
6332,2.038037539740671,4.477155141774848,-4.967131630635315,-0.7022345714068621,-0.7418137213769658,-0.10401275809431176,-3.305119294779608,-0.35780200549337593,-0.46816476136249285,0.09348402002677503,0.7409352136728664,3.2966668279364484,-2.884038738953066,3.273073429063828,-3.880799664380506,3.119793507168417,3.9860208133059807,-3.6140493462042933,-0.10034815628944926,-0.7740359161485415,-1.4902611537385209,-0.6762725720599398,-1.0424441425800595,4.08336194081458,-3.7775006790627152,0.4247945355274858,5.3475685717716495,0.9463670154991544,-2.2287286587644264,-0.71250078496859
6333,3.323575916305227,-5.4857090441967244,-2.5569560388504122,2.4640644528625586,-0.06264768158638256,2.3176723954677563,-0.6607239745557685,-4.732545243838157,0.18717015264023562,3.332208920252924,0.457306554025803,1.416583591475586,-4.225185292091524,-2.0719485091955843,3.153587680376912,1.7690257218259013,0.5036856309498354,0.8708347681348254,2.753743328007598,-1.5823847555056059,-1.7953348098473878,0.3334099075011281,-1.7024462067434225,1.9930125365857805,1.3599426562308174,-1.634732302512596,1.6628523468103218,1.0554283844766958,-2.2529970235872234,-0.1904940614154409
6334,-1.3243557797578127,0.5779531847607373,-4.5557698648294895,5.8193389951457775,0.8239576195978122,-1.3411241549149935,-1.6789123925062555,-1.6730706234059731,-0.8937625578143109,2.8441386734109386,-0.2596624837644228,1.6612693840806294,1.0543722995663387,-0.4096104881259919,-3.90771541149285,3.320008060918351,-3.733082308768495,3.676027847902997,4.504199229472913,-2.3019664770064026,3.693028788765499,-1.1011261552116993,-3.0832190811118885,-1.7109163049103238,0.8361642071628417,3.2959297546603494,-3.908471176298807,1.0187271178982265,1.0856960945980418,-2.3280459980180925
6335,2.4899871036505274,-2.579958849637137,-0.21602752901622324,1.9831620331415571,0.2389359286998518,-1.9160986868365342,-3.585849182820631,-0.7356600512230855,-0.03436098758019668,0.10268577910805199,-1.2099291385723396,5.463113581088805,-3.254143749401077,0.4064994243810993,3.2220666343948103,-2.8751604607158683,1.0574537796365924,1.4432843717048023,-3.801408700398685,2.5570793403438614,1.9544281123758651,-0.6864200811151688,2.804796913427955,-2.828475584635676,-4.998649475013023,3.569808726451857,4.509638406822148,0.14480311390765532,-3.5335292912997947,0.307928519133716
6336,-3.206921073038174,-3.2078579460591357,1.9656639505930293,3.045648861186404,0.8859936646686002,0.517472542651344,-0.902736507182297,-1.7013012561977447,0.34814229525123075,-1.0182747684116968,0.974772331012451,2.299397905528675,-1.416085617093982,-0.2929601840648637,-1.6760989904290025,2.5272241132952225,-0.5919131170750234,1.4498337953680256,-2.7155579289832588,2.984065436864711,3.63450631804222,-0.3841270015938445,-1.165821443385207,-2.3530653809464646,-1.5453502053529498,4.395600098379042,-4.496968570180037,-1.1710802889651974,0.6517190561989707,2.1660799099227113
6337,-2.786638772705757,1.2099814774611986,-1.6962980954040674,6.1638656818079625,-0.5552007902829643,-2.33570950087433,-1.6354120822013414,2.8003832451836246,0.6067351196905806,-0.45049282541394753,0.7141150885296188,-2.0353285457878805,-0.3601634656017012,0.8375884402176972,-2.564856197700898,0.00794586683187859,2.711416515029061,-0.6319311587756502,5.630074004326424,-2.6283159650307635,-0.33624844851109614,-0.9742919231941229,-0.877946265001869,-0.8132714025903951,1.128122242631317,-0.7126117720039353,-0.43894127092633184,0.2977778420942272,-2.668167289335866,2.393820247543136
6338,2.9984311009731393,2.9781888027872476,-3.6208800309668305,-5.271544626595631,0.7704869847443767,2.145317769059723,4.449045783574245,-2.2669513347385326,-0.7606690419107256,-1.1636493936981314,0.1974090347100983,-0.45518504793631465,1.9576952356789654,2.6478399380030986,-1.471984359614714,-1.7309106716532803,1.9236591105955192,-3.3262992530091537,4.6322429535457985,-1.757552938458316,0.9705571592993039,1.2297369750405034,0.6347640177293741,-5.70974816715848,-4.097781941923696,1.552588157005978,0.8566550333146346,0.24706136888860541,0.9599176572030235,0.48155972551399095
6339,-1.0795833548004126,3.530568912702357,-1.015406881805248,-2.16049531328348,0.2600531539407278,0.46486348324808624,2.3611434228863466,-5.531999666049245,-0.581592544593347,0.2951859393028151,-0.5664059012021436,4.023668749656203,2.8719088787462823,0.7872947017504792,-0.7313802779584506,-1.7903689684524497,0.053339539084635845,-1.1907938731700565,1.4171290410133217,-1.312488716324724,1.8312773446540476,1.047834803118489,0.7363481005601606,-3.720100573023135,1.3881814464214806,-4.114842893290325,2.330065239767414,0.7205613268462638,-2.2170066203014294,1.8930415005591286
6340,-3.0057422143990955,2.3852648083114403,-4.320254000382722,4.732229949454805,0.21926503649715423,-0.010763579479569074,2.9076288057299955,-2.5846732809599793,0.9126050760262174,2.961804960474538,0.9956459837938132,-5.193011545063925,-3.9812378266915918,3.7371563515144324,2.5659122744538188,0.15983938152120203,-2.7687042655688217,0.28703408477137593,-0.7084289300046223,0.36948533186182075,1.330679692906699,-0.14154080287192183,2.6771505122493995,-3.5273458041432235,4.640759015625694,-0.7799159859417877,-5.5444293363568065,0.42189844888209116,3.3256029523533996,-2.063915094560045
6341,2.914018080945503,-5.513106639343182,-1.6792025755162499,5.481782591390434,0.12886559350994808,-1.3323570509844505,5.5780281822565385,-5.273328207556499,-0.441102840031653,-1.67952375721819,0.10721517737754738,1.7087114451729306,0.09948925117614849,-2.0901626310292656,-0.675650219647892,3.2956114939086874,0.8730934517850706,-1.5023813461923226,-2.832114965152101,0.41563665912940273,-2.8522590187687893,0.725216916041961,1.1019557516228016,3.4415646571248892,-4.18397418520688,-2.474911655359538,2.266636596656568,0.3639060225670754,3.227704917149399,0.8006383041959353
6342,-0.9288815876362655,2.075102652893918,-3.980195816230804,4.600942100916118,0.5384836245694431,-2.305450974510391,-3.5639433178377047,1.1995332988347762,0.8783204223102317,2.6772273376600637,-0.304083967375286,-0.8870537735914183,-2.207824305542056,-0.694855370865902,-3.4345441920625372,1.4421845476294237,2.932084568351925,1.9629547524896331,-3.898591351453163,-2.080042086762562,0.6364355046708887,-0.7450142081418365,-0.26459618495266746,6.351808326637489,-0.4512634843803731,0.9084749187500449,4.694640375865511,0.8534410213507648,-2.4309736482977193,-3.574319183285624
6343,1.4458990641621732,-2.634354325289223,4.093373370404112,-4.444415658787939,0.693731151023973,0.8457663984889141,-0.8174064673398966,0.5216225537828336,0.22785145372259663,-2.986369092068559,-0.3606212164016185,3.4149227683052956,3.6285174164949936,-3.1090004370944797,-1.764946385970985,0.01334124626096056,1.6308218992592707,-0.3987337389492751,-2.8888689724217684,0.9455157590211165,-0.9426637168723566,-0.9252699734563503,2.4050748826826336,1.406212021044876,-0.8872187124483695,-1.9467515667835364,0.5974124627849626,0.9733683312750321,0.5447341427666945,0.7184553424078359
6344,-0.3314723892083613,3.586869525793052,1.754204079457292,-4.157234292463176,-0.16997632744986801,-0.6823905961269503,2.19561142147138,-5.932579022176501,-0.5361001100262648,2.5610068515299886,-1.114215069579334,2.826275928781378,-2.3238131246718456,0.8927690851197418,2.46612448741946,-2.289205385195901,1.1158945816175851,0.1382303557114799,0.07658637249102185,1.3696695102938907,-0.03631150367877112,-0.74058562036367,-2.9044897141605794,2.235130955416224,-1.1884652691076987,0.4266994782528677,2.835411991878896,-0.6733084490129766,-2.643136995584795,1.2427992435762931
6345,1.0788423977123216,-5.042338620160098,0.3245307535420707,6.128984184516469,-0.08001608920449832,-2.4100026264042738,-5.907427973771011,-1.442837608181911,0.6444292220275623,3.3181277748819156,-1.2030282437406394,4.590736828784767,-1.3622002787564274,-3.8869944251344517,-3.4886994338339115,4.203103159039532,1.3559763008197159,3.178814677866086,-4.7308537219284865,-0.72102098775615,1.7241405690530875,-0.21147359020784773,-0.511457162197015,4.4506648930345385,2.0219442340694265,3.8181568178153817,-1.695980384006667,0.2902749544657537,-1.5058129650500192,-2.928582657291267
6346,-0.547135923137775,-4.2046655367234,2.4223079011798454,2.346485467520953,0.9817606219842463,-0.9987525308218483,-2.6956028103830114,-2.2969134593988265,-0.9129097389849639,0.44165697576709917,-0.4450948888034665,5.908863921803839,-1.2913850022728344,-2.1052880006000283,-3.822370166239864,4.197418346666467,2.980571369723627,0.041053452723117445,5.33287338114053,0.6426322165552989,1.4830679188714342,0.00928231965955284,-1.8446168293569443,-5.623239006871771,-0.9921920612223829,2.6374723895502896,-2.0224154338488205,-0.23522716834815238,0.06237542695774145,0.5499868469139191
6347,-2.8870440910964685,0.611311741889228,1.5455592457720613,-1.7208665026230427,0.7731654386310618,1.6778741674291684,-3.7959885670161846,-1.7109032885662891,0.06321148765309381,0.18926135334806915,-0.08399550153364199,5.338414516115581,3.004311782904445,0.0581057920274759,1.4320608583029113,-3.298526897497254,-3.193647510455733,1.9976959747186314,0.9003292643913596,2.481106292002245,-3.286915926148435,-0.20337779270989476,-2.483216680735117,2.5920748431979774,2.3990248668468723,-2.7228276411418264,-1.6503253657084151,-0.7687818037332734,1.0730764831610742,1.669833460578161
6348,3.7334686104819674,-2.461223790549912,-3.9602077300806435,2.7283312932546337,-0.3622301509790702,0.3218617678750242,-1.3178488378043625,-0.16443728621689857,0.3931918304352102,-3.2322169863965247,1.0262294507781684,3.2950818292049995,0.7483580839746509,-2.8599939186534193,-0.6798761230185271,2.894158698080883,-0.4726627176759628,0.3700159772928533,-2.7895991804844833,-2.3370364853068413,-0.21340301062588551,-0.6802369953371548,-0.24087110457706373,6.2611467763296105,-1.6300907239088929,2.3857917032167784,2.6872822115882045,-1.0367349224625952,-0.7887537769239632,-1.6174944915069425
6349,-2.2781636211996386,2.101093805294454,-2.696683163676397,0.8951349295631275,0.7338526845351425,1.2447653654853283,1.5910978486123106,4.565379793847001,0.6300534576905736,-2.0431811169126437,-0.8612525824647079,-3.8820974007719293,2.7959994845469325,-3.6093252242524123,-1.4080635946761415,0.9897893617384703,3.3689394290694707,-2.137339456425847,2.9532826797498544,-0.6700022139987976,1.5802691539727185,0.07520090274026003,-0.6266674774754133,-3.3120830449904375,-3.142419934758294,-4.784978099304681,2.5624681734828805,1.2048712653529705,3.6640121933801453,0.49604640184953297
6350,-3.6174057787426133,-3.0958627699108483,2.4146017578410905,2.853147310797045,0.7293961507092996,0.7161233293080755,-4.603770870964375,3.749145228969674,0.20758800284120493,-0.35994152677250213,1.2255919726359021,-0.2186128067092845,0.9462026554120371,-0.8808729055917439,-0.9656456011708201,-1.4939558324918636,0.10851640027242127,2.285755283570431,0.5991882149451015,0.2647867368634298,-3.4329228100003135,0.6700217021134716,-2.8809761874168114,4.779902343493301,0.07019778792470532,4.352334999332001,-0.3958346531366601,0.9276521090110688,-2.6873500277219584,-2.2670002154066182
6351,-3.228486000077554,4.66165266939338,-5.197114724889989,3.569558864035063,0.6137054771528385,-0.41931628561170164,-3.614419192369784,2.145398947084473,-0.7928388330158871,-1.9593759763631553,0.5132207459757527,3.708014308689215,4.145913189716513,-4.0336336118409655,-3.9705428482829515,3.8513763128984912,-0.7075652829154819,0.7144522404248494,3.7968418881744057,1.330821755359862,1.4199760672454858,-1.0876514513671487,-3.178369278156431,-2.2816189812580276,-4.142453755943244,0.41307399638427356,5.19071032889773,0.06264772037198174,-0.5087203787265775,-1.0152579109816529
6352,-2.5895574967816586,-3.606481764760346,-0.7951266280008689,4.411525950845327,0.48868403738147315,2.0909559013181305,-3.8548013350284407,-4.984308044299425,0.8912715893146741,3.0694553769173787,-0.7812919248086319,5.659674337905074,2.570466673884294,0.17607689782361646,-3.7705013472220728,3.150783458984865,1.1238291534303215,-3.250654836900571,-2.017265004606582,1.0284920643964597,0.34688241657259056,1.065326405305714,0.4444560138143192,-0.8678918954843269,-2.736776590773818,0.036161030428282004,-1.3512212423510768,-1.0376076266965457,2.8395911359827366,2.2498532934129614
6353,-0.5541758034970297,-0.836953237790965,4.277097594478807,-3.5011173598766128,-0.11432544863540128,0.7294742553232467,1.8124855535618387,1.7250211027609303,0.4177771635073029,-0.8170948400375035,0.4612538059903297,-3.5994427857822444,2.072413859850979,1.6050488265963025,-0.20821891039708618,0.9531558701869045,-3.736388405899987,-0.6860112403366436,1.7631127910975266,-2.3276339059337,1.4586190831018868,-0.5555512681917643,2.976561054508931,-3.3151077545846874,-1.4654673380787244,2.799328066132883,-1.574049150914874,-0.07361769768269344,0.28597923146144844,0.02782688908450659
6354,0.9744497139386166,-5.288117619733068,0.28440919642702056,1.9762096932133595,0.26374589949969973,1.7893031166564324,2.9075058554630004,-3.7055354548081354,-0.0013839445720753574,-0.2616161930927401,-0.05399215715178762,1.11502189416235,2.1176088900152052,-4.218489643422696,1.2961160943549714,-1.261715574252877,0.7498876708117486,1.316592562494133,0.786043450502877,3.1580396470190166,-1.0414014151398998,0.5181264396093272,1.2963687322795234,-4.7171768542726475,-3.321429089858178,0.0298240229278548,3.4597650564916798,-0.47603021005658164,1.5983415981027989,-1.2904713776050123
6355,2.006215489122024,-0.20343246493584033,4.129137444825364,-6.179108952398611,0.6772764779405138,-0.430087994551382,-1.7394767837589278,3.668559984158449,-0.9818984274134452,-2.802975680800394,-0.27417453589038043,2.129965443705345,-1.6468037166186402,-0.08006840910835678,2.971940522454588,-0.879460871291748,-1.970579019938862,1.6049714945035056,1.7521068038908574,-3.0862789873740475,1.7857067377771756,0.4157779408716715,1.2154529354596555,-2.082765430627095,1.4614561326454663,-0.5506264233378886,-4.065558405476224,0.3477178470473916,2.9976971008171347,-0.1906862516933323
6356,1.7489853774992383,-3.9289957111372935,-2.0834923768596987,2.365478069536387,0.11568157719679739,1.7823430637666426,-0.732362891372631,0.3814114281789358,-0.38787199624978275,-0.6281232382346769,-0.0791781307923749,1.446124828471163,2.770191996191336,0.21266877178462096,-4.224818443497142,0.3303480288140719,-0.9122010455781897,1.8238106922858393,2.0457674505523684,1.8809402746513104,-2.918172208105341,0.9648567964877612,2.459599373444357,-4.432991687032217,2.023125321052021,-0.034321705807006,-1.4029811917817128,0.02282846584162801,-0.4430419114994244,-0.16560897780293793
6357,-2.8254498027716046,2.771678848337377,-6.127538214411853,4.794412459190344,-0.9047146451088444,2.2916113547666352,6.1598925541319645,-2.309808215301821,-1.0248420257883653,-2.631949444758204,-0.2669047236458866,0.0736118553629268,-3.3890316001728316,3.6324549320863007,-2.0965953910318174,-2.987987852055573,3.631127626138589,1.2100322850358722,2.737969057196331,-1.7427365864629483,-0.9885027695384796,0.9268478356206549,-0.48111475129564596,-0.4524627855216572,-2.776263383938378,1.1244714738611314,2.525993989293678,0.9820767934500187,-1.0289862168663895,-0.8272926557974767
6358,0.038563466630563425,-1.2578358192173198,2.1425920424230185,-2.503212256937445,-0.6679993179491905,2.2478918850524394,-4.374162924728797,5.4543724433811605,-1.0075099349753915,1.1641177147820159,-0.8617772041369953,-0.3750400943213883,1.6146433060421437,2.486324194914598,-2.2404527685195177,3.9527026253255713,-4.15139907894547,-1.6618182788167868,-1.4259443519632704,0.04982914100535929,-2.532229878410405,1.1708036650704488,0.846201090785355,1.8913403335107901,0.4749537897449052,-2.1245510985826073,2.0706907524495186,0.8418068376069643,-3.613483302178956,2.3505830209627767
6359,0.47320909219684815,-1.740003583789214,5.606855220783636,-1.1449992457935245,-0.7271713393121064,-2.467890144083584,-0.5866376783756877,0.036126372135647955,0.5705148181299577,2.6575633401699434,0.706171599596531,-3.3837384516557876,-2.6452367008476845,2.394034133486695,1.4620859510405637,-2.281114881707442,3.2389985810608977,-2.1687670830324937,1.3043739139880905,3.0140061047101483,-0.8510096663984612,-1.0426667764584927,0.20172144174690843,-2.6264250175898987,3.112754995266929,-1.896610445015277,-5.208783332353988,-0.09580860184141837,2.1215031241033913,1.966944259842979
6360,-2.145057580709791,-1.9871338470888453,1.8320361793031203,0.351804146935887,-0.0737244722780197,2.022075573839672,1.4700851352590547,2.288496144568878,0.8833398354904176,-2.5267833247293066,-0.37010000349343475,-1.745037787095022,1.7170996476588876,-2.129081703462969,0.033689780270840686,2.9931677320258494,-3.5165471628565186,0.9016717063644677,5.231015355816151,-0.7750249848796891,1.8215237446722412,1.0408745808090334,-3.170778156758777,-4.1476105396606755,1.1377770271657006,-3.207035450108677,0.5063813891295652,-1.0190796163781823,1.5027455766733162,1.079211073520888
6361,-0.6322992027825425,2.8242900733868517,5.769363508854564,-5.784461566345268,-0.09411753222866248,-2.0827752808829327,-2.476427453079971,2.4890543520796555,-0.07612942635246345,-3.416886701827048,-0.7970714369430469,4.277460666123439,-1.0949321047753227,-2.1938275112895784,2.339408400761151,-1.4857198464385277,2.1182101299966973,0.3168609317461346,2.112453194316984,-0.8503442015087188,3.2954262715558755,-1.0301091699274951,-0.2786689777118099,-3.248757116726555,3.0539896492802185,-2.5491296528201097,-4.616991274853007,-0.0964995206441488,2.489791301924047,1.7188394971156065
6362,3.5951727229177024,-1.252839752847585,-2.1603301340729644,1.3693680704679316,-0.058407862551944634,-1.4929630439111552,3.0867976345820125,0.8368129277802829,-0.28454277539924444,-0.04317100767491766,0.44250750864474586,-4.038404287932298,-0.5176842814305118,-4.007735412018032,-0.42062512673880903,1.9909016433303854,0.3177620940791819,2.637381082778319,-4.247334219787838,1.7503388343762296,1.3958419892550822,-1.0441713267169663,0.6917219218429604,1.453602801028829,4.607928406854594,-3.154187735455583,0.6294549218872483,-0.8027163840977138,-1.3577088031828648,0.0772295939969041
6363,0.5610468537263298,-2.4391775851853517,3.170212486568765,-0.924636987786112,0.8061746016595328,-1.1736193689811873,2.8283228491786403,-4.473720343648438,0.5504709070757858,1.5959247391416973,0.7219884047841179,-1.2229865565311826,0.9312296840009573,2.281309349611412,-1.6211446521317967,-0.38353589309675584,1.5094533749141483,-2.7173118632974305,0.9579566549535699,-2.422565755224669,-1.1529601289558649,0.031049338173460228,1.919404193113575,0.6671156979382289,4.662094054475784,-0.12183464646054176,-1.9702090076334393,-0.9662147475724998,-2.638718376416625,1.0348827236099076
6364,1.7965447235335539,-0.5823026141385448,3.2932304509855292,-4.818949232111731,-0.4250310163624864,0.7365076880956885,1.4722914842836055,3.392806830270988,-0.1491900096097858,-0.4376188008903288,-0.07042448983367144,-4.2078650142201965,-4.103224263522675,-0.5003634539930673,4.022137282364923,-0.353170182548741,1.7126096900112628,-0.777989072311172,2.2039513477210306,3.21273528125478,-0.9202436480940825,-1.1572470687602445,-0.9159356040280269,-2.423260308095159,1.6955349431481146,-0.7894551559094225,-2.0748838851891342,1.2237189201102678,-1.1832415577796365,1.1283267356224158
6365,1.0628032944461872,-2.89828674075531,2.0521518275907127,1.2551871934755638,0.17273511135296404,-1.6445906861080921,1.7227042527125178,-3.3662386368411674,0.07168381631501042,0.46383091329338555,0.5674829674059501,0.5405366871149084,3.757756963194254,-1.5547624123790857,-3.2707908039085645,-3.5750390783972126,1.3587073691582283,3.2841279623329243,-0.7486830473004673,2.640258669022053,-2.076676885821044,-1.0047789824484759,-2.6791175720545173,3.8689978186007252,0.3630979575042623,0.7174972639885979,-6.196789875222969,-1.1788633835524038,3.2636437831292078,3.0314142541558873
6366,2.9522907746053164,1.0421018635378374,-1.8104915299484645,-3.4937797468773653,0.7840878925297199,0.5257907461550175,-5.251755962197894,-2.8822889673261614,-0.5571686902698243,3.1098370889434115,-0.12901365724659541,5.710390188097662,-4.247059319631649,3.9620368027370816,3.217184881472569,-4.207140990531467,-1.921942662080335,3.1969212880343143,-2.5648873179950904,1.0727551827432809,3.5869109001813158,0.4036516211274437,-0.6703283684186978,-1.8281020176399707,0.6089814266368201,-4.707967814107274,3.3406193245026756,-0.019870525354295232,1.0046298043807695,-0.2263922160560874
6367,-2.0795984089782387,-2.2457184809594573,3.1434061856596145,-0.9648435627742344,0.4468951958539882,1.699859071200386,0.2917407866789752,-0.9970851906436948,0.8768683014164393,1.6764628960087329,-0.9157439791735813,-0.9322428142862442,-0.7504779163828204,0.773209532166085,-1.540171203368267,0.6603880651562264,2.97755621195709,-2.1205046895278006,-2.6289310325198905,0.014555989263259406,2.6660585106532544,-0.23143266250890804,3.1277444919199517,-2.947995296809406,0.3110337194256978,-4.767117065402223,0.17484073117068633,0.845127897999645,2.481754016437165,0.9543607003716232
6368,3.5525437546195597,-0.697453203442425,1.4363522217672902,-5.398767052603663,0.46314031179289117,0.64418396786842,4.743854121149315,-0.13953679819393372,0.23672096128649667,1.9704815777620404,-0.939790274771334,-5.87172958723194,-3.554267030418112,-2.1267760144103125,-1.7983967915385453,1.6817832853785788,4.2395617328961706,1.5580948180927194,-5.355515082283851,-0.5556564399930206,2.0522691739634418,0.10428764720439965,-0.6033291877006768,4.357943888807938,-4.436310317641828,0.8833624169777572,-0.4519313473585811,0.8591391732370974,0.4531351116716227,2.6926049631165334
6369,2.3027718573908587,-0.3107837151723274,2.8803598043526684,-4.468836759262594,-0.09533003709205468,-0.3081811502145051,-3.56944606319356,0.22984298264099934,1.0139279121800673,-1.3754010880325094,-0.569249188390776,4.270325444796402,2.1594721988927397,-3.6329231959710313,-3.931814228993412,1.513273140119427,1.088943357115678,2.8030487288371013,2.1283450669989605,-0.9825521283553815,-3.2149843516695267,0.3279166394961628,-0.532153698426427,2.273428471954425,0.7458817074582171,2.1254938371868306,-4.68717334043788,0.7410086846445383,-1.604850158060195,2.6796392692111084
6370,1.3143632698853303,-4.918697942918396,2.405321373969027,0.6296052924879376,0.0711195358550869,0.4982884707230788,1.8696112285675142,1.4461718819776834,0.4741911074486822,1.302001757823561,-1.021040430018949,-4.070935545797862,-2.8900663651861667,-0.6278798777746246,3.628642673078744,0.6296357306329554,-1.813066406546719,1.0727342457963012,-2.1214420181481515,-2.560035454079367,-1.5806501122628767,-1.1462590029809747,3.0169356132882044,4.391450974181364,0.5185387111354522,-3.3708191956347555,0.47748055470786,1.2445483217116262,-2.339792016725392,3.4700436248078503
6371,1.4859084638519846,-4.458560929359038,1.1837448684754612,2.5961104404958313,-0.5342842974874458,-0.27291854597473986,-5.005519907303224,4.290336322541197,0.8667488699571271,-2.6537307973928446,-0.6407156676718779,3.142881179870251,-3.7498432235650956,-2.8858331609657295,2.2520159083923232,-0.11847009804703035,2.48465486568125,2.0174757085047794,-1.4167367796532488,-1.4389241483175947,-3.1516212285097502,0.023597055390609967,-0.07722453706146126,6.060909638149653,-0.3172086745080662,-2.4800557380383026,2.3975123138813146,-0.7300219614055496,-0.45904353309406254,1.5888175931672919
6372,-0.7404402702968227,-0.3104663705076973,1.9405348624778362,-2.7080610435051007,0.7789938581904039,1.039438963643434,-4.4396856968442755,-1.9440432436129775,0.8496061451998473,2.773671118832482,-0.32023645686171154,3.080688133287275,3.789942553010789,3.2508091279356393,-4.033463212060298,-1.984527899742666,-1.4061563363834644,0.38339576724050417,-4.300577758439307,2.6911848931839657,-0.634328656341907,-0.7012812854950798,-0.6704719257271936,3.6154747328177663,2.7015381453636564,-4.405256772734351,2.0021737512402424,0.8316740065238255,0.6401083631494302,-1.7702374935401828
6373,0.8603655042139877,-4.217359799673389,4.031564913851565,-0.23074785125090713,0.7988132944859379,-1.242636061625129,-0.6382600503975588,-3.2269262902649842,0.7081239721569332,-0.6669851469500649,0.7725974407719169,3.0514500746843716,-2.2781935516366545,4.079504723824208,-3.6907110519528743,-1.5321550254382341,1.2433177747367452,2.178237130467327,-4.213381756272469,3.4019463216261983,-0.4007348825661605,-1.142070679442114,1.8337490787577533,0.5204919178950469,-0.8903319405735282,-0.65485856421747,2.529040415517656,-0.35406993559343025,-0.15289332533335553,-0.4768866497972404
6374,-3.6845622492055057,-3.7607914952795234,2.4985037405342645,5.004921155534067,0.08309681251225598,-0.14116796409347998,-5.544905038784126,1.2946283978904845,-0.5716611465925681,1.0649763024349461,0.44513085633066574,3.3118306287212356,-2.5626759170265814,-3.871658688840558,-2.223259573471763,3.356919167792178,2.928331010350668,2.3723440011965593,-0.31187885040652574,2.212747332216278,1.48930221143193,0.6176438903300072,-2.626699146227157,-1.3811154373462884,0.03907225680038806,2.6163061882901495,-1.1276292860911354,-0.5009772629923068,2.0430048567255383,-3.0697767527300304
6375,-2.0448595753898964,-4.824103607616809,2.8467504079498127,2.5021732723455656,-0.17876346251274433,1.698802965226184,2.8926711677749353,-4.375391444454841,-0.9473139436770799,-0.45183864651402317,-0.5222277394555839,3.4041006063272157,3.566456757197521,0.5927611962971575,-0.8868735998450497,0.14308357667134786,-2.913305774827057,-0.5021221554934208,-3.3587752297113695,1.7005489496743014,-0.415301458270088,0.8765803365971072,-0.014659867291074491,1.2116072689993764,-4.126634723247058,-1.0929620044237716,5.870374545067147,0.5766061600765937,0.06061624006181887,-1.2880002175321064
6376,-2.7097780125620883,2.848038562937173,4.2631307133084135,-3.6264602039696676,-0.8521213791640991,0.07719031945238086,-5.544961632816296,-0.4592160938499035,0.8112542298792977,2.8455692846746388,-0.4281003666129459,2.7754545787257996,-0.3317598417301113,-0.15104104188723966,0.18715312581211663,0.1268324645934058,0.8462612026205782,-0.6774459094082559,-0.38706358030218624,2.3154883318647883,-2.4857566421278303,0.3495440669560592,1.4265566388253355,-1.2187688152179526,-3.3968085431499624,2.6826548595857,-0.8997112200938808,-0.04042372215672785,-2.0393177872606394,3.6936064130781077
6377,-0.6869576224245719,2.4246809375612557,3.131417573905253,-6.0093466836602225,-0.30763817867652077,1.4478439732969406,-0.051170791301984764,1.441167147454319,-1.2491743623667495,-3.7234919115919123,1.0817769276969793,2.500892990109925,-2.7156058230369684,1.7399018838625224,0.3968430378060894,-1.6620160144604803,-0.2415673063767656,2.482444222206137,-5.3014273277075254,0.710323092274594,-0.2766516832395851,-0.2692684537916996,-0.2143121844856637,5.351336556948091,3.1797890311600483,0.44488116435142544,-2.4255092187136746,1.1584324422716232,-1.3113787795148024,-1.046214639552014
6378,-3.5606943495831818,4.913325371112478,3.695618475518625,-5.936581794444191,0.8386786162968702,0.04965368110156021,3.6672253589043606,3.09623982392171,-1.0320612118435935,-3.371814683317668,1.0830472664055621,-3.4426365540697965,4.208222007147555,2.745184702867064,-0.7974141829725454,-3.516080539145742,-1.9795647743190958,-0.6603472135766921,2.152131617616085,-3.439912721864239,1.657849483253397,0.2108856180685228,0.3253420512298746,-0.9062960483054248,2.865623979665365,2.606306629700658,-0.00576056360008792,0.6918279475414639,-3.364403343264282,-2.7935946500405127
6379,-2.8217741842208834,1.741735770116339,-2.140847229086244,2.6140050753239166,0.9892859031891845,-0.3824053353201595,-4.172281079245195,-1.3642087124727489,0.01574889471600649,1.7867728906067057,-0.16493617972059038,3.8989041861163685,-0.7140811145660102,3.696465820286779,0.027140352686938485,-3.5341272146307166,-2.9592392579058675,3.4838414141294436,-5.153382720464478,3.2731496056535363,2.7088987598352716,1.1849699349764018,-1.1923093311874702,-0.8213262488150441,-1.585177618534452,-0.30449129426268584,0.40319366295025816,-0.1340959976592746,-1.204805347522882,2.8253765950316385
6380,0.5410996504972818,-1.9940514119845894,-0.1380081648339555,1.5594422707623536,-0.6901371052936334,0.7216547608546904,2.503618775084213,-0.43821190246068653,0.004794054971986483,2.6164747775685804,-0.5018771562266853,-4.184798548936868,3.600165774229417,-0.5776622522216783,-0.3268244345867508,1.3912829859851144,-3.0299896973737503,-1.0569723760318137,3.425004470980351,-2.896696620726928,0.04433589533082838,0.8061883792005116,0.34594924002287897,-1.7247813648093953,2.6470958506313913,-1.4331382088639977,-4.897119094162587,1.240813651526799,0.445366249762726,1.9969815511082913
6381,-2.090139314476355,-4.051145400795953,1.9913634262745674,3.7099112904015925,-0.7068297357240945,1.1468397343223806,6.051460058886168,-5.002175178391052,-0.08647747628178681,1.932935898305633,0.040046216569599835,-2.935789519088029,2.5754093891264382,-2.461737268282059,-1.3285112264491818,-2.056172091066623,4.239918692568715,-0.968907495896735,-4.469239394824221,-0.48635688784587927,0.6430283780926693,0.173034964413457,-0.45996501933304046,4.59949795949527,-2.1563515789098027,-4.7017203718988245,2.995838314267278,0.9107499164104524,3.515500008405681,-0.5640162882721551
6382,-3.524168034770856,-0.7752585260440874,5.602619705941105,-2.244094752303482,-0.3413231365187137,1.2822247436981513,3.971997791971532,-4.468292919486615,0.2239282154523572,-2.7384603007121644,0.664394983299113,2.346432229476328,1.1471932861579859,-3.3514434597340035,-2.39781467680697,3.863692999970148,-2.0310611035392316,2.769432953952613,-4.157811859446298,1.9001618782931047,-2.0716941086825233,0.10205911472516327,2.741006277255993,1.4862786978528213,-1.49906130157105,2.0594031278196816,0.8580524894448054,-1.0644132436984917,-0.03213124342648932,-0.32184982856583133
6383,0.8705467809327203,-0.2662737036841385,1.6875106825855575,0.19357082829559857,-0.9448672142234977,-1.5404873739040923,4.057735276299713,-3.1052861158995313,-0.28958430873415963,3.6253430269693325,0.2602645366556322,-4.5484724152904406,-0.776979914561192,2.1887222751744098,-2.1598483919040454,0.3783560857329,2.2870445653222404,-1.917294619763764,-2.9404662556978884,-1.9272562312775747,2.4730448887103194,0.14939556701429257,-2.5478647715669673,4.793146802816054,-1.8200193745450655,-3.8335072422982037,3.550067719317024,0.8239713580983103,0.6255646495998093,0.6539228898307439
6384,1.1513402893076368,-4.029614979160563,5.722172024664079,-1.7687200907078022,-0.5672325675314247,-0.5079446765697799,-1.1537453621850418,6.122056710811396,-0.10726740111963728,-0.8915333579274858,-1.2380944632328639,-2.731416126345824,0.8432203934403013,-3.547180912927784,3.877449966874746,2.619897343586306,-0.9873399869848996,-2.8060468039881137,2.7287631325249784,0.35955497383693924,1.0865454088701796,-0.558685390715139,-2.8649832638050423,-0.7511948607136745,-1.2096655462731505,4.292685337658568,-4.317716061989223,-0.8169521336081562,2.0760443328294507,-0.02439592861484563
6385,0.5807236286420423,-1.9723492882010234,-4.937094683367629,6.089948276006961,0.42807985284400196,-0.18930778592217656,5.987723325882921,0.705230906176606,-0.32238994629707296,-1.3735884338197657,-0.24052183386911352,-4.756454018073036,0.33964041064770356,-2.1200380553987586,1.6200250278035924,3.2555037772517714,-3.211143096896741,0.11601193659299547,0.12473358516413313,2.506846116332543,-3.5208916387898146,-0.6355729654366113,2.9130642278644316,-1.3881793251364627,4.444902804553475,-1.793677978136703,-1.034452770354651,0.4098725844552815,0.8175605535410906,-2.844205194055844
6386,-1.075057565589919,-5.2360653098247525,5.87452137263876,1.681803340738643,0.32607594218853864,-1.5712777801490905,-4.40628124274523,-0.5828770409868014,0.15109813705563102,-1.0536079705589678,-0.3175359405989724,6.209204057834889,1.1467166818517391,4.038476308821597,-1.2126454960958402,-2.206855986470721,-0.27289562406178547,-1.4927958840444369,1.2279662793419348,-2.816476949350303,0.10270530459933269,0.6103469072543621,-1.1289280160954398,2.0043864742483564,-2.483631188869495,-3.859458048707399,4.802452034532994,0.19870585615928782,0.7756514662371021,0.5662798806501286
6387,1.540016418492339,-1.841914867828983,0.5312502345557597,-3.2305578663358077,0.6511398739152536,2.35006620720365,-4.054211746540165,0.5487693189475991,-0.07509335499269909,0.3107850878278242,-0.8510752363377447,4.120825931095737,-0.07768169524657864,0.22096452525864763,3.4952835091607035,0.8658895498179007,-3.0680709255635747,-1.436384963426537,2.1687201563412657,1.2210861153235903,-1.1322231668873464,-0.19380611964152727,-0.21514471618008635,-1.848632268957651,2.297860515636142,-1.8621604742374664,-0.5550517796180188,0.060773318547314936,-0.321479476999162,0.38005789667383105
6388,-0.7593343625101081,3.298100478195071,-3.867527791551531,0.8537696051395507,0.23678635459218444,0.23820571613703834,0.2813891972460034,-0.1491681853972402,-0.7358716360253501,3.577224637821729,-1.0147343140548202,-1.9588396995897988,-3.0331956399166167,3.635148085777825,0.5310805587818308,-4.026986423519878,2.27842136934931,0.6155320495280812,-2.7490441166092197,-0.492504640354138,2.979760379544416,0.05112212298182772,0.18998021990606517,0.020686034529290964,-4.174731411461208,4.94430620686861,-2.193389226396775,-1.0923958613429723,2.164266752736758,0.35194353959824376
6389,0.599970580132462,-0.660618794132354,-1.650784668463384,1.9526083793403899,-0.6011464750826851,0.3599709782077891,-2.0471640047704334,5.926719537533664,-0.7348080405156932,-3.0162981022123585,-0.8854763748786878,0.7570269848440105,-0.4091327248067316,-2.7352729841039896,-0.054432186541589545,0.6821370242709612,0.4209325809465696,2.0957682902353056,-4.611763921548118,2.547838364711737,-1.7016767381932176,0.4269240177421718,-1.5435859951658877,4.882264272451579,-3.211265084046154,4.836620437729941,1.757196623449012,0.3830239464210967,-0.22272827770159687,-3.5428476458496334
6390,-3.2393632969437416,-4.529830542006071,5.564470656923088,2.5576557183838453,-0.5460992506013962,0.19316671424652476,2.1733904757305176,-3.0273006299690515,-1.0146333162865413,-1.5790096429352598,-1.1652071934519257,4.612760306912765,-2.9446328154480543,-3.9183320621500446,1.4049837006116732,2.299209558114409,2.5547016197973527,0.6040699990751897,2.274393992185882,-3.225941365977267,-1.4869345054643865,0.6716233058717744,-0.11748917252872992,1.8843477459109756,0.9471840451562272,2.0686958106915796,1.063823423218011,0.14554538221634328,-1.373625991677205,-2.851622669602266
6391,2.640637800313847,2.2725385636860693,-0.5030315282145601,-5.557917445923213,-0.5805321326389381,1.728304742779061,5.675754392242048,-5.597264943696992,0.807496697032323,-0.5224523054625827,1.1902819922777974,-1.5538158323920825,2.025931056547112,-1.6097856886359114,-3.2233315193169876,0.36599162442383815,2.883233575386317,-0.44203904840383146,-1.8186880186992767,1.0963243979474182,-0.4557224846392369,0.2619470078874224,-3.1034928913177584,4.019631988819665,3.7874478646028678,-1.4456181875099858,1.278589917606304,0.6892733655591003,-1.6347888124239383,-2.6749041478316826
6392,1.1865164419312855,-2.115197461622113,-0.17880753666887372,-1.0665013808577584,0.10087258010355526,2.073117357116212,-4.517243422574047,-4.535942105274536,1.0662418202527224,3.54702818935165,-0.03305558711237655,4.472971105357093,1.8037809325603789,-3.1315413343730416,-1.2749216622444273,0.6339275005689693,3.448861920966955,-1.4801073574783103,-2.758388879058895,3.349880438543096,1.818311130041323,0.3658007900340987,1.2915424065210335,-4.067145886082429,0.7623800797091214,-0.48037687956886543,1.359990989315719,0.3772629763742925,-1.6076872387343428,-0.4115699270932538
6393,1.1422102860161765,-0.25483537206600815,-1.6953045867135543,2.6842240322444475,-0.6664616725016344,-1.209832686977112,6.230949803002588,-2.960353833035615,-0.29183453914539914,-1.8634919303136712,-0.7679649498944894,-0.34730455061290755,-2.087424909287833,-2.6377893705981297,3.406481920128492,-1.0967118588759721,3.262780132278195,-0.8473359136442227,0.9963204346964503,1.825860450360775,2.875105459022997,-0.9269546116520475,-2.24066785383026,-2.5296638785996493,3.6415457564218556,-1.5430449793307446,0.8267041817966252,-0.14797576294911607,-2.338665879688138,-0.43856331624780864
6394,0.15094772103596554,1.8527637352759108,-5.950015589203225,2.608672748924345,-0.8788219470656817,2.216453331035023,2.5004276342415395,-3.6712901440696903,0.8069384559529338,2.6523933350514177,-0.4166977358961139,-1.8717715452796,1.4742992389296212,-0.8733601364365349,-1.6246439421827876,3.209683863585422,-3.941023731910038,1.7550447080148395,2.0881653385818737,0.15116449583903524,-1.7255224254124535,0.22266630489230987,-0.4669523747967972,-0.2695213391057223,4.124754507857439,-2.523351634026362,-2.656497702902751,0.2483033217727737,3.375398153831597,-2.568606646530041
6395,0.8201673411835593,-1.7865773875740771,3.20894837364024,-2.568848349404334,-0.16996390185510402,0.4962739240120584,0.07479480712747133,-1.838037599091578,0.3552613444500281,1.0357013936894859,0.07935710481396807,0.2929229490111176,-3.0490413979938733,1.627053329031682,-0.3149262131696702,-4.036055009193326,2.732377881437664,3.0405914098880658,-4.681213290878475,2.51158108231715,0.3412501118280069,-1.0250141383559828,-0.03162012081739185,2.885016355904934,2.1788215705729606,-2.8018547663322657,1.4103458604526544,0.3124009916735311,1.3152888369190805,-2.4150024932833194
6396,-3.066850163807322,-1.3509589086830687,-1.175536683007973,5.91136524939963,0.9260733278120492,-1.2440928217109608,-2.1135015664088783,4.577890600831033,-0.09523168312551977,3.1197867950384293,-0.8120340553358574,-4.67691009099871,-0.20617999336219484,1.6785772303415598,-3.086314633925907,2.8335350123419794,-3.93897969657411,2.7193620811792627,-5.4407591880515795,-1.2557934024909017,1.4991784043472158,0.15297438168711075,-0.02570307856944254,5.070102883075897,-3.004023652729277,-3.8461338143518766,5.405297052409015,0.24045691777822942,1.3556593158214838,-0.15125581892493756
6397,2.046665367678415,-4.870060273358643,-0.3464063168973226,2.422008433477849,-0.031684700463070925,0.779477489565112,-5.188474806277636,-0.5636078246656808,-0.9578313041427,1.556595171762286,0.8695346227525045,4.283784140571729,3.5374959420238667,1.1966426762226838,-1.9660805947818094,-3.8644582421592464,-0.34329464084757433,1.4396948595426515,1.9478404618099106,1.5435379799538893,1.3193429576283826,0.0965311251702996,-1.7962360267595887,-3.111016497804627,-4.4332644601914435,0.5580852793867201,3.088533957295045,-0.6237334550061888,-1.6065222263156667,3.0169009048341344
6398,1.4283294876672272,3.4658427054803873,-0.8083355869621762,-0.9459651979901338,-0.9557815259749198,-2.1840898822180614,-1.431480008558399,-5.286260060335376,-0.782817775220555,3.272469238510954,0.6634898368614346,3.564598768742428,1.6292132223740943,-0.6921010895928035,-2.4306430079428516,3.9712536257130573,0.4991716397831212,-2.9768943903340723,3.433582263545084,-1.0545945928719895,-0.585547863094197,-0.024772862682700847,1.4824802207545194,-3.251147165652487,3.206142869438107,2.6978568168554737,-3.3542367540970517,-0.9031261365213217,-1.925564728224339,0.278927932551742
6399,-2.2442077132767224,-2.9671742026904404,2.3162381749558243,4.501382150403817,0.5870091900896974,-2.1932475994798644,1.9213882681382728,2.53093251729765,-0.6795275091174497,1.9182387648751238,-0.4828662449545069,-5.208165796238603,-0.4645710535616736,-0.3326283742804037,3.25487670646519,-2.0172843892164174,-3.08889449463239,2.648501605226226,3.338762794565085,-0.22583549265976188,-2.115290496599709,0.9852232319993481,-0.09182327311905603,-1.8910367641876675,4.745820581038512,-3.0413670005670816,-1.563968327395564,-1.2432510440382458,2.6956694790619373,-1.5929036880969285
6400,-0.6281244771437393,1.5323682466041575,4.0907230159319745,-2.818302714726318,-0.16984216252932627,-2.006821908134447,2.3558394868288666,0.8092460062575455,-1.011894117907986,-0.0062141660586636505,0.38985225435836934,-2.536829463477641,2.1361181800596967,-1.7794791929876705,3.4174870552612298,-0.9604453711960232,-2.817768077987271,0.004087406850622699,2.7291074233469885,-2.6574013234589486,2.1623163613750265,-0.4599277554058485,-0.10601339271734211,-1.6680813131416272,-1.453651957051413,-2.417253318587889,5.437846407989344,0.3252481595704513,-0.5085453367891919,-1.3836439551286563
6401,3.638127942161347,2.7777475935844613,-2.0792414836251467,-3.095732293247682,0.6742141357294105,-1.9151158946000493,-3.9625758002333384,6.074475969201792,0.660544035394059,1.9862546179602951,-0.5996268094976216,-4.159072012824701,-1.3733275339524589,0.18530372838257136,2.0505659509570187,-1.6527627880771227,2.103179492603971,-1.3129588499134055,-3.6665197606487183,1.7091316499989997,0.3589083544694702,-0.8902997435999191,-1.9464500498531372,4.435229549631586,-3.928715770036167,-0.26316746704310745,4.048858237864099,-0.05033086218079941,0.829144876848968,-0.635789015450337
6402,-1.737775059598425,3.5555744949476846,1.1121334879430549,-3.5659956189491098,0.697961374893449,-0.06189867923432146,1.3539548619677078,4.6319437800102925,1.219190821499609,-2.0653323970609776,0.23032747971597978,-5.37008454613213,-0.47295707795374753,-0.8121502873205131,-3.4802653329303936,-0.4402379282259794,3.3060906679435647,1.8995199584876232,-0.3883637248421543,2.9774163297463296,-0.5665533902612463,-0.2263843054912673,0.695746349552536,-2.491861258705921,0.7664376802363222,-0.06225842801651993,-0.5190862457875625,-0.3127760033907485,-2.557559141369934,2.68524213833107
6403,-2.1345420392768837,5.565823275180907,-3.6537213096824175,-0.909429344826119,-0.33990622437338347,1.4717756429802211,0.933562328999642,-3.675467079088996,0.5372817969317296,-0.2908224595085276,0.46563894941163486,2.02980646325501,-2.488991648187305,1.8411196207578868,0.6629956447595937,-3.4381632165334413,0.8599512810887227,2.5630883181151205,1.286471289233365,2.384083790028015,-0.36654942782632105,-0.6550140430226046,-0.14769220083634949,-2.501299407577836,0.40900387482821543,3.9034692215457234,-6.137029219727271,0.25466481141183106,-0.7477806640499871,2.3176719759940916
6404,-3.0157969771693462,3.001634500761096,-0.010299592876389596,-0.37172269549013137,-0.49883183910041806,0.8950166038775045,1.4700475454135038,-4.182566596513393,-1.086461404669305,2.618154787643217,0.8544145354667592,0.3264111326596755,0.7904146920900246,2.391936368055017,1.6776492228826,-0.11233586490213199,-4.026947680557738,-0.7207167375672086,5.575640285711184,0.6345490635049114,-0.6677538867763353,0.06903359402809528,0.018757849812494953,-5.630226906282054,4.565914088737081,-3.0068822650189198,-0.8774352290460108,-0.24350233187647063,2.2157324407847163,-2.6538267035777974
6405,-2.1635355772440157,-5.288837691136617,0.8100937996387998,5.537581424064264,-0.3128249036266799,1.4175229483065088,2.070647114541302,-3.118965270544514,0.7339469101572398,-1.5040635969003375,-1.1580879971565095,2.976522839903243,-1.7448157421675816,0.6099445379079249,-0.17717475975945263,3.080850518708317,0.008318879475201157,-1.7771234341638618,4.937297864151141,-3.152273127583225,-1.6530401248335274,-0.7109274000749819,-1.6156284092266215,2.1945711975655193,-1.556468382471472,0.10951409599107365,2.718555930051327,0.7423549707169137,0.4271157464933406,-2.441072360778607
6406,2.40043604203575,-0.8564243350782057,-3.625835358909626,0.8088316557563253,-0.9248151386220893,2.1978071348201027,-1.3781620487494202,-2.4087342015584667,0.7413279183885786,3.335008516809996,1.0989275444306905,-1.3883677293209615,1.8605256482476022,-0.629828520134982,-2.9798391849298884,3.0369351814415815,-2.8301870684692023,1.5423939438454468,0.24222407439385307,0.10444075570593903,-1.1480681259007586,-0.22957557937850392,-2.276310872832875,3.3072897480106747,0.14294103809479708,1.8137985949966122,2.9834051152080754,-0.03282374189497972,-1.3952357485320785,-3.512085257869872
6407,0.5738400854549379,-3.8702335993694277,1.1390136320807365,-0.5365742162368932,0.9235661030522544,1.770387995020636,-1.0588822821718544,3.7733787059360075,-1.0226809308379865,-0.035145040845062425,-0.0955628635250001,-1.5611075885556644,1.1694958528066337,-0.5777738843560947,-3.1019625906205484,2.7656522354891244,1.7153093415852432,-1.970720954903797,4.830909072650638,-3.3489544212504523,2.6503634455847873,-1.1155394462491737,3.0732816765824396,-6.090060327319929,-4.2946768021134645,1.5217509047536204,-0.5637815027431969,0.7723960131804279,2.0870770704748622,0.4772343164502715
6408,1.0535841102760877,2.1361185338181485,2.364395926784564,-4.495137279917131,-0.25025260471692645,-0.8087086862425252,-4.494400233051717,6.020998744073143,0.9000707991971666,-1.2132781360271885,0.26946933412737284,-1.4828605083182858,-2.9523758664245427,-2.190488635542378,3.7917933696964248,1.161065639388859,-2.425442421593477,2.6154479144757303,2.747528167624125,0.2993991034701775,3.3409475012944654,0.7862418791880081,-0.5176943412271822,-6.656422310351271,-2.9398878513799325,4.894074731080792,1.1825214952718852,0.5487578563373683,-1.7534277176784308,-1.9320385136291378
6409,-1.9040335520989036,2.51392910163937,-4.034274514516245,0.6925891891653926,0.9406162067417139,1.7911735690708959,-1.609436403411781,-3.7759945696156194,1.1193243039526468,-2.5732617712581334,1.1549184807236177,5.684449959609783,1.3988548098701195,-2.4533986813631934,-3.0843406313733155,-2.2422251069163543,2.760519891412841,3.620589718370507,-1.5473268738223354,-2.568993396274781,-1.10889535545245,-0.9167067983273549,0.7326043048444824,5.409318119030772,0.43003619038194074,2.809414087211902,-5.968127747997826,1.047204578096907,1.2095522218526362,0.4719206704569867
6410,3.088962584755876,3.2980342138147236,0.2997112597480971,-5.309270562697552,0.1441033576772539,-1.5215408532961767,-3.03228303984703,-0.8568419499055437,-0.6168541741028317,-2.5181139466540685,0.7750413498120308,6.249051760697981,-2.046864550690861,3.8176696634983998,2.886632202074029,0.0036185985409247223,-1.4827327199611045,-3.178323193460809,4.683053756315761,3.4387843879649296,-3.959190335972435,-0.24049473748540073,1.419841444370105,-5.341994515194656,-2.9882425486452,-3.2136701248941293,0.9668833303845794,0.4800637478947838,3.032448865538157,1.7225167297243438
6411,-0.37010743050952577,-0.3399622269993756,-2.016890600688324,3.625725439469665,0.05919207918880742,-0.9579572604590307,4.177705580529302,1.2071509662270614,-0.7302134128431961,0.6223350787450244,0.6956798088462817,-5.972658021503928,-2.209523529435966,4.1893653581790495,2.6349099304358603,-2.056789307989808,-3.092349375921506,0.5343869247329529,0.5603862515337212,2.0491804623917176,3.795054136560765,-0.9782090668939052,-1.9551827074572898,-3.471229076136737,0.4369489230274475,2.9350241167183455,-6.163324887811328,-0.21433654364239096,3.2905538434050534,-0.28486545169460165
6412,-1.1041431369281458,-2.1236393682318457,-5.7592736624671375,5.984658715184906,0.9963346539559783,2.0060627984884665,-3.1139839490834547,-0.4743220895418254,0.904555906335764,2.668458717626894,0.45311663132419966,-0.4378252166610679,-3.5470550379380583,3.3144246799971313,0.1932298574985758,-1.3810228639149642,3.456033351621791,-2.035609987263907,5.13206840127469,-0.7323479823855532,-3.3149298361753257,-0.09110270214109928,0.5090952216122471,-1.5027831021866938,2.954635759892927,-2.610385146700146,-4.823139792701792,-0.15526941920555082,3.309485639381954,1.3246729593351176
6413,2.938853725576198,1.7998463935493483,-2.739848419284151,-2.2213538464409837,-0.8377244367388972,1.0602265833407145,-6.1661185837826835,0.9338611101402634,0.3541392852430709,2.680494112247743,-0.40770087506310304,2.6053249512152092,-3.738342929949356,-1.7482215182591538,2.278245510329029,3.468950125847723,3.3173525348814294,-3.5779837228491225,2.9993840515600887,-1.4824168705775875,-2.3386500192483943,-0.029852436961814277,3.033066447526277,-2.1815311723003283,3.0557822553232015,-0.5419000483872871,-4.0933744489704615,-0.6767673595151962,2.3439399014494704,-0.08768029989721171
6414,1.6261027313126846,-5.193204189687243,1.7894469765162064,0.36561962952224647,0.06666695552838364,1.3453678968099414,-5.190718500131705,2.8830006145738416,1.2433854969162628,-0.9213253342167533,-0.32164974347259,2.3073074663315083,1.454225320233789,-1.0755428951540829,-3.318738254492308,-1.4032536006383385,2.7354560807214874,1.6078533493300249,-6.024571369591488,1.383085077933547,2.31434281610046,-0.657447480320891,-2.310358786357101,5.29494974223369,-0.09361689726355849,2.895379788387487,-4.541102732433995,-0.7874341496465123,3.1620121614250642,-0.6352381704659447
6415,-0.679556210570178,5.654372781361012,-5.3731339629854595,-1.1057000256580878,-0.13191307098635785,1.6359304888412964,-2.41951996697653,2.0629122143573753,0.021339333930703752,-3.5102534944739876,0.6582035249486875,3.187318388214308,2.937058576702036,-1.9184301948419353,-1.1787234105258442,-0.08150001609477897,0.30413287291344915,-0.06253782815232611,-4.646044615876093,3.121756066077392,0.359692128306456,0.08075522060029439,-3.0512227611755396,4.135063962065676,2.400181322190978,-3.289914874916821,2.623785225644241,1.134592132646226,-2.5962351277191154,-0.2724086778429662
6416,-2.011589614096966,2.880485629544367,-0.5265077153274049,-0.43662491673586246,0.7703379304866691,-0.6761013138686032,4.40382411486808,-3.801822054597068,1.0522303440379988,-0.6957968660330724,1.1015774658331674,-2.060013004108555,1.8865729649902185,-3.0652030415651517,-0.5999679865303982,-0.04721212907726269,-0.21698415252281578,2.042794344705996,5.497528217705316,-2.89462235666344,-0.34425403031763757,0.6187342528298885,-0.5835578165752704,-2.293828266980668,3.991900737886965,-0.526423230282056,-2.1982361210345545,-0.9343224405483754,-2.7072409505343504,2.3743220045149265
6417,-2.942643752419878,1.7177214436749644,-0.481887569979186,2.048650653556365,0.6952735426611563,-1.0371143174912199,2.2180160645654894,0.6404381283233143,-0.9936385101607881,-3.7130272728819236,-0.2510641389863437,2.0992757291407997,2.2905458306790756,-3.9716716358209165,2.3786310076264456,-0.7743263114701691,3.5617794097548945,-3.4849583007687404,2.785930697852848,-2.226362837680087,-3.289920140062012,-0.0311600045710394,0.7170949037026713,2.044417380755803,3.473867744088267,-0.25623056627186713,0.3323598796076084,0.6320934084570453,-1.407212770451837,-2.774877695426694
6418,0.2897785751919031,0.6832822762896562,3.9583405145202306,-2.079647429754033,-0.4196746937783735,-2.432079242467192,-5.643349187313127,2.91694975255286,-0.7290868169572606,2.575562652535691,0.8488374240510348,0.03108617513131051,-3.804277882764202,2.5340702994417903,1.588087264500846,1.3772106891144098,-2.6673811467592117,0.9722907764669415,-2.199491827916294,-3.3563103756504127,1.8521274154898073,0.609102307773739,-3.061678610714523,6.156251091015868,-1.6755443398199361,-2.8563088950582447,2.5429056304215933,0.5690609493738386,2.8289677365522863,-1.4090810814670007
6419,2.4721042980684267,2.9216030218632056,-1.7154038021767697,-5.7076525987721425,0.31723273298646326,1.7121163480329997,4.680272367970915,1.9420159424556296,-0.0060121006264095556,-1.000064059222833,-1.111378644767032,-4.50483350580976,-1.963972867494597,0.004019167871113893,1.83455183683661,-0.7190551305402018,2.296883588286594,-1.4524265949589612,-0.01612192428493131,0.7253850927479881,-0.5913118430303825,0.8979115816885574,-1.6826845698368196,0.6668216627137618,-0.22214248968619543,0.8882561161644063,-0.9368156079907237,-0.10207024107836915,-2.2083557077348264,2.581127930328247
6420,0.6703306390425823,2.9454543816267638,1.821266556507716,-4.2477014999738145,0.0027613447720424844,-1.1921114219731361,0.25809538383431985,-2.1190101557105017,0.8962175882703587,3.6249319682540637,-0.24307403700925345,-2.4171607476384906,3.426049416307567,-3.4880486804452833,-2.6454828888262387,-1.5824446889401855,1.4736224440214123,2.8163043978833002,0.4035188900689235,-1.163791486961788,3.5156228179950126,-1.1805010439005037,0.5357482391928929,-2.110597416396349,4.3696732481741805,-3.775942852331543,-1.233976675354242,-0.014881117766174512,2.3700368068767617,-1.714909409596478
6421,2.856289633654253,4.137518895668897,-5.575758091719347,-3.2035621861286288,0.9005799937142349,0.8849317548127349,4.7534942709003865,-2.1394606157426104,-0.859189233314197,2.6808361917217205,0.8339692821822311,-5.269649895747069,-0.009465477822999446,-0.6674907524858256,2.437743993551919,0.5230799537282422,-3.1679041663303114,0.8840364493595239,2.9384154654513956,2.3095569253965174,-2.4054473830387177,-0.20014045134552916,0.3705719184272578,-3.01295647489275,2.151582916312421,0.2191942992948377,-2.9634192574198295,0.6352650675625959,-0.2873200304990071,0.2446970047515009
6422,-0.7099542736909843,3.198083405370568,-5.566277012014343,1.8746567143026205,0.4791241681444398,0.7243669978898506,4.572440220305051,-4.888124545530662,0.5997531133162317,2.993725693164521,-0.49670232747379295,-2.781092153780861,2.4875699215539484,-3.573924311145655,2.009047046387977,1.7323949027759156,-2.5176920673199934,-0.13739549225164716,4.392614865349753,0.24460528558126704,-3.8465515168568665,0.511549253854688,0.9705042808250983,-2.2727221687557666,-0.7357081838889705,-4.175586799231834,1.841249354351902,-0.9055147623502213,2.8389742597338383,1.1365861313877872
6423,2.9524629415158863,4.978734942802138,-2.7451111170246065,-5.052795914710284,-0.14321634295818853,0.009925490377193924,-2.1712433818435315,-3.8496476610796186,-0.26308024149675013,-0.6008193417776209,0.6908768316600238,6.1939137945379805,3.0844023785743886,-3.39632355075441,-0.40215357817329433,1.253348335048262,-0.26144661078367193,-0.27782697391073796,5.178958558413687,0.9045980444395614,-2.4220883336560792,0.963400094748553,-1.6827174787918207,-2.9421508851557334,3.001868744677388,-0.943949037348375,-0.1667424180222774,0.5084375889151262,-0.16730518043659082,-2.2323096977827657
6424,2.6340992537536643,0.6671965509740225,1.3765251388361044,-4.562352428012108,-0.6066113443440744,0.4911428287945281,-3.5312060196121493,5.126689154422412,0.8195605407561608,-2.1680340048563735,0.8293356222926445,-1.076345293002234,-0.19550049692761817,-0.2671117352767851,-0.13391790102379275,1.030889458613963,-1.3224513471089026,0.888092021723665,1.0511081420495927,-3.0358072800393696,0.40217699353804903,-1.0765295449970242,0.3053026931512566,2.3537489962956464,1.4634965904628139,-4.45865385172795,1.6342176754069264,0.08383028776072887,0.5210822891996933,0.7560270089002561
6425,0.18010967037266568,-3.035044128007307,5.060847588529072,-5.6542918664709845,0.9582947844538277,2.4900839511248662,-2.95756401350096,-0.48551925630523485,-0.8865629817472449,1.8259241492937512,0.7952643948181679,1.7084577074419904,-3.9464744865372214,3.674584098494183,3.8387795213612748,1.4648855704255261,-3.217134646119865,-1.8146400576233574,2.5036394907532156,-2.7831060434392043,0.7832085491611345,0.18827667162907247,2.4350500592382893,-3.1270687273443656,4.981338600258393,-4.066348820384546,0.4617940005063481,0.6806765002822921,0.1619102607877192,-2.219370541447722
6426,-3.1181362198430946,5.45730454536589,-5.350003680276039,2.5342398703114384,0.9241842423072955,-0.44758875786336105,3.9373752433298996,-2.556689547399209,1.069760038990613,0.8745790575052119,1.018679920946985,-4.343704713373015,-1.8441141781646824,0.21911313278590328,-2.093424681632378,3.766710196527356,-2.5306861292301335,2.482401659714448,3.8676134990958566,0.9254200358759253,1.6791351733625532,-0.24780652472571596,-0.04046063431021629,-6.183901549300259,0.32628880773069824,-0.03971478200023171,-0.28462392455877605,-0.32071633996229565,2.609323486168872,-2.2905572473757676
6427,2.7779625359063687,0.6450424952345735,0.6695895365714009,-2.1499817558471293,0.0399120880425885,-1.9825248999056964,-2.309102260848036,5.508852402791021,-1.0348425011595732,-1.0896335666048174,0.4369550953377468,-1.5122291695158445,-4.136011637711951,3.7348039290944612,2.165863528812338,-4.0540686077699295,2.16573660188228,0.12367618569336258,-2.0544051966515546,0.81978579047742,-2.4294172464329904,0.07898114495172148,-2.62020116718136,6.2052566748349065,2.666797818715228,-3.319175517878257,-0.62984294712777,-0.613496456725489,3.1616298572559813,-1.2659127542372062
6428,1.5046556346941564,3.2725101474207534,0.019928114576934775,-5.45761054667636,-0.8771859636393173,1.5377026136259193,-3.132903298388065,-5.321548954701949,0.7686858545759359,2.3703105204219526,-0.7264516982429843,6.041907576335603,-0.811728937507862,-3.5303806170737726,1.9832241437325813,-0.9472184636110654,-0.18503244538930375,3.491136319850007,5.673247373231277,-2.5660818372099783,-0.7772608467104085,-1.1068417636316124,-2.6143082285381993,1.3912453028570404,-1.6564333889442722,0.7767894184982254,-4.145622306003734,0.49184088825792394,1.461015568046271,3.0724098201480743
6429,-1.6977423296423755,-1.9275819776322614,-2.7143714452026586,6.00647286218787,0.7849092101291637,-0.45168631983766794,-1.5197057514171064,-1.6256934285655973,0.9697028691373308,1.7742984792243988,0.6823153602286807,-0.280917528607187,3.9381988363932976,-3.121098287252414,3.887630898355031,-2.3410869523738995,-1.1246970540859547,-1.238947441035478,-3.5382971121907403,1.6847974086410211,2.8215957852111515,0.7062790496200977,1.203872869756971,-2.8782480010404043,3.335831516699269,0.8808727893945338,-4.198478623852857,-0.5743741262032867,0.756281075568225,-0.20013263160337935
6430,-2.837387668292557,-2.938830712031681,5.6539978457209585,0.45016899273711886,0.842071312533152,-1.1700197706649256,-1.603339654793725,0.7585590328361107,1.2292199784975555,-1.9819095018905255,-0.40244519347900454,1.9999153388300854,2.6771376467152557,1.7438613290457425,-3.7801590754986343,-2.55494298200046,-1.3101060731270344,3.224209154865701,-3.2307014640912293,-1.6776265054489272,0.41771171879836544,1.1327689487102317,1.483035353827189,1.874811948202467,-1.113643320136827,2.9823056772389656,-4.10167598521862,0.9131858174361955,2.503808782819732,-1.1839809721369168
6431,2.654922514864708,-4.525270566962757,5.693128807652627,-4.225379180462962,-0.26848579316549115,0.6710842180759666,1.0556083752034056,6.223084904846836,0.2987371562882464,-2.616550806016196,1.2348359742483463,-6.195715604570154,1.4881799490565584,-1.9677691842860874,3.104185797921758,-1.9485836381386008,2.952665576304522,-3.628678500857589,-6.026193809952531,2.9219519193461565,-2.411814342395676,-0.42634312322153534,0.7906578558365123,5.1517415003852065,3.8215033967220506,2.7324989783422886,-4.7283377513727025,-1.107401619830608,2.793766025855085,-3.5120290297135597
6432,2.682783321802386,-1.5660297117722344,4.425625299795637,-4.728035425180433,0.2777245160796751,-1.0920680007229233,-1.9007480111297994,0.7841527254143301,0.49663119470181805,0.6938475920061098,1.017765536710968,-1.091649037702954,1.689458036356033,1.002521832332711,0.8567917689674154,-3.9559938538806634,2.5841775024955354,-2.176955286270516,0.9522202107247679,-3.365349283110527,-1.6593384160405051,0.12362989883954967,-0.5674878522645379,4.516325441849361,0.7769718639547776,-3.023734319625458,4.727416339631489,-0.9016666134823375,-3.7471064823699205,2.1681192118940196
6433,1.447555325502897,-3.5691784558896096,2.7203446060914374,2.5127429186906696,-0.6938435657335942,-2.4176208286596985,5.899473087652851,-4.158917000105351,-0.7461327549764354,1.6717861007166093,-0.10044913961821234,-2.56576029366898,-2.847697416943067,0.8144218090227611,3.775689753092408,2.157728674965618,-1.114106035016576,-2.786036785120622,1.0383962387782333,-2.8365888649046482,-2.848109776471606,-0.06367993985472609,1.8315555372044319,2.8784268052464554,-3.3750145789111485,0.9322303696567253,2.81910758143945,-0.33021711975253254,2.9329348090716785,-2.979041061501581
6434,-1.427599387561738,-5.171387657211909,5.6431470566824515,-0.698135967494256,-0.44365191890195055,2.097627874489488,1.0187338826222216,-5.882060025496905,-0.18667896262211414,0.5084064589800459,0.16805863758465556,4.373540008932572,-0.30789740328700077,-2.5378638198053007,-0.26418985865085176,-0.008020205935579838,2.128130746058712,0.9898405416205183,-3.8858598644384728,0.8146168426988201,-1.3994024303054289,0.4368720220604212,2.6760445854106933,1.357728844572101,0.7384074493816328,-4.727718301623039,0.3897838874372468,-0.7047840127053329,1.1797964363150122,3.1245145411970725
6435,-0.24068346443042543,-3.7299566701497078,-2.0762677804945895,6.021975589437158,-0.07990633133734915,0.10483865697697503,-3.5764411010949715,4.512862552748917,-1.1501209041343672,-1.6470440348463118,-1.0570383118390687,2.917781799166253,-2.0117222338402954,0.8495737306655791,2.6177056908687284,2.273435723553071,-2.968588394757358,-0.7604045164892508,4.389350785520044,-1.6314581994267794,2.3769903301380317,-0.09608722325187191,1.4140881674949188,-6.4528838604762235,2.671166322473063,-0.5263726006917899,1.2905063937018078,-0.6060911092704471,-1.1743938900398447,-1.6548151161702194
6436,2.9389203354124795,-5.49467247695636,0.9419000755110645,0.7725782212006109,0.4298969107900539,0.4113769340442328,-1.4503623922900992,-4.105910691297417,1.119221722771318,-1.2679406305111254,0.22773564021215265,5.477256351115614,-1.614364495269065,3.5585486389087713,-2.609428505354197,1.071126266222958,-0.5977652124982811,0.19188330799024733,-1.4208770262354022,-1.7301027159474849,-0.12517864595659312,0.8940553488171377,3.1342048195425285,-0.7521017802220769,3.646041179091803,-3.82254348263859,4.568615959384925,0.11997942293271446,-1.152956317755736,-3.359136761012522
6437,-0.6087677925068142,-2.5224674606888726,2.198750982238135,-0.6235458961803069,-0.4469002774743571,2.002930444614277,0.761726527263292,-0.8029895421598461,0.7711169396538313,-2.243053378381001,1.246599596811035,0.2665998568131336,-1.518980851468969,-1.4280744692477896,0.557239502369864,3.649160880468358,-4.135407839856445,2.87606277773542,-3.726210123749251,2.470314752553847,3.4608089041791175,0.1905399226592719,2.279532629549756,-4.674986085194643,3.573621304124483,-4.189628460611205,-2.2764741798318333,-0.4974997290914658,3.5880505214259344,-0.19806945601330206
6438,1.401999738960825,-4.690265310139157,3.137357708807226,1.5347110400399195,-0.06142498725732093,-1.3223781904094203,-1.3213124277894863,4.260946420003609,0.5637192408950655,-2.107977916683856,-0.9794105296474616,-0.4159647867773728,0.48500396073245255,2.433488304252311,1.297397587892302,-2.0625358116730546,1.0250404138820706,-3.178394455085627,0.5203297243746015,0.032578244890217434,-0.33115162833267675,1.1525645838656953,-0.9908743114701668,-0.38344661332958196,0.8911334126886814,0.21872751262522883,-5.526562408054016,-0.03990749812152572,2.461716050968981,1.9948929298952507
6439,-2.098738419598222,-0.9149487690475446,-2.2916762644598627,3.946012671805299,0.6804852587411818,0.6788655225612512,6.039341128742436,1.0641318931864916,0.9061326661826703,-3.0799128607093156,0.6908487965539258,-5.620541623955727,-1.6055287476868187,2.546151705209887,-3.709381992831254,2.502356820147348,1.904254401865522,-1.6378521867042295,5.737238918568011,-0.6004227781933942,1.5035184885665842,-0.2593638235377327,-2.908557925936144,-3.4724128794692426,-1.2140566591715292,-2.343694761314829,4.301631470238263,-0.10399082468924536,0.3438111035691005,-0.9837003286291353
6440,3.1662657470891062,-0.07177836501990242,4.180096646747526,-4.384822641357136,-0.9281139205548805,-1.96164746690261,0.044302343192526905,4.90566685962839,1.0679685130127714,-2.555412772560379,-0.48899212817453996,-2.9735328150982845,1.2825118073986097,-2.5116972905503587,-0.20268688965234105,-2.742361010367633,3.060093155406328,1.1141402277658443,0.12350674582601684,2.1838876403829595,1.106465804808881,-0.3774241396224003,0.956842414221212,-3.9932784656186158,-1.369233446870144,2.131956617356355,1.5045530763060064,0.9300903605089488,0.07482447771495693,-3.2721910850135174
6441,-0.23398285563008514,-1.878789495881513,1.246066849149777,2.7112814966032452,-0.3660262210673857,-1.478549773171915,2.249989449735107,4.501147007765887,-0.9729415768692355,-3.0711010412740354,0.6231953930592296,-3.3302892324164866,-2.2021845266002043,3.951544141699973,-3.5928757096784327,-2.197081737835674,2.325914895522036,1.714682936892757,-1.1641991917962038,2.4414397488675768,2.3930876087143,0.8586367300333348,0.17074357008877783,-4.699708465909698,2.680507439455212,0.749509623683096,-3.36013845700241,0.12766150972646262,2.3634612995846602,-2.5610014154443785
6442,0.7840655872983877,-4.199104849350281,-1.3750804525413187,4.548382633867231,-0.783044261045112,1.024781341773222,5.0966118115089465,-1.9133085931669136,-0.561871233455336,-0.6014747301092243,-0.28653611475087537,-1.7334211400261275,3.8514760943935826,3.441599814674607,-3.8751048795245335,-3.66018717051157,-2.388754483277973,2.6309706242463236,-6.197083664280935,1.7780883383925623,2.2300590445378567,1.1071930789501545,1.3001690803688586,-0.21842587797042157,-4.298419096238275,2.0854915197916988,-1.2035316340073798,1.0336102513448004,1.6102928105427523,0.772556148569084
6443,-3.323306425060524,-0.6085467315389259,5.246908122007817,-0.059319353352080384,-0.20562837987277205,-1.0501072321813858,-2.948873935919732,5.985130976557741,-0.2591716164030009,-2.707286931600681,0.4734266338542801,-0.5432251264881387,-1.7435789319818564,-0.10124593715444519,4.235567115758823,-3.111906308296369,-1.1854078865977158,1.9065719482720063,-4.911832744224299,-2.630497537795703,3.3220989838343833,0.6464868378238497,-3.0696725481560385,6.6434170085158755,2.619360967287321,-0.4312322689631749,1.7266358492332152,-0.4606735513248861,-2.9698301958369058,-0.4842608003928923
6444,0.6235844806499617,5.581793862808894,0.9940970867464962,-6.10493177861623,0.498784273028023,-1.5933279246149965,1.4739226636570493,-3.7363032698000467,0.7503688352545623,-2.810151322622106,-1.0438261859968012,5.365989279507794,0.7865084552503312,3.2790572164293117,-2.154551329645816,-0.661352568401611,-1.853017962567467,0.6033561889356687,1.6405037230562058,-0.08545457289484659,-3.4016252273470915,0.4058201532911081,-3.1991693299092177,4.639925253801916,2.835538090314749,-2.4234837449569255,-0.4617700490157297,-0.7277491596463621,1.2169502962540335,-0.43948543294709275
6445,-1.4447433509918426,0.9600615314242518,-6.215782244926789,4.074323837368915,0.4084533191090287,2.2176869080186137,-5.029604554776867,4.501663456687343,0.8871410510748277,-2.4851210340510317,0.16955575613405927,1.956365324932115,-2.1322400071564047,1.5539699284377484,1.9458382623065589,-3.947586000004204,3.048000864061578,-0.467983047644843,-5.35657810684328,-2.1975198645267646,2.1784936161520143,0.8870001719012954,-0.015752879323349234,4.504357062638121,0.42147057848404046,3.079621016447998,0.1489911627462739,-1.132437308064047,-0.15298999280163272,-2.3646554568099614
6446,2.981653075453707,-4.317538404073083,1.707298197856666,2.189018353111102,-0.6168807895375721,-1.943550432808662,-0.035687333527476994,-2.1091020367830033,-0.5177853226996199,2.7232897481176046,-1.217783887513943,1.1570688324068854,-0.937180195253756,0.8081029617972,2.5043036061672623,4.218776152370001,-3.644091301076278,-2.949911224004019,-4.040218759927928,1.1197192265611324,0.25519135624563205,0.6765052737878925,0.5683630734501239,1.420439829881193,-0.6489558844498298,-4.756127850239313,1.1844311633386226,1.1545747375913145,-0.4435537840448607,3.5096316178067646
6447,-1.4285084945605302,-3.5774047314318302,-0.48508885078936004,4.145250655850134,-0.10569354941926479,1.451444970353032,-4.154118805016463,-1.7785194087708511,-0.5729638803796888,0.8961108472620545,0.5959627296021033,5.013528517303357,-1.9975174074060593,-0.7113968426322721,2.7782510392101933,-3.8968043089145983,4.140687507633508,-0.31321998789032257,4.647121627728019,-1.1517825082803732,0.25111070102430944,0.7428903660153807,-2.4012637009020974,-2.0880764855871767,-1.9586534252211507,0.9979195422284377,3.8302657989409,-0.6591566129556057,-1.1308103257471025,-1.0795649772427502
6448,-2.0719436618602405,5.464512664796157,-3.6798464302083147,-1.4099470037088793,-0.4561138074245652,2.1533382384080397,-1.46292994528066,1.8604648472943595,0.44397778653050324,0.2454281730186505,0.3755532742666974,-1.4624941358290293,-2.797392662238293,-0.1756316095861763,-0.38454077604860615,3.952492335586072,0.30890318856666354,-0.9038304762792286,-3.178955447401961,-2.6003182992621916,-0.7068816100435633,0.5980910260367285,1.3589740971925792,4.529090233476477,-0.8714826196635919,-2.8199692897090785,-1.079256061856892,0.5847759606587966,2.852769544728101,1.3331624658454082
6449,-2.426626581117098,5.2989277885573784,3.3634194522147034,-6.142530123334311,-0.6334227385063831,0.5402322021878838,-3.2843730198122074,0.24678389753430352,-0.878643912320058,-0.8292624883350932,-1.1623762803056588,5.90787180323926,-0.7583090824613734,2.324646046757156,0.8551129082458715,2.8497416640937416,-4.195784615166838,-1.07540692146811,1.2904644377071435,1.1402843708184065,2.210162131057846,0.8951567537157814,1.0915874498909819,-6.627655143192072,-4.23730026755298,-3.303940446748225,-0.004119132134590586,1.0419876266020323,2.911148068078713,3.5922241517578044
6450,-2.258208000782785,2.1963134087555396,-5.184859351224915,5.907870045392809,-0.5359785728575872,-0.12513752928084543,5.185003366690111,-3.865497454245652,-0.2425579122890973,-3.730049060472693,-0.26905074907537685,2.9221518093932275,-1.16610512952405,4.011648959460601,1.483435521858965,-2.62277822335939,0.6447672243062961,-2.350968352741992,5.46092703864899,0.7803728990261796,-1.4909597377350359,-0.5305436630684222,1.966330457699934,-6.186126994573506,0.6737243559498545,2.5960009108663655,-1.7070517335156978,0.0314107376550572,-1.1294402407558515,-0.46464403019699674
6451,3.0776963957131507,-0.8286030193002532,1.2303186445199366,-2.942525520389136,0.4968178572338364,-1.0337043577753118,6.027099688720277,1.1508180188386312,-0.2659628008315247,-1.4381685308896088,-0.2714088902712781,-5.202377485565972,2.8473357524862557,-2.27959167640868,1.862519601776782,-3.365567774526287,1.1043258564149347,-0.16902175974255051,0.27847454427695695,-3.263356966781245,3.964509841325217,0.7163812487952983,0.9050287444638858,-2.601037412081965,-3.300534222375596,3.1831661056256237,0.6946512507826483,-0.7652754760593297,0.43395653321682914,-0.24596419118743995
6452,-2.5441354629006003,4.9018112049556635,5.13982677722565,-5.490670320646821,-0.6705928012138698,-1.336239397417792,4.503275235977721,-1.918072926323088,0.5453011336156139,-1.010581083819302,0.17689873664664013,-2.296821096097066,-1.2542742782656795,-1.37832707612759,2.4282325336830084,-1.2701449373459752,3.534178973068965,-2.059665215012277,-1.044932222726917,-1.0619542913264581,1.2442371208021008,1.1451860470748398,-0.6620750492739234,0.3795383954485203,3.1956110225551484,1.809343354411368,0.740465253796831,-0.7092758767759868,-2.6905400933877157,-2.3456036605968986
6453,-2.1264108514204256,-1.388081280292063,-4.3029261933663285,5.502856084108725,0.817820131447097,1.4967421095252043,0.8415989994193822,1.0139281409923875,1.0891124795988558,-1.2560483253342571,-0.07092301587125327,-1.6176682788045866,2.155925076790979,-1.1337833534444304,3.684901649877588,-4.032358816008031,0.21423035532930967,-0.8889149125449407,2.61806984765596,-0.594397460989514,-1.8745995776106845,1.0395968514866745,2.243977468951911,-3.432647129496168,3.070593780464204,-3.0143568646898196,4.705452790825451,-1.0160900630896093,-0.7491767814459536,-2.9964228620614968
6454,2.3245886704080405,-0.3806890105449021,-6.137182287455705,5.657482811215729,-0.19608200213496163,-1.2681181814860025,3.1645627612665237,-5.187345763099859,-0.41029149140486787,-1.402353674890069,-1.0203896630472387,4.855817831176019,0.09607291257577444,-1.1559877433807415,0.2420531186533026,0.06358372857783223,-0.5705003082477234,1.3247782918220423,4.141222603171844,-1.5691088983030141,-0.5312258188859644,0.36594571253799213,-2.334875421206444,-0.07195817731623677,-0.2663859157332027,-1.3455536817313387,4.544024609978479,-0.9984819870268904,-1.3186905986704893,-0.6149124268137758
6455,-1.7250654616672136,4.719829573635643,2.0323692322411127,-4.864997195336969,-0.4050572243880908,0.24292107551767295,2.65772787118739,-1.7417936352665286,0.6789344238480792,-0.9184386797497748,0.43946636652128124,-1.1158963465399516,-2.1482555392909344,2.2397474788500134,1.5349815105181719,2.7850307722934886,-1.3849819017129956,-3.0265223206572944,-4.336806922314523,3.402560708035221,3.883754225186909,0.13698284000547822,-1.3672274839917904,-1.7192633669231263,-3.614428168782002,2.72263612849963,1.6749915536907274,-0.23655983653509427,2.2922847982953556,-2.8389244751658396
6456,2.6853188990903156,0.9085389387357203,-0.5113379726252383,0.18172752070594456,-0.9417448688049563,-2.3225025170996316,3.0856239857209466,5.44397842134282,-0.3932224699653988,-2.670418105055214,-0.5776178387674573,-4.888343993275171,-2.7107225340832883,-3.0101403489869707,3.6132917868323737,-3.7332732833781677,3.886815648903916,1.9540287307125936,-3.7036317494523594,1.9117422781235938,-1.8228958872012466,-0.4692808416826004,2.8697878354428354,1.2142783647679565,-2.068877435607792,1.1867311371074685,-0.7258845603056976,0.3532846240930896,-0.7818175648946575,2.0365637996103487
6457,-0.5540057760360249,3.574423391650651,-3.8976406857396384,3.3703758080164903,-0.5739302332328262,-1.9192225046565135,-1.4005235138589178,4.901687091229203,1.187585234693426,0.8744489794094079,-0.8013799726050106,-4.761817818867595,-3.9540519849902402,-2.4993560746080696,1.8032645231398448,1.973685941064506,0.7536907738992689,1.9227668214951308,3.75088668406325,1.445203776153365,1.375663446265225,-1.0974027899177417,-0.33068548502095396,-5.143665631544952,3.632634401002953,-2.38083444491647,0.6369721708181793,0.11486701351834583,-2.6311177614491683,0.6274786210289438
6458,3.5116789682572183,-3.0951875379750327,-4.233783177468361,2.6882794593351385,0.20807786705996412,0.9209344207931949,1.1021073485267152,3.910029143797857,1.119549191150318,-1.1258158167495917,0.19217633973721426,-5.198046206461974,2.9877870483772853,-0.27931575800474917,2.298313075005975,-0.26372111681305554,-3.2550619772281966,-1.4880012713368327,-0.2785033980162588,-0.6397267425168884,2.3962852133203434,0.1610205301956391,1.8632105651550361,-3.502286168139655,4.079702299754015,-1.582914182490164,-1.3042182384123855,-0.4146689737285243,2.837275914210828,-3.615176819330941
6459,-1.0768901734738847,1.4108544085520052,-6.168781359480953,3.1927169950261636,0.2954434978099152,2.3466566315688695,-3.6707777112869877,-0.3075986318103432,0.48207415215103655,3.071379909892844,-0.9837671619670934,1.4086894430210855,-2.161061780059283,3.8278991331285397,2.6481690734609735,-3.942277303560676,-0.011835818078356652,-0.3608933048907321,3.77053186138016,-1.2529127259410817,-3.273485304881337,-0.7513633536081166,0.08209870914754802,1.425130813901042,1.4039126612930986,-4.498553955703864,0.5829554694698302,0.03269662148662711,2.381979817230903,0.09700938622625088
6460,-2.289679391336996,-1.1085857859395034,5.439819942150258,-3.6677422163692732,-0.3219342754835066,1.9481217269811903,3.4822721168138315,-5.286329866923474,-0.4515999896172289,1.3874630024701595,-0.6864161376482807,1.554610874905542,0.31514488346588365,1.5290126418082792,1.353580065100271,-2.9555220862834624,2.1038132871079362,-2.3460287911984494,4.2768219214693985,-3.177691060901097,-1.9476719712327757,-0.40924768509598586,-1.4892944446148046,2.747083240373481,-3.9652207263658283,-0.46466593538313816,1.902203265453096,0.526637875261371,-0.8610690417122129,2.8621145627495785
6461,-3.1526556205584395,2.475769726101447,3.5199316957608993,-4.417198607100897,0.38891302110862425,1.1852397846905394,-4.267752439839473,-1.3919097058182786,-1.2102161044454403,1.5790813613558576,-0.2923381427539571,5.583135031501854,2.1721385193180076,-1.731166534908537,2.1640221282055414,3.083032428534416,-2.9128707310653965,-2.775155810083561,0.24563277942224815,-1.5408420304538684,2.212519106061727,-1.1473499078318086,2.6438844065180795,-2.413844353718172,-2.5509265130833754,-0.2826131118550954,5.220487235352088,-0.4069618849968748,-2.8728653297486773,0.8928796043347926
6462,-2.7552901410447213,0.9597053646055578,3.4935682988427956,0.4280480727193776,-0.8474128582876346,-1.2786187368332147,-4.860872992055757,0.16226282089641586,0.5785540704830119,-0.7674490896224455,-0.5321944689627331,5.419699659262065,3.790768429263995,0.45105373827371054,-4.2317851758703355,0.8673871736731584,-1.1615818893272323,0.28415772398717465,-5.012450525662604,1.259856442617318,-2.8274716437524177,1.0711800214949685,2.9668802562649077,2.5420054490360187,-0.28322215085344027,-1.9559412856737737,5.196797577672328,-0.765305848360823,-2.6335192939071845,0.4411910011257394
6463,0.13454890755877713,2.4352606541745985,0.5660231814221746,-2.9243686133342237,-0.70613752410903,0.49467339428990087,3.693378910143565,-1.263174139259192,-0.2777072791035522,3.1285187944807618,0.8895697275310539,-6.170586013792125,1.8477708472176992,2.6310833551885686,4.107180748798218,-2.568810187102031,-3.7200610833619585,-2.2971636807400557,-6.123843698555138,-0.511335777060113,0.3610507697058871,1.178509630700245,0.25390566325156705,4.841713411955734,-3.6326535637399395,-3.049125001895508,6.038097610585009,0.5759858748147444,2.4866176283559653,-2.418922548117422
6464,-2.4761341660157967,3.751869420029262,-2.457010704105219,3.826041433156444,-0.656963433929826,-1.9878025491326774,3.31179248484586,-5.867864796427877,-0.9002488704881042,0.6264746295107457,1.235567698158281,1.5942788544015798,2.3620396302193676,-1.7301515472305464,-3.989185089216477,2.7724714440268343,-1.7119585263764794,2.296784088577777,-1.7410422426688363,0.5181972830561801,3.1196190883320547,-0.23806816342827908,2.490027891911433,-4.14873385720438,2.6751144318581055,-2.530936295296275,-2.8962311359231627,0.45517052988462314,-0.38506681103479856,2.6819492805143383
6465,-1.9896360013731282,5.288418511320987,-6.190564629285838,3.8235740095624067,0.3708689027800314,-1.3026607930022944,-4.8321186428440015,-0.8170505378486865,0.9048979143644225,2.7866322567718385,0.6945238660160662,1.2631151435408299,-0.2958000268068304,-1.267117320324818,0.835779397089631,2.616383931214635,0.4243634019388729,-2.3136093831110394,-1.6462246450175009,-1.5163981714164194,2.217379457505462,-0.054292577562115696,1.916524754113322,-0.9169888176246026,-3.332591142198879,1.651409565915369,1.9208703835642105,-1.1499798678846065,-2.0279519836765463,2.9382430442833005
6466,3.511573314136502,0.5636180631988204,-1.9854098697624387,-4.761055687833668,0.5220363598700284,2.1492378203929086,3.2558583667799788,1.9147802733049737,-0.23613672672022012,-0.3710692571621621,-0.5798388981391094,-3.983593758062998,-3.4299837259485493,4.182496138845053,-0.7022081382683574,1.829139914146218,-2.1429284064044083,0.2634842176304897,3.7577498867123182,-3.365991756126693,0.3070387105538508,-0.060838218568678215,-1.066390543117853,0.4284319205451901,3.7853373717454275,-0.9005071673962988,-2.0655464449675165,0.615493576030528,1.6537490789386737,-3.0885264143480065
6467,2.8916031527171846,-2.543802097695689,-1.9388495092718792,2.0413456227993088,0.3684712976970097,-0.8187684662437817,1.4442707042869074,0.8640843586477764,0.8216677164677044,-3.328087639356628,-0.5459553954404486,0.7440202553951458,2.4475860374067366,0.3152518500581678,-0.15571824036924653,1.3944120612676265,-1.508090184226404,-2.4934415241364256,1.8732740494759135,2.9636795355295398,-1.4336944755678545,-1.177572937409539,2.5647940452941977,-4.790480217324131,0.0946087655386556,-4.696433424762173,5.478942173366754,0.5886667681561155,1.400629094843918,-2.8664133771404448
6468,-0.6288148285055701,4.694622334761366,-3.5640323987333673,-2.0703271657009275,-0.8560075910779998,2.4245596492586454,-4.971348455946867,-2.0930868092187573,0.3031380368315517,3.366967950013965,0.9552660910673012,2.4390631872532573,1.5729107372304156,-3.2588609179098196,1.388875905757704,2.492256393210443,-3.0290786704712804,0.8338965521829635,-1.8936765397430229,-0.31872969093284276,1.3384261653708442,0.3467349331942984,1.6403564093815906,-1.1131112772727256,-1.9617120196421887,4.111345440777349,-1.2331642739443929,0.2832661462727337,0.8102937275478261,-2.010029021008517
6469,0.14571363223081235,4.113180217232973,-2.1951535130848328,-0.09211088844278592,-0.10443683605575593,-1.8671926118782558,-4.000951591493568,0.13042588273891909,0.9559580872779501,-3.1877749032915865,0.894357160581019,5.207985364187724,2.086611009169644,3.634266178320317,-3.3854479506407458,2.4096155683935088,-3.9531793417174708,-0.7918654635247915,-0.09859156047376061,0.03943446149323293,-3.06956957159902,0.4528544620087622,-1.0683318014976049,3.7442040100665324,-4.048682479911852,4.569425253497165,-0.6625547794711117,1.0774725807508005,-2.352591723537225,1.4169311486750438
6470,0.5892275332191375,3.898761402256998,-0.30512292558418963,-3.0777452707051864,-0.06385760736821222,-1.0412631318163807,-4.2634892321507145,-2.9350480289463903,1.0437687897622432,-0.24878778601942741,0.6837717454839538,5.719784511870802,-1.9689500031160403,-1.9701533321858307,1.7924572269746903,2.897704416668187,1.9240156338833714,-2.675073942223925,-2.1049873425856056,-1.9114057051264535,0.3009186925924041,-1.180464135370995,-1.6208898436545986,6.516828334143419,-1.549808288244698,-3.9834227735004077,4.01302823104718,-0.5961755880118424,-1.4552591941465725,3.57163761285916
6471,3.4003603167256635,-4.9113742714759425,-2.9673632659591256,3.812541450355802,0.7912593712139966,-0.12542360085821436,-3.305320508402737,3.398317023142667,0.35836645731490346,-3.6083004033424935,0.06413707392701173,3.092800357361142,2.868864692497926,-2.2429618783864242,3.298763756237946,2.1248967887133716,-2.830563511703321,-3.2189998473590826,0.7747009094767954,0.9425305374610851,-2.663159698581124,0.43869986531846816,0.5643416368794405,-0.057113250556465545,0.16250739663762204,4.202623042617663,-4.3575962793395675,0.2551381574518281,0.5107383072982383,-0.7734106246630024
6472,2.175115238762121,5.155918934444074,-4.558914968055749,-1.0168914125305193,-0.1824453511578119,-1.5727824414599425,-2.63215382138889,-2.2714675239554296,-0.855466756749852,1.6911518544706325,-0.4930775276971504,4.561013775321204,-0.8544078494372549,0.15009613756783935,1.1235204664100138,-3.280414986476739,3.011324203126563,-0.150117971190042,-1.2846491253333205,0.6626837825669938,-3.94252688186606,-0.4177677385306211,-0.2316614772643497,5.21392144042558,-2.4207695544868706,-4.029568058460425,1.851801277464574,0.04370661606762205,2.564109190996298,1.9907205284215763
6473,-0.8505012603553759,3.297427683144054,-2.510159240263615,1.484640540629293,-0.38527348412450224,-1.0361342390276658,-3.444632923561354,2.584392666327865,0.6896687645457327,1.0702769729406967,0.9394526751421752,-1.8391581553946068,-2.426137771322159,4.058649917762928,-1.9621438696035192,2.312098593139435,-2.508857507217966,0.5263906372416312,4.064605854722558,0.13584485748825337,-0.4686462643151721,-0.3836468513178035,1.3739369793506153,-4.722094575930267,1.498960130773714,-1.389891055868027,-4.661892795561695,-0.16349834541039066,3.22331136558671,1.4930107004824578
6474,1.6018050503649839,-2.1040490511925967,-3.42272328602753,4.202114929279233,0.5941516462886329,-0.871299288710528,-3.5907281164844953,-1.120357654614871,-1.1721236541159263,-0.5735336587542257,1.1712741929006691,5.285468891069357,-4.1363697868736065,3.7664315662144006,0.859904911209096,-3.7763493001071797,0.26284242467554364,3.0235401848821226,-0.8646564061840856,2.8998359535873917,-0.7849329999639139,0.3950291821980727,-0.4875915158746249,-1.1576842137646857,-0.23281853760920868,2.311558507780969,3.71119249863613,-0.9334823579134568,-3.7268829646396053,-1.1295671462520787
6475,-0.32114107256590607,3.462220352709341,3.0291900421278974,-5.06346556369952,0.7803629157719323,-1.8871666743415592,-3.3539588936369142,-4.937340800278946,1.0351554394211453,1.2404422100033976,0.8034911347435179,5.212210909748315,-0.7435801512083522,-3.757170706903281,1.741707019228734,0.7447963206207433,0.06435352553476648,1.9498939927277803,5.464162349600908,-1.1471770558960088,-0.843498194196421,0.9453641698553259,-0.9483784622459908,-3.470472807119677,0.6606293341210687,1.5837040993907046,-3.763308226252107,0.2667152820941032,-1.3291234954738353,2.581383006122806
6476,-2.768887887090907,3.616572456060016,0.8557874706017934,-3.957673054608186,-0.07338263309180859,2.3275836481312897,-3.4813960045361583,1.0782409076617085,-1.034499491947638,-0.08921202641078807,0.4982353897702616,3.0286312254631333,-0.8049071474421083,-0.3327219785302482,3.918173215931997,-3.9458226405136685,3.9288250791610757,-2.763546528606648,-5.151677382989401,2.764475286762142,-0.762149416595209,0.5121002035899869,-0.25695751721438675,2.8942088264449453,0.9487664329712473,-1.3236964135668963,-3.1693989321626113,-0.4339839406916406,0.5796678958928023,3.3986449575598243
6477,-1.7072591381848454,0.12444928970955971,4.999339719359533,-3.396970841128475,0.8083618413791989,-0.8279208711327932,-4.8408613380370475,5.419299980317106,1.2180749624192746,1.7458925008689938,0.29389936752747925,-3.8363054730952975,-3.0462807047259712,1.2136173491990938,-0.8163266049717812,3.6920485519989796,0.7288826157669739,-1.7719412072669183,2.8721927627627934,1.8515347327650993,1.9277891120507675,-0.1684359908736477,-2.770293520945147,-3.7127870957617546,3.256720899198509,-1.8327501989286468,-3.396564043491999,-0.21630888602130582,3.465037609745984,-1.2761353804997988
6478,-1.7270335143330193,-2.967086942362233,3.9812437315211966,-2.1676514004562826,0.9782850824966984,1.9022430431357833,2.7728501548416062,3.351075372475279,-1.173754565726182,-1.8472904806486525,0.3497995103085483,-3.4526799912501183,2.605536131083287,-1.154375390017309,4.066650956955105,-2.0763836074712216,-3.488146402073623,0.04671831152417383,2.511981169547113,-0.9256470615796264,1.2917894350748398,-0.32019073940416565,1.517160781483943,-4.075093585123994,2.1901988246368305,-2.8618779019963014,0.6188624455469096,-0.15387765032989975,3.686161171340313,-3.4794668891951
6479,-0.33295306656406787,-4.100862578980358,1.2263403551965624,2.2981887385319375,-0.06450281112659528,0.9737893629446308,0.05699420406869038,-3.5607058286218205,0.5964797436582128,3.318501996606276,0.7278372393320058,-1.1391073550428885,1.529161518403999,-4.074847464514466,1.1611434682476336,-2.998528769349834,2.012018251106671,2.371052996106382,2.5351244917262292,0.14540078354303354,-0.8092517991112693,-0.20414594589743906,-0.9746389255353947,-0.6924886047270498,-0.6915327964544744,0.13592813439863605,5.242938339807765,-1.1888852766817641,-1.0320977543415566,-2.4663506467258323
6480,0.08978525227573186,2.6940170258929577,-1.7016163748488218,-2.601037881522206,0.9222275792317531,0.5966243989726436,0.8176471077772582,-0.9942110636887662,0.964365310048712,2.6540983802275306,0.00026244160415256346,-3.44216217596842,2.571662008954064,0.2276561510374222,0.0974145174431662,-3.4794913593383665,-2.5413804962243596,3.1241391781285017,1.9859636836110823,-2.91407806214883,-2.6774415128698603,0.7418789961752008,0.8525350202034154,2.0111418750270964,2.4012594816838586,2.0169050771749504,-0.15138697298507608,-1.1377885888674601,0.11758234567683168,-3.2465713426803564
6481,-3.508989553034244,2.5556308400884085,3.8085082090600366,-1.8347137364338018,0.11340397486876119,-1.1338397345471076,-0.6651483641298235,0.9113449829181341,-0.7215976953702166,-1.0588516522987614,-0.3580180616486768,1.8922707905298175,-2.2388727903456473,-3.9773356798775286,2.3879390972185455,3.165710045849284,3.013290411590365,-2.3507310844345835,-3.03473039155104,-2.8534032086422485,1.9374390240880608,-1.111969822624761,-1.5286051489510246,6.591269547679097,1.5436027728171204,-3.9443623961696197,4.782056108701138,-0.6226055747178041,1.4597428095410265,-3.2184337201691235
6482,2.421751824928638,-2.32735780798426,5.1849403109176,-4.148763195367561,0.6394805582527119,-1.7700516907450812,5.317362252552478,-0.5060844689170416,-0.08546884828850843,-3.332427759717106,0.29961260526011557,-1.6929937808894806,0.48602999331819063,3.3363631097046564,-3.6268452419325357,-2.909457704141891,1.3935023493727634,1.320407493679248,5.218452500601412,-2.732807835837953,0.4858879227790496,0.641231397592124,-0.47698665838017007,-3.1357773267564184,4.441993893377216,-4.0539198087647925,-2.4503200882661744,-0.8271506733747174,-0.3953812901392748,3.28477796717047
6483,-1.3882931407598935,5.6096288606490745,1.3423057776019967,-4.738761045894982,-0.667430154672022,-0.15745029692217116,0.987910155253438,-0.7118460847625805,0.90841563987978,-1.990619647351675,0.8313654112073889,-0.025225474225880617,1.7628379090968487,-0.25086149912695177,-0.9912792929756833,-1.1973857108262038,1.3567322552568228,-0.6800436614243708,2.4224580421529502,1.2627005423604096,-1.713278421911653,0.27128719877374863,2.482394305810903,-4.7255616671883445,-3.049527570182569,-4.5818249819373165,1.7425661172184768,-1.1022478625971779,3.302261394539478,3.688772902961837
6484,3.190434223899942,3.3104200785509015,-4.040897389156278,-0.7517007020769881,0.5095144525626933,-2.2177706637782597,3.2667061659812617,5.611454673804136,-1.2402418268880928,-2.964025589988461,1.0843146240138664,-5.758208046922242,2.1843412144746246,-4.248961137490335,2.9474401843507003,-0.6352154878446861,0.9360675618957259,-1.1836723353855767,2.740340839622551,0.13162671164024253,2.68436809175984,0.3729671701231334,-2.679460573563375,-3.2498422395843676,-2.864809567248887,3.9138983612756384,2.0734406569571995,-1.146005265939332,-2.1897950633114345,0.2132708782695545
6485,2.0595052351555125,1.3712422059184775,-1.9891883957319436,-1.3538042777828707,0.44298665121423086,-0.5307414187714219,-3.1334176961086513,2.994892052031016,1.2075514209431342,-0.00826819934505707,1.0173174034340402,-2.078074980954007,3.2065267863813283,-3.351480532151422,0.010935460953355403,-1.6822379362366942,2.791406795520139,-0.9751505744662765,2.5516643121449114,-0.4013864131156364,3.9052772540306293,0.9572861857425767,-2.8216870907284104,-4.191154248076078,1.27664167260345,-2.772531077810978,1.209636348425441,-0.8828167556523745,-1.8851574591212472,3.0542272715584637
6486,3.0517402656798787,3.4573122789626822,-4.972945905509029,-1.2087155434987196,0.5618494976687352,-0.8892405933015457,-4.073127039977333,3.6581411951805407,0.5734869396658135,0.9545816240836782,-1.0990927288582464,-0.013989990093961069,-1.485598009304013,1.1446077207313579,2.9641771745954486,-4.171568536076066,-0.2195015042470736,1.7678831543007938,-2.309025695827472,0.09428908188109908,-2.179683958687953,-0.20092802250381325,2.2780996772967637,2.317248917839361,4.222978086290844,-0.4930088902110654,-4.54622670700752,0.9199880032351819,-1.9109576134271098,1.8072271211224127
6487,3.1325891903609424,0.11985262612981273,0.47246710502019695,-2.709559154242161,-0.6081464690426772,-0.4072032982241822,2.272717433735,4.184886661244029,0.5531425140095036,-1.60066337083191,-0.6189372688457064,-4.791145969310417,1.985549934246606,-0.2640861850631353,-1.4930431454129458,-0.1475607534426402,1.2625456058475066,-1.3434054561749598,4.699445156568768,-1.8932885118354896,-3.176982756065323,-0.6245236671417604,-2.3273646096966054,3.3227143881684,-2.6181788870260014,0.9459034760755856,-0.22861789754339412,-0.09874609882188956,0.6834927965906683,1.3161466107277917
6488,2.618011561224101,0.2650061348844801,1.9270802098369266,-5.083826321544542,0.45001530233840725,-0.17628688673748627,5.9779645356496935,-5.173563599853143,0.09540839210083885,-3.261547534306004,0.3325916845001107,2.029146521909002,1.844722920495073,-2.6516487787054572,-2.9559446672220737,3.183835695483225,0.2062026498988807,0.3728321800507839,-3.5678973098602142,-0.7225665332915874,3.664679339711327,0.22436694813124358,1.8157690614117463,-1.4143515061045164,1.7058344474930536,4.254404501508159,-0.7037573086710651,-0.1198999453487648,-2.239910980720783,-2.89667071425783
6489,-2.7715470319284154,-4.42974186125646,4.654281478666874,0.5028339571480593,0.536430456801587,1.5077430005702297,4.136667665194011,0.7158511112907888,-0.5363837452406086,-0.3857368320398571,-0.7131312135151253,-3.217266985688717,2.0831505010583875,-4.191878782491379,-2.7310049906776186,2.159104794925206,2.0262161485132246,0.6544123286725885,0.8075600566227585,-0.049325251131635994,2.524312702348073,0.5719948270094948,2.1066822232228493,-5.961224558073543,-0.20685076091434595,-2.700451956075675,1.9079534213979805,0.5195693713653062,-0.5979382917367104,1.077718215966204
6490,-1.3123582675884702,-2.5725611942026667,2.5950165725954513,-1.3820616271238855,0.6545965589574436,2.0173679573639998,3.0094840612956766,6.171720579068207,-0.6654451909722896,-2.734823094911331,-1.1834119137446115,-4.5975244407351425,1.5085728438927148,-4.227325846355633,2.2873565634367665,-0.8508880075683969,1.6727600137194365,-0.3904755671244988,-1.728993646826833,2.6232465508419054,1.0322203992009875,1.1761703849202005,0.9020773503415569,-4.004721038479843,0.003204702334972609,-2.6940429531147387,0.9665959662836556,1.079047871755229,3.430740413910957,-2.785546001167285
6491,0.8917589132222581,-0.07727586017875154,-0.2615193105696427,1.5429282321678386,-0.1556629020882596,-1.9402290725515847,5.346240145561914,-0.5496429254614235,-0.6223115886719759,-2.0581386612998855,-0.37180168723751894,-1.7443452828906203,-1.3349579704316223,0.23006682937598555,-1.059622155293944,-0.5011824913309368,1.2275750275397748,1.4381207601411745,1.330484785044849,-0.40907037614113406,-2.834463778983954,-0.9670133762232016,1.8666828896064587,1.0133798566949501,4.367909296087447,0.8438123957115131,-2.813220226054085,-1.1591067369529435,0.06799753714627421,-1.3073922659353663
6492,0.35198752239115905,3.222983460880137,-1.2709049977695557,-1.2443450323636753,-0.5584637020490564,-0.5012572510871696,6.141607774789751,0.23805638765682957,1.202431766295014,-2.2830574882005266,-0.2055946653394507,-5.09344377520112,-4.179903271557782,-1.1532556617837741,-0.07364924940764794,2.717505666827712,3.7772290102414168,-1.087926494319511,1.5128775196086401,-0.725249470912118,1.899989680328762,0.7385178239545516,-1.2022373433770266,-2.223898209604858,0.1205284305342289,4.180348459907314,-4.794636973451059,-1.0216783560304266,-2.1932729274147214,3.708711366457539
6493,-0.7232482613395792,-0.12996827414620782,0.9407822557608796,0.8075861978928245,0.2974364070992839,-1.1925883252653247,-1.2297709735084794,-2.7212040411990053,0.7850314236199898,-2.649272390392982,0.4253522999671011,5.38986368151388,3.8144731781753585,-3.849783337735376,1.0389804533177482,1.4806655727056466,-3.1530957607816674,0.6687598943187183,-1.8862762619944462,2.332769804619069,3.011449267206686,-0.6287527072988617,0.5151025896290431,-3.3442926921635383,0.9004175622956758,0.6980248188947975,-0.31136267546595775,0.44763323617609263,0.23868135784885425,-1.9733942997465714
6494,-0.9129558984780459,4.091859168582317,2.947212647463175,-5.795880271791116,-0.5276786489710485,0.19744300319656993,-1.9021569159328706,0.15528538712628404,0.04925865601196033,-2.481970430141832,0.47528378371999214,3.704299519216974,1.4563486480468377,-0.08315933196322334,-0.3174550468919577,0.40894423191529583,-0.8498292661661679,-0.61484923494036,-0.8126297670750873,-2.268234639948272,1.557003584925134,-0.5117462018375747,-1.6450430737057058,3.680650097639429,3.710691724690882,0.9645786808075059,-3.8490472438185357,0.13262302733937759,-2.7260198797207753,1.7671736907044497
6495,1.651291543346133,3.6706903458453866,0.49743284741891713,-4.648481648520047,-0.05813839894175832,-1.1127946891468241,2.0793190068461165,1.216999400453016,-0.6709864913714005,-1.711108647804437,-0.7321541881063949,-0.18206908001636535,3.5990829597247327,-1.5562658558342513,0.08076444357025991,-4.198396602796352,1.174436361987265,0.9003786933487685,-2.7622268900865983,2.107230947679149,0.011655001504699669,0.6740182534621324,2.5000892641507395,-2.530766576712196,-4.507439430646878,-0.8973932941984337,2.242941080630377,0.5016146909034358,0.3201220334318311,2.3401549198825506
6496,-2.339177663869151,-2.3813250863774584,-1.3723952078398405,4.900738553547722,-0.7518765986675873,1.9440360032081117,5.099076216135906,-2.7276872145131073,-1.085312367401972,-3.7462248229088075,-0.04209364644674274,2.5022418351352584,-1.1325713140661033,2.425016803022576,1.9976535374881585,-3.8507912341514956,2.126387945946753,-1.565695738239457,0.4286110062332007,-3.476514218978137,0.8903963110332533,0.5642800266955987,-0.5989087243674422,2.1921355993814586,1.2590450395282708,0.42695541303555373,-0.23883563551149933,-0.49516510354989673,-0.7614655868057785,-0.19053412669373948
6497,3.5770848865515177,2.384578492461433,-1.038213726471259,-2.06108380435575,-0.7627820410187502,-2.0995838071653887,-5.622469351014349,-2.0009262828323173,0.1845536632485798,3.0872408137577416,-0.7252662738611662,5.0768674307020305,-3.5940207364965264,0.23039512896654202,-0.29927508958746074,0.9681271498852553,1.9631339660000435,0.7316395812326011,0.16099195745918848,-1.673209319027194,0.8574560632493302,0.45105502305491907,1.8504194169691406,-1.6467131417074476,4.396590527891227,-1.6640545977357064,-4.047240005866197,-0.2728300711229519,3.1256692284317573,-1.5381350815952501
6498,2.727941016664502,-3.0152805323089886,-3.559581718565255,3.830286657294238,-0.16805160852881418,0.18468618544611104,3.826630150922348,0.9291717361199403,0.9544995806968606,-0.6293994058001022,-0.677829868565432,-4.403072193373124,1.2360813370765413,2.953568951933555,0.4177251079455324,1.8425757639877034,-2.8949961833306155,-3.554954977612285,0.4204612462466635,-0.3317268939190914,3.5757529295071855,0.17333396104994048,0.27890517938290316,-4.116726422269682,1.5580058927324494,4.672469349290012,-4.842502983941667,-0.3566114566174754,-1.9825995079335001,0.9512387064730792
6499,-3.1731989127181475,-3.796284718536892,3.7449374544739733,3.8526336610130762,0.7010277682195172,-1.3291152524497374,-4.60166792084431,5.3313544168109175,-1.0353366480626813,-2.0110610806687887,-0.4211810089113124,2.7378922416766507,2.177488992006886,-2.7361349971807396,2.2726202351657427,-2.6045472026120358,-0.5626247763272687,1.4531977489478756,5.831935306031383,-3.2140326938126105,3.8135350622353457,-1.1416686652517667,1.4208996468017325,-6.710668656006156,-1.9445521247589284,1.7362163504736792,0.4110292440292618,-0.6636270948732399,-1.3682455157562412,1.8291791408883604
6500,-0.5722630970160054,3.4020663547948367,-2.633792483585971,-3.1349398850259007,0.7281847359871061,2.210744374847769,-4.915136633881978,-4.329331758032712,0.28527761315400646,2.6565017385611327,0.23125295229072584,6.071436087909298,3.9552046407943884,-1.670802639437614,-2.269794006909036,2.0200430348552203,-1.5512550881327165,-0.4833959411697819,-1.9910426764788447,2.4375228486394818,-1.6412777269677683,-0.21267212035618144,1.40946571614408,-0.001996040982838565,2.1244194043439357,-2.0498502297970873,-2.9397228483781035,0.47833109721977607,3.018878643325806,-0.6320560667114314
6501,-0.3697999052281329,1.9583224188615596,2.4949274003655084,-2.5751560650890504,0.5683465303049444,-2.076640379212966,4.124089438988065,-3.2969051592766547,-0.0597794454569609,-2.0270965558479315,-1.0578228939256373,2.317514615519574,0.8419013698609774,3.4429183287128033,-3.2861830665378395,0.07135956131723731,-1.1413337253561266,0.07133753200338688,-0.3748829766120032,2.5483502087319003,-2.95449701858624,-0.755950940429484,1.2365002292946254,0.3004804975991462,-4.472341057995573,2.3128366892698047,1.7312398576459032,-0.5551460020933359,3.654659430581585,-2.6712489174054728
6502,3.0602931552834747,2.2452993927486204,1.4106193308050763,-5.8350992506846815,-0.12903060944534173,-0.7520820187052859,-5.8019568012989104,3.690698948515216,-0.030739693750293284,-2.4015959643926834,0.3487219813151876,4.194871529611937,-1.3942205253107716,-0.5382596646629594,1.9977842075374994,-0.9043497521419006,0.24768006965764755,0.591365664920918,4.149671201994128,0.785213476169897,-2.1673192540167356,-0.9256623094842071,-0.8402058854858279,-1.0016972291793174,-0.215410742067494,-0.12908846759579973,-2.6614587466290267,0.6588981942769072,1.7735367896784133,0.5735229723399016
6503,-2.756079849970458,-1.2248849714278691,2.3078206542587303,1.0222994586844827,0.7287651422663526,-0.07792043380939617,-1.095368061177357,4.09434602180821,-1.023748965869804,-2.1844864218600755,-0.6300679651159529,0.8393253922154216,1.7755645272434215,0.9994975315501016,0.06273835341035294,-1.397703421801383,-0.08123684048944924,-1.3588601499125996,-2.5044264839133348,-1.64993339297291,1.7110472529656704,0.7216610806004988,-1.5455059669001443,3.2671575102181265,-2.0938953365728565,1.361760313495413,0.9879786984926966,-0.606899443979998,3.2155642706201846,-2.864508502052516
6504,-0.630161884381824,4.8771381378584415,0.9307279806681592,-2.8503261767085135,-0.569094789774544,-1.7582832676598574,-4.006616322081879,4.165245662514604,-0.48856224083719635,2.8988248996254953,1.1323407377943777,-3.7012327370149514,1.4723780804905289,-3.090748757473076,-2.25746399455468,-3.0857159566098122,4.209695493136664,2.751855135010839,3.7028116388832757,3.4273891526003872,-3.565930722145879,0.6359216216218462,0.41350104119782927,-4.613692732159574,-0.8381715757628072,0.2912800806361169,-0.6256966392832446,-0.30829447162325074,1.571109480805866,-0.09022687476977787
6505,3.6052734786742278,4.904404051176549,-5.134989018181052,-4.6984371047779945,-0.2012359989198862,1.5249845920300302,-5.085676232118363,4.566900721570583,0.5257910803876085,3.665928044272512,1.0393137590238446,-4.712257373135749,-3.684069804538403,3.333299916043398,1.640686461472054,-3.2804669882554336,1.3580079585061817,0.632542456772649,-4.470964408456098,2.6363356487884175,-1.2826229421583264,0.4801326865915181,0.9742551191991335,1.6628638960332438,-4.044331543807646,2.556467673713321,-5.19067102458089,0.5088484185910787,3.1593559561186595,3.010330519968374
6506,-0.2904456542162457,-4.374482597635414,5.0461155274687215,1.3765552703415693,-0.1945787830615171,-1.5631637628952575,3.3265599510454713,-5.560155843911588,0.11360124060766985,-0.13829573453140043,0.9815202439927857,1.2767701427975062,0.46463845558504957,2.976779924530444,-1.1417830253339805,-2.2736052934740165,-2.2793134091445424,2.2532833478374954,-2.470668233705659,-0.6361658347957793,-0.4742094457474515,-1.17728779334562,-0.24604969633314155,5.004381003925523,2.5524674312674875,-4.23068611100285,-1.5045000174597938,-0.4208620925873845,2.7144574505858188,0.8891233391996316
6507,1.6208809641192161,-3.1358061517583913,-0.8337065215871178,2.587659101998618,0.24845166300758592,-0.48747905577804573,4.381438284573267,4.050372373303617,-1.2430386445954111,-3.704680974554643,-0.7864115191615566,-2.6976795195648577,0.4526084147857041,-3.831219329940124,0.906406259530641,1.998424218238796,-1.9152955782874859,2.3890760156729094,-4.688086560355121,2.0536296120482334,3.9605648071284634,-1.1974839694337263,0.8587004330785106,-0.9873243224684813,3.186234453788238,-4.212825990451947,-1.0682439591657733,-1.127358694406234,3.5675577246897063,-0.3453635344510815
6508,3.270140980981239,-1.9683122145102487,3.591689463277735,-3.454513374323799,0.05936169287601434,-1.498366548299085,-3.5695425493899045,5.391858049863696,-0.7017470935837418,-1.6338005305756518,-0.7672225055068838,1.28045462919291,0.0027769749304589197,1.1422521894885094,-2.955765277616056,4.090898948309899,-0.6226614665668961,-1.6575013685454483,0.06380849189557836,-1.7947623610987087,-0.9673796723906882,-0.8579580037269672,2.4282735072276598,1.1280180380909854,1.011221701545427,0.36495571410428695,1.0132000381836335,-0.8323467479037117,0.1685312020273333,-1.7255619079540612
6509,-2.782714943668866,5.704430565793658,-1.4190086654621865,-3.135026312733217,0.9365225531053989,0.6957968029670951,-3.182955817031928,-0.4270689331930946,-0.5256373202337379,2.0163711967388664,0.5515253564825597,1.5677655172377811,-1.8377056552962472,3.4167552407766735,-2.7588950494429625,2.599225064090909,-0.033667620210479754,-1.3857119799174438,1.601771866275854,-2.3458680664287765,0.42598348297775956,0.48414363185138587,-1.6037776880010046,1.4377467733226297,-2.3658151577643984,0.5263855520985565,1.127511255598467,1.2197588206433085,3.0438649071800086,-3.5517053777530148
6510,-0.9901393934334255,-1.709412345579537,6.068830815715721,-4.507497848119261,-0.3559892141428438,1.4942079855612604,-3.4955605504038267,5.362764168400609,1.2246648346097881,2.4669155389596717,-1.1723003117397122,-4.386483679826085,-0.33139752435246805,-0.18584633861684807,-2.305511967974258,0.0603504978347722,1.438586897747328,1.3238184353619467,3.1829027924140654,-0.46368914775755243,-3.7004501070951292,-1.1204700937411425,2.9069579624581507,-0.8052514062805436,0.31574555157743234,2.069399960744086,-5.710428704851321,0.46901710245159123,2.436336267371832,0.41992982270931023
6511,3.163658166908551,-2.188801633353755,-5.108597523529777,5.432189397391703,-0.623214683471004,-0.6752337239438138,3.201503698568665,-0.005207116391613198,-0.4099202718560093,-3.3637890910989263,1.1932425002910465,-0.615829719512746,0.9060577530556486,-3.9003766935482,1.2188430705571172,-0.25158805700602827,0.16837286351304215,1.8586910634288643,0.08879559802514692,-2.5087030873956273,2.009808587274687,-0.6899433690401349,-0.4969625237256068,1.5970047948593908,1.3141767460570684,4.307889132934214,-2.2556483372461607,0.9239768054994411,-0.9481843425766936,-3.3422100046648797
6512,1.955523802668722,-3.9096952588580187,5.9900672910561,-3.515773527737853,-0.3817366323813851,-0.13838567474566155,-0.48583675607912724,3.5589200466172457,1.0451744018090254,-2.064236039505772,-0.18969711275783308,-1.8643245400831105,1.2754796307242984,-3.6907431591119266,-2.271928205962258,2.9036317276968617,-1.3196285353505477,3.103188542004048,0.35382563623938523,0.18527254021626582,2.4239155288289425,0.44390562493342767,-2.059380012798048,-1.347539317422111,2.5585279981047897,0.5970289171713326,-5.444406605731338,0.10128915186517684,2.5963839295854605,-0.4088233909924188
6513,0.010409000158187354,-2.8976279412683397,5.48561637014652,-4.116262984766966,0.16631936214559317,1.3515461935868966,-3.7570417273537764,2.550839504815066,-1.151483100300248,2.9355277368777664,0.6346093769546677,-1.212451790993054,-4.222264014952733,-2.3211993231368417,4.2424531367305,3.4354157279217894,-3.41344448561912,2.2790389590568907,-1.274926361065205,-1.2013584495050988,2.515572019774673,1.068866793455931,0.7304909686042933,-1.8386449712667385,-1.347467168030736,-1.3245652915262198,2.819014334434776,-1.1541897900993079,0.8224473114129083,0.18476060381158987
6514,3.1735282291273563,-5.28381496185013,5.4469738558669185,-4.312836264191343,0.6683874510710242,0.3077616899780544,3.7777536528700857,-0.9786085126686999,1.12398241572539,1.0072998001776199,1.1589774900092769,-6.089404846113258,-2.8322416540381745,0.7884326880873083,-0.19195496417139069,2.9692097510064137,1.0744724932792415,-1.8079183141629027,-1.1074230589785437,-1.2080614696683138,-3.052244226618015,1.0898624542798814,1.0279400069010798,3.2499262940817637,-0.44628738066741036,2.3442186201405093,-4.966465255990055,-0.3729518059927326,2.9480474531851115,0.49343836932759366
6515,-1.4565056481244554,3.1906242721924016,-4.67747285113942,4.5600022997113605,-0.057475988234845676,-1.5591720844031158,-1.3168409747166088,0.3356085185246762,-0.7561510461793723,0.6990100545152877,-0.0359111478345957,1.0742845956910472,0.8160051463882816,3.7977523482821383,0.6212589154817465,-1.6534333536279817,-0.14274497336953829,-3.438838083154147,0.8821783584875149,-0.8769134662749565,0.2703653392308212,0.39347811421943835,2.9533387634881727,-3.6224471091531107,-1.726433908620514,-3.5292325588851625,6.194003762250897,0.6061695488833019,-0.7214066185476824,-0.8231002250777912
6516,-2.217517813081944,3.6139323055055144,-1.7495934871738683,0.10235825082659034,-0.360036542209035,0.610857286134669,-5.265129569137397,-0.4030281664270454,-0.1314835724041883,1.8872371305312754,0.09245973825221743,3.8199444391855977,3.193865443075456,1.9934683871641177,-0.43621685009065914,-1.8706222138895292,-3.584707161055169,0.7042123947962899,0.40732057457213955,0.32132375380973954,0.38783308009179507,-1.1718464910403399,-3.0366064393412895,3.0919755219058267,4.243617569810215,-0.9975004207195326,-5.912210316993278,0.5201880185322834,2.5900978239170414,-0.44419267454372147
6517,0.4090671264088286,1.0546737399675905,-4.594439015512272,4.007560363269395,0.9989714457350543,-1.8758336598666698,-2.8612225746438895,4.537037610090774,0.5024880334722361,0.1700796164728775,-0.609086428775889,-1.739296256615674,3.6831145196781456,2.844721772694932,-1.4424812918882708,-3.9029201123586628,-3.6705045111497725,2.488069623024124,-2.021469216605727,1.1321930067260109,-3.0243090584843024,-0.3874327198640186,1.2974428719641367,3.003575116261757,-2.142618547982771,3.722426940607196,3.8087636355417622,-0.19064790992516922,-3.6334351082708114,-1.5644890099671844
6518,2.35090269406086,-2.573586372512395,-0.30063520586657333,-0.3859377013084284,-0.7466162788085318,1.65587286443699,5.625536199920564,-5.75480398414139,0.0991560385870045,1.7707644820786612,-0.8071362349518401,-0.9335165014925337,4.114234297769741,-3.9529160227414284,2.230348050970658,3.9572292875581887,-3.6380782930715263,-2.7108173204851216,-2.742837820148413,1.0348207574292498,3.2417101341660874,1.2019410567882352,-3.002714045625435,0.26707991738813774,-1.9580096108192144,0.8865837710295779,1.4419007167818556,0.12950681243167228,0.9937496436579103,-1.4937313330787756
6519,-0.1453448276781497,-4.171671002080419,2.4549594594559956,1.7930533242198905,0.16128583805175234,-0.09228279196713984,2.8961615917632564,-5.881837129363163,-1.2098553237277834,1.6027051967981762,0.3752206170546861,2.21760504747526,-0.5949762922390889,-3.06398842805204,2.252639521891563,1.526336808991605,0.8639590456637727,-0.9839706562553054,-5.129421624401605,0.0029038719627720866,-0.18145592825740842,0.10482332351914803,1.5776068791993634,3.6255434779755724,3.3737591843489554,-2.1465795395856624,-1.7372643844664317,-0.26378884368951727,1.5776863603598876,-0.8038127769642216
6520,1.7976783855872398,2.4970329129095994,-6.1641528449996805,0.018857998292673983,-0.4459321386309627,2.296515686843046,-0.6286444558329549,-2.5284527014004787,0.23921475131701264,-1.9106260085453233,-0.13400811008312896,4.962516524545311,1.6690132962019604,0.5194001101547876,-3.1638269540237527,-0.2958710452233504,-2.26887109073407,3.540155683624935,-1.2130205617307226,0.059649305664438046,2.9941273249430687,0.5312183316847197,-1.5538687878073887,-0.8181056127563053,4.642994437377563,3.2520829696038085,-2.5336548898385125,-1.2250724218636888,-3.0171581419750364,-1.11919195330114
6521,-1.1148187475692986,-4.836737911254744,3.5295092851633285,1.0786058663616238,-0.40130982146750926,1.7447513287684746,0.04165327861596069,-0.5031145930295722,-0.8199036398184303,1.375167628054463,-0.9549614894354006,0.8611588156134466,4.072490711355034,-2.6267383767293193,0.9851141341208383,-1.29723976017695,-2.6669336313861436,1.5333069228170402,-0.026867010574715522,-1.8514502464255624,-0.29841638227969014,0.6017346082649091,1.4776848693342437,0.09731416167860729,0.6742221050910899,-3.9068685742523854,-1.0743108555372913,0.06682734784686417,2.3271483206527073,1.9129816562019748
6522,-1.9051079365316905,2.0708906277013313,3.4187521789302657,-5.797993705615742,0.7083739151549802,1.505084920362716,-2.4807179867049705,1.067371864514815,0.5205477118719681,0.40120507417719153,0.41514212839098796,0.07645120775049463,3.671879871543048,-4.069165679208837,-3.706482830162166,0.3040085671710564,0.2808834533358713,3.518876617321556,-4.456828215537222,1.5453021367766109,-0.27812178535049625,-1.1208624852148414,0.337683810258703,3.972826539065025,0.8941306098032769,-2.8362516250775442,1.6516456756419373,-1.1620359276957761,0.6571598980050908,0.7953513693259566
6523,-1.046881957038483,-1.4487653705551296,1.2278591109205053,0.5755172845175309,-0.9298680631541076,1.6221389953115448,-0.9047178752404932,5.592256103741956,-0.4286256430376305,-2.8691459550903904,-0.6573188479284848,-0.7324477824444493,-1.3276478493290362,1.140690200562883,3.8243679775043695,-0.179496923933943,-4.089879649698975,0.6319662448952208,1.2424380670147919,1.4726182416557112,2.1369511347061874,-0.9083467170391941,-2.9190499798568474,-1.0246107464828498,2.7779762389456266,1.372225734540205,-0.863401335603001,-0.4816983447486223,0.8343146469729259,-3.6394169401041783
6524,2.1986714997418098,4.201239915853439,0.1400962874070082,-3.6587736528287422,-0.4894371129809376,-2.39179693719072,-1.9787698033920122,1.4079095173894807,-1.236812818714915,0.3231340235977811,0.2794639117245259,1.2050751693956379,2.3747967014963898,2.996427097656092,-1.6255029971439114,-3.9952926450951374,3.5351727861879674,-3.2856009431009046,-4.428208797826734,1.8765940666638325,1.8259067564511007,0.39466007658262114,-0.15068113903081048,0.48172903715777693,2.628507453435425,-1.8710585147615824,-1.5953362830756745,-1.0584726682142884,2.4407131469852743,-0.5443531343661867
6525,-0.5472181086123236,1.3404169630410294,5.6585549207194745,-5.3954718844091545,0.35586515738055,-1.4121470481177418,5.564634904952182,-1.410485062568199,0.7024171791132865,-3.4509258626583854,-0.22026919795667244,-1.1853719608817137,2.3523994380884723,0.9114190061873693,-3.668013733907749,0.6195278475305059,1.5124421120168385,-1.7277746699149557,3.947662370698449,2.3656789918505723,2.6013474568092185,-0.3491207990981433,-2.605383652799805,-5.960184367462521,2.5253984161197565,-2.517250469808136,-0.8195156613746875,0.5083214928610875,-0.04853284712633865,0.3515790693312937
6526,3.7273877371628537,-0.04709995023570812,1.8392158458587922,-2.272331477964098,-0.8305992591011704,-2.416572895718865,1.0712369376012774,-2.0529427172288095,-0.4261519506412963,-3.5028472184675934,0.615157494559563,4.295547454177349,-3.489897797524561,3.6681206175186425,0.07359545257807909,1.6988951894756816,-2.6088507114634947,0.6581372494161677,-3.6538161773527484,-1.7196926775494514,-0.3990273049198745,1.1700932448883936,0.758432147073826,3.844010767857629,1.7293240549966526,4.097612628948518,-4.507457722960378,0.8840089798879802,0.11109040696545591,-2.3145783478352566
6527,0.9988233519732201,-4.7883492650031485,5.246145127660071,-2.799806163845023,-0.3030122323992619,1.6461991816159323,6.156334546850719,0.8253528314062919,0.8061885437276093,-1.0046059548028587,-1.2252695929186985,-5.558000374262598,2.798011010082753,-4.215542645916171,3.296877880313435,-3.948893905105237,2.3949573332966203,-0.32540967267086707,1.576063906976703,-0.15949236410223833,-0.30454589431819024,1.0629902705241214,0.1644842175163035,-2.3395001365988968,-1.6659377523922494,-1.3992261744029406,-1.7275779116210792,1.0723650569836725,2.0426343633514463,1.6777424180841507
6528,-0.7474069996117763,2.533344488660891,-0.36390693380559114,-0.300549049974709,0.4710625517255189,-1.5925440569925353,4.801084485134556,-2.513093358106744,0.0014475676762755185,2.1861670785639262,-0.04706717282252981,-4.428538600445009,-1.49947994681788,-1.700617559280447,-1.9681728839272896,1.6295605631139978,2.8092307335705975,0.7294790933415793,-2.112525294595347,0.7143550873206834,-3.2244884789267036,-0.5485618744178105,1.0631292656506908,4.1080912949663215,-0.8464026984220645,2.66176101176217,-4.192914352309121,0.8320411778126733,-0.4460545145176198,1.9915693756769706
6529,1.4599426590769369,4.172943835066018,1.1698551808555742,-5.774100157698179,-0.11954262481005307,-0.909098892488517,-0.3164299278452454,2.6223450015148266,0.6420963349642648,-1.046426914139433,-0.8927144996817056,-1.0088699948122262,0.656310259561959,2.930126327666109,-0.6670690885219699,-3.2571419950646945,3.330185692508927,-2.9924111961497726,1.390045664963722,2.2692501408416383,1.7432628806545338,-1.2062203772981497,2.291929876222955,-6.488268185386865,4.958703680378022,-2.9867207451895617,-1.5538261375253484,-1.089788814828046,-0.14765044123178583,0.8192824583997158
6530,-3.318528289641865,2.5766236602249677,1.6512909821652855,-4.164894683664826,0.8323237177048357,2.423184613213367,5.876189968911138,-1.744410863797274,-0.10882496377361317,0.9056144341383927,-0.18060564268630763,-4.747962932791875,3.3811845394300484,1.1585905757889456,-1.1989840255440907,-0.4127059349304467,-4.184046000996931,1.255960846253032,-3.2211983726274056,2.151788102117571,3.411924182201794,0.5247608842106724,2.9875381302473,-5.854812926152096,2.6908690109867024,-4.36623062101935,-1.0324053567488143,0.5976011933107293,1.6790850708674974,0.43108070260623066
6531,-1.4435705185019216,-2.9158189172346987,2.46936311244394,0.5667255822575754,-0.06221306795259762,1.3855138089894936,0.3827425689410191,-1.556249328793406,0.5161906700227474,-0.37185116396486606,-0.8610065787513062,1.890173832546271,-2.2058624181106925,-1.8972922391222014,1.007659304102006,-3.7336362800123872,3.845660975133633,2.9834706580101944,3.2753316587034824,1.9694723294699568,0.26654436450986196,-0.21597238916535222,-1.8154818445030827,-3.479894119017043,-0.016464944408728144,-3.725057815594866,-0.418219627717356,0.3481389477259542,1.2910438097875812,2.5205596302103856
6532,-0.26745215487897056,-5.024626450023785,0.7012353131121003,5.205239982169392,0.055224388523311685,-0.6696210789002741,-0.2905860956573534,2.2857993314582927,-0.11394622637951812,-2.429338530846028,0.6292191206540529,-0.08114759922900561,-0.4369226986766641,-1.931502864578805,-1.6693393286584701,2.055324266614175,1.4162880156906112,0.5661526096097074,1.1824955289087384,0.8693323369755319,1.5864779971673393,-0.44872514001020036,0.6666444881160611,-3.8562252111596678,-2.4321402945871426,-1.4275979920817043,4.273033364222957,0.07433261337908448,-0.637985105156881,0.15035741422664728
6533,2.463133788479837,-0.7145735719257402,-2.091358450411743,0.40300317973280286,-0.033619701593684326,-0.026585244279685227,-0.5214777328476465,1.9547930720821292,-0.4801289296959208,1.4997961068892458,0.9032559682844976,-3.35623848471187,-0.4907536561729593,-1.6634536540370384,3.9431917501213327,0.37458675996251145,-1.4602966305294256,-0.7032745693438525,3.4161338151575187,1.2544940318588722,-0.4973221734557942,0.06587879486702253,-3.034766419926333,-1.2044180485034488,-1.7944233057187517,1.1222578801464493,1.1260048866755774,-0.6148535323797972,-1.6821148412269924,1.8431289125064438
6534,2.431767145123491,3.7679241766980276,0.4034698787777238,-4.438761680614839,-0.7833213150380232,-1.3810782049445987,2.3489164164185468,-2.3893919943919677,1.249783437121998,-1.3467706307965024,1.0647119356327002,-0.9272491639843246,-2.647965610176257,2.6947963102901866,-2.797922002891953,2.6618636609087005,1.3083132439281577,-1.2190856020582679,4.563832735721146,0.30538098606599284,1.1766118724229884,0.7635259038876869,-2.5038091989844222,-4.3055422991155865,4.184469269009476,-3.118163680283452,-3.1913231095208587,-0.12143626969098875,2.632925902522352,-0.3864721120336245
6535,-2.092911755347796,-2.2914762571708565,4.380620626267078,-2.270914082884442,0.45838017045621715,1.816301298681541,1.6329188598572273,-4.646620944844887,0.27876949548570185,0.22186561037786845,-0.9262683435036436,3.4393353226281818,0.5408873155947376,-0.7795827956610601,-1.066936118823099,2.1098480300023716,-3.732118110247516,2.9279016791351147,-1.777405418449895,1.6921762311801718,-0.5608364128334618,0.5102411310855883,0.3502409955142678,-0.21441652649889065,-0.326482379886361,3.597992264908463,-4.353518415254218,-0.3665714585719968,1.3793289728799465,0.0692510159271098
6536,-0.0367366129275748,-3.2366696938510735,-2.5351406245694044,4.640685229420164,-0.3321104036677487,1.4999721055973474,-1.8324943303528798,-2.8784540865812325,-1.0979416501681758,1.619947740527536,1.1640750306424996,3.0248672959327507,-0.8205157921568222,2.9159832227502633,1.3628074298135395,-2.007498366645642,-3.014808800541527,1.5640323067806818,0.8012562074926173,-2.1460121503756504,-1.6129756212210271,0.8009743967908527,-2.13515932155077,4.291916488861773,4.790809182593037,3.43177130839954,-3.038294427024141,-1.2252762879204298,-1.3644251184324698,-2.594584657612616
6537,-2.627444786372374,5.699824967819353,-3.1392501755975672,-0.6946294173645668,0.5705214300098529,0.1909779815070376,5.791208346620262,-5.059530530278206,0.6664396761294586,0.6725295007768928,1.2114070799416465,-3.2820540731895917,-3.259255825876359,-3.794165531623559,3.103796268361016,3.0772626755602133,3.597423017366765,-2.7250606037876004,3.8446343172515327,2.6542695397943135,-1.34302853112494,-1.1222635610456115,-2.8411572464190566,-1.1924545184584545,0.8864306946930043,-2.830418117306369,3.4651503920054196,1.0051677086382256,-3.230881896617955,0.7045512185905931
6538,1.6498812198667885,-4.668119458114624,2.4471217444611746,1.8594406609686374,0.9412720565775947,-2.2295962237578637,1.7183894825105348,-3.8085390496701983,0.752095674799544,0.8615487209256738,0.31689506124894784,0.15961011018594107,1.560338791187995,-3.7645629237897325,3.2987059823598806,2.454897376970365,-3.6430093673936543,0.09363014066561703,-4.2397417764667225,2.418378172047184,-3.593709269380726,1.0994206041233507,-1.124965888587747,5.440618158262453,-1.2308686685125707,4.966774805765763,-3.0687065332194976,-0.047329029311626414,1.9574544796032107,-2.577325054322351
6539,-2.13739597535265,-2.9474964666962684,4.897967878383369,0.8327674882727045,0.1175500476815623,-0.7633929722870008,-3.4826087346888173,4.858432065061255,0.9976045744146607,3.736722664772401,0.04040876617652689,-6.150559335735586,-0.8068422168006215,-1.9151395972305387,0.43778715675397706,2.31136969930175,0.007950682393147446,-0.035125724417268245,-0.09813768812474777,-3.082565381435396,-3.871773225776261,1.1803984263619398,2.432148721346117,3.4399291476261133,-1.3093135743709219,4.272887134510793,-3.677098318491101,-0.3874254482224062,-0.31000931562698675,1.410959522203541
6540,1.7485776795450718,-2.7562683827282584,-0.5717774461682055,1.2536029735649166,0.24411555748179037,0.0817496183063966,2.624460923793965,0.026771769316539462,-0.40093757621679416,0.4992892448966071,-0.5525856618450531,-2.1969986999448103,-0.2129566441373143,-2.1063695347182083,-0.40396020055876747,3.467004107838509,2.635360831190102,-3.3790785596138875,0.28770039952963344,-2.359764107441272,1.029310406042807,-0.8533086508700798,2.6311243449251815,-0.7350623921885173,1.364001194309612,-4.338201869120775,0.16964699962041507,-0.8810057111515315,0.7667241467234263,2.9188352396217745
6541,1.6053312829931627,2.145475408342854,-5.445921499611021,2.6583428184653606,-0.5564736147320568,-0.4067543954565789,-3.336626066602168,5.773996642915353,-0.5232245797190576,-2.325832167670324,-0.08550292803049686,0.4971890991071426,0.7849390956015405,-0.17286541570627634,-3.5011228579010485,3.514633045615774,1.7609437501236904,-2.386527617733268,-4.532800222513881,1.8579426436987738,1.6415075771708594,0.620628755086976,-2.2617670600492445,2.6744883066042817,2.2323279144095913,-3.13989535455708,0.40916104230141315,0.06623881813510568,3.10150622144932,-2.66933864173542
6542,-1.8298251170168633,1.8162970125385343,-1.17648439889971,0.2581556379759533,0.844492976738767,0.08736388866501521,3.5146063907830793,-4.9168205286870545,0.17097856346817153,-2.064556631113774,-0.9282434904988586,4.22403569604888,0.17165736924014396,0.06278398777391914,-1.1869331807657062,1.7078793789571165,1.9910381833949593,-2.7464257386000366,2.8307659717842064,-1.3979263186112831,-1.6771642717036013,-0.03675593001360866,-1.001570538442241,1.282651086984277,-2.2487274224863896,2.643598705128131,-0.08121595781948443,-0.6481812178034403,-1.7842292329255915,2.1187551259097184
6543,1.4773126770476601,-0.23465624175469202,-4.88815661785782,4.081427966678405,0.8951854402513284,-1.331113224363163,0.5332665607325815,-2.8895100007661085,-0.4835038193656205,1.696043439656492,0.13569615690234738,1.0080076628407681,1.979649688926635,-2.7066866836813865,-0.08380132789909567,3.5696725078971454,-0.4377351924556514,-2.3210989927872205,4.619561525446631,-0.1751212260837356,-2.071331166617103,-0.6257329940710141,-2.687502092603445,0.9401259539263513,-3.2487358316995802,-4.081633965834724,4.577817371323707,-0.3714950788862481,3.230507643451169,-0.10646013835139634
6544,-1.5483348260172711,5.1613619546446685,-0.8143358063736272,-3.4996598311149896,0.8186911615189376,-0.11772265265600979,0.11249022075291393,0.2881270690011277,-0.8675608084491202,-3.5910026079314648,-1.1066621953754705,5.1646083220024614,-1.007036897440658,3.1307913765182427,-3.7227985427766566,3.209541988809743,1.4364188013871448,-3.0469167264973933,3.0800395581292506,-0.34020056742066984,1.750319639033453,0.886115602182139,-2.5814874371717202,-2.794786794754767,3.0476486970662258,-0.21945287079358522,1.134727705857184,-0.6282281039193665,-1.8788349447351589,-1.45586048347233
6545,-0.1891030772322182,2.6829586405886943,3.0368865064602026,-3.788757334581355,-0.2928354844886025,-1.4491492507450143,-0.13981876782838754,-5.635960047201582,0.07890461379709635,-0.3741101243039182,0.8105982949791102,5.2603860305581485,-3.388074054733501,2.8513824007545416,2.9994541900708427,-2.2682024727932895,-2.6945327769569545,2.4999727136588206,5.922213156273461,-1.210438353201182,3.8917939625420566,0.7753631585262548,-3.0722847732273415,-6.306647150915509,1.5221849201876445,0.07973620811690196,-4.545273323838661,-0.0900419969771118,3.7433497433316667,-0.7099555508174848
6546,1.837735568419813,1.8930763116898106,-5.955864831046643,4.15840521282189,-0.6456174072857443,-1.2877348545974296,-5.426111473787945,3.8564539071454575,1.0565050082731693,-3.4349146860719735,-0.137821845359146,4.0858890898009115,2.7073788606295572,0.24537668587703365,-0.9717974294311773,0.570346410998738,-4.024927251735139,1.4736227236614319,5.07408574235771,-3.1768019196842907,-1.2926531546389235,1.2385179809694868,-0.6471362891595902,-1.1960123598466268,3.191552069039748,2.4677457711709145,-0.4195256826333953,0.5352379909252694,-2.722017864721309,-3.052992283778268
6547,2.5141047850010096,-0.04103060330627528,-3.6426219807082028,-1.2518890214474716,0.8397819229382062,1.5816548975244267,-6.153228506993763,5.496533057732357,0.2002070896753141,-0.6669017688993062,1.2122855980825245,-0.0888954695966433,2.6200758379582076,0.5067673920224323,-4.067333007659482,1.8275329497312036,-3.113217793056249,2.226174621004361,1.3340161633773597,1.197602493452477,2.2265980152109606,0.15038704559949956,-2.9850225551949574,-1.923581162447558,3.7197776164688037,-3.2894915651752292,-3.9849210349111246,-0.18851552659490345,3.4087961677517953,0.3343543424635982
6548,-1.0866502726482494,-0.4352736221757354,-1.8802554649499967,2.0099305835605747,0.44913267545927305,0.9431161007557982,-1.9206534039831986,3.0057405466996947,-0.4032405743626777,-1.6369363583079952,-0.33396336669413085,1.2890531566488264,-0.18417350937833987,0.2951041186996015,3.43344603139537,-3.9848232479550116,1.3667259559729672,-0.9262793487341234,-1.8976582191701432,-0.4654636371134604,0.636842679024781,-0.30387964896030883,-0.07907209420097239,2.1092309204178896,-4.503909478159004,4.057416816240053,4.869151773468257,-0.5038493885361106,-3.729396312809099,-0.18941341020116909
6549,-1.8120328674366508,1.2535395579606572,0.5087877300632933,-1.0007723999745757,-0.2635926415564178,1.3140706209453654,-1.6482654350746984,2.267175592562648,-1.200051889443647,-0.3771615336773966,0.3735074175977511,0.5847958480358351,-2.0778418421578024,0.8217695403042669,2.1216574078180663,-2.021982188868705,-1.0782501998022287,2.234647282706888,1.363223591178226,0.003773851664233163,-1.828558360861825,1.2010927846091324,-0.5448386786047141,-0.19469318798726576,-0.5677873402104048,-4.185201784504985,2.4225514857565784,1.0183052495864393,-0.6213902849191868,1.933522674294501
6550,1.2901762612509557,-3.9926506889659485,-1.02894988895655,5.628349094843777,-0.537772060619955,-1.3591527175505966,4.043203777222786,0.4737299525351908,0.02889903736853583,-3.6557060211651073,0.9940545764022612,-1.8841813223631405,-3.8546884891060866,1.1144511463092215,3.107866407132917,-2.637190347295366,0.8921435866754805,1.3774176962843327,4.162641145244301,-0.23000474083541178,1.3208792655634483,-0.5839152042358506,0.04175367089133708,-4.711354136630035,-3.7992481849255597,-4.559972491391292,5.403529301794695,1.153725160220688,3.604732823731105,-1.8027666094266692
6551,0.0709912927908487,-0.5588693259541664,2.943339801664429,-1.4948154860762202,0.37772305077362667,-1.3383693331968303,0.9924250305565074,-0.47240704745518514,0.7998214987509877,3.7293565768922186,0.2025018959803342,-5.251697954724321,-0.45007227642816616,0.17144513902660208,-0.5393959847821606,2.5704045296915723,-3.3070237280897743,1.5546423205824418,2.146325764031218,-0.307808399692437,-0.05855506269436539,1.1357055080751204,0.7526611264896861,-3.668328936211438,2.450918533929727,-4.775117157183919,4.779628332634687,0.38742979360734253,-3.606712653667387,0.7638531506825448
6552,-2.9634080281263184,-5.272128389256274,1.1720124296333587,5.297254976600364,0.2508757361223397,1.5153932750282095,1.5940815436661318,1.2033267537089642,-0.1949714423566702,0.4069932948303219,-1.0618611743076976,-1.9475689755404915,4.241948732221047,-2.6988199731801252,-1.0389298170249628,-3.306117602326143,3.858843636212079,-1.056924975901385,4.999346515564351,-3.08425532722047,1.8412457722348634,0.004878619814299157,-1.1363291055264622,-2.6248864748687915,0.5462785817684264,-3.737488040299798,1.214709287165011,0.27660003317036175,0.2218418574596921,1.4780582807392726
6553,-0.8592674230611266,-1.7548606719062505,4.840147708351921,-3.0207594756053027,0.4186626945707306,0.37607716765169386,2.0255848082529475,3.2262034279991987,-0.6358419165065019,-0.7904537038200434,-1.0435052521960495,-2.7819873637289945,-4.213990013224537,-1.41218442461982,1.4471171569239445,0.49922357041702625,2.462825119007224,1.2170085914966755,-0.37850446147614036,1.2816998220349465,-0.12033860000096652,-0.6119768078961858,-0.6576065333865664,0.4867265807226886,4.832422971937717,-2.2757887823658933,-2.7255957301898803,-0.7481464867312795,3.4438903972856636,-2.526782369933347
6554,1.3220891065274678,-3.910729223579718,-2.184038040568243,4.195330654953885,0.24400492791545547,0.33334257475279827,-3.9822810331013514,4.445871285211229,-0.4569312273781154,3.646963321989574,-0.8453140645353372,-2.8083082821854717,1.3114188949663514,-2.850671068561402,3.6381522016939343,-2.125183293845085,1.909260226895018,-1.882976961148266,-2.1305336556246033,-2.3387022086077334,3.6339209468186056,1.2457676686671864,2.215827021021896,-2.6262797722775666,1.3179300131487786,1.4784969489669706,-4.596218652834612,0.03328928830916844,3.708372337687088,-1.9418699352743811
6555,-1.05045961308827,1.514086814900736,-4.853820828083435,6.091718650220123,-0.8738041215218624,-0.8277209024256269,-4.89737231777973,-1.4470984962790219,-0.904449514069773,1.3646513927024841,0.3646920959108826,5.5195768395157,-0.13568028850458091,-0.9219363960148712,3.5526743857887304,-2.7894194610471565,-0.35514982511383053,0.6495115848922808,-2.6752238709152643,2.22312538947304,-0.6319596846056275,1.0438989029173857,2.2329314434837695,-2.1927721803555116,1.9684938847919504,2.2987598009440404,-1.5057975913594497,0.16991082869072116,-3.534889447400918,0.6035225243366646
6556,0.39460450668732605,-0.6100129125866935,5.625364568318439,-5.2045131997709255,-0.6877142161100529,0.48227125346356736,0.7141561355331767,-1.2163494308100269,0.9277121585836827,-3.5258145924193744,-0.8597723654960445,3.9600680946091202,-3.2845500721167156,3.106679240768223,-2.6652537783334598,0.8948487313947169,1.4522004464397433,0.49607543184802516,-1.1425578806377388,3.264756439500495,-1.1757847289550831,0.26062465070380636,2.4754321670138655,-3.682470647627568,0.38850917847682,4.646005057550145,-3.1493300093530223,-1.083765667327687,-0.9119277862774791,0.1105092269342478
6557,-1.5143307679788585,1.1955298744177192,1.6868032785810598,-3.0364248248107266,0.7859927148567949,0.8824297249356778,-1.600992848808989,0.8354887787886263,0.4679913567257117,-1.9977257904938117,0.7344655788815819,1.5607729249074147,3.406246790291025,-3.5226014951488054,-1.397638405530719,-2.374000112739127,0.9363523135960108,2.9516409095321414,-5.551022610965859,3.1317566738773195,2.3217625644950886,-0.1285163508080247,-2.6580079040951965,2.884027627494458,1.7524809369322973,-4.197810840809792,5.175398373136023,-0.327945343246415,-1.0398504649067508,-1.3622726611023204
6558,1.2901206759747836,0.49964050711764685,-3.593806889251063,3.710885141466555,0.3779274734442968,-2.284766908750572,2.038643619587578,2.5396505301000403,-1.2259747148198024,1.1140042772643248,1.1285098846146413,-5.594833596746241,-2.8272635994834516,2.402639445257048,-3.6746107025355634,2.6294183766882675,4.165615597533382,-2.6957991174591633,-3.4614304337346695,2.775499550473409,1.2596840253505306,0.012724112886505878,3.226009312493762,-3.812486567471783,-3.4789436680937484,3.8935665235578156,-1.4409251275704875,-0.2632604444657094,-2.0416841186895436,3.331246835264711
6559,-2.2030695331291223,2.3601738021526053,-1.3568455549106062,2.8442234491108245,0.23294577978888986,-1.8774279430109413,-3.1063722334651622,3.7170351775088015,-0.12870811415466044,2.5472632969385387,-0.06051900238015673,-2.9686991244468075,2.4131433183051243,4.207360301932216,-3.0647408335511965,-3.4078815277435694,3.5343962793847545,-3.68227753832681,1.5091324238621588,-0.8386513030089215,0.5552030897907372,0.9276442554535835,0.6638210518775729,-2.817149517977402,2.110197802873458,-3.488940796490656,2.7571021743160635,-0.5277938448333659,0.8279372263896256,-1.6785025622520884
6560,3.2426241545711747,1.941745710273274,-0.8781725566537837,-6.032621082261066,-0.6825037777117653,2.408927551783828,2.71938757131705,-5.934973779299781,-0.27254931821020545,0.41478061549702083,-0.394963501533633,3.468318412230108,-1.0344124490110893,-0.8786401438788509,-1.4154640980469253,0.8201341209854398,-0.23102404943284682,2.7394066193847735,4.357277359063691,1.484834014730792,-0.6116744394308569,0.2839356779972144,-1.2107520198245005,-4.303620592538625,-1.6267953351093816,-2.959527261907386,1.8507132803935065,-0.09594693193777992,1.2384789246016474,1.5930773239624187
6561,1.840817636556313,1.887065130385178,-2.8399814340728256,0.5988899811727713,-0.7055651861213004,-0.7812261279184742,-1.8229814966419333,1.421797192175859,0.5410711465966545,3.061668694378607,-0.9989202459747357,-2.202635290533877,-3.9511019452565908,3.61486148822425,-1.5819448739525726,1.180319548388983,3.1143834835433992,-2.3765177009469785,-5.195386148841788,2.972716950150616,-0.15977635521725553,0.19670001489533728,-2.866902546671124,5.052648085681923,-4.0129147117281505,1.8684765794766456,5.593327817931591,0.755347962210414,-3.1089770669091603,-1.0952605809783478
6562,3.224673011002505,-3.0536378822518486,2.8942935503898823,-0.011210214956498987,-0.7792899134426647,-2.274828550739735,-1.9578332915315748,0.0520397529284331,0.00132158425632678,-0.6752370644541408,0.8338545971225839,1.7458544216789562,2.743459150880323,-1.9869262010910518,1.1564219378766865,3.6642291106438805,-2.821952451759815,-2.755231546549542,0.4181433785422364,-2.080736580008825,-1.7672347620040902,-0.06774344831573487,0.41403829717999585,3.0835331146041085,-4.322327654576938,0.14726602927209598,2.5532948783386225,0.6353062390589717,-0.025037015897874326,1.0114975238081243
6563,-1.9560154665143212,4.175766049877858,-2.700321521136839,1.5348180933322588,-0.3330387507051127,-0.7212084048522396,-4.732661801496047,-0.9287156327494301,0.015333636659908834,-0.3439775608514335,0.44411949192298916,5.545901866514573,3.59281192317059,1.7788027720257098,1.865634223203326,-2.2340187988456215,-1.8537256341034531,-3.1495044854500556,-1.8576576350250242,0.8632742814738723,1.5304497348223514,0.81696188206325,1.0047104959950737,-2.357738759331827,-0.46818608105340687,-2.996957499790774,1.0212915410223076,-0.5094592260204465,3.5502021011085496,-0.5968908352632631
6564,-1.9789617425806032,2.8425797854920063,-2.890128538831455,-0.16283838167422005,0.5095764400310534,1.6797724375648357,0.22893843105685008,-6.166017371102175,0.37145439802915803,0.14764944369359334,0.3392150132674905,5.078760085055613,-1.3153809228581785,-0.5260441041058179,-1.815754735665017,1.1088855585931583,0.7163307331034687,1.8319634709328518,-5.544561200867673,-1.1652098135365918,0.8543821410383394,-0.12239292949000014,2.1855429806498687,3.7922388222037746,-1.8891445762033463,-1.1248523417466672,3.2368862013381197,-0.6647506577573106,0.7487287011630759,-0.30686732679089346
6565,-2.8472087862969406,1.3352914707097092,2.0444419211595815,2.401547890841538,-0.4652271579671048,-2.468845338445175,3.075885021232672,0.274041743491253,0.5402341099614789,2.6325255561915455,-0.29238416551845336,-6.230302265357945,-3.2984771006460534,0.27186210752324413,3.236550341846872,0.10084172122640211,-0.3733657102003711,0.06258864025036459,-4.774542023419073,-1.4717877996038435,-2.7412582375194745,-0.6182625453282364,3.154545082769385,6.451305523098952,-0.7900589492699908,-1.0958054238406056,-0.05480342715872766,0.010783655382921253,-0.2001399344553132,2.130024079344711
6566,2.167655077080717,0.2963825986804913,2.44526682954767,-4.654384619364922,-0.15732647933463095,-0.09759340660774996,5.388273000136351,-1.0652421646116608,0.7617671160180954,-0.9381538567522174,1.143181362678984,-5.289825457469025,-2.7073903942410595,-0.8168298040859341,-0.35023268512770045,-0.310248984029581,2.1995809536078177,1.9851209138769157,-0.40086181378906716,-1.3646580435620805,-3.754065626504527,0.6106180247139541,0.9522399805388417,3.956727478600566,0.11818084908939852,-4.977662262732945,4.684153660098502,-0.2383382291012781,-1.474207598588043,1.8878735812373577
6567,3.5973659979432,-0.48568920428284557,0.7468618359867278,-3.621069454193435,-0.45314230125387533,0.2156731258017981,5.175356723107729,-1.7210997292234396,-0.504579309152513,1.2565643700085225,0.12728206658760755,-4.333524121327404,0.20656574331571065,-2.2384758114060936,-2.309300335351118,4.074918011219022,0.35038100483591705,-0.08408861261292522,1.626407622908534,-2.140610871199634,3.3594055479031475,0.6408436553714338,1.4702945623921764,-4.95634051737801,0.5906532853977176,-2.6019315272936296,4.380601939638332,-0.3350804872703206,-2.9832451773130177,0.9490019668439462
6568,2.4299109461967987,-2.130780607283068,0.7793575680605116,0.6454160329359624,-0.30258247094061197,-1.4213214689679834,4.749694063403609,-3.4824807598752514,-0.7603211159879484,-1.2549742636636765,0.8678712473578365,-0.11978917123400024,-2.8297446938215423,2.4264712316379864,-3.9483957813101753,2.6833088284499524,-1.8538738313901302,3.5222342464343903,2.5839998005992797,-0.4566615763723334,0.3131039133802105,0.5579641045904555,2.8125109825561037,-5.810917224756061,4.026834477776941,1.1486904967685732,-4.2661041544720355,-0.6994573656684073,2.2306996204916096,-2.4406630748936795
6569,-3.414457332538049,-3.4738954708312946,-0.04583846442385919,4.552798272444964,0.4939558580097305,1.8874371373400862,-4.409930287126407,2.7937147168126124,1.1950420227941123,-0.9355605112958028,0.4691405936952213,0.8875934651208226,0.9435359440335134,-0.8362624702451313,0.22826301811836558,-2.6383506588149377,3.422675409232969,-1.1198612423243262,0.7196223826262127,-1.7877088791553675,-1.414048758349466,0.26079658546291906,3.100877708588179,-0.8795390391748192,1.497651384318047,-2.3975037782970823,2.343529642816314,0.2165637936731768,-0.05729719362618013,-1.6029438488812957
6570,3.5295701590474913,0.49324706661415973,-5.506093497506043,1.0596541523540104,-0.27093686029991804,0.6945589797918625,-3.891600334937941,5.298626646456174,0.1725661174701303,3.3547794765684458,0.7197443043423268,-5.654116209898568,0.3460691290582858,0.47731360546718804,4.045694518718513,1.74522585890276,-3.135865151158306,-3.478437960987957,-5.748947494383874,3.392348539651916,-1.0340374617350374,1.093320813096648,-0.41819041054011663,2.7155060139081506,-4.675661589898375,1.8420625708589249,3.1462145632043956,1.0816529615718649,-3.317118215078956,1.9228497093451367
6571,-0.06295650676039344,-1.1944685096074572,0.3513548085596696,1.247095255135605,0.24125788723440245,-0.5822829345602667,1.326862476719338,4.324208537724779,-1.216200361471747,-3.666009496631311,-0.23017442246232456,-0.5386867338781798,-2.298058591953245,0.06994496561458874,3.506488245689752,-3.08843066179152,4.199935926242748,-2.3898798838018465,4.376339066124039,2.0282857146912967,-1.053001766749956,-0.5560735310767235,-0.3830838373354801,-4.412465645655484,3.4847272418495763,-3.513604763985775,-4.176967014622651,-0.22745595503928406,1.9614159726434046,2.471884519157733
6572,3.6741925060342098,0.4004834870457863,-5.072870171851992,-1.2919228934008409,0.9102798670992729,1.3798372050751393,-3.164946108024054,4.617130362995905,-0.08710912510984947,3.2625736090617004,-1.087313796621089,-3.5403349423020956,-3.1622222645897224,-0.09848482264692748,-0.6694196491645883,4.119787758413835,0.7032234143670273,-0.8928844363791413,0.28681889921960746,-2.9921311819773297,-0.03670226943279786,0.9726961019828613,3.2227600836589794,-1.4534416334536502,-2.100244971148012,0.21734087807004698,2.1827611626538754,0.08877533070495058,0.8150066359589196,-1.2036390362367602
6573,-1.3522725939043276,0.7961308596705763,-4.064091003373456,5.744629431565318,-0.03908467655733139,-1.0853120173992146,1.9255073515308894,2.831533755650753,-0.137358702135006,0.997528571808223,-0.7262954320262649,-4.890915544828069,-1.46375122995072,-0.15198095774051978,-3.882004050740761,3.1049700047675586,3.4180764903220613,-1.0253102566571535,2.731195989603716,-1.5144373672880427,-3.463375953681581,-0.5069505908599137,3.02069275687062,-0.2671248346471238,1.3303490797170063,3.635314969921769,-1.164412322181029,0.5592910527769916,-1.1756022075615196,-3.1849405726702127
6574,-2.7041759102187246,3.3628542990176875,0.2177886964750435,-2.2833764845705673,-0.6924400308356335,2.099349430133758,2.93266989203898,-0.13162245896901226,0.6591151544082274,-0.6763637695860716,0.8272982855981574,-3.6110971034897688,2.7555839391566117,-2.7818809843114707,-0.7421498247224143,1.5369301857511637,1.7297925410176767,-2.498275856891123,5.4407179421382565,1.1698069821723607,-3.9119131822492594,-1.0246121163051827,-2.944092574803202,1.2700929490447344,-2.2012513694573634,2.0869350222920673,-0.3762342212910852,0.5184498634869783,1.177069767801239,-1.2049690628288285
6575,0.247697264750963,2.232093186422592,-3.262398266063716,3.1260210392405483,-0.587711108652696,-1.7557021156961632,-0.3053863972600155,-0.3370174128632826,0.230600245222214,-1.5872127037550676,0.2992249477750635,1.6997913208815767,-0.16260765091971052,-0.35822032049524566,1.6100627376608116,-0.6453831457467771,-0.8763649191605687,0.4325132986619362,-3.3359426659597986,-1.4091591408033306,3.7861030046862467,0.3083000413249941,-3.1655202209073803,3.8162189816569665,-0.1024430856372831,-4.860764725839999,3.319638356897105,0.7110856887273034,-1.7967652563348846,2.729249022190828
6576,-0.6113540933621664,5.690209149693125,-1.357711867357029,-5.868563664559087,0.30264568304250217,1.8447747925442073,4.602024632922664,5.161729859187453,-0.8708644517467263,-3.1652751126565786,-0.9197362817391266,-4.80787864596719,0.06172935126616963,-3.7094525308935093,1.9701305945620753,1.0826789540664912,2.9111678363032176,-2.3162542053039985,-5.745323175323605,3.4906413745667315,0.8768663104205139,0.7702976854233956,3.2385326368031073,-2.631014831892422,-4.655929481624085,1.51904172378946,4.631857220142965,-0.39675594898176403,-0.07408360217638332,-1.0241299111471385
6577,-3.6081794385714243,-2.2648638819047484,3.7431066969788986,1.72999991401203,0.5281630186083532,-0.12822630912159738,2.0188096999414,-1.2670525451703547,0.8685029306220491,-3.264623078720142,0.3751363638260159,1.2692266295015173,-4.184806336562701,3.179449484899248,-3.847598911683132,2.7670173435773613,-0.3675871835940363,2.4535256033636976,-3.2568152375721198,2.865860185761022,-2.7355424582840264,1.244308589440247,-2.9423996340283747,4.824588554680961,2.487731192853051,3.21527484648594,-5.026411102606218,0.10735436643769614,2.2638556049101055,-3.0478049080775076
6578,1.7787381669005775,0.587025354112793,-0.24924412157298903,-0.6703995802791418,-0.18614807771362085,-1.2599717414461207,2.3837242945205297,-0.1329277397877462,-0.03687220859073026,3.4766058221541343,-1.0353408751671536,-4.655189293128526,0.4039088916497633,2.913230031725284,-1.2461963919100043,0.016250940003597947,-2.4059813048569243,0.3187878333886953,4.577954843980283,-0.838506680938572,0.5961291353263078,-0.28761530130034707,1.1966635504806202,-5.244625547550601,1.8400146486072586,-2.318179979984862,-3.253950312350142,1.2268367959029627,3.4337336742493356,-0.9284548264214862
6579,-0.20221901479253468,-1.9941845204565851,-4.555817441173335,4.427222283955086,0.8767779218045062,1.448220770664376,-1.2822864796636715,5.044051150770176,0.49910259735677265,-3.0991457440752583,0.7381945399442973,-1.8999160643317943,0.13977731728802567,1.2530155472820894,-3.5946400933058005,-1.6681504223647803,2.919810081861854,0.9501875692390449,4.96105672534463,0.9543241438313927,-1.9657629297972825,0.20617278819650942,0.6025412927923668,-4.758332020369927,-4.213984962329494,2.434762397796714,5.676141660060967,1.0599486067377555,-3.658530762137973,-1.298336940124889
6580,-1.2230992323280692,1.339218227362025,-4.0868307324687585,4.690374577408672,0.767189873288082,-1.4868527132604434,2.17687401243154,-4.458312238889896,-0.22795349537722398,2.887571251855835,-0.6946976355227479,0.3165181055030146,1.4128726633261515,4.016031837067505,-2.975630177519726,-3.4329771628161883,-1.0749510512401468,2.0546538911828236,4.4955555163852345,-1.4263202693655774,-2.6642438240641084,-0.23777601057368614,0.423767249522907,-0.5909826619070984,-1.0854713580440496,0.013341868416151925,-1.4267899055902689,0.8872347784048644,2.715793324727244,-1.104108707910843
6581,1.4277536838410683,4.0744819473821146,-4.817803029154799,-2.657130891299179,0.23904201835292938,1.7336562708793668,-1.7908409736216946,2.6546572384503193,-0.6965125999733663,-3.1390014267177317,-0.4021225555061081,3.3738203173690913,1.6141621584725208,3.0705899112822657,-1.9100579955434558,-1.4003832605103703,0.25174151466479344,-1.6260523283653185,4.5772206496559775,-0.542208225323213,1.177179498671343,1.1894739850833416,-1.648110926298278,-4.753554981791499,3.644901207541306,-4.92353877283511,0.7202842168943917,1.0510371716677662,-1.688742310738629,1.1960584874733726
6582,1.8082796436937656,0.6056568802036395,2.484241926883854,-3.925832388433186,-0.43805773415850724,-0.5342883281880777,3.307224527151515,0.044543216662304985,-0.05409568117987895,-2.1400794068940794,1.1811119015802012,-2.3387045573195806,4.069038136240387,2.3306957030050235,-1.673179904690965,0.23977992850217333,-2.848639616227471,-2.117694246828714,-3.0858576135205382,-0.13249181810678579,-1.8468802414935581,1.0399892074293104,-2.4020829972680033,6.427323462957226,-0.11031128557782921,1.4390003626038457,1.3896051351196874,-0.8654815793447437,-0.8064485767286165,-1.046364056069228
6583,-2.158854167302575,4.286451098145449,2.489266691123074,-2.799448982159298,0.09350083279887977,-1.910915472604037,0.7034503226409363,0.5448139406017951,0.9591628287466616,0.5288389181682707,0.020141919612403747,-2.756407929769601,-3.1202048983758797,-2.3229965808390958,3.708172846001421,3.3406368451612565,-1.8225890932186992,0.21698088127143578,1.277415571413659,0.1648134371369352,-3.422591397164748,0.773312200802569,-3.2269411434278297,4.433991331237056,-1.148236579406614,2.9761785801865415,0.27706919979491573,0.07422356424118792,-2.3743626353352827,0.19512787052235048
6584,1.928843256018716,5.738632868807439,-0.3453546022327387,-5.0651774124154585,-0.6121499691760974,-1.6447941410003555,-1.9638594591154863,-3.6910872188353814,-0.92612626847637,2.5216238295373685,-0.9608813730816879,5.020330489972025,3.49558265277793,1.214770016416491,0.10430268559573719,-3.574255039300228,-2.884527101932866,1.6441267864433442,4.587855404683051,-3.410903943944474,-0.8850486580548544,0.1395405620435799,-3.112286866360602,2.6808435016309424,-1.6143424649766125,2.4468396319654424,-2.846035079392511,-0.024315393683912667,3.5038346194177343,-1.4659813133270507
6585,2.827824834230917,5.124522613530665,-4.723834107864441,-1.1553155066282592,-0.40474845692616057,-1.6684493763412203,2.9305975723239683,3.640506745946066,0.03241815846288265,-3.471692116646201,1.0610092788018441,-4.192839638888092,3.202221080291288,-2.516882893647427,-2.4963846601785455,-1.6997487456234701,3.964422072693896,-0.4536268535353116,2.064599292578521,1.7806112276560722,-3.3575106852824614,1.0676992737084898,1.4730428697129287,-3.028441978375934,-2.6859517882896533,-2.215180312800694,1.2081521471304306,-0.01585997167916542,3.587200124270833,0.12163980137136221
6586,-2.746721021648023,-3.781875185295835,4.839110342415125,2.4322832105642185,0.9729404181147059,-1.7157377641486882,2.863036195271995,1.6761655948424874,0.32497942298755955,2.5391955046977657,-1.2246404650194203,-6.1787362527798955,3.853952193486542,-0.7633636861108499,-3.7901926116919924,3.445416357246561,-1.5955989183050328,-1.150213334624782,-0.6486004574138136,-0.4493502091917385,1.6423789761513454,-0.6398505309194107,0.35521032342641057,-0.25978810205518243,-1.1932195603446978,4.789876051544681,-5.89480095896171,-0.5508924612337038,3.368254331787096,-0.5192174027885414
6587,2.7736866235862614,4.377523755389493,-3.3461855917248577,-4.283416279219967,0.46829805409851577,0.010093437872052746,2.819003012149235,-6.080493875661283,-0.9333534104880448,0.034697217568607996,-0.01736988677583451,4.177516943207792,-3.207803058332095,3.7608132891235293,0.06329023277889334,0.9038514590959714,-3.4545244217309943,1.934372499065173,-1.928097160623878,2.343804267549295,3.041209180420509,-0.7190663265669182,2.2385049619768296,-4.976354922758208,-3.4045002930935375,1.1764399800697625,1.522420714711643,0.4323407339654981,0.48908162765170893,-0.21578276330199841
6588,-2.0368950648004684,1.5984468527355595,-1.5431421684846214,3.2120216134593917,-0.2919504147902765,-0.9384808181180802,4.930496238630102,-5.102547582870844,0.4505945949954686,-3.6024455968982814,-0.903718869500957,4.227621215644948,-2.455901282711835,-0.9639999272190849,-0.013086712442849091,-0.33477377345700177,1.7599157632707367,2.007845932560553,-0.9273324222996742,-2.495354778963348,3.228399323509965,0.017079957462249773,2.1301063151401376,-1.952898394851701,0.3638301400902897,1.9523899577175108,2.714933779796155,-0.1755798497283516,-2.697137788272274,-2.1584362396002863
6589,-2.7931794933654466,3.821969443291348,-0.5918462671380915,1.2187680750923775,0.3994075331504128,-2.0551192910291087,0.12884890147215344,-3.487475233254397,0.5646469924101778,3.179213211514117,0.24815418761715158,-0.6333880597587793,-1.0303677051341147,-0.5701172901100797,-1.5654718199448325,3.8590902352062777,-3.2204785626050647,2.527345142588345,0.3263845597333308,-0.3312358388094765,3.11519014940637,-0.7904255310784869,-2.9028236601919044,0.582910320937799,-2.521504846774654,4.56415549701444,-1.739839085499721,0.21493858414628875,3.221396047834471,-3.7391461967177726
6590,1.5601169295988946,-0.7050039018778271,-3.2369862237134797,1.8190704788921828,-0.06030963256354527,0.6231123496653019,0.10810384680102203,-1.6329403102278057,-0.8841635051433636,2.1961724576897375,-0.9559230972163606,1.168750608097195,-0.6245566913378049,2.6039400744841856,-3.1600040973037746,-3.5968550531374053,1.3125094861421367,3.4649662811532096,3.723415443346031,-3.051796041294555,2.874729351057084,-0.12378635741666244,2.5955690914644425,-6.0181314871586835,3.2195620807128655,-4.2684995951349975,4.095483134613868,-0.46420031501280246,-2.415117441800188,-0.16722786337573048
6591,3.47900248259597,-1.4899451698188848,2.0489512534636454,-2.426904106670186,-0.9694197844868686,-0.641684675082173,-6.130759611775961,6.1099255914479365,0.6941789688319995,-3.395789615177808,0.520634498986924,2.201810167687352,-3.420305090353896,-0.2652222788600014,-1.7042637487053227,-0.6833370661161844,2.5111442813128306,3.561983902723142,-4.764081245082227,2.5261734611269766,3.52087781482685,0.8833890877874264,2.132668204448821,-4.299027323110192,-1.5048494389509202,3.0903201819209976,-4.151160742157703,1.0122916150476673,-0.7822119214563124,2.3356103055993174
6592,0.4788771671280312,-1.06293011965181,-2.9701243346097037,3.9097752847535503,-0.14866712481751243,-0.20693087280104194,-2.189265941438837,2.772158850804292,0.9448629626012277,-2.8767117202863,-0.9048412227981828,2.2537970711182638,0.6986759665586355,-3.3067829764584875,2.122257436368514,-1.0180185054018374,3.7306845242859694,-2.2268164453522097,-2.132035418835784,1.9638973075278106,0.40926085465438433,0.4034333237555021,3.1768386471845282,-3.8213947142888216,-4.403686849566055,-0.6031608415912082,3.2564833040999304,-0.037599103869174755,3.709659204420671,-1.921695713491097
6593,-1.7732760597536625,-2.0506127863098556,6.043288597357698,-0.3768296123360173,-0.6932506956028022,-1.1493194433538463,-0.19242559633937617,1.9800614279742064,1.0785246246959517,-0.5141227488435494,-0.7615014019644706,-1.5905363055223205,-0.579765364212907,2.726961725960468,2.3646031586225043,-3.9252419774675094,3.1158543024063334,-3.7024118453083172,0.6250100368927747,-1.157040943824704,-1.6170648029072652,0.00998092029668296,-3.22745029987418,5.3665650894143155,0.21446779392609727,1.6314038712355625,0.5805740257479357,0.21781020325546407,0.06668071571177414,-2.710936609873709
6594,1.3101196572727822,-4.915448883835751,2.8699224424344045,0.8137938669995428,0.8291939726543935,-0.907581055523849,-0.46561984263541945,4.220496233549028,0.9261979912178404,-2.6353349330836604,0.5467307848827039,-2.5924702339300616,2.513385175572978,-2.765929169952763,-2.9709943789556625,2.1027313521316273,0.43461699628108974,0.6861900249232722,-4.265265800750342,2.3860537659994208,-0.7378623967820221,0.5941674185386736,0.6577737584578855,1.3651332545340082,-3.400742196205627,0.4095575194591241,0.3301522629698006,0.8960495479965624,-0.92490554537072,2.6898884111539907
6595,-0.6070577566901854,3.558394089078849,-4.311467212801315,0.6658032841796242,-0.25166167055968147,0.9459892667942249,-2.4793893426631115,-0.5748043234179292,0.5968609053835037,1.9145398679100651,-1.219027593809578,1.761820486597518,-1.2879719711828557,3.8290665538489144,3.5106155409691375,-3.354504554535552,-3.7292922352557554,1.0320866661566548,2.8296696973980353,0.034102750564240836,2.546121530807106,0.17488984113477724,-0.4007965076013331,-5.183987312305199,0.5193818269702781,4.256557665590325,-2.028921265468,0.5800730195534998,-1.6119730847137692,-1.7151181619292224
6596,1.9778177275486541,5.656700354135118,-3.84146587215044,-5.857582596921265,0.13423880876607708,1.9302915786233967,-0.1063690968269313,-3.7276711925764907,-0.864463773432731,3.277474693822576,0.48512226726409313,0.9359071017499581,-2.306282771209599,-2.8286539580036916,0.25319749226622434,0.9668177982085773,1.661643953154197,2.2532774855847784,-1.3562438633053162,-1.1646128538293201,3.9661191022846367,0.46146620209770717,-1.8621040342646538,-0.04462455298542167,3.8741981732437445,1.8103411361902175,-6.169659519697255,0.6031663131219913,1.0410377327515512,-1.1590838356071576
6597,-1.138249081701197,0.67439895704333,0.8059134694517702,0.3573602252300496,0.8978208596677844,-1.597244429690205,-3.18006915003793,4.56187924210192,-0.1167884604690883,3.1753805718402006,-0.28495953021612763,-4.155442673218538,-2.406850190115442,0.03914149570104897,1.9456626517922828,1.503047564895617,-0.12201236717728392,-0.9589891550957166,1.157321852183788,2.71429798436591,-1.7714506011921642,0.07083707740645817,-2.6262130426538324,0.45520672988747535,-1.6041022216621244,-1.0996893237381116,-4.389309777175065,0.5636106997563699,3.5440288181233726,2.9854618046986374
6598,-2.5382281564637488,1.7122018276545319,4.893367414256247,-4.908506427759793,-0.7478365259704172,1.5890018682847291,5.753941104639356,-4.415295167447688,0.6043140927572752,-1.915631213753704,-0.027272446276906948,-5.6369917913912104e-05,-0.3531097073357792,4.075416034106343,-1.9996283912734114,-2.3549016430048937,0.022902450889901615,0.6093212566183688,-1.1635440101138421,0.012566666580614338,3.6915502715401693,-0.5177406321227451,2.921003675024842,-4.943835970911415,-2.22810115044474,0.9631799195791935,3.8163983245678104,-1.2202587835763508,-3.638645518290062,2.3074272081672262
6599,-0.0036561706591946574,1.1273397644952716,0.8968603984113876,-5.046818607538352,0.808146331466773,2.2181282838256564,-3.715588793206077,4.862691905829529,0.030322410133825528,-2.879363389348798,0.7546961656460329,0.94724170094592,-2.587350747406166,2.561807213714797,-1.6649999805051685,3.4795822432726737,1.859407760408125,-3.648446489483762,-0.0985266682573176,0.6942002662629658,0.20874309471091834,0.6636482037902329,2.5788474387272693,-4.046912335236428,3.449741742648662,-4.7926275731611785,-2.182767921359563,-0.7226360649893095,1.3552570412469613,2.893032775617467
6600,-1.3081931374504894,-2.6977183733286267,-0.2313165988144057,2.8765675437782683,-0.5332614314504571,1.8939219972672579,5.620580162788293,-5.4521544933300135,0.7091915938925872,-3.5367095677885416,0.6606209299728611,1.9984713744652396,1.5751385096462869,-3.311263868122497,-1.8461851827424312,3.49989193712927,-3.2849983779409886,3.367416982030832,-5.10185421900578,-0.6858306133981387,2.956571418070851,0.7132242369500714,0.2468999695248506,1.870989207855775,0.4844515353494465,-2.9438047383059924,4.689425701974514,-0.15010535911940792,-1.2731174528129454,-0.806849687082563
6601,3.3353476008746803,0.3680078528834869,0.7084215570715031,-4.329345752299776,0.24129865521781202,-0.32372991374619353,-4.529411913231176,2.159455403165598,0.17650106957941425,3.3135215038778334,-1.1177825345897263,-0.002283528801530821,0.028023422723585156,-0.5127970848189101,2.647808100192499,0.5349597734333038,-1.5706840420218633,-1.1273101695081298,-5.23306070832491,0.3997122396140096,-0.3019897293460243,0.21513311817018188,-1.7176117761367724,6.637816856021132,2.5695802769507736,-2.3316288940366867,4.9882982673743825,-0.7230998486384763,-2.55672525100786,-1.9464245506390583
6602,-0.7347095797120531,3.664421986890595,3.4354918715512284,-5.7205173192126395,0.4765097053741467,-1.1211966648897853,-2.857467845132984,-5.787808189193399,0.5872212343329082,3.3471501015260685,0.7132380135071958,3.9976666849606133,2.665330111850025,-0.36801576908742817,-0.38757976524374627,-1.2903070273597983,2.961290917662737,-3.5807184678213257,-5.481459103158361,0.8346489727851232,1.578780789880053,0.37420771428043587,0.19755666377762537,2.4962649624327717,4.944027059252985,-4.797088072547444,4.708238292149993,-1.085022001300385,-3.284488307423228,-0.48566697012882365
6603,-3.302653518265629,2.432998792030798,0.890581938270337,1.9086806936788854,-0.8612093687414897,-1.068398536971408,4.70942449344539,-1.022731727150635,0.5084726027218585,-3.476310477989186,0.9699384476681079,-1.6887933386951453,-0.2133616261710074,-4.0539636480259595,4.010552225713713,-1.4644769264297395,-0.03249792900501447,1.7537479039184412,-1.0938719290999046,2.555194535654536,-0.023039843693840822,-1.2393778794960006,-0.5203095135434648,0.32140463017636733,1.9383491258606718,3.1070593104527333,-1.9902686926279927,-1.071920228444795,1.4228640543386035,-3.406083569576122
6604,0.993262359263241,-1.6684434601245535,2.2408962475676724,-2.0691119023095617,0.4581679051301646,0.04522885047453329,-4.109149181903167,4.844262335291283,0.1406857815552751,2.53910495901016,0.9224249802437479,-4.337328874196899,3.8043745593002427,1.3922620676729949,-1.4718725317042107,0.8974731455581875,-4.1921891777262825,-0.4300480631005179,-5.839786784629613,-0.3544167641641671,0.18505581637615265,0.20680664563695395,-0.030967498313343,5.8333085850917215,2.1514363594814228,0.9643181258732163,-2.918305745448567,-0.21941424471686144,0.26712652994754293,-0.2451610251337044
6605,-2.584272133327625,5.065942669426164,2.5516317217212503,-6.000865493543593,-0.6046305552465652,1.5721937909718733,-2.3817297550860914,-0.0870938901282301,-1.1586970577353495,-0.05234859184222351,0.12421805395054175,3.555651240841758,3.0420357220123506,-3.168784808301199,3.718625486094478,-2.9408582229802285,-2.641976430778344,1.9909582539533304,-4.84405895226881,2.103103890940801,2.7474894287501144,0.47225758928359873,-1.2055564371015244,0.7267644803934914,-2.6158369767864613,-0.8323668763353034,5.283192740861487,-0.5218702846636338,-0.4427824792632702,-0.8703361238097855
6606,0.04249791802227243,-3.594695955570238,5.749442228129542,-1.175724986858409,-0.8500750554685366,-0.1714441482531015,1.8582119267180772,0.21842872001713687,0.46185017793792493,1.9364462974184242,0.3102086037886558,-4.785145725879822,0.7867398333941864,2.3390784664787283,-3.2684350786543135,-3.1624872079568735,4.185202711477608,-0.8800987247389287,3.4926473780407257,3.440636906387059,-3.1052962081463846,-0.5423638332880305,0.6553902575188832,-3.9410145005145694,-2.163466179467189,0.6925958395926486,-0.6012442824864763,0.8311648742300655,0.5514015370841534,0.689548211049841
6607,0.5152492245914413,-5.432343938504651,1.542786036062033,3.3849183797477593,-0.2967666349032536,0.28615693300820944,-1.1317665775665837,3.3871320911131235,-1.2332164424817296,3.0291238045333806,1.0040852938391804,-5.0553581694369605,3.4230851570849374,-1.0119300294702622,-1.6052868164976033,-0.09535406566646287,0.09432328387498856,-0.804837529325173,5.481763859439557,-3.293645422995029,0.10282515539068982,-1.0476890191401362,0.914314456011839,-2.1575690287092755,2.0518983247397315,-4.649036324559663,3.894073909634436,-0.7611914952596575,-2.3733681397798208,1.837623725228017
6608,-1.158483070532153,4.698911295759448,-0.5100844186094058,-2.7206517150194998,0.15267143973734898,-0.46236353133420494,-3.3492836771394003,2.1553966385820758,-1.0833560362340204,0.7230415636038572,0.7789226497494939,0.7752788614383839,-1.1075090720102079,0.23353747166142114,-1.0409931693237766,1.4244021668608404,1.534516003699764,-1.0439534008876628,-1.5339272750828066,-1.1613079833002118,0.14960174568677687,-0.6910429520874066,-2.664208010441726,5.900884475223023,0.8218976786891261,1.9161971081208335,-5.0838711943655,0.6433237084475403,-0.03806414454584939,1.740516843656902
6609,2.4971344536670763,-0.2663952597999817,-5.841738827377007,2.181772690014988,-0.11077713736913575,1.5400040808655753,-1.2335817374233322,6.077714977418978,0.3776933026621716,0.30038479013813024,-1.0029678001823514,-4.519243532613235,-1.1699837481740634,2.416846707786725,-2.559347746316174,1.147074113264246,-3.5519005640367354,3.7173112374763946,-4.218379848261684,-3.4011433947882637,0.18463849501473106,-0.6176322349311816,2.911760009642629,5.140756973321402,-1.6382247941085062,2.096092353738488,-1.2804517365562837,-1.0271580891519503,2.5398786239198934,-0.6901363578385951
6610,1.1456939157261097,0.8967966952921849,-1.641756259760676,1.884997930439397,-0.5945329679684577,-1.6911993137270436,0.773429536362773,3.6882701108548304,0.23561225434319688,1.0422745171326646,-0.5406720099184259,-5.198914408774705,-2.8963556215852897,0.9146013780449245,2.0180558039175587,-3.0011889929656146,1.7257013435288222,1.2391860890599808,2.472013414823653,-1.7903936188712741,-0.5579249313860117,-1.077027146994617,3.1483258067257474,-2.1949935242998606,0.6728218950934455,1.933176239300792,4.026712844555718,-1.0494910093227867,-3.286562234023286,-2.2966577356008067
6611,-1.4449109482415992,-5.6060350133203976,2.7628520308383067,3.570370529742444,-0.505441842555596,1.2231652435383769,-4.370695220287928,-3.2825724381015107,-0.7231251159365772,3.3426975138354713,0.30680959324508095,4.726885667245799,-2.6319713300193204,-0.03910639282528905,3.9154144770617485,-1.807441931524579,1.4117885926077136,-0.8486834152999254,-1.9566763513676584,-3.073516037455745,2.750077149174704,1.1352319205822754,-0.0015234831648918146,1.1464068022289737,4.9054002179839,-4.044995020543402,2.046253483909375,-0.8296962113534798,-3.174407873474376,1.0974454034810712
6612,1.9987453859244049,2.570152701715326,-1.0849023615086537,-3.0042320695184657,-0.16398911578713582,-0.31577454082397516,-2.6223485073077093,-1.2876136410843273,-0.12779012479699858,0.9071155762709626,-0.09908361654397435,3.2297203134623587,-1.7139730509425029,-0.44801065250440075,1.5118406951566143,-4.176293914415885,3.341197440952161,1.4852394817543448,-3.5523185584279666,1.0281541753731887,-1.848900985840082,-0.8392209300562481,0.36120602060821483,4.8510802783405715,-2.3788038429987886,0.5180538213769239,5.021967199529431,-1.046573734857012,-3.3646330550003825,1.2499896119528948
6613,1.3352019416768037,0.9956677532118334,3.049595991323379,-4.771920517348512,0.025198579426959355,-0.6337437482889783,2.127242975569221,-1.5491609350902884,0.6973138148320199,-3.17843986426945,-0.5885401366408223,2.491584145599628,0.03472251059100273,3.9276253064368696,-2.9811639400288783,3.253927527490692,-3.683667523510346,-0.551443880979031,5.190932262674561,-0.17084207981312716,1.927493969791275,-1.0609126813375926,-1.7505180022264728,-4.136153469090971,-3.569266882238434,-1.724661149022097,1.9516039904324458,0.7371501556084752,-0.02723309040890065,2.6324069756316035
6614,2.269135177111476,3.0397296984576556,-0.7481049546670917,-4.4151730345821925,-0.29108594089840345,0.14549905458003565,4.497411688989246,-4.726069141303288,0.9105481306227086,-2.4673166396151007,-0.6433830491881594,2.4288090104948914,-0.6653126073593292,2.0197352367685504,-1.368902888198491,2.155681316337496,-3.0214163559027316,0.8802152983548446,-4.3110503415720025,0.391959273078232,-0.3035752415762367,-0.4381706101133416,0.4223048503942515,4.238532069786743,1.0833822078256858,-0.07757414452206746,-4.06325558470364,-0.05589387426670278,0.01768837521697897,3.0956530204528256
6615,3.1677295327824275,-3.275254172901633,3.226837995363386,-3.8756037053870287,-0.5985466313097403,1.3548369814540884,4.807864467440268,-5.08781756330599,0.563352401690703,0.7588928645318376,-0.571459690672472,-0.4708324796840735,3.038500500680634,0.6222487989304284,-1.991539489832789,-2.0455992102636973,-1.755642281623464,2.132031682109229,-5.088162205727279,1.8336072414776758,-2.31827906843489,-0.17615223835726201,0.6673398588939872,5.081646412145375,2.9539011973455302,-0.9094692613609539,-1.7299339589652725,-1.00524797748026,0.13242604540553238,0.5583239550584924
6616,1.0813021364360473,0.7126949976786179,1.340736838562652,-2.548524084424546,0.8509280829625512,-1.4371379712138133,2.367603360673538,-5.37019525614015,-0.6355172103774454,1.9259588232873668,0.42019026487886624,1.2919600176780968,-2.8052384500029532,-0.44127358564086094,2.827172045479479,3.8717573979551254,-3.06254677121588,-0.3898706365745426,-2.1933993036807564,2.614272850521189,-2.8783269324974707,0.8968141440826978,-2.8518837388049825,4.412522980376917,0.2533742645649859,-3.321220471552582,6.234364128099269,-1.1243782008244771,0.7693755590329392,-2.811515279317053
6617,-1.78355057212233,-4.925868152683535,4.188146886688582,2.8103327140712864,0.6081398002541936,-0.8972006762066869,3.4922388335813004,2.1596193332563054,0.14158802547201876,0.8321287359466609,-0.6104213037422177,-6.01515362451385,-2.5568810568740528,1.2563728854550504,-3.1717774192968538,3.669222908674591,-1.6959716417703348,2.499034323811962,-3.5600313255111793,2.2368324061858367,2.998277665654026,0.22626222792121542,-1.6431428953874985,-0.25819807886480817,0.6323902776330854,-2.046980079340514,-2.4454587463203126,0.8186586746204085,1.4833563321141803,1.558033541296286
6618,2.1812602365014158,-0.6677829869698542,2.369654518850158,-1.7139720258001958,0.18849158440232516,-2.3576513269823494,1.6789566964375844,0.3811289618025846,1.1686118779051302,1.2523802808468574,-0.5594002465288419,-3.9216775704630926,-4.10109099377185,-0.4034078264287757,1.1395801852155643,3.55359842623751,1.4295615960882024,-1.6182413873402925,-0.3041718733012857,3.150562169942855,-2.1639083974221816,0.0007754687948660077,-2.6779089094755832,1.994651541458932,1.941248289168712,-1.2434841657599804,-1.8060061585684153,-0.8466756404649285,3.1813659855447014,-1.2264483099169112
6619,1.2998274020634142,-0.06865463032520935,0.9987024862490337,-3.109148293089305,0.5115227131321896,0.36775032197137136,-3.4242917153540944,-2.2252558353431873,0.17301213610174582,-1.7144992238089127,0.9722211719398404,6.218813466464816,-0.5874233172363397,-1.9266555382916088,-0.5484197453282711,3.9531196300773708,-1.6241886991502597,0.7335676699294797,5.5352618541780885,2.871506874060735,-2.6814422303001564,0.7357388708165908,-1.0542282002240722,-5.4068371685335705,1.139774729600731,1.3673650947573393,-1.011207100764377,-0.19186795743982366,-2.4068293721040526,1.1027646059533538
6620,-2.237963146416405,-2.2261497601995686,-0.6219362802346033,2.5620637049139603,0.7904651162120806,1.7335203657260116,-2.4975861802913464,3.7879549225397398,0.49974600568767436,-3.0058253820510874,0.42767423454809794,0.7880363995671367,3.670706814627941,-2.9129823520091236,1.8439029298341616,-2.271671147548796,0.9079490408906921,-1.2379052857944899,4.782591020273237,-2.2624727544976455,-3.1786759462908414,-1.028510788446309,1.6258677909519665,0.06120067800719298,3.5596690624107588,-1.1484084774588261,-1.6123476418298743,-0.12682381913697327,2.3543021671903865,-3.0263912911723345
6621,-0.4553276569451139,-1.5060810572280552,5.8839072808956665,-4.422222630126242,0.12549098740992104,0.3742330759952992,3.2833576962386815,-2.7111209813216703,0.17070032662497958,-1.2298474863625426,-0.4326998708101675,0.9196103156309228,-0.16807880861130542,-0.5002876215896137,-1.0954262313746135,0.40360066430041996,1.503057018780197,-0.14286502150468827,4.526233419563749,1.7597984965057805,-1.906547564061949,0.6954043612433738,-1.1194961273214687,-3.9553925859319037,2.785938559211882,-0.14109713844150562,1.9072641545156692,0.8426968108731545,-1.778692716008818,-3.6161096701472086
6622,-0.5055459311803858,3.8715210421737147,-4.779663437349615,1.318760110560575,-0.5280283898722722,0.6229566056694775,3.1618484869084362,4.863184954665261,0.3994503672212373,-2.73013377473346,-0.1729073198064599,-5.521442714254803,-2.0701602540352635,-0.5371107106544422,-1.5205548234472381,4.089442827007211,-0.7831174526572724,0.8215004137874278,-0.6188476224407644,3.3963034635652747,0.7677276119888354,0.195598021957748,-1.030989732646713,-2.7097917424267663,0.6003119781369897,-0.15204250057830038,-1.2083614321187248,-0.038151319011005214,2.81902356221482,-2.0207802886406157
6623,0.18193214829518212,-4.458916285605461,-2.530362097333935,5.414699599392481,-0.7803692899932848,2.1730159252465224,1.6320849428649353,-3.0314448457774112,-0.6448714225202528,-2.4929087186761603,0.6683339279167289,3.8688061161924097,-1.6273056929606877,3.1095315048264,0.9554238237549839,1.3125669842521681,-1.1466446308754144,-2.60357198899705,4.030629175942689,1.4220862651213206,2.7913504189629954,0.35245135776715397,-1.8705437227757695,-6.7259734950207815,-0.8694797289162537,2.937345654942739,-0.772229781984386,1.1700108724728704,-2.2826517570689724,-0.18299525944281925
6624,2.387749916745772,1.6330296380644818,2.9860893719665818,-5.099477644600505,0.5702690368072552,-2.4776603189820943,5.86469879382701,-1.4877589617220544,-1.1465118628577597,-1.5137131237730372,-1.133330958386289,-0.5833838870876384,1.753080790769161,-2.707312136790158,-2.306486720705019,0.28745105929593606,2.055186065466426,0.9180809419640816,2.122906183693299,-0.17712328478254058,3.3430189077971484,-1.19298953035038,-0.8149202221129634,-3.2808920542469444,2.880634921032879,-0.8905094559152182,-5.979108832389276,-0.5510135753222496,3.5897806957152945,0.9502162468817534
6625,2.8775171705960254,-3.541668908384505,-0.5861500408767633,1.074832268358584,0.5121519201745093,-0.33668240986634146,-5.138079343003557,5.6993992027477915,0.5388665590024697,0.22951954926818452,-1.0510934222702768,-0.278612545744366,-3.928379926697218,0.43682199677471445,2.8668065273582783,1.9092922958654341,2.381861682926491,-3.6664025762273074,-2.5393149231528263,3.185813664409139,-2.447271868801538,-0.2536998265045023,2.5590920811060034,-0.5046191270586498,0.75459264078318,1.2617025351847744,-2.815541153656959,-0.4273780730883576,2.4781660555324265,-1.251542004751867
6626,3.490996199949908,1.4116920701863584,-1.244879329315232,-2.5480448554618924,0.5850505904863552,-1.694814675843979,0.477942757016077,-0.3347419161764904,0.8000171890395258,0.6576003338827352,-0.47469748457831074,-1.126120879183265,-3.828336686028303,1.596191591148095,0.9150612803241778,-0.26494019403485325,-0.5882659768190202,2.1702899854102924,-2.8819383029845795,-2.9443085567751464,3.954377176585048,-0.003182852358368571,-2.4618230258989016,4.336875561429576,-3.2412096294256223,4.586341931875811,-0.31796213610202884,0.9325404852179977,-3.313294587094987,1.3535839355320078
6627,2.1135171090296936,-0.5460389232517535,0.7390060936734351,-3.8959184940062173,-0.4385289306189568,2.0279631451753204,2.3846264430687114,-5.961606074491062,0.7138101745536742,-2.5000362168527435,1.074574574261634,4.288631099460051,-1.1561811964923638,-4.090769676623454,1.9290397412052727,2.28145283323758,-1.4024588157088562,2.438917114382246,-3.453449108026909,-0.4903994545130086,2.8150106017418217,-0.14164680444515643,3.0604867981784416,-1.790002032937565,0.8272998425249618,-0.4422477597764143,-5.309073342010855,-0.6449953037606884,2.805370752668164,2.7636458103579926
6628,-0.6751985979499278,-0.14484865091420218,-0.5912869759956294,-0.3769702657285272,0.7369929445605146,1.0513115460292894,-0.7665838760681289,-0.37548229333133776,-0.4767661859659382,-3.1351251748726288,0.5956686887427631,4.1582888414955015,-1.4363843506313785,-2.816217812023675,2.0205164930108594,-0.13560909871966587,1.5526177895381004,0.8150769788262195,1.316212085581487,-1.9487354313236818,-1.611823114763201,1.0960810287813993,-1.115141239235994,2.263406670957618,2.7942703625528367,-2.6521187856436548,0.027207623423219474,0.45832279602985526,2.0749304617447883,-2.7026124581038857
6629,-2.957633708812109,1.418615925675489,1.3816013920375738,-1.5687463832274027,0.7348755259570039,0.9912872483709805,-2.084775927182907,5.792170728861798,-0.19024480072155292,-1.1827854923576897,-1.165138872767011,-1.1692256358323903,2.10884371697367,-4.186228142947931,3.1856078858140293,1.6787574544701194,-2.9972230020737243,0.21024208776429631,-0.5075667485355915,-0.9158419430492746,-3.140527406503516,-0.1737625988183762,-1.2448981284738494,5.982596825378224,1.719828969826537,0.17180115803572704,-1.7409940225490992,-0.9877670365512303,-0.24773813527033361,1.0848690665115654
6630,0.6508513215548035,-2.8507640469956783,5.966822340839844,-3.2025533758832303,-0.09022288285162783,-0.4741333566625503,2.572962437809924,-4.483516689340934,0.12294088959575777,0.6950179774992069,1.1420481282903392,-0.049452743854043746,-2.7395790106172466,1.4712981954456197,-1.4722652457470176,1.9219781270853709,1.4986032005233803,-0.6800352666896838,0.8499208351246281,-0.6897236743504074,-3.2226525261760184,-0.3266544140129586,0.039593274896121855,3.3495165045162487,0.5465666827994085,-2.2608623179732774,-1.284193459357926,0.13043942835690547,2.5577836486967236,0.31026601748133587
6631,-0.5966593615559894,-4.510299110266089,-1.5997749006960085,5.603369891733212,-0.37904515225608915,1.482408633042537,-3.130852550950742,1.3398089199475223,-0.2500761847050077,1.988648129944,0.41798661473896637,-0.3655149289744699,3.3234180163898692,0.02111977801821041,0.925666941669089,-4.085829982731081,1.4175851461603983,-1.6019598995060562,5.412243299521151,-1.531690404812359,3.3365607186582267,-0.082235179547121,-1.1720340564813245,-5.962844377340964,-0.33193485753798413,-0.13048349239423374,2.8944781720898902,-1.131368117694012,1.4463986858609736,-2.7470903903214747
6632,-1.6658065030798923,-5.171110246154246,5.397598000891023,-1.089740275848623,0.07848667875859361,2.4505723454347663,-3.5557074886236677,0.5562609255861695,-0.19291163217229546,2.653019617248095,0.15716263935811092,0.3821759386038295,3.744924941221054,-1.5928323328957266,-2.2851565853794096,-1.0434919357960268,0.12524773464263106,1.0513081782079112,-5.039308409651692,1.176523032126596,-0.9332835670719319,-0.17561018819669627,1.7430244383364641,3.2286546944548498,0.5002605842356687,2.8447757882881675,-5.09857906916811,-1.1251272361024665,0.4703463461602624,2.4083235865896384
6633,2.920591027723386,0.9387105654027152,2.221571947896404,-5.8059503657588465,0.5545564442814972,-0.8294796195435588,0.3019696562379508,-4.057952786793173,1.1500835500494482,3.280807018071382,-0.3550010157285124,-0.3199064218368406,-0.3815990395470159,1.1281861303510041,1.8643984864621679,-0.7759778802846995,-2.493027776461558,0.6580200794804867,2.4756038325581358,0.33773945101487435,-0.4608722618399099,1.1698761467126468,-0.809448742226003,-2.712898426222157,-2.733936215921009,-1.9041017081801144,3.97419376387127,-0.9733510902185429,3.453720046192707,-1.8165247957411417
6634,-2.75478892441172,-0.43361525226097797,-0.2550905988355261,1.8351066278416184,-0.0724690820020426,1.6808572296702131,-4.005403062699667,-0.7426939283785607,-0.1588297587179337,0.07819917593443826,0.5988147345946881,4.229912839267261,-0.8602600921515098,1.1738632314375614,-1.779327055693324,-0.4711488618374702,3.699686420023557,-1.7628136417784503,0.43184350102203695,2.3139838825870527,-0.5547986600405057,-0.9056128638844454,-2.238446900277829,0.953031040591263,1.2249459382705545,2.3086573816062987,-6.067742191416425,-0.20037335077159124,-0.4524625654789247,3.1869747877932753
6635,-1.6040733881776568,3.7900441994911525,-5.803209970067787,1.9431089118135247,-0.024592987674096456,1.6987232346164571,4.680142899899991,2.73012703464957,0.04330085443640552,-3.4563827446701474,-0.23333218412186607,-3.763855860193729,2.289896146621846,1.7725094332261797,-4.217424031541253,-0.3640229045038126,0.29809794143171686,0.22094341476569568,4.649482008999076,2.2783639868310956,-3.9236258195029823,-0.44522781722527416,0.31859872715635973,-2.877591086260697,3.3217249675958627,-1.8617573404209509,1.4192064053117583,0.8118317033278526,-3.3933078878981124,-0.2976978479132164
6636,-1.983628716897302,-2.7466343866184566,1.0400374051619323,5.074130823465463,-0.9093916141844747,-0.47451351092558447,1.9637760452149848,-2.594737790690534,-0.7912790676038224,-2.218014013400836,0.07344254636418679,3.5668122801162383,-3.8032754438469194,-0.6085600891559722,-0.1923409571843564,4.05080436489844,2.4216947301426046,-1.8683226048534252,6.006313640750687,-2.654258077914802,-1.5024259122107946,0.8350413583404519,0.18128841973339327,-2.865959428701391,-4.60342065444121,0.3765742200554314,5.595515396034294,-0.9226991298016625,2.345400013950055,-2.791369845793696
6637,-1.4957886242735423,4.332014713509196,-3.5909259431673988,-1.6476348364383924,0.40597453555785057,1.9963601548138783,0.24437437852680688,-0.7371640050445514,0.7547437088667923,-1.868079857009473,0.39462635358052545,1.2114994210801342,0.6515735573380823,0.0640313908045016,-2.797287691769327,-1.930982798378638,1.6439721687560258,2.3686933732497337,1.5267227669587449,-0.41350088252479367,3.030570212332364,-1.00466662111174,1.188715612052274,-4.327841087709299,3.3706926172177987,-4.555438547184931,-1.0324062764148465,-0.5654847364184628,0.09692780863492167,2.6857091341687216
6638,-3.5352162336989785,2.83360146932802,0.20411366624143312,2.9228776230831457,-0.011441428193678549,-2.413935096758382,0.14052514069794952,-3.5973922955680244,-0.8951933184794809,2.497780845004119,-1.13578872305049,2.990068351396193,2.7216207781054003,-1.803239712947489,0.5889177898377795,-2.7194541914684027,-1.1968716225114768,2.409026958984562,1.912149398127891,-1.8453198184599415,1.0275063882193507,0.03328573956855685,-1.6504399577989588,0.5228182503406664,-1.3760707548371762,3.453521881381942,-3.6799875857747395,0.3016681653678077,-2.2896940887025643,3.590562382567935
6639,-2.3385698190625686,4.363252773019518,1.5893186199159395,-4.954032180864903,0.017817535819652175,1.3222130711739002,-5.648096575848431,5.476895834580024,-0.2319761938049414,2.5245058189222753,-0.8029023136897111,-1.3184265701589801,3.2127085218795557,-3.936677318540994,-3.148621780842669,0.7952481035159273,-0.4329802552836952,3.51032272927225,-2.699830815459304,-0.43349279608986,-1.2454443962646558,-0.1443270072636853,0.9576623221179652,3.565432692957117,-2.7787482228243086,4.566602505294828,-3.721321249998528,-0.3127250132844219,-0.5510404770915365,2.7972324579071355
6640,-1.9868888347817268,-0.3573004016523349,5.5514065432418604,-5.3031336292443285,0.2044238238620819,1.8914924985759765,-4.151065795046616,-0.5416055983048764,0.922808148562849,0.8005003853027421,-0.7199736084007666,3.6893364678869034,-1.6315491313735446,-1.8991346869315429,1.3347051631482714,-2.1343485180285757,0.7034902562473171,3.6268369169384265,-1.1722535380461636,3.2973817069330345,-1.5671651667262836,-0.8849198782659702,0.4416415145815762,-0.11468463847862154,0.4944159615578698,-0.8811797828281449,0.2877310382149929,1.2186375495860409,1.7184949412417865,-2.8380997077693575
6641,2.2948010937320262,-0.30387362549794616,-4.985982131428258,3.4222709688603388,0.9987450163756675,-1.4259613220403295,3.695212214661087,-4.6653865065012745,1.0518710436078917,-2.382935249255512,-0.2356273942063849,2.5368658916944433,-2.052142877249503,-0.05456227464539154,4.1837748424130226,0.2558859216889431,1.1776165444629214,-3.510572156669678,-3.093475590296073,-0.7532118958391063,-2.6273163589810284,1.1581903059622478,3.160518900743366,2.1552946384081686,-2.8305364123259587,2.836188832649885,2.8656289063025433,0.3285357149460495,-1.8125028123328981,-1.3873142292364058
6642,3.583486385001226,0.5213450493865963,-2.1269205880158566,-1.7733067300827834,0.2317975540459951,-0.43640167033371746,-3.0764443701565263,2.725795148137614,0.39700808382574504,-0.10715135747696714,0.9079094571672206,-0.847116961496841,-2.936291550925592,2.161553804057043,-0.8987586875701901,1.5601292943931924,1.2477503714307936,-1.1343832313849287,-6.1420451994530865,2.6225521319691545,-3.482525226215053,-0.530155704678255,0.8890441958824269,6.643129802492382,-1.0009655723068072,1.0796532674619748,0.9094972137180513,-0.16167722354479785,1.5782924356571755,-2.40480012098236
6643,-1.1028960841829925,2.109613772534626,-3.934449149478823,5.520696065338356,-0.6089467869315166,-1.9840178172782075,-5.346257246198032,1.1523803962373513,-0.034149678701314023,-1.5099044619028863,-0.18514334285470557,5.923074333419834,1.4478395347844497,-1.26957867829414,-4.199776330050073,3.5531805348575958,-1.4073258036109344,1.8756607423134284,-5.68167690817025,2.8071168895350453,2.3132656351200396,-0.5563313506123526,-0.9646011046030907,2.082226838728122,-3.2655146576078806,0.8062408796249407,-0.1683580306399648,-0.19945462457804908,-0.058772794609057044,2.8858592278132846
6644,1.1885295631072736,-2.702872710306881,-5.889979935783131,5.3438936654255045,-0.10120218852406815,2.1616316060827394,1.3094136086304715,2.469262104738835,0.6495070791551782,-1.581014776509429,0.8916402543886166,-3.738808270403421,2.2995052741583137,1.1590600091854384,-1.693621391369403,1.9548380417368385,-1.5615905333141153,-2.1581914003967917,-2.8041366284355718,1.8006489308176974,-0.9247822272915851,0.9066689309018692,2.9409593722790888,-1.919358378274005,-3.8582496893273728,2.441110754040743,4.341773800424512,1.2038597335137444,-0.9959971710071276,-3.1324974276411712
6645,2.662981782258118,4.096623599069268,-1.7084372273548674,-3.419025686975104,0.4068446484373305,-2.0389871154333283,1.7126820257306825,-3.528660949316457,0.1283750581749432,1.8836043502468307,0.8014855367968963,-0.9974860216326853,0.5026730363268612,-0.3689616898262287,-0.8900176727066622,1.5664164908259472,-2.8012246684158697,1.9911145037962328,0.28179868691118415,3.0489857045223197,-1.8593396163103204,0.2433120405018947,0.4578123426688876,-2.1725691582964757,1.660426590071225,-2.1553396912035616,1.9478774797098986,0.5899208846841226,-1.6371394471557181,-0.4057458161026197
6646,-0.03373428656612454,2.0961656057769424,-0.552758587330402,0.866979486676879,-0.17372881561045372,-2.2029234029453963,3.052984737055649,-6.101199908003807,0.03913879209304838,3.4842231673646467,1.1132327692516686,-1.5883795577610016,0.5652120566791865,0.7956881757762488,3.9346208220477195,-4.117690419086113,-1.32343039707394,0.14559976165717003,-0.2216581389346608,-1.7035233541277304,1.8109242015684721,-0.5211794722374394,3.1223312680043946,-2.486894504275533,-4.9005662484899535,4.534060187564563,-4.550554673525383,0.7051847826184545,3.4752473096386574,0.7366286421970312
6647,-0.21149131933036358,-4.7303987237109375,5.731685708923909,-0.7204823538715992,0.17321140603367047,-0.24252471804321551,-0.16455183637065574,5.87093415256178,-1.0508986857794644,-2.768734096727309,-0.16604385689029044,-1.7207056767938447,0.9908970240404535,1.7066527008915777,2.6536117873742917,-3.6813294649388197,-2.8431963255888846,1.1733642782216265,-0.35904355748264294,-1.4139421500628515,3.014274253100311,-0.2925440551985483,0.043059612038303996,-0.9918041023970687,-1.9649553463127951,0.28045300661145234,-0.3282410428180711,0.4721829718925008,1.692683176412494,-0.15212276578220418
6648,2.479674871616247,-0.5894228862599036,1.1348499459547199,-4.327328398820168,0.2821609504439513,1.0200655170666266,3.984045386544352,2.4528162645024487,0.9691041922474168,-1.2781052383262175,-1.0752026610521508,-5.0526579439156265,-0.08851030202101029,1.0708899231729987,-2.989782630477256,-0.07728638420339351,2.784095458447691,-0.6994060649187723,5.35831037369379,-0.13442284742836463,-1.0430978286452692,-0.7315543730009741,-2.9729038175632425,-0.47633150705843974,-4.562547832491102,3.20197672708877,4.293530112506112,0.6747794773308486,-3.5443949398443273,-0.06334354458697256
6649,1.5169434189657238,-3.6750576938934643,3.217849055962823,-1.6972970669775833,-0.6956098142489919,1.3331721001929733,-0.5716333666749271,3.8146566662984362,-1.189375434571648,0.6741060478468288,0.4979184809039978,-3.2256723938025154,3.3966581520111774,-1.3296636977888738,1.6965165831930165,-2.5161054553335376,-1.1248970828824945,-0.12250849919905171,1.264458751942069,-1.5966046598650294,-1.760259234743307,-0.795816242078029,0.6981579446774155,2.1900634400643995,-2.369169438278508,-0.003267407273540357,-1.9406473873797943,0.12167781504169284,1.88204494907459,2.3093614688189206
6650,1.0160791122665387,-4.346662745364721,3.831145792291519,-0.9383132596097603,0.08720575447663181,0.35054534594125286,1.878395655379851,1.9585742386537603,1.1386567342554992,-0.11139539670045018,-0.21289290613081757,-4.651338325457662,-1.9605233182005506,3.090537897148696,-2.1726355275049656,2.9155451229280587,-3.0908154493080584,1.2178912749370383,-1.4675459999938774,-1.5708176444264907,1.8167828324984931,1.2081089833878274,1.262900614609249,-1.249428786077683,3.7582610826830205,0.04460012820888437,-5.065071417568561,-0.7882760437810532,-1.493108210716663,3.543594461177733
6651,1.691081093194871,-1.0852828010405382,0.9543965851202643,-1.6220803371400905,0.40890610585993015,-0.3470206459929983,0.7186507780341955,1.5102112893158477,0.17275156926876534,1.605536933732484,-0.07457957200002951,-3.932570998351057,0.45696416521893823,-1.6991377263778755,2.064315785874914,-1.6513426521684895,1.5109309354600988,-0.6817305080073215,0.9820923373222215,2.8429106852448456,-1.487779049412227,-0.3356335750177841,-2.8230504022104927,0.8214600040709215,4.29172792680788,-3.5956441061229434,1.9974229762107996,0.22566832308337137,0.2939342003145864,-3.2131093202903305
6652,3.734328628299391,0.5733380048696723,-3.836127208702969,1.213522722987335,0.7759721660540215,-2.461034313506005,5.90233569955333,-3.117442608706405,0.6069472876200113,-2.443412717113551,-1.1082189881043654,0.159791326751197,2.6365657932019673,-3.735488073076743,3.7437804466804643,-0.5491997717226198,-1.7783167041116563,-0.3173416909711495,-1.611355814644451,0.21839442146251287,-1.7598394775244621,0.8375700873061511,-0.0843026864304317,2.399533469828146,1.5102614805665482,0.306117291262737,-1.9534465572576565,0.36155594547634173,-0.28892469596509507,0.06443653592050325
6653,0.07711968371230604,-5.665634616350058,1.0846225877454678,2.270292545162153,0.565727928621317,1.6678718711102523,-2.181397688314952,3.727136085791688,1.1635164874096997,3.535506653696011,-0.30186653975731836,-5.942894998824929,3.0225581462721465,-2.315053030008416,2.482139562296812,-3.364853514520588,1.7687304232346222,-1.593521587274319,3.8882543303071806,0.7888304449429988,3.8247533703837036,-0.02989704356285472,-2.2786421325195327,-6.193298969554004,3.970593631097792,-4.6014484597697685,2.1226887820480584,-1.1398871325032234,-1.0897197409697448,0.7377729201002694
6654,-0.9782762098432283,2.1484258591977827,-1.5050822736826568,0.5004528418005734,-0.11598740233854854,-0.04953281513246033,5.348414590276526,-3.9764782577080027,-0.11158071096934918,-0.24685307391410483,1.2323443558322724,-2.2458469035171547,-2.5911955831424116,4.245760195247875,-2.14579378142518,1.37918083738818,-2.9346180673623934,2.0466663992942067,-4.1632852344566516,0.1649296384695873,3.70688879846076,-1.2330117453230858,1.6590311155263677,-0.1345525726794996,-4.315155366940161,-0.17855102483910557,3.9077878047672314,0.5325363352520469,2.9397572969937826,-2.88637504523043
6655,0.1773895631936977,2.2961704715759446,0.5668361228331591,-3.9343253354399685,-0.6845373532179586,1.5784665310565913,-4.4609501411054175,-2.5695031175827836,-0.7330906399883883,1.5389161530574889,0.5956935152050988,5.62893423041416,2.540795059766282,-3.4236492108129646,3.568818406372994,-2.8798111987275448,-0.9285323948594346,1.1223793382608989,0.40506087967528615,2.9319030725092716,-0.9762668632537075,0.8556460195685593,-3.0432429956285567,-0.17310011287336735,-3.273890904937968,0.6395571672608327,-0.19583760524979965,-0.5774699329866984,2.8191798118037568,0.5884614641132444
6656,-1.3709634664567876,1.206160472119027,1.890145108739425,-0.62830055961307,0.15545624679698555,-1.2524978015840844,-4.843764418227138,4.515475583300638,0.4064994138280049,-1.9024259505447496,1.2046796618818476,0.6195357097615855,2.292933396591657,-1.400048359677216,-1.1224328895483389,2.3343275224607787,-3.952846587269722,1.8480669174430702,-5.799806896470901,-0.7770509521259719,0.02162431242126317,0.3839012247101632,1.4193291489010544,4.752003162561859,-0.06096169875398871,-1.371920690609869,-5.537245129931328,0.2926282155319253,3.0593751869408976,3.6181241168257188
6657,-0.7362202581535602,5.036396187719017,0.12524386322395742,-4.328152370336959,-0.053072080108618636,-0.044195342342357335,2.99785911314979,-0.09457566087218439,-1.0520002234033226,2.05234665983987,0.1386789945008262,-4.042308883214783,2.4731002410906555,1.9133608558167055,0.16846626257414243,-1.2209246048426934,-2.6338806705363744,-0.7001220841022597,-0.9723766894729984,2.0479089815201625,2.355384398811328,-1.0532787255242537,0.7949897903386489,-3.1726277556754177,-0.4620670612747695,3.5379657995988936,-3.722454169397892,1.1581956872512817,2.22338203842671,-2.735022294600853
6658,2.8483830254787748,-4.912522978121682,2.9649455923999817,0.8909012167136083,0.5487399315663488,-2.340446788035557,-2.327483181240698,4.272940832305668,0.9415245268076102,-3.7269154645991236,-0.23706165251194555,1.0769949392386877,0.20647945510518895,1.356167129835125,1.9295085733721322,1.9869091725544266,-4.24665811709928,-1.2324062137674137,-5.749427701934646,-0.05755031339137773,0.7382836562613697,-0.05944108278225624,2.7552995634797632,2.3728358783645866,-0.30867542803813564,3.741359863473196,-5.720027426304917,0.11539288404134584,-0.04874211927401184,2.2206922261058892
6659,-0.5985076373218714,1.0622164638756573,-1.8057494968495433,2.3562479288087452,-0.7832207677025174,-0.23098649080900913,-4.6482250444767566,3.2576735140305644,0.9781592023356787,-1.3748071186129618,-0.4137595782826695,2.2009590250063873,4.07871923191426,1.0803243527509174,-1.4347770688839336,-2.994729976166715,-2.509775153801103,1.7802386141867679,2.6134380604218137,-2.5646369915966947,3.51130751473071,0.2517655169232045,-0.08010878952332412,-3.7317653109582665,-4.784865371056355,3.033414217791634,1.3936424292082883,0.02467038962508905,-1.4671696074995175,1.8003079419342
6660,1.133756643002485,2.8870855639176902,2.36199210691629,-4.5230020689970765,0.29410313415082756,-2.1539353789887814,-4.577322410050684,1.884706009211797,-0.2049826079745829,0.06963074653461909,-1.105704528113257,3.9336727903923183,-2.7940169554691767,1.9872813431789922,-0.9444299127606115,-1.017283325563529,-0.7241890085081373,3.4926378591226346,-0.1869551351331431,1.9195492575637925,0.7470007129727918,0.8004905180744792,-1.309947351079261,-1.9701380024012494,1.98143687284022,-0.7842516246560862,-0.16054098439354547,-0.02687774459172587,2.702239168400954,-3.7120056875964895
6661,-1.0519495693226126,-1.889475626622744,1.9331647072237246,2.15870878121412,-0.5030188921498142,-0.6474294003412577,-0.6571770361845637,-1.600765039841285,-0.08303660654759959,-0.5995788107254505,0.2613725456633471,2.6791849476357434,3.8231096088219303,-0.42773657421496836,-1.0826581365568089,-3.388935038597541,0.15747262302297926,0.9187475175245847,1.1852972788855674,-2.794836598189656,-0.39008455565072886,-0.09707437945519448,1.891169732162389,0.2055285222450145,-1.8245048192040443,2.228706487158629,-2.905856467491663,-0.7582499148470747,2.5995294423533295,0.6603752720341483
6662,2.499937830907534,-1.251329845538443,-0.19589360622164875,0.7344927158397674,0.16180338207861977,-1.9490104770644425,-2.1380563805920154,-0.5747405563513901,0.7062862190071879,-1.118090898321741,-0.4552393548097502,3.5798409710678953,1.4638927274570506,0.036491376772833206,-0.15528221945888987,-0.7594548229041713,0.2167693597316429,-0.8024164215982612,0.07727565137828307,0.20513533986692956,1.1464627727160241,-1.103160554996696,-1.9605303904006828,1.6348171814335437,-2.4363830742417534,0.7368723102665662,3.538958577677324,0.6168290162477685,-1.3967666942698926,-1.059510135676721
6663,-0.5688054715294992,-3.7031489729152476,5.494675024428407,-0.10284721856538326,-0.5053831700288876,-0.6144901913880112,-5.095697323432066,5.895146774082832,0.6593999911038955,3.6959304885281554,0.014292859046036277,-5.169072789328627,3.744318477905818,1.1485244809396988,-4.177698530753856,2.68157227097155,-2.1534424002998858,-1.2432742987631435,1.656007823149796,1.4484716683052703,-0.5554332601032517,0.012377026665250312,-0.027746506243627067,-2.5336767517760563,-1.5743048747418982,2.8032788485653626,1.5669082151034601,0.6254778454036627,-0.5488991935494898,-2.8724608407777588
6664,0.6923234664615059,-4.950382023530828,1.0278721036466756,5.814709607546149,-0.1245406531494413,-2.4599825009727176,-2.7640387166675175,-3.7272757943194286,0.10713156482495645,1.4860588338113736,1.0919521774892047,3.8061719348616414,4.176804048472384,-2.28463949151884,-3.2348009677519087,0.9852594732840316,4.045716897681647,-3.6883399601671325,-5.552905309166768,-0.9862754684580377,-2.0675749454065144,0.7488006941336991,2.3251714870774265,5.53278354181753,2.588243852205867,-0.4039145156404125,-4.559381462396377,-1.127527987015319,2.393914983796293,1.1086651290532572
6665,-1.2390216303092423,-0.7677366312710809,4.996045800483756,-5.064632690400693,0.38027509719277663,1.695070054305864,-0.654777318172421,-4.052686782433032,-0.26769017781623283,3.606406255059145,-0.7091832854976499,2.077931308860421,-0.815892146690608,0.6961279929121247,-1.023390445325571,1.642621902029127,-0.8402245712913405,0.3407572683664668,3.940061539364475,-0.8088344123581432,0.0617591288971191,0.20428167414912135,-2.709339235012532,-0.6879286950427144,3.087659086011417,1.9436576039070808,-5.351078665836379,0.435953632091306,-1.516414331820604,1.4002226756504683
6666,1.833312807390893,-0.29809293931085534,3.9645675330559165,-5.57990944152348,-0.49380961527026157,0.573931655659111,-0.9047085820757275,-0.5386189348733659,0.5468306155653817,1.962942696115885,0.032483424961793794,-1.0989292196937477,-1.5696599780019547,-0.9245261694286384,2.9458571642003335,-0.3340604525144393,-0.8749105194656828,0.7572999552105806,-3.389918987322165,1.0913691601719062,-0.11303301229243523,0.9093336472818958,-3.2102643836432456,4.712513575801374,3.7280669639202486,4.054932616111177,-1.7359682527057672,-0.9026216438731796,-3.3237780036581093,-1.8206316797910986
6667,0.8937905539771389,-3.909719531922498,-0.8943451635289001,5.748675582614904,0.28825121601748194,-2.126652657156753,5.765105746197261,-3.7970825927647454,0.7324991705424972,-1.4587536440873343,0.21438268318753195,-1.4561513630749694,0.4519426407231997,-2.7654844101559704,3.19089392165165,3.960998105528695,-3.7375981388579014,-1.1007521188895169,-0.4119112459411305,3.298422509962034,-3.9133871462498604,-0.15813494999244337,2.2360021684941724,-1.0509913362754304,-0.19796286798798235,0.5071178890614334,-3.6524390770470525,-0.029418208178086047,-0.12601451495249982,3.49871677910744
6668,-3.0132373685963536,2.6361949257905124,-1.2814157122143115,-0.11435469415769717,-0.32867010287124776,2.101482952050464,5.0740823266185195,-3.8214817704480133,0.08634583161239995,-0.6080081858191946,0.7878841234658198,-1.5188223254292907,0.5380030413004278,-3.257314681057913,2.738435478511498,2.4187709462420166,-4.129372727389873,1.6914779423939983,-1.8028949149128586,2.3200242635731207,3.3321831464566998,0.8204096125505211,1.6189909346184983,-6.288713042288631,1.0243602169622896,-4.392683919624444,5.824926878428901,1.222594251726326,-0.4465140705647386,-3.232683356925051
6669,0.31285850925564596,-1.9063050752669106,2.9101850026910796,-3.533955601362347,0.49876720284426934,1.718449961839596,-5.924466304876205,-1.7139864522349733,1.1965090087192873,3.4225926782169402,-0.33081004049100216,3.350161110666182,2.0205322508752595,-3.14849551391603,-0.5670986185027225,2.389765506920348,0.3619506588506276,-1.0566542842273314,2.2071905175419886,-1.6444986762826872,0.7277042058810004,-0.7316791766935244,-0.7955475304632547,0.2368306600138368,-3.569644567640154,-1.9469000686491924,3.1707691290450626,0.7263398690888501,1.4700556387748023,0.14937999938395485
6670,-1.1353616026215576,-3.90100691997608,-0.09771320420732366,4.132542350889313,0.6694051844216076,0.3321341914953919,-2.8687904854740083,-0.28947148992545024,0.5825406398612918,-2.768924449176188,0.7793707071405347,4.56527507757405,-2.98660138205239,3.438760670616361,-0.22738245424552161,-2.3535945256776927,1.0399631808836816,1.0888545104757128,5.009491275033305,-1.7471689468421108,-1.1387120780884565,-0.9953611019543755,1.8990640530327418,-3.0273132011837163,-1.859455235418288,0.7251304431013672,2.020159477582286,0.6861661400655255,-3.356386853503807,1.7843860281762147
6671,-2.752434435531187,-1.3858170000337608,0.16833100251967537,1.6465657827938998,0.7449962173358204,1.5783584329168718,-3.981655602935213,5.187627335498451,-0.469305243900874,1.9618963492828954,0.17147723114807967,-2.87004006909309,-1.5950088174618564,-0.2837860912262471,-2.6844179965837895,3.087021938165705,1.5980741776447438,-0.12188321053839779,-4.105984965218113,-3.3851012449653766,3.494082371269485,0.5850114944464488,2.6676311121808407,0.744361232284092,4.3944118632982345,-3.342413187521583,-5.836227989764225,0.5183597540823746,2.5042462063986797,1.761623353509819
6672,2.7353633112511773,-0.6380606412950165,-1.0770071885098247,-0.23882860587140442,0.1504723988150305,-0.9319392743886379,-0.38534259229133383,2.010575050135156,0.6670299241227395,1.3411997923757681,-0.026105013779861963,-3.6073571605622057,0.765297398853793,-0.6090284613154289,2.2306515215500156,-1.541926649382992,-1.8251485834163468,0.9801547737111118,-0.7716610928262568,-2.000658670161183,3.534803013544643,-0.2008224656659321,-2.088189646576735,1.526528861682845,-3.903368223888453,-1.0511893066589124,3.6560329245061,-0.5864711008709076,2.816889328665276,-0.9318936217497775
6673,1.4997743282567129,-1.973948155728369,2.274712175158136,1.6328576503644037,-0.9632692642539706,-2.4701267337956176,3.4693364432887996,1.1625943237415903,-0.6747305323787423,2.0238190726675143,-1.1759446578869022,-4.805074649432022,-0.8095987300288776,-2.3734907246042543,4.1724539252228645,-3.580664171083477,0.9987779403383321,1.592521760155563,-6.024867466664066,-1.566702847997723,3.9355689744867277,-1.0568801072593366,0.09719332526637459,4.615688122165405,0.6639983646114622,2.916699723638711,-3.8289192041638955,1.003385551380303,-1.6089050954408677,0.8537406599776283
6674,-1.0120767315917512,-3.722426182011972,3.7973166201345876,-1.3609808808774844,0.3921754723504778,1.9059917019974222,-5.8682610249093194,2.8418988465617048,-0.3240175356332404,1.5909207360213777,-1.0958274424895271,2.8552864204492465,-3.4920202347275673,2.3070735313724775,-2.3744360267388345,-4.172757115438005,4.143027484466991,3.5891123610650872,-3.861593269503512,-1.680411770353233,1.1199575725470972,-1.0509167501841077,1.9675996976720214,3.5053645198191354,-2.0109457768482883,-0.15015523469770287,5.66271086573488,0.18700308725548442,-1.8209303063655788,-1.8676826350754592
6675,1.6018781016288735,-4.006522998261943,-1.5022869874549691,5.020157768476874,-0.23975051689065308,-0.8734753674968889,0.779923962191333,0.17838417799488582,-0.21994766322088033,-1.3364540053157636,1.1312992544535136,-0.533205726102846,1.0969234304846687,-2.896509115366131,-0.5361967692571348,3.91141151434444,-1.564155941130636,-0.01147311907508275,1.0290673797564658,2.6391190892529224,-0.8231073292022,0.28592838819446964,-3.013753708324545,-0.11725381967970705,-4.794408120491591,4.435053348467459,1.7305848034704567,1.2495709978823628,-2.609743233720625,-0.01105779560477771
6676,-3.1423989846735942,-2.364301551651181,2.2993404911917246,3.552082856184871,0.9751146627086613,-1.3198374737591791,1.9655214565456092,0.8956412722502485,-0.035303709852111176,-1.495855410741175,-1.086642667779079,-0.24336094042326195,1.672172654623818,2.225412687556222,-1.0172305023532235,0.8295492118218739,-0.039731591323988624,-3.6701724603245705,5.738926592388786,-2.7344170569817408,-1.2020940403255551,-1.050169650500218,-2.7938015863269854,2.0415557417431067,-2.9548882010175994,2.7535067187417788,3.3748623046687385,-0.14226371234054902,-0.6711648800314567,-2.3600522300176063
6677,3.01293187360573,-3.791307949463846,1.5655550423650553,1.9134794170468687,-0.6601691045583697,-2.04048927899413,-0.542085441085117,3.9414827222115605,0.47571777372355406,-2.9392035412688333,1.0151130740392968,-1.9510245876202248,3.0823747416632656,-0.7433319326651251,3.6294636114385064,-3.502707157433612,-3.4219777825246958,0.9561785195218526,-2.2959231661725354,0.4021377348745929,3.3814456881528834,-0.5443279565414398,-2.48144509642008,1.538112796103988,0.8704635146196651,0.46396325507500435,0.6586763328537266,-0.22352902608305314,1.3228629533001168,-3.092437029762218
6678,-2.0289315302538107,-4.290782268573093,-1.6118028474038084,5.976374968476332,0.7168962944513799,1.2382453833043208,-4.633618510771917,-4.421094873672239,-0.33876956169782524,2.262453220092418,1.0422380298270983,6.088791696222671,2.0946002398749464,-2.6039022377719174,2.378120622631851,1.1696672478238348,-2.009830774897786,-1.0286550976607423,3.1207077737705724,0.30449009146711603,-2.8609621359251385,0.1812981695556175,-1.7365012235601878,0.9909673246894606,-0.8655177575721282,-2.3333159928229144,4.360155601711728,0.4433942346475419,-3.6748247427418423,2.070108656780853
6679,0.7420113929766892,0.7674992739676476,-0.9150106271819567,-1.0718223378679674,-0.7583996438992946,1.2357219420062044,-0.22560241962904826,-6.044292961492989,0.6407200336290169,0.02648403141606792,0.08942232570343922,5.51326899037371,2.0669841190987164,-2.503073594677284,1.4067545515983646,0.7298201166512079,-1.864238375340543,0.1637531826697618,-2.5070043603289847,-0.055773226114631314,1.5455943086462653,-0.3869928907724862,-0.32220137838332263,1.7263775469506193,-1.6303049607409719,4.2312810675839,-1.3170046010210044,0.41198117594741834,-0.02029421132873921,-1.675658470437357
6680,0.627200346768424,-5.613130608276389,0.9344808015678225,3.7868695682594478,0.5495788659731802,-0.2849989742911667,-2.9044617684878133,-3.437140059018631,0.9607971754736209,0.8130564472001378,-0.6340367527772637,5.201784957610126,-0.1456560179447557,-1.5431942529284317,0.19987624378002167,-2.4623153990551376,3.5504604125899206,0.40082901355861544,5.629732593888523,-2.8082772136301237,-3.95409968374822,0.817519673027582,0.20733654049432637,0.10778808996538203,1.37326046920667,-1.420617628022633,1.6368125503456383,-1.1820226225018775,-1.2552250887164043,0.8477923196918606
6681,-1.927935021301309,4.3484858743753065,3.0130323300453306,-5.487901744933733,-0.031089704185649714,0.08540826600137308,2.2790055712577946,1.056090691351244,-0.2111943559581837,-3.594548555219923,1.2357128376108681,-0.7650661890416259,1.7684524230679273,1.6200012856057668,0.11356887865217757,-0.9743366681700181,-1.4773435667178632,-1.050342352437731,-2.7035937524891693,1.7680319626737777,-1.1259562236262148,0.29986017242103635,1.5555489007500043,0.20610894026804516,2.9535349550532928,-4.5759066811854545,3.524033587560819,1.0723483289338027,-2.188194193393592,-0.7858159969656207
6682,1.297037332173609,-3.9587044276099235,6.0490651962984465,-0.7732756810085988,-0.14195595184463428,-2.47216646800758,-5.776005835384154,0.9335639691638384,0.3241850626923011,2.6836293874801456,0.6386907489980009,1.1959366670500238,-3.7953042194776376,-1.9614692762444665,0.2325125849077132,4.16128795986176,3.3898377299524505,-2.0268647789995633,1.2027440431096288,-2.0437641139109335,2.0509976169389006,-0.33290139050667644,-1.100940138423729,0.22386398279030217,2.4308109078155162,1.4793642484083982,-0.1304696608750433,1.142460257902826,-3.2927189809110544,-1.6294467723373973
6683,0.9949280730420895,-2.0817038473094414,3.9259371002087136,-3.3356187989693638,0.19405336947711982,0.3024041035522096,0.269776971114986,2.5377368825977022,0.7869933036351,-3.3111920274540303,1.229766295903536,-1.5130814257971394,-0.8761434003269066,2.146773685038582,0.8161903937812554,0.8505800407821091,-0.2279145574935555,-2.709486161781202,-0.2887419609800794,0.340027404224422,-0.7491729544256298,1.1924170141792532,2.1059341881287867,-2.6004636911292636,2.3833911348782877,-0.01596557853602576,-4.456957382555256,-1.0226853723888825,1.4674852953142903,1.6447319032908325
6684,1.3208219078745067,-3.336473838052221,-2.1400874436738135,3.8001749637352518,0.49431144322583354,-0.13874703310825254,5.079883310933038,-4.54609213430502,-0.635111029980937,2.4512193506033526,0.8562910301137938,-3.206190527364047,-1.3944591526112653,-3.3679541050163664,1.885433914468269,4.030684345107016,0.5665124803617871,-1.7202174823091738,3.707173224264288,2.657054576996419,0.1110679506666159,-1.1115750480193296,0.0973488527085653,-5.4610695566190515,-1.999792839288407,3.0317548683263205,-0.6112018220357704,-0.8756859810879298,-0.32194750036244457,0.7768732744514804
6685,-0.772173102567093,-0.578385356151589,-0.32486715464853333,0.4949974473338479,0.17241263012471775,1.0080155359099638,5.47829619001179,4.2376446028165695,-0.35989393191879415,-3.6311692156398205,-0.8298825486963413,-4.894995096573215,-1.5937309987068424,2.5133755419166803,-1.7229910476415373,-3.286187888180663,2.865520000301199,1.224014392311446,2.2852283464654377,-1.4615690102283772,3.682578590466779,-0.5689258014525018,1.5576287108891105,-5.494940836142945,-3.286914328926642,0.9787762798773123,5.067670755442894,0.33398008160071413,0.1182423700714299,-3.2117551580624397
6686,3.090453999375214,-2.8436396994711117,-5.498964131949499,3.6129087363154646,-0.09725140784209008,1.736492503573368,3.6055205466578357,-2.702170205856465,-0.9425901454977019,-2.8572105457755974,-1.1446956635749883,4.041146014047133,-0.2933549057282576,2.074965194316338,-3.769429724352806,1.684923633669996,1.9903727070789543,-1.6874769049838818,3.105584968427454,3.4989458409606264,-3.1782902706219076,1.089845919664861,-0.8528903416277096,-3.663196116805839,-3.484694505413575,-2.694060870487281,4.964415634136792,0.9689862701558969,-2.171583910570819,2.416937382182244
6687,0.7420580709058395,-0.037784292827311106,2.8296430577383305,-3.3133301787728158,-0.35142165101255185,0.13083499396985587,3.634910286600224,-3.7969796525826425,-0.051280389903947565,1.4679398244301538,-0.4827707365025784,-0.7718193320409767,-1.9350229273081059,3.2069328757150473,3.4776626547170792,-3.8053536892525006,-3.5550924075681785,2.610873493696989,3.3895710599996853,-2.0344625844469615,-1.7749240472189634,0.495083619346655,2.4360686933829534,-2.511336741065879,2.138934453200797,-2.628778425095277,3.266058710065117,-0.5020174281931826,0.18954541979974948,-2.463742729773939
6688,3.72799343569967,-3.104240572459343,4.402333471700153,-2.9153493725691,-0.0867908317945929,-2.023946130575429,-6.199960680942155,-0.6729227527261799,-0.1682810041924636,2.3370578906442105,-0.47453745706988215,5.178644004286706,-4.143233036489619,2.479552994707859,-1.9115203461515122,3.721497739957286,-1.3161827848984053,1.1698854328747252,2.0827578439749317,-2.4502119824821467,-0.8798536019759151,1.216426357408107,0.116030447207363,-0.08514906413481071,0.5626075125597403,0.8897494245548749,-5.933094180599269,0.28175706806188394,1.5605784169710688,2.6384017584549753
6689,0.4444040384449899,-0.0528457138357723,5.750995483027111,-5.16415008675321,-0.6894776946961565,-0.28892602618555685,-3.9191561355053395,5.051967756503583,0.4877261450607282,3.112843816922254,-0.017040789852998728,-4.716340793128001,1.8239936635021436,0.2704906002723426,-0.4366264702005225,-0.01598308416589944,-0.9763603339619813,-0.6655143754457828,0.9234037910811921,-3.1374671353579746,1.7991449893848461,0.5832052142436428,-0.609520757656421,0.4412338983022579,-0.557411279352408,1.313878260892409,4.777296507601783,-0.7245610745557203,-2.6687227265324847,-2.1404796880503003
6690,0.3724623111064709,-3.317638533197112,4.097748638092909,-1.1669732872364094,0.11268369717670002,-0.09828282594114945,-3.835708611338042,-3.418950886134148,0.7005260887367939,0.7808093194444261,0.18482245511123363,5.588501634179966,0.8207844220251168,2.7020868699154406,0.7308383816699795,-1.2508463999607766,-1.9797697760786122,-1.0230934975708337,2.2436351622185065,2.220832536491134,0.937305436980477,-0.9990900017992725,-1.570668453003183,-2.83201468089014,-1.0049173526160828,-3.771289435861725,1.3195235405995938,-0.5370232731749454,3.654768548742524,0.33893797231391787
6691,1.804098464754464,-4.822304986009733,4.294319398941344,-1.2038096248232435,0.6289821794401047,-0.7012854323015087,-0.7948199659912163,1.8610495911006346,-0.16476730722353583,0.7627586354052607,0.1347607796221535,-1.7989817329130418,2.3135591299057126,-2.335038587184947,-3.2449240329714524,1.6479390793179327,-0.516905972069214,2.135370383002275,-1.972710095153662,-2.7262335021792623,3.662569272737315,-0.7975253361568324,-1.0164504698487704,2.8503501305987555,-2.5336933920529816,2.9649566223906234,-5.02882125218294,0.6470367250499454,1.1726769100957775,2.7778443867028706
6692,1.518097504125766,-5.308339229639959,-0.5761006512806155,5.904328721921825,0.31694249164831767,-1.8549288367739667,3.324819153610445,2.02990604662034,-1.142132515924073,-1.2075381330630197,-0.7516323405234262,-2.2534222107200073,-3.419321839454751,2.4297134018925064,2.7865721750446397,-2.0146696220390616,-0.9047681004228849,1.1224739849798588,-2.5484837951745867,-0.5777165514850076,-3.7785171518917604,0.25858392273148745,1.0213151249531354,5.62481845086424,-0.8561026898226984,-0.1077193522608404,-0.6795493310327281,0.5094270036471595,3.185570846838516,-2.051626477366108
6693,-2.8240624859021572,0.42010723517276105,4.420823395721207,0.5614395701655788,-0.2171365792590687,-2.36117113589696,-1.258336665231635,-4.283754617921019,1.1561215553375375,2.0071948721999853,0.494422646392227,1.8843522092231844,1.373168016033457,-2.7718131556181067,-0.55869060876541,-0.29680159535237394,1.4459768400919764,0.8081605036108037,-0.010264497955404295,2.528471791044314,1.8939862129992697,-0.20867816484911028,-1.3541716767181207,-2.8493436645234453,-3.711370289351489,0.6405779751203227,-3.8108377278870904,1.2115212794784842,2.587079080501354,3.083029682141728
6694,3.6773169956946816,-3.2234500243463557,1.569403261536472,-2.2174223820051253,0.8612343296620706,-0.6670821805403655,0.29734742330253283,-1.0072704983833844,0.1250752679520124,2.762988015955173,-1.1797980195726252,-0.998342189253421,-1.8579218736212617,0.7870559940462307,3.918732775041118,-2.5578081050390225,3.221608552826307,-3.5116673432530376,5.338759643592905,-0.9140503078464697,3.3926741205414537,0.3333088880306416,-1.7424258952569875,-6.4082664490640475,1.347204975087216,-2.721640040246662,-0.37630254040157496,-0.8027273326431752,2.275665922023176,0.2777990161843178
6695,2.01258271928414,-4.463050890639696,5.103206124762519,-1.983073206462084,-0.20007355212836386,-0.46959119481513056,4.300555305483641,-1.9862189213301278,0.6031702606000913,1.2753919975405026,0.5590812842996931,-4.7519799265935205,-1.9162655978380663,1.6488826370561256,-2.8715132963264285,2.6074774547740454,4.20404371718773,-3.6726249148530776,-3.848665231037465,1.9196431788028878,-1.2165460619603419,1.1474501792427798,2.614449692428213,-0.61633175747858,-3.626933530602358,1.6746593898121525,-0.71819442591908,-0.5676609540584208,0.6469440980907066,2.591185422680269
6696,-2.5794686470156805,-3.6547210996968538,0.9824565054395329,4.001505933215665,-0.44510574544430925,1.6953330535030204,5.418035357457498,-3.253478645318655,-0.3302448915195333,1.8593351714413053,0.44400247626178313,-4.137649468322113,3.9375229741008795,-4.142846554742288,-0.39627518548213914,1.7887089271564172,-1.9248469910796082,0.7377368300470621,-2.878565349750854,3.4745818565650275,1.7439870691360895,-0.2441908157889836,-2.811403834129578,0.715591073965804,4.333434703761217,-2.5768493363780216,1.9219597930755015,-0.0196278754777639,-2.178099266460041,-1.4808180185176258
6697,-1.703146229261522,-1.9851223521995784,1.9716196982149619,0.08320542713661183,-0.4454981663800912,2.0789416224909836,-3.1865929596266724,-0.8699240377790716,0.4294273563010842,0.997188069027084,-0.5232295917058991,3.1531311637837725,1.9115056261479744,-3.488400414423433,-0.9691972586463287,-0.11437766385945736,-0.6765918347395221,3.337061545521024,0.1983406448207674,-0.9954701828766588,-3.98291556904136,-0.6239887983638157,3.205962038183145,2.1980718672754236,-2.888113856479819,-4.945351816944404,4.817174327897877,0.44579748169511113,2.0478120913431823,0.5226817724913335
6698,-1.3694078471400317,5.233293428315815,0.062067345458736156,-4.747108275053684,0.9257475473146748,-0.10459219889414406,1.5767031498333388,1.0788513746393242,-1.065240124640325,3.020802926846514,0.26714884184851506,-4.878266168527055,-3.196416846711452,1.1717428257129896,2.7928108677619896,1.1246593671624971,-1.1074165259223143,-0.7853796880034238,-6.071307560956555,1.8877319361327327,3.528692381504957,0.8473838754314258,2.6067330523379493,-2.7992336844530037,2.2056361631735477,0.41154645904956055,-3.3069269679003774,0.4045027654687692,-1.9024125798660272,2.187654160077809
6699,0.7044342349102966,2.698367524848667,-2.130480539192579,1.3750876784062172,-0.5262518918026318,-2.1211570071686126,6.1916772431385105,-0.8356266239764523,0.5329315596945001,-1.9177824398140295,1.074304919752822,-5.045504658795025,4.13443299194746,-3.7295890505767506,4.005369238323205,1.8491398727724722,-3.083568730438074,-3.1757843220280098,3.7188582214763066,-1.8487318619724658,2.0595400384433553,-0.3235114476679968,-0.6108862209221702,-2.9952687293595126,1.7644142428023457,-4.171176974570669,-3.3290428487766697,0.9404850616252194,1.194553339189362,3.600767179733648
6700,-2.3801624671059045,1.4874635880809883,4.192789054364027,-3.6287118392774893,0.48732586607462647,-0.15870420213491343,-0.1640689335517429,6.038320785173774,-0.6110149418212529,-0.3946073462120552,0.8733490673692748,-5.7419786309576715,2.04117355607044,0.7819928428679646,1.9349831260196808,-3.544339371967702,-2.2459993936623697,1.0321892406722775,5.238770777062673,0.1991350149345088,-1.489240549963725,-0.4174918018642648,2.8376778176477195,-6.368851257819379,4.234851185771902,-1.802400604695201,-1.0534988375837138,-0.5084282582351989,-1.1394559337833545,0.2689324485287816
6701,-3.315633845717624,5.097141206995953,-0.5233504593137397,0.9231030491926795,-0.3285899957622205,-1.8526699553937291,6.185935165021817,-4.582336956265625,1.0943850583666181,-2.9725907537982863,-0.8058248391475109,1.080432325823299,-3.7653252426984327,3.053597520058414,0.9280673342139707,1.3971158410066842,0.2320427260086788,-1.8454981785890485,4.596650101664341,-0.46338101607586424,0.9593042134375942,-0.8487616534922724,1.9752443011215952,-6.219055946657868,-2.3790441259715323,2.3350113076638763,-1.2299186837149136,0.987370462812386,0.0812310593613983,0.2053499798519809
6702,-3.6788482218664935,1.2249629258032222,5.854307993459468,-5.826899691657253,0.10641497747451423,2.320062016787869,1.5136517993763228,-4.764608860318507,-0.9572281088775609,2.635618770974613,-0.08389764772334374,1.6564640465687788,3.4113329617217687,-1.9860571561487,3.4524881970478276,0.10244027452555571,-3.3157980917736136,-1.664406185372588,4.431740874715306,1.3390540253013494,0.6487818358295421,-0.9113818221274315,0.4101142929836872,-5.918309206704961,4.854614749793328,-0.7129498318251208,-5.5489954897422855,0.30442391476749364,-1.7190805712859127,2.8219872282956864
6703,0.22900484154235556,-4.460493670228004,1.801142344531005,2.0748244324833927,-0.07566804169604513,0.43119009336862746,-1.798434996973846,4.631522900401404,-0.2849749842732425,-3.613400164321714,0.08343082827192205,0.9818564168957806,-3.1510263388033355,0.030397234605494816,0.5222643202341679,1.4177789375471583,-0.2971280374240841,1.4777138838408526,1.7944690189373453,0.9050404236823404,2.6714167122616637,0.38224286565654264,-2.2977597850187355,-3.455409235521671,1.6250312632931667,2.713807596534906,-0.44486892689769775,-0.27184847566607484,-2.5278578073867184,-1.0942636498744136
6704,-1.2209153091302642,-3.3451618572028963,0.7086395656695963,4.288989994906331,-0.03437703961285221,-0.39717535462858145,-3.0350672718097442,-0.4109085852335497,-0.32723935785349756,0.008345561986610406,-1.0471972322957948,4.812066885206281,1.6231078951077293,-3.7958198045413525,-4.019507162526407,4.226915071915787,0.022754589534887515,1.9425494105095993,1.9388099876534888,-2.750578167740869,1.80127294650244,-1.1528158350626114,0.10002016012648696,0.06329090851852825,-1.0006686692773243,-1.2990591200015977,5.993139522561439,-0.6442102639295602,0.17038045059717533,-3.219581919946947
6705,2.4808667633328696,-3.15970205206197,3.082197247479172,-2.1864133120922062,-0.6332971364193696,0.4163484897628109,-6.128194693655665,3.894487637077912,0.8557131295343758,-2.6965961274841916,-0.031208787510266234,4.105798842038173,3.2682803738490023,-1.1206001836904793,1.6182147760976662,-0.4818601279592336,-1.563850478263662,-1.7201843600330768,-5.430573198548444,3.1157225525573793,-2.030219463031738,-0.27149087462199883,1.7808209998496984,2.835739983792589,-0.5699827366324932,0.5852368333130293,2.834402557040658,-1.0807501110554574,0.9652980918175995,-2.734204634480145
6706,0.5424868202446991,-4.142047843453238,3.5225402045344474,2.2518203449855925,-0.4448465473416734,-1.7299529789685124,1.6851024587636587,0.8279862799397435,-1.0119092277877773,3.1366962815675485,0.740438968427247,-5.378314760910072,-2.7910226690043363,-3.065752336787872,2.9605823111928373,-1.2502048865737567,0.41261331815789504,3.7337842630154086,1.3790008541158372,-2.2926925140381567,0.7714891780973723,0.27762694603815596,1.373342410292203,-1.508766874507966,0.8225466188100263,-1.0605438513732217,3.2968306251734276,-0.5749017964749648,-1.5865471131639968,-0.8973844829680875
6707,-3.188099613477714,-1.9299327944421485,0.359245868718876,3.9888404447524444,0.6189746901404938,0.15097140430938083,-1.7977670834884414,-2.206210016135824,-0.6823656504151705,0.3370190977979508,0.7065186876464926,3.6428049645953102,-0.1233769721291651,-1.97107783713472,3.2071164329592357,-1.263347193077717,-2.603143784006381,2.753829353388916,-1.2299147713135703,-3.2786870314818994,-0.6898850825960441,0.44753608472674866,0.3142080491079682,4.436742751554242,2.31625368792362,3.7115397329339004,-5.000517263469103,-0.1953522193827375,-3.581013684759485,2.749089746756976
6708,-1.886392202058257,5.260020224884929,-4.240821459924433,-1.0131274939716555,-0.02152203681353937,1.9018429678842779,-0.8339205698025403,0.20639525871362352,-0.26521976530607816,-1.5409949293089582,0.946925462627016,1.4868145430772515,-0.5600464209294707,1.3485145764530806,-3.980072904996227,-2.7413756163678666,2.7030568534663466,3.2299235123743024,0.9791661830034464,1.7057826539518448,2.699557914116813,0.2038002734846298,0.35587712402668714,-5.944184148585954,-4.083041649885679,-1.4199635290825832,4.9430522341515015,-0.4763782688049041,2.7503494106453488,-1.7140181970205024
6709,-1.417345368383101,-3.981577956262221,5.24726334830552,0.38235537200033676,0.6378322177413569,-0.8685276134005679,-4.643569214365904,-3.2329459993848637,1.0060039995243217,0.22023170485941357,0.6839584936999934,5.966321015667351,-1.2947776509823452,-0.9274938561340527,2.250859928579569,-2.498095544104965,-1.0694850284767696,3.538992151118748,3.0626932159160027,-3.199915514775645,2.331346745141012,-1.0884311476563866,0.9960201875595089,-2.1017134861870304,-2.506804003882454,-2.2355410486487806,3.614188334457431,0.7907165630223556,-3.3273842026611504,3.66482435771578
6710,-3.2919701647808157,4.963074631460504,-3.791987267693866,4.074991023277974,0.4253744844665204,-2.379482706728991,0.06138213444232932,0.9783143477490235,1.103712258229538,-2.9990515905101685,0.8965385153520318,-0.04089566526240773,3.5054215370370017,2.352507427809339,-2.383108192789715,2.1032338598235434,-2.1016608766088165,-3.4763937552711326,-1.577178542357423,-1.5327008047601662,-0.311555970313691,-0.6464419111983304,-0.2206556088441758,4.288532837471227,0.7531726237038789,-1.0570606792715616,-1.4087054609025813,1.0951068589493103,0.518826955369379,0.09865970215473574
6711,-1.6115615561107894,-0.10550915413423567,5.573809156750688,-4.465373385405297,-0.1024751042195653,0.7111100431205184,-2.5867429097474997,-3.4140850011784565,-0.57177085714439,1.3536999777305212,0.9444993853957229,4.274399404944436,-1.2629093034842374,-2.7071355231785166,0.9773874170929417,-0.7141444018414767,2.6961708027851117,1.0106310086264187,-0.16892074276034563,-0.7425419100981117,-3.388225226790249,0.9584292572399598,-1.2997511045907064,4.6410097269968595,4.671850851483921,-0.1463521140438253,-1.0041150613656242,1.1355967710650212,-2.1681285532267545,-2.488851893909599
6712,-3.3022122536561582,3.276570345512461,-0.21053766818359065,-0.8853204251132034,-0.39465268528074127,1.5161526867225366,-3.942113755734347,4.352054340153902,0.81415654051969,-0.6742055600564392,-0.3744563113174664,-0.17543525356501277,4.173626658095305,0.9751070551123604,0.08596835479189835,-2.4908635149374607,-0.4805310957772484,-2.2633074572846166,-2.2897199333377394,3.0045633141413077,-1.5332264075504725,-0.6593459779040423,1.7224344179301276,-0.2447054132817641,4.309178488725806,-2.887165372834417,3.806273967175702,0.05913407944264737,-3.625661944610103,-1.6617592178965026
6713,-0.9293162022708188,-5.122055073371968,3.7886718269428137,3.5373311788584836,0.4960335912348608,-1.7706653213920767,0.8862026394396061,-4.964956088061005,0.9015462039067579,1.0783651774515235,0.956328986835131,1.1425130804283086,3.207708797951863,1.5634830938978261,0.6369446778413206,0.6154574559002128,-2.4333134877663625,-3.5902805378246114,1.8096000311274878,2.1402642159172807,1.583628019651563,1.2055225012395132,-1.7771933827192417,-4.961821385219192,-1.5953177400834875,3.1341632592310624,0.15478559934628677,1.1405281365231579,0.11134094716311083,-2.9455002021770085
6714,-0.11123148898632707,1.4069452271676326,0.04640180651466963,-1.1365308177002724,-0.4898906352052006,0.28430590821081303,0.3075015979085869,3.5851097303574946,-1.188411554838566,2.7342722004501283,-0.025718438012068745,-5.412753535865285,2.3608690027529136,1.35793110246939,1.667308529166867,-3.232031551922365,-0.09474404979352613,-2.059333032673038,5.702317387582134,0.14850038733367654,-3.67716796544304,0.304492148907169,0.5394534696837301,-3.017595428066265,-3.089906037745788,-2.796506883592265,5.70812651937435,0.7344089227035759,-0.0588463969010764,-0.49727612383568776
6715,-3.3712069044475115,1.8780402046521552,-2.823001035419029,4.184560684152469,0.12177102080501712,0.009836030258218997,-1.9917088975926625,-6.169670999722246,0.7104846496858483,1.3973425701562654,0.8219525716481835,5.231600105824906,1.2783577662978445,0.5968368272017983,-3.809772656837877,-3.9666729602007873,2.8160148035842703,3.0852362199549823,-0.7869692287591228,2.864553103283452,-2.666363046661422,0.7904792914784524,-1.7671439993568718,1.5654438800128894,4.794338012892791,-3.447357424026219,-3.8654344263502054,-0.40477202867445694,0.6062145189104786,2.3170113472507126
6716,2.394990428326942,3.459462268428492,-4.907516767798146,-1.566427560177594,-0.01918197901238039,0.6386736102340116,-5.755309959595422,1.5242032549023925,0.8632503233862447,2.78490323258152,0.438311980298006,0.14464116842752617,-0.2628677021865613,-2.1460070491218755,-2.20646993812589,-1.9007417980457824,3.2842302078903103,3.231856279590044,-3.104038872889518,2.150148681452972,3.395060213185051,0.04814867405154377,-3.0784680853484705,0.5891493895457529,-3.1553534427219105,-3.083842498634212,4.123751231866006,0.4980620430432303,2.5713734008052533,-0.9539907343552869
6717,1.7174657404501623,4.969789565184403,0.43004490581625276,-6.183421194731583,0.7259451533094268,-1.659824170027326,-5.497103856532771,5.5807130848466535,-0.16795346764201824,3.155241753719025,-1.039047500073008,-2.03185001431763,2.8568946193133478,-0.3043764962877802,1.197214390367641,-4.032658098494926,-3.2244255174634144,3.5073511025653694,-5.329544526935912,-2.29999696617773,1.997028096084442,0.23898285086659765,-0.8842940901756968,6.277824636335637,4.984306287192219,-2.6793539133272155,-1.6619169445508106,0.9704606826726883,1.9337096671954193,-3.5472057791791958
6718,-0.47654938048774476,0.1687045717975444,4.930136523921586,-5.954009899460466,-0.09278690049889571,1.4245050847293133,5.597626903110399,1.5032320871305664,-1.0605750769887474,-3.0127527096268896,-1.0424802234454784,-1.9850509801795866,-3.497626885044724,-0.05111105402895788,1.17931801554829,0.8245042366155424,3.283490741995003,-1.738575055084894,3.6861527542783925,0.6727764311668842,-2.9136433060228804,-0.10582352541919704,2.4743507073496094,-3.813813061355514,-0.8247555705796294,3.1400415790006804,-3.6108324350061025,-0.5716791056494692,-0.8652067604835914,2.73243229272121
6719,-2.5354518051684707,2.5663471874322887,2.2462741528442898,-1.9858135725588504,0.05645015264690745,-0.3478061151948122,2.124493077283997,-0.9358089896298445,0.15435756772198594,-3.1633765625317345,0.9811195793137353,0.8392153278421084,-2.10387841127101,2.2050436518472836,0.25732621907354414,-0.34686165863356777,3.7306448127583813,-3.7422746137743594,4.910191091194147,-2.966317113295819,0.9619105238705714,0.0035383300509073123,0.6813034398851716,-3.590626271707645,-3.470685573327515,1.9148159348597247,0.817349163819646,0.505296673368048,3.40589497460077,-3.172671173317571
6720,1.157231866302613,0.3872225348265701,-0.11628295413329326,-2.2355137440649884,-0.8305270137491845,1.6378693108196742,-1.8529815947499877,4.7101414695641886,-0.6217784369229138,-1.891133353158926,-0.44316142872977426,0.09891334399764062,-3.2231973956124147,1.3620243652077804,-1.8372522083034308,2.847364589264643,0.105313962616016,0.7457466868276548,-3.5793008488958122,-0.26749836838954266,-0.8039875060637662,-0.9558652836842452,2.3509374395044205,3.2557145675262404,3.683286062213252,0.9969839886313707,-1.8374802751249142,0.8577710840478083,-0.6439930302226138,-3.056567829541832
6721,2.8165768159416373,3.8593413678194146,-4.099972392925405,-1.6269590915463361,0.6563726220714852,-1.6053593213594226,-0.8196100932731518,-1.2951213028848656,-0.3649905317885995,2.9190260799291536,1.0426597515612492,-1.4819639035435692,-2.162603131695281,-0.33144699566153335,1.7157038587795945,2.3633229298943093,-2.981127602754185,1.3961509414373658,-2.9004187200491174,-2.26184298314492,3.7559939188908267,-0.5566571309863386,-0.7339174627922631,2.696842378079058,2.5348943065814282,-4.741535365215686,5.16455672976576,0.6913223780031261,-0.8720537345197705,-2.7771843146117874
6722,2.2257736808167756,-4.70426351644366,4.207304968311714,0.37985214665138756,-0.38826301200571,-1.720404267329144,-0.5984794949298724,-1.214719224720099,-0.41949222100901373,-3.679915578295308,0.268896060545357,5.643710458409128,-1.5064566296082411,0.7144214981210695,1.5862580087326634,-0.6409521003379908,1.8213406938718535,-1.9746114707790685,-3.767755128852425,3.0825778602928224,1.0693027892204832,-0.13892057490790144,0.8296979885241615,-1.0749029342799332,-1.5969294624328256,2.3160609427925074,-5.132257207687907,1.142227677599073,1.408439335860166,1.8624587138720479
6723,3.4140066006207164,-1.22642313191092,-0.027902410184239557,-1.4656025510043271,0.2264391892837354,-0.9205176968035751,2.261997427086918,4.7536606129495524,0.2754577696957039,-3.237959064638652,1.0375217510607628,-5.090678496154101,0.8564477441665126,0.7822067690047518,2.111676190144607,-2.0916652545248766,1.4097553662465785,-3.068420815037314,-5.214511355692295,-0.5348736352976804,2.749803910471961,0.7328803628590279,-2.836383597788142,5.103084315444335,1.003387358750011,-0.023711636462625307,-0.35879669405363757,0.5971961636086984,0.8663050702677175,-2.084380262107091
6724,-2.6937051556036504,4.155339065456591,-3.27469220090617,4.084498855219,-0.12827778131731993,-2.1431627828470434,-3.774100271382686,1.6025540973029777,1.1740494987508647,-1.0217799097371145,1.1569569672058995,0.8623196178602264,2.462687209658405,0.30352184599523824,-1.8660381667955281,0.4960571090928809,-3.09883124909493,1.7026032511442004,-2.714104270773813,0.023310741888581177,-1.368569542872205,-0.5210134955828618,0.8312046690417798,3.749171898295746,4.343070555261985,-1.5054388053340872,-5.447107236037411,-0.06808458407420481,-0.009132028212855303,2.686692098399625
6725,0.9249647614649152,4.409793621882123,-2.248988345948206,-4.498869621035102,-0.049203001166294946,1.4623025848039735,1.1331580066512892,-1.526999570004083,1.2062357898075433,3.2857045306404054,-0.051067442460205115,-4.04703131463479,-3.4547051150971892,-1.53697188572181,-1.0929903267616563,1.912892659778258,2.0050052585012423,2.1667694093013914,-4.68017198639631,-1.9166322092401025,1.5271913564772248,0.1863625310271333,1.1836620279067311,3.699588280222553,0.8990894895740844,-4.91209604506804,5.0509332128278395,-0.16359529995803612,2.8498241058039397,-3.7241554631767233
6726,0.6041629504735848,2.3841969466462842,-3.705659127716654,-1.0799883716494172,0.8606074607396357,0.9366801415079653,-1.5463415135333953,5.9294932024869915,1.1881034560880268,-0.7523279938888887,1.136400890246799,-5.955328041399369,3.6568414205819337,1.3454606857746647,-0.5279070238350627,-3.3538379856768046,2.2391383146608135,-3.35969541150531,0.72318120654041,0.4663351210000304,-1.2989013840914154,-0.8239757821788469,-3.172802019670195,4.106162858397212,-0.14168501451879578,-4.189201560904822,5.131282287245238,0.37249927544614714,2.360882421164618,-3.5337774084293088
6727,-3.6248729587437243,1.8023789649782067,1.7837825483372463,-0.3472282474660666,-0.15986554274764364,0.5458052356433782,-2.446632444861592,-0.7665505343220502,0.957336139726011,1.5612285397713457,0.5124438300926499,0.18217446959378947,-4.165603124410298,-1.79648174633469,4.226525672401028,-2.8206516781137356,3.5579379358641745,0.9982729405937842,-1.9823502635177022,1.7687628172609315,-3.668639399844441,1.0778310225419832,2.9628312238161385,-0.15843540025971947,2.6199213454728145,0.6212514162258245,2.9721702818864237,0.5632217912715687,-3.6466953052230675,-3.1298695296304775
6728,2.010239415082509,-3.207405409905707,-0.9886467660823683,4.415563008111029,0.2535102452980258,-2.483260492502083,-4.685918557409231,-1.6339201348640842,0.7488917989587449,3.574376387545538,-0.027684079374474813,2.024254585143659,4.243430253546386,-0.4717727274658401,-3.1638956596757914,0.12620504361592566,-0.650517451085129,-0.0834494589352861,-2.377253635054661,-0.2795112082506819,-0.9364770292492484,-0.46855920721782063,-0.43827193565194733,4.5000730154215525,-1.7274145175683167,0.6092043647379022,2.9928402545608925,-0.3041304588135265,-2.672617421625352,1.102117778711488
6729,-0.19152450249747588,3.1188196538737216,-5.232946419730162,3.382193587831555,0.5948241563379586,-1.671366475814219,3.3146157597515717,-3.448543623978363,-0.541850976102384,1.5816711041848421,-1.2070650226929227,0.30117275883741,3.2194743507917813,-1.50639614568356,-2.106730546970736,2.095725234490896,-2.616350534496936,0.9142776418688641,6.128746936400159,-0.5729065622957066,-3.8855117232175687,0.35830679672637,-2.286503806118647,0.25786835850262335,1.975885886418542,4.5588901596876,-4.468875355297776,-0.07902056636366694,0.4168700733679529,-2.403750197809517
6730,2.3163715846005815,-3.9436581219867755,2.584992869747726,-2.5137629827646677,0.4163954612884373,1.1396611891160795,3.826046422014862,3.5874042604104446,-1.0816127455259381,-0.12222045376652346,-0.1949694708514249,-6.014648012281256,-2.92369619803649,3.0789873776974552,-3.007554738670459,0.7782391052194875,-0.990575870904209,3.0646003246945526,4.075709822099604,-1.5183126605896575,-0.031789121100842976,-0.5898682711505234,-1.286486912766673,-0.649252856494666,0.6327758302912798,2.1255692906393477,-4.545215557109799,1.2230500556708925,2.847809718967852,-2.283989338456454
6731,-0.4107822191730275,-2.4094884415900175,-1.1584283441720693,1.471609559564218,0.47529325235068853,2.0317961930215986,-0.20281309220696642,-0.7493130235886127,-1.15092869990526,-3.3803175769500875,-0.7406566608942988,6.224029053545355,3.484324858330371,-3.2197144768243806,3.4328878233280697,-3.0590537403526383,-0.9244209211003742,0.28597645661931637,1.902130566941402,-2.055183069951159,3.8750151249644773,0.5532224102624319,-1.4674182380262621,-2.807766794193647,-0.0813873096268587,1.7693437373647285,0.9244612790734337,0.7091771459938538,-0.3153323250357989,-3.0062625277662427
6732,-2.2452614567466345,4.170535102540207,5.929834874985616,-6.185057646568708,0.46056191778331446,-2.1306127919923803,4.488971027565373,-3.8411300063500278,-0.9730151168103758,0.12505287085748407,-1.1822732284246462,1.3823944531623162,-3.834211338132574,-2.6159229177730126,-2.2178275228935416,3.134549815891578,2.4247814434115647,3.1086305194963337,-2.924021075513423,1.238202905084762,-1.7158655350936076,0.17852599434294092,1.0105973589876864,2.2125603521888912,-2.519249025558384,-0.23651266024694806,-3.132748593313316,0.2925237936244356,2.1683980225999377,3.4275884628973543
6733,-2.146321114291249,-3.1258877441690736,5.723105060349347,2.7948695646042623,-0.9675189671845155,-2.278246799307343,1.287831897480963,-3.173916587408222,0.7149587022699082,-0.355796213452896,-0.8671410847265841,2.394063285836939,-0.06074438794753689,-2.7305516747545404,3.315179898419313,-3.875756314105601,1.7474633892493259,1.6044090891394163,-1.9688260604533312,-2.3497523430114438,3.175045398613449,0.8512578228902958,0.5044949909097376,-0.2122198089514491,1.9302825226209315,2.8794303514038297,-3.8859398331321238,0.6663695017920688,-0.2938795002272876,-1.296263042454358
6734,2.508596281514677,-4.366791837740038,2.6578677371562662,1.3779066061267997,-0.5732699060485567,-1.6043088810077073,0.25892295807392074,3.8446390506959816,0.23348570403408075,-1.5240401717359617,0.20101721227025848,-3.014024753338134,1.5517647106299037,2.0368340362880275,1.1224694946435072,-4.165986216278171,-0.8934390174805316,0.34835699219760485,-3.7024272407255054,-0.29707927010407076,-1.8638605897877305,-0.5928933619791232,3.0847710424351824,3.3714894201585253,-3.9853988612922358,-0.9880923022483508,2.5255449724946217,-0.2714965171952288,-0.506181261666363,3.225623969910597
6735,3.397975073864977,-4.2217215923690965,-0.8522839074200448,-0.44386234262337965,0.934553614186532,1.1853391543624738,-5.754538926022008,0.42562379979319687,-0.8747174876933874,1.2060697861490937,0.5174951474688703,4.480067680304423,2.2329607522201336,-0.06515856885212656,-0.41402021482061,2.2228730908614622,-4.071554331839087,0.0948992724305473,1.794065361630441,-2.2555377949205937,1.7893468097541714,0.12165690151144304,0.9969712403088309,-2.446502518287012,3.6614975408761623,-2.3193106502190837,1.5800898574247917,-0.7207295214042935,-1.9583287682564237,-0.24321845841811296
6736,-2.429832760313106,-4.288828266747931,2.5591459364473366,5.955895536816854,0.6602650119233964,-2.45664545812509,0.31545056412413786,-6.110056094208208,1.0141374433152546,1.0116444346552669,1.007875079111531,2.760948573002185,-1.7394966569656045,-0.5729049875112011,0.29875699652986754,-2.8233021067319406,3.594943815448527,1.2420029392306624,-0.43793643496725565,0.3617484703266296,1.6022035054427235,-0.2134111354337742,0.4538750148425841,-1.7664794202136314,3.727548198828572,0.20410575136257592,-0.3973480553260842,-0.6633519980113309,0.520241361751598,-3.391195258602316
6737,0.5507217729976688,2.3576472867721705,1.4519517734507126,-5.9930306130983695,-0.4903819055535841,2.123091685432895,2.8617890055575756,-4.811710499945061,0.2772073698746853,0.6236757858569373,-0.7314592496871022,1.7804975883431524,-0.1020325365353223,0.027530208630214048,-1.9812372765729815,-0.526383546465091,2.0788616394198094,0.503261511523668,-3.632363719541658,2.09454909747269,0.8466219253311351,-0.25055699581935365,3.055953830973621,-2.1142041384191614,-0.27417714926715675,0.17908474329246715,2.980137534156075,0.13123015759169654,-2.3746839697439537,-0.6415913160260978
6738,-1.402619379411389,-2.4521458078517817,1.1187152862154761,3.358915477204331,-0.23571850247844028,-0.3871470736767151,5.494958973209808,3.1952614908622685,-0.44744487024592505,-2.8499529235410144,-1.249819421855059,-4.143003248429906,2.5735378696971978,-2.45245869078469,-0.15787489580760905,-0.4654691353212286,-1.35741986635054,1.859684718567138,-2.729813143342543,-0.28901716111434084,-1.7882742792363935,1.1325638841833223,-3.064285517686887,6.738826217194088,2.4046023694113607,2.6800063504744216,-3.6761491490139946,-0.8460892078219562,-0.7898565100925001,0.22748614704570969
6739,0.23822062844866743,5.31216938572906,-4.901645009951306,-1.6095686191358425,-0.7985140660403138,1.759337680951253,0.7188925238109469,4.955688450540379,-0.39607638188959626,0.11866857565795641,0.06597083239713797,-5.463144000516664,-1.0943777522687324,1.3182170886837739,-0.6531947559583458,1.8718600942164478,1.6308984725398084,-3.0734031472126695,-1.0736529721629253,1.6061809588028364,0.8126529656452384,-0.665751948294707,-3.0444718446251624,2.3650428406319755,-0.16258531255791553,0.8361084299151713,-1.876138364645815,0.8139683835612939,2.8884969122076853,-2.499850048477393
6740,-1.1406331784973371,-4.117099570252346,4.331487905918117,3.0200356275819793,-0.13588341858215847,-1.957907366166749,1.0430556574383196,0.6166300560557474,0.8797428012440456,-0.23915967185433473,-0.22259030776130828,-2.0776785351223204,1.2856450941379833,0.7555180362873379,-2.183147576137811,2.1168220013166064,-0.3488914926489066,-1.625946062954922,-4.86871864168565,-2.614354348839191,3.9390696119739808,0.9078945437973847,-0.8070743977646515,3.4431832325153984,-4.9995679543575005,0.2180462843761859,2.1612861660932516,-0.7558070639691428,3.2614872065836984,0.11455536127654575
6741,0.20641522671515133,-2.7159982749224696,-1.4152314661343581,4.3138562655415384,-0.07974047873896639,-0.3093012724593702,-0.9258261613826555,-1.4657232844076589,-1.0008598221591782,3.1646145812826916,-0.33785035024591537,0.5656450369128763,-0.7270081791904772,0.41877662284826656,-1.3957127347929994,3.269965705599539,-1.4875142547314866,-0.07850715973258104,-1.6374535615639978,-0.387997957385787,-3.428576680240706,0.9394036754960222,1.910635345681115,2.603989178010629,4.28452258970113,-4.69253627156284,-0.29737370163078225,-0.8302643849961706,-1.3233895061102867,2.8590412746019744
6742,-1.8132237544380576,3.8934612648104157,-1.6581154236349214,0.4174074804004455,-0.15038570912163696,-0.6891438580147078,1.7447831968246383,-4.083929745691268,-0.8472770672771075,1.6039543738434112,-0.84120369521467,2.423672937515125,3.0386677875546404,0.073387209862112,0.0793718162093775,-2.45862084604412,-4.199607316834625,3.466801349252904,3.6975477807090193,-0.23404269207949469,-0.5455212115827042,-0.8429809036922258,-1.2829638542371775,-0.792039119120151,3.7098994134904757,-3.0158886643679708,3.589910160387035,0.10088441671429837,-0.8847603897557139,-3.5000449364651214
6743,0.1352909452604809,0.9612745605023143,-5.659856305842325,6.1313550179809155,0.43768378787941176,-2.005748005779246,-0.18358718735905555,1.3438577002545173,0.8490942372632855,-3.067019717622104,-0.06716358454150573,1.124818552005003,3.9518680007565443,-1.0728836164950426,-2.7051984756028364,-2.2945972312026957,1.0710148346563209,1.0497964878880381,-4.230979972173877,0.16919170295604857,-0.2659760453977089,1.193080495612171,2.0188972577290905,1.1157865612715199,3.924550745084524,-3.8165958365944554,-1.4867467288549605,-0.11922408017511277,-1.2975653291826656,2.7955812297256486
6744,-0.7416300998232224,-2.289543561690593,5.873717450563873,-2.9498720757040005,-0.9662150260181148,1.0735433126735803,2.172953329861354,-4.996591582277592,-0.4213032440462081,-2.590402273376503,0.8567927831913016,4.978550986647765,-4.166935327317185,3.077427149882393,3.6637776855924002,-3.0427366061738734,1.0692564248500673,-0.6007893268334659,2.1714455555720242,-0.24680971562116127,1.221651951539684,-0.6304088695374306,0.07277673219763336,-2.588655654153502,0.689005247228426,-1.4397644682219735,4.778999878128413,0.47485299475792875,-2.797084465072686,-1.706009186817127
6745,-2.505204023671233,3.238819554679033,3.320109816040336,-4.601705313770992,-0.15314449513135875,0.7011244618557555,-5.342949042111606,4.165869221433226,-0.8728964031841828,2.0939537318196706,0.10508333530239966,-0.14906084325937385,0.1101232522389779,-0.6078578064801157,3.0579342578664317,-1.1625402488038592,-1.6245038214744358,0.2268443666533564,-1.7061946163235469,1.2890321270125433,1.1627514305240076,1.2140994742884983,2.655879221997864,-4.6155676375020995,1.4540261817901907,1.0834082048629554,-6.13248640119313,1.1886729645122154,0.5887329289047329,1.8176461211260104
6746,-3.0252193796592,-3.698541077922858,4.286863524633244,2.517586542320899,0.5143397259970275,-0.5950293353675775,-0.7200484100179843,2.41031868057458,1.0891023663331865,2.75248385884899,0.6200351493182605,-6.151891645056914,-1.9550470848320387,-0.36541801790133377,2.8853092692377587,-1.9305887950587959,-0.02366206399827675,1.3894066925530382,-3.2688156660309673,0.61969499634362,-1.7290633640308055,0.9033832462013383,2.2384761266895943,1.2363246608244864,-4.90606923315444,-1.1287719959425715,2.7948704761740757,0.5690081558768805,3.45912197097352,-0.7881593739244792
6747,-1.537679292630509,-0.821768055792564,4.321052083956758,-4.566044203238711,0.6092000385494911,1.995239429157058,4.239589609983582,-3.652343786501895,1.0136355365332488,0.43308330441100296,0.4116121762837457,-2.445576840709556,-1.639257700373003,3.2980438889492376,-2.7704555177715466,1.61029024742653,-3.305454523112507,2.8068336048816214,3.9524163093229596,3.118436756981094,-0.7941289008956112,0.10596769982706089,-0.7704349669771648,-5.612256898261091,-2.4011684378569313,2.3145703035351985,-4.995203155565971,-1.0062246030617263,2.8794747510129426,3.208551141939491
6748,-3.7335751383033244,4.581181741658973,2.5132658532354455,-4.732854271122697,0.8035890893652948,0.5683927251678131,-3.659210488285165,2.464532189370285,-1.1045227875956276,3.1269143861031488,0.247206434360578,-1.074919733953113,-2.299561866541451,-1.3076110248082795,-2.0821656561752597,3.1172837286495323,2.74348089268193,-0.1714260738061384,-0.34142749202527867,0.9582740131674523,-2.768880109195342,0.08886331898412791,-0.6443770330426108,2.707547302108896,1.776723776151794,1.7671154888183942,-1.8533480965315512,-1.0505008059696777,-0.6708852602355222,0.030894897769584873
6749,3.7352915622652887,-2.842213439522098,4.236753656920676,-5.8899016842473415,-0.2920741752086484,1.0521440797936208,0.5484780199320767,2.031290131286731,1.1596871548513068,0.37338125380817644,0.4312049795230575,-4.544041539401235,-2.030944572281502,1.9697595544680482,-3.5781101750587805,3.53716627393165,2.3658979138615734,-2.263768994920671,3.545498198708497,0.9572221726623162,3.366286238355425,0.977199074195001,-2.9817035788768624,-5.864502105047102,0.7850504039812272,-2.949603036393608,2.483334414959355,0.514195260744108,-0.0016176070341238358,-0.8313594362539085
6750,3.5759460662553053,4.106927616141487,-5.0104551709444145,-3.712835499113421,-0.013700941360668573,1.0541179290231817,1.8689340186841186,2.060580833026812,0.8767569892455569,-3.299289557689244,0.35685975235239376,-1.8638420356195553,-1.1039203293687176,-1.3582573477874291,0.9871695808503524,-0.37733384275576753,4.139024840240033,-2.2866829011781356,-2.411671712177238,-0.30772131099783095,-1.4657154253397735,-0.0014018264968562733,3.1734044614072943,1.013105813601694,-2.727935378580707,1.9851902813448845,-3.4611972119045333,0.04508123974084999,1.8422431005266588,2.3166179688758852
6751,3.2153294875390515,-5.387807560709767,-2.5045221742473416,4.559670595836177,0.8764396514920838,-0.759109999908711,-1.6552091895606011,5.044601018283807,-0.28961139334135133,-3.166327605446698,0.9425328776818942,-0.8759857076169979,3.15599580972426,-1.9817760641796784,-3.152917572974413,0.5665847854946087,-1.527642019389578,2.9397550613251475,-3.1828541553754803,0.2056825178596302,2.2287351060258906,0.16479913211798802,0.15284262425532802,0.4307947751139203,-4.5661918823252865,2.828528521770245,1.4135500073922387,-0.9934876860205737,-2.029957414401606,3.3475584535879896
6752,-0.575735083419131,-5.152017062771048,0.05086088447303183,5.8439202457288495,-0.023366028435197972,-0.14366295557502262,-0.6352428004175579,2.1759625397942273,-1.03351496506383,-2.1124816702925227,1.0319529726936176,0.5733239232860967,-0.10105833460887581,4.150871075014187,-0.7066743751942646,-1.0598031452631052,-3.6331181690598413,1.3497829491122566,-5.826813497294225,1.4193839383247298,2.993416233038623,0.5354795692510042,0.24231722867990513,0.6362165279972274,1.6107942794682693,-4.216153846026591,-2.114978645723216,0.2959463040801502,0.8696234496607627,3.554768458543627
6753,0.9506784174791036,-3.078809985629867,1.7901534987731225,-1.0321832548837833,0.12660477019592298,1.2435565540669753,1.3738222061970546,1.1375119997945937,-0.18505878927648656,0.2615479479406062,-0.09490671941847584,-2.492916645237237,2.399800648789782,-0.22370527919035865,-2.826241005238508,3.3044340185112837,-2.6986796634163603,0.04439128054449526,-2.386129399876097,-1.5439900157277826,-1.7137280483345343,-0.3011971624375134,2.1785664883853073,3.766478137987896,-2.0164534631932405,-0.6966425146252355,3.471540131679344,0.1138056701222725,-1.5574694624423486,0.6852196384621934
6754,-1.6118348788586765,-1.7738011257555364,-1.1857523933856022,1.5174399630275843,0.9230035396900842,2.1309448952836405,4.257797410957998,-4.335062703865603,-0.8022876786104556,2.409139492720609,0.6920904490227793,-2.221676970225264,-0.8768255768712336,3.2372137150400633,-0.5763602688282496,1.2378700138144225,0.6814262794121717,-3.7033241625668367,1.8008102662193117,-1.075199021471322,0.711039950365862,0.7375516206660304,3.0339437387521606,-5.208146554534775,1.4342745538997157,-3.543226994131178,3.682383326057984,-1.0272456757932313,2.3002046083093113,-2.846389818339606
6755,0.7559360937858735,-3.8422961190366713,-0.5653741364404432,5.446213602366868,-0.7505736717734248,-1.043905768900716,5.824493912710988,-4.633161478377964,0.0813541041708028,1.4314791785791527,-0.4662937603059003,-2.237871956777024,0.3414015664488055,1.395814349455236,-0.40499918160888626,-0.6381345242261105,0.2049363180956867,-0.8990185281644276,-0.04861850997497186,2.9677765202509008,-1.6078106856848144,0.5212725166715284,-3.1144560970106614,1.2818362557452687,-4.0122373847071415,2.740695433651265,0.811222725074515,0.4566945748509825,1.4244370258632486,-1.4208123747298664
6756,1.0215166587172924,5.13385934085176,-3.7074872158141865,-3.412815977083447,0.04871615758140635,0.9162110357486597,-3.37540299528559,5.750970864962639,0.2725037281082825,-2.738861836382803,0.11570642921544394,-0.02491619061788697,1.757727072072921,0.022700164353061325,-3.5279420624388305,4.114188264878912,-0.7859690293147672,-1.580704409550977,-0.16264395991406744,-1.7167559055154555,-0.6306705508808115,0.6809648448379715,0.7297814589730347,1.0993241124965891,4.598884332264841,0.8128123284225417,-2.4757504387823914,-0.32925965205753194,-1.6187045264878215,-0.9879820433566415
6757,-0.22818523582419026,-4.614200754564141,-0.5246348642765923,4.1430582492421415,0.40980115569499986,0.8141614497292675,-5.132918025756421,5.8899202648985955,-0.38648838312376377,3.013607447487061,-0.1333621735046,-3.2507591300007945,3.919243563148381,0.20031968451599624,-3.7541330038847036,2.2184456107363495,-2.2761465808404235,-0.3077292736752746,-2.346578627157271,3.1706893482455385,1.71213878911216,-0.19304108483844473,2.9251574066916426,-5.2683658320563715,0.7078129920903464,-1.122671247975525,-0.7194482613031035,1.008157917563195,0.5681921195609494,-0.4420435199328452
6758,-3.4072292964139734,-2.174871070265329,2.070109532432234,3.6138990191463662,-0.363921969879456,0.2620137849816473,-2.6149335600995727,3.3199391374573644,-0.7899500155654984,2.777536292428316,0.08032106812118123,-2.7729129223416926,-0.44441891835690583,4.229065929889202,1.8992631236834328,-3.56723196332662,0.5477985750239753,-2.664476746912758,-3.5471833085737607,-2.6354963548453583,1.7605581661513128,0.7596222745721057,1.8974817952222018,1.7650174274707773,-1.6977447899220302,1.801406143971537,0.543696275284745,-0.8016896338165331,-0.16545945623493985,0.31979146072024456
6759,3.663990930709943,3.5958597274572313,-4.460931970756562,0.40061403812395824,-0.9991542965209566,-2.2003784290121393,3.0107911843889283,-0.3786527177545267,-0.39196376857411686,-1.6253801013016194,-1.0284854339756127,0.41369083721703603,-2.7730015993226615,2.3041637773758836,2.507530010245077,1.1957453614119018,-2.5784993938723595,-0.655938155837493,-0.8446766557410825,1.7229256201912477,2.060578923344341,-0.17553978658833014,-2.366038131382629,-0.39724996982629435,3.7729786026408263,-0.8025591902537101,-2.448849192607181,-0.3934408643195084,2.1902153541605074,-2.3183447096179055
6760,1.1721292096002713,-0.6475678949295904,0.41146434186318714,-0.15338938207064956,0.3836243013785823,-1.1662605758403188,-5.410100481154714,-0.48371768779732705,-0.49391173279061196,1.6756548253695875,-1.1976872751586196,5.909762351531768,-0.4028605467215698,2.24521071207457,-3.4144086551966595,0.8862708013835423,2.838025667631225,-2.1522379791707316,5.8126462833128585,-2.9178570909197195,3.295602545922211,1.0885629660072524,-0.8001063318160142,-6.478848372509333,1.2614786672588743,-4.801788825870808,2.6148158152658354,0.24317889157140815,-1.8854696335448153,2.567785085322562
6761,2.1206563607602575,-3.4681557999624992,-5.4696685764561295,5.374277620667886,0.7262320516842893,0.7166583433076763,3.5347322420096283,-3.638398815902182,0.464722165210917,0.43852129263347805,-1.0238357750304723,0.22425889107872266,3.019532167170059,-1.6589158737933687,-1.3191950872513942,-2.516862154895975,-1.0677660782749676,3.54320702704603,0.13719762152667414,-0.059271987609887944,2.95530750478051,0.7277994434767585,2.6344883095603002,-6.395520891737096,2.982787162165568,-0.42864854945999653,-5.664000682390064,1.169698959884391,2.117588952915277,-0.17742584311212362
6762,-1.320915443874462,-2.3377504366612385,2.539876886519245,1.0562926517146103,-0.424715895609566,0.4872122379129209,-0.9427506679411266,-0.6421037683443025,-0.3011672641270797,0.527990864691775,-0.6502959017096561,2.0083267374305365,-2.580502450793176,4.043307758960076,-3.4401359558172757,1.1128388762437034,2.3307775352779423,-1.4662857638708857,-1.639329095839841,0.3431936690816997,-1.7708751692787637,-0.22499923480715278,-3.0362065674363983,6.328216398277689,-4.781389380619737,0.3883628850305314,5.591529038467755,-0.7959445160160863,3.1485560138520583,-3.5511140407114663
6763,-0.003942593999989086,-3.693217645380404,0.15810011875391083,3.4667513147171505,0.9776124343310162,-0.9053036284202083,1.1981196837030978,-1.5515134443704923,0.3256120617548177,-0.41998689452285554,0.5653911896037744,-0.11762259616819648,1.116050013936352,-2.5678187476434626,2.8324280667147157,2.3817175579915926,-4.115019853767524,0.35264296276867135,1.5967368662405903,-0.3442525804266392,-2.345991192784643,-0.03711097965271026,-0.7144344244311096,1.845052311051795,1.2199856723372875,-4.0327019540161135,2.3771547193392166,-0.45779456322576184,-0.8956382725205874,1.7889943980890166
6764,3.520498402266817,-3.290323368363726,-2.1131068286117127,-0.31265577767742414,-0.14809024405083093,2.343677816438362,4.2025038542933615,0.41713607885724713,0.23041246560336415,-3.6112802955263508,-0.39660348201628537,-0.8421686212112007,2.8594144420024854,-2.1144264946076667,0.5130085293166573,1.5634820867467099,-1.450584025588288,-1.3708945378695354,0.012503247022721098,-1.6962721357787007,1.6794949306448501,0.036916691863082995,-2.9863263061366876,2.953683572381962,1.2277861693008916,-2.6743966743425283,6.19566922537307,-0.34910917001001796,-2.794419164942802,-1.6055303853755714
6765,-1.7087694139383398,4.72122421497636,-2.73125373549604,-2.2582260374857057,0.836533152050118,1.1404918198950877,4.443729234637953,-1.0237651971405626,-0.9283276419962565,-0.39623704939059756,0.6589888356560172,-2.75438818176643,-3.380401566019726,0.6278903018242126,1.8618587427029887,1.5697130351022395,1.096723054105997,-1.7757835677153704,4.598922214173413,-0.8580508538927791,1.487782862149821,0.637786613421528,-0.4807855450423961,-5.385655290812345,0.19206310597066434,0.2962920360600698,-1.0878800275642249,-0.3516894552001304,-0.055101753000023734,1.0063160937367144
6766,2.6406431355448206,4.590911746424357,0.012578106751856666,-4.871936900102906,0.0747954453636166,-2.446991533980249,-4.928362030563132,4.381743703531349,-0.5231497477935099,2.994860277652137,-0.33881130663493764,-1.5862808961917558,-3.024402106846301,3.794725175686743,1.9321384463591649,1.4971474559710067,-2.799108061489431,-1.400500909680833,3.4576681697732994,0.11657638131781844,0.38305428026943744,-0.6580414734632534,-2.772471760212621,-0.5267855976874465,-3.047320169366646,-1.035171890967863,5.7017024998204775,0.7509259822057945,-0.18970442531820275,-2.1804319963705066
6767,3.6331294930098856,-1.7942244613294456,1.5314539868919184,-3.416624538483358,0.9459164398129145,-0.8996509199004379,-5.1515366676400625,2.910306042365143,0.4349568347879389,-1.6395462696273366,0.09819887495515811,3.3476211851592765,-3.8858428588259084,-4.216837591389188,-1.0357051815324603,3.9628279002143714,3.5199712333604047,1.6555864981731077,-0.12772371459456622,2.2803360358812377,-3.1993705177842777,0.43189963112200047,1.7424436200757984,-1.1275850547029798,0.09916388068869608,-1.5267849613894882,-0.35598991694462967,-1.1836115276778312,0.5004603573941893,2.4667621679321172
6768,0.7001541437498471,1.945322848544322,-0.6332248513311143,-1.0130469806520601,-0.5456462820177284,-0.45355887829180475,-1.7549181461295085,0.8491518931420714,0.46025033572699137,-2.9138169658101454,-1.15927687922062,4.518609762291337,2.432134110863405,-2.07889973533449,-2.910535765765159,2.523386089212451,1.9612467628228494,-1.9273314617987278,2.8278549575878955,-0.5518714576796491,2.8661314640774336,-0.5480561988555746,-3.1555864600649706,-1.438472305067915,2.938576991959117,-4.69533889940536,1.906920788572613,0.45459336140543805,-1.1665175794212619,0.5617653368925222
6769,3.3938474125886593,-3.6250170291123176,0.6411697447042037,-0.9969412544495881,0.46266865931260615,0.12427246695791894,-3.6746036656561962,1.5050228582994265,0.2681680701642888,0.20174823157959487,0.7006130540105389,0.9990514516024867,-4.196876305196231,3.0541644254999127,0.36874928083583924,1.525389834447033,2.032501914970325,-2.783929150556551,-1.6209065232622102,3.1661296783079074,1.4664465928829102,-0.7212277466608139,1.8128843150482776,-4.103326316318874,-0.7359297756730534,-1.1300370797491297,-0.9958831502835288,0.39058543914191013,3.471436992949087,-1.0001724263821963
6770,0.9426028173372814,0.9411010850412467,-2.655017878903543,0.8081667285066381,-0.3025193196144962,0.2656665676343781,-5.748170295199294,5.3257719678921305,0.526615019251472,-1.4075185700035604,-0.08303736714519339,1.3863392452045709,2.3993541057997554,0.25121455513947666,1.4355279419257627,-1.8785200090392031,1.3149743113327155,-3.522550905158191,-2.5989488540952266,2.7316427935390237,1.576928811679057,-0.7740926084055859,2.3278157058467723,-3.263345848566825,1.172241416242759,-0.817695925023866,0.43082089946962654,-1.225780800405385,-0.19571059844800232,0.6361250081679657
6771,-3.0890728685399367,4.36051281686694,1.1461613114849847,-3.7012731101620098,0.6918500484495222,0.5918218019020092,4.255503426163493,-4.827328190893635,-0.7500651983052693,2.206449068004215,-0.6423411951464013,-0.242217909822255,1.7376872810208042,0.2822460570099885,1.842059902562994,-3.1952671596532163,1.8339453897035192,-2.5006714706437805,4.0670982039482375,3.012529235611762,-3.574616329773079,1.0247372668769454,-0.21621308588217936,-4.3135352907844755,4.356590132863769,1.318485651484501,-4.666975672077019,-0.6394122137335216,-3.4142963383724076,3.0456084398377676
6772,-3.544659623526263,4.819344310830317,-1.7033761772624203,1.6933642018046022,0.03618855825349909,-1.3008612700982294,2.0241448921562437,0.0872074792049844,1.193713314050818,0.5237636971823392,1.0395347533883124,-4.868364135982567,2.831422163138697,1.2616250159806697,-2.8286827451054535,-0.9037566596894671,-1.8653843550970173,1.5047765807728908,4.156352339499506,-1.1017655717307857,-1.9454613610797278,1.1784419641725128,-0.5946877930134509,-1.6928795778508423,3.930257041943978,-3.050868169167792,-3.576643878350758,1.1732075466594338,-2.1655942244995856,3.6896416834178076
6773,2.5564106783051983,-0.02935876209336996,-0.26235853535162335,-3.3287500699008774,0.4610864519303992,0.6029702371117729,0.12678293070241864,-0.17514411326320456,0.6449378742956391,-0.0135854590926332,1.1053512773585803,-1.6883425100006555,-0.9139390060698354,-0.9164474625659302,1.6811437144068897,-0.5928579049989047,-1.6692200001197275,2.411320659347812,2.282279228567443,0.39242932284907184,-0.02959746626402371,0.11519078651383197,1.1178565523736559,-3.87815842404277,2.2459597655748915,-4.454425276874346,3.9586709830520412,0.231334560953254,1.7521734594320861,-3.733713492134868
6774,0.10981544406875621,-5.180537417517918,5.5994863866424325,0.31055387050677297,-0.9459538983675908,0.10663561466905946,1.2111332001148831,-1.206758929148318,0.41767531674206637,1.3529593591765199,0.9198225367856869,-2.6948314836706615,-2.5468474999892745,-0.8545366171265449,3.50167929605977,-2.4356176353953156,1.4906813324936827,0.8446411239579756,-4.647258561305772,-2.054132237203568,-0.2358230529652694,-0.8676951064143861,3.191392911222387,4.613516046663854,-4.84536361721741,0.6386774981839203,-1.2523584296909078,0.9823539286241036,2.26070019005434,2.2159904300490254
6775,-0.02861803248377548,1.0053848858368184,1.4539375264730978,-4.497304118298281,0.9692041334225494,1.0973956050510907,0.21263674390565868,-2.7429848163841157,-0.676242993944653,-1.894432673881326,-0.4581133480804489,5.5591370883850715,-2.612520381630981,-1.2183600467014202,3.9537484704711545,-1.0820777507561044,-0.12749983592212644,1.086709544539783,2.905768877329489,-1.4427950452954494,-0.7525130172334826,0.5905242370835397,-0.47641141373480345,-0.8245736381520246,3.7858759234201855,-2.956067051834051,-1.0167157365642439,0.9588034970679358,-1.7241074190282824,0.9522107869415279
6776,-3.667897128210509,-4.524347606676322,2.4261318312454634,5.101539696132701,0.7847037887435562,-0.12013058123338638,-3.682071245059589,4.9702271469388535,0.8910282973835546,1.8793322922236122,0.11509278007332124,-4.1736092715595845,2.251287667321165,-2.5901565808111826,2.039007356180136,2.889191297817895,-2.3229558230475913,-2.2663739174601556,-5.488362095462236,1.751299665365071,3.8104971244683945,-0.6891257600808913,-0.2922710405998288,0.9079621063067513,4.816254593671744,0.8779931987579523,-1.5979583597575022,0.43092909918702027,-2.215469786472113,-2.311748745384074
6777,-1.001238141377078,3.1909486721699807,-5.166011647844439,2.456811667014801,0.829957077151168,-0.3104676271129385,4.37017899998515,-5.105457205682534,0.2888096208288182,0.1710510568227992,1.024481693372917,-0.7490641653269918,-0.2367832188544412,-0.6875446957908551,2.7114667702389568,1.5679473515655324,0.00827503175026223,-3.3633612389091887,5.045778623888722,-3.4679627437904816,-3.166572786442938,-0.7089199097195493,-2.2776906172458222,4.575367433307296,4.653008544372682,-0.458256397726565,-1.5513660785693517,1.0820492203775842,-1.3920045615491787,-2.3334307269021473
6778,2.565583079466542,-5.623905166173174,4.851300301980185,-3.413901037012508,-0.6417341817178601,2.26265700345831,-1.1186769068991431,0.12729660445589985,0.7957823226395853,-1.380504530900712,-0.47345779550856726,2.049560306213106,1.344532712440575,-3.1007689845236204,0.1910994726588484,2.257032571847148,0.2254239360657948,-0.9173197084884688,3.8769531811901174,2.2115965735024936,-1.6847861840925944,1.1415755592812067,-2.6723164734024927,-2.8730226564814743,3.865496280098551,-4.25791963248844,1.861211635002089,-0.7169454243367337,-0.7175389653557254,-0.03430389291670899
6779,2.400366247513862,-3.5720989898901934,1.948047243590441,-0.25029713671986187,-0.36005293913402125,-0.16596442535876754,3.2658540042876787,-5.562051534586079,0.8555113814124473,-1.9804433213820474,-0.05998667327175333,3.481116143539964,-2.1363526510975657,3.139071597461001,1.4134468542764758,-1.5526729287315781,1.3754828119143347,-2.238975683822412,-0.19732746832758608,1.942972399557929,-0.6127725109702933,-1.0427189913060149,-0.12459426138288698,0.03444083242609253,-4.131084855487433,0.9025143314963451,-3.777855683645008,1.1721591222256285,3.083290322292452,2.7509767631210593
6780,-0.5851830469831594,3.386122429257181,-2.122471210651714,-1.1606667674168385,-0.33453038097853094,0.8167289767745363,-0.43369963264653677,4.379713069530556,1.0523887346185372,-2.8920528015662352,-1.0800417334450887,-1.0263076364910226,-3.8537128457197536,3.4773240432754875,1.5721406179999384,2.286961356788286,-0.004108454516046578,-3.4786047178276736,3.234915502204238,-0.6985320417809202,-3.0743303405262115,0.32522612953469565,1.9288597407510668,-1.7161389901856445,-0.24650039514412114,4.128569501204037,-3.4138451163080106,0.36487454682258047,2.352360861833894,-3.1854593984053263
6781,1.6094855540207824,-1.4694359529748624,-3.9553213632653446,3.3917478117565807,0.4301142663338373,-0.00659031586951464,-5.968692398158442,4.949719633824845,-0.5941240785405988,-1.456480128521079,-0.7807403978860981,3.8503173692815658,-0.6392744763146538,-1.3768045012102483,1.1072127062181387,-2.6390034369659627,1.5850924553198844,1.9627772529530922,-2.989884287219951,3.477573416889282,-0.167007502668584,-0.8721929236216761,-0.8199616730384651,1.3714729696566152,-4.666240713486127,-1.835614203415446,2.680088524010639,-0.8337441712607818,1.2777343861066655,3.3777761780481086
6782,-3.227690067471393,-0.0003419824462547183,-3.3877245682274157,5.2333776455831895,-0.06422744470317698,1.446606417266496,-2.219883573200498,-2.249034184832329,0.7682085689046652,0.68856126191341,-1.0036860676162358,4.015833994831151,1.6384467580669728,-4.1976570507916655,-0.050351150897089525,2.9305327134050394,2.4843842822299713,-2.8053555520129816,-3.1683249927453723,-1.3458390268945788,-0.7294733318357807,0.6671170931998187,2.652368315257881,1.92415194301525,2.399291276199122,3.2121846800208083,-1.7226024735511452,-0.2650275175168151,-1.1390447785880262,-2.484801186560871
6783,-3.2342225262035385,-1.729332411226288,0.8355716459469456,4.9317704132782225,-0.3273481576104462,-0.476438964183469,-0.8848691392014274,2.3047391357345752,-0.6930042787827553,-3.1570266104842553,0.6273209948270875,1.802839897906935,1.0417805193107839,-0.5675644856084929,1.9556647841334467,-2.418041297171925,-3.679315738341094,3.667476217677528,2.480809039466397,-3.4462709639734825,1.6982938068070723,0.9472133911084404,-2.910810545665722,1.2307652722544837,1.4563376859240478,4.124489633261,-2.9833903481554565,-0.5781877705641136,-3.670784401594913,1.651535201132539
6784,0.4529475982717983,1.7501340720104004,-2.9064150325266596,-0.018705462360944836,-0.9305299398819471,1.6525687644887892,0.30225813176741667,-3.4782592369908976,0.6712654777567515,0.2530170706524455,-0.8081276798450672,3.0598462366595314,-1.6562081451015143,1.4407907162423683,-2.9513615389713177,-3.731419897889408,3.6680767614973604,3.2301221042227617,1.5362508726869955,-0.0724171693113469,3.392492481007089,0.035664537263869533,0.556195811980082,-5.448186533629492,0.7016661639549113,-0.41779671769615945,-3.561817209824028,1.2418415308379416,-1.0277692699557122,3.063875502686109
6785,2.0041400181463267,-3.3490099658010344,1.2985432944043822,-2.93622662585474,0.9512845630339362,2.031268716072592,-3.6135855842873035,-1.1112080035983283,-1.1260704240534798,-1.0852315624729627,0.9599163948284186,5.976179179583809,0.25641668821182506,3.275999632091832,0.28737129815263884,2.8864083432688723,-4.163943341847707,-2.5422526198771997,-1.9569763529661621,-0.002914196054938145,-0.6491956657210984,-0.08473853109393481,-0.24230035194149657,2.936125097774795,-1.0038883733836172,-2.276407035256465,2.1080474743877247,0.8059933568275754,-1.334061378353475,1.70031595578131
6786,2.372687630191269,-0.045804430074774416,-0.19602004808476892,-4.15503330825997,0.7260872871062247,1.2980828691234834,3.7942064738532366,1.9068794105028424,0.6883217241779711,-0.8591383898148806,0.012104213328056446,-5.542373432047029,-1.8182544075834937,-4.202172508044541,0.5595304738683353,3.6699778746047294,-1.6505985484985697,3.441517115653756,2.355223482756781,-2.783145590561265,3.6502282797245726,-0.8058688675055645,-2.3356634789783612,-0.0807738254390209,3.13295204134619,-3.193816986780565,-0.07737331108549483,0.5932301574042596,0.24724747179556594,-0.7022393726769014
6787,-0.21192165783679862,-3.0751116636929012,3.961761697379117,1.9712165385658231,-0.47799850150804457,-2.167946412905726,-6.112207808748703,4.68655022086438,0.8782454274186513,-1.7141294892183705,0.8642586668089391,1.3972829828752928,-3.903235551158444,-2.043133812027911,1.6832979280797566,2.4016443734680912,-0.7411022421104114,2.6025293037491473,1.8701296020766698,-2.8833501407423032,-2.809173924325549,0.7645578173769696,-3.0589704944302145,6.116807140041551,2.1867731301325435,-3.516712771046656,0.7618962590732252,1.0662436349815403,-0.09953514742411862,-0.39866510571347114
6788,0.0036235133561710597,-1.4567931800606075,5.043422170695859,-4.504553721719137,-0.7236833253422685,1.637984543071454,1.5113386234929749,-3.0933520161435553,-0.27620280634198924,2.180383909006494,-0.9515845143586237,0.62941680434486,-0.20108398087687007,-0.17680621899421212,2.8187812569804933,-1.1001803367780738,-0.05519257897922358,-1.2855181413518437,-1.5260808612151564,-0.3024885229989511,0.4354239720586719,-0.7512116564370395,0.38849483360549897,1.7558622349840824,3.205525914397114,-3.2297017194259396,-2.7666460997692823,0.22627611501846,1.930942430447967,0.6336033593347477
6789,-2.9651829835829435,2.8302783519219297,-0.6895607770719998,1.2785105338992402,-0.33893885461496653,-0.11510627054976119,-4.938754144231389,0.39818114038042296,1.181302792998439,0.11912476008060935,-0.20364732702962485,3.4437927778017112,-1.0089663568479832,-0.06904233268316773,2.649375423400837,-2.9010695514173985,-1.1205704633904254,2.4502732809384185,1.8017183913955783,1.6277291173368216,-0.9253053901719426,-1.1485490253312252,-0.4072230055233632,-0.9483700877087564,-4.454674857026211,-2.5318411422562903,5.405702091361867,0.8513797315539735,3.654908006974658,-2.92547383060492
6790,0.6768034430493959,-3.8106424040057867,2.4526620300954782,-1.3462280898180836,0.4044262472348348,1.6229787734456327,2.2158094508398705,-4.50254745350718,-0.03326815734990518,2.2040130876914397,-0.4039472225324161,0.5199402948584222,-2.6121104809911664,-0.42694547634428304,0.9115756524241725,-3.2573298904871972,1.672728706901708,3.7120814884970414,-0.08495519137965246,2.9015122607299446,-0.32799563086632055,0.8170129345307915,2.653852251084478,-5.959426624102143,-1.40347805589575,3.4280167384339,1.6962491834111262,-0.12734069976847184,-0.8505459404033306,-2.742901225774366
6791,1.5890282954983412,0.8013052889839507,-2.9081842463450016,-0.17200664643238284,-0.9668446093833691,1.6567019176799427,1.4715095340226938,-3.880006913565211,-0.1963942942532837,-0.5803054595275086,-0.3654552397093722,3.550652373032925,1.2905808075807492,-0.8572249649932537,-3.6386972478429414,-0.25365890479810105,2.9990700703056703,0.4599302397481573,0.005920461026839519,-0.27381138764486046,-1.2715106292203018,-0.427291610872758,-2.8458042771209264,4.812497443829116,-2.10203482589759,4.8186087564732425,-0.5545662024450841,-0.7658650057234375,-3.3304367974193383,1.9342940750153161
6792,-3.619071589025401,2.190773127299039,3.625872153857461,-2.061858375339053,0.14112751162913018,-0.2768428284196993,1.0131234029432932,-3.808402043737143,-0.39020466445623025,-0.8050206477700943,0.1152175315027062,3.8752864215177176,-2.737306492590246,2.59273150881328,0.48267102831653474,-3.0864439468626443,-0.4078063789395401,3.1561542812629177,2.059107184267635,2.542079693093772,0.31808784074277696,-0.32428794512778847,-2.9753035900287035,-1.6196831829506202,0.576212830591146,-4.25663737068561,3.284290400174907,1.1813701772515914,-3.4359547309718987,2.6507186936429896
6793,-0.01699557299338217,4.653221137864797,-0.3859030529871106,-3.857903060229912,0.862588487534528,-1.2550079391874913,2.329781246508958,-0.24064684961112093,1.0706767348058923,-2.6796493706623465,1.1172682409924244,-1.5974300020335441,-0.23285540726028486,0.09192663766908282,0.437085678004582,-0.30828423846838504,0.23658140021355578,-0.22445407015828955,1.404459872327969,2.1718999138839905,2.994689015690245,-0.8321168627103335,-0.17378104112409076,-5.565150898070723,3.2390125927102353,-2.5218276818686896,-5.671528948047438,0.5614486275206296,0.8962936623886488,3.496601747299728
6794,0.10421456970158083,-0.3737152177981784,-5.112867957589511,5.772639339973825,0.43818803916885996,-0.8284587734551376,0.7760164170043637,1.1893883525498765,0.003618933706550642,0.01981293887580904,0.4404825553806724,-2.429319197517014,2.1143933398789976,3.3384783148893504,-1.0680025642167088,-3.6713735255439275,1.1658256516117937,-1.8793212166192887,-5.578262451182958,0.4194724439362254,-0.08169612242823021,-0.18002277953085688,2.8938476107264943,2.526661298476373,-4.369691163314036,-3.0180970124593003,4.4016179888850395,-0.6570380106559286,0.2731332384907166,3.370074959056627
6795,-3.676961489897451,-1.8962270966977286,5.445890013712553,-1.450294153628242,0.3797552794475547,1.197837447064769,-1.6752070301463853,1.2225082493310637,-0.8732202429927867,-0.6209240475225926,0.39652775695533027,1.5503153143756236,3.991700372827559,-3.1445996889742887,0.09385903795106287,3.7759472798167124,-1.0758754162391941,-3.6410315853815955,-1.5236733295381306,-3.458679343330079,3.1672266602816634,-0.4382489423387508,0.4654923592203861,1.7878825957019728,0.5257744203982426,-1.2481489240631305,3.888279366572135,1.2019338299055677,-2.7773427597283593,-1.590495933081332
6796,0.8409769539081413,-5.214556053151526,5.687165403287857,0.510711132176489,-0.16785412956843282,-1.656443306651079,3.2444644134437155,-2.861909764550056,1.2316487190166505,-2.0154196848393653,0.11294622088002448,0.28827009604927767,-0.9450799066823379,-3.2483243911959043,0.11708993021207803,-2.7833338957429845,4.2296810621304886,2.6299672012789017,-5.653063783940254,1.3795027465053469,-1.7395686515927693,0.9710754161085617,0.3247212729700504,4.7173329999461195,-0.4951059091125707,-2.8516839993561156,5.322845274886593,0.3674851041913856,-2.069772259532721,-0.2737682110734312
6797,1.3127033355404478,-5.642190213222083,2.5645178136947955,1.2076085231297782,-0.34605895810123366,0.903419498959737,-1.090752383422025,-5.419090191434087,0.7830083173462246,0.6838796491951395,0.4600479797107617,4.582906628604217,-1.7271959051190446,2.301894960190239,1.8099635758925814,0.4068516791939274,-1.751209273013636,-1.0403050371438027,3.730286285987809,2.2812804073339343,3.3478097947392556,-0.3349607842192004,-2.646302478231851,-6.378113225612861,3.989120032876315,-2.3511842197239297,4.004116145729995,-0.10419272408006819,-2.965983263784933,-2.5718759710142507
6798,-1.4525437735386824,-1.9539672828617718,3.8824596075019393,-2.8915494187230877,0.12507803478529933,2.2905228328377483,4.39934385930685,-0.41718033896426476,-1.185363416521131,1.9614968585541028,-0.42273047663934715,-4.335566485735978,1.4432551466481556,1.6103801756792784,-2.626181217845444,3.470578763493048,-3.9282444491004593,0.0302115811256769,2.1739621716060356,0.05793000128337944,3.8262115258045633,0.5188414407318165,-2.071570726634823,-4.505374412793884,2.1110521580962,4.655755627171402,-3.928253855652514,0.37626350680222753,-3.4326683405219622,0.21785090410776142
6799,-2.737528581397143,2.3934249766153783,-1.7499090510269752,0.9760143717137453,0.9984886841502276,0.1195095999462108,-1.496643566478138,-0.13690023410565644,0.5331886362579947,0.9367210531387684,-0.009556861543742912,0.17319097273101747,2.8802310098145902,-2.3596308381461846,-1.7014267992787815,1.8117308217716932,0.11152408551188486,-0.7424282796729429,-1.2518586626741381,3.162746254856298,1.624977736953202,-0.41847794187388665,1.2226672319102132,-4.340054619174591,-0.7407972864958055,0.3866382869964653,0.8983199416732077,0.7748085191145426,0.7766529575355232,-2.0956224188208505
6800,-2.1776057284247763,-0.9212722097810442,3.9424909062431723,-1.8455117646187347,0.6133331302751706,0.38856566630766487,0.5420830349672272,3.533954020792102,1.011882009682628,-1.2680022344012745,-0.9021251266540276,-2.917791704386424,0.8045512064343789,1.4618265379302038,-1.2938905326533128,1.7941095416598678,-2.163464150917436,-0.6031326024534298,-0.9623373030381046,-1.983130058053808,1.2361631175377745,-1.1385253773992994,1.5135838705648794,1.3342457503856693,-1.8075399132919863,1.3448486437460225,-1.0526927265612187,-0.11505643732109494,3.5449102444481895,-1.9144698110168452
6801,0.5412359614917861,-3.747948870142878,-3.900965303643652,5.856379686825701,0.4746335668332682,0.7766649586372303,2.994690907597615,-1.3741919345345863,0.6228914973615325,-1.0811500878408165,0.5336848286232492,-1.6959252112067702,-3.758449477792217,3.8387965847494705,1.274405661630368,-2.7344797999078807,-1.7596531201230832,3.139380151443614,-2.244955657868143,1.0372417805491772,-0.8879506461668321,-1.023209436849947,-2.751776793107245,5.87065075344011,-1.3199643848730247,1.5863658622691261,5.041722696010364,-1.2154061175659772,-1.1428071483089894,-2.9499109075284125
6802,-2.217041548958637,-0.9484547779468251,3.229905270840412,0.747869499404711,-0.4255880021845009,-0.38669044115369644,-5.366346865981416,-0.3448594441132151,0.9207553712313272,-1.4288073217957056,-0.021258592366447004,6.240516853025689,-3.388229586446796,1.3894375271325892,1.2105943564623445,1.292667388125487,-0.4089426079091538,-0.09552707736424004,4.721395706992212,-2.5526092714975306,2.3140939338621322,-0.8934938422422523,-0.7923840587600299,-2.7970024683573733,-1.4370064380308563,1.9783173302420423,-1.895949482628378,-0.0030797591875080244,2.216669607481439,-0.8589512578736684
6803,-1.9304066688922106,-1.693265436867076,4.005485819505392,1.4872912538869762,-0.07145852661766927,-1.797646441013928,-5.352971942178048,2.0242615888120525,-0.9559995595464557,-1.1647741903090516,0.10070707484521257,5.348777028376482,0.9535853521422766,-3.6988912879286087,-0.18500566605656843,1.257755813804767,-1.9915484635721388,3.664104251610489,6.243738571596037,-0.10096977978709809,0.36375325075257336,0.5175429412930352,-1.2148752301479853,-5.8091897537094255,-4.885589365558625,1.0250796503097632,5.676722983937189,0.15037641409402536,-1.7788183114328238,-0.1877713713464786
6804,-1.4520280330953526,-3.5454621171113274,0.6256266705688596,4.624101973795767,-0.8481378750049025,0.5958993808484365,-2.216294658696988,0.7909592411910715,0.8142562899543933,3.0804142290003753,-0.07464001494779371,-2.394695086500864,-3.025172425355688,1.5136341670547537,1.2705036191232395,0.5749229114448369,0.7934038612592644,-1.1272921335261543,0.7561630008277653,2.6047780203720237,0.8825966435657087,0.9370097621634095,0.24639915169150584,-5.426946578623284,4.3196808233046795,-1.1325623309970716,-5.3412996661968535,-0.10999401681717913,0.248766841360478,2.015408349348988
6805,-2.575820111950348,3.1829537664636796,3.5735609133737896,-4.45580911579318,0.03558471548461295,0.23952983242293513,-1.9771016799739698,5.0494010139915275,0.916550044965728,0.09908769167619269,1.222057635194,-5.309994705853267,3.2330589820917233,-1.6361750638768608,-1.7807296460856215,3.2177820956985244,-2.685082762808266,-0.34885360501922946,4.156685259941465,-3.0719985337109446,-2.094429128394882,0.1256295903531246,-0.13561187463797353,1.019724686446338,-2.206847966076179,1.4447379112478522,6.092759342444118,0.9751836306568791,-3.1219930012741344,-3.183839916995497
6806,-0.3045889953924128,-0.9860917996741279,-6.13880582869664,4.588009013344216,0.7487636529200783,2.092713957500367,2.9048413868836818,-0.294302776053879,1.0678130846481784,-0.7566965060578905,-0.8586187605050748,-2.063036428914831,1.5278466884999666,-3.468749848700142,-2.0653568957954853,-1.0849332582669255,2.782951726031712,2.308241588231148,4.329764422697856,-2.2994206514940814,-0.5535327424289829,0.0546637064093618,-2.4059786823148706,0.8745039471278169,-4.963851536537405,3.4665659573506282,5.406881479275192,0.21726504887272657,-3.0810883254301284,-1.0457726235279878
6807,0.8437987838215708,-4.126559105445548,2.3979561363167896,1.6551419021712732,-0.6095673279669274,-0.16077038889568662,2.687903598750342,-5.2198453002252805,-1.008644568221528,1.907659588640744,-1.0228851032693522,2.65581178432528,-3.583221496688145,-0.7933772031495785,4.197121399075225,-2.467523727584064,1.9666323912072876,0.6803686371395514,3.379507196834151,2.627828477509503,-2.957578561347299,-1.0843376640310884,-0.9705239637779126,-0.9948954851902556,-4.3279351115532325,-2.9880410504133827,4.982608946930469,-0.7547359405809031,3.006343091601469,0.08176006401860292
6808,3.642268414689113,2.3887987142346105,-1.0458743770613523,-5.084395960793895,0.1776162185200474,-0.07841300958705233,-0.1910649537749194,-0.2388341005963035,0.5371177498953426,-0.9874578079514009,0.5050980487658432,0.3751410636616441,-2.4761406791874307,4.163625150486862,-3.9695273568358616,3.7429380175169413,1.8553603385880457,-3.3162554705682705,3.4745143840220365,-3.354465528126216,0.32787460557881687,-0.8918422236745593,2.541707082036112,-2.0977883198390366,2.6618790634231857,4.045175186598776,-4.471185061701913,0.07615971321854609,-0.35640749723406095,-1.955621404301521
6809,-2.1098259189615263,1.0344040731761588,1.5002471558936783,-1.4932130480043426,0.31886688535904373,0.7495208525384545,1.724811847615424,-5.1029412197471515,-1.1640084888584412,-2.102735961660562,0.89022483987259,5.754648982778345,0.30069675688459085,-0.04393977335027088,-2.71230162866957,3.784780425937477,-3.638524311876292,2.3092885310743156,3.500039132772528,-2.4500793629011337,-1.3772815096268332,-0.5592431053832314,1.5850095032552947,-0.6984446581194419,0.6527097906011328,0.7106240015901939,-0.9997350475778717,0.7006477317086812,1.8574211828604241,-2.921667659179551
6810,3.254597408288973,-0.2811445688963339,-3.732630273331438,0.1264901337016262,0.3786868573678914,0.2540004428707565,3.190214089716104,-4.318459153187408,-0.05617545713206873,-2.214957257711884,-0.41772235576256733,3.8171001340780144,0.5533186176256493,2.201240341477231,-0.8688243618845455,2.285270909125206,-0.8114579842067791,-3.359547522136509,-0.9542623946012867,2.7380894397619677,-1.6667896125376949,1.195185851013643,-2.927476464396536,1.6152531807570867,2.907086784393538,-4.281908433118858,4.005238183973653,0.5699663683235938,-2.0221900932833154,-1.178192810285628
6811,2.673818541389643,3.4747306325501164,0.24416355195346284,-4.171483560375695,-0.802589241937919,-1.4186399235781426,-4.372186701891838,4.244468163431165,0.48031771551205793,-0.45358569306066165,0.6385235017436699,-0.5375369857341745,-3.1521100636054467,1.2324729898866948,2.0367853257373874,-2.3105293811898377,0.3503043923893685,1.8430767367821126,-3.1137231393802836,-1.5871356646929726,-3.132170240027346,1.1015852498891645,3.059942973933193,3.671500820275451,1.7252540716911007,-3.9216877561039993,4.355904609011848,0.5950496002786911,0.618551173427754,-3.3730716983023914
6812,-0.4156484986740594,4.804952954407131,2.8334533539677516,-4.731408320916827,-0.35489549931975506,-2.1364539894627796,-1.1348418837411742,-1.9642325757436936,0.18155883502886017,-1.5572696198307003,-0.19738231239305115,4.67216755667998,1.3931154457076182,-0.8470347873033255,-4.219085433841755,1.5790496467446182,0.6499564284243071,1.4439987002688248,-1.83198143808956,0.13858136677829158,0.9743647089826624,0.05613329662088429,-3.0166040048721428,3.6795060705770695,-0.16507859237497868,-1.9756645284099754,5.259040394242675,-0.20366883189106488,-0.8643595315420338,-2.050268910021634
6813,2.0856074300245453,-1.51458163640865,-3.3969533426010017,0.12390214662703869,0.7466121436271806,1.9554132587323423,0.9884689397698345,-3.8830303323222743,1.055694619262284,-0.7056589235870092,-0.31227465090413986,2.8568003477815154,2.8488806759252085,-1.8140606560387287,1.0006695992622738,0.6370055274811506,-2.4298931463918283,-0.24260200023778467,4.507501090861577,-3.217645205248459,-3.7812386855075104,-0.38677205702180384,0.04484410931167204,2.8333107476017325,2.119775792533165,3.279204887920759,-4.763036704719834,-0.33462153787087523,-2.5284689608259185,2.227146522965686
6814,-0.15396050909585313,-3.8319128724552485,-0.23425520508025954,3.881940051137967,-0.07282398715622151,0.4110125226510757,1.9012524946199,-6.015046835958486,0.07510631867845419,3.4006208805614406,0.8579169663973962,-0.21984982429848543,2.552442695712557,3.4285542373612294,-3.5275170076743123,-1.6701211743059439,-0.2919500857924824,-0.49140866530077965,-4.537566774910676,-1.1799793644801237,3.8942949932861346,-0.22729953180515317,3.230294910880083,-1.1797442329730607,-3.6165599178812613,4.151599391180515,-1.9214455406042816,-0.0998838901564465,-2.1101901267660157,3.5964800842304676
6815,2.184070951739514,-0.5645672037926488,-0.27816575438670554,-1.0424029031120376,-0.8558106325483512,0.5568755421017055,1.6643019319824042,0.9604775577443867,1.1807827746654338,-1.7550475924651412,-0.14303146446418324,-1.907483207462704,-2.8583176544385456,0.8787222913609014,-0.30753313239326374,-1.7105414262750749,3.4860248006210384,0.5116451211251878,-2.640763788447906,-0.17783150257661084,0.333395559124245,0.5245583694777967,0.5671283842340937,1.393512978185587,-1.609351078017955,4.159595876902735,-1.8524154492958722,1.160472252191827,-1.6937110288591857,-0.16459057291858237
6816,-0.564048565085308,-2.911269695264213,5.252859292489635,-2.7850585817604347,0.6124056477089104,0.3951119019128342,-2.534746362565844,-1.5618755225087035,0.5638862881938005,1.2934146195567777,1.0989071413851352,1.1404138359390004,0.17846800912031924,0.3162467781140421,1.3316570412058333,-1.168131143972042,0.057825068584993033,-0.7160657530529129,-3.9498975069007756,1.9282619842376398,-3.0351573269152965,-1.051067604014429,3.2313420101216757,2.8765184434684343,3.8186044176769656,-2.520027998287869,5.47079335673801,-0.7935996683449682,-3.497827287426812,-2.4779428203523555
6817,1.617771400304452,-1.152524124216999,0.6970948891972348,-1.7050229577880955,-0.8337256658543166,1.3764064583591296,-0.059554290385992914,5.088692097182172,0.8086918227124356,-0.7068008335585123,0.43757468136192124,-5.56860347731185,2.475806756246932,-1.271988236877874,-2.2228061853195396,2.2458599261342087,0.05912766385360868,-1.2859999240371085,-5.401986813680978,2.2140342410166625,-3.8452181473428038,1.0395385671693766,1.4986732174975703,4.494958935337401,4.708503538769438,-3.1320529288512695,-3.418287339825838,-0.2685854632576561,3.5513014103145544,-1.4408792171462697
6818,0.4357919662509957,-1.6992830283303988,-2.4741469051733276,3.529988711288105,-0.8183942008491631,1.0260434568151933,5.618984968439442,-5.902883971231972,-0.7278871604769037,-3.1747460329110755,0.9995443115789096,3.1869878846017663,-0.20585887295286298,-0.3141208229086523,-0.32418577739273147,0.31777882602270324,0.6775625602015509,-0.15117591296978716,4.508539265888043,-1.4044016162764397,-1.7670134247760334,1.0760964458326665,-2.366044714249462,-0.04717595642154748,-3.0999570996614594,1.8071479905460706,-1.1257918574761838,0.5917191703519684,-1.202508476686317,3.0293902729288504
6819,1.0228770187464313,0.5348377955547079,-2.5934455629277906,-0.2122289056655049,-0.6478068083079966,1.895766462601543,-1.0191560393987977,-6.229901433596918,-0.14430978057932453,0.7905367782597352,0.5614846661107782,6.041345809204728,2.460013626027674,-1.3992720686214462,0.11384249943485969,-0.9957919025980715,-1.548392356779802,1.3696002025369935,-3.3177003334370916,-3.073760807266158,3.826880606860712,0.6473410730762055,3.156921475820024,-1.2396820150564665,2.52711596239007,-4.208306442299598,4.089242481338758,-0.2494996094736246,-2.717946767427474,0.5593943754747919
6820,3.6208747082641715,-0.8293099352755178,-6.199032671363206,4.5932514498482,0.31380468804109096,-1.4995882395133435,1.4938525242557184,1.4723098593231718,0.15013239053388183,0.5590024979201189,-0.7164077778525941,-2.958889494180088,-0.6867937127901591,-2.3417577292275276,-0.956371270183471,3.8315131699734266,-2.1865408613891884,2.3399504036171166,-0.9662005231852895,0.4857170397568886,-0.9514602256328821,-1.1004385777736614,-0.24368459779784857,2.776066884629998,-0.2864737075938528,-2.0048920560446497,-1.7726147979968943,1.1229531184037382,1.7390815694366886,1.2019458737979072
6821,1.9463942686875662,4.022356745218492,-0.7579186092406793,-4.126668407255096,0.206238381416882,-1.2904023788257692,2.187338463155669,4.0259993978531305,-1.097793074109486,-0.5439921426024039,0.6288096470656477,-5.20036229136231,-2.9109269448437534,-1.5481394457991904,-0.45982529997032984,3.446851361770129,2.9271992152614565,-1.4551588864181149,-2.184446009316691,-2.3276054540139626,1.9880712581949354,-0.9372065785893708,0.13658442251397318,3.324602361208317,-4.595953658116601,4.463919177273226,-1.8983318485640979,-0.06269784801724576,2.1296314312386997,-0.03656725381105552
6822,-3.152772466540883,-2.3140575140358024,0.36942489888248886,5.330189146671106,-0.22816280470670192,-0.004621260268820038,3.235390294507255,2.522990009105463,0.10155543382711052,-2.9159292100621723,-0.47995295225438195,-2.4640535751230317,1.0849584203434475,-3.9503562713392384,4.023349662652983,3.5524090492719935,-2.220537735182427,-2.4898231257465575,-0.04656089513750317,-1.2886209121888221,-0.11438349650070911,0.7805364643600416,-0.34931282964998367,1.0183416691141574,-2.848575273174344,-2.641087701922036,5.88377152669743,0.051331037362881915,-0.13325240458041776,-0.31218718438057813
6823,0.2269994003391389,-1.115209804429039,2.112073587994942,-1.0921699467069885,0.9208949485792166,-1.0525881857758908,-0.10544762211591063,2.2861636337376865,0.27823751311035405,-3.620206426522966,0.2491579183355217,0.9120949834555319,2.4477241694052765,-2.418833943284932,-2.736338032278626,-0.7464619276015867,0.9044598920239189,2.5494498417361378,-6.158246592392587,0.9336684367409198,3.277611910507627,-1.1498009170374552,-3.038365919704356,6.135133081883012,-3.3329315733457854,3.672931557421329,3.5527940525497144,-1.079683501832942,0.812364290213683,-3.6254748250030957
6824,-3.3108719658350534,-2.8129290372012115,5.034098102066761,0.4685666755055031,0.6673412384299504,-0.046205012964586345,-1.8346128998958946,5.928327500982597,-0.6200383461617252,0.5980633167044402,-1.2475905936586322,-2.8241489779705624,1.3578469982103911,-4.104835601787322,0.7211667469430161,1.7350203637647574,3.498600920470686,-3.2077994276013264,1.3689073575832325,2.884855046399256,-0.04108025975112817,-0.21364827613711945,-2.7879936432082477,-1.2110402248888121,-2.8602810358245385,3.099259825934489,0.7397270221248178,0.9370800824112893,0.06737538064224502,-1.983161275285413
6825,-1.4874973973534367,0.9455160027686702,-2.096102898981801,3.9255575773137394,-0.3787086586939823,-0.9087646250518482,4.954882493684789,3.615532739288472,-0.48232517463733693,-1.8511002543065889,-1.1058396281276925,-5.1311501759014,-1.8017112521130336,0.10956052990553289,-1.2921101588133883,3.044727452436657,-1.1445161576736425,1.084049586258054,2.1024357748204885,1.2788777958360154,0.16071421527223606,-0.05375493161446787,-1.2142477196111852,-2.2740251347059157,-4.8809041774694855,3.1888527982301156,3.792286342615988,0.4992286860793307,-0.06252380991639406,-2.5369398395366307
6826,-2.8178433511686087,4.4717222466730675,-3.9217920310786383,5.430451881353768,-0.9693151001217764,-2.193223645656496,-1.908500184102465,-3.645194126498005,1.115179947973182,-0.3059907022524584,-0.13230476732174257,4.876809832201722,-1.1215313949571222,-2.9822891921353474,0.33271874229110665,2.646137402589627,3.5245350486021643,-2.399570606390279,-5.600442350628846,0.9899673049782187,0.8845068933180968,0.32963721711924965,3.012778576763612,0.3835523584468383,-2.748692621244704,-3.392305893873626,2.2352506746679275,-0.5931683842612303,1.048007868778047,3.4509083559365124
6827,2.711399021257442,-3.0365927530823313,2.649043610475914,-2.1621413476373093,-0.935343539309617,0.7736350082972283,1.5216572015171543,2.8452342994413193,-1.0662740047077275,-2.077525154782748,0.46092243368416774,-1.6840147751519154,-2.3506618837391215,-0.07096024664781808,-0.4493503657607292,3.593926663491139,-3.139272916186137,2.4163187488427873,4.268497439036022,-1.6251188708896027,2.5182860623623995,0.6797142806332372,-1.1632413897523328,-4.6781375213925465,1.0038592133743762,0.1344542376838085,-1.8243669178479607,0.5199847219297027,1.669304984075417,-1.5032362392124305
6828,2.3396889191348897,1.3722772655352564,0.9463302224003272,-2.3988145855282923,0.09777719360877501,-2.357259015149615,2.7552948426515727,-3.0735597615860115,-0.7995747195918996,-1.9627605375793689,-0.3311189284947096,3.411719104600678,4.058575496098143,-1.2022653249587023,1.1530111955902065,-2.0012915716689825,0.9334101719986663,-2.9414399670591855,2.7686036151481055,3.350170610651382,-3.332103564365637,-1.1084872841947093,1.5242030317359845,-3.2023864089779543,-4.712453230890688,-0.02844639060390719,4.54739937171853,-0.39737392601480437,1.6223735234902001,-1.0314993476964105
6829,-0.8203106527358521,1.1411396664043991,-3.2518851652301493,5.048058468308891,-0.07088530974445373,-2.046117007001518,2.033552542034908,-0.20217369824203146,-0.5785992321351099,-2.496399081846503,-0.16056279697261555,1.4041822671616089,-0.36250083721159854,-2.5348972542760713,3.489078990226595,-0.5667981283897454,-2.013296418812107,1.9884136484630304,-3.593914629384372,3.2820183583661304,-3.1492508909681636,0.19777248738439912,-0.3619848273167481,3.6253595019159235,1.7801551016088126,-2.651871856872127,0.5312175227894436,0.2258089319333818,1.3009544086058753,-1.1862641080624385
6830,1.0262634750859192,-1.7624806940781212,4.436402815877734,-3.988683614367396,-0.744472745501521,1.0329707629846823,1.3599296959129639,3.1410994875131593,0.3911889485410649,-1.6496808639534564,0.02115869433719464,-3.263695962350713,-2.187759498426468,2.760379921471287,3.1396381927471886,0.7020271249917727,-3.5524057362881525,-0.8618800044955126,-5.419247579539938,0.9401189844443731,3.7561626778029584,0.4263898115769367,1.4697763090176874,-1.1732002033048232,-2.5082660824459673,-0.25061718027301083,3.7502016636252087,-0.4980439728136954,0.8700837253487634,-1.3633581534383215
6831,2.907495279164163,-4.306230964623506,0.5866411601850565,-0.10180736185563788,-0.2118282210618756,1.125730108193114,-1.4232567420780065,-2.9629531443259225,-0.8795869834099168,3.617870098959127,0.31017583847094077,1.3377509323839902,-2.42360997959881,-4.021387164105992,3.313293000779659,3.999937636759192,-0.9869792849849262,0.11874579115102257,0.577881825720457,-1.296443426928633,-1.3409481613533174,-0.7570805646092671,-0.4483291533731659,3.2649194805411135,1.794175457597408,-3.921099727869997,2.434733387984277,-0.6307531196133596,-0.3167725303869986,0.6397165322915814
6832,-2.9332265312801695,-3.938301166588026,5.271848056076767,1.7612926803170268,-0.9549899156191026,0.7933768770948575,2.0656825316483314,-2.355536558767046,-1.150913041166556,-3.0885856689759397,1.0394078880597286,3.489944849201706,0.5331691119152566,-1.1374254294078447,-0.9077933031481713,-1.0114606042389713,2.151641129601675,0.37186909527816425,5.408040112093531,-1.8611726769495611,-0.6090026069782972,1.2251912273895602,1.3407478797866155,-5.503803935344671,-0.29504550577890853,-3.193113225531011,0.08561035321687882,-0.28353303857550394,0.9398034061158693,2.74627801055561
6833,-2.401689508811808,-3.4187782560588325,1.3719541598337486,4.891446763863083,0.3582164096363618,-0.8011495684611543,-1.5859364549635728,-5.971677831522708,1.2400488025470437,2.9902296376803683,-0.579072693981538,3.9064085402406192,1.1681116481673186,-4.200072254189234,-4.2371667017167365,4.205681652321623,4.055041569108223,-0.9915959136910697,0.03845222922454994,1.315489521417712,3.3162546943742157,0.20507315672411774,-1.5184730909613577,-3.3567965107820577,-2.557797202451031,2.0416046163987325,2.5866910947069996,-0.03696972928553066,1.0004165298422798,-3.0339453092084714
6834,-1.844240876584486,2.072608179936765,-3.03694555058658,1.7423356039892148,0.2809392023131121,0.7853034409333777,-1.7229606291438877,4.3104311337032435,0.18113253321169065,0.26960043033314207,-0.44557455028000703,-2.5926289178239905,-1.99376059464727,-0.004334908718085728,-0.7521597938105877,1.0927436218673492,0.14232596720029633,1.5151857081083975,3.9515442350579235,1.217938835357545,-3.8702466414586905,0.5418254826635795,-1.6662463701459487,-0.17481554147720857,-2.9253435555598983,4.053902846442401,-0.5083353409030842,-0.8853022251240565,-0.18990352084998285,0.4549817959976039
6835,2.61533778659366,-0.8467653175165744,-4.694878914745576,4.233605965853773,0.6047369053381146,-1.9120364255220146,-4.973502579635859,-1.6100327273371455,0.1264530942425317,0.11084647973264516,0.8445724757603159,5.501663257237702,-2.3761426188697055,-0.6985120785305305,-2.6783043578037944,0.6750477110857531,1.5266800931950755,3.5512312509233084,2.560753049164372,-1.3746082852037187,0.8857358011939169,0.7339523676437567,0.3677391298732626,-3.1735720626743706,-0.8072178221430164,-3.30886130951842,2.0269652625483197,0.7340793507321308,-0.7320307312201493,2.0870652496041515
6836,2.416234711001149,-2.6529393184069114,1.4034062103360938,-3.5211600386605753,0.9417417208312351,1.4127167149003679,4.468825369800449,2.661783351630632,0.3578750193145499,-1.732827297232209,-0.800540194203057,-4.955116249310176,-1.218944542722996,0.7307211505708757,0.11632724718239018,1.3214947626970144,1.6867003453231426,-2.6362989630503506,-0.023501351049688424,-1.084622266598906,2.978009602944873,1.0724310998569937,-2.5553660431081173,-0.38695104204791164,2.989004191940438,-4.030907501686862,6.11744536576483,0.2334587408340134,-3.4024456783908654,-1.9065551184585203
6837,-1.7106005919581406,-4.501898606882023,5.994671598488857,-1.9538930896077638,0.49523925275589287,1.6764814372044992,-2.902912921142466,5.12788854666244,-0.1476396651743297,-0.42443780154045996,-0.8368039743758473,-0.8160941844291507,-0.71188292830902,0.3906163239320506,2.259221161933901,1.4915241850528709,-2.6783849046312955,-0.7510938379784271,0.301479767785402,-0.31034682845438333,0.3883954218368615,0.7750867472031926,3.2428993762498344,-4.3975144846236915,2.5168965889502175,-0.8079820599338774,2.9368456410569053,-0.07424352568700598,-1.194879704504558,-3.376636939878651
6838,0.540767001405623,5.519567524196233,0.22603731443826902,-5.478565141740482,-0.4765039104484632,-0.3313027878498396,-3.322004973030179,-2.0318916044521593,1.2410796892488731,-1.772808564602677,0.10253850303355883,5.783086949802794,-1.9635355114921182,1.0803092412684236,-2.590582892232611,0.8325042508404117,0.8421530875085104,1.799151824107458,-1.6523876933889525,3.07894841965102,0.5300733600996459,-0.03742122956487748,-0.7646630747686185,-1.1545497820309834,0.3098351880584467,0.07708845751694327,-1.329408287833207,1.148149250012187,2.666314133426514,-2.871978741177861
6839,1.8149371653242952,-0.47987129806686823,-4.842228547522293,3.0851259531664574,0.8403842547567386,-0.41834752765698546,2.214187865951576,5.714425581002757,-1.1555188965694905,-3.4591145135482293,0.5947705146958322,-3.9087505515322434,2.4674577747194846,-2.8617331877504295,-3.736066209418709,1.174093266306567,1.6286955785819544,1.3275527775612623,3.458621776724506,-1.4143991515258243,0.4074112218342094,-1.1515734122590695,-0.6787063675958951,-0.6213540671807003,-2.7403129536465762,-3.6035604885020938,0.877687926741423,0.9349527586853617,2.0597517894180015,2.4714809673068814
6840,1.16678615477257,-3.181272372278233,5.210726309770472,-4.2927518637749955,-0.37808887499277355,1.4746006465043227,2.104354405957796,5.231132221643374,-0.6440562604895161,-2.245504785816099,-0.9238735674616745,-3.5220520138336724,1.0045351600777792,-1.4116326947095246,3.5434434453384434,1.3880729766592594,-2.730091753184338,-1.7943271341814988,0.1440498314859795,2.5271176316567328,-3.71039123663466,0.17751362647802083,-2.759101681144953,3.620811828156082,-0.09338251886982007,-1.0557756405895127,6.135202204297421,-0.8817566803598211,-1.1215044779755612,-2.9827828864997397
6841,-2.704354838047861,5.736533985995678,2.9185627652751585,-5.9727428177680615,-0.4215592334307625,0.4435601379771956,-0.26663472782329833,1.878417767913053,1.050814581226474,1.52354980758615,1.2199227800889956,-5.406070208991149,2.8893107704647427,2.7507195193482517,1.958266006008195,-1.4150467363045163,-3.709096383432236,-2.474153176084336,-2.903448941190721,1.8224401439679792,3.201007490554872,-0.5779878664039266,2.7713481801657025,-4.313359007096665,-2.3680189356796184,1.532137182175962,-4.770697621858002,-1.1008202786404997,3.3488785669321786,3.358521087072937
6842,0.9316385891922909,0.4377341794666023,-5.375629380490409,4.139027109496297,-0.46432677684386015,0.3315562791804414,3.645404481971074,4.611837418154888,-1.06476482809938,-3.4071731476732623,-1.0574034325029373,-2.727900491850164,-1.3289320309536627,-0.7812495568337496,4.220576427817633,-2.536504693705778,-3.1937338286501404,3.61984368232579,5.5661767306589915,0.713941270810837,-3.1597141819731416,-0.890953777439039,2.2214436945601665,-4.450893736620568,3.3208965114968123,-2.069761764023106,0.5490773795407229,-0.2102387448333234,-2.205227874637826,0.6152544924596786
6843,3.5290135876625826,1.9954111294455572,-2.3958757341187713,-4.44162273689043,-0.39085198005747523,1.7039257339599203,2.4247957205461006,-4.3188001120073665,-0.607933243950157,0.9710569614321791,-0.5399302248155271,2.07081089879501,2.3264674768063145,0.40597282230852016,-0.08500248873356853,-3.6917303893132516,0.30099453778302987,0.7432980411490675,-1.2307624940130886,2.8215979403992684,-2.568169197342373,-1.018902215973014,0.5263873325594481,1.4698486343670183,-3.02199402362519,-3.1290223466817224,5.7619439662028995,0.23795716325629535,2.066112396191535,-1.914997155340851
6844,-2.4236887192005696,0.0641998279769922,1.8480976768390391,1.0367087009301628,-0.15181219242460764,-0.37350529411960487,-5.001618050936553,-4.830666988840385,-0.6565747665100927,3.4729646458042502,0.9745209480317341,6.041374212451295,-1.2686237386872143,-2.5564376395403343,4.064707580565397,-1.3448105452570136,3.069055531241059,-1.9638911883217656,-4.098730711558513,-1.1241170410977084,-0.5216316663608573,0.22835681378093042,1.4244172100792571,4.091705395154122,1.7920543490669232,2.725347870820503,-3.9385726156205614,-0.11638640338401096,-1.3795913096609844,0.9171481087811113
6845,2.140236452807173,-1.3574423820247397,1.2768258125069814,-0.9891263589466668,-0.5451779480327006,-0.5253155763086461,-3.4244847173406576,3.027618471529923,0.2612287697025355,2.7099113408250872,-0.3891993894759471,-2.1850744752406825,-3.4103527082065224,3.1950042022836413,1.8271611376021077,-3.384425016632452,-1.7820673559730693,3.5546797409264457,-0.3163140753866358,-2.906140016975648,1.084336364825809,-1.1803700472023553,1.8630628360037438,1.4554249387323246,-0.028771014697881014,-3.379675784201691,-0.6494234629292599,0.11292186268184512,0.5406352525575677,3.4043131465923793
6846,2.244799495587177,-0.352432140454372,-5.276160988481212,5.065628086287617,-0.26043057121110613,-1.4214038817266896,-4.474535612789801,-2.0916124294396496,0.7791082785821972,2.6952756832463436,0.7648295298786163,2.326934550522555,-4.140228216104591,2.9971453448098444,2.852689169363803,-3.8040655898647433,-0.011879563990110142,2.1063388557859284,-0.9612341508153222,-1.2917577950384018,0.9416040243865247,0.2210020614012871,1.4303905283308733,-0.34000466826773135,4.1356396531529285,-1.7597096859526111,-4.571635132509574,0.5931933615687646,-1.2342894266038726,2.836801230347323
6847,0.99595400423547,1.3434332222009395,0.4111901472964945,-1.7291636816695046,0.2869722336460172,-1.308385925707979,-2.1828292894364942,-0.4909850226959982,1.0404744465090445,-1.183646050776325,0.34866170676377806,2.46832420963624,1.202698996962674,-0.5488274119599161,-0.8786338156565243,1.712721694756656,-0.2932585606455014,-1.194700903457285,2.101442552324265,0.4606343921306575,0.11092781278784258,0.012688345493891973,-2.355202219515313,-0.3304908832241402,-3.3415445791562597,2.2593440119938393,4.7568274462761195,-1.1653924888899043,-0.24269340072527257,-2.2665409894955566
6848,-3.582950091137956,-5.039111156874778,4.336810534981247,4.395564567148966,-0.12965446063396313,0.01934060651791647,-1.3804121989003164,1.3661643038990903,0.8579344609665487,-2.5985324409502155,0.5477084419359795,1.2071374330491516,-2.879448080363881,-2.545223612840527,-1.8380636461194175,3.6619387268766985,2.2192901133758696,1.3815064990713743,1.526807543608033,-1.7128331062873894,-2.488919728858912,0.02938513027226186,1.5440370333192313,1.101523127943988,-1.0999595573542607,-4.591213598456326,4.878646172161989,-1.0061976091292895,3.197101000389676,-1.3783764076088012
6849,-3.495588795775019,2.0204078993947725,4.063107781313722,-3.8486473108417556,0.22804897503635546,1.0326714508733623,0.2232871035930728,4.703810818931576,1.2325351853835276,0.7312624542627475,-0.7621830430263925,-6.128712519144276,-1.820031344720796,0.6850820686122034,2.8208973334461227,-3.0963118208324314,2.5060105489292503,-1.0956467854342122,0.7753813815150075,1.4614426717188511,-0.39564237729377005,1.2221709695497438,-1.6087123202740177,-1.4546403252186302,1.7194098051279134,-0.036120702551208694,-3.3440555247371755,0.7307413146213051,1.4842034375242363,-0.5541783299821219
6850,-0.3679726539586152,4.926865771353054,-4.272479397125778,1.7974036649326166,-0.5334794353623158,-1.550337949837516,-2.082697523041041,4.25483849862302,-0.7886737838451241,2.456407746528111,0.8766903286977472,-4.716565266962487,-1.8849249874200122,-0.7300122031738603,-1.5437541782688307,2.9408799900148885,0.3269251913054809,0.8908861875424812,2.9661399721628605,-1.0398331243581573,-3.013585194425014,0.27132250773486266,-3.1176867032036757,3.9336425420863037,-0.8738002242096492,2.846629034929947,-0.7519928630561132,0.40660619626974004,-0.3252445241316213,-1.3021976197993244
6851,0.9449238161179672,5.422121408661088,-4.023424343037277,-2.7081218146959216,-0.5363267729651604,0.9008277059207526,4.202092966975364,-4.682836998052828,0.315946295868323,1.8575353928165228,-1.0372849716885524,-0.6554526859185899,3.4548201068491373,-0.04398169344449343,1.1384133620396355,-0.9001387960351508,-3.7099303070798317,0.06081732767085235,6.049397832858517,0.9742211607810365,-2.569954963610355,-1.0809448811716318,2.854640852352162,-6.227360001212492,-0.33947520995039326,-0.7613345405015828,2.1232035956088815,-0.5842688877248987,-1.290068583338421,0.8519436259094242
6852,-2.9113580846382696,-2.627272067524789,3.150292250693692,1.8237590936254513,-0.5756503759832163,1.1402291838285699,5.7699816242022095,-1.0399474608729449,-1.0879933985789032,-0.03871795618143814,0.62098472901911,-4.2243075375877694,3.738817445709035,-2.148171679955846,-3.9330976576921266,-3.9988298195308136,4.095878936266651,2.2454027752032744,1.622327914269377,-0.010917795300247946,1.9283064141510522,0.3360413976705168,-0.4968058599526497,-3.3789520708407963,3.2908628040031367,-4.932729827589791,3.337792678940822,0.12915945840101717,-2.5466666376520184,0.7215815238998609
6853,-3.1703713212924622,-1.1684494801255703,4.206227643011559,1.6606856031984591,-0.18405086291337525,-1.344041581877173,5.99741552321586,0.2121476099492554,0.4784558336939284,0.22743613987623057,-1.162818121684523,-5.7526369850504615,0.23732488316790423,4.081396278506659,-2.169927008726214,-3.584480325935754,4.205470039378692,-2.769783866391103,-2.1587505622352374,-1.8843332122320913,2.9190605271997363,0.865331642797238,1.9555830601991282,-1.6968914557315244,-0.7666775996488759,-3.9098554309383964,-0.4780140187435826,0.8373389920921221,3.023199790668844,1.2940082665729378
6854,0.6910661194274113,-5.406846843735423,0.48501468350165666,5.8311903588613845,0.11493318018322984,-1.715357498236827,-1.7119332506727645,3.0122230095542157,0.8157342059006139,-2.128266837952049,-0.8982710737522224,0.9105139469224994,3.094292022244016,0.2679776061021997,-0.35702106485101126,-0.7362272049534688,0.9621703183531984,-3.2311916768947597,-0.21547875031778574,-0.32032076556668443,0.8846997711906575,0.3379090235150617,-1.3298991374006643,0.6430898585766656,-1.834429714119036,0.5173267184706489,2.1631675047150516,1.1453958392708028,-3.0991733243489303,1.107712976014536
6855,1.0613033581678266,5.428088174934992,-4.469934250920311,0.01694713834158179,-0.5730944034118362,-1.4633100171108246,4.955652600187065,-4.119982901133859,-0.3185452063413363,0.14282122044782852,-0.4743894258729151,-0.1855562872864489,-1.7932343739179508,2.6046631854675617,0.6447168643438381,-3.1310571360313286,-1.7635881403177898,3.4384996004558133,-3.5611867290150805,-2.344855873690541,0.1632539093253058,0.43626867122604995,1.4396201700266573,3.866899852124863,-4.591327447803039,0.17972958404054395,2.043368854391492,1.0226947391565915,0.5450839763694741,0.8004502938480034
6856,1.3336152782088249,0.47232170442122623,0.6427380985220914,-2.2424824455795154,-0.7087089388203138,0.5025163032491111,0.38748000151379003,2.5126732177512636,0.11452818627266836,1.134527133826147,-0.6991223465717775,-3.450086192791776,0.81093689818222,-1.368657085366623,2.9213089459250163,-3.921399236021543,3.97492782263247,-2.417117345351393,-6.048997852162415,2.385818910223012,1.74683470065402,0.798288601292624,-0.4353179683324946,1.5533736083225058,-0.35056505125133697,4.284694885212531,-4.407848796965229,0.3183636707638282,2.343658804748383,-2.1883035125050956
6857,-1.0003705145061463,4.316397004852707,1.0072251043088478,-3.1205974641581165,-0.07981711254806045,-1.122837017947795,0.9400994940433023,2.454188887783122,-0.793103370057822,0.8528150927143461,-1.1115206974225407,-2.3424794070600825,4.091343551362453,-1.0293271878863521,-1.4889601962068166,-3.5384572035415847,2.039160503122499,-0.0737594668500261,3.4975670590214527,-0.8205043598402959,-1.4306179550339753,0.4670254043773685,-2.1477414112879796,0.4342712627606957,1.0936806814705804,-1.800288977747769,3.9164044680990813,-1.010920950599492,-1.4936585579031991,-0.705216663316115
6858,-1.4900517453176008,3.2715607272487617,3.3994911046479253,-5.8798278022769885,0.05294081552913443,0.6458869001701757,0.3970338507246396,3.9863978308015753,0.6003259821871509,-1.9416429245415756,0.6988764746035638,-3.740991213775043,3.711728804908798,-1.899543190888389,-1.8143011164532155,-1.711787708963815,-1.9028956283906524,3.61679883978746,-4.839764180051489,-2.5593945305944352,0.7401117876751222,0.9133409636238188,1.0994022615413552,4.646303697802885,-3.118165021376349,4.333948154582355,-5.354027250824377,1.0542456971499155,1.3876785572361214,1.6963198632354235
6859,-0.07171696639485248,-3.7201163491701905,0.8979608601747202,0.28232574083405737,0.5136556039584281,2.0978911105992317,-3.0973909332130845,2.825104005915371,0.7200337298950785,-1.9899306404993542,0.3233398392287876,1.218843998673492,2.203851278079643,-3.527937257287137,-1.615092035479373,2.607019764974442,-1.8682184339777752,2.2003766836903864,-1.1648915281793322,-1.5212178616738115,-1.392895073299039,-1.2306533865786813,2.5406699490268814,2.768987900701248,2.7481197871736676,0.13156048453251756,3.9850017741856156,0.29354485000137664,-3.6548857773378938,-3.503341118552237
6860,2.823291420066777,-3.6934321559882406,-2.07907762438132,0.6882894246319395,0.06435532050659587,2.1965736151656596,-2.703326915339048,-0.9521096483266334,0.07994518127433281,-2.9549546986280433,0.6182847771678848,5.912161303851782,-1.387289686396409,1.1041650613043252,-1.4161207487522045,2.5805643738247923,0.3346641835878543,-1.2159831835681487,-1.9688713627030836,0.6521083904046208,2.7323542789116573,0.5627775465012954,0.09472533301768848,-2.073094186134899,0.5918325175407162,-3.2439428334745344,0.9888262467624536,-0.5407702149825475,2.4852995617496774,-0.2812452775927188
6861,-1.9383150425289113,-1.8119455315226638,0.7898844954025641,2.0383284353697775,-0.37712419374364026,1.2991718370242822,4.195785332700257,-0.4846138907997499,0.38574743330805994,-1.3545297283559297,-1.0887442603874162,-1.65364488646496,3.5534351501798724,-1.8101459752204896,0.40928088985176103,-1.380635611761619,-1.6739758977499317,0.9020414447006608,-1.994344406772008,-2.961428144772521,-0.34775883888020154,1.026083345312812,0.4042804801598372,3.8731675649493447,2.5976340509388933,1.5461015792866277,-3.246291605139376,-1.2074811110634496,0.1127059458763977,0.1973311401039055
6862,-2.74718742965592,-0.12818520452129079,5.104394023210702,-1.359970592313001,-0.1740108691091753,-0.6950399276099333,-1.7500657053631343,1.6412299159934207,0.3941608963888923,2.2399108919278525,-0.38445480423415823,-2.140781194712588,-3.036821164348739,-0.13328903990645813,2.5336575162498924,-1.641781207306055,2.962764320490294,-0.6845304251787319,-5.732409030503543,-2.8114198294189947,3.5752227523851623,-0.7440315111554074,0.4075891099360671,5.305048508754005,-0.3164017273456885,-3.998355678339955,6.189970194178713,-0.24991360689826259,-3.5869462151103306,1.9616470335185028
6863,2.1176581254783464,0.632690783135601,-6.210533359899266,1.9192212970278852,0.4475764626178167,1.0933866916409958,-2.9088448234812105,-1.4519021822838702,1.1409987550487664,2.7803013274815953,1.1747186033543286,-0.7352716801193537,-0.33874001035594503,-0.8057544800759757,2.666478557034047,-0.9830944595436186,-1.442670160603745,0.9037805535454169,-5.532913198259198,0.5459499992589549,0.20702996530430795,-0.3158294970569546,0.48226446021423186,4.613498270535917,4.509390820028965,1.0717713596281015,-4.888730492904667,-0.2658271027689558,-1.7420420171794078,1.315437433198909
6864,-0.3987288814391139,-1.5100921528045497,-4.276656035643487,3.3977167504612247,0.31990578312004825,2.467854536307261,1.6203631885968548,-0.9067138710711831,-1.0626658882068982,-0.7850265436045092,0.9224533209208436,0.21158979336512473,2.8613325006305637,-3.2379121707433587,1.3716605346229542,1.4437854897585325,0.5033638659257988,-2.9422302201942774,-4.637753279551184,-0.6959525863370732,-3.385229101861297,1.1456366759072285,0.8998259058061393,6.67347238603346,-1.6232576057707035,2.5614734439460882,-2.672263601779605,0.9070378030561663,0.7665154687166691,0.06049449183433708
6865,-3.4882001022597606,2.805424483404771,2.5499539256510246,-3.765501800534281,0.184133500843513,1.7141899928960989,-2.415752992484773,2.460166812453007,-1.1678635462627942,-0.4538455512231643,-1.1637934411592061,2.7410887186771333,-1.521011188066268,-2.6067218307807742,-1.1116076916318587,3.5554229214717488,4.090507890860099,-2.406590101852732,-1.2915818510195471,-2.437323065752837,0.5751496254832666,-0.893233772306476,1.743116072370773,2.3038729912221036,2.0205385990590052,-1.8684268534234292,1.6555119776069063,-0.16770521785464876,-3.5198742272351637,1.879955721850287
6866,-3.4959753300292835,2.89158392917361,-3.4102527875429054,4.735863178531471,0.2980266006890142,-1.0192455908205638,4.379111062032301,-3.5633227224623845,-0.6825924497033347,2.2421850515074233,0.7166727886152504,-3.0920537299890434,1.7557861992353239,2.2233019407752828,-2.032951755822893,-3.7798452594253025,2.956408620255722,-1.1226997450179397,0.22822771479608406,-1.3281596569345293,-3.3607280816925993,-1.139396603173283,2.470426603576076,3.1296300234255057,-0.10265271410004573,0.4176749611586601,3.0862280816273575,-0.24193836552794945,-1.1883369204133025,-1.970975042741749
6867,2.4055178301355866,-4.7563066935032445,-1.6097512002637977,5.015043560039874,0.6640514314648756,-1.7185549278719634,2.5592781786898584,-4.2437343463497825,-0.9690659757993902,1.503321872928371,-0.590097365336951,1.740297635868103,-3.227543528348807,-1.394897412374828,2.811143451835253,3.4888199879518957,-0.7355595978584333,-0.9419629012048798,-0.07572338162078651,2.160782753751441,1.315248709392236,-0.7331675266853299,1.1681017761152308,-3.8352423309555377,1.8979112959725022,-2.3982088041295135,4.681369286334757,-0.12999023479559746,-1.079730975442935,-2.971350567936218
6868,1.3899560780937499,0.34307313094015157,0.2689799909058941,-4.015671184219251,-0.028713985814629694,2.0423759700954136,1.1176492227305772,-3.140987100197343,0.9895595978827973,0.7598366188712937,-0.12697467796256223,0.40091633867543663,2.505652456331955,2.1234822472973143,-0.6287998924020428,-3.7566823610889184,0.0010223223190131137,-0.24467477245712566,-1.5104008005834757,-1.0149444092867128,-2.6863901609397693,-0.23268790100899306,-1.0268192264665288,6.47124249828272,-2.5929776834260814,2.8154744057377172,2.6594546713546663,0.21894910575496773,-1.7185642376097476,-1.3823362618084971
6869,-3.3025974088200805,-2.1760180725195752,0.9329537188776236,3.6584883799190884,0.5571965485753307,0.32997683396895106,-1.4379429200837208,-5.055261301825659,1.1447458155411914,0.5686824130564396,0.44446845385635747,4.335307539455567,-0.3092168188934252,-2.29917690394033,3.774676563898961,-2.070690024847387,-2.5659210078159163,3.4703281915982913,3.4360329851476266,2.1741681347180553,1.054644289676613,0.470311939404068,-1.1485033016386428,-5.986654047310495,0.8435764925029545,-3.374328631045312,3.27473321629893,0.36230879171288155,-3.366950507999375,2.2606606385329577
6870,1.8559921701564441,4.035868501988038,1.120450497389232,-5.163686624366772,-0.7392078016854764,-1.1094167434801374,-2.436348263376079,-0.10160781639314465,0.8251178698285235,-1.6042395422358453,-0.4439858278087794,3.7610635799854784,-2.2787924792386764,-2.2956104158715984,2.3470788730343024,3.958956792162038,-0.9720825477077142,-0.7595502223781434,-1.4144864660643677,0.394741806847863,1.8229306179645555,0.5944030170935646,3.1336315482181725,-4.531220524062576,3.775113560192189,-4.408796827841732,1.4148813227707429,-0.8391824234542709,-2.4639971765150044,2.5219815448511156
6871,-2.3032543014946434,1.4664146302495418,1.6951944298971675,1.6381531731295134,-0.4649825846083506,-2.031525347171904,4.246630916241418,-5.9893274168181705,0.24688496169531682,-2.101855843072565,-0.7169027408741657,4.314570122828307,3.715086832357514,4.0080037919668285,-2.55409070990617,-2.515276144562119,-4.161063890933674,1.5073401210778385,-2.62616873079282,-3.0589380848603955,2.024392796392199,0.21676887613423368,-0.3727502061236425,3.816695349247645,-3.3436099060836177,-2.021669951432404,3.8412728411027786,0.7757778560885313,2.141943396571346,-1.3937142362435875
6872,1.4692319760177597,-4.03736162029395,5.866622905755136,-4.842415952554944,-0.7334479488263845,2.277370639903742,5.465436891186371,0.8516565817298023,-0.9491341267858795,-1.2021925494214543,0.4065462235064494,-4.572313020215169,3.987492155191944,0.33521354597289843,-3.846637553066188,-0.1572374008879649,-0.42090860819575227,0.10207786098528615,3.6191895331476687,-1.9551031809181953,0.9519521524729448,1.02445091021389,-1.8568614547103603,-1.7836279602087224,4.159007766443789,4.205529363600913,-1.7525653104255383,-0.8379333760653074,-2.0276449017531277,-3.7463935417976515
6873,-0.9855720418472096,-1.540588359940834,1.9907711342900036,-1.3177082439428496,-0.36425279730939253,2.217350308751616,1.0063726221914315,-4.988481355882691,1.0773529131809658,-2.1869947149504956,-1.0228831574106132,6.11463369287155,0.6740524760187441,-3.120809465123111,-3.8970245590220554,3.486841975341278,0.25478016918525626,2.6021594036001154,4.810021608157296,-1.214406009525975,0.8393289043420005,-0.7045052523698008,2.936359036612,-6.666798287218278,2.28626149185045,-0.9219224768617487,-1.9354162282598288,-0.8025753223778294,3.747214559427654,-2.37356202377563
6874,1.163355568688491,-5.150930238173313,3.5400622595768816,3.088949283898291,-0.3860159766633502,-2.2554208973256564,-0.34956066698769206,0.47150100623534286,-0.4810244367412224,-3.1068054563945804,0.8276749807799302,2.6382145731083746,2.514463661919976,-0.40350866630722493,-2.5161457812847754,1.4674915546727973,-1.004770612559879,-0.05753015644070203,-1.7645409434135786,1.2579564155575405,2.8448120289396854,-1.0914670157408173,-1.1621118701952167,-0.08464861515037825,-1.7524145176198473,-0.9282798612362875,-1.7338649338000884,1.1014491398134663,3.4679622260449463,-0.1548520531991553
6875,-1.323434522701179,0.690468945778413,1.6826347069537881,-0.124311013178108,0.006783286336744965,-0.9321414031883339,-1.9101464316147485,-1.5946888917406952,-0.8276701418582268,3.6858703829326736,-1.1809278540390649,1.8275629363202093,-0.637491147412856,-0.64050085019813,-2.1785834837433526,3.6909346663045497,0.7265986590748632,-0.960957844024886,1.7918060078020694,-0.15410948913840095,-2.6331260886504193,0.28222166094979784,-0.6954640504809966,1.4086719595152175,-2.899110702613328,2.146269130467548,3.1666456575920563,-0.36935374386099973,0.8064562682334753,-2.850906609815766
6876,2.416919880806489,2.338633907407022,-0.8153394298381897,-4.790480763750647,0.6299757316319399,0.22029067374470301,-1.0114991061255694,3.614202412559621,-0.3123392497907016,0.6663704153122048,-0.2862173901694174,-2.6705170817859347,-1.121531121171465,1.233837598820724,1.2184773364280375,-2.9681190466005116,2.550562228684342,-0.9132269961609598,3.142687123386601,-2.490681568102932,-1.0256186916729586,-0.9048556776903975,1.919629836661656,-0.6411610225847184,4.648961328137602,3.3769236387681723,-3.868457498998602,0.43904046152875953,-2.4308385871040183,-2.165629342328918
6877,-2.533293881192133,4.791514981671369,-1.68258838950414,-1.138469673777685,0.5063850411669382,0.05645192163694013,-4.579289334610156,0.7433074062278209,-1.2173503562865147,3.1265213244555703,-1.1154717298783798,3.042282690091863,1.5933832809423798,0.4424187160276176,1.0735487003124042,2.4714742278530935,-3.986916181869516,-1.5939087432657928,5.669295484529979,-1.1379493007990522,-1.6242548688018452,-1.033157673313379,0.3199219264043389,-2.1938555680228014,-2.393830708059081,1.5750351215095684,-1.6845139122349515,0.877189699908766,1.9320118016583905,-0.3058920027797267
6878,1.647101145494485,4.897823336662633,-0.8316096404988649,-5.8832804351944645,-0.24049150401922104,0.4104570975567352,-1.43367973927608,-0.4076900620759787,0.056659380473312204,2.049098073971866,-0.2588430148312373,-0.005544638261667956,2.486831283251668,-2.118384277627742,-2.95327864937153,2.2473339552850042,-1.8778694812255043,2.215367169688303,-3.6636191068257062,0.00902036726103006,1.350951124222096,0.7922917918992542,-0.3037206651306654,1.8150764885711936,-2.0856562081620673,4.919616375342926,-3.4683510021770765,-0.24671499948910558,-0.34523151524725826,1.2263373497355623
6879,-1.6945807842048701,3.699613465405392,2.4932843139669174,-4.972238584584357,-0.20270476498953527,0.6766263544077571,4.934235893072405,-4.957034910460894,-0.3236920516200188,3.0558291665379684,0.39424119121085965,-3.103579288740125,1.3609611813758917,0.9368147659103272,-3.240072760763878,0.9885453238331259,-3.690170341755925,3.643921831400686,1.1153843853383059,1.2800750877460896,2.1007470030583306,-0.6306867192751655,0.13173610381120326,-3.9972558606815802,-1.4562857198553907,2.3236526667372672,-0.7400621473030533,0.44094117292204515,0.20255324508448425,-0.7707992175823914
6880,-1.1601131791419856,3.342951247748754,-1.5616656033239344,-2.831251658254679,0.25018043997023476,1.9598987530029408,2.15327648440347,0.5622137662422908,-0.6342540823959544,3.191987529645342,0.41202538988973547,-5.685249087784676,3.05933684255891,1.1572710738800893,-0.6649222491254392,-3.2118945649663946,-1.799510338871384,1.4597192365244496,0.29662706736242583,1.0380694872895546,1.020298271440769,-0.7703490147523446,-1.8704426314541358,0.28579682011091734,-0.7917806331985062,-2.416648131648948,3.134418342039975,0.5717592620563732,2.755952579342246,-3.2537014185882054
6881,0.36502153065159426,-4.743261722393861,3.5821916969575867,3.018673849186591,0.17535172219499762,-2.397977076595607,0.6735138015427786,-3.8185250513353495,1.2481980324037947,-3.273033050685676,1.0518424265204214,4.118003841554209,1.0475858366933792,1.4802017974286947,-2.793045365853521,-2.4938648467034152,0.7590719956010616,2.0000505828340387,-5.6287988208614905,-0.45617715100725853,2.6458470969937835,-1.114524445561603,3.0542773185632406,1.499376001870548,-0.6912943369924953,-3.604095583765737,4.415528274366409,0.6115503508755218,0.1642373160400581,-0.8959260205208235
6882,1.630391886014042,2.771435870082545,-3.782382557903013,1.9444585705455246,-0.7431207769116508,-1.820782991826162,-5.43235774465365,2.235107161605118,-1.083983470805173,-0.2530365183267218,-0.06861938403413959,4.602889956214735,-2.227269299716472,-1.5942776621587154,-1.1076785831799398,-1.3669436865676694,3.762656585960162,2.5335126456628885,-0.30957856869665434,-0.9708974783519242,3.311450267434843,0.6309460361203874,3.1205097095459315,-5.782429966055389,-4.8016358653800335,1.8967675094868497,1.573423726572912,1.1532333693940053,0.3188690379078931,-0.14065777797865664
6883,1.9274591585524696,-2.105908689586702,-0.7879969564559772,-2.2268379542076637,0.801571742173715,2.391712699525412,-4.641813879916718,6.165968173800994,-0.915348274675047,-0.9136328765647388,0.5828199149289892,-0.27799305757333315,2.9920920855195874,-0.43757881195990933,3.9293216492734473,-2.507299408979552,-2.797144995685903,-1.1793905181674162,-4.102673758833593,-2.788683501188128,3.3732241013822204,0.638940282844902,1.2606785850699023,1.6185142907218797,0.9518623269934174,1.1469589135752543,2.3340572860035422,0.478100087804191,-1.8291796584260744,-3.081798955947356
6884,-0.6398506358323974,4.852124455357359,1.1103335754940424,-4.844764295566918,0.5159931857761277,-0.993836285226914,2.8339818870989433,0.016124402761498402,0.471689725000914,-1.5173228692024292,-0.18340935165657424,-1.6210637940022075,-0.2544402507092087,2.241461293613032,-2.09178167180378,1.6972472070205704,-0.5845244928838618,-1.0079620852365032,-4.014562036197553,-1.8981665634228797,-1.3257309989677157,1.0927554464550449,-0.2387554702041399,6.384459622334461,-3.9337969464715883,4.992900488746404,-1.8380967995498203,0.8251997624410397,3.2644100114313233,-3.310616516594399
6885,2.980029276092335,-2.9518230653392052,3.8995050808423386,-2.116113424000339,-0.6306703853615758,-1.1809274822322564,-3.3496402593189174,0.8115795697584147,0.633738082859411,1.2857083240823144,-0.6117578588837889,1.2303721415027233,2.3556055416632518,2.2673441603749502,-1.3280980992552607,0.08732223880463863,-3.1055098487196897,-0.27666399286764154,-4.8488007563278295,-0.9931508324587188,1.1243197252910875,-1.0843284447168302,1.3202900925388636,4.481670215670661,-0.4349938830004554,-3.7086344550164583,-0.8818620542477937,0.08160878827706686,1.3944782904563375,3.5494033135342278
6886,-2.7711854061901224,4.560081998962662,-5.838382291056092,3.217034083348434,-0.8281283427803985,1.66057995771685,-4.865012392040299,-1.5557930137366682,1.0327245810234507,3.2435059004676106,0.3914743120762143,1.7531006122098276,-2.031289363104756,-0.7765472639851758,1.626023949624276,-2.448641588739262,2.664389276850212,0.9660649893549547,2.86991846627976,2.0741455914440827,-1.459927239274057,-0.03359937195030316,-2.3449699309934626,-1.1055675155088203,-3.6288391749888866,3.600902834109366,-1.3560488828679809,1.1617777000178426,2.555055833584337,-2.3328483098517214
6887,-1.8143641857798762,4.246058414816975,-5.827442527701457,5.259684695936105,0.22498411291829212,-2.088920510188702,4.6957429551922765,-4.023433799730608,-0.2832524918630517,0.11267293172245374,0.8362901294250094,-1.338019724745994,1.2869894928978418,0.658467309775169,-3.517879039072943,1.343561081936027,-0.5077162579533265,0.7365774124174536,-5.155556186910982,-2.565726328474728,1.0835303712523867,0.016606938492060408,0.8981995314987614,5.722945674139723,2.994052969259368,0.5517856439846973,1.3156152338900853,-1.0223865377353283,-2.9845177972149877,-0.8545495121808955
6888,-1.699450864734791,4.344930505827961,-0.7371355461091795,-1.8518437126020757,0.6633750288709281,-0.7198754112514862,-4.100239010790862,-1.2615435905492056,-0.8634235955320184,2.151953919793872,-1.1157208226952977,5.188973099773609,2.823912612752455,-1.1365363534092925,-2.5143473969216217,-0.8508816329090543,0.41695489340694536,1.2608978770807866,-1.661135621857838,-0.002121109935011134,0.27005469653493464,0.06448473669731314,-2.887320644303081,4.216037942860886,-3.6291157013475477,4.675430889909713,-2.707930942975743,-1.1122214570526876,3.1426429134376654,-0.36880570196847096
6889,0.6895126709883286,-1.6556290039225736,5.3328913023174245,-1.3836849600248549,-0.597418376965142,-2.385671632391797,-1.8101754342357559,-3.1070728220556383,0.020615463807942547,1.4380791272035758,0.8338216115745833,2.624732053705408,-3.3557154421032074,-1.8814537681905108,3.2719921144214226,-0.21120323079388825,0.29737388289264644,1.8790064437737826,5.778353137402931,-1.9228019672869863,1.2634331925871471,-0.35278679445075056,-1.8167415871721655,-2.9494559810829486,2.2226899996709335,-3.891568097707836,6.043473821697948,0.9414345656125995,-1.6887807571712958,-3.627249532099423
6890,-1.404951348849524,2.6407201552510244,-3.353541952182585,2.855291947349979,-0.27821229849091633,-0.45930650307657217,-2.5698568465685803,3.7409246135428518,-1.0136604049319655,-1.7586366476691762,-0.3534244098347674,1.95465369546179,0.8165174868046243,2.8929328879224165,-1.35629688399327,2.7329040078277416,-3.403290904080638,-1.6827665944806292,-3.3393294572234424,-2.250680356444308,-0.9730272608099018,1.1117790103626692,2.5174585078462,2.933799556266006,4.937265233907798,-2.085327388507732,0.5521049843520807,0.04289060106716036,-1.2496656792517626,-2.1972677515645866
6891,-2.6139727673827498,-5.298377192399251,3.5434174324771988,6.096551302770706,-0.0051451816870293765,-1.7224735937774511,2.443498221012714,-1.7313158719090787,-0.8777666283778744,0.8951174966795943,-0.36281717177435713,-0.36671604563084514,2.055698232880424,-2.3105027213091596,-0.3386577444498009,-2.419335351984982,0.2074487365720188,2.8053488482917324,-1.42907091041058,0.9256464981072199,2.8577280114254116,-0.9916087462002636,-2.0545523254795306,0.6918574725549753,-3.9814451564305564,-1.2936446341552639,2.961040016002787,-0.5657367434190697,2.0573930950318093,0.8223934229732599
6892,1.0704150859798176,-3.191191703655786,-0.09494992272409064,2.8197874766731132,-0.4019284490179318,-0.20213248725370825,4.994976549224486,-3.524772619494989,0.3726267779600416,-0.982468051007718,-0.9059205825474494,0.045557925865765014,3.776133400328934,-0.4853479172481485,0.510273856350608,-2.29033420713734,-3.538089978353696,2.0273648460598466,4.473872719243374,2.0347341291560923,-1.690433665476597,-1.2028997870057787,-0.6917887924444077,-2.9234846034754653,0.8156064528479519,0.6293723303842818,2.7274451678014024,0.6305742819217537,-2.3832411899575554,-2.419757042994876
6893,2.765824597293669,-1.849761732231464,-3.7097710752572937,4.451997596514449,-0.09896240098830322,-1.5593269853296157,-5.243730568528683,3.7725283152487847,-0.7894962454665793,-1.775091241714259,-0.579711488480914,4.615501228941813,1.4159090782169734,-3.611685028645386,1.075751102753891,0.9595967735634616,-2.8432106905164467,3.0036387646277447,-3.2325156487147737,-2.3459120120778714,2.7625077550917787,-1.0933400284988726,1.2542346532536666,2.655025280943306,1.528100614950187,-4.072807045874008,2.934478484682856,0.4426037458754877,1.7683009778211627,-2.600676777452696
6894,-2.533513843391086,-4.765295984699126,5.184945558566241,-0.18253710866103035,0.5420191930122362,1.7543821851741974,-1.9039566233793828,-3.8952482482570403,0.15249565219349215,1.7017803038600832,-0.5340181827031607,4.478947098286184,-0.4276706956158982,2.402222364345427,0.6794996206968982,-3.5527970944706766,3.610066256055962,-2.711320451011467,-3.7340824362359513,-2.447109200542343,2.7348223667205005,0.4671337116056016,-0.44395335352304244,3.4231889119725274,0.5208487862618405,2.677670946516262,-2.350238661034961,-1.2046568205237569,3.7399603787710234,-3.3835846299874213
6895,2.344306697039759,4.201486580281031,-5.895689080536556,-1.4181356391270725,0.12131897186162321,0.6467124704826226,0.5252884996339091,1.5012318364474204,0.07456308350726193,-3.4041254737590734,-0.9019843833868695,2.205026437557514,3.438695025776255,0.19512482008278909,0.09757886889530454,-3.354833454074816,2.310171314566986,-2.6867365752462806,-0.1923171123997527,-1.9758272925243698,1.5493241057174991,-0.08062454533624663,3.22485578296304,-2.5254109384228762,-2.922882075074959,2.346458554911898,1.6892802179763713,0.32968472444647023,-1.9750854942169696,0.5325440719601513
6896,0.88307780868133,5.030714105775793,-1.9772733501287654,-3.9651973277144776,0.1280279640452502,-0.09934920065776609,-0.8613129672690683,-4.666572278259402,0.9335187132425764,1.8939183132064414,-0.21284233717927137,2.913290556258879,3.102870427016871,-0.7770501723580097,3.3906454317786903,-2.732153351107634,-1.9287870459338308,-1.0555252893958613,-1.5037117677954477,2.010509078708978,1.7782108503793879,0.8423269294772089,-1.1091341544918762,-2.018200936280955,1.402894319705613,-1.109999788204206,1.1322754418556435,-0.6133902755882259,0.43612082594066237,-1.2479005237065337
6897,-1.3400501175656991,5.481729773083064,-4.459565796352834,-0.22278846216785553,-0.6803028886330797,1.2209774916377807,4.409299165421739,-2.4392909146194377,0.542504458137727,3.471396122529679,-0.09505778290360034,-5.888851048565968,-4.127629722808951,-2.167651928142524,0.5111361993544357,4.079011039441131,0.519263330109073,1.1858710820470506,0.16932995219607605,-3.457367396184315,1.6123685681413598,1.0101922899277245,-2.056805372944744,2.722281958861192,-4.690101225223341,4.2987008041445876,-3.775647120143006,-0.929056287337767,1.7254198256203424,3.3706840029421734
6898,0.22411640329191407,0.6239793413432899,3.3776915761769466,-3.881177210009774,0.08076082485893954,-0.4253709356599096,5.637556987875016,-5.241487449220429,-1.0852552389107988,-0.4998469709557547,0.7461974800944091,0.4428351911177053,-1.124874700442561,0.03421183979108022,-1.7160675941910135,4.040188255806914,-1.0768895717558333,-0.15656822920836255,3.0472088336238485,-2.406127778846793,0.8558531216925012,-0.08381058935561025,-1.6906174167922856,0.2774938296756382,-4.850557450456455,2.2143198829269615,5.331044218909689,-1.069225493208271,-0.48360578533427123,-1.1419753728346898
6899,1.343140177199082,-4.5551693237998485,4.718654720886654,1.3931364187934463,-0.7647804872594581,-2.134981505818481,-4.250124525943029,3.0044798418500527,-0.259419264261715,2.5596197892300125,0.18236226294002122,-1.23691810381521,-3.6100100793031817,3.0747688669673927,-2.8282590228791857,4.211887531418508,-3.809905579258647,2.961518283055348,6.055489289961741,-2.334992282769047,0.6953964671315411,-0.838562733224709,1.4384540181252081,-5.015784759227458,4.157785689533309,-0.950364257041592,-0.8634510530176875,0.9426451318323608,-0.5590151604467906,-2.727600350856605
6900,0.6442788949468614,0.8237912600571207,3.5835100660993646,-4.3756940053805735,0.7422387956810854,-1.4181250114024646,3.5898406120174187,-5.358093778250687,1.1954679660621705,-3.4679948958619597,0.6863908506732121,3.354389245359968,0.08272239700723105,-1.371357835948631,0.36090738391144583,-3.964444162529789,1.2938376901333477,3.5983345274265837,3.874956664532327,1.6551853395154357,-1.0604973428615114,-0.562333282266902,-2.7457637635224685,-1.1615476153996092,2.9651482361949064,4.870551361226546,-5.5059922914349855,-0.43319089342127803,0.012614617694911345,-1.9091310302571198
6901,1.061386806866679,-1.4734556541306745,-4.118275376235474,4.612585494397209,-0.8767738623903856,0.7945325914940522,-1.1677652863700914,-3.5269577667984215,0.9936535625713381,1.10161000362762,-0.6313389718703464,3.230798458839999,0.5392993580381642,4.249129425978538,2.570036790846544,-3.0118502477827516,-2.8190858895991173,-1.5275294374811832,1.9946015651682778,0.9838526909433618,-2.267366938490886,-0.07566994649861858,-0.6485118293097667,0.013094458184919944,0.45047998748388096,3.9611348313847685,-6.030426658975248,1.2231374090423435,0.115493604026355,0.28018082704089053
6902,-2.97565256543497,-0.14973457923338174,6.121186943408958,-2.2197190612565905,0.01856746242385432,-0.7946481999064332,-2.0685762733201223,-5.220321589661953,0.017919326593928808,3.428998990706596,1.2462851906930243,2.5956943549886446,-1.3932021180256982,1.3329401379051369,-0.9728828119963921,0.6518237224313204,2.057486042478015,-1.6761649727922077,-2.6704203712287473,-2.1018188803471904,0.5234884219912068,1.0131441190463661,-2.665465783497231,5.901072494032881,-0.8308928338139481,-0.09614608697181382,3.2753534506629975,1.0781421331724088,-0.7705608772769104,-2.6558957857697703
6903,-1.1430970454607312,1.1113754006151417,6.015148438178617,-3.8293023794819128,-0.2906378851229632,-1.8634865287267086,2.4564815524939085,0.1935095557656652,-0.8329839928058851,0.4422100253829022,1.0529473448783948,-3.3121644857148596,2.403754457391262,-2.2548368012092723,1.4217858954226408,1.1207582851954108,-1.362965191751508,-1.328496645048336,-4.223311024842932,0.20831134576747878,1.930859529671391,-1.2162304455870658,2.867983409260809,0.4323871857275954,3.823119101747988,-0.05094354003193402,-4.64456804333232,-1.0070525619586306,3.1532488341731835,-1.2738037905953323
6904,2.409527073363911,1.1637274792788084,-3.6365118979521185,0.038430667087020254,0.15085247471376784,-0.12602579648996226,0.29144571942376984,-5.013834750126339,-0.0412098108194785,3.157789703121672,0.7289328859475628,0.8768762524529379,1.3224368235553001,-1.8388771537805884,0.2094615717989008,-2.1122362725172223,2.8841017541019696,-0.46488672315815194,-1.3049299917971666,-2.8540504660686405,-1.7804108102861935,1.0999409646194511,-1.8324853495587021,6.671935653088546,2.14014819102162,-4.42471180098296,2.7593521410692823,0.31654485320228254,1.8879721268073268,-2.679305511114583
6905,-3.2879565944757445,4.349286744033819,-3.3655627175907448,3.51818237042837,-0.7430441971888269,-0.4709056052054539,-1.6722639102915338,3.5808159146710494,0.9369407330487425,-3.376878700777361,-0.5006860116473426,1.0320719749966045,-3.9736354307746495,-2.7948189250538604,3.7710122311291627,-3.919173940326779,3.7518189639030055,3.1647971011233516,-1.6367381010880386,0.6641230896715289,1.0736468117089046,-1.1349737167479352,-2.400871257074062,3.434813173526919,4.9925992733207885,-2.1807586610032494,1.0784662931634053,-0.1831615569965983,-0.8023785634218896,-2.9047667850595236
6906,1.6218788483949034,0.23158697253387217,-2.3860225802926536,0.10290613601932819,-0.9254510392996491,1.3551016626455894,3.5427905215690743,-0.4528419312901839,1.1173658130683028,1.6403054129979289,-0.001412613303249266,-5.846207203041761,-0.24051424057601878,2.426111720423208,-3.0873533128492987,2.4603211251904007,0.32144660204609465,-1.8800118942341193,2.738014280056703,-0.8605541578002782,0.4435956777193688,-1.1120853432981717,2.394888677301628,-3.6038591339819313,0.44109042735838244,-1.9125763301607037,2.3039679976782423,-0.4332178149955359,-0.7359315441029626,0.3366672642254951
6907,2.300929921755138,-1.8477219446115853,-1.0017258120404797,-0.3965372753556977,-0.8765187876966942,1.8215738979507279,3.880822608949,-0.866748605938902,0.19328203182424986,3.3917298651500687,-1.068532175393262,-5.530553724591002,-2.9286334854300993,2.5902223890425446,-1.317334364940347,-0.14093827207342358,-0.26251399185071733,2.059197725252325,-4.38667622030664,-1.7571141477327288,2.1825662536209904,-1.1867288490918928,2.731898475846407,2.4160544876611496,-0.8066187294438585,2.3107833511199836,-1.8580469965615585,-0.8004880742528737,1.8409794559729065,-0.6866090068316897
6908,-3.2785484287505042,2.7241573919143676,-5.544308120332964,5.310177184921841,0.2599356613454562,0.5285863109032167,-1.9573997149685702,-0.726350081903604,-0.16343015035616126,-1.8788270397588018,-0.20847627524372925,4.934483262230998,1.7241906893616523,-1.350605916367904,-1.8844992684584199,3.3015170271333005,-0.3703728663029935,-1.4202296653653548,-0.06416095912761577,2.6782190138594544,-2.1990761078740793,0.5482233921655215,1.8762584622751959,-2.8394638013011857,-1.2897963222403277,-0.346863468042919,5.634589701822005,-0.8438646519674275,-2.772416062606153,-0.38164919696227706
6909,0.4575023805147129,-5.708075312942654,-0.8683719096795528,4.743767733232193,0.8466430241721254,0.5285340847045923,-0.7149197819947624,4.282462413012897,1.0559289692422977,-1.3401728669823196,1.2056257926751037,-4.4889245259530774,0.471780600608664,-3.4541794954898037,-3.7843006617102706,1.8822488442195606,3.3617926784688663,1.5226580339032978,0.9544680586534398,3.386281610814329,0.4092168636797844,1.0130165141296947,-2.555064762697608,-3.2079182845823233,-3.1892712679405335,-2.6770240790076443,4.217282075744386,-0.2507377122135521,-1.4352028491189621,3.334953832539213
6910,-1.0697424924664443,1.7620891017385034,-5.564715630803292,5.634400911382187,0.5294056930003057,-1.2914375828498006,-4.8147268651188355,2.3057937771172305,-0.80904320370579,-0.37110425257244195,-0.19679160232072856,3.8858721466007182,0.49835137714231337,-0.6074854766196829,1.4737347025565875,-4.212740552643062,3.378155626136376,-0.5300156765722068,-5.68847857954793,-2.5742871854951392,1.6122456482687717,-0.47956367275337364,1.9422900872754791,5.1877937022495,0.5387783034049995,3.1045350319186618,-4.75839609544186,0.3377234594557388,3.62884419813809,-2.851484897472714
6911,3.086276413322608,-0.7421658983367294,-5.32640285743113,5.588276263903467,-0.8370314764301139,-1.7689524450266347,-1.7663231352448463,-2.046210817272577,0.30227252180303843,0.15639173750859214,0.8460270002215351,2.5078426929844397,3.2156040041435645,1.354915691699631,1.8606985847724005,-2.539720329267757,-1.760099898334646,-2.1313980530128553,0.34204810762618365,-1.6127337110283833,2.7858468536093994,-0.4515322258589265,1.6007593349757538,-2.6643883593267432,0.2306950483651029,-2.7627854442078643,6.039009426242703,-0.04056656748282439,-2.7405983632137403,-0.7257540997004561
6912,2.479108814480238,-1.8993256156156413,-3.2731904616944796,0.19736530683632125,0.4568305246262936,2.039211431368738,5.676899971786437,-4.962629621179321,0.32002435571818477,-3.4142750316671204,0.8594843200848219,1.5204960052572005,0.9299935217290347,2.608667429641752,-1.2975147383858623,0.2631181288627502,0.8210080192669693,-3.3252723611143242,-0.6349039108341721,-1.372352129918898,3.469910553049292,-0.17838535113689513,-0.3087023985257673,-0.9755667626363014,4.371629418615473,-3.7444069805107105,0.4815267976072377,-0.38754679403006875,-1.7854889769030287,1.0642865352240172
6913,2.1321525878951704,2.2843515356831503,-2.2404882681392984,-1.7973305615182014,0.6082415284197529,-0.9869268223391341,1.9064147997915661,1.7277282373678204,-0.18735652270984016,3.2657204405720606,-1.0091149177572887,-5.703392037264109,-3.524067862571208,-1.0498128759489695,2.416499267934835,-1.4204605546865494,1.6066382744799839,1.9712037507922169,-3.0225910883806044,-3.070597179962242,3.9092474562516664,-0.9533539710295162,-1.6809315157860159,4.8182262989039835,3.1621701247683944,-4.4955490257094795,2.0740076568412142,-0.3099801636695565,-2.7210776223166064,2.290429030088948
6914,-2.6033907724454615,4.850338454330313,-2.148048643387053,-0.289545369651389,-0.1766834369421053,0.3673297680971199,-4.405701234986854,2.970526139689472,-0.7173333192287519,-3.1032972074703604,0.8285711945682719,4.427234427428402,-0.9079533497842895,-3.386471963599895,3.272995496137149,-2.2721216918447613,1.961921950524875,1.3316295585672115,4.643792635751783,0.5979642315476443,-2.464593230150509,-0.4387012478023422,0.7571167769372167,-3.0955791662865515,-3.7122634712771294,1.08016380198562,3.0553285024008368,0.5161700248724292,-2.8328977744857404,1.8934989165068963
6915,-0.687236083254291,-4.351743621666522,1.818076483567026,2.6487723548041124,-0.16891372707562757,0.7410445936267251,-0.3072268672929823,-1.1398769492362426,0.4288912396120894,-3.5610725863405666,-0.3461327593747736,4.92541792263264,4.022942927009616,-3.942422292558133,-1.8088445808205194,-1.2433631289109517,2.2482343477156803,0.7234527275646059,-5.663243488185806,0.25292118123218543,2.7199060615999215,0.05413192498381747,1.7194348561073731,0.9168494642597196,-0.1049988265044206,2.725719510725355,-6.0550724376373175,0.8805959481980272,-0.9341694806172285,3.4879252858384646
6916,-0.407839544672818,-2.4801838503797953,-0.34138190638624266,1.6450206294938,0.7833440227680355,0.8010406491784128,4.642750109676761,2.272156588737385,-0.4975318777144633,-2.5695935098819014,1.1069765925073902,-4.954757903325024,0.665067032246089,-4.1388421023327755,1.4852841473969,-2.8492204255006257,4.217659471088709,0.6200518771020018,-4.568662263443212,2.5544722443219605,1.2052153004193507,-0.45356136704539285,-2.808464923337752,4.0710010090822735,-0.35989141806042824,0.3741619546472066,-2.4554161717950684,0.7101738304477649,0.6625963235986365,1.0683754811647717
6917,-0.7998031856917915,-1.5394977225542412,2.987068271302551,-3.0169444765640385,0.5695584620150598,1.7996186514938621,2.654147807979342,-2.6455177697977845,0.8777207936567848,2.163353301786927,0.08829482325482019,-3.1379989568799473,2.516677753397282,-4.1657972423343494,1.4445680552994915,-3.654617807471597,2.637305143623518,1.2218640974859483,3.129521466658307,-2.1140693032796847,-0.7663900621546045,0.7647302577632384,-1.6000626061936138,0.586270247203565,-4.244820096047931,2.3510709908027856,0.5086743118894432,0.7017841735681252,2.6083751133440565,-1.925084493553582
6918,0.31756727865028544,2.7009230825958213,3.611792552975718,-5.531340805167041,-0.8148297630627512,-0.2841123459906143,-3.481011293000961,1.6050184757746493,1.2078558987944295,-1.2623678329767696,0.7296112325578115,1.2008935188509788,2.2160152008113343,-0.33516185482167415,-0.9246425624853636,2.2992015668007717,-2.415370091381087,-0.8400422589236687,3.0492479916572215,-2.116729598575022,1.924481235296021,0.04465682080449085,-0.7004251428336499,-2.20123130635184,2.044229352278318,2.521425973552052,-3.989132266195405,0.8669628533670037,2.229102578524092,-3.6725884915231575
6919,3.304382172049962,4.493850621333994,0.1921919975088997,-4.819410833131251,-0.7960566874835759,-2.3749572702766244,-0.0140813090484464,-1.2524013631366877,0.30916596215922,0.9328504772865127,0.7694811649456224,-0.7450149322061144,0.913547082260262,-2.07776839590046,2.2418803651951507,3.979736573179082,-1.4143319609616558,-3.643063663772086,4.4753911436283005,-3.322624175019879,-2.6916108594830312,0.8013944689815959,0.07474480267372563,0.6627046192164805,2.1156754104955198,-2.6525068242614367,-3.367583306136975,1.0990991472003202,-0.4831179875726459,3.2884335602781505
6920,1.4106026220420276,-5.025553837997606,3.118157096368538,1.2330796098218713,-0.054849359208531734,-0.6814361310249151,0.8932201592668321,0.526034924130169,0.8008885549065523,0.9384924074227179,0.11486399293327931,-3.273500038659442,0.9883066667658227,4.204793190202064,-2.9990792506433355,-2.059258052732579,-3.1317354496484455,2.996972896056782,-3.4014497735579887,1.7905572786508,3.3657822538780557,1.2053251132550855,-1.8748947235401054,-1.085320148688691,4.077578991643001,-2.2651408230456624,-0.7941832770278197,-0.705687610177347,-1.4596504906708017,1.1470832092815328
6921,-3.490558433777476,1.5033176317560688,1.9672535976332703,-1.9564781024242812,0.4012444574866887,1.5752208493270956,-2.910896431575644,1.1883095617526358,-0.16715159141436686,-2.2132139305699994,-0.7922082363137966,4.895160628121296,0.2012554964603055,-0.6045977791358155,-2.2057392120517267,3.1170029288452064,-3.915987271548717,3.4080658374310637,-3.9682100475962834,2.8760741747919703,-2.373121008569756,-0.2832597834374786,0.7166361399484593,3.0318805248602274,4.190695268462342,-0.8982932061094644,-0.47222144555223977,-0.611279902138417,0.2598079675229794,-2.4687086821822604
6922,1.8329009198826611,-0.20241027442621018,2.2039296501966703,-5.3070605105750275,0.09669103212078589,1.3759491828024757,1.935936541471083,-3.1997792447308235,-0.013008577934753518,2.473038322420429,0.10011136054844627,-1.2962984017742691,-3.328816559161657,0.3378352953346031,-2.8969655943200845,3.685789798939151,3.1031697093316097,-0.9010126501233096,-1.177667978313643,0.6690395543856269,3.6557397217335357,-0.3531596289858694,-3.2482227496186216,0.45427108079612566,-4.340779969810098,-2.309316375577467,2.1513716263912457,0.860932024767779,1.7692585510453505,1.8685341431861424
6923,0.2302702385787292,-3.8422424862790336,-2.756692679011266,3.0590791467174974,0.9054649230042546,2.404120856991181,-2.6289790418248877,2.5773084309588725,-1.0887235357300904,0.6687236224598081,0.5146152404533426,-0.04294471631694208,-0.4139660838071535,-2.6528759205663768,2.162888517616885,-3.2564798799595263,0.5723544665052458,3.588078900211219,0.7798710553140964,-0.3239291781928504,-0.7607983224452148,-0.4616739975061934,-1.3280422380813626,2.09457268090868,1.443955227900279,-3.021366217571849,-0.5111637173430807,0.8790213521265207,1.2062067951493063,0.0033465597417858817
6924,-1.368995370303283,3.9845870417997524,-2.0898052165052334,-1.4079123129296285,0.749999525348342,0.13212633259141704,4.384635278291004,3.3922070235373525,-0.9988516063623694,-2.006588928058221,-0.5649340187700771,-4.206467748637575,2.01093512766219,4.168280890150335,0.8535462597006074,-3.5444344424286545,-2.987742804529679,-0.5005850305545181,-3.202227304898038,3.2588908424473004,0.5534833816741198,-0.1050248584542679,-0.27472786721886777,-0.23039419355307444,2.2438671106274235,-0.869484227751844,4.69055092580491,-0.6788720584202688,-3.024105544238486,-2.3619562060188404
6925,0.04029331420762006,-1.2697377930650084,-5.67234013565858,5.6207398848337,0.02213964103486532,1.2589050886487811,-3.950616340443677,4.136518208409569,0.8654113784638868,0.1896145855136524,-0.4687600901059392,-0.7721677418373893,1.3697549893120957,-1.2785917051105287,3.755787372169248,-2.8277971123546415,1.6586738908926897,-2.677827434908565,-2.6213129552564567,-2.355215744115668,1.611033683695041,-1.213843857890264,2.7311668294907054,1.8481720440738094,1.7714121396389153,-1.0612764009826066,4.927403305855865,0.8076454026026898,-3.134986325046901,-3.310198122065085
6926,2.204497174579206,5.474456427540403,-3.3545927552780412,-1.3347917744927784,-0.8962149841792206,-2.0933540881681907,2.123163402455436,5.616050857769867,0.31342381212803705,-3.4820926925614657,0.9944609622542622,-5.565006342046079,0.2177523753885673,1.3060889112469418,0.7810516988271274,2.9851322650351975,-2.145140829545353,-3.144884420952188,-5.267083353634785,-0.07498743260113372,-1.0099927853846502,1.157724504187489,-0.31742059132861655,5.511759658758898,-4.085053238194687,-2.4375594555198745,5.800138260493966,0.5013888938040827,0.974732299481456,-0.7536467600620895
6927,-2.2050865729085576,-1.0245116188033876,-3.285085241744053,4.388449420131476,0.10667734445313037,2.0195566688727826,0.6717960189223078,-2.0827196203801748,0.25675716403863547,-1.201275961210726,0.7223363874024953,1.6331060112275253,0.7294601040262627,-0.017125693232276973,-2.561162282586425,-3.5722374136289883,3.4751170467201575,1.9459482387015647,-2.097124638036661,-1.1270185079424024,1.5026080957684655,0.24243076828910048,-0.1479269161910839,1.627031198109794,-3.8071207995094625,3.253317247770063,2.236514002887322,-0.4289790477979869,2.4201343654461027,-3.6738657687931973
6928,2.16299381407007,4.107155055803041,-2.965885548193551,-5.874165918263628,0.15438331303129305,2.415519283554179,-3.368950725895669,-3.2621755398193315,0.7746014191824973,1.537592315340401,-1.1489013357490676,5.467833866941248,-0.5059870732650147,-1.1752256478595058,2.2462311084321804,-0.14362178998600328,-3.282135765719362,2.8607391683979806,-0.6274515307555859,0.6383241064310159,-2.460587203222804,-0.5824902141097681,-2.0797411950969735,5.111946036751313,1.4569801480727307,-1.9092136287721893,0.3219191785086828,1.2176253501002634,0.6540409196447055,-1.7413519675513367
6929,-0.49358765659003545,0.38007225650331833,-3.5947327120769295,4.622769259503411,0.33350990568854355,-1.2480310530268728,-4.936920834426186,3.3492667864639465,-0.6282697132554844,-1.0659181519244392,-0.3262311161098541,3.608073029252086,-3.962703682986504,1.298425941681181,0.8817295664464062,-0.2585945426248628,3.6389033097610906,-1.5977605922770426,-1.4285077346057342,2.350540963428024,-1.3618954325650439,-0.14648795916250013,2.277825862144793,-1.6914756992423357,3.292953621671746,3.744145635069394,-0.29228905273519246,0.13907730692692066,-3.149313600283538,-3.7345739106464695
6930,-0.3272985849391574,4.701246680637993,-6.160388457688004,1.7340185982753091,0.24336940828015363,-0.19094764456484192,5.534428770948665,0.8497810235032865,0.356503994316026,-3.6251408023506126,-0.4403622407181942,-2.6752107456991254,1.0899411199626314,0.08357494063229964,-1.2382184472064193,-0.6370439287907494,1.6742861369681101,-0.9725398215656025,-3.050081573007116,1.3754406305623839,-0.7644195830851803,0.5540383735359011,1.3215018849914486,0.5635202669997845,-2.4321205152619108,2.9638010850910526,3.0628639854338537,0.7367958821357883,-0.7025196844351314,-3.6288207529607934
6931,0.1193259168101708,-2.8757740351615446,-2.3190160050337667,3.1705628977899174,0.479507336424267,1.425393889172426,-5.710485739756297,4.087743514718827,-0.2630862733073478,0.6087550061497318,0.46852137638407587,0.8085521158110645,-4.125767954672545,2.266844848852685,0.9235650236680151,-0.1924679710221966,-2.498673924890607,3.626499978064885,1.073079072378757,-3.1789311514753926,-1.7339732264595167,1.0185754360508996,2.586862703724101,0.23438716577837937,3.6028255334941477,0.3957130980323029,-6.211899615030479,1.0300221541690844,2.8722548358708195,-1.688916006533013
6932,2.465363045724729,-4.197624960533631,2.0968849214019123,-2.135221729830217,-0.04093827517089332,1.8115369984095526,1.4833960044818681,-4.716884608441301,1.1143238052056468,-3.189747652128977,-0.6665042372299101,5.975416688112709,0.6424231587213072,-0.9446342066505871,2.8530966784061214,2.242111788618846,-3.2820751823776035,-1.5109222367178727,-4.364665182895166,1.1502879277401181,2.5021554833407507,-0.5971709292608498,1.9100641491945325,-0.6006714481221813,1.505905292353134,-3.6709116243392863,4.268575924528204,0.15110511290231887,-0.7415560205758904,-1.5131186848656082
6933,-1.3876674847934307,-2.045596586693879,5.167773716555782,-3.889668452918947,0.5996453591706836,1.5555134486812427,1.5616581912537306,-0.02360205848696495,1.0411639961752517,0.3788697701739565,0.05427322355358477,-3.012363122669541,-2.3389557187927306,3.8091889234799154,1.1757078276970745,-2.5952091020424213,-1.069993002344546,1.019261072002923,-0.8103130292483733,-2.0126677198034866,-2.637488038905392,0.9188905299644459,2.0448843549749665,2.496693903015018,-0.19136599228072626,1.856309623778838,-0.6025052238867552,-0.02629199547004646,0.871921049627133,-1.9080674617655653
6934,2.595113045592761,0.3696726148509448,0.44499660780932615,-5.6295934999092765,-0.07495878150440216,2.2947700131620934,-4.1317061762883505,-1.526493942299357,0.4955044470378587,2.348586456078383,-1.0002158817945168,3.814325097266007,2.597484820304672,0.3891399258995669,1.0399880263708887,-4.108679028133714,1.0808646286291541,-0.9987983730703416,-4.439505662976945,-1.1909846621495976,3.973042027599444,0.9624970129243282,-0.9676439023437311,1.662595186943669,0.9779412883599825,2.739645775795921,-4.404224359769248,1.1558939078232315,3.2659363997510553,-3.7351930119581045
6935,0.8450447778172627,-4.241406144630076,-0.4655540554843398,2.552127401050516,0.634125363288176,0.6756626579599061,-1.4217798953973286,-3.9769897508528445,-0.9214597324020399,1.8707156054682876,0.2262778281106419,4.223235945073327,-1.7222633350537073,-1.0281653863228204,-1.0699667228313832,0.37081030508579005,0.964384963130918,2.4852001759914515,-3.1090615491300113,2.627199807807802,-1.2014161935048904,1.2374190176484703,2.7560651830947407,-2.3102062659189926,-3.3787997311003046,-2.6894846623955964,4.132489400948266,0.570184037829172,0.9455308818854178,0.4200800728358658
6936,1.4338512137201889,2.2918872843035913,0.8392676734665194,-6.04823392767927,0.38350854903102993,1.0997192071594153,-1.1755577332215381,0.25478268582417485,0.3715010021832672,-2.3910668699151554,0.47770515815117687,2.46263575697807,3.6659710698682098,3.5009247021225853,-1.5800592305707646,-1.0104724709195274,-1.2234686429772275,-3.3528954275230376,-5.587886842302279,3.2352239480485068,2.1391849862137917,-1.0591380470992062,0.9242725783992078,0.348343376737116,-3.2831891460793408,1.6202060224407155,2.931222508182188,-1.0244243743073054,-0.2949487349689015,0.05113372473549127
6937,3.0552653303598873,-5.131224391004441,-1.4346162822755026,2.5330297518975975,-0.19713230525901015,1.174677896282942,0.37475037472617245,1.905627091626375,-0.584560838805289,3.0909020315075253,-0.3672921161942284,-4.41942654286056,1.293135429853276,-0.05299043575363882,-3.8347719926335877,1.5937629045493757,-1.0153596961380789,2.0162237901228757,2.293573756750529,2.8513183731846894,-1.2120770125567244,-0.2833980091570716,1.0774481113446015,-4.726865219568893,-3.298906208216785,1.76057207042604,4.6843070504183615,0.4957016852081715,-2.335953936186044,-1.3057206616469212
6938,3.10239521837946,-4.652343622742411,-3.98901457079846,2.7317023731759136,0.44314764979332866,2.364112952193693,-3.964354476817686,5.062393131366331,-0.9611018306422281,1.2143346483693556,-1.0534741194467285,-0.29779735282903985,-2.0783470850810133,-1.3961718606680655,-3.033081628906711,3.3213842451837507,1.4090916705479266,1.77712465892429,-3.0749670135202116,-1.5721303231690715,-1.8406289467848715,0.034380886845209346,1.4560381680398518,4.997307228586209,-4.57142815595973,-1.661190195954525,1.7051365598901072,0.5791743914052061,2.0242632897004,1.9240441109213862
6939,-0.7684100598473087,1.9987181508011282,-6.05262878266295,4.857821987857047,-0.336722507031896,0.3012212108854886,4.1370814193045184,-5.434527704987332,-0.8976352419300015,0.4740799610082167,0.2260598957744815,1.4949416708300802,3.660341690076855,-3.4680798628535765,3.0865596478631687,-1.5664808284870908,0.9751464604929865,-2.687487107092151,4.85735362652586,2.6250222227292355,1.212406796183405,-0.7772718215276511,-3.0109740565808814,-4.906536767332852,0.11802576745204263,-2.9172606290710767,-4.534491323454361,0.6992983441692582,2.997123715780333,3.6373041251266223
6940,0.10932604592065154,5.051611543335714,-1.4993564744470191,-1.4526022841399993,0.11257467031166213,-2.3215535009795385,5.617054769691009,1.1483090156105362,0.6044847566358875,-3.195808303377987,0.20762707060594465,-4.381667309165444,-2.882899499191323,-2.1217212456531502,-1.3513253289450553,2.3847109444750103,1.7788367382495167,2.1923983910652254,-3.0464857448107345,-0.2445101037130435,-2.7139718825304495,-0.8212964266125855,2.3827741372103493,4.443490020453545,-0.946569080595264,-1.0015494362279895,4.0849803162205305,-1.2321408000133225,-1.68888862863707,0.7841676292559452
6941,1.9995044257772285,1.1911975469790015,-1.981223347855888,-3.636712940989156,0.46388580262411816,1.9633485134661495,-2.7880536545766894,2.20336168070747,-0.6692156435065053,1.0618275709662228,-0.2201060720965149,0.4121861185059572,-2.5913491390171473,-0.5781993869974258,-4.159412911316336,4.16158128112167,0.09935804139583126,3.068022114813651,-4.655682088645111,-2.4900775708006044,-1.0728674798373241,1.2449544161614599,2.5017495518452275,4.471923171273435,2.438895711079155,-4.935264687592893,4.383023228465582,-0.4184509773138929,0.17519124905986416,-1.6433945236949707
6942,2.318131371142595,5.512524383969776,-5.773446679130647,-4.048994893884117,-0.23806649006061043,2.2298523079644372,-1.4167720152229144,-0.31843364231333027,0.4366091654566908,-2.2565415598163465,-1.0453601900355713,4.600498241931408,1.7536494820991138,0.13139810252526019,-2.527194077457265,-0.5248270975977611,0.9222045945445245,0.24476899588634282,3.0404325789179936,1.366470736408571,-1.2045256601443146,-0.45451458905929165,-0.09938956760523787,-2.64847349852063,-2.3777952762303833,-4.870494803350658,1.4053976170942164,-0.3354617084918017,2.8401887135791277,3.3381654574023365
6943,3.6431858069961685,-4.237532403442678,1.1618218094247617,-1.163099282482051,-0.6506740094843495,1.2462980789896,5.528912952847865,-4.108596362793332,-1.0989065740269304,3.0521846646514668,0.07011941588803694,-3.443714096567188,-1.9226837852711167,-0.33041184325934836,1.7102090297092403,-2.377042077692236,2.180472920062833,0.7394557564508517,1.1333616296813815,-2.610137577296399,-1.5134217903746752,0.09920455722224553,2.940721111544386,-0.049727930779834395,3.456307142492694,-2.9963080110428493,2.9243278674747586,0.4190427244777313,-2.944799068448674,-0.858570654950805
6944,1.7357635631727923,-1.1345039203055869,-0.7454529439562627,1.1946020906468604,0.9668558852426772,-2.017264674799037,2.8110124696353402,1.095341039534123,0.9410651003847512,-0.6605600033196097,1.1458861672627805,-5.332744773497474,-1.3201587243633721,0.23184339858180536,-0.7145251094427749,-0.7329547779846024,0.803809505785992,1.7319857074231813,-2.82929729778985,-0.06009765867479189,-2.5290569205130886,-0.46718913703007203,1.0332891853309238,4.852351828673942,-4.992730996468497,0.39727314266931657,6.087346280000165,-0.8794774208279543,-2.9519345049230754,2.3395234995528895
6945,-0.7065278062115148,-2.6974647982451465,3.0474610356962017,0.9694216387246009,-0.8481695249959675,0.23527945503328418,-3.379182087711442,-0.3016787520686677,-0.12577537913509573,3.7303546317355405,1.1352297777180134,-1.0589481905384446,1.5365024517894241,-2.868960255111748,3.025021510499929,-0.266620354652364,-1.6642552121721614,0.2383118596471494,3.1373516347271746,2.517127375217587,-3.384038130232268,1.1877954743191896,0.6739303400077308,-4.132166694042361,1.0186981869494751,2.1142428949948666,2.3801109548319737,-1.0890303855698855,-2.5721825843588224,-1.851839066844775
6946,3.4908610397278252,2.6795047321299137,-0.6964190987414938,-4.193601688898045,-0.23897825395787553,-1.0413667302588383,4.1246793761314535,6.226490676620742,-0.19879193427544095,-3.092494024897647,-1.0731892880629754,-5.986694805516208,-2.450978456189098,0.8985317150996188,1.066961566657021,-1.653499380426119,2.383882989102805,-0.2448984342439875,0.6363192221375726,-2.313152936651848,2.629436958215411,-0.4157334702780071,-1.5798249568888458,1.0429551834627802,4.180107623064103,4.238817898603767,-6.076497542091481,-1.057752077970549,-0.27912920032032495,-1.005546701282654
6947,3.4283916891280235,-5.54215671595113,2.823372664145168,0.5191411732256519,0.7462000718621438,-1.9749488824084036,5.71197684041033,-0.11670616166032133,-0.4526811630825893,-1.1803216947300648,1.233001294971686,-5.195269115909092,-2.1011309015006336,-2.0460166646425435,0.6108806569367715,3.168521467063595,-2.6519203569853698,3.019665799128422,-3.521560586081417,1.24022600702728,-0.5319601434782939,-0.15819032398373523,0.10538355579461545,2.8661014907186626,3.185219172595886,-2.855997598194321,-2.3335050399381636,0.4788515559551243,-1.610352259151604,3.1357841687359453
6948,-0.5036652085912827,4.800994898037644,-5.244298754286579,-0.16822551360658977,0.4682871780860056,0.6469074003622399,2.2604188089045145,0.8748373108044198,0.36060885552850674,-1.0636413185189646,-0.19940715535513398,-2.232816501363402,-4.226117308043337,1.8297776756745066,-1.8566303793788546,4.215955827716982,0.46951641770391106,-0.432502233672988,0.1389487982980242,-1.1884424077533904,3.170455681450882,0.62631022559159,1.0968784901438902,-3.8441507877338594,1.7602215734940714,3.176001728944012,-2.858756409251871,-0.12741916269789755,-3.2762005001511536,1.3261527696656827
6949,1.6079222489588574,3.9749171230198925,-2.486193611234782,-3.404928954784058,0.4798081562688372,-0.17152496222731095,2.6277601773144674,-0.9867992048142575,0.4152965603125658,-2.2351238711941335,-0.20916243788398337,0.3880287762652799,2.7692418916870487,2.620323466684077,2.1394285134993503,-2.914601974916078,-2.2730705079009006,-2.3413213890532916,-1.957377239660449,3.16015678205806,-3.2861081833310024,0.5305764874097143,3.2101498436941185,-1.6573976901733012,1.212770032105965,1.9825456751416866,-4.192613295920761,-0.8604062810266617,-0.2630014805041654,2.120705350206773
6950,-1.2798821046461342,2.2158937497635094,-0.19171026665650714,-1.6686374652946654,0.5686679998797559,0.3556680869554665,-0.21675672729154982,5.829339304608698,-1.2039499924233836,-2.2530153973333906,-0.9212464200348895,-1.234370767525533,1.8905528918731207,-3.2159352115388646,-3.3705910188848627,4.163202025086591,1.9986578266016437,-1.4658865131374341,3.688220376758437,-2.240562238127053,3.870787823954686,1.111327440360693,-0.4704879286458663,-5.959285474303758,2.188238313133443,1.9482313819055719,-2.4741548620343785,0.6121997040516431,-0.050367904260649965,-2.2241466327928023
6951,1.1857181675233086,-4.842036503233828,5.414748095082274,0.7529465286246797,-0.625472566088449,-1.8859037219065318,0.34622383711344895,0.2294697094241549,0.22319513674198088,0.09109193851516117,-0.1742406052203762,-0.7157400165744576,2.648064238414193,0.41551239610233637,-2.507153156323213,2.6441751878401867,-0.16675337726845996,-3.0338452887648586,0.27491191638070944,0.45455561991808935,-2.168975925602883,1.2361475725147892,1.1598634417588851,-0.9565026249724617,-0.12507518647361238,-1.6712493480869348,2.527344764165857,-1.0106936777915747,-0.9447633571789353,1.2244368053680148
6952,-2.637975034355618,-1.6419337974286385,-3.461620361971182,4.5625124714683984,0.7596255692357898,2.41939115305272,6.047116673344963,0.0064844977007396665,0.6455182037601821,-1.125634626753543,-0.8955011286894932,-4.67798361936293,-3.6452265226676506,-0.9008112471078498,1.344544210550037,2.6332064695169706,2.1657298167866728,-1.597442727077988,1.747094411091819,0.9106457163452486,-2.483688485657982,-0.6755726187513504,-2.711993684157198,3.213514661126599,2.1571584111039996,4.222299479325354,-3.4452693724460843,1.243852762683419,-1.4459210846865158,-2.732120195977364
6953,-1.6280712265351749,-3.5081932815424146,3.5619394808164913,-0.3338631198872726,-0.21477930545484503,2.1229674526046836,-2.323862993803921,-0.7227273849217752,1.2364746724653166,-3.659428016593232,0.8345761194796406,4.634967603373877,2.009944126410261,-1.081999539682485,0.46506539607875297,-3.441360921976967,0.49431396539262096,1.5540369737780004,5.611432087102031,-0.19969261910679492,1.3414761694826822,-0.5447376459313649,-1.453195037977018,-4.755282953572404,0.28503895533944856,-4.043701710599127,4.623353391192634,-1.2425699026231483,3.372942442925968,-2.995063176232966
6954,0.5240623604870347,3.4331983656222853,-0.8683273641063884,-1.2502024624686428,0.4471843902272754,-2.2859152897600916,0.11291213775344033,-1.5545646530551878,0.04700612430780993,-1.993172687462323,-1.0779874964610534,4.465806574917234,-0.7255281398714963,-2.6628744589048914,-1.3215199732407505,-0.6730975715714287,2.830713150384973,2.552306993203789,0.7329623427944192,-2.4195689829424722,0.8866979318383699,-0.24962713832345074,-0.8442466719935009,1.8937825186237163,-1.1864808489457594,-2.2861319644067457,5.879374158575025,-1.124191088479686,1.1166324653624145,-2.3992027221024355
6955,1.8211246920481265,-0.30750844944535416,2.8876679490106305,-4.4099005432886,0.8114927805267254,-0.8028764288500501,3.693687348952288,2.6193295173017077,0.572433268493814,-1.3825716708352935,0.42194853975958857,-5.924827003672181,3.652004445616342,2.765900595877575,-4.112161222467549,-3.9757357259159445,1.8810074840885846,-0.21101557719881114,-0.7655207398049164,3.4707171516107422,2.023758589828489,-1.065935560265849,2.4442754633330104,-6.107294904704396,-4.269056280615278,-3.9535601136696563,5.210255584568053,0.08474751492749988,3.692232829388903,-0.7646195345967719
6956,-3.2854646058119563,1.389018329148307,2.0264212567826903,-2.582150847457381,0.23270469638224345,2.2194711709575508,0.3753267792951718,1.614624522603858,0.17777098865324792,2.163859406317197,1.190158300107508,-5.5217399969770575,-1.786797491021506,1.4313886259402153,-2.053159086151082,3.2889245782774346,2.645096247367153,-3.5254528744119664,3.2713943433438253,-0.9770635520786364,1.2370078603567585,1.058148545904979,-0.11573780196815697,-4.473749395561708,-0.06678657676293298,1.1388304835270482,-1.0124922497300481,0.9893715661418092,-2.6193900596631607,1.570466836490052
6957,2.199495462337797,5.312460237004167,-1.8366707352494736,-5.439365483511704,-0.8240072911122291,0.5880878105328833,3.054130569190537,-2.621168568919355,0.47362617468827395,3.1197324607508854,-0.07681705960773133,-3.949503576102721,-1.7585391501767447,-1.1967693287316887,0.34393288366933916,1.2255210590834658,-1.175405711275463,2.5612602474313704,-0.15092729885874334,2.3367607155411783,1.0886021474564664,-0.2115875363170927,-0.4593114952662365,-2.6035365325585254,-4.727376076281642,4.689753064916424,5.986488078477102,0.6893848981779396,-2.9946442137417417,-3.643605751545312
6958,3.438506365896309,-1.7846661710324376,1.62798522445906,-4.7580963405631636,-0.3756570891681359,1.8519280104097824,-1.4090079956509562,-4.837180241054362,-0.858357000815789,3.341250795560569,0.4837522347294394,3.2795422072309997,0.3052303276173589,-3.7489917430925264,3.151377181659541,-3.702097638063842,3.9811027201326326,0.013379151747129114,4.414282269716892,-3.1198067069170623,1.2714402283638258,0.15325317510807768,0.4040370220101046,-3.1232059882847985,3.803327887513081,-3.8262828619255416,2.530703416805636,0.7456419758068771,-3.357785458409488,0.1043950402121876
6959,-3.1101916759628647,2.2705698437009474,0.1941323463337632,1.0162187816891404,0.9334100955885942,-1.3041393913481851,1.8757365785655544,-0.8150106545569038,-0.7044544333444431,-1.4971081183739567,1.1925347863851972,-0.05169815867553851,-1.1044178066906536,1.3380189834070748,0.23094569735754789,-2.8507727261527354,0.6599174177793898,1.72630843429965,-5.613701785835836,1.3525817780819125,-0.6801466058911974,0.07112729305045029,3.0567145126084228,1.8134248079832602,3.6614941133255954,0.5246314791155662,0.8890053007903376,-0.1099365178035221,-2.346670473723904,-2.6185239017013053
6960,1.4565391454200594,-5.631192593527203,1.6722385270143185,0.5344412423216625,0.8167205882775348,1.1512530904950466,-2.2815801145474275,5.012178533037428,-1.0214327734352002,-2.747606339622413,-0.47705545739114896,1.515496151958672,0.556756258522281,1.5045837159300177,-1.487051030366775,-0.6751031600197557,-3.290178458944526,3.3909926748790262,-3.9322065917585363,-2.442852616146199,-0.6707561185660325,0.5896280878458784,1.5925641498631595,4.863623088758732,-1.699528571277213,-4.234232050576933,2.9551792486870205,0.14804664998652584,1.0501696253664043,1.7803650978169436
6961,1.6738494890829223,-3.3371433643334427,4.266354553002415,-5.176833185912894,0.8316052146283979,1.7421672935340116,-3.742534205254959,1.7996742853393641,0.05591961021913594,3.3663655449821057,-1.0989720692345228,-0.38045316605120405,-1.3045982369472178,0.8071038490897386,1.3116035578908019,-1.0702719752799013,-0.24011675511158614,0.4962795603584613,-0.6613759676984081,-1.047855065336952,2.8201487310394597,-0.8508648020333016,0.4667919435596488,-0.7268448395334417,1.2339441454914066,4.499674312616914,-4.885221298099765,-1.1566501895237553,-1.5208066232427555,1.8290596527607015
6962,2.987685972269375,1.4065558116340924,-0.4873816737975183,-5.903328219133396,0.9663117769274701,1.030156332101388,-4.974925999953545,-2.3659309726731266,-0.6085377052386747,3.4284379639913247,0.34127011640605787,4.179686597467857,-3.1512915108378614,1.9301425972246982,1.8133335364422578,-2.272714500531311,1.1953688413399242,0.48516103636261043,-5.905303269934944,0.5191111467705944,0.2159992858870723,-0.26156727620098064,3.1239927517771875,2.307767361698076,3.191525805252919,0.4709422728401691,-2.480344978652269,0.5601479167973258,1.463039180040596,-3.2053101962760078
6963,-2.4033287091992754,2.10678095143491,-0.9550373267267354,0.11885489761192858,-0.3159512509447424,1.4486814378253001,5.356321522872701,-4.817095342206532,-0.813639333637104,1.4802470015231037,-1.2183650683667917,0.012531219814508887,2.7408605270264026,-4.090483067580411,2.6267421553559984,-2.8155482668214304,1.655769827647493,-0.11734117562774138,4.2263442915564156,1.633825310024486,1.452142398402028,0.4313824391676073,-1.5032621186333568,-6.240432320520217,-2.552878697165415,-0.8514840861757591,5.024591661863841,0.49416616166394434,-1.3207914263762088,-0.7936036138077007
6964,-0.01633725237033623,1.8984072331099924,-4.924510950626004,2.009229913459304,0.6748933593261004,0.35831769710233985,-0.16150521957334263,-0.4955840312124984,-0.6052736607376783,-1.1121967322454154,0.9771730154825464,1.3973866282862808,-2.667528712606991,2.338895129080342,0.5320179023428366,3.50540318533114,-3.7807458119911033,0.07195830784409196,-5.078736323579307,0.6942068221956248,0.0065802469229474525,1.0250277201387226,-0.955641843645493,4.308563377964479,-0.122986192916958,2.127604309517686,-4.062508066352695,0.7782231747533155,0.6977290546233643,0.5819377203779723
6965,-2.068780149638904,3.126853474913844,1.8420018234269442,-3.9003944773638395,0.6241890830353314,0.3761302456280191,-2.068385710592228,-2.2582168772690387,0.4287047531543893,1.456002128553905,-0.7245176177264181,3.1664133238792758,-1.4990553131030016,-1.6814093550482845,3.6110235987245787,-3.0897679910747815,0.2727193580960616,2.3864897024057576,-1.0723624966056278,-0.5667694055453794,1.1602055901325556,1.2485112148966024,-0.4022388930285157,-0.367346009852632,-3.619788268548856,0.6377660578647486,4.637041770156124,0.11459164853484083,-0.554732802454172,-1.214878405549987
6966,-0.36514901537091937,1.5511291430272713,-1.1887262483902497,0.2993113282655244,0.9401122979445411,-1.236677505474784,-3.6119163776095604,-0.578164486380853,0.7028551624360722,-0.5283215229886444,-0.6675379285515248,4.683085153094396,0.3968976995822757,0.8835053742628105,1.7299174163813724,0.1579301275765843,-0.7574243258667082,-2.4108262919360293,-4.665234312334427,3.2937962557487346,1.5964349995428861,0.8874349123829992,3.1382106676364856,-4.250642522979714,-1.9448121344910483,-1.5703506129211426,5.860554438305133,0.7903573138201612,-2.585141283427248,-0.5506077212831268
6967,-1.5141104244128343,2.4207904642620974,-4.147744809999626,1.9981018485093252,0.827975299428763,0.4149876222136406,2.1791217239571274,-0.8107448943245821,0.892622462871846,-0.9177475433818927,0.7735345066837924,-2.1167862558064066,1.193494813889945,-3.9219871223100924,0.6174539777670596,2.652329944187322,1.7804353126642525,-2.321726926198197,0.9214826229759545,0.6814907861582213,1.3353982438330796,0.7291685367301044,-0.039105865281483077,-3.6284343244188975,-3.410370481482502,4.731557986993405,-0.43366490464183727,1.2475439993024349,1.2908185566882864,-3.425885156857076
6968,2.05219493402765,-4.204227989270759,0.4395424500537004,-0.9518793504885927,0.7648226518658907,1.8995473038135113,-0.323560122118149,0.84786913516594,0.44781465403047527,-0.845114871765654,-0.7894820750646501,0.6624732797518966,0.874620617106654,0.5492274409826443,1.716397663301965,0.3217099112337998,-1.5956691143840196,-1.86628651824077,0.26448455927959813,1.2425960383993697,-3.563220924223824,-0.18840351848128822,-0.5548075957900664,2.7993514408131865,-1.3162191038357633,1.3831972850840728,-2.8138155239877136,-0.15302475137313465,3.701682967606434,-0.8018208734912058
6969,0.41735975578390594,-2.6110156622845793,-0.7574425124871347,4.828474194475788,0.27888631118773866,-2.1562620866743485,-2.532374015278659,3.7232200877612023,-0.10605856659771007,-0.9768323876297629,-0.7713747346403164,0.6634196163850881,-4.203170901767956,3.2901962840961403,3.2456600577409063,0.5512777216792273,-2.663455320134476,-0.22050784161360149,0.8764325575495349,1.6573458143064634,-0.49645188475375335,0.9513926432031177,1.4688127653257244,-4.4575318956341015,4.265485114368772,1.7688025830620973,0.4010738340610196,0.2875946876006754,-3.0498384812876385,-3.6731177378022544
6970,-2.961762335936216,-1.7902169081985129,1.653070878880289,0.8036018657874813,0.7707723830247306,1.5245341164436272,1.1133109295273051,-3.157320942713369,0.9495559251430077,3.1200655181736714,0.6445693183375916,-2.6701807484683506,-0.18313558659323093,-2.1468571213112053,1.4065864189039665,3.4647553561223745,0.16704758548241827,-2.7083966526040832,-1.3423565241584292,-2.2206357021644276,1.7883717715461458,-1.015304759258493,0.5608759579620788,2.229049256070123,-1.9198777971278886,-4.3309328545579255,4.374352355762966,-0.05811730433380369,1.110919582507318,0.8236560177520005
6971,-2.418686891916625,1.4259888842245587,4.149339709101945,-5.408747025408367,0.48427648692105096,1.7678288370788238,2.338253730468278,3.905123560927297,-1.2430513118096727,-1.1961793302759016,1.2406369892027032,-5.044783638512879,-2.172622056888237,2.6499974520595657,3.924239220224745,-3.8808892947052733,2.082373913158083,-2.603099233848596,-0.7348736506489786,2.1276986039811625,3.791106896023681,0.10075273675222096,-2.532981531054727,-2.751703055056346,3.700444757509686,1.4706027310191132,-4.032982596451578,0.05123492473347202,-0.04358671183541496,-1.1457131049725966
6972,2.2236961621313256,-4.8468451483937685,2.519200110159968,0.7295737078132234,0.8323801591137192,-1.4580049908231203,4.9591983696362725,-2.9041433096762184,-0.1957373153659585,-2.7756443918579112,-0.4198149243751885,1.3361415716388265,1.216127819172634,-0.5138589087238152,-1.3841991023130351,-3.576743111335656,1.7140774830810805,2.544595820119074,-0.6123473749836634,0.1279632337568195,2.2843584714414504,-0.8200333861605804,-3.0403313866217108,2.0603904425646924,2.126567399313295,3.845067583821791,-2.146400855219227,0.543138896319177,-3.748431442568968,-0.619941581663344
6973,3.52968932758035,4.583211432759477,-3.425244860098566,-2.369351828270325,-0.724101867623963,-1.5942022043456028,-2.4290654854589633,3.8431318449085623,0.5514985917780582,2.7724273658595138,-0.9796388284870217,-3.758353488600342,2.090883463164573,0.7296861756958251,-1.2055249902022585,-2.2167241718262414,0.6541184932379771,-0.05243897006959486,4.438048093595416,2.865668325440243,-3.037643537725719,0.1701732085951706,-2.5764106650895915,-1.8598354248185451,4.1253314466413435,-2.6012073980142247,-3.0939470987386386,0.6743066916923182,-1.8835202128971407,2.779036571319022
6974,-0.16106238124544348,4.498781061195739,-4.600601766428859,-1.7270643099402498,0.5451194466186617,1.4448279498015246,4.303692984440691,-5.440619256493989,-0.8644836410123418,1.8826252879686614,1.1594428962400523,-1.040658271143279,-0.22034494470681665,-3.750504868213625,1.962357680602814,1.7700392149644806,2.493545732742092,-2.255092815388652,3.0319359641019723,3.1014142932041544,-3.9274415645719714,0.07592276631619033,-1.2004009854887823,-1.0814304735646125,-2.768050557095833,1.2850719273722468,1.6680924699028914,-0.5737180341554904,1.487818718325979,-1.0992145243471345
6975,1.29063818238145,3.8418407529454264,-5.241123566296498,-0.035207681558926396,0.6748071869859524,-0.5309548744560537,-2.2821985648869934,2.7155215814392086,-0.9749375030244378,2.0839966110206163,-0.24725501137299322,-1.295127113175596,3.9549062197260056,-0.24745933647489693,-1.2730765926298702,1.232309538125989,-4.1736119077994385,0.5069320790524952,-1.7855680122490298,0.6000456276282193,1.51737482174806,0.7689175752719333,3.105643655367178,-4.2064136677694215,-1.8921416586311501,0.9185002758742478,-1.398982948374364,-0.35661791347908256,0.17545642124416005,2.5537858233688517
6976,-1.3760792191229125,-2.64061084757828,5.155403115447303,-2.4070817468130983,-0.45854803920797704,1.7269167372763246,-1.3180802319307787,1.7276686303184583,-1.129421873390092,2.221343090388398,-0.8289889216894126,-0.6725206936967858,0.9945709001460266,-1.5751792344401014,-1.2069757339639278,1.0929667915707597,-2.3505174646329543,3.0451347413204815,-4.268595774888492,-3.400158795546247,0.5990350907538726,0.6171228522948766,1.273714994044182,5.178881633338776,4.882289024614881,-4.518305087510644,-1.307564779653081,0.8610784355905521,-3.2458054658853097,3.3283078728462847
6977,-0.7026082657404515,3.323402973046555,-2.982140067262229,-2.476155013930441,0.6740393558921176,2.163461017995811,-4.399957531582952,3.8768557442802276,-1.2202487279812688,-1.3977171988659904,0.9691125217471486,2.1719551924026312,2.2038223564373993,-3.067233012758095,1.7077662010964971,1.277602617446263,-3.934425059139709,1.8124668969179325,-1.665001587632922,-1.822897932551692,-0.39466548034106275,-0.5568026388663334,1.482116307960574,2.9572513314284237,4.624566101589107,-3.4205315476767133,-2.399504421372203,0.7300503559168758,-0.31759013168396066,0.7830096432295797
6978,-0.8856458439130872,-2.1156378077430134,3.194161833240674,0.12909156250865905,-0.09005783331490314,-0.23191191077700957,-5.041370002344866,4.401168397867352,-0.07382719336807497,0.7361789916503465,0.6353015584526833,-0.6574517522576393,3.8374447214553804,-2.749524311428422,-3.9468579331115166,1.1513584451332086,-1.0004225366154884,2.7080016145670847,2.8686225016034967,-0.532927567996559,-2.3116964045185906,-0.05834315189474637,-1.723291831801724,1.7576364546051053,4.034270674365722,4.316072093372931,-5.978335269111408,0.5636203798522192,-0.11000181737479053,-2.8256260611019908
6979,0.35630665667949657,3.448064615011546,-4.853528081385722,-0.5120057613932438,-0.18888177717755616,1.7500443482668118,3.981032671333093,1.2127914812343157,0.027209434260122123,-0.30996051553144355,0.77640844225433,-5.687481513550612,-2.3897926604679114,0.25354308511778356,1.654108743682709,0.47518661992221567,-1.3138001692841001,1.3207543810295377,3.0543726466995764,2.3826226020665366,-2.1331649393352095,1.1175725555140223,-2.1703414135214434,-2.251061451426505,-4.311877482374264,0.9856066434356237,2.1271681364504786,0.38351020526590496,3.1648622174881993,-2.3492697202632282
6980,-1.8110665290295636,1.2987539843838505,-3.56126537107588,4.662457757803335,0.1674383933704915,-0.7563182354508999,3.376775419284975,-2.486740432615864,-0.8773542816446245,-0.5044773994500886,-0.629898596595841,1.1216952910212683,-0.1876975421231144,-3.328902791377237,4.112624244932164,0.9253222033209774,-3.001050966023998,1.4797048512714603,-2.9798054849846913,2.308623755548542,-2.3263234058682247,0.026717143809169563,0.05829938052917605,2.912488610962992,-4.964539426205709,0.3947488495305542,2.8338940701392374,0.5211960131866942,-0.19926930023944145,1.4139697935913738
6981,-2.23717535962081,-4.3697459542190025,5.269056039731883,3.496025062402527,0.2372848406394481,-2.395444628932723,1.710358848825372,-2.8174375852632885,-1.1045727359406845,2.11683893248917,-1.1331911126805991,1.2280036525698783,-0.7457421263876078,-0.026317457478231887,0.681193171144411,1.895639134149821,1.3441441696831191,-3.148916891111277,2.9572261660227817,-2.535948706271414,-3.9303940463327027,-0.31465227280088737,-2.4524138008602296,6.276182660239435,-2.47610239580726,2.625006189594572,4.322136081363368,-0.6384665776036957,-2.0216391181660747,-1.810934179378222
6982,1.2334601915206278,-0.4093819323217751,-4.7499673970593825,3.2880997430021175,-0.5391352564276433,1.176924651287413,3.2078211833560424,-4.0893505929055465,-0.3379541000688313,0.14801449570895997,-1.0284271636754143,2.0998961775846325,3.8107609919514367,-3.4327162315189916,4.022771859496448,-4.032023634954227,-3.75644734817679,3.387654363202362,0.9460057904160202,0.07663700220628833,2.7016038177947657,0.8177483929262754,-0.9128741818718265,-3.629120821474558,1.4622337331745712,4.047833629264819,-5.341004106661014,-0.21255890551355883,2.041400365374418,-1.9979047156365173
6983,2.5345232446294332,-3.4875994608645655,2.855481208550163,-0.7452494817895641,0.20091338008863957,-1.3580688906127794,-1.1435741655632086,-1.4408443555419161,0.2553940407415798,-3.210563999310711,0.141923641514758,5.397664838159365,-0.5435104113624014,0.315629524518247,1.9581991259473526,-3.2127773804855178,-2.108883293923734,3.591342435306281,-5.851917627215997,1.6330078680741344,2.246706853590016,-1.1460353063001696,-2.0122404115965207,5.130478623445519,0.6643634523692832,1.947385111659301,3.1265509353401093,-1.2231488010856841,-3.0867350017403687,-1.428415696539961
6984,2.7919032312887317,0.3605811061541182,-4.993627088104965,4.305821944024938,-0.7374406350002007,-1.7272385583612948,1.9527111948680442,2.7150655309346234,0.7006357817962154,0.12853834932831276,0.5252863612935394,-6.022237218220873,-4.057538765304484,3.9588563692203884,3.510682324413903,-2.4023482216340035,0.9759642246282993,-1.9856159313238493,-2.760794571875053,0.10382090685053846,3.219773474198128,-0.14322725119325241,2.305664075884831,-2.725236633868203,1.2254006404406503,-3.1422824832536804,1.8974066694632334,0.27306713375217484,0.5312442115919005,-0.7848361719915857
6985,-2.8565320883653555,-4.132907157487885,3.7449526391798003,3.020652290940589,-0.2609495477670323,0.48478386350122804,-1.2490802286098273,4.98810488549444,-0.02000972556021452,-0.8229558391908096,1.2102121160018458,-4.106271208135574,-2.8662130367427707,3.1021467641327796,-1.2332465482804817,2.056696353927755,-2.834642054791626,1.7752585217546013,2.1099588513972165,-3.3287932050107116,-0.8794717140025234,0.34111264894170734,3.06917166478161,-1.3119782461102787,4.367939417451442,-2.951843990536311,-5.231623697707789,0.1621961843340598,1.971911958160991,1.6814201283003065
6986,-0.28158307989363784,4.484516564541831,-0.16664228801198533,-2.5417863982613333,-0.12795883152143017,-1.3665459668521063,5.411378952189683,-1.7031136474831143,-0.2530505238668992,0.224138172856156,0.5089978222336322,-4.188350775929621,-0.7674476603814426,-1.895775689403882,-1.2499496313057943,-2.5690587356526287,3.872678479456802,2.6095532372872228,-0.981810132189576,-3.4479296648403945,-3.9500476089684824,-0.30056791599706045,3.035094209430472,5.645261112562061,3.5592555726474444,-4.183876340783318,1.5791226868307717,-0.5978295348622185,-3.5082183871543915,3.151546003324377
6987,3.7095446186942347,5.203561056940799,-4.842694415568566,-5.126816191520799,0.0011062960822596501,1.055298635373406,-1.064240254576461,2.3963345012136017,-0.6385702393759178,-3.3380189200348624,-0.14511305234439575,2.7896079651178844,0.4288418542440162,1.2386475427167163,3.121259306258114,-0.08000132813201688,-4.163565038583178,-0.5451823365033874,-5.288056460760213,2.3730189170276503,-0.5565961726887796,-0.9660018338340839,2.151973804969943,2.285661745282532,-2.4000164273084756,-0.45114692055859607,4.363775430512543,-0.5733311525088967,-1.5868699466702072,0.6475890165362994
6988,1.979957021286861,-0.4040210609741166,0.7487955697206949,-2.781320490665877,-0.9541008463835576,1.4106898070173237,4.567874097282019,-3.959808905920518,0.4837923709491738,-2.564878025196899,0.9794356821747163,0.4935847807113518,-0.8933538754506962,2.1424280207488167,-4.0118896269876405,0.24959713986434195,-0.573267924473857,3.086486266299268,4.503336170309147,1.8761339665368961,-1.018207061211708,1.2495102346151592,-0.6034919292439316,-6.007281381008511,-0.8428822134381626,-1.491211025618604,-3.3658872270781828,0.2110111708010285,3.112643209783162,2.37632608555343
6989,-2.8465662884386767,1.9824272282377002,-3.9652712650823148,4.6316865476350415,-0.5252781841763752,0.723001961825954,2.7963605416463793,-2.4544161036315657,-0.9270006465241227,-1.0304314598977111,-0.3700166987572855,1.9855043671641823,-1.1816869645845944,-0.7981658440742088,2.8475229221076823,-2.51668167663456,-1.2886890087733995,2.937700571959329,-3.2929439799549023,2.9681757877333297,2.9153732888594455,-1.22650406553876,2.9999799434612378,-4.364080974563315,4.2949297220636105,-2.924573561466538,-2.985150576849005,-1.1204216861272247,2.359386081474028,0.375830020907852
6990,0.254476236854984,-0.034815221573762045,3.6531836604883026,-5.361090743088486,-0.8683423922253812,2.3565884595456623,5.7684729893351125,-2.0959836664537157,-1.102040684928189,0.979187596992805,0.9074514131252229,-4.457087648071347,0.6741735895339467,2.4171086349065156,0.8829973469949728,-1.824006322763152,1.4660081536428358,-3.6162814023148435,-3.0465268664534513,-1.4742778543369877,-2.355662234316423,-0.42298967917144203,2.6106478393877683,4.68880879488756,1.047306105212975,0.6016986166127332,3.005317280524423,-0.7264904607346736,-3.1088376495819325,-0.818993892030834
6991,-3.086210760172168,4.825595239124862,3.67132262865918,-4.268134586263304,0.5677367254155232,-1.7103092467627636,-3.4842558796801804,5.670770060605104,-0.26040041672519365,0.1740234761094026,0.4031885376840485,-2.5033257779932754,2.6550575584919187,-1.798080634684295,-0.9620863003231541,1.350077951398859,-2.8157359014129195,1.5707673265298574,5.264564050348412,-0.9811100003505864,-2.9363851626579986,0.2605372191801001,-0.1112158143718176,-1.49639029215108,0.6831713288862069,1.562087347381052,-2.944745091789507,0.8243639117289883,1.5306753445808958,-1.6555528407849724
6992,-0.26911227056115905,-2.298034495120966,0.3070796424352942,1.6571892974854663,-0.2268876974877747,0.8297655232504741,-3.799792481991666,0.1112429827586432,-0.1097155078913099,-2.602683103937011,0.22779002921168967,6.173158081849561,-2.947860782424282,1.2172053901783642,-1.826624063808305,-0.19355938713246346,1.7664736309889975,1.984365212197961,-0.14751532921339816,1.9424565317176476,-0.17224635042928682,-1.1023926695032205,2.775798485112551,-3.296100667687277,1.1594707724393096,-3.7875508181404953,-0.9209650965611154,0.6626164286041751,1.205561736246299,1.680866977414464
6993,-3.6821285372643118,3.9448098977273567,0.8312756420664371,-2.812108264223639,0.8010036861243233,0.9171475755711764,-4.3051310303817445,0.10580336807723256,0.8151920973272322,-0.23212967561469178,-0.33852919809448956,3.9547944386863776,3.835606771855577,0.5105411535765647,0.720030007098881,1.3036022646875978,-3.2501433234762,-3.1196368737421114,1.243251581753288,-2.341868263082164,1.28136764880594,-0.36165297462165125,-1.3089179018990933,1.4878199090406987,2.4222684944893977,-0.9109842009590281,3.055703822465496,-0.9242361188636083,-0.538604272638235,-3.1041477244913835
6994,-0.340520851192041,5.50778759778796,0.2683840125686885,-5.751759607849195,0.7123278345734918,-0.39621898588756643,-3.545342729842801,-0.49581303552372447,0.2433803630338467,3.2810326149438005,0.11506853862762778,0.4016742487611822,1.9929554008577348,0.7742650322092786,1.4638815535659546,1.4889296867941262,-2.398744146763665,-3.321287526663154,-2.8637216384377417,2.288849163546619,-1.3133483905679988,-1.1728381734363889,0.42202494217451125,2.6390340967180066,-1.1450844984185409,0.3045587232411293,5.400519362066781,-0.47652280810749836,-0.35479153174445344,-3.728679247034785
6995,-2.9862335292116757,-2.0847557410461803,2.060555052334575,0.2571071316788185,0.8752894329601069,1.878037653285702,-5.90286855830362,-1.3080259888316057,1.2256404902311813,1.7975599623573864,1.0733211676534289,3.114372926893161,-0.2984001826199467,1.3572441404078575,-1.7096477055460806,0.5688260641689453,-1.8918400393806039,1.9738177229701037,3.9578663756307755,-2.94963468905474,2.4956464068112965,-0.6804755693152078,1.3304277842962566,-4.153830308371333,-3.555972716531411,1.0109065049489807,1.3527258401849913,-0.361529310576854,0.14205645897516916,1.411813223001726
6996,3.327468500202098,0.1658333794680189,-4.571759534698007,2.3987091648731322,-0.7950816605850162,-0.5251698492588659,-4.964176062336687,-1.530465524153069,1.1832342698605052,2.994691655471769,-0.2747739427926632,2.591489603950066,-0.09522551762462328,1.117918494108359,2.596940299758728,-0.5506991736571685,-2.2098294802297715,-0.8591046223552485,-5.477263329400813,-1.2412467200732404,1.7088103646314288,0.8847740599732985,-1.6282365849044815,5.753162209770856,2.0942718213229057,-0.7532581212064287,-1.6720233503374615,-0.8151821028562836,3.5684623938064988,-2.4222706407266035
6997,-0.008218011331727837,2.7385810517574605,-2.3800480163793587,-2.075552156069893,0.9085773551609639,0.8166597768639221,6.12418443771638,-4.558119137924532,-0.7767233636532609,-2.474575012273146,-0.4706450225621408,2.155878098696629,-1.494989064767271,-0.1461948611934396,1.5037691671937345,3.1413779026336,0.14707270362249858,-3.151035847488849,-3.782962089114033,2.4259792522005057,-0.43397008668681814,-0.8821724261644368,-1.5263696023602051,4.1994949521220235,0.11731428694187684,3.2779867630957185,-4.05222012486821,-1.189209900227917,0.008326658769751916,1.8378023162913912
6998,-2.9009462060223914,5.613501548041491,-0.5695912019306064,-2.394406725634507,-0.7750890783508688,1.0265316638982576,-5.838088363103161,1.5216353754348262,0.6535227650059738,0.3327344856682064,-0.8454182859177157,4.175614022911809,3.970593162443752,4.216532834063454,-3.385284371679637,0.8577712149923116,-4.15985145567865,-1.4997613841409567,-3.46807463885321,-3.4476652179288774,1.7457698903837517,0.3827677961575535,2.0518568612656303,2.7353453089722066,2.1646652801644493,0.6980093704676165,-5.851131218397899,0.8954634456652961,3.571759565589584,-1.4787664434864638
6999,0.09487254295104286,3.229110737951114,-1.438134432108555,0.42499279031882864,-0.7553738330137161,-1.5554678060973561,-3.4755360354962797,2.3551966837795106,0.5245379968111425,0.03216427245185294,-0.07162041167941524,0.6352574941331426,-1.1692944241240593,2.425293808768437,-0.626695675003841,-2.434673174968463,3.2980901275086083,-1.4927206621803855,-2.6558400171382175,3.173470202248147,1.0176912983744515,0.12312264099597847,-0.9151268374750803,-0.7433172870081854,0.612893145235585,-3.603688031649078,5.708221972416972,0.031962628979639085,-2.8606295787980383,0.11123986381754847
7000,2.939560897637527,-3.5624873350869812,4.163335947107758,-4.991466532701558,0.5536155040069701,0.8974415190376437,5.543819433709523,2.555416157508329,-0.32865343639850764,-2.5410691228507716,0.3296336008211558,-5.559146632789766,3.1731165189934245,-0.9953493362003165,-1.063090131535537,3.3014872170638228,-1.576171760185309,-2.839992508135797,-4.0087097400552985,-1.2850348303062464,1.1601688119898057,1.03681755650251,-2.38624524355426,5.483003445420579,1.8129278773222417,-3.3239453550726843,1.8144488705201347,-0.4156346187856652,1.465053824086894,-1.3528505980682777
7001,1.9547886864780821,1.862621548216076,-0.7570767026887317,-1.462212034733568,0.23312803508591307,-1.831249532356411,4.912808670256062,-3.1911233789204054,0.33842991407344325,0.20548918449221,-0.0663421662789272,-2.1992622236224335,-0.4309781052119739,1.155357380173566,-1.2396570211388873,1.8997205542246611,-1.76032690389885,0.37588409585180216,1.2363538993284955,2.3711089552251003,-0.2507499477651951,0.41326170875072954,0.7230272179412154,-4.493001833483277,1.8173488800574091,2.2184927324205113,-5.667338449684088,0.05367447355094779,3.202471770671721,-1.6246494070139015
7002,-0.6067855177656405,-1.2323163487537485,2.5452617072333332,1.0245914660368776,0.20339102591165625,-1.9341423326611071,-1.4445618181638906,1.400280364439702,-0.5668274451583493,1.7198650047811839,0.40459246261917325,-1.5133485685178627,-3.7539142893607984,-3.964931800838487,0.9609282491819044,2.2256061078295524,2.4018706431035604,2.130441090084563,1.9524801932686486,-2.2031122193553507,0.7162002294830287,0.6739574738750402,0.4713093096269354,-1.6108349869012102,4.476538167034782,-4.556822016864855,-3.5824054930945586,0.5781202598596176,1.6756540241260893,1.4089150589415382
7003,-3.6524043428853226,-1.1269657586073336,3.188729984181311,0.16789659512967603,-0.055091030514337946,1.4778345526973737,1.0723974926858943,2.469266823916918,0.6096399800190779,-2.327895943321824,0.3798764624237858,-2.2032848157239187,-0.9469617209067813,0.9724986193271228,-0.4417047362991333,3.467611931658247,-3.7147170577227477,0.6632729639435642,2.7194472206533256,-2.538897213861917,0.3249246247370152,1.117952080517962,-2.5671779412184836,0.94375122916923,-1.9790660062345395,2.8364519424822525,-1.3827721262216066,0.22230277476377314,-2.9073723790438173,3.2104557942565535
7004,0.5750894392322188,3.635700033179905,-6.048332941102448,3.4735613434341523,0.547821016418979,-2.183838891161474,5.556649728175298,-1.2743702434488249,-0.8699256392710746,1.996420861517656,-0.7762528104983053,-4.632521896474827,-1.0655382896643104,3.151687438616406,3.525990344435222,-4.016714089101383,-0.33482693813142816,-1.260598466154251,-0.693838103359802,-0.0038155625096560897,-1.6082060226724462,0.5080746598861197,-1.7264027095841605,3.524187738237064,-2.119042239150474,4.893524668617207,-3.952658460955419,-0.5695341642483491,0.7468181302905617,1.000892065449083
7005,2.7064694569051433,1.42797563268525,-3.946759685179085,-1.2254127700084076,-0.056331393554946096,1.0940587591533841,0.6295468229365255,0.13461302051691248,-0.5192530535041922,-0.37820024712556055,0.601985927431298,-0.4686924702550428,1.5705323896994763,-2.1286012606390337,3.0930370702497427,0.4029695004485312,-2.2545428401178107,-0.6833948596406874,-1.4408948693346169,-2.9183094649127934,-0.9441350036493468,0.5547458694424989,-0.48626814567461274,5.234861614125997,3.3628659381753963,1.865304240654357,-0.5966916056275906,0.306776703902762,-3.2218682659254725,-1.7163870111768258
7006,-3.4301613157062274,-1.5736270985236978,4.3849919688469825,1.0587031838065428,-0.38455338444140685,-0.05535335398086971,-2.7495994962734756,5.359068253196671,0.26145563373701286,-0.8216070496340269,-0.772499365324161,-1.2768179757020768,-1.2537474556188073,3.238381466070301,-1.2076095455122555,-2.0854827728812957,1.8707138164471786,-0.562255508504899,3.768256603299065,-3.4378790264434187,0.7755133970198109,-0.4399856426239337,3.227928715105854,-3.8938340463602437,1.71355373247955,-2.155336744240561,-1.3038599068508958,0.21388298337543876,0.9717809066193723,0.5599790286197202
7007,1.0603995348067876,1.8566166941963864,-2.1777359139733328,-0.7666785584375653,0.7733258979004312,-0.7459276544914353,5.65436707968286,-5.146345284485818,-0.9315764507484765,-2.6352495008905628,-0.8753363413146946,3.9341404977566405,-2.2563381811342342,2.085383953548032,-3.023389582600556,-3.311464951499561,4.224331112113731,2.281477649572821,-2.6527513536401486,-0.13644717289751007,0.46395799364266566,-0.2959572828319166,-2.063203527871485,4.684401343595518,-0.1962646766512819,-3.007073490824169,0.5306564770472306,0.6205515946808262,0.6435915603714477,1.4085385353786002
7008,1.4433373156795106,1.052914263209125,-4.2589722891781605,1.544474079493373,-0.19650595359940048,0.41475258439676743,0.33204594839909163,0.6411752108271891,0.3797839530044369,0.8508157680621355,-1.2191670175735796,-0.9846538627193411,2.114607939557054,-1.089683455429288,1.2281896596045279,-4.1066931737943,0.15283186274182725,1.7007471673204364,4.766849511088743,-0.43226666527635516,-2.7057273100275374,-0.6115961322575689,-3.0063109344073506,1.9890515308772123,1.4224340859899058,-0.044334619533834996,-0.7933183001463817,1.2256305359415984,-3.3818560237788837,1.5714443215303113
7009,-0.045704485548272444,-5.082167715282434,5.556518717005886,-1.4336656993900974,0.32229895139700737,0.6827202318191077,0.4255682682845503,-2.1008706619440396,-0.22900308475673903,0.8747891838348245,0.09991751737812038,0.9295987772031928,-2.0646386446094738,1.8707124085938176,-1.7600723215885345,1.7316412069346576,-2.875764474253856,3.0981218249236164,1.3161330992315747,0.043499295792292614,1.3140964752667834,-0.3710428408502535,0.5504845244030463,-2.853170553846276,0.14288259269817516,2.1925249876321473,-2.8146113917653537,0.5884833413810595,-0.1590662378709382,0.04978670792762507
7010,-1.0449177384205868,1.0238226644587591,-1.6688240078044139,-0.19993238536080327,0.7512765989849046,1.1385748681433387,5.6248625925272435,1.156203892959141,0.8715775223000746,-1.132986156829766,-1.1827769584277648,-5.336880892528978,2.379860226512349,-3.722534664832981,0.38506535341527126,2.945887943508243,-3.7881243975694243,1.799845538966757,-6.113662665867807,2.969417416541013,0.13035446295124942,-0.21949852661425417,-2.8826058434585065,6.115995156445464,-0.5442862886980606,-0.611438233702696,-0.8892465379228938,1.0033702426769784,0.6185897804377216,0.4230110372116904
7011,-3.6275671682337762,2.595373221052064,-5.8503674393806655,5.596502048955358,-0.6668600602944175,1.95291939790261,2.661451418667099,-5.691677537248346,0.7791652754486442,1.9394315952419205,-1.2125999632554527,1.5242292111460642,-2.58849573186162,-1.984154104084114,0.1780402939648944,4.141860015091652,3.3553821530177395,-3.102632626128317,0.8434959915235574,-1.5535355606448746,-3.850707695596995,0.7338019483623057,0.7226215743773032,3.104323741975847,-1.735753266032468,-3.1199618615579467,5.857227529117967,0.4147930938537705,-3.7038585686575587,2.2875530732789713
7012,2.711374826637904,-3.0863212958332724,2.877161975235097,-1.0449656283984332,-0.8990838067457378,-0.5581660708943836,-0.1871563929019544,-3.5616635298535044,1.119275026694691,-0.18054552685892844,-0.9601465770131323,3.77023699993277,0.2519551920723302,-0.425549587030023,2.474066624982651,-3.575669750432448,-0.9563124930734261,2.2315100134811523,-5.6543463228899675,0.6167137431226806,-1.068138275889046,0.7758072860976446,3.082527941359384,2.2474356281964383,-0.9562273459671324,3.9149728071071586,-3.6938203791368736,0.016037334412089876,1.635552838520745,-0.9165152549332642
7013,2.524617450191805,4.2853231411745085,-5.203743266749598,-0.15184014101635768,0.6182332751912161,-2.0725904587904207,-0.5801982853377758,2.026676566036901,0.03454835715535598,3.695416606500398,-1.190262701808507,-3.9861805425464496,-0.5242974679182275,3.3135477103957633,-1.2588965327779302,0.0892572664580058,-0.7936655650735958,-0.8259454110838025,2.5908342521865357,-3.4906392213171475,0.7869428402648886,0.9584477653708916,2.0364279908710134,-2.882013627379017,2.250597470099258,-1.9128220331481351,1.6394876778611973,-0.9865679138625163,-1.392739092501916,0.4020438915548237
7014,2.9776389047594556,-5.092397540973966,1.078905736749686,2.643091397316205,0.5512204507257654,-2.15845894857601,0.09727601218851234,5.237675733969461,0.1494028797302791,0.08874166154124019,0.3973007433213658,-5.970397030750959,-2.5102466020793397,-2.5992685545253007,3.8071511746715245,-2.830233150387487,1.2776335856605918,2.854963546660233,0.7850380615584882,1.2949201537986017,-0.3546410917881655,-0.634089475276185,-3.0585074530409297,1.9672798047453668,2.5814520972736794,-2.480274030041574,-0.9874552074203038,-0.3711661711330061,1.2462201555224333,0.011223155801467044
7015,-3.2066034029449337,0.9253543158677182,-1.3496637076854263,3.4162587140297447,-0.6613306571926387,0.8759847379266361,-4.907725888461282,5.968062870732297,-0.9852553531444252,1.2638743541873474,-1.0947993574083932,-0.24415662590564935,2.7662875994664624,1.6640889780953287,-3.728283288376131,0.5285106517286273,-2.2543031053908233,1.0236991644767457,-5.605875036784862,1.7113584873458336,-0.3595006638405849,-0.23853499680998524,-1.438064130285337,5.9306163403721115,-3.11463168171575,2.076849678335382,4.862216882261659,-0.6553942176768297,-2.18636060488617,-0.9826800563156421
7016,0.9324685439677189,-3.7861207395784646,-2.9973431657509266,5.216570519092926,-0.9749210077069135,1.6093458499767692,-3.349220978930717,5.015580765562241,0.7060220115936637,-1.137041544872103,-1.1225938634668902,-0.11274638988628993,-2.895897133325411,2.6276153223353056,-1.6721300626863993,4.187580481997568,-3.626551793780388,1.3793831854595489,-4.039604433286314,-0.045196047175595666,-0.270510219043933,-0.4938248690175957,2.5740578626663613,2.275077705854258,1.9109986460373243,-4.8620106063101876,3.086766304598626,0.0072430285723577015,-2.012962536760739,1.8699651638652313
7017,-1.6822262778651638,-0.10543921423045433,-1.7531964026398974,4.037960296882186,0.04656523129652701,-0.5436636334420761,-5.095808257889971,2.9228237752462896,-0.24697164027790564,1.6399211321050622,0.4710271731057265,0.30900781771070385,-2.0758626919289966,-0.9444039863631808,2.589575940078795,0.22966362927074613,-1.364378182777374,1.565405291720264,3.056403081069309,0.15807753992653772,0.6477362981880397,-1.0799419695517534,0.6865787828359675,-3.4688537324709507,2.4669790398372093,0.14456324653961872,-2.5429747274016314,0.38592296884175603,-1.8795551409900266,1.4250646131756817
7018,-1.8873312812948928,2.8428457660172484,0.23561402134560794,-4.362158232544903,0.9136454181480689,2.2573843083300016,-4.199679846246109,5.730193811406945,0.9427663312216961,-1.1025170708966971,-0.5707337266138355,-0.8000294988720498,-3.2885015058285063,1.4560643615475968,-4.017048898905481,1.0856102703489405,3.691390426742114,1.0724853460955686,-5.107324558295421,0.2075502140737111,1.2248713688772739,0.3826407617034384,-2.5364742931644617,5.828736506802606,-2.4822664740641613,1.7736285684889914,-1.3299715972501254,-0.797083283703107,1.419409080044609,1.4162837064864213
7019,-2.5265655904695574,1.064949261271579,5.383982339120333,-3.19710115645395,0.8680646049527416,-1.5933294584200333,-2.4639129314608432,-5.116928787054441,0.7703331882419411,1.4130539852848045,-0.5845369106296845,5.981991455618161,2.595047992169839,1.2957352942337188,1.156175900629954,-0.9199084602760657,-2.4015803196525223,-1.7254704071046696,-3.7974712148838385,2.7837112280501906,-2.7393372267328377,-0.6463749358820721,-0.09492079092797745,4.49439294037364,-4.185215676874359,0.36828105327769123,2.377199534458267,0.303318900167481,0.7876288978888404,0.3487872910847205
7020,-2.7315347817607254,5.7035794104589215,-1.6423099960567349,-2.0770359343681974,-0.8420216388695811,1.5893229405974054,-1.188944596991277,0.441912266909366,0.0028144417474953443,2.907484974895702,-0.6286514086867587,-1.5346156778745943,0.8200355443838099,-1.7049888816326622,3.4548233887548854,-2.8092458537482816,2.260026528114203,-2.020650725871686,-5.57762151653267,-0.3856646324364199,1.6229966568010106,0.0157883719097196,2.8966554329787453,1.4278456872767542,0.9771039806066959,-1.2465413157005436,3.9610448173228754,0.3968179345079541,-2.385996462092768,-1.7024289546415456
7021,-1.7759009035062405,-0.8786074941514421,-5.364877340109221,6.226148550383428,-0.22724942848603136,2.020486615870576,2.021134613140454,-4.542478265481684,1.249478051554724,2.6234529909678876,0.10447161096405377,-1.456059001145519,2.2144716906437374,-3.9633172408719233,-0.5226308566156881,-0.7536193380909957,1.1484549959505905,1.8766407489845633,-2.3916213918880196,-0.1802957046845215,3.2032968320214827,1.0402608195947494,1.962868272479982,-3.6345088275265383,2.675579152441504,-2.319765904932943,4.675313977096554,-0.09156168501634898,-2.909059400504166,-2.0305061390819468
7022,0.5487873282840798,-1.4943105144427662,-2.5176312136343277,0.9541260080146365,0.7812076662654079,1.7278207255140412,-0.7897578614025456,2.9284231931963802,-0.25281096276358284,1.5969365096661363,0.06708184252391991,-3.549872721220339,-0.5146278769234165,2.7213062813487383,-3.6030075219571973,-0.6506801302168022,-0.3348377796194626,2.3818470273684333,-4.19164120427984,-3.3150093620061973,-1.4413407983327051,-0.7568678926733714,3.2044680461438233,6.500391211145406,4.920997487526449,-0.09606933503636483,-6.14222819217596,1.1288357630932815,3.361588468608325,-3.173124192013086
7023,0.2936202720457768,-3.6181073827807957,1.2519452842000902,0.9914977128065061,0.670969639490651,0.4100744742388116,4.01374232107052,3.677346061817552,-0.0608444396896779,-3.2350582320735413,-1.1878840081654745,-3.2073017029594197,-2.5504857838279715,-1.5765957721906432,0.7679473912614725,-1.339055152962306,3.0882452979086636,1.6099440198110813,-0.5992310101302714,0.9695781312211977,0.5710092817756554,0.8808635676868946,-1.417186091389576,-0.4050338791667869,-4.919721660842999,-1.5717921283292071,6.226696772135487,-0.7452943028287189,0.2866950984422125,0.7234162214258664
7024,3.079639871282957,-5.578223768698184,6.0379654733940775,-3.410447942694976,-0.6121980911549378,0.4832644578721368,3.709905055249237,-0.5258577915515268,0.6638897909586232,-3.0199857277156603,-1.1118767890984556,0.2839254621577041,3.3943884432393467,-3.6010905766349914,-2.7998183129978536,2.5060008330725374,-2.1678106256674443,2.6683302389887196,-3.7562524861221327,2.840714559930266,-0.08228008633189177,-1.23806210750536,-0.925089914253606,3.16097003427981,4.807914805957779,-2.377503701022725,-1.9313325512651822,0.04369493405990177,0.6966958101822449,-1.2394692979093875
7025,2.5128888266472735,-1.5715687016495394,-0.5058970107911485,-1.1685548425578283,0.7404343716050019,-0.007302643252691254,-2.2993128565100243,5.436727389573321,0.1376115502165236,3.6547572761764364,-1.1058938316068874,-5.82388952784946,2.066343826047074,3.838825484884346,3.9258534603649196,-4.1533952172792095,-3.137450826865466,-2.5401767271513744,5.237490180652259,0.45234999700405076,-0.28988041993812175,1.145229849007066,-1.9307379514088439,-4.614451655319282,0.9863492085602488,-1.5634240443289293,-2.018348166459962,0.39543296517156445,2.780906708330239,-0.5809166712705451
7026,-1.2861491937355432,-4.590495942323166,-0.7040865533962553,4.902070625108067,-0.37980446317213934,2.058465527520088,-2.251023501753469,0.924483119260259,0.16792199401953134,-1.0773576544677947,0.4494325964838639,1.7865434464575145,3.0785596518082805,0.70155037026813,0.39914710902706574,-0.8631675152377127,0.29104488433684494,-3.6071345002023065,1.3340264502761983,-2.3379655094886687,-3.767043976720098,1.0400792307902131,1.7556590595728938,1.9752447455665845,-4.132827319111561,1.2710869281354675,3.2587025569199106,-0.36525388627554367,-0.04770709952641816,0.015998819860756797
7027,0.6921743837241667,-4.152534308685468,4.453950961697206,2.2352283776799418,-0.7569550707333375,-2.4718643436814203,-4.927344133739464,0.13657620701552986,0.35878685817309286,1.0169413207859321,0.7260282778016638,2.6890114699631305,0.3378029487397498,-4.163408803937646,2.15849274988134,2.235972318746313,2.6445571516725757,-3.2134163651020238,-2.4903238276177113,0.3154042374909114,-2.5919953444823367,0.30993951980601153,2.17357432354941,2.283401091250788,-2.553407511128924,4.81466086290094,-1.863705839013143,1.1994318792404917,-1.3231003548655753,-0.27387903713117545
7028,-0.6443383446200954,1.660356824615274,-3.4932420106548676,3.7759323742849276,0.09147464626041657,-1.390183489884544,-2.700654694749481,-3.503358002321292,0.030350546535601985,2.0569836381060647,0.9216522963795457,3.1950262160494596,-4.0181655483654755,4.205627423264875,0.0006575704675562122,-0.5679815330939206,3.099037219531315,-2.7191751318040325,-4.566920685652622,2.682040650497374,-2.6249702023838264,-0.22921650154824658,0.07245750915341453,4.666609229930984,-4.16615460232412,-0.28435070907513804,4.207138426635158,0.991117257495131,1.2427318148403614,-1.9904821875687357
7029,-2.4119726751388217,-3.07953076538681,2.7816093162998357,4.149397248493305,-0.5891301483725262,-0.8503729758938565,-3.0622845405009507,-0.9255489957553849,0.5520110535801956,-3.2118882581277894,1.040205465795605,5.607505275008219,-0.4268781406021773,1.689587070980302,-1.9435015381130363,1.9381265196460618,0.5516755699849938,-1.8090094818957851,-1.459367767396909,1.8596818628771832,0.279932713538976,-0.20738987415763255,-2.3746799947516433,1.9018230598870502,4.648971810951384,-1.1451063692143997,-5.13173076652053,1.133419488787208,1.9262234259515871,-1.4317775899526133
7030,0.7556270638416773,-0.9481771171268072,1.3861292485838952,0.16065671936769021,-0.7784403898363881,-0.5757955248289139,1.2589068063601339,-4.175959968372528,-0.7934687112689129,-1.363168349346262,-0.6765581206916531,5.750248343319136,0.7759951535041374,-1.8439272197587524,0.11095208821413749,0.560242609511608,0.5033503411234506,-0.10661297259423108,-2.67339349078269,-1.080229847847482,0.5631404259821551,-0.5263694873383402,2.9664252566317852,0.7504271433515868,0.8851737508941895,0.4814071705422087,2.010838266673911,-1.2056033389230119,0.1256792832510687,-2.297495132435774
7031,1.9808038616580852,-5.567919378019248,2.356037133376528,3.904143203337579,-0.5730620393252703,-2.100002781026486,5.988196013569091,-4.326871437149812,-0.08150457882768958,0.6192571246101384,1.220789515968411,-3.419866638170209,3.449397407373489,-4.0154273165344705,0.10993373930959649,-1.2201643586331077,-1.5823037118913952,3.258564240376259,4.8024243952677885,-3.1086439589626966,0.039547010516471914,-0.034979375865967555,0.5221764040553545,-2.220524475013942,-1.9884618875789215,-2.1056200190321377,1.9250769659452907,1.1506041214783194,-2.332052052695321,3.350452871885363
7032,0.6522509862537049,-1.837253343627026,-3.680502029403044,4.649399168886212,-0.6982880822730211,0.9143933001643401,0.25225258423671093,-0.9581760723712662,-0.9352419453621703,-0.8891727948337991,0.44824099473640366,2.0820972335940446,3.8973430080197247,-3.821400782389592,2.4604005409522713,1.0826657062912517,-0.8276453605825651,-2.791363112290698,-2.6273920365599928,-0.18211355107865934,2.4641557064346813,-0.41262078199821595,2.69526529438744,-1.937294631188248,-4.171547960006173,-0.7429103750254207,4.459701709686367,1.1957129281203782,0.6454269683750837,-1.3863832711476594
7033,0.5374636357668994,-5.042205449110757,3.775498775945355,-0.9457629057672214,0.3744027801533427,1.300603163013566,-3.660557943330943,3.8494202057786424,-0.5588420654126267,-1.6553527647892228,0.054761661369935766,1.9705709063841468,1.7158205988226527,-1.2086302576657637,-0.35631115593190543,-0.34103579780595794,-1.2039673192735911,1.3941239318549599,-5.7705231539706325,-2.025381651656229,2.7589844865711406,1.0629651922056436,-0.960077554024366,4.934032680871457,1.7694661978394528,3.111164055428304,1.2200116112540869,-0.7650012261727408,-2.848792764249188,-2.4868478740973394
7034,-1.3939718768294451,-0.9363038255603797,4.816057831242389,-5.087671759070549,0.5105658235477311,2.0913238066714364,-0.19087031001647148,2.1792813107980393,-0.5672096089563885,-0.40198851263313173,-0.9814357322052363,-0.03777714698686552,2.3418326197238493,-2.4066648709432474,3.566886082336495,0.38898941992372116,-3.5798687277653176,-0.3111745232750991,-5.280886848753916,2.863512426476401,0.9042489603138257,0.1955418430041016,-2.05708100825262,3.3746646272092597,2.7926929143710133,-4.669979582055634,0.7542949930502445,-0.7132895282157845,3.6671988697003,-1.830917666847549
7035,-3.587373719110273,5.530404668233189,-1.2780934897229805,0.4544495015448362,-0.011851602020048535,-1.107535358923565,-5.910502609063215,-3.1439523011713923,-0.23332440298444634,2.869716777704717,0.5798312490143189,5.838231286499973,1.1490840759818113,2.9850753310302416,1.4558302490034407,-3.8516489696929774,0.09155747653018409,-1.8298981628523023,4.408382433760188,-1.6862677353443285,2.137078998847752,-0.46989083792361086,0.46715029423523724,-4.856453153578187,-2.588938856499958,-1.003028517204175,0.2890372277223534,-0.7524873852514071,3.2485709438694563,0.8068465873663211
7036,-3.2851094082065426,3.973154235732295,-5.061437105660499,2.547972780763139,0.4486828539120835,1.3767366434606707,-3.3990373226711625,4.266833503959305,-0.10920657638779474,0.17426965190969668,0.7122694602812851,-1.645128717091353,0.211624793210774,-3.656102513205168,2.772008567526246,-3.2592589394560623,2.7386143267157586,1.1931137652088886,-0.6903380992859169,-3.4338033402572634,3.8284835829123622,-1.0531168781686833,-2.7875262218481147,4.1363009566446856,-1.542817884768123,-0.9723765152804233,-0.3104308137953957,0.5412200694464788,-0.4917292188576958,2.776134363257725
7037,2.724226848305971,2.721630520127057,-4.290065191393818,-2.7376130667709866,0.37074138762382347,1.2110795021091008,0.45030004090381226,3.7740509423698043,0.9009445190910981,-0.46221683668516,-0.9538748357709572,-3.7092038299085885,-2.6577417583439473,2.774906192003602,-3.5344761116324523,1.2820578580089332,2.353354167864591,-0.21810034790029498,2.9856183503834934,2.561195460919638,0.872365181200017,0.5310969855793664,-2.5712950654036444,-4.378980912681765,-1.5872608096108358,2.048581115163728,-3.7319990104874243,-0.7503685744246376,3.369367488853335,0.6516797905083678
7038,-0.8774872847748654,-2.879974407655002,5.72307462693902,-2.652718875163078,0.22285944693991278,0.46424649371516935,1.048344956166492,-0.3079237194561131,0.4034721811892501,3.091334490677994,0.5960788782949367,-4.8313067868725525,-1.119151494014087,-0.7650928800495684,-2.480303753354388,0.8766502442356092,3.4455769569183197,0.0423209262645603,3.8378888808123826,-1.8786801587703827,1.0918982838089342,0.1889325547353886,-1.8840752050823628,-1.3559643555068597,-1.4731016382096591,-1.4681675102444416,0.46955326313207024,-0.12202628027610274,-0.8379212848681465,3.431663450468779
7039,3.464554825228138,-0.2028938604315158,-1.4200871793075258,-2.4815084855721636,0.07257012399407037,0.5673645760901884,-2.287096335003806,-2.0881838268659187,1.1781246826368754,-1.0262865898576745,-0.906814495298037,5.130256564388571,2.473248673399162,-0.9422349113617834,-0.533300486682645,-2.156064580648204,-0.5850866333731659,1.7434379386671068,3.8704544612181735,-1.543265341981348,2.153929554447828,-0.5351390512881347,-1.086802987400299,-2.859176634999109,-1.3268806081006836,1.2766565044041727,-2.174510185024314,-0.7642052681502749,1.9484940466607839,1.0404455102128587
7040,1.9069410063986183,-0.6085335646623342,1.7385979707214467,-1.7467976648314156,0.18206739085358947,-1.4722751384787234,-2.71336298963352,-1.1169771176057814,0.6302348147457515,-2.1036200439377506,1.1475726847108705,4.156152651720426,-2.8434393406138856,2.4274172911894567,-2.5336254550230297,0.8020149034959587,0.678476035803854,1.4691565651480687,-3.981491554398481,-1.1845092646736006,2.1472878772515642,1.1624403244230415,3.1898882358478815,-1.3336156184533188,-2.65652371052332,3.2168339583344085,-3.5152113900556756,0.9225956694104367,3.2675866492574706,-1.23528117642077
7041,-1.7534249144364225,0.03617737275376598,0.47364515743782576,-0.5938468979787217,-0.009661853024242717,1.8471111352489658,-3.869688518299096,1.5824363921674127,0.7735949318498996,2.9972416682347927,-0.2629453725825792,-1.2206391013704234,2.2519185750181947,2.2277940904254123,-4.11935601105686,3.83710718501262,-1.6246634308022756,-2.572800408596704,-1.1834253635533258,-0.7905284299416433,-3.056504896454797,0.10916403010422204,1.4295504849622027,3.4917441748804237,3.6155536975359865,-1.014972635807041,-5.518015727556737,-0.468406920705851,2.905761979804847,0.48007960673136196
7042,3.5082414929921306,-2.9123384983919642,1.607592282854693,-0.7619716185962027,-0.5410944739851256,-0.9004291848723813,0.3651033166514246,5.381498629839086,0.5897770075555249,-1.99481770012299,0.8988094135698335,-5.240370667492893,-2.465264834958509,3.078042629512609,-2.3689633534987014,-0.6056239907088248,1.1745942653771593,1.1872152842766859,-3.1264423782078126,2.842542685658696,-3.4247005346333097,-0.08430636593584495,1.647438592396984,2.145468000718349,-1.2735861999093956,1.0334333971421081,1.8864717730374458,-0.09106292511272063,-1.6490642312550463,0.09380818610016917
7043,2.3265376330557856,-5.584916008690069,2.4352380414154595,-0.9241938384808392,-0.027294166736130165,1.7746283394369744,-1.0428205348853794,4.9970884751113225,-0.24405319601281317,-3.279275070115336,-0.5356982761823117,0.10475860208449816,3.2001038455431505,-2.564310176161113,-2.724193119360166,2.1588299963048065,-2.6882953521991624,2.617864805872909,0.03875375691900018,-1.360068805845513,-2.548895016491187,0.055099888724676305,2.4463760791528912,1.368734097537157,1.840011830581055,0.7730222009716634,1.6636052652631186,-0.5149538941379159,-3.392472078407698,-0.3692133242676672
7044,0.1929847071521671,1.4821865805225585,4.244682878703884,-4.217018820162966,-0.012654837918947504,-1.690180508295514,-1.2500755776161654,0.9604863908731218,-0.09614522609000087,-0.8179873509737536,0.4919306129876144,0.7117911508191419,-1.187340797007602,-2.7061394222602253,3.677157428166012,-2.2892949100239246,2.631186000214221,-0.12556829908805156,4.353297769232675,1.0023584214515235,-2.5764821958999473,0.5224877891862265,-2.419742887382615,-0.8819188965908609,-1.8984396746457044,4.295847764831141,-0.8383051835329844,-0.8994979130307232,-0.5502070050863495,-0.10939798853279115
7045,-2.595249464715561,3.463589268250992,-3.480540866508978,3.296899400015384,0.3472505582281551,-1.03194889526881,-0.7778583867871234,4.848234660447808,0.33879973291092735,-1.4561447931727916,-0.7354154380197091,-2.2176157753791372,-1.0607500349960866,-2.203459688667383,-1.2393713491585405,1.4384939949198596,1.8960037632382551,1.1690833146643342,5.630648605479944,-3.2389000775577834,0.9951972253810659,1.179661523555132,1.6430661778351467,-6.20967345469651,-2.845795709658944,-1.0756571881129062,-0.14910642531162566,0.5147837535501729,0.1067237834961201,3.4490517860397816
7046,3.209139360782114,4.78333505164812,-1.789846956041739,-4.235700292424951,0.4502353199405955,-2.4171624839029446,-4.169282086359178,0.9747095437543436,0.601754589995501,-1.629380901904753,0.05793395721697614,4.1642648972970875,3.567604142595272,-1.2545246996315562,-3.4596212494318603,0.6704524957581093,-2.5362601013423784,3.012349412052803,3.9244898064634484,-3.014366190490584,-3.553396130712983,-1.1730286701726387,0.8159459039099239,3.000355280999802,3.154950690967148,-3.2683399055999516,5.899024650714175,-0.7218778684683604,-2.193405808022753,-2.870351759587628
7047,1.5507795550087309,-5.609683422320288,5.103511505220272,-0.5643352790778806,0.9938766263427632,-1.4741489851724072,-1.6314145971359828,3.7843675243617767,0.8745590653594677,0.25219393250425526,0.7770687185940544,-4.0567746436836,-0.2083029253310329,-3.576124576772644,1.6648825184309608,1.7437167812701588,2.569678524682132,-2.193850322279193,3.5034175698331254,-3.159198334324481,-0.5162306440073579,-1.096881564091409,-0.8967798268517839,2.1656727994388625,-2.693247462875423,-0.5545903105094929,0.3431575318591378,-0.2735258807185774,0.47159621204822777,2.7066099101987504
7048,-3.414245137622535,2.012158374600279,0.13310516586447108,2.7955604610872946,-0.5690339280757186,-0.9575449358525887,0.24610543021423226,2.182827335968664,0.48815893268547583,-1.077642870864338,-0.4793597881623004,-1.3600890398417995,-3.1566442918644437,0.171806348411085,-0.1427601001870329,-2.4007342037352917,2.322634497582378,3.2056977497937,6.244725445397883,-0.22049019650188484,-1.4987797349338905,-0.4639097132423675,-1.434857555043065,-2.6266882456797163,-4.2855643069601435,3.529475592917766,4.759605201732878,0.24910324821745622,-3.2543575380498027,-0.9982621978555191
7049,1.547028207930552,-0.7549716795908594,0.04654051990189245,-2.2938161137467112,0.820507696051012,0.6347113694553155,-2.149711970877025,-0.5450374920441519,-0.36864913847631176,2.369267480930919,0.14977486471492085,0.5443562557515946,0.27151423546894193,-0.8022973333579699,1.2923084660322885,3.9124882701925685,-3.5693212208124443,-1.104692417522985,-1.409658163055127,0.07596443814478526,3.4709789761332246,0.22953005370261437,-0.9946512447455831,-1.3721640601829534,-3.6221933613919752,1.3902168680180722,2.6712144015650523,-0.33959902747121085,3.3649787533125455,-3.4646176340298513
7050,-0.6214516634676386,1.1238418586519678,1.4934988539788812,-4.849399407216133,0.8920335380985649,1.9614768199555623,1.68263971484458,5.092178683681919,0.44894527515747473,-1.3468268802294077,-0.7092081016993408,-5.167728691755283,0.7964003783253055,-3.3040713234898664,3.0397326959584205,-3.2215250113957534,2.597221863205167,0.09224139739715476,-2.90308790085799,-1.7278241791999847,-0.19274269764340524,-0.7803141968605019,-0.3615959636398962,5.965564938198725,-1.3869178011546701,2.483256691006904,-0.11439228355354558,-1.0566921801691436,-2.3140558952381713,2.388801469111282
7051,0.5640996787746317,4.116562165646194,-4.79880756357209,-0.40349324980466506,0.15628970225952665,0.36534926669760637,0.5525078219653032,0.018162632732753536,-0.24875755374608932,1.571754686280972,-0.16269373617311267,-1.730973851059879,-0.2502342874781398,1.392391770583309,-1.6500217384082738,3.2009587828546344,-1.8724915479540378,-0.8206029795970817,-0.19658176332579913,0.034964585005015536,-1.6089758717296245,0.2156191246745438,1.8087467402693207,-0.25377281489650017,3.0948427044662843,-2.559001173817091,-5.214340631078063,0.6709889532551383,1.6892354322046224,2.3182747149717677
7052,1.0047924141302325,3.6246453741048548,-0.7243622491907296,-1.5314251783760255,0.04061848536443824,-2.414268846031586,6.051706867299991,-4.6324650422782305,1.1848532609000504,0.7825723711169701,-0.6157561659193913,-2.7709112911194396,-0.9225875848474878,1.6914867430483014,-0.9082650123310927,-2.9867786606683424,-0.11362947873800877,3.2397739935370495,2.003762815929427,-0.3916462726851577,0.4988805209801228,0.18142597780521186,-2.9495093162020574,0.6570862741693979,3.6554741150133765,0.5856326922559738,-5.097601343219907,-0.9582881970933874,0.5371933377150366,1.277589395331539
7053,2.2646632483386036,1.2433366393320107,-2.974589980593418,-1.2620117412608174,0.505927383918586,0.2226744502662079,0.36308158398575685,2.490780399500089,-0.5737821453669651,-0.8798101498284154,-0.5628709918322761,-0.8373986964582194,-1.2700389016308389,1.1258262573151505,1.1189468139454597,1.4033985661994244,0.3780003863804957,-2.7561331222092704,-3.835070497393179,0.0474291664719253,2.04030690725191,-0.5460699567425182,-3.026180941783636,5.319585322192459,-4.437991520449025,-4.271515643125921,4.494362897923715,-0.5284671120844999,2.0533608903854415,2.690250487352902
7054,-0.8153648672917466,-2.2245523792067594,5.213159542950656,-0.45430790503985463,-0.8307469111056907,-0.8881874803054313,5.3556275779285265,-5.312170881082704,-0.8831833214128872,-1.2629842069206543,0.968051884926842,1.1346589465608545,2.8000066241089527,-0.4802008525669308,-2.8336527309531476,0.6426824101002211,3.242808055481831,-3.371643506170491,-3.0941121445159396,1.4916341567717026,-1.9086619055989704,-0.7255163274352885,-0.8677778083750187,5.104434029150482,-3.526414945600532,-2.7152857522684464,0.7909809638630136,0.7924269610435921,2.946173022258062,1.712119750706929
7055,2.861583185698379,2.1249205950869943,-6.092487736943127,2.4658256726371945,0.3779418623108701,-1.7377835787891591,-0.4950163020695726,0.25281105472059195,-0.8068497675332029,-1.8377718745180562,0.4311197628896988,2.455707126510518,-1.7745142702736167,-0.9245025671790792,-2.3041995567913034,2.0114023998674107,0.579434391610441,2.412379602766599,-4.417610839433994,-0.8049663917971639,3.238789376024112,-0.6000959252035978,-1.6856584381607966,4.269542218568432,-2.8592792214652576,4.315735568428444,3.5878668008694596,-1.0868196559307974,-1.5230691088128392,-2.4344343830864172
7056,0.4434503548154538,4.040966259751695,2.339046921831226,-5.088567942488428,0.5143670940014413,-2.249262687910254,-4.278999887468352,1.9036429456265402,0.36489389874768285,-3.136257045189806,0.27160985829075646,4.875110229993169,1.25532185885978,3.37777405390991,-3.0966662157231966,-3.8720062248828313,2.235221767301951,0.1003547605348647,2.141597803973305,-0.7592785344150315,2.1576209121250045,-1.019452211917923,-0.6001310892997154,-1.9203568804686455,4.91734066086126,-4.789258693526206,-0.9207624257029181,0.32983365121098895,3.3322120469274097,-2.8693652397679372
7057,1.6296465745396134,-3.914076513493761,4.613169368336035,0.10843181587089035,-0.770780363390045,-1.666390881861556,-0.19379396378338498,0.42035204722175834,-0.29168420995182576,-0.6689090378152489,-0.10045509506903993,0.8344902593976968,-0.8779325230832988,1.750280445417129,0.530826848868557,-0.7864897643195015,-2.538984202756552,1.9222991958741495,-1.1317964450003863,-1.9180218182082882,1.1639056480223182,0.7424692773069834,-1.4154364137715127,2.5588797516479147,2.287546789483116,-1.788639728614509,1.391064502934782,0.6879977290697941,-2.4199713734966384,-0.15799791937394403
7058,3.312538568251213,3.244658838612523,-5.443959707278285,1.7319945293270678,-0.9635474202434364,-1.881684808667945,-1.631625520212399,1.6503867191684236,-0.21442851739096547,-2.3135280614189515,-0.8562067755630576,3.3654021554168914,-1.0268134899251002,1.962239083097277,1.9422852648991018,1.7193760244146432,-2.151412765391793,-2.445674117093599,3.3176730147249316,-2.159494923866852,-1.6360504863106193,-1.231925587458178,-1.224449725474127,2.934247708381868,4.057367403651856,-0.89115779506173,-2.38963819273728,0.022501250989269472,-2.510104457836297,1.7110317909968025
7059,-2.802976840599376,5.699008313881386,-4.78439513102283,3.92755735983172,-0.7080416014516326,-1.331152100638139,-0.31849185116929846,2.3916333750233463,0.3398558324456573,3.69325525757543,-0.7733418945426376,-5.332910719332563,-0.23003715208825426,0.3659214756752256,1.547209801511297,-1.717101424591128,-1.2071960289895536,1.241203328482925,0.31518055307137516,2.4789529302412596,-2.6607717436232186,1.0106686447654463,-2.543556956067734,1.3995265716098686,-3.040528797088516,-1.2604988214646653,-1.5065359601250812,0.8771381029803758,1.2492428754641551,3.6811826002363937
7060,1.8658411528571364,-4.018795956922077,-2.344444656351989,3.5771942398914476,-0.5668599812679043,1.487065201794504,-0.4748254101997347,-2.1590061633942774,-1.0426142081417424,0.9469074718615627,-0.7081411553603401,3.437679465234499,1.6688014069284876,-1.3388144904292822,0.8427418860356397,3.5830068358405427,-3.7386473737411983,-1.0170882646336779,0.03298299221617995,1.1115112727084355,-1.4206905537269705,0.8946172558622578,2.0532690680592474,-2.671690035122168,3.250291400577577,-0.644308234022791,-1.985918937284687,-1.1289666823815838,-2.368430963305844,2.87733341641999
7061,2.2627638580645097,-3.4766216069975577,3.246492088152852,-2.0006534851606297,0.6339727164049935,-0.6659535704630422,-0.1343025142388008,5.720068056411495,0.1728994319862487,-2.8529222477020433,1.2151114017219156,-4.120854128178834,2.9174319284256747,1.363336754149735,-0.8772276655629909,-2.7452068815989428,-0.5777920342102192,-0.08054210120273986,3.703888368963767,-3.0717871661679226,1.3076387452408618,-0.798889142836348,1.4545796247419318,-2.595430429945342,1.3390035009065784,2.3590322725687756,-5.728707254842622,0.32129103518373636,-0.35077953427033215,2.060159980456522
7062,-3.0343117225577547,5.0780093051031585,1.4520855166098485,-3.989813433167452,-0.5180255867478651,1.01205592076116,4.6596260055909084,-3.455030020393796,0.9702364803263626,0.8749291282837479,0.27934459660033806,-3.3291061904075683,-3.1819365291311,3.4739732228722175,-2.6882891632328096,-0.15168690915875516,2.1323795449576544,0.4155598336933348,2.369652098466318,-3.480936257998497,1.938672383856776,0.6037769154491857,-0.21721497949476287,-1.2139501602820815,-4.41130228201488,2.646817252497531,5.184480779424522,0.8357665013043727,-2.9417954051493194,-1.313966846059536
7063,-2.4045690666758066,1.6484130270470345,-5.016096965015528,4.32470385004887,-0.43945412445316734,1.8870032790497202,3.760419350839893,-4.570787606573411,-0.7586032065781518,2.940326439860904,-1.1486058260136267,-0.22274915153564478,-1.096019784238992,2.7432924430642025,-3.1006754798791896,-1.1084728200043532,3.625402855828021,-1.0635272147691577,-0.043848269922598604,1.6203284842040162,3.864599347000265,-0.5506860079392712,1.2113534714277883,-6.101747024773218,0.6403054908916879,1.1909663061404778,-2.592359106494307,-0.08018634536626035,-2.4201502461411497,3.261423900972222
7064,0.8825366454586714,-1.2625692482280684,-1.2291514694243517,4.255029506346812,-0.3416960451816893,-2.3041493889702513,-0.9250522911625829,2.0720984185493734,0.9954954932648965,1.7554592220717034,-1.0961573996119345,-2.801843443111487,-3.5136181818904824,3.9226789132737494,-0.07411351825940216,1.836933291287611,-0.21275597302313543,-1.9591245313878005,-0.9167965020640807,-1.8028301594990896,3.307593329445588,-0.9112566640098887,-2.1620376851783867,2.4853276813028344,-1.7449535146637736,-1.536520652332566,5.657357832787348,-0.3201627705678156,1.495419623140858,-3.5511405183614126
7065,2.2478957627995406,-0.46676611454141437,-1.7711688004958788,-0.25073879147359435,0.43393557950608086,-0.19315763579364287,-1.92234208997613,5.0887946592946385,-1.181231234254588,-0.07561611761563647,0.39266538203991175,-2.3022705994882173,-1.2742774002566932,3.135108679186885,-3.7256246504852513,0.48765585870536654,-1.3215702308993578,2.6987077437496048,2.311288733398392,-1.802622903481467,-2.349139461704995,-1.1850077673963817,0.9374976175953584,2.0879837815860576,3.1590246219544476,3.775959615775477,-5.683240853019754,-0.26580062265888316,-0.12698768585320153,-0.8589550761954516
7066,-0.8649090174816898,-0.46411958629358097,0.8485515206401786,-0.3359548982507654,0.6384482767336861,0.17798370465325242,2.86396818457105,-2.5111017415141035,-0.5802658871549928,-3.745348831682472,0.9965104354065915,2.9762378403739334,-3.7273736656408154,3.136966988758317,3.219282118015105,3.856464898379624,-3.798839168148442,-2.686501171363215,2.681729495094231,1.166735514704028,-3.8919383228266113,-0.1081832870607311,0.39036668640980743,-0.23871008632377055,2.3816578052345605,-0.37059614884309156,0.48695821823002916,-0.15300503873259963,-0.5061730357944008,-1.8388418000918492
7067,3.621452502163873,1.1845624458079804,-2.0413931937851046,-3.6292214057424736,0.19051809455028357,0.6740815570065184,-5.20254693127076,5.263760283689734,-0.30117290667289254,-2.167020382917432,-0.5727567894148562,2.9797367265862533,2.8760998015478236,-2.930841270305292,1.7293553999122864,-2.7890507468236017,-1.5623752046295873,2.6768120202989394,-0.3981167068829983,-0.8412261158805734,-3.9199409665229012,0.7446737438842366,0.8521330704030827,3.5624769749961054,-4.247235657137763,-2.9965752300795216,1.6386922558490333,-0.44563760115023676,3.43503766981161,2.6157185627095316
7068,-1.495440983249642,-5.2482517208942525,4.351136850069885,3.6462390147972528,-0.6673178162263351,-0.5863653444958263,5.290823283538401,-2.798975321761837,-0.5219324258088198,-2.08781311242325,-1.0948008811267673,1.2126984575823343,-2.3585959077273646,0.47782586714493647,-2.743307751874619,-1.858603400040236,3.4008301341045772,3.0818510583932692,-0.4636819418941762,0.490627589847195,-3.748423820657022,-0.5785209601399854,-0.8860999864128036,5.186099119253726,2.8353731889405154,-2.798326308829438,-3.7411295580429176,-0.8218776108612316,2.58255842536299,1.9434018634327472
7069,1.6528708416486317,-2.0723770026834636,1.683220223272773,-2.7009974616020465,-0.7370213531578154,2.1743047525230104,-5.747906368399821,-0.053487887895464326,-0.48800886789781295,1.6794124288639978,0.47984554096546805,4.130145154363682,2.9678269157401935,-2.576374251246346,-2.854177051264795,0.442007381652882,2.5633024134779383,-0.5425854083593418,0.40980049255426465,1.2048060401496006,0.07633834098045611,0.8074031009727198,0.6103262004034544,-3.1086741750635767,-4.961047420066873,2.358303219435001,0.8493310661113718,-0.7067020815659468,0.3664858891873397,2.0936293269018087
7070,-0.6256237723073657,-0.7551621154895187,-3.895313442665291,4.953067045851412,-0.4074712257009254,0.7305035103128112,-5.64828580896128,-1.9853687137809892,0.34890244402613213,2.20578581630922,0.5955672919262947,4.483398970480675,-2.508562029828978,3.1093361160971966,-0.7033636564976824,-2.9332109154021744,3.922885842808874,-0.8870853571767174,-2.93166443040122,1.5905385740531823,-2.681885530729513,0.9091513481567741,0.2877858902785757,2.8260741486391225,3.2269117747337646,-3.5222716310873423,4.767267612851235,0.8726082521889431,-3.240315386161985,-2.104200622521912
7071,0.6084859032051444,2.7425988954430416,-5.294483143301175,3.202804275108683,-0.7804241968734738,-0.4789817335810689,-3.7457572543998587,-3.5439441541313847,0.38230136696031547,1.4300027378517512,0.021196013907545996,5.4562012898116805,1.8345740336966614,-1.6018939025811694,1.7287504288310593,-2.9375161819775926,-2.6646003730198426,3.6406859950514345,1.775983631077171,1.0862470496486782,-3.7692053095895517,0.031680911889272245,-1.8654494323616753,2.7407431493330385,4.293665148392098,-2.738153152547632,2.4429029017662423,0.22732341104816456,-3.4957466512612463,-0.7299916573949012
7072,-2.275655717564023,0.164927245438367,0.8467667378963846,2.969573880365129,-0.6479065457490052,-1.0577056003857237,-4.9128386637288415,4.114332030517229,-0.6519504258362732,1.9375549776107732,-0.7518863450678781,0.26478842650503864,-1.9577255185833575,-1.1794401243481207,0.6101682735190259,-1.5656824865251515,2.2797025626318046,1.8129772933063357,4.833518196505068,-0.060925254228392234,1.3718676596937378,-0.5682719752859233,0.7939035193974071,-6.370092146084961,-0.7574597001096031,1.6513110478189326,-4.659579182994417,-0.23430476751089735,1.4105933007410307,2.5894393020576914
7073,-2.3428441341668496,-0.9868280699018612,4.764547343787839,0.9465239683094389,-0.9514551448399413,-1.4299439631875135,-1.1826304546449826,-5.211275103572099,-0.920517109040496,3.2338595726734667,-0.3601993939214516,4.4407624885056265,-2.6729758277175897,0.9078835431922521,2.7029091193868737,-3.0323189984869163,2.4635470651952787,-0.36904490156935665,-1.10840617674355,0.31793191065553295,0.8312428663780409,-0.9915626209630446,2.8464701869561484,-1.8956761662861936,3.3119848803079606,-0.04738842115381203,0.686000152278261,-0.10838979015718841,-1.3598450873134276,-2.482361733959065
7074,2.7887613146243098,-3.2721426622393537,-2.044048296730903,4.115676937179128,0.47379229868732686,-2.0620395915194054,-4.849877305799378,2.0931464963798376,-0.8920439770085364,-2.111922689179373,0.32095188617948267,5.439745589428043,-2.1338892368739515,4.113267644068014,-2.3902383212810676,3.765802868494575,0.15093665492926078,-3.5058796093362865,-1.478379021572696,-3.1260023348510444,1.1104629523440934,-0.09178230464843651,1.2810710519603408,2.3046296567646856,4.711874720778717,-4.504605149193964,-2.1871706110920854,-0.9440299995049619,-0.22620431206549085,3.150135351080543
7075,1.836330200113693,4.836119329158755,-3.3596081615771425,-6.243000475926241,0.8252998418346755,2.1048592663973444,5.227067143866577,-2.3295973223399997,-0.24301044709972608,2.5491130412216307,0.09327279820033141,-5.296845213848741,-4.155867703284439,0.945084317095759,-0.8102309445402867,-1.931525178565387,2.2489770389084107,3.7035624703864407,1.2132929116290434,-3.4572861778133195,-3.2472255379181707,-1.1885127799888124,0.9400881565562891,5.739643427531931,-2.5667879908809113,-1.3180755727992803,3.410766245895587,0.9306821294050067,-2.2819716164339763,1.8253868048163113
7076,2.0058418347626876,4.1906238165367995,-5.933244942732468,-0.06145316152579383,0.5574213385161748,-0.7591888855562914,-2.220720266500809,-5.57225820446288,1.1314606282302435,1.5258315990576854,-0.4648696174343989,5.600555861110266,-1.3357828675956807,-3.183633920673362,2.136909164507692,0.8972598805114913,2.4541856303101888,-0.9689378870598251,0.1541333010435828,-0.910696021680474,-2.5391142016493706,-0.8765627653679333,-0.012331371515152512,4.184571059166323,1.2973672941477261,1.8428415365154827,1.3550873293270413,-0.3374177246518171,-0.5759263445875575,-3.581952090748139
7077,3.0046483423091175,-0.09053366885953196,0.9638842275811683,-2.051754353404327,0.5112585012131365,-2.337503048838453,-2.601170285110701,5.5666683791394895,0.3549371665434844,-3.2977475363332935,0.5099257425155788,-0.5326134667544764,-0.17405446411879666,-2.37491112939599,-0.9502912284336098,3.5106120512096695,2.849505299944365,-2.8608605292051283,6.054423754088635,-1.0496864409968065,1.0716160013601943,-0.19996037985582404,-0.42444818422713304,-5.4519447503720855,1.5879841225367493,0.0540666842285944,-1.1848278552741753,0.9525811871304386,0.2415679847919865,-1.6513721234108658
7078,1.0424873357309465,0.35464844822996966,3.2007840921394077,-4.9462212816979125,0.1507651753148207,0.19753623028390344,-4.980885034262215,2.0996009274708562,-0.45953333068936786,-0.2784985459885778,0.832309297704021,2.7870066857653626,-1.0100394724286108,-0.22596107526990394,-0.88131238041872,2.484811225672459,-3.560430046909243,3.192931749354525,2.0889938435525153,-1.6610697303395412,1.9930951876378664,0.07501359954763309,2.884947696652759,-5.380980597054247,4.840926642030038,3.2893651964845496,-5.6585675428619275,1.099701103248215,-2.9044793110930076,-0.6669460878051314
7079,3.2840879119035016,-1.5223995435207414,0.2630369213313877,-2.137836990826557,0.7559222209517769,-0.6428105198382248,0.8762093407904601,0.38506071002394293,-0.5403569572651357,-2.577844975206604,0.3341549192875748,1.522776962369825,-3.993213562532368,-0.2035011847381405,-2.2000817629828866,1.8068742527330386,1.5004417981482092,3.0894804593726484,-5.889710370350279,2.0230092140886313,-2.293642589265316,0.586363412455392,2.5535895832924425,3.02039074977613,-2.7948350090418543,4.506409054782711,-1.8397392191204744,-0.2640735427304035,-1.3089332179888054,1.701171934101577
7080,-0.3774917259056352,1.5197145106285355,3.285606127020845,-2.547459287291698,-0.1522520171548989,-1.7281176072960367,1.912856114927287,2.5555116255312065,-0.9572945992545296,-0.06205435866321096,0.2289334285849529,-3.6779522111256533,2.486315358865312,-0.21331205044610613,-0.07112092431950856,1.03541478922077,-3.4681480416826105,0.2308508683626247,4.259780278954299,2.735768234384622,-2.098638182764754,0.2727243544489033,-1.0552945876037203,-4.114340097422328,1.342080006603041,-1.4586065124006247,3.4341251335108502,-0.047241977038569694,-2.065040522301368,-1.2053161283706064
7081,-2.789231362891762,1.4424013991870979,5.9054778444306955,-5.756944232132714,-0.3041733789397665,1.5024697303475438,-5.197828589269545,3.1408079021902005,-0.7466817152713476,-2.2669156466296734,-0.9594871212196923,6.030105170200098,1.9205976543494963,-0.7784608722669262,-0.8508451883018111,0.7270158107578268,-3.9489202746973255,2.930612870159216,1.6275322598056121,2.0006115480051747,-3.5437247775631313,1.0215697058649527,-0.23687737670979736,-0.8691113594057782,2.178401791575567,-1.2944576713572005,0.9089856358405335,0.30763957365730477,-2.6921345146139277,0.5915651849004337
7082,1.3756825449378134,-3.2042255753091133,5.200664238237767,-1.840115232918631,0.8962682919917473,-2.428274266938497,1.6815620912086011,-0.30026329741166435,-1.0099231033186498,3.3592270599513796,-0.7741939356946546,-2.9564088147349494,2.0560340313656376,2.4435136449127732,-1.5960442265169164,-2.420886154032555,-0.19836713614939683,-0.2842501595790772,3.8093422341355456,-0.8738462670612979,-1.1759742993734736,-1.1859789852839202,0.7127529330223012,-1.2862956154420928,-3.247430032083429,3.4825942718938094,3.9444419099612666,0.08258530002777498,-0.9682762783079362,-3.2939151714887647
7083,2.481900028560691,-1.2192011853609408,1.4354843834905502,-5.422814966471364,0.34648784899070995,2.378143890791435,0.6939768603369139,-4.9449396082274895,0.38221913950790665,-0.9077592741875691,0.8470699674960711,3.9294329150742193,3.756901684173961,1.9306947278701116,-3.555701234272581,-0.49919008509130336,0.3300103188707517,-1.9627154115504784,1.9696683552637104,-2.4210184405512223,3.4445362966744923,8.776599927884376e-05,2.7676453169140647,-5.760919294303232,2.808215294230486,0.9340633815407529,-4.885765603270816,1.0595383050632607,-2.8631684907250285,2.9471171131640688
7084,2.922275731572128,-1.277103715273185,5.328029660930373,-4.9684292454924694,0.14198442270372746,-2.1467568544395226,-5.857538429521796,5.932628184954314,1.1221704867285203,2.5235402894580226,-0.3828255755923129,-3.337974956026713,2.192744082692368,1.3619389045124066,-3.5552375435406436,-0.6283232694902665,3.022891829507639,-2.39401400368104,-3.9888732687854827,0.6898057922813869,1.05617676303374,-1.1016035836511326,1.8870051870950455,1.4574891100235092,-3.822461673155658,-3.14210872304794,5.687150894751866,-0.1304326886503704,-0.45796900155211695,1.8658211916569698
7085,-1.3115014436372867,-4.440563672959215,0.0004504803278457814,3.747579247967945,0.20084130171825976,1.8031940865834954,3.90460179501094,2.5316012143513724,0.3087148456901554,-2.3557159789453976,0.038618225610719925,-4.427820101717728,0.29176580224956794,-3.9099038884678023,3.8458098240179943,-0.4535725571043905,2.376889853911159,-2.150989034606088,3.465445250092774,-0.7490689996149733,0.5276558556451754,-0.6117597604824443,0.08519331967110944,-2.7174656653145526,-3.1224404712013616,2.827147867062955,-4.336809062558121,0.8710666104733864,2.4764701709176364,1.2845648853082636
7086,-0.6300697933953305,-1.6390567191074794,-3.620180915431071,5.502540727523023,0.1570584258093679,0.22970827460256693,2.9423643031645383,-4.417728411765687,0.2877465953148075,-2.255434090628981,1.010819859159799,2.432231744755569,-0.7891824269590373,1.2766987826746075,-3.308569751593245,-2.7662393412910813,2.1022989427959473,3.4849937943732705,3.970238505215473,2.1765075960625886,0.33847096979305036,-0.4454667139647661,-2.677267695047634,-3.3624826620616197,3.168001785805064,4.464570328112817,-3.4302855685124563,-0.25307299565457964,-1.3497168579174659,-2.599496691830643
7087,-1.8023574157018913,-3.6294497697241255,2.536625242025668,0.9073511999154746,0.7749751304587877,1.2128556130271733,-5.842753252571715,5.1050689587592615,0.34206299669025597,-1.5831664473793943,-0.5859137579810039,2.564701502482638,2.8283338364399455,-3.8685680444825916,-2.0323489688925633,1.8278883150328191,0.126505642713159,1.1181892191896807,0.22747857495059165,-1.1994942524078702,3.0829944533802554,-0.6198561807176546,-2.700225104676779,1.2091025094685506,1.1050789062225057,3.806903940712317,-4.301063146432458,0.008293613547406764,-2.0257093190060136,1.4064960049589708
7088,-2.2616887031050936,2.4478492935555174,-0.6732236208045101,1.8476097895658476,0.6638359974801382,-2.0243827566908115,5.156648154331599,-2.502438122818912,0.4369871334669089,3.521006865170314,-1.144478359439276,-5.467725670710578,-1.049103748948312,0.39086465189704,-0.13643903603270502,3.0801926471199437,-1.3678346367460446,-0.9176798772894692,-1.871451467792383,0.43604290149855096,3.6557132260225025,-0.0188431712195678,-2.0235926395534367,-0.17786884895856758,1.4263352592679936,1.2818836270043086,-1.4056360038165607,-0.8505809758355154,-1.4301162688299627,0.9781143622124624
7089,1.9728171662969274,3.061939879719926,-4.431637156792405,-2.2349629286382218,0.27208304444069054,1.3597599949741443,4.775829319416296,-3.453002629335856,-0.5469473794176443,1.617581099303738,0.1256101450199738,-2.519070554986474,-0.1478187334571146,3.6888424093493732,-1.219751894311198,-1.6082007883986904,-3.7781858306829292,3.065114837501003,2.2280189132968857,-2.4987375708179513,-1.0549191512569251,-0.5078616980974946,-0.1687308299038346,2.002230336776428,-0.4481103699440965,0.0023750033635110412,-3.1730982271736323,0.36968567213578574,1.1541634897652102,2.0949844318559485
7090,0.7323159427679204,-1.5861535839647338,0.6441032514764871,-1.0132899946568301,-0.4671669269377403,1.6901913113159424,-0.13561654954008873,-3.445789766846584,-0.6770322010469476,-0.21055189722769896,-0.9638755053181614,5.432865919979527,-0.5005702487600807,0.49135086434272424,3.7176924851161566,-2.1473394284133267,-2.658887306930195,1.097753634645155,-2.229392965851769,2.962615017332702,-0.2526454927580577,-0.44889029477088016,-2.7028396914991006,2.671153427544194,0.6369702363103613,-2.9238626417139173,3.81791156471758,0.031822462127404805,-0.9515788002763887,-0.6112628211623061
7091,0.2880900601802576,-0.1774643689892592,4.660712666162887,-3.6483283718741326,-0.9581648574173258,-0.16484512806137808,-2.08823253919763,0.2978518780462167,0.8890984187302582,0.8684908246612633,-1.1093201568372346,1.142111574597152,-3.418941744899888,3.601451708837981,0.3540669684683806,-0.5086269747779468,0.5600690985397456,-0.5880190561678553,-1.3341449828302778,3.3214190785571596,-0.880865720145712,0.24974934102840152,1.9098511234804985,-3.2660088400930043,1.8319983778113027,-2.5495389498914456,0.36924763716683984,-0.8820475557123171,0.6512048968566688,0.5791355937716798
7092,-0.3686535750657445,0.649672119942263,-0.01380334712028386,1.9914881523154264,-0.46195682720797593,-1.7967465228626764,1.805745669482178,1.0653122147147798,-0.2644491601017247,2.846727578184442,-0.6028824714236114,-4.850453830856058,-3.349084724659976,-0.07360809762819898,2.5524655052863707,-0.10748430989609403,3.178210769349981,-2.200499142451653,1.7494626226365213,-3.4859040119564746,-1.440755965548414,-1.1251373788590064,-1.4833260969530961,5.785660830677571,1.24672139895641,0.09856073658807674,-3.7819975459772124,-0.8908817164539862,1.4835281486866485,1.8440689782028237
7093,-0.711766025290542,0.9297995029534647,-6.145176801803693,5.77357616672742,-0.08637901116021474,0.23994616857461004,-4.052250570794378,5.449993623241326,0.34410644857865336,-0.7509066831656881,-0.6048395129400408,-0.3861033049198781,-2.0212098433813033,-2.076861051897664,0.6721652242909464,-2.6422851687949898,3.4492152329928416,2.6189756067905634,-0.4450376237546756,-1.3511503362398702,-3.311230830775827,0.4088395964326166,-2.0035901205121736,6.702169314847026,-1.7812012934705628,-0.8067063710426474,-0.9453143782137552,0.05694841742142476,-0.09678826322221568,3.573061888530482
7094,0.977588634962185,-5.644561414595241,1.4826765369437993,3.5830950777506665,-0.42796807376878343,0.02916923870840904,6.061385672219821,0.8465517889039802,1.0631947914622453,-2.6149054491528254,0.28044445057714906,-5.636671254010391,0.8594705905522666,-2.292270434047664,-0.41716922396669887,2.532523220792587,-1.8794121889988205,1.1968580356687326,-0.22153478950422922,2.5829413475397303,3.0612615389565754,0.07613862238254931,1.2356106769649688,-6.734417396342536,0.6655882481318081,-0.3176411877709313,-4.433253771735153,-0.5968065939255869,3.331691599747959,1.3504217055546022
7095,1.05514651624296,-4.856395632195319,-0.6190330741180219,4.922624222437921,-0.8041010942991402,0.3017590619326267,-1.2702859392231645,4.685641162960376,0.4301700432402846,-1.2885078896254356,0.7807639759229446,-3.3377813532750444,2.883637643449731,-3.7877048030166396,-3.7421560615129525,3.8277348083272678,3.9875341894153813,-3.1690457766623705,1.488894822229252,-2.7835578333089206,-0.3991918957869487,0.26367141841127495,-1.7987094136046586,3.2288929020570585,1.5037513366637043,-3.3465876980566485,2.6519758903056925,0.9155054571348673,-1.6605832776937248,-0.0640617083511934
7096,2.5538824412262677,-4.422889503988753,-4.263417582211005,5.701360510067893,-0.46188811872946545,0.892952253636091,1.9539875284310249,3.9251155208307154,1.2059134068993504,-0.5649636651737815,-0.9823311360469997,-5.537721654940363,1.6213496348328214,-1.2845031991554166,-3.2403904005404023,1.1740992063551907,1.3743749057066488,0.3550698528015559,-0.5185469680391002,1.1180502342021725,2.2170187038008855,-0.8397752715950784,-2.0002153967714484,0.023468698399607746,-1.9965932045473735,-0.2610196634174926,2.5535554133259772,0.1525011152429796,-2.292833564790673,1.8443899041892884
7097,-1.4439875953914019,0.02536181722010511,-1.849090151815222,4.901551351647107,0.46490519581965994,-2.098740617479235,-1.261645975947605,1.5341543159887507,0.7536623230552504,0.2857209369348457,0.8429220097746182,-2.1548136098058777,0.33212171186698924,-1.3807694674282374,-3.738924407191927,2.156488136585473,0.6561360105816831,1.974948015586449,-5.491119865245199,-1.9628051958790245,-0.1211880017245015,-0.5500719350305916,1.4697675314918008,6.655417466384563,4.103059757117698,0.9437974170804075,0.8818766745478079,0.5928734397388871,-2.984052470872692,-3.5375548176093616
7098,2.7612741255220854,-4.231552858342642,-5.182693733533441,4.094424467027583,0.9612492405476996,1.5972987587797434,0.5613855369857816,-5.5330272525007125,-1.0315877422406339,0.26651311139547573,0.13512724185620684,5.6015891045038515,2.5701984856102804,-4.093381886586844,1.3071131846645976,1.7399304663670847,-2.927835550775807,1.4039753007211218,-2.6866369021580674,2.41049288607827,-2.7734943591086765,-0.6842323693181971,-2.0090973363128857,5.7429680808165955,2.327019138299974,1.393406059598096,-4.714036112189607,-1.0157926989783754,-0.20331608443083127,2.2127196977035233
7099,1.7184352556612161,2.365264384115175,-1.55994852109637,-1.5520964228884395,0.8096355550286014,-1.7812902508191222,0.4901427373958498,-3.336415151386369,-0.4172764804481002,0.08065735415804731,0.08376777981764327,3.0991237604628843,-2.3250817940057082,-3.9139231590500376,4.080181621622906,2.2013107727975303,3.4222472439936134,-3.4647346853578913,-1.9797879554092468,-0.6828771927470711,0.880161511508831,0.6964592142905515,-1.9179454546174544,3.003989876971449,-0.7998156713755371,-2.5824200020040102,2.288574068781962,0.5987879302887649,1.8999166468048152,-1.4050429724931845
7100,2.1479443595370746,3.6265181417130847,-0.015160007735005365,-5.124256848897655,0.227281641232985,-0.8623272858494158,0.23783925383949267,-5.524274934560104,0.25183215857998853,1.9836314027145043,-0.46205093356069504,3.513023052986771,1.5739125970061032,-0.7904199155701299,-1.7122061834334605,2.667777773309343,-0.9459439609756792,-0.7931203103357234,-2.4177833630790566,1.5393462661648627,3.2733227366879305,-0.11535354524857588,1.7467114167204354,-4.026243511248527,3.0055486130976803,2.058463388590038,-2.5117756567693306,-0.816189906829778,-2.8771050962475204,1.1410586581617324
7101,3.216668605168124,1.7987238473667482,0.5681891389208182,-4.899848260533609,-0.03560846160456821,-0.6481248693164527,1.4582527204576508,-3.066976721340186,-1.0014798674561303,1.4035864854073523,-0.919821907030518,2.1264392899617945,3.5150465897344603,-1.7996103200575249,-0.40107751563441596,0.08985863437094466,-0.012304411692650064,-1.3919129767203593,-6.0663837005380365,-1.8291356371645406,2.6893079112611176,0.8554318713232867,0.6925014296465779,3.6582781254686694,-2.597746167100574,3.0285099943133957,-3.590614160418909,1.2063123359425099,-1.5497737106413219,3.503311707907695
7102,3.3231598916615326,-2.4476235926270498,0.2812027826411807,-0.9374296355702398,0.16995635710166734,-0.3892658032060101,-2.3625773778525634,-0.7243489366469404,0.8225253172967228,-1.466854265665015,0.590140034677896,3.141115228189836,-1.0758450171359346,1.6945774934607947,-0.3407380927211854,-2.5843876692350314,-0.910101316610028,3.2164946022418555,6.211461883514495,-3.2847063002733137,0.28496570195519055,1.0506549903287379,0.20368238473475486,-4.466058660262771,2.2070604977459567,-0.6789201924464265,-3.770261150479996,1.0070829370474295,1.244518152662792,-0.00948024452698526
7103,2.211869802945028,4.216648438154486,-2.8731723351376814,-2.718385121027147,-0.7479849555800855,-0.08897582935354542,-6.248408086690258,4.009845753156082,0.5056355151154497,-2.35951678695165,-1.1266040855686312,5.219047690938925,-1.1154449667685071,4.047542651407003,-4.024074237215208,-3.773612695715391,1.4799172864188286,3.3856719618737756,-2.490565457634272,1.0221435372104146,2.4840564208269598,-0.44979738359001775,2.1512728186095273,-2.717109935425512,2.60519068681252,-3.3388462305601188,-2.947666413030692,0.8965395807838039,2.497258831791303,0.2875235442059605
7104,0.4601544975234866,0.21573033544688158,-2.6643372664925593,0.5185505751754604,0.924495227546962,0.5454066308007945,-4.06749256894139,-0.4509315983233293,0.5035393848982812,-1.2204626641290854,0.7525936849641575,4.482753761531306,0.16587116400058477,2.0340295268378803,-2.0724021887576125,1.086852700601554,-2.767090885625306,1.552739682943404,1.2111485615139372,1.5866407138095315,0.08323850934662502,-0.5102723143358956,3.199052487532679,-5.569807957869749,-2.60339219158784,-2.2225145491209872,4.521156645911692,-1.0954735895149583,0.7827754142291479,0.617448270085676
7105,-1.0078859722133906,3.9401256648559375,-0.7145335015821459,-1.0298957012992034,0.6336112367337448,-1.8214217264939325,5.632894780255217,-2.6853833061460968,-0.7756458876219785,-2.58039875553278,-1.0736638811965213,1.482197050242089,1.951137681267646,1.9549417421973025,-0.2737490789896775,-0.6925337709192263,-0.031026075303401512,-2.9087704982521387,-3.3134289267546997,-2.5271075669895495,3.5447947857587323,0.9674341648291049,1.1817848473393973,0.14652269581413435,-2.1404157910190946,2.1863424836101366,-1.7147874012276425,-0.5293634676467924,-0.9948833374119168,3.193107513698056
7106,-3.2839968494436853,-4.276589586237346,1.6686779514887782,4.597582092886874,-0.2905117149465102,1.5848381062528993,-2.554225118212191,3.22928487817331,-0.19292401192966402,3.6171965475154764,-0.10002227823532284,-3.999310017311661,-3.977276874521765,0.2782523428939605,1.568325892885035,0.08243601038698856,1.3048312931857424,0.7434313351705697,-6.232187354915361,2.4567840691242715,1.7699305712883024,1.1908523911678355,2.0293702571856578,-1.2147499338536143,-3.8270616076545743,0.5338871518186927,4.473351377841553,-1.1560937928685893,-1.434903282969536,1.4108201538351963
7107,-2.7365746614171353,1.5340970876744748,-3.6941083679454323,3.339907093748625,0.794737474280184,0.7619413736602638,-1.2974118113547242,0.37485998092381223,-0.5982181732267433,1.2215803028793069,1.0127567348932942,-0.7135670341149698,0.8567023450484399,-1.0491884404656755,2.9887985239848582,2.1903453820228123,-3.623135063988995,-1.3635227466009283,-0.5058093917463786,-1.492034100458861,-2.8575107874306447,0.6617272391910012,0.19629746763972733,3.9973295728022507,-4.5433281502907015,1.9511943717034654,2.3952536929311066,1.1161781079508186,-2.297687185999351,1.3783891637073715
7108,2.958893441254979,2.9436859761456624,-3.115539984616138,-1.479454470489749,-0.49267549363359,-0.8149094686601597,-5.340111425279442,0.012480302008828659,-0.1824619488561119,3.291848585431289,-0.1509892599311229,2.36923374662652,1.843281573539823,0.8847606233777157,-2.381197061338664,2.0160746742986113,-1.9093245586333616,-0.4535952512436179,2.5620317174484413,1.122416264793216,-1.5752681493977363,-0.21179218986170767,2.0399543147819372,-3.937341957767046,-3.3842074314273844,1.9786260067689874,0.2141016759312464,0.052466647233524455,0.7948212268201029,0.3441918746762056
7109,-0.6600963637504353,0.5112878067618212,0.30166306951470645,-2.4642175083114886,0.7156346751448099,1.5957283206415855,3.298501902257783,-1.605191566165825,1.197190685390411,-2.439511004475108,-0.20448769175463433,-0.24650232525265992,2.911174979229486,-3.6020716709249267,2.936600151052499,-0.6590177457264517,-4.067185209042005,2.4804994954118804,2.8707996939455143,2.922657855460031,-2.399768067648745,0.67731755471653,0.9951896273961314,-5.066196663872372,3.692537675029751,-2.907160668828535,-0.25925702071336687,1.1874737593295785,-0.8598743286480559,-0.8537194161667134
7110,3.501096673630702,-5.637513901154449,5.9022970145754385,-5.837978000114475,0.8870647268447875,1.1850334862189769,2.1473985211280855,-4.840769650528031,1.0511527155629885,2.306955383837728,0.4446998769127193,-1.1094368469135105,2.6574620349256257,0.31195501288669547,0.6079542519938634,-0.3161075261536048,-0.03862067322669205,-3.2226431004253993,-3.249494681171015,-2.45397116430323,2.648762108190091,-0.3813357519212328,1.2553971012622398,2.180642387940196,-3.5785968585614327,-2.7994875832336596,5.7693879513866655,-0.4508281354792416,-2.1725804776169753,3.2321051035073225
7111,0.23084583588677354,0.40329738980249275,2.7642188224775524,-4.255569464779974,-0.6272169248492327,1.4844243414633613,2.831073663192626,3.2689445722528916,-0.7972981690915244,-0.7474323193090715,-0.7958272578703003,-3.759460489174643,0.25872139119159243,3.0135910780340502,-2.449948747516391,-2.6707939894243182,-0.35025717559567937,2.198687443311268,-1.6857726342704211,0.689697079146713,3.062533025565866,0.3365290802555805,1.689245438348241,-4.0922319890489405,3.780424399826707,0.33539466949215324,-2.6294575971092655,0.16727387545532135,-1.047810603452211,-0.6058247442099987
7112,3.7268894334327953,-5.385846819705122,5.870528301570424,-5.224810295690922,-0.8890255504642377,1.9022649308580526,-4.263139825681424,5.785802776211572,-0.8739834064709493,-2.170045340990539,-0.7156754454193885,2.237041242350717,-1.1915073068737279,-1.6611167313646131,2.0370638086621398,0.8382547917825143,0.8990575686955751,-0.9217521309013694,5.353057640498896,-1.8492187589046996,-0.010354138448539274,-0.2187232897773841,0.9515762536971053,-4.2263377070683354,3.1669012372669485,1.4267434799459338,-1.4386582224422,-0.44680942314305305,0.01937934517450124,-2.7275564167994215
7113,0.8892637027272485,-3.6131798510423643,-1.4375274887391214,4.168638747572448,-0.5552691359615429,0.5480740254443095,4.512723203786532,-3.6827968370937754,-0.7835513311751194,-3.287255737094327,-0.9326734931846028,4.173554194761319,-1.480550128730366,0.05852730248222926,-0.32418122009510597,-2.2068984428154916,1.4787263405393496,2.4743761486199176,-5.957302493127582,-0.04145787176181592,-2.563981184286277,-0.5141497738032799,2.6174479352599445,6.459443387716071,-0.7714624264668437,-0.05127529346200532,-1.956501602841442,-0.22051639533476308,2.615272043403504,0.38448367470427236
7114,1.5569097760445985,-1.861695445998123,3.357871171020477,-4.587480509169488,-0.14431319774731843,1.6787082058508176,-0.6882201238518384,-1.746302575137932,-0.27641771294355255,2.065849054147435,-1.0182379418855798,1.6633292996715134,-2.134199059015735,2.8172653786012525,3.7715635261629927,-2.0807629220272155,1.2897582563117886,-3.6636251800325486,-2.0841831517262968,-2.484338405369469,1.9561907587717045,0.6745448930464901,-0.755614809255972,2.693400714530611,0.35146606860807594,1.2907924035154963,-1.469615831029767,-0.6838580180424838,1.4732876790185365,-0.9620723020671171
7115,1.038175609867693,4.8811093225366164,-1.1774479643900477,-2.027533036029954,-0.2313030225182129,-2.4830009094651286,3.1426829993057694,-6.144994008766737,-0.7862641562617654,0.13177162111161067,0.8668996922576637,2.789903852353511,-1.3633886336026624,-0.991362503710544,3.6863914400884887,-1.0464659756634767,-3.9506885921009154,3.6655142649896604,-1.4719567014755093,-1.0668518433396503,-0.9225827860363669,-0.030174724793596397,0.9973697280570235,2.4941963275851755,0.5707990307308854,2.3892234720492525,2.2844854513988473,0.7962774131522075,-3.671590342499295,-2.369195024829162
7116,-2.641443889364135,1.8550735172208945,-4.023337889804829,3.398752298144533,-0.5625796470409132,1.9735356108453797,-0.2574844148043596,1.5907366172027793,-1.0836647224500098,0.7775670709799343,-1.2063680237586119,0.1792134728303303,-3.3145608211997306,-0.442899104572664,0.9750865130033937,-1.2508173120578387,2.9229758515550373,1.110214873272355,-2.9882728812131525,1.7063795437933464,0.06198841022230539,0.5875808541182028,2.526733850179431,-1.8944097771030783,0.9173473403356383,-3.9836920535015814,5.560643141734925,0.6431395133218274,-3.1787817034187107,0.04134376153064068
7117,-3.1973373210822533,2.1289283914518506,3.3036897553837825,0.05623368824238284,-0.661982693911521,-1.629531820083308,1.6861169402861513,-1.6652953803136583,0.4875491265630947,-0.6442072777187278,0.958036508780121,-0.8221999175969117,-2.439959703468528,-3.8094465519758742,1.3297546822296376,3.7949636906312314,1.5115707905941136,-0.3868829080099978,-1.8508018849505135,2.2669865413735053,3.8923405766554815,-0.3228822896318553,-1.4872118281514428,-2.4984311152981,-3.857354318525303,4.174162950167187,1.4659273411351421,0.9773954085533756,-3.669603013390299,0.9094716320626208
7118,-2.3012725831751233,-4.95013112675516,2.296137934423946,4.941125800019382,0.7180764709000962,-0.7039364954122185,-3.877008601303306,5.75947851146169,-1.14051912824433,0.41094883911010527,-0.28229963749391374,-0.8705999835301839,1.8929685661494275,2.559683940774242,4.0040724564729935,-1.5067478542255337,-3.708631930969327,-3.241345178201229,-2.6280264293595366,-0.2032998745744461,2.9781217551978827,-0.20302836083274212,2.349202030191396,-2.2929691206254788,2.2711462387828902,-2.4853716976898923,4.030790704426778,0.324325780531006,-2.730610577632641,-1.4102804484154259
7119,2.0174499812096442,-2.5158767087255782,2.0410561986554008,1.345039577328837,-0.983873122388937,-1.9037959260784287,3.5774398204349502,-1.0691671452804528,0.5410992802073702,1.2112841433351136,0.6658588827955922,-4.926514981492492,3.7262028076190816,3.8873916632233474,2.3165775303453735,-3.5558206146916884,-3.397550269720819,-2.976801116774732,-2.2651231462895254,0.28926230744726134,2.1787854085218576,-0.22064083334498896,-2.5512523414177117,2.5689686050801654,-1.6283101665103707,-4.212487977101402,5.056743566403881,-0.7440612139180418,0.42133587583782806,1.1067799152908329
7120,2.697644497873469,-0.397344018153035,0.8992758537930534,-4.207355723811439,-0.4986514584408608,1.5064308487397664,-2.5868409588101784,2.0699871693985976,-0.8887245024918835,-1.7930519131009408,-1.101628797092602,4.300259002097121,-0.7122942779442774,0.004223407080260699,-0.5392597893996829,1.7638672595085687,-2.4706737180127565,1.9541371187684646,0.6006327699783114,0.5087830960063116,-3.851005991665179,-0.9476663140250325,2.2828733583668495,1.4063830813357647,-2.673433130187661,-1.2326053520306708,2.364965787955523,0.2528149913123441,-0.4953387137904137,1.7835964167436202
7121,-3.5800883945424395,5.5070197144177655,-5.669886474003807,3.5170611642583616,0.15752939473871352,0.06836459513240989,-3.095925963721239,-0.5266137464098932,0.7667942783285575,0.6203166077419464,-1.0465568257658555,3.281985649826627,3.5363049900874834,-4.035591617078122,3.206897060606355,0.4381230841033279,0.05166912693036352,-3.1974026446488164,4.785965704209474,3.114426995285836,-0.6046901293488993,1.1761635310051712,-2.3622501234976507,-6.10961597765689,4.4634105455573305,-4.081136329281245,6.09013436670417,0.18963819256846648,-3.334446803678576,-3.3275999718673948
7122,2.0408258576478957,-2.100018247901609,-0.20054708344920158,-1.137055989105889,-0.5926538175491669,1.9894492803589738,-2.9054525927623835,0.21890482154268653,-0.7463830382226178,3.678377138935776,-0.5998980545245036,0.3544517250311934,0.3861971159653095,0.398335071962304,3.373314025709668,-2.2330251583390037,-1.232527264783176,-0.6922937905144906,2.908362353150366,1.327170833128715,2.6805030929594267,-0.34313703406226637,-1.6675117445797536,-4.905387500599417,1.9488347438584128,0.1585052273773364,-6.217600092022067,0.3545366391174003,2.763261061519369,0.9924624201523145
7123,-0.5089623325177062,-2.762227756651729,4.21067848904368,-1.070988348765642,-0.8923015634363454,1.0238015123287454,3.258263012320608,1.8780234229417267,0.6541207204678283,-1.8237151571315007,-0.14964622588213494,-3.8170457727164013,0.6241880620600675,-3.1656710386793705,3.383849768284449,2.671700751732619,-1.6233571980041788,-1.8907103453929466,-3.159215074722294,2.3128423689525803,1.7109063871652381,-0.3433693325112879,-2.534863431021895,2.0136990821347105,-0.5969905077894602,-3.1945463099103186,3.2405464242030213,-0.2965302598660413,2.3822843398383178,-1.5347636864727328
7124,-0.6783932814465281,-0.044902773269882346,0.08497902043150773,1.4902517259296104,-0.24489420072830081,-0.6070404909154092,4.24278988311022,-1.4735391169350152,1.1163024913526973,-1.9422277593872561,-0.39565140985373404,-1.5476740882868043,-0.417637888690777,-2.108302532686304,-2.282528191651684,2.612222377211708,1.3108321996232064,0.8854140361944829,0.9474063007574891,-0.7349314980066275,1.5026597065055398,-1.0170149043458125,-1.8083973055440072,1.1102777006304905,3.4630551784943755,2.953925147116287,-5.686722041296051,1.0253859423051228,-1.4568500916663503,-0.29879413495059026
7125,-1.2924256475545803,1.5745558650543217,-4.541354610605804,1.3701735432795026,0.5147214679268939,2.3743293819006777,-1.268005301801093,4.342515412909577,-1.0652645163904007,-0.07154671957889391,1.0993484691707005,-3.0370473443097836,1.1189701180893472,-1.6793554976531642,0.3836471471797509,-1.3854830573494095,3.2436768667836198,-1.6814555770495332,5.583027620213034,0.8195014876752431,-1.6780386207831945,-1.0017556046424017,2.725731224672492,-6.448466107138103,-0.2533202206668541,0.7714627108660856,-1.4117372206761694,-0.209487877481636,-1.6458062302152712,2.7488888381766436
7126,0.2255920348366267,1.321865075269411,-0.5229317981837021,-2.6266329794545484,-0.0974233499663304,1.6995310174995417,-3.271560055007896,1.9062819590076536,-0.9492586940349304,-0.7555611713342216,0.18360395717483247,2.8864940041946667,-2.51804106641867,4.010158206443609,-2.3843803905296603,1.912898381948601,-2.0437022814342853,1.0230671499910642,1.3211609889755458,1.4885668763924915,-2.7012391138698906,-0.8483992258785031,-2.5121807546958834,3.252091229073315,-1.1883742449720138,0.5628594488765906,2.7883516687145686,1.1413223612911425,-3.5654535329578962,0.2612942990503875
7127,0.22296852251022514,-3.1936383037014835,0.11315512978796605,3.45783854530999,-0.5865891645866084,-0.013734729319079264,-2.171870694827824,-0.6238234861869998,0.6406037156341702,-2.220505860738168,-0.1892541243706054,4.564850450489512,2.776463672852543,-1.9086545769202843,0.4668123068885919,-3.3917070144210495,2.233372401105264,-0.17628678950441845,3.8396947114363513,-3.36486608892986,3.828175942434193,0.9295784151252349,-2.2853783966247683,-2.947204583444055,2.260663066593075,-2.938338484256878,-4.070479912485922,0.6629860402800363,2.196374199727188,1.8887950901452655
7128,-1.0740228777919079,0.7443523500881035,2.4557255711733035,-3.801774926316508,0.5154043991741055,1.160315483673907,0.7049704891989528,2.5392673881683194,-1.063867894690834,0.37395854791080474,0.2500319114619778,-2.8043604420491235,0.6178788483511859,-3.796054272842266,1.0927528645749796,-0.8625160626140307,-0.3222154182699235,3.270154040800687,-1.2183915527967173,-2.5636449247322997,0.4700852569283924,0.8351736961583027,-2.939652050872091,5.416429575311497,-0.9529323721699434,4.013840540456499,-5.569229949507648,0.2409822119375864,-0.9532144020455302,3.2205539713317997
7129,2.616569656460239,1.602648678396072,0.898464809261732,-6.125585482731296,-0.5322917972234134,1.540194135837659,-4.866909413486823,2.5185735831033043,-0.5813171866502174,3.4578376188549242,-0.46811543446057247,-0.06006916736050272,2.7158479904150177,3.270914588097348,-1.6900400098690245,-1.6570574381419583,-1.9220258884169006,-0.7176392420838571,-1.3176501988570273,-3.0926633871952287,2.198043939368098,0.8851724096425295,-1.580670784286088,2.907768021324788,4.769836202122367,1.414410251462396,-2.4179948468035732,-0.7228926353377654,-2.3696640115438488,-0.6736949598968085
7130,3.3839202119061653,-3.606040423194255,1.4057611846240903,-0.2730677936238699,-0.29077402717799217,-0.6197991525331457,-4.652139631797866,-1.6862700145106437,-0.6801523827855567,2.262618336638962,0.010175836903526303,4.745767855551698,-4.219758045938217,-3.817430576363563,2.4676374574609277,-0.5483192983236478,2.673206180651846,3.4446642825133047,-2.1350920257165846,-2.286165576222057,1.6415714342932972,1.1860432666996097,1.8517998676794711,-0.258156966736685,-4.3741359847263315,-3.469889292290741,5.260583715090881,-1.0922454365792,1.8948801018831318,1.780806896625009
7131,-0.40830131311053286,1.5875621320869762,3.398235765917029,-4.756651474874296,-0.37335813319018496,0.5525130231720059,-3.559878316735759,1.8316183916245699,0.9987084177493584,-3.3001286879329754,-0.6547603055386659,4.684440500833592,2.48356571692684,2.2486298488137173,-0.3797851316647147,0.16537589690939214,-4.167568415056433,-0.3502179159281713,-0.5774928858853485,1.3740894846360288,-0.1632251169346013,0.4545972211942306,-2.8344408578767766,1.7464721548635502,1.605200136900347,-2.5192148423880028,-0.6077801305749517,-1.1711518798121014,2.8933999925448752,-0.20045327666742097
7132,1.6956739685028452,4.6101493915920635,-3.742471780263738,-4.529698812448814,0.41442444919131827,1.5519227834272904,2.453656520036187,-4.495134718475036,-0.09115915799828578,-3.1278293212730777,-0.30969922150065,5.570165899210945,-1.7407385422417114,-0.4527313133267157,1.403573637504092,2.336527584536178,-1.7861443800649024,0.2395130135937027,0.032660092005038166,3.4835738739987328,-0.7325956400242397,-0.7191505719104683,0.4874084313201408,-2.5518961853920956,4.973549924256957,-2.551182815823566,1.9499068818797554,-0.3488292616699278,-2.0599723963065024,-1.9634723323339713
7133,1.421984663510493,-5.320822744130879,0.15012129358909476,2.8679626924168566,0.6941334539008879,0.18662064071449258,-2.010871288559205,-5.192987831082661,0.5293638329167241,2.4187829088913553,-0.9446248670809796,5.20033724491487,-4.047670936357514,-0.7043827625045367,1.3112075093090922,0.02873526051003239,-0.29707331863815867,3.7091842476816694,2.3681442995225304,3.179564014802505,-3.5286813702709416,0.39413150878081726,0.8028697702601928,-3.2160282230979647,-3.2728883256005865,-0.780515790108403,-0.9461220690071208,0.8325515167958102,1.69026483889769,2.4767098290253493
7134,-2.155974038321183,-0.6075885517528263,-3.5275902860329253,4.36250307150754,-0.2451853461060347,2.1738351507063705,-2.805250637771003,0.9542520272365387,-0.16720295536244567,-2.628286596530506,-0.7776717859781161,5.424159948405659,-1.7121146608916344,3.5813322349774452,0.5368841165230194,-1.6365982172596283,0.11876943796271178,-0.8882729113113488,-3.657201055448546,2.7729258881454903,-2.944684998322847,-0.4218127735594406,-0.3409787385406631,4.591751677723167,-1.5799960288502817,2.4215117544164464,-4.700665099845434,0.8352423595465535,3.2860092348048155,-0.262102220069389
7135,-3.668225013406232,-1.6196619797128449,2.678244333436936,2.7562883151985993,-0.48491246578332503,0.3382668102678057,-4.691081836746147,-1.3962780744821934,-0.049440887339009976,3.293034788683336,-0.5362419569987393,3.3800079668828644,-2.0596259605664287,-4.168412377292073,1.7648562180500882,3.6162675595474525,-0.9785363409443661,1.8254509012059117,4.099349371477153,0.4126459677259824,3.0896450945226697,-0.7217199821974036,-1.4391031842871964,-5.440817267244039,-0.539955166677494,-0.2393212312847126,2.972598833531645,-1.016140872268704,0.40728257926150313,-1.5844641425595274
7136,1.0474329357248955,-4.090244290372954,2.7916811569920696,2.018277598341374,0.6178203777321087,-2.3849677784165433,3.4315687457278052,-3.1875376088173653,-0.31131192292437593,-1.0360393784585202,-0.696948154200455,1.800268318673023,3.304469423935938,2.1199232762391773,-0.1568577329565315,-0.5313999857395224,-3.806856951405152,-0.9292780300733217,-4.8954458502781755,2.391692163656508,-3.182956224021325,0.2706756551636813,0.42965099356439573,4.986383261912071,4.127570621973614,-1.2587286093005616,0.6904770999549292,0.4025502133735719,-2.030329912934066,-1.9315394130647512
7137,-3.135995197149997,5.7034225077667635,-4.108707422521402,0.8971952221280688,-0.8212094018978375,1.4652942916753489,0.9238109909034797,-2.8631272647810704,-1.0029515097817434,3.4905647741823635,-0.16513658879534,-0.38316040172759,-1.894398107957679,1.001022518666126,-1.074871202853247,-3.869089188398247,3.9901445366438324,1.8471914438997956,-5.081359746201699,3.0404275746584837,-0.7618962332460466,0.7955554571683177,-2.3995315278635125,4.406804475481621,-4.657884184988488,0.9860489562806087,-2.7862299749490873,-0.20011721923620573,3.6107460132565734,3.0474364096393494
7138,-1.912725149535655,5.4013587582495965,3.4850830118679568,-4.440533441741142,-0.08178383761745711,-2.451399341222378,-2.2662343133277503,2.734975029614514,-1.226896704774406,-2.3668416865417914,-0.8596328497870438,3.9846305248165876,-1.1664936938336723,0.6278034114614783,3.235006623982734,0.14658302334317952,-2.2392423231901244,-0.6036570417629807,2.189331933983855,-3.1482629604397108,-1.6449688800604978,-0.10995414386171642,-0.35272653041799273,3.066580580793236,2.006956763101016,2.1736609591788536,-3.072542957261284,1.2026328780142723,-3.693111902162178,1.382404259132045
7139,-2.196340653400057,0.9564507074831106,-2.3212083834381474,3.087121150660142,-0.15619894944264634,0.6301761281384781,4.412482514231382,-2.4532543976879637,-0.913742992861355,0.2944598949582584,0.48383643688997147,-1.8237814555301632,0.7367942690180413,-3.1875293487335163,-1.6445943558370608,1.3480309221451456,0.0528790219166595,2.6944194914913524,-1.9388136479465423,1.5516794607472804,1.974552283419321,1.0675057152525236,-1.8402518087713275,-0.8146720027040892,-3.680627719518803,3.3454612378872,0.2467427500992514,0.1285101159973756,-1.992237106593663,1.9521507221313712
7140,-2.891267537079054,0.6129609829020133,0.7455389507676635,3.976499833019446,-0.5486442192222176,-1.8950880103869654,1.2601100718783371,-1.153047814158942,1.0863413951718632,2.0137562415824704,0.060172955569986364,-3.267332850043612,2.8949640138244277,0.11623742493170752,1.8340344139125442,-1.917508917932528,-2.0486442859317027,-0.8790826488038057,4.7091124874121455,-0.8153574704993698,1.8003905470173436,-0.4554878464141394,1.5083164435814105,-6.7469741611002405,-2.199893651229182,-0.6581254514782451,2.4428833540803936,-0.25825009648523345,2.4947867194225815,-1.8214008743076384
7141,0.27964126678214285,-0.2827934270936474,6.092406134138493,-4.933067775126673,-0.1907773804471946,-0.9654088182521807,-1.489177681559017,5.78628214834206,-1.2288039937287234,1.165814951836932,0.7965620223171808,-5.030677447208344,-0.10908365588795021,4.158003202131535,-2.516127784242528,0.6587107782131625,-1.8389776616701283,-0.3525248785434183,2.16308534744417,3.340434202321415,-3.7651326065372075,0.9870975227252456,-2.84518673440917,0.1197022684527127,4.081763067618439,-2.57667363823332,0.1626191725694106,0.5672378744870699,-2.925963818427853,0.6910173419888999
7142,-0.2652443129496227,-5.368490692677881,5.967258237457703,-1.7689030217168416,-0.7179449439647994,2.153324733852372,2.3348765958078275,-0.7678783501474058,1.066477326136896,-0.772973648651206,-0.7894360695252924,-1.0710658536207447,3.4615785994613972,-3.547359604775881,-2.3630840198608603,-1.5776260955371413,0.8182674675302657,3.2082236531829373,2.390424478656932,2.0310183768284062,2.9274866411587332,0.17919244354050523,-3.208048332343873,-4.32007360784354,-3.370318865895676,1.2842947430942218,5.658662157285018,-0.4525865904553532,-1.1133085158595435,-2.0067429281660267
7143,2.415801129989976,-1.1456292081689767,2.646455247083903,-1.2292029095601045,-0.3692345274828155,-2.318189731861021,3.3716971402952574,-5.512248391309914,0.061759653834585926,1.4396401477884027,-1.0092192814603194,1.6483707308520898,2.813456945152282,0.04866597180818388,-0.8315697705747311,-0.13707352418693475,-0.5293446648837268,-1.3641349573143344,0.3634855454647479,0.9055855409566895,1.25508357093495,0.9307668911791183,-2.8996253795129583,-0.5552961690253859,3.403899005396429,-4.657325515966702,-1.4287602955057466,-1.0481219226165837,3.61473655122618,0.1155721774690619
7144,0.5237644464910467,-5.2371147861130005,3.0104330796968384,0.9865441302579576,0.4710818944982531,0.24529123516984264,1.7819370127728789,0.15322524319536157,0.31942624781089446,-1.0991591374066072,0.34837425520295806,-1.5038036215753792,-2.4197213961446717,2.698854393256852,1.3623771502587232,-3.487487251814299,4.216224174985037,-2.370247070540886,0.5526105678874949,1.0235127014725034,1.7793083090910393,0.06933990465778805,3.0477620603977122,-6.472533543509375,0.44344770953744117,0.9622818733293919,-4.321364530602118,-0.1232271968337404,-0.3870901231429116,3.425952267714596
7145,-1.4757439111836224,0.7305009368488378,-4.985834123406779,6.234433304296971,0.31564955260033756,-0.8190057591548037,5.086218106676046,-4.658919096527715,-0.7207642569621306,0.967939461210694,-0.60076437591339,-0.07370983848341339,0.1317232727069353,-0.2292279678029061,2.616138929934749,0.6900419464831096,-1.6104539804982458,-1.598222200822887,-4.715034454390494,1.9479624505170126,-2.726538746251226,-0.9244982738308751,1.912649541684413,4.505459482268357,-1.6289877948166591,0.3005946387698195,2.819356810957661,-0.6627263568962736,-2.3278752048785964,1.4996379068666883
7146,-0.7049933248280045,4.3843235726664815,2.076418703219751,-4.529157882506009,-0.4042943860356576,-0.8222966825156437,-2.2042856676004376,0.5854011251425604,-1.0862977831515694,-3.51045508108097,0.6221156702075721,5.593521736482948,-2.4696083369515076,1.460344500796225,-0.5785916861670195,2.255887594549865,0.3314348089087069,-0.9994668811355201,0.21129681157587754,2.2290523058873006,2.8651836496827308,0.9494733923066061,-2.9879526523852054,-3.267053507070095,-0.7795127038124363,4.775974831028133,1.3483085937943642,-0.7529668360231865,-2.1327961733014718,-2.4590077116827356
7147,1.0257217169502013,-5.40936104792403,-0.486921049505753,1.8620026589886542,0.8353378031536338,2.1732199183382246,-3.2830564445812946,2.3091153225894416,-0.07392070274310569,2.745552219061654,1.1728751316176167,-2.870565525944226,2.284996163488181,1.329915313542088,-3.234196035149001,-1.9822366370103168,-2.010808669655889,3.612329864785732,4.675341934430474,-0.3641826737822562,-0.3050557874040454,0.028136247797039715,-1.4116262243289626,-2.6226134967150045,-2.9863368029725734,1.3172023027624356,-1.0460897303553445,-0.5626564431228314,1.897698141116269,1.3801825325747075
7148,1.4114871924760308,4.4505450870922445,-5.829546046083564,-0.8876457066030774,0.3087353231730332,0.5464241499462741,-3.028595491686783,-0.45596104308163277,0.4867465240930624,-0.826270022065426,0.3080676672795759,3.5160123654612896,0.8963084807655477,0.038523714015340715,-3.244794718143595,2.7926510010133043,-0.853862026820785,0.37117354917098666,0.9286511547645944,-3.0791984356157975,-1.2873216770919846,-0.8941861632745614,1.2160243184851307,3.1160308027298704,-0.6109399518295291,-2.3758994874063823,4.804515383921888,-0.6065951885370824,1.3220022550163932,-2.53308301116264
7149,3.216256389498607,3.514129118807052,-0.3131669312633356,-4.0239141367635085,-0.20301980029557498,-2.190284639982277,-3.8987462994349187,1.0515427457493054,0.07239701569303758,-0.10962066650528435,0.777297570801843,2.1071296336961147,-4.174687300923839,0.8484207101673888,3.873615451651318,-3.5439057864652384,0.5219949868298066,2.4745619387413527,6.056654012922678,-1.6816357994062088,-1.0942169952507523,-0.3043616554116584,-2.915347334512072,-0.061092228344723054,-4.338468251498897,3.434458544507919,-1.9128876141283193,-0.5782587196670876,0.9274579642917722,2.467698076497264
7150,-0.1858995261869918,-0.6748207384148941,-1.9497897944570362,1.037837460127836,0.2611882885458856,1.511484310386141,-3.766269920375194,4.976570294351454,-0.8839782942239172,-0.27017573100168946,1.1806546834023504,-1.2368010321528757,0.20810208766643612,3.1232473020872504,-1.0954102235965717,1.8032750327324045,-0.5548532780410156,-3.484360920847724,0.4192836565375657,-2.0636452739689357,1.314551538363009,0.46387962955344353,0.8683486285860909,-1.0024181790739064,-3.653313006301847,-2.4969666291788286,4.5357914554268355,0.5853870817308504,2.478119226714302,-1.4490181283886692
7151,2.174869131852489,1.0144620950565866,-2.7385771858737264,-1.9810716819030638,-0.4643985068474319,1.9947161477160584,3.936981875606879,-3.18390085778843,0.34968976811215846,2.928267606900995,-0.3842046678095423,-3.6468337250219065,2.2799390413161333,-0.9440773275147549,1.3437831113699161,-1.8272322795783413,-2.0406828220830207,1.1882702764908366,3.8070233440243797,3.414545245716873,-3.7488852263557266,1.0214916268112617,1.01453380641364,-5.50870879661316,0.469366863075507,-1.5636303013666613,0.13042693158130092,0.1997200365932823,2.828285327153555,-2.064168857034357
7152,1.530665160014518,-0.32341938106318224,-3.530460054884692,0.4221641880567546,0.9163590106628554,0.9846910772146682,-3.300741029367863,3.3294033275082917,0.5025695984925829,2.8906061220302064,-0.5517521204362188,-2.8700858982268613,0.009245429245638093,3.0913712741467876,3.3636655698804105,-1.1423360874079904,-2.9831734842541664,-2.3387727016099227,4.639245400718195,-0.465913845807691,-0.2632029872071602,0.14455065469608108,-2.5390053660869523,-1.5156738563151855,-4.731573168725113,4.206158125109333,-3.9835428812977867,-0.5576958218245931,1.9744941375045642,3.0921596092362336
7153,-0.544544166786725,0.3437843953034623,-0.18144670670508845,3.4901248719560627,-0.7816417106888363,-2.3262766830779915,2.925625318526869,-2.0296875982116873,0.4478473682329742,1.092821760494175,-0.3297353531178784,-2.106871495924338,-0.44964625920633594,-1.9440353277471836,-1.748750220869363,-0.7101487926149339,1.3908581422193294,3.461722458219292,-1.4483376137060517,-2.139942171760609,-0.47066587354240674,-0.3861258214791823,1.3975282176967578,3.047543262788814,0.686846994631015,2.4439393279857313,-2.5979253764229817,0.5138588056172733,-3.1253375058103625,2.07861775400195
7154,-0.06439430133167967,5.474771324646234,-1.9440547285475098,-2.012688229663425,-0.9792443982965597,-0.4743896668061698,4.902585957671562,-6.0678063419226795,-0.4460781250299224,3.3144829095652533,0.12245034703852298,-1.825634747322617,3.197563138379163,2.7447234173413975,-2.721219163217917,3.5051312147020397,-4.197944498548026,-2.528254108655867,5.831398891874347,-1.5033786361781711,-0.5613036026369826,0.1942806701832378,-2.3712442607104034,-1.5897530625346903,-2.4527097613644884,-1.9140554825872194,-1.993826231239634,0.7813545585841615,2.0411943094518996,3.538042607157898
7155,-0.8932753128336266,3.462643670158009,-2.352222179909841,-0.985320038768986,-0.8525959511377776,1.6207698124931031,-2.587091292735984,4.225247186770137,-0.44968136553140337,-0.33658294022139046,0.9094207023521745,-1.7613122906334269,0.7312954023679055,-2.2470891285533714,2.295932266864554,2.0766078945268163,-1.031264247269986,-1.8254821879351795,3.4383374881855815,0.5098784880438281,3.318063256479487,-0.7619789477784078,-0.8882272396297957,-5.616073045303342,-3.461732566144672,-3.637211186889708,2.6780933082158853,-0.28733852356196365,3.4705734680275917,1.2376155003554814
7156,-0.5973591472304776,-2.418217169842528,-0.9678737457688662,4.247763334895026,0.11625227604224975,-0.3805655480945287,-0.3994036334851572,6.055172923994817,0.8579020213898589,-0.520502226924414,-0.9532081042493408,-5.0399609807256525,-2.8077818337942784,-0.3730242361171392,-1.6419709366503312,4.188385954970791,-1.977990257432504,2.6123813090242223,-0.1372493861535169,2.1892543163652434,-1.4022177655606178,-1.2252176667809822,0.45976558128191236,0.11566492084527624,1.7354500505923625,1.2242345983134086,-5.499035449916573,0.609885502212947,3.224647937898471,-1.295182639097975
7157,2.084395108001381,-1.500328373791696,-3.0732326501085545,2.2723113669012633,0.7139285286772452,-0.4970739796787935,-1.9856366656317164,-2.2031997546252775,-0.13835567858222753,1.6855839719257872,1.1689615783217224,1.472646548591829,-2.8574256822594393,2.2841623153943083,-1.6782571880570263,3.3555265167302153,-2.8075471228705986,1.7035411610632956,2.4053309632995052,0.8406139888263127,-2.1092648931079037,1.2255238526400385,2.2100370998546843,-4.572241011515317,3.6007640222796873,-1.9205288656108195,-0.8509774031619379,0.10421950857056039,2.808446988826237,-3.741924250901098
7158,-1.7410701496744476,-0.30272081395062855,-2.3865992442517445,4.525315118335847,-0.6980470441781148,0.6031221337199177,4.113093752535772,-3.743612381694412,-0.8133273508756504,3.5222254288283565,0.9682905989102926,-4.046670047704264,-1.1529318759689016,-2.3170945947686956,3.7004742325237103,3.175422735734955,-1.7771841761780038,-1.6286863213422826,4.187726670527542,-1.509281552305529,0.9081829292084329,-0.41622754183238087,2.879217579140617,-6.049618084741379,-0.7394540683903266,-1.0543685422708187,-5.632788083991269,1.1084987601724086,2.6381225606466714,3.6799893738359515
7159,-1.3228582316852666,-4.148585880728845,2.9271648545083337,2.3520648091426253,0.6717564494701938,-0.47954200070621233,3.3289516597822093,-4.423837991062236,0.6169358395220481,2.537865280033536,0.8908942197310532,-2.950809008006477,-2.906758207455601,-1.3622671699169562,1.0033562020302256,0.4810942826210258,2.404017180711051,0.3805577120110595,5.024416148271161,-2.77131662639054,1.1333868557496238,1.0393355595355596,-2.216766396505646,-2.209055540662856,0.3373478269036241,2.9508815793688967,-0.8091896577812889,0.4422763741897171,-3.0037948522813096,0.082478729602947
7160,0.6672659921095079,0.6520062968035205,4.452767365135941,-3.0159921894833914,-0.8967539817560015,-1.8592934828087646,-2.2503419614044624,-1.9262476314970414,-1.1600346783020714,2.522310904089121,0.5148392702716951,2.2994740968428857,-2.0659452243434213,3.8218969045309272,1.1486635583085807,-2.506970214665408,-0.22523872438857495,-0.17240629944130603,3.19982674143046,1.8001531882265205,2.029307027108487,0.739749801638145,-1.0316772936454122,-6.737359464760907,3.728771155276359,-4.367981357312878,1.9290433058668164,-0.1455687264185297,-3.484815511836093,2.3405511344268746
7161,-1.806364791807873,1.6731576761056246,-4.156840406323294,3.1756139875445655,-0.6930103486864172,1.807443883168169,2.1744595286088426,-6.192808002130786,0.5439011445749538,1.9867749299511246,1.0018752478655948,0.4857971511304022,-3.2880814138759966,-0.7344259348689626,0.589927123882422,-1.1057227352410468,3.2100600240987873,1.3282429360056014,-5.586803632552641,-0.35212024033003786,1.8375652012570818,-1.0006064132153663,1.847093844271864,3.2548712405663878,-1.8627542107814499,-2.781675395801699,3.1741325306562373,0.7464160237204958,-0.7864008116885461,1.510281863897525
7162,-3.3360225930510286,5.623215889985801,0.07745396557798756,-1.2945806351928333,-0.092977264661251,-0.9770893626578783,3.670793812423131,-4.108426455599993,-0.7058659321529035,-3.2980715301937984,-0.0018896263613497055,4.443459731885017,-1.0214517484704384,0.130517005424732,0.33542745196773893,1.3866002533178303,-3.651009132451705,2.8199161702126645,-0.11313582214364004,-1.5479472226525708,3.1467323265656546,-0.3473345240765573,2.4631243481640297,-3.6014391058596047,-4.7376091045465,-1.3667747312657106,2.60485732889936,0.4021804274051437,-0.028361483598992265,3.1257075631092306
7163,-1.6038847148346544,5.376060871608811,-3.3535481487741343,1.2296767247154534,-0.05733037594446455,-1.590974356770209,-0.48521526713038554,2.442398194867561,0.18474593351694146,2.5720899215079243,0.5857177705674248,-5.299736553329382,-1.908194721498809,2.2525249531369234,2.835043168004251,1.665290318870877,-2.1664891510496282,-2.678174567462806,-1.1635055571916588,-0.08041993132223979,1.397136169717772,-0.9869439067606169,-0.5150737743345015,1.348806999888577,-3.9197301577192007,-2.4899088367102244,0.7959969444922201,0.3315856545871263,3.190220746401078,2.0918356489515126
7164,-2.458647879006296,-0.8728299491766514,4.00408400315759,-0.23512750175632036,-0.31622368183572713,-0.12125499138179485,-4.23597578880468,3.1193470047270573,0.9533010611857957,2.170383270036087,-0.6771683832735382,-1.32988716387068,1.340257756304002,-2.9551870910000186,-1.596323214690333,3.2670425250045625,2.8638640648456857,-2.919654040463117,2.0247444449984506,-2.5206641017888156,-3.2430291206966793,-0.03116125952173565,3.0463050869053987,0.7238049501007247,-4.597475370015072,-4.522348486155018,6.181769908512745,-1.0809866580788583,3.6071551431571365,0.4118854625815942
7165,2.055864635068378,-5.6611503470398645,1.47152786907861,5.585547177295737,-0.9601232099269938,-2.4916661244750884,-5.9809283507401645,4.281714266124997,-0.7940262854692719,1.5709126062581404,0.8853436485775248,0.03698411524881706,2.189100685445009,-2.64876272506614,-4.082608749576984,1.3194176763724208,1.1785895438415679,2.0442635689849133,-5.017121860851827,3.381249132399855,2.1758497098742993,-1.2127156876321927,-1.1533982038158666,1.8261369100230738,-4.487872759152339,-0.4838798425174886,3.692431248732994,0.9585203359463925,2.1453085705688615,-1.8245075535758737
7166,1.6931775368936854,4.35134688238578,-5.251078204126383,-1.7847404153552233,-0.7408637895874441,1.732157989790366,2.2655384457362686,-4.544372737163371,-0.8726590345941947,-3.1176295421772657,0.38583055620786055,5.883292311990765,0.373470425165241,-0.7814726259724907,-0.34866074492769883,1.1685403072641982,0.26215845942060056,-0.6740358209490758,-3.303841665534904,0.20967302738757,-2.121709740023535,-1.2445088266401116,2.0573149237894732,4.403072281018833,2.8166031826023463,-0.14104949275371226,-3.683676472177897,-0.2924459713608716,0.015251895421151573,1.285316858271564
7167,-1.890498039970577,-3.0133355537175213,4.942407067335431,-1.227064060254996,0.3095867528032712,0.8789038338051789,-2.7666838223056587,2.4678002324899992,0.1298664549651889,1.9304709573142134,1.2346616256055274,-2.9961154480692223,3.4351672501448043,-3.1865975549667223,-0.2586848434703235,0.5972193136070665,0.685924376169595,-1.2730285414836064,-3.521402309550272,1.8241709593155857,2.605777927691804,-0.8757728574823522,0.6165423002491952,-0.6493160202266388,1.4184496584540582,4.316068815664366,-4.062888847182595,-1.1444436183239288,-0.8810262857034825,0.353840277094184
7168,0.8311209628910863,-0.14398417704188304,-3.4433002707583427,0.7692007923566919,0.5317031882069778,1.4552595043462428,0.9829750918253986,-4.2837684955274895,-0.03158733591697693,2.5868748388640057,-0.4122392734070708,1.1577451741621871,-3.2156269340429233,0.6684760922997732,2.7979180878724854,0.43329290038872514,-3.544224776602544,2.860164630085304,-2.8073002817803143,0.8475429042595728,2.912662380750504,0.3612263614807887,-2.0082296395610566,0.6940982748478426,4.416737003183286,0.8451643675529859,-5.826027456980654,0.6990003293123346,-1.485949491253864,1.351075248188554
7169,-3.7238259539504757,4.731885107589335,-2.9458897209627075,3.0066650923311684,-0.3084395230945338,-0.7603950019120358,-4.4012068780733244,1.887228926764294,0.46549363946958255,2.2408305113198637,-1.0555400424494863,0.8631938429691246,-1.361529333601279,3.90477004917787,-1.8591844872410999,0.7305032412136043,-3.9731750594088187,2.558615589860583,-4.344065105278986,3.365677819416753,-0.6808195350419641,-0.9101981806379431,-0.870337182817476,3.4397421843569447,-1.832980330531182,-1.0464291223859838,3.456733912823676,1.23296741201092,-0.5707160188255713,-1.2395758530892191
7170,-3.5981784695957177,-5.4000144474596965,3.4041387261779406,5.272832147972164,-0.31083811427274055,0.632060157178854,-5.893786516423482,4.436212976965663,-0.6477876505646067,3.707085765383219,1.2238141035577765,-2.825538678918555,0.47770672863757113,1.4621715140582516,-4.043986780517892,1.6855057749487834,-0.9116735604481647,1.330276323322309,5.521766612082445,-3.0328038037264218,1.5133777615484405,1.2244607696585579,-2.453237865196636,-2.7735634743690483,-1.7985257158251713,0.6042702224739251,2.304252377878335,-0.6119023584168675,1.2638093979216585,-1.7619039240292445
7171,-2.1740071396194605,2.0857526602922647,4.378031379494203,-3.4666950344854754,-0.4834223906620365,-0.3396594750187063,-2.0655605655560727,1.919707519748279,0.5064684155435719,3.0635432708968118,-0.80704640343333,-2.6171122371992475,1.232045936680045,2.3061875449566607,-2.8418586492326128,-2.297693418030974,-1.8078146772211987,3.409133262849,5.501295154989503,-2.725565623171054,-1.2599004634213156,-0.15928756171416936,1.790005968583472,-3.14654747526912,-0.3678245507710898,2.874617902118313,-3.4632601786102377,0.18602683364235073,-1.762732872719475,2.533172866342806
7172,3.423815546854563,-3.9013335249506014,1.9842154676068766,-1.8483278265447574,0.5819076642386518,-0.24027732720394646,-0.021685963125261054,5.536903472140796,0.4566845022599466,-1.3863692769892282,-1.0657504968594873,-3.5197822374267247,0.7927581074254988,-3.3130275511391023,-0.4880744802922159,3.4838697740104365,1.3727630954676435,-1.8482889454713423,0.37799352563911626,2.2660959293331793,2.4501157914666614,0.7978294640475347,-0.8457126693444597,-5.046322041144705,3.981109401988256,-0.8756516646767949,-3.988778343672955,0.6187032840935407,-3.2853804509801225,3.549997773250741
7173,2.0537737711497783,-5.405672704747264,1.671086719998513,1.066992501762897,0.5593041426169765,0.05451556921988576,1.4716262896473076,2.538444080456337,-0.27739760836401395,-0.6975989039263872,0.9423346346040766,-3.9774084924172577,-2.0704024723866414,2.3338303032851435,3.7448066124970474,-0.4193602275544812,-3.2501117769006633,-0.33876243893950075,-0.32866085977972403,-0.17587569238717649,0.763330836929395,-0.9120612415579403,0.8207322006243825,-0.16746524383158956,-3.428830179363711,-3.499035788829115,4.083537864426237,0.09264603135990068,0.6357956293682356,2.115886443041145
7174,3.522323963609029,-0.6505256269151296,-4.542425425500117,2.4848068893160082,-0.020544180843813376,-0.7936356196652046,-1.7583664499866103,3.6375289928227232,-0.46832747248434003,-0.12039974342128623,-0.12395628668327063,-1.1664790402472,2.0937476571704714,2.880140652802144,-2.293964227047569,-3.91733327719065,3.245115435907728,-2.0077062416411824,-0.8050148523870782,-2.858081225395404,0.38446291528643073,-0.1016746845627372,-2.4703995394614733,5.850707386517598,3.2120948530476845,4.08735311918489,-5.096969433256707,-0.16468685444860043,-2.452464490242079,0.41467280571749576
7175,2.6134828578313005,0.03434084206321941,0.014618289204069157,-0.3196421656483963,-0.8605899838136226,-1.4822098396358179,-2.4090246499548513,-6.047122363597154,0.879335829011632,2.588878908934607,-1.0492056538224914,6.037137929428265,-0.3363066629422953,-1.8132277963092989,3.1230290888427525,-3.1851102441074506,-0.5065108101978169,2.7181264247150203,3.0938210736933804,-3.406689784303259,0.8548560550204165,-0.3167887013117907,-2.198002413621488,1.972803770520109,4.9733313042594816,2.076884450306334,-2.8417973666835294,-0.5725245805726207,-3.3399770040334875,-0.2959168032735171
7176,-2.544924133315261,2.241719776348642,-1.9630067361428623,1.5376932692619185,0.004045088159069454,0.7244727356892895,1.623090973253401,-1.4601517664079893,0.09263438158408555,1.0057300467789148,-1.2001827229216326,-0.0611209122867713,2.5004979103109655,-3.57909454070408,-3.1017438393637704,-2.5445392226684085,4.022561865634188,2.7023178267920116,-4.956174335879265,3.3276166765757154,3.847993350950052,1.1282519992246458,3.0668144762175977,-6.414502167091388,-3.050061650621366,1.144464012143171,-1.8845706593849982,0.5285322025357972,-0.03664399074446045,3.298280086074538
7177,-0.07811193724180399,0.16914009888904502,-1.4568255099833038,3.2960389002112187,0.44464166139066164,-2.374883213264967,4.965944427479144,-1.948349473339448,-1.1090730778033113,-3.301834988146606,-0.6866102675275911,2.0799233793378384,-0.3043045808557494,-4.228334239184802,-3.08930634129392,4.1902735252953995,0.6701152667499635,2.761556369290023,5.429810895657553,-1.2904914101725495,1.579693254976032,-0.6901321597282708,-1.64462964207479,-3.3842509386606245,-4.049267378461032,-3.5822959457456847,5.786340984300146,-0.8805121466825847,-1.0114296131750145,3.737164099766872
7178,-3.1192349884825887,0.3077985073449554,3.1542635541025206,-1.1753961426269157,0.14489748018169069,0.6876715894812033,-0.17867095412285394,3.0023322530088095,0.6557517854988806,2.999609668432239,-0.9032791234965911,-5.575743629320446,-3.0027674023591935,-2.8630554643882213,2.1790869197374647,1.8146296265649724,1.6953552787969528,0.1767510416489273,4.222330591047591,-0.7639763881189747,3.0829832199599565,0.5397377185677135,-1.5201978002399663,-5.560877341218983,-4.297081550174662,2.7066966961256327,1.37805898953955,0.18558612557762277,-3.645715792445289,3.672455531379857
7179,0.02889058732030847,0.10015691629115508,-4.223335445059217,4.113671094979587,-0.30948262265682214,0.29009946912586493,4.473496653778557,-5.667807992955279,0.7725596710004599,-1.810162938242886,1.0095067798414892,1.2224078265776797,2.9594561054730946,-1.9205573518372816,-1.5482370930847846,2.7985362239243194,-3.580759971571979,1.2915620870975388,-0.9339840430583131,-2.964077302630244,-2.439842844055658,-0.6141092004031803,3.0265372498931917,3.92547614025154,1.224981361446691,-2.2812830293818465,2.81896013136717,0.8161996133086555,-0.32019747211919203,-2.2586606046187576
7180,0.6170803901110915,-4.701861433400641,-1.0862976818100876,5.470795560890366,-0.7431808905436377,0.4434640547537789,-2.239183025717356,-2.2191041079838882,-0.5056158422916992,-0.7575895798975463,0.9326608011746007,4.788831754715936,1.6735868615047487,1.6646203099512817,2.16468145985489,-3.9427764194581396,0.12514117494697174,-1.6852533867988573,1.9725236549320861,-0.35531413682070756,1.296139513536673,0.5475434713173577,-2.732232993143553,-0.7286595098244923,-0.7574601327687489,-2.104115607585676,3.7413196237434327,-0.636615906770702,-3.2424772433893434,2.9993492667737307
7181,-3.6087421435904083,-0.323801754643533,-3.1390534523701774,6.048830084337343,-0.8770836367489743,1.8998509030166257,-0.37411421299869474,0.9736524950759566,-0.5697028342767609,1.2313909468076183,0.36280909363382374,-1.624035488241887,-1.2445852799934105,2.6428295427594506,-3.845399694501449,-2.815058480809755,3.2654782199426187,1.9967356926034086,-3.202336508191163,2.4005241427146444,2.3489282560517672,0.3228633734831714,2.2932099078413675,-4.1631891719023955,0.3567357927353889,-4.612801158951628,5.562966468630119,-0.6851217735480981,-0.6490353337490387,0.027256004885973795
7182,1.6347670675129606,-4.3121638412656935,-2.236380974653624,4.739344434737237,-0.5891791959767165,0.7636125096467108,-4.395369844354708,4.2883649874074585,-1.118211682162574,1.1223431553511212,0.7749838883013291,-0.6721105045425517,-1.5004684294945587,3.1679360472637654,0.5589193984550285,-2.2770197165628296,-2.614611028211119,2.6652437285505854,1.5759065795353635,-1.181128092238927,-0.06009536429914597,0.5913630493781392,1.4194607520331282,-2.3455069244111613,-3.062951233817042,-2.9892860650227995,5.644697945869986,-0.23788866871761094,-2.965877452290778,3.6113054739809876
7183,0.3985547572250887,-1.0338383502237214,4.932461279183961,-1.3315433690614995,-0.5992935181470083,-2.366340798975976,4.769501453239307,-1.0287501676755006,0.3804877529967623,-0.3027326571111342,0.9601834617416749,-4.778689843191042,-1.834543929053643,3.1504713548079515,-1.853121651371744,-0.12780709264093204,0.5076184315138939,0.15738288674535283,2.0265022345134796,2.0095296249030667,-3.020654082428404,0.7120992672190649,-0.6870988952532002,-1.0403781489566057,0.3459148430471579,2.6478856293508706,0.5516606396747861,-0.675192900480102,-3.632242181890268,0.7619739703002697
7184,-2.2656087250695354,-1.2493800146811687,-2.867046789019529,5.220963393452969,0.6828369106285792,0.4782352246895343,-4.85312781622406,-1.7351238043618373,-0.6744166818924171,3.221545360821125,1.1287617341592728,2.9123612074980407,2.965067261302412,-4.1270003358116245,-3.030917447103098,3.526958199935958,-0.7237937066324562,1.3896860283096935,-5.806939971129303,2.6706208594145266,3.0400007830210143,-0.07808919576054585,2.8382055654157607,-2.663798040964057,0.5684838486983992,-1.8740794698456789,2.7032621193261797,0.25490504898878275,1.8407901108118807,-3.4933616579768554
7185,-2.9833176918271533,2.6819878312655554,4.7459576497234295,-3.2347141108828374,-0.09302592179879876,-1.1168877564793398,0.7843828925965788,3.859059040426505,-1.147970766367489,1.874905084234861,0.8040786152797397,-6.174454866170091,-1.1134529031744265,-1.0797083481501346,-0.3190852028306317,2.314767912580649,3.0967657050793456,-2.8992871635039457,-1.9701410178077303,1.3833537396737263,-3.7029563654006896,-0.03090204307286193,-1.5048797139086307,5.8255254005136194,-4.136470707742566,4.8196906386592495,-0.5042736044562695,-0.884566055068924,-2.443701965803692,3.149321694414919
7186,1.5494431974832281,5.3742934880046676,-4.842298381772544,-3.576234073228786,0.332929605361469,1.1618661641528156,-2.37036668193905,-1.2726071006449793,0.48874227662370995,-2.255130889256371,0.02115121082159277,5.3882111843952,-3.3281638952503254,3.430958415462232,-2.206941205347185,3.9513608624532637,-3.632285015406312,1.785070838089183,-1.396291739307003,0.18213879405458933,1.1974722273086478,-0.709453900469823,0.2646869416217381,0.4614476767893123,-2.3553029440889794,-2.182359266719491,5.853370660262332,-0.7624724428297727,-2.15770029036546,1.6044642837441074
7187,3.4275863086603096,-3.0544550704609,2.6737910200363864,-3.9859421653175175,0.31028344693874654,0.6287364601438235,-2.13834847373807,3.129954895062319,-1.2412049242929317,-3.072071092780579,-1.1038546970772956,4.425524292826655,0.7695052148147852,-1.518306193871549,-2.9155084831971934,-1.4764543160847747,3.4972144130592895,1.6435493652802897,4.733925621094535,-3.3924687984307624,-2.200592056891896,0.11273896863369615,-2.1076250982681994,2.8540213638600456,0.04503715012433318,2.0969409486897916,1.115876572791084,-0.7663620071338384,-2.640594557290113,0.14910189282149666
7188,-1.677910906469604,-0.25494167792621525,0.4345421666874216,2.5576990021733543,-0.555955295665608,-0.5034332887984672,-3.594953440780589,-2.8698519172516797,1.1337592671433798,-0.2611401908243671,1.2312057375775494,4.360980544135785,0.8287034212414888,1.1579479470290757,-1.8955045128124706,-0.3778120024845002,-1.3285065759423507,1.6151717229695812,-0.18306574606765835,-2.45067868344222,-0.31226719406606485,-0.291547458529255,2.932036959221909,0.3055221228806957,-1.6193616077763693,-2.7128238854408195,4.211418781716922,1.171525978355846,-0.9954041887490632,-0.05535507810375506
7189,-0.8978932295598518,3.359456317836223,-0.4444472515137612,-1.7168329547728227,0.19141484322614,-0.4916977252150865,2.8133082784306076,3.201508548059323,-0.8003613874145534,-1.8079213401694627,0.1291330706582663,-3.535667169564121,-2.3483716526933023,0.11404213808717856,-3.8175102493241297,3.5427125149555074,0.9542439894290773,1.5548832595464894,1.4682161652776173,0.6650413252998604,-1.6952369666783742,-0.99434178735026,-2.1462546280084283,2.702575891457002,0.9232647178444324,-3.621074590848135,4.597700707285988,0.8624161834937354,-2.558021355558413,-0.20428566221483635
7190,-2.363374127434641,1.2120283659433717,-0.22467115169553153,1.704000189285356,-0.5030353987474423,0.17505212264972414,-3.3872116710628326,3.8985490482381877,-0.9691696853413907,2.1321524165363606,-0.03321388797869229,-1.6411062203915883,-3.736229572802202,1.3453025608626383,-0.8845054612926511,3.8629136891762457,-0.35720485222617526,-0.23027636371700844,1.0113024312489216,0.47065210834886706,-1.5546589541730036,0.6688826012898579,2.172671060512185,-2.7688492472294115,2.5460738343015805,-3.2643974947358316,-1.0298289500441307,0.3824144680079744,2.478882478128188,-1.1131443356549955
7191,-0.22709263229715404,-1.2180766832617387,2.2943071225091742,-1.6444619215436305,-0.4696737046106041,1.2649978192047637,-3.112990209016573,-2.2348844429052654,-0.6571334554575046,3.194157488313497,-0.16835090085607884,2.9792015199219577,-1.0673371164035537,4.08570711439183,0.74251547305591,-3.428187951788484,-1.1550411882595508,0.822343669004729,-4.4623033658762346,1.0627294089326274,0.4196596954067644,-0.6253358147679853,1.0679575492668736,2.5372925270353797,2.6940333185938456,-1.00776152511731,-5.445414809631128,-0.196023288376459,1.8417749454985426,2.113391359035294
7192,-3.134039810180729,-0.1260346180739127,4.443751681499521,-3.5673109382552077,0.9669383716812683,1.416695313329873,-0.4741512733152362,0.24967298554327755,0.8275997868615725,2.8511694418637994,-0.9169527769793566,-2.5373381639739954,3.459183493216756,2.7653216026438514,-2.379888447540427,2.074494273315203,-3.1812320561080902,-2.737878865526371,3.519475886224299,1.0962970575938193,0.7182060568740738,-0.9068907332561986,-0.16325115204231366,-4.263837115396257,-4.378329211665891,2.9391719155258045,0.3495891744241497,-1.2049518260054652,2.974004530632328,-0.6794845829081186
7193,-0.8132138675860592,-4.202247258488093,0.4804096776381144,5.380285337549996,0.10840310339736536,-0.9536369925104946,3.809844069308518,-3.4088505402220157,0.1710516338536756,-0.8784296809412115,-0.9177787781751734,1.2241632961762825,-0.4184465216755875,-2.7330384827637033,3.7710060952945703,2.7896641276255103,-3.692573322665339,0.28338810418546423,2.4033073655609236,0.757890663210361,-0.535101728754821,0.9881263731863816,1.1660564792621315,-4.780279152467514,3.916490346387384,-3.009482306383177,-2.9400696521580763,1.206568898464738,1.7888173662342908,-0.9623246525423301
7194,-1.2721113716635362,1.3582804520997271,-1.5239829166390244,0.3102086135771813,-0.8591061086266076,1.9867113312531028,-4.019936247069975,6.090380955212986,0.579405197720698,-0.6854149111092198,1.1632372269625249,-3.127672221716921,2.4054003887847664,3.9353767041100447,-0.5841714270863498,-1.8482364887674656,-0.7359830709201489,-3.1723861061199816,-4.680113679871635,-0.7174733647659881,-0.30676151576008515,0.3136508661214519,1.0677030615248384,4.322994632748895,3.1520788545609193,1.2556593927497808,1.487519442279936,-0.6459950824088159,-1.7983296659429389,-3.4509329412360312
7195,-3.04116713071614,4.539188563357623,-1.212050256933729,-0.8974800950904296,0.5605018621283926,0.051007057255114674,4.8139116789125005,-2.48306524297357,-0.35544124354834494,2.1435304391636443,0.47732062430061095,-4.5962562558547475,3.173041678044168,-1.4462295910658565,1.1879736260374152,-3.466030793275067,-1.2783586141445635,1.8296036944047565,-0.059625181114526526,-0.26685577758467716,-3.6680389143055674,-0.9110406941561129,1.123932759626543,3.7816278075318728,-0.7300209931226433,-4.097990811506197,3.8048536882296204,-0.06846691613071876,1.6884667934988968,-0.596841760966127
7196,1.5082166729978717,-5.425419623611109,2.7800371017864833,0.40224159252550606,0.14512525958651246,0.5897989967156043,-1.5808743788389101,2.9933926857071462,-0.31258316515907314,-1.119493993375663,-0.33066666203841333,0.35022551370502697,-0.4491588579081949,-2.408275973283942,1.1032478994010084,2.3562011912273633,0.1986827484962852,-0.800697007931646,-2.4027177601879224,2.0169373200187266,2.331271158970633,-0.044803510604073615,2.4054146245397785,-4.306101832739625,0.1872793833759303,-4.819881550725535,5.612063475562973,0.8321519166666604,-0.4865298299041747,-1.3250833949730048
7197,2.408463518278907,-3.485583326134183,1.9123057939921608,-1.0963465115568418,0.33550220697557,-0.07434168155474907,-6.237838311325348,4.05452222954268,-0.0796310214431859,-3.5393479337581617,0.3217252387467262,5.480569798237379,0.10502814452233267,-4.240639086455603,1.342689061964716,-1.2384794659333416,0.6541809594377952,3.377220386464945,1.3774143398430247,1.7055064993225333,-1.5458168791364795,0.5415016670443631,2.3557100172837178,-4.434315644359639,-1.642437524042606,-0.21804522550178262,4.804168806663938,-0.30264401347608505,-1.772910557438518,-0.8681314862021221
7198,3.6407933081847546,-3.9036818796106836,4.740978017167439,-1.7406580825234244,-0.8358941217793003,-1.9015372414379517,0.3855846295293084,0.29677579521008823,-0.5016691284286825,-3.6501627734138165,0.3136900763044199,3.1557814007988014,0.17045473477313067,0.2124213867894511,2.9540412369095925,-3.3729299204791463,-0.9700920695619715,1.0061046315697837,2.7777321614662682,1.521170421230135,-3.032319785044429,-0.8062663201843883,0.00903475547212551,-0.46935123294218783,0.8313442241517706,4.870173562476868,-1.4166490213164593,0.09897773674847876,-0.8591019772440767,-3.5247445248137
7199,2.992307157111888,-3.192149014863567,2.0779164421162406,-0.8521287738667702,0.665240962608836,-1.6911867731058283,-6.037560673744451,4.04171226712424,0.7500481457940609,1.6670211267741415,0.3567969055145017,-0.7780177714623804,-3.354084617832278,4.125664929342861,-0.2791365112407469,4.062168503738672,-1.7194059289572756,-2.835206375050374,-3.6708849423380485,1.0533389584846162,2.1320940810379234,-0.5317390293453199,-0.45580511753314745,1.4729960496915098,-1.5329491303029954,-2.634079107789386,2.3020274074166167,0.0075693235908760315,-0.28454197010263726,2.1419734771903975
7200,-2.6050567209307456,0.6936029406594741,0.6517431482367009,0.3606018863038045,-0.4910593293000052,1.3901680750315837,2.2687922965845324,-2.6547144644736207,0.41589264534143844,-1.1098167770750003,0.8160897799229581,0.26375651969981817,-1.0260162011620313,-2.279856121844901,1.035693838013902,1.8637787415733342,-1.6372719829444762,2.043671726364998,0.30850442275898615,0.9637441076591369,-2.1419252014069983,0.45477136812370933,-2.503354295444648,2.9182595983073334,-2.6250649006826094,-2.8893520778830357,3.0703604839824017,0.040419829990552714,2.6048916436681466,-0.20125497907259593
7201,1.425555543145304,-4.2308235692076686,-0.9338852697128708,2.4942287353505463,-0.6243080574490942,1.8692326178745606,-0.9786585981247242,-1.9076760096498013,-0.56893413461093,-0.13890090535294952,-0.8706571227961959,4.464826770534735,2.0827676696866675,0.18943302580408172,0.8643664068555061,-3.5842515932782995,-1.7400395849081018,2.187724075840972,-4.49885686696096,2.255422724155977,0.8264992273324587,0.3250137949294576,2.0167559436655544,-0.9248348231249679,1.8860840701051949,-1.6564850656434054,5.8013720784035385,-0.47637173281336764,-2.615215003201669,-2.93938434684744
7202,0.3696794405709394,-3.123481089714126,2.026964805263596,-0.41776990542924963,-0.5469860748959015,1.6915928242055056,-2.8464547505949866,5.883592576482343,-0.8682276707000689,-3.2515944799178236,-0.5108934439532913,1.5935777686839536,1.923060001101888,-3.8532179138516796,1.0590961917205988,-1.1285438639003615,1.0044427055235197,0.9951628794068696,-5.047879709658993,-2.201064567027819,0.79647431636295,0.9344035784689542,1.6270023509735392,3.891064030878887,4.536092354159862,-1.4327763670391356,-0.46563899911225803,-0.5820391088713173,1.5777683535433482,-3.633406232677679
7203,-0.7162201039798077,-3.1882232511787834,4.394988323781984,-1.7585207817960367,0.856084595610703,0.41189121756272407,-3.3251517303929106,-0.0558233016120262,0.05559817667036171,-1.5774151848442024,-0.026357849158483937,4.929149889337392,-0.6224741153320714,4.173023036304038,-0.585272714175332,-2.4365173762708423,-1.251676954390467,0.7229181238655542,-0.5629180941834733,2.6355159245027338,2.8841238308569253,1.0126955371083763,-2.5648869706567243,-3.404530227630289,0.919250690580192,-4.035800884862223,4.126583309667975,0.4381571416040222,1.2249286791949991,-2.6731189361821457
7204,3.371877999806049,3.110476001946761,-4.44845320280082,-3.7292687439094045,0.3276894101225878,1.3676785348356013,-5.777244698377935,5.209022984789982,0.6037559021605885,-1.1155068829552306,-0.2258256477877234,1.3057983421704336,2.6972093676828095,3.285940747744906,-2.152637208129299,-4.064294894073354,3.196308703256932,-2.962526716481076,2.1490006545656293,-2.6885886661941107,3.224857433757464,-0.3005187303072683,-2.4759037503219066,0.09115305849772426,-1.6893566817681638,2.296217046186314,-4.371661875373611,-0.5148575766054613,2.186126361524501,2.0935327260392533
7205,-0.19228681908327871,2.766311696481445,-5.7326917826221155,2.103136741048914,0.1601296023044796,0.895400561871325,-0.7304594299193248,2.4832908416453563,-1.083512104108309,-0.8905581529105397,0.5674900492214388,-0.3462512039285244,4.156563886868927,0.10688643020706579,-0.8207443017748979,-0.6542575067699943,-0.1238188874380235,-2.6646296210921587,-2.919345679124479,2.8614096780942937,-0.15937722434113866,0.32133455158152646,2.868950082354182,-2.9729714085668455,3.735270284324997,-4.795941336156858,3.0726871068425794,-0.5078782856645949,1.906937354728786,-3.411075124072079
7206,1.443479760171794,-5.707552393538968,2.3099934848560864,0.05110123606590378,-0.25608227573936104,2.1590601881853253,-4.123918988401844,3.3489526968176833,0.5149925808478315,0.7267809157812728,1.243972548179828,-1.7107797532246778,1.220956915574419,-1.9150243619150409,4.2228648633438866,-0.9912753153572851,-1.461906477728748,-1.0756156239163595,-0.4116652450670699,-2.026307398633879,-2.8806301443657816,0.5335152928109936,1.8669994430747696,2.9180880521785184,-3.8790519375457997,4.052036667871395,-4.0392259130561925,-0.191450314290865,1.3586680099215371,2.699023487102732
7207,-1.315195740981535,1.0474834485554538,-1.1932807303331003,2.0656141201962974,0.10775027979948248,-0.7123713772358133,-4.790085630395012,-2.869198436471436,0.6877902254372996,1.1752054603402797,1.2314706522554184,4.564817728833518,-1.2408977653313418,-0.15561901774205822,2.0160719793767647,-2.124016417154694,2.384007356116136,-0.8795461352639293,-3.6453229822191133,-1.360473244327535,-0.9508993882374934,0.8106221159317428,0.4607431110993687,4.685330387750575,2.9229217291903176,2.8241557343487216,-3.263600281099336,-0.15377428369568946,0.23374580751551655,-2.563448706256702
7208,2.5214300744394933,1.654211889171087,-5.388473494657912,3.32681465918456,-0.11044792641066503,-2.0035352017257484,-0.563528838724995,2.403301761474225,0.4354947617786733,0.590262239267723,-0.5428928760932719,-2.322637047702319,-3.259567314489857,-0.9307544606291707,3.9529642361664905,-1.598580591676292,4.129916270040283,-2.2939781394105676,-4.1986671443246415,0.9148999223852297,-2.556028104959701,-0.3262759087324314,1.8544225359764948,4.311648699652604,2.47707059688247,-0.39084006248941705,-0.7326851467979587,0.19214306647978674,-3.607344683254725,2.0616562291826455
7209,-2.5588448748653256,-2.620046943029479,4.555313660651645,-0.37899136665752664,0.4173779216210707,0.5851916022804531,3.718529360903105,-0.7273763182671154,-0.8802056826206863,-2.2072352416444936,1.2388299607093094,-1.1425420790800835,-0.7196536093669863,2.4603578083451048,-3.293528062046807,0.5312010820331245,1.7288089796394814,-0.7071861986030648,-4.0221512112567375,0.8350744438848317,2.435853484453986,0.7740487442613011,-2.106417948699548,2.083592487353698,3.955112688544478,-1.2690683981108393,-0.10845088084905541,-0.8715213539691709,1.4964463016046388,-3.2025183572172278
7210,2.584031511860246,-0.6808101497671402,4.558694147085774,-5.964635069870376,0.8191217697575945,-1.3164022090652203,3.2811249342886732,-2.0408071881807395,1.0839409576245087,-2.263470842294259,-0.11278081590600575,0.051992954467873886,1.0056291147945053,-1.5549278057392808,1.6571431722131926,-0.6573679955978307,-1.9243778081131815,1.4739013224434423,-5.231208834470266,2.8243745561774674,0.15477176106976387,-0.27324575234068327,-2.745793262046192,5.271101531607428,4.469606690390073,-1.1147579272976174,-3.156542593737541,0.9881465830714022,-0.7335208171897794,-0.4529319352337353
7211,-1.3833935836735023,-1.1764332926771033,3.9460769125065838,-1.8739650519975228,-0.8927883990761469,1.3805034149186213,-1.7242039383910566,3.7366207941308893,-0.6636909594285143,-2.0838710922308437,0.6209765113109604,0.1141686846085932,1.9432767022260222,-1.8899401775070377,-0.30388330336420566,1.9122543820978883,-1.1855282609684341,-0.4761793424833769,-6.072532903372075,2.321213938143881,0.7393402901797472,0.6986753799555911,-0.08786508063325726,2.4011683757236533,1.281753838181821,-2.8542059943317497,5.9910269868816215,0.35508076984617354,-3.4139467198609186,-1.359708880714173
7212,1.477698867551048,-1.9042155502319993,2.5529883957217514,-2.7788230272420513,0.14648396087222215,0.5058673533299896,-0.7737643250465318,1.1959682395659499,-0.9778030157460709,-3.059859206174675,-0.5026932195400198,4.118151526941329,1.6344489888288827,4.144295676680059,-1.7314191334358817,-3.255132231417461,2.2590539216196674,-3.0512472222743785,0.2245357404032582,2.795521797339248,-1.9243602829989204,-1.039324933958186,1.2523810123374712,-1.3087533331253312,-1.9572815998425739,3.9370766953957883,-5.379211954235998,-0.4670809886763365,0.14981238028278554,3.7166854670791025
7213,0.7500646758043938,4.649769703559826,-1.5997120309811805,-5.051102329940033,0.6134672708387785,0.6375127107191627,-5.969486957096965,5.962828751371369,-1.0211625121213337,-1.767034260329348,0.5943617500262262,2.2004932281499876,0.7862718803183455,2.0662759156442476,1.4553183258906337,1.6764889693659697,-4.023877428095471,-1.9604776631228429,1.527001773559249,-1.1194530680840842,-0.12410579060040128,-0.23178999618799878,2.086258656070928,-2.1379115747601602,1.7031071563644105,3.557209206746723,-2.709306800572225,0.5789969854994252,-3.3647057287464683,0.23469918071091556
7214,0.7673175580511131,-1.7254909908487228,5.7648192656946975,-6.208996449085586,-0.45742470113673606,1.859775317326159,-2.5769659527510136,0.8790668027701614,-0.8306382292168069,0.16690541329192854,-0.31013411800916124,2.6717660839148287,-0.7579467351621929,4.198805429969898,-3.5454103042628624,0.0357799937075427,2.132734027285302,-2.063962411536796,-4.148758845746205,-1.8692252645110212,0.9309663697078285,1.0108664348101195,1.4362783684376694,2.639872937299181,1.6575193698723325,4.051495756283973,-5.553301475741083,0.708147493095046,-1.8641669593419383,1.0003058158344587
7215,-1.5948532802903657,5.738003735352361,-0.36409735558802936,-6.084808074888869,0.4717741224169192,1.8339808529989217,5.660889119716472,-2.6054520907532996,-0.48428468507435785,3.083043192402858,-0.146609726422259,-5.507585809869504,-2.530755392221316,-0.2817695695403337,3.344786904833544,1.7437149103612803,-0.6675025246609643,-1.6084743287713543,-1.6119652890476495,2.052860984132714,1.3731131438100412,0.315547839495248,-2.077614471477462,-0.0519422069153066,1.7195937006536965,-2.7320785484000325,3.4535845387475135,-0.07264973919527673,-2.0805499094427677,-0.2879000423603415
7216,-0.48150459568982384,0.20057931816498353,-5.165255748765599,4.562705705628947,0.18656680976317697,0.6969085108992452,-3.3660352878256568,2.2455548646343466,0.06597547655500868,-1.8513581808255797,0.7720002188749913,2.133862908586817,-2.5729574058947318,1.0840044248149105,-1.620020711507582,1.8560245641092479,0.5773839805790857,0.6755651478999543,-3.0963939610227023,1.3039605612342324,-3.8731928693709694,-0.1595942429200372,1.7773129045914402,4.04790760748558,0.42752921470999894,-1.9869480149343488,0.8465292001594946,-0.29794392062850683,-0.12210796252004208,1.1329414832161397
7217,-2.2593403645869543,-5.513398697808814,5.0774545049537885,3.897168513242786,-0.9056710123666956,-0.2962129434331562,1.5725718135957116,-0.9228464693564185,-0.4776166455639457,0.7875684106076939,-0.4973809515813912,-0.46229615770174703,3.2401604542789855,-2.1960968801639744,0.010730771713863163,-0.8847477063917957,-1.884915796512642,1.7148691570764782,4.046124346578047,-2.069691811396332,-3.7284809513281694,-0.054856241768633573,-1.4023972523934418,3.209301910306099,4.981211696801733,1.5596283491430718,-5.490534844354265,-1.0184264064335675,2.834851613521572,-2.8667304086757763
7218,-3.0931201898089498,1.8355297448497723,-0.4556035960115672,1.256240889614208,-0.36006896660170895,0.8170221179591906,0.6846155141974393,-2.4208033417131674,0.37015524214572704,1.7212589703521246,-0.4338777608425044,0.07865137586030713,-1.2593048634924031,1.664405567695912,-2.0671883420554966,2.214565166922494,-1.9385413315506597,1.3860638024810434,-5.0615493441459165,-1.372590556520759,-1.110716469761071,-0.5414292645363492,2.764746353987176,5.321539280974477,1.100055728958246,1.9972734535893224,-4.214493323062673,0.6793125751596838,-3.2769025356955215,3.7147541010537317
7219,0.909581873129504,-1.1715728683058764,5.724904181177347,-3.9593090648216105,0.01745933021561097,-1.521063451394017,-3.3563242247768947,1.8399760733325898,0.3933120841470874,0.46970749273511636,-0.6644191303755713,1.31774770493762,2.043441648907759,0.6252604971039872,-1.1347871712664244,0.2726261216307826,-0.709612390908859,-1.0969287054663361,-4.527332817588277,-2.764715155936699,0.22273922319635275,-0.041919601748813484,2.8960128517936337,4.215215500281371,1.447185848958135,-3.5154433761777426,1.8353154259339597,0.27301938735598874,-2.5992669653772023,2.5591896793096502
7220,3.052358515427951,4.524065081008981,-3.55579871877055,-4.164554586433077,0.7901147814698266,-0.6461850727021243,-5.95486702056423,2.089696806592663,-0.2804328973101162,-0.17505774770880222,-0.9096263844979333,5.230287243488334,3.758386576424517,-2.1997338988996997,2.956356121211858,-2.1715329008584288,1.3653648409722372,-3.7088407388495863,0.8677041103463559,-2.6798596422898715,1.553453944738969,0.9327383053516707,1.124596799380928,-1.7986335175304689,0.22521592382038946,0.8392595989512976,1.169811280693981,-0.3789565965871251,-3.0942058253037157,1.238875618427958
7221,-2.0964566591011735,4.628775950744846,-1.8309738690906627,-2.2990744973004347,0.542593148173371,1.0551359265750886,2.744196161949578,1.487344748978181,-1.1458134937648476,-0.8059688901971835,-0.6512821702959526,-1.628476356669843,1.5388609532310156,-0.7940951377296805,1.591632037927468,0.6294022588503445,0.6188657884936752,-3.584665900771924,3.2999150155861265,-1.6793814728843302,-2.640166293125546,1.0511300566784305,-0.6488062169427486,0.6173089106856473,4.263365628161964,-3.820364869226747,-4.699915046063516,0.8396746825688721,0.18392001265728553,3.233319591904948
7222,-1.7021063495247724,-1.7121126886754858,-1.479483044699613,3.9826685388154033,-0.5727546291032568,1.4837881731887759,-4.553678455968985,-3.8579786201310604,0.9171187935579166,3.5130449485886395,-0.03889877345240489,4.020392107405826,-1.7083884589867218,-3.4117565427329204,2.5328382149925837,4.219821896300974,-1.1297362564423654,-0.5027788531306534,5.340228606830273,2.758356748879706,-2.173894242415736,0.16752982273350714,-2.5493078422561446,-3.542913093774011,-0.7911832415797235,-2.0819012662801875,0.7060433764640592,-0.5130289955041683,-0.5185900351889376,3.1986601620917803
7223,-3.637436316886653,5.1699868922333,-0.4673201655769681,1.1999536401801834,-0.9397362350450447,-1.325447814903729,-6.145166603247841,2.1154888177186173,-0.047550702204821604,0.9649949294526099,-0.6000164351280546,3.7122499934094364,3.6637877958865097,-1.2455145091923114,2.6875648677557358,1.2119021214035044,-2.874180291334497,-3.4435599845180427,-2.2213635039800117,-2.05973479991631,0.8291265686643463,-1.1478194366416283,2.053843482586487,2.5459476892847057,1.9724033843141306,3.013600050758754,-5.85211841554338,-0.7143151288822907,-1.928030607853053,3.508460717208603
7224,1.5459708575534314,4.562522125493302,-4.783286797137777,-3.006058911626738,-0.10513363365615214,1.785986359375002,4.380442559228474,3.986378813329374,-0.5958509688622264,-2.3288247451401674,-1.048774047638302,-4.393371610917249,2.332371503513123,-2.547784864868694,0.6972238099213257,-0.03655678650750005,2.876189340747505,-3.3214430028048234,5.826629968778494,0.6987779228175501,-2.964172182820194,-0.3561324579728815,1.340302853768092,-4.545406104573495,0.07784636036052461,-0.030801135600516005,0.02052880015962444,0.09037131728819325,0.3204469616649206,-0.4783923038699811
7225,-3.405271387455393,5.278458485176849,1.105228364365999,-5.17371635072055,-0.10526546787573698,2.300566356509931,2.8244242012404186,1.9498945590197678,-0.9692261060156486,-1.1236011989697339,-0.7251156965983663,-1.9563757586765362,2.507823210472143,-0.3941951816801037,-1.4821164354201333,-0.9065261398284967,-3.3635509238887877,3.6385654703463253,-5.281780359920745,-3.2517091810433545,1.4749763556325632,0.5584389432071157,0.7006235110048404,5.799450731117155,0.7095713907411465,-4.971759703192811,1.3999887080287046,-0.5330747816943315,0.474550180182046,2.9207242059380043
7226,-1.9767871068597849,-0.27882363730534365,2.830784516527519,-1.533039315752898,0.840076491028988,0.11778905236261217,-4.805189777149419,3.803090743063901,0.23616341042267397,3.444872261425349,-0.4111748487613447,-2.2677617890012733,2.3966037395867197,-3.637972323393747,-4.1745114135718975,3.7787468491400205,1.0542194205323092,0.5829137277075613,1.5712291351938248,3.0482242332211804,2.0896485576899018,0.9491285654953225,-1.1138337897371677,-6.544396701865505,1.3778140860073478,-3.3815694464034927,3.597032761291352,-1.0161076151951116,-2.9789965251590935,2.401826739461736
7227,0.5344410484420017,0.7140669958357186,4.676468238437835,-4.543988860443513,-0.29676532982264225,-1.0842220924483144,-0.13493380875394578,-2.7709731065574843,0.7732743162887168,-2.0861744329366143,0.6316843645955483,3.58712266736363,-3.48053069388094,3.595880061221038,3.8355849719130646,-1.5173601753664485,-3.9435117157880395,1.5099375519023113,-0.5899109472968824,0.8127763473183265,-3.6112930470748488,-0.7743409753220334,-1.5539297360522344,5.716698358425184,-2.3313428479435494,1.576300087435527,0.22929497528070897,0.12854688875009046,-0.4807952223502472,0.8779961188302075
7228,2.9759001734365427,-0.8811124162026118,-3.740872863762739,4.652210712639221,-0.5603348317645676,-2.445790774344772,-2.5051381849660252,3.86200284207246,-1.0441123558979588,-2.487358269536143,-1.2473687002874905,3.421974668614972,3.8590202347515437,0.04613987608763992,0.6747529194723043,-3.536454163878485,-4.027717373380067,2.9842585069480663,-0.09757186968665366,-2.4314677978156816,-2.0669558578308287,0.005862156861595302,-1.654585297000727,6.244718665469833,-0.7227810641649484,-0.34676012227389563,4.948661161873698,0.28554729540064994,-2.0615126464840756,-2.1031546243486705
7229,-3.1174700591679088,-0.01884725617806282,-2.311294823502955,3.4250357072918014,0.7813430830409231,1.2412333485172677,-2.1536178877124854,1.5365173471127882,0.7014543933783237,-0.16163096644847208,1.0178874952920207,-0.940610381622367,3.6996108484254755,-1.5453559456610222,3.2119012811682595,-2.1911507116501223,-1.698917083637772,-1.4760883886438254,-0.6303557381417164,-0.0320167915999523,0.6403838814417355,-0.5436907700788147,-0.7363862047953873,1.3020656231716572,1.0783779126928543,-4.952686602324409,4.015520055536058,-0.4350017981809726,-2.8321579370223606,3.1259483693015646
7230,0.4270322674806444,-1.3418681535305659,-1.2562338264040598,4.588616045557188,-0.42512926874720414,-1.992417064354921,-2.599982987170282,5.124010483457795,-0.8190866416686902,2.5925059017245857,0.2250341598809431,-4.522480916224513,3.782135091912675,-1.7572616072293386,3.738871856502822,-2.4805135528174524,-0.27780478972470846,-3.0054269986429887,-2.065342239394223,2.211705122990981,-3.3275840977508544,0.7204962496335003,-2.4979636979114055,4.958688662429537,-2.4138805350514794,-0.18950632184492022,1.086432328934876,-0.9541941042728714,-1.200499881609261,3.671648513846389
7231,-1.3650560197288488,-2.030741867493539,-0.6163877334518268,3.9387761948346736,-0.0011001923165501193,0.07450961815720092,-3.8564768269717007,3.8201635040398294,0.3851994469999491,0.6809229251557305,0.7506756727575246,-1.7804847219814945,-3.134676765672225,1.9867332321508187,3.4645765678163905,3.5420519445079286,-3.443423593112385,-2.4152613856895027,-1.0581458278884455,2.1888462671480227,1.508084541930991,0.21282320113197528,1.2645409036660151,-4.116149085991047,-2.6882656262347204,1.357588096697608,4.8494884036968315,-1.1525502112806838,-2.613005258899726,0.24674459602339027
7232,1.2134706057947895,-1.2703895848251001,2.9517524159920967,-2.1743258154281087,-0.32510141517608027,-0.3954062063565029,1.7664786176208302,-2.757613715719394,-0.461413084036173,3.236368728180871,0.43050841579350596,-2.2143289618397937,0.635626796716533,0.25616483272547086,-2.9080614921988186,1.0272269918912755,1.567412227712488,-0.5783693568459292,3.1493761958925646,-3.487605120007453,2.299162444350312,-0.40396740627275474,-0.07330048371242803,-1.4836656302527196,1.3534935904859609,0.9432610069137688,-1.034557304590109,-1.1727251814402226,3.5641295788471226,-3.6536016902138115
7233,-0.006914065652674495,-4.667419953644796,1.1372314187825552,2.125060248603784,0.6187797700597688,0.7932625818524439,-1.1678387703935122,1.9463412291032824,-0.7079350838614396,-2.919676683541015,-0.41660665115654005,3.265715959849082,-0.7129827364875894,2.249051829479697,-2.2993402235651317,-1.5146525398406219,1.5487947792608416,0.7291288911538487,0.24656929256301297,-2.141482157825676,-2.5373875204324143,0.9378800039971056,0.7227309027114188,2.7716894789840794,-0.6431895950934852,4.365504196723162,-1.5754871198785843,-0.008815449700941613,0.3382729551980308,-2.4762849872455224
7234,-0.8844162851615387,5.607628688872264,-2.6286754894300515,-2.861532158797882,0.5061738518456438,0.2608213926726233,0.5037579921579471,2.016701107598344,0.648644614788874,-1.4805882309227218,-0.776773529658497,-0.9117419539640785,3.862909017156884,0.16840494398756078,2.082994668849018,-2.698801840457616,-2.2454880840444122,-1.170018705490362,-4.056080910276737,0.6799200891114765,-1.3905019823208455,-0.5812862438857573,-0.6204018178577542,5.968350865227109,1.3188288454069514,3.361844075963649,-4.843883588820361,-0.11303312429883583,-1.1904358632206602,1.466679654971962
7235,-2.692617740824547,-0.47228706643749874,-3.7597715706734363,4.082106975807527,0.6188620843833834,2.223707317745623,1.7523914773457498,1.6777853880017233,-0.43131565373224934,0.27768962523321683,1.1280327596084634,-4.404583596457048,-2.879591592091897,1.3403821328459102,2.885280396516773,1.7750297455773705,-3.7587036780168237,0.6376029951697184,0.13903162366938204,-0.9434585964363773,-0.6989113978100789,-1.0043941937015544,-0.8906838284713086,3.3984163927474036,0.01444611945856522,-2.130849694380519,2.290647837479419,-0.8042051692898209,1.8192853700024862,-1.189324463267468
7236,1.3311857373978206,-3.3051168756167897,-5.316392939494598,5.984102508160813,-0.8675831075263181,2.1738046770801454,-3.2226214346653457,1.5179634781677507,-0.44737655658614717,-3.2526442404064912,-0.07172255017280982,5.476401303662907,1.8970848095875077,0.6722724373057396,-0.300965818031397,-4.1513742630423955,2.0926117383653526,-0.20962890418373803,-1.404589242527475,-0.8237067104887075,-1.6148024296570291,-0.07507169982763795,-0.1793606400324954,4.097530722530784,-1.8138147861681304,3.4464870713448548,-3.730723742731474,1.0420002185072539,-1.4015187298521337,2.457569968902277
7237,3.5685964645357835,-4.378721815549696,-4.056385165606468,5.327522056401808,-0.7394301270958001,0.2784185873154321,-2.8500601788612734,3.0861084153956035,0.8701109936166036,1.0125544897333967,1.1199451740740702,-3.238658893958508,-1.0173452635732758,-3.6603928049256798,3.1837946349620267,-1.596146926370814,2.5326178049248433,0.5574725549839759,-4.655248054515734,2.067607318405539,-3.127460801344469,0.19100161564970275,1.0041449001428546,4.5199550216595625,3.3868890108612746,1.5061010729553495,-1.5747212940366246,-0.36537712081033025,-2.6706675489833724,-0.2822241199836384
7238,-0.17252906379727762,2.9194938256392398,1.3487132652910994,-4.665380173588581,0.5178537185642047,0.05184842789236832,1.1955344356326876,2.095987191343035,0.8679515850955308,-3.2364759109955052,-0.39014258455582773,-0.5328547165200526,0.3145075091982008,0.4963447006354116,-2.799857405984424,1.2381377810533607,-2.7865623435886597,3.5374297586872174,-4.817651886359741,3.3814411748346735,3.766279746147074,0.30191228326226405,-1.4242403522509512,-1.207740965635832,-1.0659126547220765,2.4646678554807266,1.4936366187896546,0.006335914138139387,0.44333695978519216,-3.3420646934689984
7239,2.171391178136002,0.2702394677545321,-4.148580940747664,0.08930919799844617,0.2788681180364807,1.3387729788232647,4.738860471968593,0.05216905483886336,0.4535667338700087,0.013774627672566098,-1.0171758259078212,-4.241195062442351,-1.1885436301905195,3.2252916686099553,0.832203928390328,-0.7771910948202176,0.854665986231975,-2.946426858220427,-5.753716399450923,2.759715850511146,3.821678794653238,-0.7793858865152741,2.0494305027377173,-2.0977228619384007,-3.99764078460624,2.9877591150994434,3.705537806084383,-0.3680905409940598,0.38826128516450353,-2.715826880745368
7240,2.219389450247917,3.7854568548260907,-1.9756576879811583,-5.319055141364405,-0.29115014484475954,1.5810166691173961,-2.020632323814457,-4.7366099441883875,-0.5349517830431019,2.070878975984897,-0.8549546000223689,6.076269675083267,-3.5857945061588197,3.7898729497932315,-0.7141707321898281,-3.2062055145926536,3.787141987871479,-0.07084418472229004,1.548179978586635,0.26335808217649337,1.3776828714308742,0.11854613689380233,-0.8096325157834166,-2.498134553306933,-1.2270840102303957,-1.928033703363937,-1.5496425867091297,0.2884337554504759,3.615976975396098,0.800349569459538
7241,0.3142739170344768,-5.341882062742492,-0.10003583685619688,4.103339751030035,-0.14385380367787226,1.1681580352131355,4.831889658464259,-1.349203129510819,1.0467784502130257,-0.5415557370331072,-1.2441539143619327,-2.74375532777157,0.7007491966119623,2.2686607425695122,-1.2700033570621034,-0.7676523921096177,0.2889778823595819,-1.2207320723681843,-5.281492770768491,2.8659349407206705,3.42507396298506,0.7132386134575581,-3.1296807643812254,1.4069260179838814,1.6033507232971047,-1.6020331855875227,-1.7661738410390555,-0.8001019657750978,2.37011823331477,0.19484003579246512
7242,2.5861137777382517,4.40991309237835,-3.488905964631222,-5.977416981906629,0.3037462537755551,2.166549822646793,1.6848096038594491,-2.6927612829104177,-0.1262778002670002,3.7310403472022315,0.3910621306077502,-2.987872998492122,1.6354854355018702,-1.9627197842009831,2.5206353030907067,-1.6865919288251483,1.6784610239993967,-2.1852700495647,-2.873057679687502,3.216406948810242,-2.396738240332944,1.0702208565085316,1.2573364302823489,-0.2741683155832142,-4.637937096315392,-1.5051000618842139,5.661173188523751,-0.060923727332216515,3.5600961079565003,-3.017308410945798
7243,0.5863028712123679,-0.5393348137396998,0.08845903226148621,2.790170965384089,-0.652493654662917,-2.273104400454219,4.520564206436745,4.887045598218151,-0.9073899426024727,-2.639135563773099,-0.010598523379537816,-5.850485774899898,-0.7211240911872423,0.9347854396333766,1.3076880839832938,-2.2915246255461827,-0.11097645355317809,0.8811516466710874,0.8559235817438058,0.1725382371896984,2.589435847801518,0.89429520349747,-0.9358171602404415,-3.5763757099945863,-0.1850948911425796,-3.044755182151576,2.718209199961805,-0.8772185566914823,3.0793452734405697,-1.6904858434141001
7244,1.3080681750320515,-1.3030393161226108,0.7949569406252976,0.8629927063681357,0.5770714676197612,-2.24004997352157,-0.5902000320054803,-1.6921583273947007,-0.051031739868091286,3.5350946068167772,1.174067690664419,-2.3757721982130207,3.0865278820954956,-1.8862450247093268,-3.351251940690071,-0.19165793849720814,2.4984693455339055,-0.15584232373165818,-3.2280997544213577,1.390826019498851,-0.6411905543387224,-0.1719195824397799,-1.1242472280401543,3.7746310997386203,-3.3425899631140865,0.9078596466359841,1.3672648139922288,0.48983594086824667,0.7826561464190682,-0.20502658479879798
7245,1.8176749123143487,2.49380835069973,-0.8679515097558266,-5.047914454708817,0.6269879793366648,0.9773947221149797,0.6730582474687559,-1.1801527172053703,-0.4675705913620707,1.4001243697354617,0.7261007174930878,-1.151560026129939,-0.8280359046237677,0.5104569909350687,-3.194825755143766,1.729891590419335,-1.1294545674109262,2.9119676458252,3.3838033005664876,-0.13907879411709878,3.591981571639735,-0.5424821968802549,-1.8144899158798058,-4.4797339653315795,2.272679648793055,-3.590939165186075,-1.8772993296102563,-0.2991091164847717,-0.08438764433967094,3.579055606830355
7246,-3.0597752486699346,3.0488451886668493,1.165311414581879,-0.6698715284529406,0.701808939602711,-1.1863187657275116,-1.9497748152194063,1.8874374356186152,0.9625349546657569,-0.20864485323845017,-0.14276988124989565,-0.5487828405767097,3.362023664622832,0.06522537578981513,1.2238934810457884,-2.7139190826247646,1.6362289479367718,-3.5734523867693166,2.3309939237378465,-3.337095575157269,-1.4689178663600533,0.07035599312941798,-1.121096905124837,3.5257604297723795,1.2950311417985176,-1.681530423604496,-3.3488877581753016,-0.1847682459592681,0.6512886797280348,3.2688666062151555
7247,2.383877434514165,-3.910120870166587,-4.422784900204167,5.363374837504619,0.6331178811652056,-0.04746438281215326,0.28880308314448655,2.8740194339475664,-0.7773862370462226,2.3097056648546292,-0.1825013070890158,-4.512640637811543,-2.081135424935031,-3.346042561244742,3.1432056529880086,1.2280959762998904,-2.5227123835755734,3.578588740468547,-0.9381932108208346,1.1300614168047662,2.451375695837598,1.1020598034438525,-2.045188508196814,-1.7001151970710744,-3.9235356843970735,-0.027135470708987697,2.4051155862974447,-0.5216895001844266,-0.5077227761972303,2.5749678451929476
7248,-0.2480073961000393,4.258938441911365,-0.2789752585649019,-4.443091449162804,0.47495708781920287,0.23617857409827714,-3.5590767746633887,2.0214766646305584,-0.9598113033661697,-1.8739496866487073,-0.6517158788812738,5.023076978928909,-3.117909273528902,0.6245212665816062,-1.925715836428143,1.3828645085050937,0.3992640602176749,2.6369752746537998,-5.04881106674328,-3.3205034386651544,2.428236715358821,-0.5808311094415313,2.488186321233881,4.03372257825475,-0.5305427473831585,3.4196725784637216,-1.9990353397782492,1.2128313660509171,-2.9321260687413204,0.8292002113907593
7249,0.7617850672945519,0.9516840398024655,-2.1387865417964598,-1.7823082929866025,-0.07096078731613176,2.2785865150032603,-2.456650246540587,-1.6891672457051214,-0.6989700542279706,-1.4490317692425965,0.8174957282003161,5.476323587515864,-4.078078081764264,-1.0262449992221345,4.189895973655183,1.6091928376318165,-4.134139886447594,3.43937415614813,-4.554918846068702,2.1247177904030536,-2.952123021403862,-0.33479586717494136,0.20106638455543013,5.516053559686476,0.055896554976339274,-4.079006311672215,1.2344688728136717,0.6672164826910532,-1.4064469232750554,3.5278713244688724
7250,0.08541733715085975,-1.1702856609300518,6.06607904984245,-4.001626240489493,-0.42668690505675944,-0.552897580515932,-6.108760871918513,3.8283380382777565,1.0739830332642386,-3.3354005254190238,-0.6806562976970145,5.222496623492518,-0.5763498520096917,-3.119060409701758,0.06890886786592532,0.3650255549025232,1.7124019581464687,1.5490738807976676,1.9295439887188692,3.4007527221305764,2.451348877844495,0.18205816306868794,-1.469309636644459,-6.494394115120716,-3.002565117182961,-0.6046078555062735,1.9062364893698742,0.33989182643509785,1.0584595497005331,0.30258510718643983
7251,2.0104301114990974,0.7321203399725036,0.4281837702585207,-5.965276580454326,0.3085293801903406,2.4860129785349265,-5.42403250327521,2.9396721369080545,1.118006788731969,1.7007990342846426,0.9083949154401161,-1.2428403720895922,-3.7028267243783315,3.384267709901632,2.4590729798904754,-1.028650752127902,1.5937808467574683,-2.7056440600422533,-1.1830894997316257,-3.2036560759937824,-1.414365126756163,0.384452268250711,1.445116506721293,3.9715419275070154,3.350095619650464,2.091753167616872,-3.1185249480700996,1.1289735993398882,-0.28562522842788596,-3.166672210106521
7252,-2.7527827109840235,1.59626436675239,5.161430208853226,-5.91979991158113,0.02208595650771228,1.892802090452859,4.341933421593474,-4.506344404511086,-0.6821021581511646,0.42957540667717886,-0.6243235393362845,1.0412612737278266,-3.1617114502682107,-2.3309518233763065,1.4638234416310674,3.4769757367082548,-1.6205205783401642,2.1723846736464516,0.7054466761151019,-3.1594819924179642,2.9205465528794328,-0.9469286752913675,-0.647452772289947,1.1278702110021825,4.592497519935449,-1.8612615574802227,-1.1095550514453798,0.2378935655474974,-1.3489612606629766,-0.5106132158916825
7253,-3.0215125365378768,-0.7964592367842869,5.899637958279897,-4.473719718548274,-0.0462597290302158,2.438313262621799,-2.6719074722720144,-1.2109336659353254,0.9058773277404661,-1.3720835436123782,0.21949849667262633,4.1295488574065615,0.532334689779475,-0.20957835459294571,-0.17512895365216608,-0.4125090683703405,1.0320395451594742,-0.7671578583223901,0.5594941307367236,-1.1005884416740006,2.3176691260092,-0.09865542453790166,0.41167266767608446,-2.089592058212645,-2.177171660443019,0.05480723293170797,-0.8954515625585842,-0.3517098042181246,1.0091341091370651,2.3603916851536475
7254,3.256625178034003,3.6586914074793846,-5.759069696488854,-1.7945732527877176,-0.1361704502053127,0.7744968139695878,3.965625513922088,-3.1558080702152544,-0.3703932243748058,1.7212831353915092,-0.3050686168285379,-1.855638737895049,1.3024795606601423,-0.29111374641066234,-2.5054777872072513,3.766440314897835,0.6912758657564417,-2.9636042076954183,-3.3489452443378873,-1.0063249440897106,2.483645440587992,-0.012521752169504907,-1.7062541412008603,3.5904006412074096,-1.6014811241864848,2.678620543157386,4.019744924816038,0.9392539869278558,-2.9466297664931496,-3.0895085642189315
7255,2.633592882341773,-0.24365484937277415,-1.9759780390179245,0.26846413415544745,-0.9276501979938176,0.24522606988838191,2.2067972754699277,-2.5146517532534425,-0.7681946847903243,3.2539430140374783,-1.2474025611616528,-0.9304912903020259,-4.21572882061052,2.9392688374237643,-0.35462933706163113,2.4356842574774795,2.675769425207722,-3.4803643624357203,1.0362434945304955,-1.221518071813838,-2.655467310801731,-0.6345905723979692,-0.6279600791080835,4.103292539588562,1.6350809945984288,3.619862247205244,-6.112415695617933,-0.9592318193382008,1.3575215223414219,0.45918275081372073
7256,2.623809685325323,-1.8577619892481643,-4.871827087863622,3.945249986376961,0.6608145652871977,-0.5002851598765918,5.031894735294628,-3.367052763985111,0.3652627704269591,1.846613788164106,0.5986969275581533,-4.475415457458801,2.1892679275365126,3.5600997080061916,-0.09121744108843544,-2.6006093787498674,-4.234991673529306,1.1774508578260097,6.172474089198765,-1.9020672314564244,-1.3299871777374985,1.0365374677259673,1.4470205570675407,-5.423977704800965,-3.8035389162259072,-4.204292864944618,4.706817937788564,0.5019514351123897,-0.7647595420003803,3.563821950272633
7257,-0.41724453501609027,5.400778149451163,-2.124841944035545,-2.5563449888692453,0.5510018967984016,-0.8533485783275694,3.8839149166476936,0.22407096959425488,-1.0257900332234797,-2.8598245775162283,-1.0880337007426997,0.8656624252403553,-1.332139559266265,-3.7645144629578766,2.726450308112547,-0.6384418655085469,3.245108707152191,-0.23646312753096943,-5.0992373356617335,-2.173365212424798,0.7502445766091199,0.607045882899806,2.59718963832297,3.318122450252048,0.8496036624439185,3.771886598560446,-5.17857225412326,1.07097824739893,1.337466439420055,-1.8513626936974052
7258,3.2971065094540073,-4.327478725711423,1.0016233461169008,0.9682515344757334,-0.5710088398710105,-0.3684938244631013,4.239226373149254,-2.9845083929210467,0.1987198488182198,0.6945771526013385,-0.2516966897601183,-1.8963182918877628,4.201513066127788,-2.5134590215071047,2.5044780421683868,-4.2256196287164105,2.5813171811058595,-2.5482296391774586,4.584560135891206,-3.1155794216246164,-3.7975279052168407,1.1728942787972834,-1.5860074761462553,2.74166038829663,4.386104503190438,4.707389708299541,-5.763562898319044,-0.7489460740382068,0.6549203822717011,-3.235905621401791
7259,-2.031461799778679,3.888152256825066,3.5210185601991206,-4.182217574612899,-0.5194676008528338,-0.6760238417786599,4.990932654908956,-3.578386269831256,0.06275271741929345,2.3535563104590196,-0.19304611309375552,-3.6358092998623732,-1.6031740121219098,2.2395609507463234,0.15538145714842244,0.42354555531041527,1.1647711298824142,-2.380085080964605,4.499333930415652,-2.1342628301900692,-3.9977755644583173,-0.7152528371492624,-2.715709396412043,5.063666697791497,2.775106378721631,-4.252065144558953,-2.65960659285593,-0.5825481044063547,2.7311897522581,1.9879237108441465
7260,2.725012271890723,0.013078151564528184,-0.5714150984127464,-2.622279582267595,-0.5065884847042672,0.9621927419304832,-1.2709513469632618,2.4082414060706476,-0.5249840081277837,-0.9987516081733325,-0.013085349617604436,0.3995309068111972,1.9504584785374135,0.8998505990688592,-1.6688895824200447,3.3442648732235973,-3.15543753673642,-1.3702468316723753,4.813749232952947,-2.4309508431549247,2.97280663323831,-0.08325996684656722,1.075148899701194,-6.347493955893466,-4.173111165909262,2.807519679381972,-1.2388068119170974,-1.0372294016706105,1.2975985955576697,2.3440291045599935
7261,-3.1787885710745822,-4.453760019382663,5.260279898650708,5.231147623763338,-0.5488514431313636,-2.310027488824316,1.8310836095027483,4.962408481562083,0.014626690045164814,-0.7168845132250148,-0.4990687025719822,-5.5921655653131275,-0.1516308485346265,-1.52158412604442,-0.4773302594978759,3.920689801037529,-0.6501128400595988,-1.1200317268999616,5.6919554706023625,-0.921359424940098,1.615536570374129,-0.1181551105316041,-1.3954799228297396,-4.872497582677582,1.4667834974294571,-3.858142961790506,2.9032547769403685,0.6068538853792127,-3.4842269179028698,2.3654777199469876
7262,2.437530847574088,0.1548854366912522,0.33822192846080057,-4.8632022883895445,0.32354719660940434,1.6090168790551047,-1.7110396553794835,0.8308350982391417,-0.9302951696525019,-1.0763230071960876,1.097845774595542,1.7889769593932137,1.5008364373002294,-3.4106475383207737,0.9810254996338088,-1.6793241139993107,-1.0982316407482706,3.7063413561353826,1.6442249108029685,3.125458413483269,0.40431479426982264,0.43854039903849884,-1.3647856419894744,-4.2477528756075955,-3.8585946666545112,2.05217638959596,3.235752799729056,-0.8026551294123534,-2.756929798333351,2.1302504050778595
7263,3.45791415626708,0.6111426836080476,3.4554203513574464,-5.016082534996912,-0.38052712949161527,-2.127867526742974,-1.72502830829713,2.1793066940686145,-0.9169288136231559,-0.3562696275613888,0.05779901657844455,0.7611210388344354,-3.150025572296011,2.4923044312585425,-0.052141605143791736,-4.196829694581547,2.3541781453249655,2.552514295438929,-5.632821232411949,-2.097149200428637,2.730382654567123,-0.06900147737815576,1.6947655780791777,3.373823677569927,2.6391693693339278,2.5996524560618433,-3.756055857760362,0.29560607938279126,0.4867587597500673,-2.265130806765603
7264,1.118389666114588,5.444322068915245,-3.983279520705615,-5.21364833364288,0.211909071574107,2.422307047745619,-0.05634491239768735,-3.3640827071369763,-0.6649191622481618,2.716750741482837,0.2608787573216942,1.107717282978161,0.8476947972563593,-0.1879234735108959,1.7952673521255846,1.3930714993330717,-2.1056920096977176,-1.7424181655053026,0.6572525931336095,-1.8706838993305723,-0.5360443641998796,-1.0250991797015097,2.4716711315491544,0.30290371854667697,2.4921915232914245,-1.2536699268106837,-2.950069374789301,0.6658694434228503,1.9165642030939516,-0.8708858682055869
7265,0.19454440803380635,-1.2961091156364262,4.648278543270056,-4.617134559520117,-0.6241652258231893,1.694585949676938,0.0905699410973142,-1.2312671335787577,-1.1427442567631458,0.05545599157729342,-1.1050026674750941,3.332988125142215,-0.16836469801355136,-2.5314097040244548,3.3998184252794132,-3.5192177636739608,3.685833745822123,-0.8666600053884927,0.9101136266856642,1.003575968603526,1.6608320829020329,0.9774037500493202,-0.45865619444049344,-4.09326923380257,-0.994164361838898,1.2891807473552355,4.375026971975817,-1.2040503381129404,-2.6928543394646507,-0.7731386799119093
7266,3.699509933824846,-3.6274282679475434,5.042832473446563,-4.513828884457411,0.1783597515176356,-0.7794450063830354,0.9231111251607764,-4.378485606720162,0.27271595638324886,-1.353883657655281,-0.27865481325403785,4.815196996085309,0.42318626435382,-0.49769604377652854,-1.4902568540612027,-0.18888061853248672,2.019256609560504,-0.2656093575430347,1.762126698148986,2.7329679829859685,-0.8902403773574328,-0.5226928831263447,-1.6271766841219772,-1.4549847365316992,-0.5305015510789701,-1.1806323437587984,1.0394775655970605,0.7375892904717185,-2.536025627853517,2.4700926666251526
7267,-2.463231202279699,-2.126690576314246,5.463752981170881,-3.978708994929935,0.79824025907998,2.3066375332741043,-1.5095133501534903,-3.6278848830170496,0.8527676726465963,-0.4062587937541515,0.7520865897962032,3.9388027644817605,4.200476606423809,2.8274362798000823,-2.4370072180073254,1.8628579232156106,-3.2500119066731976,-3.2037516847578917,0.693931590250596,3.2606345213057892,-2.93607675498456,0.8006698643764301,-2.848068257784279,1.0289090368335359,0.3216054296798525,-3.282406787170327,6.119994547894116,-1.1787521417250826,-2.2619303183768356,0.2814892697009661
7268,3.440007053275277,3.303447309137553,-6.067072102378798,1.354306258091583,0.037585550514952715,-2.0682740686394707,-2.3101127493369695,-2.8462129771281255,1.1370199377803427,0.6713946012137413,-0.2456439166576958,3.593555104128587,0.6728676906116569,-1.741401916026355,3.346657187846642,-3.2804180109981296,-0.20542069502611682,1.2077157435933934,3.6513247876878623,-0.9158420894890131,-0.599291504022796,-0.17348236461285005,1.5062446174372024,-3.4689534470028534,2.1969564054765556,4.105646510690168,-5.595131390200635,-0.4954977509877674,0.27704594600656485,-0.489019720982224
7269,0.06052351205734041,0.5695731877462578,2.6132994336598365,-1.5701657264852926,0.2643396037591601,-1.937570010736252,-5.375871521359798,5.361394500311157,0.5257690789481595,-2.1198685009153824,-1.0702606825511607,2.678837125566922,2.3573792117939973,-1.8365691080107105,-1.2604993890127538,-1.018105895164263,0.8026845784354393,0.9551106019594044,-0.852060788190105,0.6350820380903741,-3.2864815638679072,-1.2278140302468068,0.2764868556350457,4.454787488576926,-2.520428966599816,-3.4692682562997774,4.776628150856197,-1.1979337557223686,-0.3093819730483247,2.720384800816813
7270,-2.3574488398087627,-5.592520018828793,5.868689291652526,5.200453310046054,-0.8892389915729844,-2.2299347514869856,-2.994761733947289,4.444996834498735,-0.5207257391775277,3.5885784104290757,1.1750732048612642,-5.693160976664355,2.764969934316632,-0.21252692339803758,1.138683234355728,-2.244309917365758,-3.188107443911921,1.741291116004458,-5.840385206527358,1.8193714723225192,-0.13122743437076956,-0.07091171101365656,2.379615822660373,1.843537056926408,-1.0091938529292541,-0.6851364552473207,0.1656543861853237,0.04343104229399497,0.8248767459687993,0.6603681337311684
7271,-2.4672012085720336,-5.269326179393374,0.5718422880122027,6.042735762568828,-0.32913279133394946,1.4510821287193796,5.3948593782801595,-3.616709346070923,0.5183123717967568,-0.14398624411639105,0.24434999350166198,-2.3968261533913484,-3.4784272991960243,1.06364052178888,3.8416233075509076,-1.6488602034196713,-2.4091640727207384,2.6311877459977495,-1.9501714315915493,-3.3634837739748455,3.6476624909517597,0.2838219221394258,-1.57412188165946,2.9562926741322,4.7121085179994076,1.317912049114156,-1.243930890244826,0.5215305556143148,-2.0449986732645495,-3.2626215592157948
7272,-2.067816375650132,1.5879639536627508,2.2481112187227446,-4.097961191088139,0.8273688807574868,1.5023335135963318,-3.942438463673515,5.26743124537472,-0.588058350944733,-1.074175156363328,-0.5726643320419686,0.9099050576487429,-0.6227045778774105,-0.3780318397976181,0.7796916358957944,3.5799083951392845,-0.1624248563946331,-3.1964387569643193,-1.8736690460139975,0.295758824571573,0.049362488094082835,0.06816648618940668,1.0649481395075995,0.3954331076488593,4.553389054180606,-3.268285623807664,-4.255683745670353,0.3350372533683563,3.0762849146641607,-0.4407418527323905
7273,2.4819534609351273,2.976781064711716,-1.8307348483876815,-2.328905363057096,-0.4729418810350374,-0.8261524331660173,3.9765099171152336,-6.133737032947305,-0.6841494462380613,0.4808314473522408,-1.0129019845660934,3.3734470992839256,-2.327708568795675,0.5155169556800736,-2.0190336258091346,-3.560940534898574,3.6813564680259,3.710809305798495,-3.832392194066262,-1.4008394195307652,3.8374322697250527,-0.1805424901894792,-0.7329897389442337,2.3093315730032096,-4.84588063881529,-1.1717434901111012,0.2676315520462609,0.42792656578681676,2.8688552949445665,2.453210716151492
7274,1.3881680551173545,1.1513195236850713,-5.63344229503959,4.398242967038737,0.5520275705361466,-1.8563158213367021,3.871895156730485,-3.7150332370999806,0.708017094271586,1.3140200377765403,-0.611394196223257,-1.5675048554554394,1.866342585402684,1.5017019106657763,-3.8808767154749635,-1.5228081391669495,4.216335620889005,-2.1806952623144618,3.502161594288726,0.939746829176558,-0.7833183113808619,0.15473057798206025,1.628284374462341,-5.441605064531281,1.3922189137284207,0.9233106997682619,-5.961556901657801,0.4155245359783697,-0.3403005446773637,3.5708032968628807
7275,1.9627499525453906,2.939209307929392,-1.3752144847295504,-1.625987615073747,0.5309987508999301,-2.4317559115703977,0.35079323909107885,5.059106714282535,-0.42587253545202675,0.8846375826862385,-1.0723696248556926,-4.796295375752187,1.099052653308629,1.5290690934428852,1.1278331545872184,-3.1471814018602053,1.0356242465952192,-1.6443977460726522,0.8998923970937796,0.3141050521858286,2.017675555914284,0.04069286476950751,-0.09914237968236428,-3.1732234902835046,-1.830163285036459,0.021362323885622203,1.0967198830574354,0.551104909590264,-1.5268774778893768,1.6878536463952258
7276,0.652951613799253,-2.6392457586489897,2.2197984402674322,-0.6644832462680696,0.16897912789349423,0.26199982295792346,-1.8102206433868204,5.711258724906479,-0.7737200472311736,-0.6818971983410176,0.20367379162124877,-2.649094627568786,-0.08118010553449295,3.0915491717684596,2.4329618863453852,-1.601171811236977,-1.622695336080998,-2.219463805260288,3.2055398927160432,0.40096834170397777,-3.7536146426793984,-0.8736995772898108,-0.4180168284175192,1.438822813964233,2.7076663534646066,-0.25727011176800474,-4.314027626817815,1.1212285577346188,-2.520020461960115,3.262423289349435
7277,2.8840463749094525,-1.956165166411644,2.9357741966795707,-4.007108135176676,-0.6908308420571203,0.8342835720574211,-5.7762405151151945,4.272395923507517,0.3842768082534267,3.099043217525036,-0.6484083329998898,-1.3310671011709445,-2.5974883133247246,-3.374253419292531,-4.175026830953126,2.843194824663385,4.11769430467039,3.1858794342377124,5.268996997406784,-1.5455023309385965,-2.5218798997880363,-0.39624730373115646,-1.3615412031943261,0.5561737402428477,-3.484146447851767,-0.45958724059922673,4.606265209633186,0.12394249458405504,1.814834190116585,-2.601308205880084
7278,-0.14335057155255448,-3.4438181694834924,-3.019700183719223,4.958514531439679,0.7082961184435446,0.9400582748730422,5.028393553621317,-0.046557257141429886,-0.6304415151841676,0.8178483336781017,0.6257178553657985,-5.794960970339655,-2.430746951923023,-2.170771079214825,2.537226768721034,-0.3354060971629558,1.089765717558091,1.3099316420227787,-4.5568881902558225,2.0153806886465517,-0.6835336997069277,-0.7218121323717162,2.8176828665447857,1.1291704671407068,1.627859733924634,-1.3020477963358665,2.4427945013222363,0.6152708951800889,-2.1035116358023807,-1.2803656982859728
7279,2.3074071594075747,0.5765638387109213,1.0664172857905712,-2.717516801275732,-0.191153331824357,-1.0417181508079718,-1.42303572795808,3.3061003042864634,0.5142337558776875,-1.1656244842726906,-1.199956915906812,-0.0317169320266224,1.1479800618203662,-0.1619738310140022,2.469227212981373,-3.5243924179199944,0.1444620074255205,-0.07530303329216892,-5.904469652067014,2.980613540571291,-0.3499858601206789,1.0224517186821664,-2.214176869997628,4.465567122929446,0.478045682713244,1.0176059079724524,-5.717390936486861,1.0774461879967552,2.426932349134958,0.7173608086722005
7280,-1.133416512958986,-4.36563602163606,2.711698820749895,4.610815943937755,-0.058214253647102865,-1.765247976444531,-3.312187261016767,5.437638994490321,-0.9781633276833359,-1.4063910209104158,1.025451748080667,-0.7663491329605066,3.126701821262099,-0.7423681798625772,-1.9967734740235343,-2.489072787298946,2.666199690080777,-0.5646870701567046,-2.9857093070613843,1.9055731526993753,2.3972484379981687,0.0917640612117161,2.5460160599832324,-3.9548924048335437,-2.2418570782288896,2.0689339884198823,2.808970457625456,0.5492081562187421,-1.8738224915141792,-1.3114330325182753
7281,3.639807296698212,4.2934424150199035,-3.8041025113665086,-4.26139420801065,-0.908058769222932,1.0403057768829527,-1.9009486796195887,-0.42256315898760377,0.5362774441251474,-0.6145614112059228,-0.4384272084059102,2.840223014093837,2.9036572138528776,1.6842556411540528,-3.3150221495118597,-0.6510834571414179,1.2042533711819416,-1.8260606195344486,0.34678065054515983,0.5553104225556034,-2.1723942317604177,-0.744129309660158,-2.086067752890477,4.100500221207838,-1.506206981005004,-2.427521010307977,5.337929204892703,-0.6042961020138673,-0.6210170341337236,-0.17888807742935242
7282,-0.5665313998620469,0.011031812420693399,-4.7409470938147,4.306523329553141,-0.8572978089503609,1.8472211606542732,1.4267675311590615,-1.7390147646465763,-0.21641139245144192,-2.0024577625846423,1.1557748357629238,1.3753415527606236,3.4585413734529595,1.198161643291602,2.99143827315919,-1.9396899430399994,-3.341685392354014,-2.3667659545085975,2.678069719787093,0.7685122807285456,-3.273451961262168,0.3932471425363673,0.3226977910342015,-0.8890749728265277,3.2740667053293535,1.0905311183599942,-1.7180269563493304,0.37797451776417645,-2.3546100200283195,-0.6699353650730906
7283,2.6115684750530086,0.07831373107907069,-5.049044238518846,4.648348231773735,-0.14954206211821197,-2.1396441372677746,-2.5192118406328525,-1.86819495690699,-0.9515622945418611,2.363505797857261,0.016231942746365746,2.959231351478042,0.2688668056703456,-1.3867629131842385,-2.6649025183319885,0.5237372378589349,0.48411969973433955,2.7749416882537723,-2.6356222913622283,3.0832049536222783,-3.626964195916086,-0.8406137361007806,-1.7736332962621102,5.793628566016459,-1.2285854628219113,-3.451230755695935,4.634839652606548,-0.5187774186322445,0.17197269842023566,0.39178128612611296
7284,-0.3484761511285921,1.9948571816013008,-4.96887980771136,1.5740281686539461,-0.04016311271930051,1.7886337213049774,2.321682700378961,-4.059481259454145,0.9484339488825535,3.389398209008977,-0.7157536670308886,-1.8842799317855068,1.1140665537577483,-1.5305608524604004,3.2185326663583282,-2.981363086980874,-0.9156769396580771,1.0950016589844118,-0.9253086940277662,-0.020316076319925713,2.4735884328912476,-0.11786950753050984,-3.208472106225644,1.7983779512100746,-3.1207398146651073,4.230355227087681,-0.42113675483226487,-0.4769176452467656,-1.9000703507721148,1.6885093384313343
7285,-0.013054052851096287,-2.585189032888991,4.486785764578425,-3.036451377626687,-0.06370707853179436,1.211615777321132,-4.033246563879622,2.5610194271107325,0.20618181793961998,2.157733808824741,0.9419927562509551,-1.8336812462465133,1.3570488935409344,3.31339110785348,-0.24150970382164516,0.577932819936958,-3.910725164903816,-1.0961379526047708,-2.483270551484946,3.4900891975627246,1.1670209418294988,1.0915405927678963,1.291195741127762,-4.556575921805475,-2.572606279952886,-0.6753988665691466,4.315462051797578,0.5946813843642156,-0.18940088392057142,-1.4727374057164244
7286,3.106029810735386,0.6301374705389442,2.153725208202708,-4.077042656529358,0.33399881220376226,-2.14684864515044,2.674752374612048,-1.2617184456540294,0.9463102966957635,-1.0416927458920693,-0.5848154328163648,-0.7328360469454402,-2.2013443706981803,1.8294086148392381,-1.114946768420202,3.086583697763473,0.2221479788864542,-1.821849152369646,2.403279287391147,-1.240957698493668,0.5354404208408319,-1.0910963621088885,-0.5332882080510242,-0.07337743958093412,1.6255780779597835,-1.6532900090034275,-0.2309309904396173,0.08564962216944494,0.24112427914660017,-0.06813097983000027
7287,-1.0389441224040699,-4.243220749510829,2.56173467936771,2.0005343124214328,-0.9059371872509063,1.6258330673776857,5.142116818388633,-2.4495555810296032,0.602092886344594,0.8345003055209705,1.1322827852969466,-5.261437214521628,0.03425125979249799,1.0245249531196556,-4.216388001369635,-3.095266283885353,2.7300753961465922,3.5228026761973794,-4.0556661086305965,2.5796285151922262,-1.3960388365337675,0.6076859568970994,-0.4829416682604606,2.74733214133299,2.8510913043379276,0.6495523684423432,-5.989283338669043,-0.5936838580788661,3.1687504789402006,-0.08642695496975605
7288,0.30272180216307554,3.314544942694134,-5.201246603048627,-0.22103594900430323,-0.39798059640040306,2.202996403597112,3.9639267230647484,-1.4979503271266914,-0.7968678962129285,1.3466088023318932,1.0902072862556107,-4.105924588312728,1.049156783630501,-3.1356136005721673,-0.004447001511532989,-2.741526270112727,2.8654534962784446,1.9669765922886242,-2.152766040975159,0.2263214060836436,1.0763004622151477,0.31702612393038,-0.4640017628290032,0.9971198115724889,-2.346372417265844,2.919778263273006,-4.0546282829795075,-0.0958953352690406,0.8152658915066056,2.7618518807375487
7289,-1.0210271245591542,4.599047863079754,2.0618056093710067,-5.880124756207959,-0.40354175124516845,0.6438401595625134,0.3339114468618476,0.03615062138085179,-0.28924570875025957,-3.5325095894968364,0.7980584824540857,2.653634747550246,-1.663030599610936,1.7645165046929066,3.506123218120411,-4.1843214429687645,-2.3343060052076865,2.9110183249752026,5.1248313693505665,2.041669970359127,-3.624947241164893,0.8042754770338032,2.401084645597191,-6.746914221178297,3.934422937210723,0.16816486372759343,-3.675575108973554,0.8076807489166535,2.3280185656864063,-3.5627120065650537
7290,1.9425442588394297,2.4303779434466612,-3.4084471956162794,-3.909334302225986,0.4694643724528893,2.4753949231042895,0.423428136939215,-4.836251504677239,0.565911625232915,-1.7955471235894134,0.5208607220316361,5.121598144062826,0.2850695572253912,0.6779703728982298,-3.667283464392389,0.09645955528029404,-0.24160990976767494,2.849393888757291,5.6582037540115415,-0.016601632817232925,1.0352071109130065,0.3572155397646011,-0.7158115442006405,-6.318213227673766,4.165270528943502,-3.7664596771438816,0.8354374200150545,-0.5565694405675297,1.6431133920888854,-2.3207922233332408
7291,2.1812836576502725,1.8094955058949012,-4.196512814453072,-0.07096813691424231,-0.9021806586313996,1.178882446454546,5.283688429130045,0.19673898100394638,0.426654401320822,-1.8589863965035178,-0.24880475702985372,-3.799290657921471,3.920743004945084,-0.9095721558148853,-3.8600345357794126,0.8253276994118188,-0.3273710869039341,0.35090707414242495,6.083215308759108,-0.46386756435124354,-1.2057973361863077,-0.7681171662439894,-2.355516467566522,-1.289916774413559,-3.318734910145988,-3.7798728989132897,4.709728497136304,0.03565317430700876,1.4635259184772735,0.8897002191414778
7292,1.1266063849937318,-2.2766292907303374,2.01717358313412,-1.2747873583645735,-0.5762829315631401,0.9839196125311744,3.3147770577513285,3.6836683582642245,-0.8320316377591119,-2.2210638999646886,-0.8427563157086722,-3.102593562583099,0.7817985714987792,-3.710350894090041,1.1305867550971982,-1.0674241839643308,3.4084273878234086,-0.5430376363639215,3.4429315700620187,1.0001048375676795,3.846234914086967,0.24730465480894814,-2.2424401896933173,-6.294135786834815,-4.037324926375851,0.19627267654453817,1.5194332731070048,0.6093884510421574,-1.8839166304353192,3.5961471561202423
7293,-2.198362028593973,-2.9121902036704377,5.257249664032479,-0.26417121908908925,0.5664726886936133,-0.44899890137165954,-5.0489257945456565,5.627029629283104,-0.5090174532014151,-3.732847598616713,0.7908716314733999,2.872889585607229,-1.0807529736985408,-0.0053759902904744195,2.5257013471883845,-1.4273271426561305,1.8564601701587016,-1.8687054107008443,-0.8525829090705557,-0.4321704916255218,-1.1032723866711471,-0.49438841998676697,1.94263501631419,0.9397791910372675,-3.1383695280238655,3.842945083842398,4.357031379137226,0.35139610098836815,-1.6759314774081329,-3.7370715585331897
7294,-2.2300723216465723,-3.4132165989746994,3.9203138630253704,0.8050590664980461,-0.5093126114109718,1.4272286025097731,-0.09310028775898616,3.285738542792849,0.24058845538598828,1.4646538757837142,-1.1644473231837766,-3.7334332630198688,-2.335052276132222,-2.338291918953958,2.7341415301605565,-1.9607442212863244,1.5064656763818967,2.3934812098311475,4.224027796934475,-0.3347525596825687,-1.9149776769372195,1.0267746229432717,1.4309798063983319,-4.432051989658834,-3.3152442824960993,3.0369962138128166,-2.177395723359627,-0.5951477040967097,2.0594577993686904,0.9913336967737276
7295,-2.2914856602422606,2.8593272287981613,3.987846908540142,-5.6252084129641915,0.4269527356855374,0.6425672001835583,-0.6157768954156353,0.47345514582396575,-0.10992370433450027,-3.1646748927486907,-1.0911711731162463,4.508091519791037,-0.7133491759436374,3.6781141421267947,-2.6558329369076006,-0.8385191807928649,0.49580307049131633,0.0337840810270702,1.428440690377112,-2.2780932336875264,-1.6152508032533053,-1.1652765958396634,-2.8993133330169485,6.529493275417771,-1.7054227108965954,3.9685851748008076,-5.908389866414957,-0.5321282105638927,1.5570118738933871,2.620343739184012
7296,-0.42942039047530933,-1.03045090908698,4.589815702859806,-4.970139451289484,-0.17219061822393567,2.0123856662168738,-1.1523452613248608,4.049715269529727,0.05940607146775978,2.2230205907056124,-0.799083765060594,-4.38071290531774,-0.20064311783556477,3.340342350609035,-1.7087980955716695,-0.810736842403422,2.4125532128228784,-3.0327175076201627,-1.35842848717229,-2.6457886912310293,0.2619709422812768,-0.8351376232567853,-2.013145754977696,6.590529614353947,-3.497358425041785,-3.541193799690074,3.7210489510901823,0.07448204834887928,2.412187779560572,0.8308334457349336
7297,-3.521658712849261,-2.2547935991468364,5.749046200271046,-0.4084706733572183,-0.9662061897075889,1.4020829747908312,-1.4709745931865115,1.6833346729099183,0.9074983492574331,1.7748876006159442,0.0254944016829608,-2.9202404312798613,-1.6430972699150566,-0.941340676997811,2.581308929988378,-1.6533835414467752,3.418017354348649,-1.7615047959762737,2.3625754527652383,0.2236279307125848,-1.356580288788317,-0.8126278290529036,2.110242391441103,-2.5272376570802813,-2.4447540975394197,-2.407891518500147,5.854248935896994,-0.12612201759519603,0.4271421421759811,-1.3026234444355538
7298,2.511316390675166,3.989214356729132,-3.2527086078488345,-5.2499138218893755,0.3370078489803201,1.6650838333545899,1.0570466430813141,0.8759990493657064,-0.5489064199040996,1.8190700292677668,0.6415980068960208,-3.8448073087068018,-0.4188573075334254,-2.9625145712220817,0.2998323198649615,0.09810132223696044,2.420368144336045,0.5630700923186467,1.721686991908875,1.1631425974623895,2.603948578823811,-0.02860213488536889,-1.9639184083446999,-3.4962576249675763,2.7082164635786086,-4.093518348465189,2.1907393962788255,0.27104321905113515,-0.781967612293041,-0.2945131181476821
7299,-0.13987990148979357,1.5219657632173345,3.0598066023157067,-2.840817793903721,-0.6211278368613073,-0.9799468332772427,4.7966765166568095,1.1745619107553544,0.1395988765285887,-2.316271878703187,0.09586999896655701,-3.8904354242042487,-0.9028411046847111,-4.1622817700271355,2.4006653903138293,2.0384138541324006,-1.5171367139896201,2.1431803442563364,-2.76265845770957,-1.601544256651069,0.42126338233005356,0.7539056361610879,3.218338934600297,-0.029305238733364547,2.8103212954363848,-4.205479539898263,-0.719714531883227,-0.7333507456807382,1.0088767951978177,1.8393467268306978
7300,1.9900149903247772,-2.9709250101645353,5.161999749595015,-5.610023393789717,0.45844433318495437,0.9704893308504463,1.3014111485305726,1.9555208192383233,0.4023004534826864,-2.548245945908736,1.0016095037118111,-2.1125959790547846,-0.7956943425044258,-3.8194082653216093,-1.2199122757913727,2.1206579849363756,3.521505376736698,0.19285152194545674,-2.8170754086014647,-2.7468911591149574,-0.6741465730962162,0.7322712078605118,3.015606839748436,2.490235093201118,3.675644167402858,-2.2776464700811765,4.4880390284164235,-0.6805728210101076,-2.521883914367761,-2.683579990357586
7301,-1.0388147580649942,-2.308635939284578,2.3803365943029,1.4072893101201842,-0.7021494778922692,0.26197427081970837,3.9479210573847396,0.11277290538426143,1.00889182123397,-1.9029045321778906,-0.16775730394603183,-2.998923947879188,-0.09622352748082719,2.9603565505959146,-1.8600194704522028,-0.31819362774837856,0.3154189425961391,-1.0013388675095118,0.017115757601494863,-3.007831399225825,0.3080391142175216,-0.29263556313839434,0.7231277974181989,2.2521842931244294,-2.913165389474223,1.6668691920595826,0.46610729253719185,1.111424579581918,2.1429071827841994,-2.47414285748601
7302,0.19584846971295278,-0.4698808508827632,0.5415753973956043,-1.8843286361102827,0.8902116543421528,0.726573965543281,-0.8147726803815836,0.2639168752792429,1.0968862591571247,-0.5615501247580816,-0.6377900986657581,0.6533097693689314,-0.5489596972844595,-0.5711913158548967,-2.8744289077781,0.6567317288709162,-0.15126389385825334,3.4891120859059193,-1.6023505511974818,1.2972351637719228,-0.4793066670755106,-1.0204958552155001,2.600598398016693,-0.7956804883026756,0.37656709803653143,2.8584922958040337,-6.217862246464051,-1.1811005443671938,2.371245491123929,1.792657905869401
7303,0.5990260060256762,-3.276188001911052,4.003574295498691,-1.7060343946200085,-0.06077298277976384,0.4403950777874428,0.21763584184375162,-1.7666680958947971,0.5799864460560658,0.9559399314259736,0.2881643538966099,-0.27505847732775734,-1.5315475966140983,2.7903030072653685,-2.3819051285335675,-2.552132458487298,4.084292654638684,-0.40901047826794645,-4.729926405729824,1.6351625363093163,-0.9254765351747327,-1.1462885211347333,2.7783463521161593,2.388182573611285,-3.976263137725695,-4.931438873283122,5.112345560089551,0.7627707299984259,2.0116202274212363,1.0209654935022563
7304,-2.4000656451881603,3.2606646626867644,1.5458143836392892,-0.610465479574053,-0.04223292380685706,-1.7537149977560276,0.49629866614978724,4.184030285472282,-0.3210589789187681,-1.3990029158640702,-0.7310506879248297,-2.229216368914525,2.2011459506524957,2.1566562452317797,-2.1278529188748845,-3.8244086405277127,2.2718694144747467,-0.6774100509553147,2.1629764726685785,3.496220964805044,-3.4062947630054214,0.7449122473359289,-0.674881786139828,-2.3229331356668332,-2.0790467652720146,2.550325869916353,-2.743539890298212,0.5993846074921416,2.4160988126295493,-0.7432226344651731
7305,2.0649343737290735,2.403635158864091,-3.7156908289736066,-0.7418375447365939,-0.7796518194536624,0.7686106605717047,-2.08653758694658,-5.51582998069556,-0.05747041132622144,2.6230119566500782,1.2386431808119687,3.7981828415061933,-4.224598710506639,4.009368150810477,1.4642194645183793,-2.7996835846096584,-0.5241138438687116,2.0748085236572678,-3.957024683251447,-1.759142083735572,1.8226746964693277,-0.8980420421007329,-1.6743178377096903,6.465851950325565,2.385518631415813,4.967125400465619,-3.54456712190575,-0.27778672527571935,0.17065310284477775,-3.700943287542124
7306,-0.39924892104148313,3.8805004589124863,-3.7356866672947007,2.2932543291959853,-0.10420531871194294,-1.934613881059331,5.552665463033428,-1.406723301327819,0.5491664481085783,1.7805847559883148,-0.4657052108770747,-6.0099881549255265,-1.14939929931057,0.3629693905555236,-3.6612828279494973,-0.8521833184284837,1.5926593491982004,3.707236705935916,3.0020861693252243,-0.06568100617243466,0.13745456454828187,0.7133423209095593,-2.0643859009788486,-1.7228161476343118,-2.212953792102276,-1.0647170085304367,5.072645721860347,-0.8190979100484057,1.790983643720363,-2.7668606548969343
7307,-1.6747983436157572,-1.422663658042893,0.3489875780777325,2.360500438297013,-0.8385327091158168,1.2265066944007295,3.0831229605301083,3.7801704293159766,1.1201422056276398,-1.3203747316815946,-0.9385579230352539,-5.724502940756977,2.2705320129707864,-2.1396135881810814,2.221684185185797,1.4064708493347524,-2.177086041693718,-1.5819874176154496,0.2711632176741787,0.2824338208061157,2.728775588346064,0.4909508843363328,1.8837572256522996,-5.657080736817516,-1.0779704559963719,3.805990027070674,-4.568639087894905,0.9039400531926347,2.8670711913383933,-1.9303917277077574
7308,1.0528572401587617,0.14125196790956807,5.656836589733079,-4.981925052439223,-0.7213732939644331,-1.147647451396752,5.6887044067310555,2.154209206421516,-0.6127506755736931,-2.1892702133891806,0.9095283992814158,-5.950421123471241,-0.82343086650366,-0.3183929699111552,1.637839670954861,1.1379807289370163,1.073915882720275,-2.707912446196259,-2.5747868910151084,-3.4469421883172924,3.4945513899125835,0.9945121867582376,1.3417721826005788,0.19089332005847126,-1.9916998220167557,-4.673904429158846,5.482078544030344,-0.4821629376035652,3.224019470044329,-1.558330825292849
7309,-3.521670150417995,-1.233086229710164,2.9902439293980194,0.39101641487158645,-0.961546841646683,2.335042877506245,6.165547066632431,-5.313065195115787,1.1967044103144344,2.714097529397918,-0.9828545188415871,-3.78042929238757,-0.14498338251544496,0.2711258005929018,-2.1048820324896713,4.122622423756518,-0.1401162426747078,-2.0037665666684887,-5.5542136584677095,1.2623068046651564,-1.0117667422909058,-0.48960762799155155,1.8743677915678916,3.918913432514593,-3.8788147374729256,-4.915044355184683,4.029865247312298,0.5564404189202623,0.7213340823798955,3.486219344047811
7310,3.4668854353493153,-2.901859072078821,-5.233225734980621,4.157502479158239,0.7441283936682841,-0.23343150111541355,-1.6648725184447848,-0.913859716797127,-0.8043570121814643,-0.45586260621600516,-1.1157953736741022,4.954747227313309,-0.14996588315388593,-3.1605193243647722,3.6257381326730425,0.7633865976668943,0.3772888764681852,-1.4559283992883643,-3.847388427652529,1.5769227512563102,3.5800865430886297,-0.8236420190550264,2.5033453769801106,-2.9893242246200415,0.2737491532808356,0.9886431580526889,0.09121991461167411,0.7835240606193006,-2.258939896398708,0.12180360983683869
7311,-2.5883336031095467,0.37601319627250973,4.132759435907857,-3.8102601367493953,0.2727911755384107,1.6170299321411221,4.517481770508475,-3.943668319178393,0.1323973439171633,1.414494924002728,-0.9807919114493817,-1.1399138078007525,0.5990608013041623,1.1586644549609062,2.5638614764611134,-3.5295781293156256,-1.3313394954130846,0.5393308920036457,4.6242492662259345,-3.2393848802624294,-1.8080425438989067,0.7727171072175238,-0.6999212322995447,0.3503822830148806,0.2922500828424326,3.6407547702314815,-4.088151085812299,-0.649896960169281,-0.9981082335019824,1.8031514264123132
7312,0.1141419251657041,4.58740363120787,-3.8210566959855896,-0.3159903983602703,-0.7876817923206958,0.22318333029395632,-0.023395534671255547,-6.182756918429199,0.1515783855347257,-0.3663539569313077,0.8338898444478948,5.587038180048978,-3.622880543545689,1.601799642866613,0.2473779960646958,-0.3100665151291011,-0.29821489051594696,2.381984310260563,3.4525265071047855,1.3491541494052903,-3.5276492585176342,1.1654202053420306,0.3910271532983849,-2.8304787566353724,4.210277872504172,2.4384571313759658,-3.99425524507512,0.36323135750001256,-2.924365815912619,-0.09334530038974087
7313,2.893319215423645,-2.695752712594736,3.7560748117674407,-3.922188973751279,-0.271547688886548,0.24009534804244836,-0.8073752961091181,-0.10425772301495329,-0.4074326875999166,-1.8522316278577566,1.043936481803593,2.127360852777972,-1.645281786047759,-0.6850293224455477,1.968918839560402,-1.2261962370013713,1.1355344841891295,0.45205402174626386,3.2187983306541597,-0.2921119394990406,-0.018736367159375433,-0.867003847835603,-1.323563326623031,-0.7173828495396215,4.312230271541061,-2.4183057028671158,-1.8336352013577972,0.4264527343643305,2.111187653054035,-2.59792975473181
7314,2.0268714293115018,-1.0316567084778754,-2.4057104952635697,3.701994800214166,0.1292096845921944,-2.4207087103754423,3.5739041179611846,-5.997099257831643,0.5851525086359706,0.2892449849550811,-0.10554408035305674,1.6543417266322749,2.5733796730286507,1.9073489074318957,-2.9733869544750835,0.8911566014134138,-3.9263843637111027,1.5278861363133345,2.5998210122952017,2.9051626730016764,0.2366269059270394,0.9400346678660085,-3.063801370928134,-3.6178438881642876,0.11801199038970012,-2.704429636481674,3.99001682413585,-0.02880878210532778,-0.8683461670328576,-0.5064442289029962
7315,2.077261673463738,0.2709453308153371,0.4606070607962174,-2.248952770252057,0.24069603528968875,-0.800557330111964,-1.081142769889798,1.747353577487452,-0.09045199992927078,3.3467181868320033,-0.9196977062574057,-3.002779288243154,0.19875754317204297,0.5709919202153735,2.376279188587258,-2.4417343109991148,-2.8339507331871534,2.1296563922127305,6.055372480770455,-2.64507570696696,0.11452642632907128,-0.7392416275754474,2.038423468334937,-4.82400504089458,-2.9657189680628484,3.4378791704846705,-4.779227865089744,1.06643384062835,1.3984688503558331,1.8421649716864508
7316,-1.1218650421531962,2.372771071859468,-3.362162446306211,3.504077105564459,0.40176829933928015,-1.7945889883028183,1.2662931979506773,1.3239856052059835,-1.1066679596032971,2.9181233624222713,-1.1140735563552924,-3.2876606496204914,3.1144388261268396,4.122998679845921,-1.7744888247971264,0.19542291455002925,-2.046447942377112,-3.6119236533473753,-3.156554016744444,1.3520832717594935,1.4330599753974838,0.5802252789192339,0.2684176244639289,-0.47723213379821416,-0.7430956028684754,4.968315127842462,-4.011233386122566,0.9039151968111616,1.2819645776425546,-2.399865913302426
7317,1.4055227609128451,-4.453225083558927,2.273980095503262,-0.5205596759560365,-0.6550342272158822,1.9493161303157205,2.881089254449833,-3.0582260498041087,-1.0710073763071954,-1.5984281086325876,-0.745161224818033,3.5917335051119466,3.0749140891543796,0.5400506996592576,-3.5925552942429135,-2.724797927123843,2.986325959801704,-0.2839375272473923,0.4967267291351867,-0.7501583236022018,-2.006626870366585,0.10290709371069973,-2.5425330152145182,4.699684386334887,-0.2117471228016683,-2.8616320520257013,2.568852524207319,0.47889259139190266,1.1918403917614633,-1.1662063325306047
7318,0.5746676200662169,-3.701502620973063,-2.093944375164657,5.499242537732524,0.11550473438411668,-0.39396789604413485,1.0937107245293767,-6.007705499351186,-0.21056045330437279,-0.9615546422899364,0.06436684237597223,6.0217430280399995,0.7461137645931615,1.3439286017788028,-3.8716769784764224,0.7600888561584433,-1.8323992521675194,2.853945008114689,-5.424109482026768,-0.7317042466699988,-2.473738768280988,0.6423815859820481,2.9831730408813772,5.0039978701117676,4.839042136872415,0.22144651217206146,-5.286359212104081,-0.38503328647287116,1.5765430328585062,-0.9656391833233382
7319,-3.523756646301898,-3.147207560774959,4.878177679643471,-1.1752977909121647,0.7839971818752973,2.1840871364712395,2.706472055585362,-3.620733732439273,-0.9692950695855682,2.7845116101693925,-0.13193466402819354,-0.7690201997018491,-1.3244809510372768,-1.5021255242521026,1.3784567206373417,-1.9239173035241315,-0.3504044722357236,3.7224715304130527,2.2311562380131953,-1.6431234703067492,1.8604021165286575,-0.37098129008655967,2.7223380437527602,-4.799791637903873,3.6235535531464436,-1.3372087083287845,-3.32629878405141,-1.0219125294882412,0.797366054616429,1.264500414108305
7320,-1.0769207235446885,4.152134595267665,0.3530622302127888,-0.5069973644098091,-0.8510096085544925,-2.0702691289705104,6.216779242474342,-5.7870351650805,0.5853652991259768,-3.308197207456047,0.6057652771694784,1.6873225537666094,-2.737204102003762,1.634663599369084,-1.6375837813904042,3.30071897798609,1.478542551109328,-2.0391372450691545,6.239378490026052,-1.7615136145220411,-3.2559898198671497,-0.13553759043290103,-2.251760466468543,1.165423001261999,0.15688329540085988,-3.481592465844926,3.9026212222239742,-0.30391048020995015,1.1178920124495022,-1.3918935840167102
7321,1.5981998824607437,2.980506599455758,-2.5608396821269217,-2.4308212003019776,-0.34549950489171954,0.758453905405089,-4.727106750900369,2.689065702053494,-0.5254865501410935,-2.634181779009122,-0.3700607385161776,5.56777011651312,-2.8506135554983647,3.374008585673799,1.172845137221728,-3.8128707595402886,1.5327138342948388,0.5839167578494706,-0.5105335056310096,-1.4173832171510838,-1.9192120310038057,-0.866232027000029,1.5018935724159252,3.2114672083673987,-3.734701654892433,-1.1887090275678531,0.6659569843263249,0.8375285449061547,3.0109533984830605,0.40897175474749936
7322,-2.2846054452702997,-2.0567105103724046,4.5370792352651925,1.7272088406644635,0.19538821455524946,-2.1183603348412374,1.6704201275339265,1.9025074465326917,-0.9530409208023363,-1.6966252568204823,-0.656319287908179,-0.266942108535801,-2.325311176124268,-2.9889064112961687,0.632150959626415,3.4494891666923024,-1.7685821335690068,3.001159594671897,0.6455849503182947,-2.6200252846030985,2.617130311354071,0.7144012381163867,2.6507572112443487,-4.007848426432609,-1.5736896881344293,1.8091686264222204,-0.025892174794282852,0.047346159862705406,-3.153070832975013,2.8961379096215545
7323,-1.033140610085919,1.7329557734339573,6.016834564365915,-6.233019850515113,-0.8806269588009359,0.3969970816030681,2.2400254461976097,0.66742744404511,0.39805026881823125,-3.50224467933028,1.0738498935600393,-0.8771083732908735,0.5295091298290977,-1.6999565382592543,2.746170029648905,2.449265931891368,-1.1327451385439637,-2.892243414565005,-1.2859905527960933,0.22124545244473914,-2.821043563930342,0.3284205462419889,0.5601746280343001,2.9971934900028074,-3.8310620222942653,4.450450538134234,-0.47381176161796645,0.6148156595709118,2.1783169366284234,-2.9387093504185575
7324,-2.4318739111034766,-0.12195809181799788,6.023562251773416,-5.905203533220252,0.5044990262653886,1.9309742581039142,-4.390236947386203,0.8200611150393406,-0.5203153882904923,-1.423943479536435,0.7881881211762227,4.726246578997394,2.5191662876079164,-0.1507475439586834,2.7490280083358307,-0.18236839160335805,-4.23469727367463,-0.7003810867059475,-1.5419176354655342,3.1824928302897817,-2.762673915253588,0.21276682635011124,-3.0773431554255524,3.9866750495021783,4.938476538805286,1.15441249083079,-1.2582689220309042,0.07649941884078881,-2.5970563285831023,-2.3140631978600705
7325,-2.9498826071913715,-2.8155474602644404,3.653396458343309,2.318176808420745,-0.4406071183583662,0.23446391905110175,-3.0571082333007986,4.894369427477493,0.7702380273918914,-0.3018635083311736,-0.33024961823121846,-1.9753860950063817,-2.7950416906791737,-3.8829588700293343,4.181528194744992,3.4257549653987276,-1.1379415118717322,0.20865891243762746,2.568549720083304,1.0654087657472822,-2.102217480735874,-1.0484775544681981,3.0848706283428022,-3.5681340789719336,-2.0274304226225155,1.4465800988917579,3.8391933930519855,-1.019144042489574,1.3530480789437433,-3.592247105772609
7326,3.523104512510379,-4.1763068096916065,3.4481186387176592,-4.755544460135738,0.6289533319950067,1.331674786605264,-1.7062991094865971,-2.9969919878045737,0.5336219750840865,1.3687988053545688,1.1902227828652716,1.6106475339870698,0.6569068177313717,2.0655200167330037,-3.34628786073076,3.881268350979891,-2.377468387561276,-0.8799389371511559,-1.9601464830411643,-0.5896124149370614,-1.5819222607209582,0.9296291025856096,-2.5184942461362976,5.72054630224725,2.987281731030766,-4.855942882936514,0.5111702248745473,-0.24726359192617053,-0.07524456455979411,1.67999908351997
7327,0.18000798948232877,-0.04966288195062063,3.090785207464151,-3.3534045483437396,-0.9977249390317051,1.1299991723805238,-2.157608699601326,-4.7732960438001975,-0.9448748861395808,2.5714619969288606,-0.41022068615889395,5.71453831877098,3.2663365579030526,-2.944304925699754,-1.0758739100277364,-0.9741778422528995,1.3296821880287624,0.3983379320496816,-5.129759723829995,3.4056034227558314,-0.7905680563184063,1.1755232856479392,-1.259949739168917,2.599150810910917,2.808669092114023,-4.19696411641287,2.4218450672111302,0.478931821170538,-2.40210091885654,0.8896190547765244
7328,2.268605350548601,1.5729456764108605,2.2113222002360047,-6.15246644739085,-0.7129059247787899,0.8124991449751402,-4.465601917491277,1.3633795270020634,-0.8386922635107403,0.2251364672219225,-0.3848717445402876,4.100649931318202,0.7897872198516538,3.220233065713572,-0.45749391434070574,-2.884077853377205,-0.8145449126732807,0.1460963948271008,-0.21415072495523546,-1.00183626044047,-1.756274426895942,0.46982190441030536,-0.256486322186424,2.758925830065156,-3.6904896819016066,3.381130989514901,0.21915457995719478,1.0332531796840616,-0.9050756958866693,-0.03797337136508894
7329,-0.5174748684795212,3.5092301651948254,-6.202127241782044,2.4616769012693815,-0.013423035066911781,0.7621180788652495,-0.6824383191855503,-1.04557352031701,1.007149335816913,2.564044357779945,-0.6376097216202368,-1.205572132474181,-0.9095085069811297,3.1383276927855093,-3.4265888969335556,-0.14505506201896878,0.01364079661045281,1.3291839765388076,-5.530773106679067,-1.1965133746240326,3.702566076852495,0.44741831372940943,-2.1271856420547337,4.704487732773334,-0.2743180247630157,-0.642902887022089,-1.7046525731117725,-0.601919049185347,1.0350471442808704,2.18874538980414
7330,-3.419084048754627,-4.4312566701077145,6.089523174513548,3.841810024436466,0.23258303598424002,-2.3135755160709417,-0.17819866499270276,-5.420508202794391,0.9903657349741977,-1.0906387910149231,0.48782948990052155,5.211150433927205,2.353528442866601,-2.8560708844037777,1.0500201316074467,1.798160452705254,-1.301210286540492,-1.0444278562339253,5.848194532352739,-1.7156558411799914,-0.5544038353154779,-0.10046108893820538,0.8244809166602298,-4.302154683581893,-3.1467213853411025,1.8739271985193007,2.3213151467741717,0.8051955271489062,-1.9472942927954584,0.09357780569697027
7331,-0.03039938935479114,-4.739809388724577,4.470091762821944,-2.539594808101139,0.5286760925366751,2.311035730822848,-3.961083188985743,5.602480352223111,-0.9639589142167315,-0.8242571295459058,0.7484524855258581,-0.6016336050006892,2.069787065645926,3.953499812579569,-0.02904385472065485,-2.889543157638057,-0.09112544599936712,-3.013574419866327,-0.03338779644695222,-0.36834159681777123,1.3929151078476565,0.8488762465926296,2.0143275548586423,-3.854389516036811,-0.3467115082943657,4.074519518508641,-3.613506115730903,0.8653648294907796,-2.292990361350121,1.3133236373787618
7332,1.9222960724078924,5.396144017036143,-0.5703844455590215,-6.132818174100439,-0.26743010982797366,-0.34780735995569323,-2.5399174565098406,2.0455704790279157,-0.13937078270735803,-1.641937188769738,1.1082021666315347,1.1674527823273486,-0.41516338764885674,-4.21776377600262,-3.148690857445418,2.773805711848105,1.4973839086447853,3.510428400605065,-4.411993942416345,-2.308976184351021,3.7090832661370534,-0.10947930694933916,1.5106459430038033,1.610720224573246,4.274880396178514,-4.650465443235351,5.814600207354545,-0.7090293399564755,-1.9413335130785718,-2.788652307259852
7333,1.7816161900211078,-3.0409818416518597,2.8102348270385527,1.0473826089525424,-0.8626389080740422,-1.735612876285419,1.4584310518032844,0.933012533648597,-1.1943581881057366,2.8678624930158847,-1.135357751838614,-2.929590138523526,2.083506996006488,-3.4170799434822783,0.15745670214612062,-1.0775477962428006,0.18895745724946167,2.0647065843240213,-4.960705410747604,-1.3617236323455142,2.7566193149754987,0.9511657412564762,1.4902623086410571,1.1243816782174818,-4.222319449024283,-3.95735971580282,5.545299371029284,-0.9568089063193455,0.4597160988186033,3.131472601301361
7334,3.400444927994343,2.269347242201235,0.6226787741429405,-3.8101880206956906,-0.4765590634466268,-2.005723860195336,2.9358528535574493,-0.38473328108510785,-0.07908503269931622,0.49583890498743877,-0.06376666897013461,-2.9041067757904138,3.1373635222153133,-1.6418392582046195,-0.4176364662634775,2.996549715170019,-2.0068933473007995,-2.067544165615427,3.2437065896688395,1.6493752034107256,-1.2330538443719323,-0.8368652728972119,-2.7095651953104927,-0.11359748050255902,-1.311815011827676,-0.88988527014914,6.2274060881577995,0.7536073538748118,-2.8677858797916933,-1.9115272802613
7335,-2.569912584716061,-4.8501612135165,4.457624264466048,4.021063561963754,0.8612040471241458,-1.9198180753205332,3.102434996965332,4.460035723251195,-0.8802408134829145,-1.1675852052531823,-0.015582237168297652,-5.499062464312225,3.031278974923584,-3.3549310152248157,-3.0023845252874377,1.877200136659443,2.1070731308112833,-0.6582367018810515,-1.8866994221299755,2.1291902275143997,2.755925397036414,1.073232380286762,-0.8283544718549756,-3.243294110855256,3.0775966869647498,4.225460701376512,-5.068723175466879,-1.2169267754816868,-0.03876863983926704,-0.978638797550623
7336,3.53962434484151,3.8626981844834205,-0.10911779792288456,-6.19433568496278,-0.2435088159575982,-0.8553602304808123,0.22266288460628303,3.2288029683000836,0.6863618373230018,0.45191478268606744,-0.5129215460138479,-4.076820926901728,-3.86191151670279,2.5510018656613838,3.575971963717496,-0.6156939242437822,-4.005938031554143,2.3565696431228496,-5.304059375187368,1.9901943360631051,3.7558692526167974,0.1681841516500704,1.7264710572144946,-2.336659422359716,-2.9500877691029963,-1.3643093310911034,-2.4000077499104577,0.5858898423782124,2.773046175517461,3.3554688322117237
7337,1.421743340987856,0.2394311669381004,-4.91840056279753,3.3299822557589636,-0.5177221603687985,0.44496595948227124,-2.116335859333109,4.658118077751489,-0.3315263035605911,-3.2144275093371597,0.12681837067356483,0.8773532238056632,0.1314762526487101,4.092980642062901,-2.060797639680093,2.278435853219211,-3.9130209837501244,-0.529074124499596,2.099271356287833,-1.0033265184477127,-2.4237033444738945,-0.23077534100112906,0.9829391451072862,0.5755947025249917,-0.2875520491689727,-0.6939622999453441,0.3159465022630137,0.1621529997934381,-1.5368976341812903,2.040312481242008
7338,3.275255196946162,-0.8936160785643104,-2.9863789069892377,1.2891853200753758,-0.7727624226199992,0.08831689115287134,-3.770584597940129,3.0677952285793246,0.1807807170139819,-2.7803815549799396,0.7351577802269258,2.5672324270996683,1.2826340587926097,3.1358941782864456,-1.5178923056448301,-3.6297132508493153,-0.027079254813735076,0.7561565742298466,-3.0664356207742998,-2.3282201821913393,0.6388076253983463,0.8616119058152236,-1.8008547658401568,5.695091037589634,-3.087793572801541,-1.4543074327299017,4.683759043235735,0.15442726053404243,-1.9768049965136356,1.6807196982781285
7339,1.016423678795821,2.183656930403366,-1.2532675704712055,-0.4028501435826577,-0.5989659537143635,-0.9449969414300927,1.1163326426849345,3.7873509346134036,-1.1826998158272444,-2.9487872069532504,0.5892565934370646,-1.3614531479550642,1.880744190895907,1.73292276579296,-2.1867619912252696,3.8639471370898697,-3.3837290116968965,-1.9071230908555368,-6.2049582011737066,0.4022877747982605,1.017620007319767,-0.3815446734497012,3.1054724412253734,2.061122651277426,-3.259677460714869,-0.12912431782067912,0.26208184217920305,1.239068097679966,-1.1855897657510912,3.0732416044302973
7340,0.9154435108438079,-3.8563506881835465,-0.9806202387373126,5.5777183093439895,0.10748551112829086,-1.7636764043943582,1.2167299922769246,-1.351155596982533,-0.903766610757426,-1.4137083131092947,0.16118942237726053,2.290711106194891,-1.8196623341162859,1.4586749204153122,-3.5621314381675973,0.7990792074379769,-0.4933863441497657,3.6174259885814095,3.3007311508297654,-2.3113570574216933,1.1058103278447575,-0.057632364812866044,2.9565926922520163,-4.9941447486945485,4.0299703297196565,0.6014263998452627,-0.9442095326411781,-0.3277856992058066,-0.658281353908901,-2.70112014380622
7341,-2.4232346945691337,-3.3352460014416003,0.44976347783446613,3.5995442434016596,0.33488105104205657,1.3742919237334554,2.610722925077006,-3.436086913958224,-0.5529972973474928,-0.5827186236108837,0.6589623051994415,1.3021176046399319,-0.30544079942254143,1.057251473169238,2.0276458130921604,-0.9041533443077405,1.7671175202341587,-3.6424206627642697,0.47477781516750994,0.6476296486504474,-0.19626147609757716,-0.25541593481201375,-0.9873217521346938,0.31659169922376407,-1.919300311974684,2.25899569757377,-1.935673226091314,0.8098348605358261,2.7244672066909033,-1.9383242267317158
7342,2.894304658382776,-4.364280749598489,-1.8707381224856547,0.7844465430802963,0.35815656078705604,2.198111109834926,0.7479123439192357,6.178484626416566,0.025437692485026808,-1.8026681803404951,0.35032720631390735,-5.499493688794466,-0.8625177019928785,-3.347076497380522,2.7026903292519577,-2.230547789632398,3.397465245833107,0.33998641392175166,3.2187478949023927,-0.3422940633901774,1.4394738993807046,1.1791513858978941,-1.49783526425092,-3.997243852542489,3.615644600131315,-2.3043104363289686,-6.009170996368145,0.7019540533744664,2.4117447894262725,1.5841379897678252
7343,-0.3273977040624416,-2.676533087358848,-1.576435197419638,4.636376461459722,-0.5561520005253748,0.5001415279074806,1.4613659522327147,3.307983031881573,0.382465923532358,-0.18614819382162828,-1.0328891247701595,-3.93277758905511,1.4595042531480544,-3.5823173175408307,-2.2168288222636985,3.052760116433795,-0.42662333413313647,1.713505104356834,4.290150354611637,-1.8226655350647896,-2.7695575772928205,-0.7208387941560908,-2.201139199040158,3.224050750939643,-3.4879641355459583,0.5040631730298699,-1.6379305313812118,-1.1077679876511852,2.041285902039359,3.688313579511913
7344,-0.13804569032593506,3.3961469711586183,-0.12995650095130173,-1.1823056246390244,-0.25280906636053313,-1.69303008888091,-1.0132921823116376,-3.9210351349605297,0.24814489331405287,1.305458328078899,-0.12888961458632853,3.509613710465274,-0.30797150316364963,-3.115028302418791,-0.9475276670418822,1.4200298660981545,-0.2205058076185118,3.1710034141456553,-0.08833096103138871,-3.222628288647961,1.7622989233734963,0.013200915821755643,-2.0472743803276625,3.582733790809197,-0.7817922163052451,-3.6197065612244863,5.458770476025958,-0.6351656264750156,2.114018160165543,-2.536124232183978
7345,2.653727047273648,-1.9788375715188415,-1.0465166289107053,0.3703125391504507,0.4471664139366327,-0.44585179993024937,3.106837030021534,2.3566595793282588,-1.1210944574178727,-3.0309982119721557,1.0981913402808754,-2.409595280240886,4.087555870200422,2.4357762050942533,-0.205957858531157,-0.5524235455330917,-2.6191922648782633,-3.14575840635119,0.37730483203641896,-0.04467872177395549,1.395644102052188,0.7406161796627151,2.345375457313315,-4.814261849293249,-2.373102569578741,3.9249768694619824,-0.3171640991822251,0.5791736083373538,-2.204028145472247,0.3901443364366681
7346,-1.9598761821009276,-3.212600289368453,3.2739829096931743,3.6001912312131807,-0.004528659035539784,-1.6971690104004882,3.2749895876460364,-0.471207035901255,-0.09934276044206314,2.538634104856257,-0.4620214896168635,-4.781052406542333,2.123503147966403,3.0276543278228765,-0.42109131772835084,-1.684304285770871,-3.3992890589515294,0.3535271866624541,-5.361931934938809,-2.4824865053553786,1.3704304932662623,0.9868567496039224,1.9051099861086218,3.5820212113127994,0.9751582561741401,0.05903107937210805,2.0402033605620424,0.7811624455381425,-1.409602955516256,-2.4459521861273874
7347,-3.3324510163705927,5.095586396342302,1.8452902939967508,-4.340873748225331,0.20115835088806167,0.5312897233697225,-2.9287238258891257,1.364243324802601,0.41081409035438465,1.385171505490053,-1.2481306866711828,1.016625591913055,-3.9078681257865195,3.6503008420167937,2.451010920341041,-2.864780560352701,3.1079522954208194,-2.4366153716384247,-3.1172212609473355,2.896381977592494,-3.598824018139526,1.2183695869842737,-1.829647778104933,4.430941492612444,-0.6193953318419787,3.5766055759378794,0.8772581170286138,0.47274471257519846,-2.6545317954175847,-1.652681278279296
7348,3.248002521683617,4.949400890658161,-5.243525224971307,-4.027994593425802,-0.9819805398131991,2.0560969458694647,-2.705208169551529,5.200616628799281,-0.9939215837078121,1.9488313135825202,-0.03964392711478748,-3.410674262007902,-3.5324546560104615,1.0294894350230095,1.761534226730305,1.4480245398269567,-1.3744188330094609,0.6678252874406265,1.7152456741516247,0.9954851365270603,1.095713367680176,-0.43010682125030897,-2.331353694780386,-1.0449836623307789,-3.642133807902468,2.6135712477670374,2.0770327887080775,0.1682269854240932,-1.4555999885357593,0.23890277454187725
7349,2.6922996844504965,0.6877632907330558,2.769923763094635,-3.886796877323558,0.2127995235664737,-2.475989384520153,1.6580258908996335,-0.14213253395427117,0.26047254291804567,1.6996922757962487,1.0191733180595044,-4.495231493719405,1.185578748027389,-3.9561994995638656,-3.2392926195615335,2.5339441430086787,3.315789686104303,0.16017954198600215,-2.3393141197605054,-1.50683421903355,-3.649089112755995,-0.3336962423469574,1.4092908474701353,6.419642846424274,-3.5704908425329833,4.140008310990197,-5.695971780613046,1.077143543031097,0.7856541376929371,3.2636566314346425
7350,-0.36193611954791294,2.0217105630781376,-4.727264218190864,1.0722952349430486,0.3515357924933391,1.6436587472252011,-1.7774962949074045,4.039026819538677,1.130130008212431,0.12519245941726354,0.4996628485350785,-4.0165158407962664,1.883523675493997,-0.5282482574205183,-3.4682193505603003,2.233748680088201,-2.826655393981044,2.7058506463806324,2.522249248591123,-0.12650214540370364,-1.750199247456127,0.7876194670675787,-0.6785162982555288,-0.754651024545975,3.139678267884925,-0.4942573392281773,-1.7455340001700392,0.3570845887947094,-1.2054977962500448,-0.051473721028514774
7351,0.42360038019290336,1.6570648990197299,-6.035996961970312,5.838510180583313,0.6099330877356275,-2.4931115855602872,-3.5287928709290846,2.907189311734907,1.2246142814488268,0.7361971154991167,-0.35747186159183464,-0.9817359761621773,1.3686295284721908,0.1456950469706193,-0.2723634464932303,0.7549406362904456,-0.6744770010261902,-1.3224247642128582,1.4965563445638494,-1.7023048245232992,0.7831189958919964,-0.5782544225386266,-1.879135690608008,1.880019597211426,0.19700438568865408,-2.476384083967808,3.981821421262744,1.2215010850021395,0.42001233958370143,-3.3439551475665805
7352,1.9525136978018942,-3.740283544165621,5.970053262241727,-5.693653468878768,-0.6065716937894727,2.1179417467911943,-3.3337552509280037,2.1511246094116174,-0.05445923790409424,-2.056177418136903,-0.27239742696899416,3.565664724526119,0.959667613853842,0.10935298856195175,-1.4777600457731896,-0.3299946637224238,3.113419953574546,-2.374685846493753,-3.5002656193910937,0.062438543556949,0.6499696806435544,-0.9079171449957011,0.8455707343544372,2.8502038058292065,-3.63576427997668,-0.5512792380847991,4.92787551234801,-0.3730666898644044,2.1369132927771126,-2.504678597196367
7353,-2.4758762326483517,5.0859166963154685,-5.062607939637079,3.6230273597707736,0.06050256862403991,-1.230962452423885,-5.999907433939228,-4.637525153660892,0.6672049279718442,3.6520553368161153,0.3537431141990961,5.964429208612803,-1.3794959804541822,1.144097733711611,-3.5544536854421267,2.6884676096496527,2.3180747990163226,-1.2166904764803448,0.4051480904681597,-2.1467772104351255,-2.2877055715634143,0.14295048022673384,2.2008988219269323,1.6854853893740511,2.818915595542883,2.5952029172861693,-6.188058423843032,-1.1013042000228022,2.4494335214145124,-0.5741894103748315
7354,-3.699974768606344,1.8962344350665283,-3.0812577570029873,4.533760939446005,0.626641770843837,-0.2754046197460607,3.1976666469209505,-5.690437340918049,-0.24038896265570742,-2.6654744922487605,0.6958781355374901,4.702756013363821,-3.8938926633433155,1.1707258911345626,0.3573887592660938,-2.3463094704897767,2.527712973016879,2.1843745104165,-2.194906040370604,-0.42333204422973125,0.31371009478062106,0.6840880207411768,-1.4708941028081224,3.0913340718839954,-3.328501415125505,2.118730845422782,3.9445335024466885,0.47836243383487176,0.16017793287426763,-3.373303299450182
7355,-2.300819521128494,1.4249361457962095,-0.10695154804488283,-0.5031265035152579,0.7338504130094634,0.752111013883928,1.5755481188770517,3.2673631666037295,-0.5998099073667404,1.1565590249886348,-0.3690037467015257,-5.030656656401433,4.228574812431436,-4.119618961810119,2.658354359889035,-0.46776361636630526,-3.5327195596781067,1.2331729655349655,-2.7302255042523456,-3.1806029692504296,-2.4692151466936156,0.12667355935266578,2.4261088595538,5.827261201287243,4.1547167890338095,-0.9710658300205175,-0.5290999294598144,0.9827384280104843,-2.77932087167593,-0.8579685858850965
7356,-2.623115499473318,2.9365288604729507,1.2995741878416354,-0.6798485248321064,-0.7063996088529376,-0.2267394151552704,-0.6599327283826923,-3.5833427148273884,-0.3481065628687574,1.2192357752365979,-0.07869286558219013,3.450839096424133,3.350632658569186,-1.3655327295708766,-1.1774735857217031,-2.082546863066172,0.6235446713029624,0.6513758484874792,4.081965810235907,-0.3156779313772322,3.7251802310313735,-0.9395371457018733,-2.193820582145312,-4.358110382045542,4.295291215452007,0.4298219385223412,-6.1625704732936235,-0.19469366134342714,3.74744143478668,-2.1152904541210553
7357,1.4234788782869643,1.4863615222807596,-4.044575186805854,0.40366929242935257,-0.337852870753486,1.0689183645632188,-2.7261957101325116,1.7386746890947649,-0.18484486218032092,0.7360220080587503,1.039024917093208,-0.602681041934197,-4.248688079421173,4.219125079587958,0.9054402182135526,-4.089922829275313,3.5789616698734257,-0.36491605897756685,2.1270993376076923,-1.3967701714820961,2.853732433477571,-0.8910707770967106,-0.07473064397785123,-2.618260178531294,0.7527285126234666,-1.1720770568305383,-4.286389017981136,0.7141933660882378,2.773949778573421,1.2175944175294546
7358,-1.1997490158253257,-1.2209295601370513,5.286590582684678,-1.7305597818010447,0.06508440401970272,-1.2004366289399862,0.9691890804568359,-3.6102138663254415,-0.15436494964519643,-2.079274812363776,0.11535279484861594,4.7593117530286655,-3.6492187127061975,1.2782726078297735,-0.05643357157074291,2.225426453184909,-1.7357523338729344,1.937705557136045,-0.41930436030955676,-0.4181376510204444,-0.12324302253973407,-0.4839479864467995,-2.094950039370989,3.539583059684837,1.2003581534292351,2.345284209254718,-5.135989433731776,-0.4182139850865578,0.7682228971977789,1.2403381589395401
7359,-1.1465390940586158,-1.9392008586504161,3.5962739299099233,-1.8166933726952017,0.14536093486749202,1.1607984606278166,4.169189090614026,-2.6905941956616424,0.14534794886170488,-3.508450241009559,-0.8967725452223796,2.7812799424175303,0.6473421474105798,2.564813466846509,4.131719167005787,-1.1474827464625275,-2.8107399222800833,-3.38565211251945,0.7724161772600979,2.74585333306176,0.5872715993035982,-0.7795348289998865,0.7554799596243882,-4.081486240252673,-1.326304711699791,0.10579185953265835,1.0984764930614723,-0.9048287067692256,-1.5925718864859455,2.619436952363767
7360,2.1046853239354633,1.6031748407736934,-1.3223204162761952,-5.367784674963115,0.4907765975238316,2.49146832900734,-1.9808759683869361,-4.686026037927796,-0.9189454280401401,1.1195355442816712,1.162948645790828,5.303363244282082,-1.096239537628863,2.0422699419394377,2.6906336498682606,-3.6713526861053722,1.8969153353850956,-1.8622267034576954,4.217108047888981,-0.2830352690889537,2.4841092315640765,-0.9263356717917084,0.6518280344550398,-6.143674373030187,2.5178017906270362,4.517728083801266,-1.9379131605222604,-0.4830249623971312,-2.618543450029888,-1.9960483014760992
7361,0.1430465725011505,-0.9123493322205398,3.16475099858944,-5.098960581752369,0.4100007461466504,2.293511596736675,0.95874688111358,2.5924829014054396,-0.5638385108679991,0.4704628913341242,-0.7297727639241085,-2.728081399061324,-1.83864676426977,-0.29109238526726244,-1.2601938847264798,0.39899359480943986,4.028478120380136,-1.037538680925195,3.5644053724803193,-3.475773955983426,1.4971722324577428,1.0697622788700354,2.6035127978469053,-5.25907872567435,1.2757765465486877,2.258467027774504,-3.0236415558820404,-0.4889287403951519,2.366263795267269,-2.3879370733103755
7362,1.0462871583136604,-1.6747899216481947,4.073581342821079,-2.532356233636211,0.020994411890393305,-0.9337167577397132,2.9358476010348333,-0.21460289180323144,0.15634912128173983,1.653319314581033,0.30263593578482517,-4.833549080879489,0.9508037591893839,1.333342796749207,3.908950248785164,-3.505584162916925,-2.6208505491717915,-0.06666209263416434,-2.6099365303837345,-1.1214147990821974,0.9424827378370964,0.17274678855632786,-0.32691009686074146,2.9430318999304674,4.839590018413798,-4.306010354141426,-0.849633065569602,1.1367009901587837,1.1782792236013826,-1.9989268124600166
7363,2.1326986900398524,5.1280539361427415,-4.496874427641604,-4.99262294171092,0.6631083668264983,1.5656363763444539,-6.172119314031075,0.01934620246242602,-0.44147326505351003,2.9903929313519377,0.4299083662888119,3.1739450789811627,0.879369434905577,-3.627093119290274,-0.9656709205100853,-0.2450068310798983,2.320972421464006,1.637429014511575,3.383184143357237,-2.7716284727364027,0.5477239253494375,-0.2885264301583872,-2.2583934207249765,1.3876402549102806,-2.773206494247056,1.0257837853327416,2.903749516975452,-0.6121047639680377,-0.20224996424935604,-0.34197207984081146
7364,-3.680509013115479,2.6202637524556387,-2.375831990902544,4.211132094591804,0.5416121038973039,-1.3166669469256327,2.077934773663749,0.3493710804609833,0.6011416950198374,0.7121428986320542,0.8736051197457035,-4.61419556752255,-3.250565835560492,4.239706951800649,2.832878585980275,-1.9221905106069297,-1.664346542054135,-0.23548264955846676,-2.648005648371168,-2.243237350566133,3.6636149039723236,0.5151985381559587,-1.964710453128557,2.677140009934778,2.368901523166368,0.6698258874259686,-3.2956625766509973,-0.6050711813391594,-0.9542721234122027,1.8162784708129749
7365,-1.243111228825457,4.964730475577575,-2.8376968040105446,-2.9343478602934248,0.3952577910913484,1.6551676264616084,-1.540266761123334,-0.45524444897099414,-0.2868544458943685,2.7341354711638495,0.5510067250432513,-1.0027765402186262,0.059424256729581515,2.6552259362401713,1.0006781632663007,1.9184082570295615,-2.676250552117102,-2.9574860611476304,-4.856002541569939,0.2507820032140575,3.4913620975107307,-0.9760438432853453,-0.048836641501656786,2.138738925629365,-3.893396738414527,-3.0072153864880313,5.851829570907267,1.0687050130600868,3.694095240426776,-3.7140176994886307
7366,0.6029902274384629,1.2463585990723018,-1.706455967250605,-0.26153593041729906,0.23942969768431732,-0.12078662652606553,-3.1832713753310884,-1.0461333002821824,0.014274541797445472,3.1761202279796237,0.5585585563306799,0.48045134950528734,0.5531274464081726,-0.12777805842084433,2.1980016843903236,-3.06669698256265,0.5620646166919627,-0.11871870650605842,3.1549467390264887,-2.4405760727252144,0.6081094050521152,-1.1986931059469512,-0.8038453636858733,0.6800583982766568,4.160164834372299,-4.679018806573682,-0.5654314891642578,-0.6887146029505651,1.6037277289340892,0.1692723353850507
7367,3.2055187557484963,-3.915846556481288,2.7509396308060694,-3.4745195204523363,-0.8040464778872085,2.237954168267329,-5.583947266350609,1.8574284347363523,0.16255667373180493,-0.646879081147878,0.8387249978165334,3.372116241213572,1.5023843450268188,0.010501695339783623,1.2277421925016085,0.8417182152951703,0.059613461023282355,-3.6419599091857524,-4.64475350015034,0.14475994821787808,-2.277336565421418,-0.7072667597995128,3.1537608372363017,4.330836039914345,-0.20663050077463296,0.06947268306255339,1.363787891655857,-0.40681546238901056,-3.0343685006948053,2.2145538891430228
7368,2.41382640104262,0.40022184219754564,0.9941598632760673,-4.00518162860315,0.9836408462863737,-0.7866673241984028,-0.34377830726386094,-2.521851948763704,-0.018709443524836722,0.09556988310873571,-0.8475198730379807,3.636289689481419,-2.578045563088171,-2.3229211015861058,1.7932358666073398,-0.24919426005746104,2.8494347358242145,0.5074903223011109,-0.8160734796637179,1.1102468063008484,-3.0086149838815075,-0.30369084768684207,2.511309280931144,0.5068232239973121,0.42550119829741107,-1.0700732551106356,2.6398251170314246,-0.6068168556677831,1.7532107184872459,-3.141646923034651
7369,-2.868643221773983,3.202913455967181,1.8620021036357954,-4.648565281795491,-0.04132109197566658,2.4936140359432066,-2.645228724673448,5.274944146753864,-0.34879934556962944,1.7132341102857787,0.09002836261064306,-4.0841785494074365,0.18388572213558163,3.339768988703188,-3.003046510370565,0.19564042131861825,1.1050393076576128,-1.821287929443498,6.131564109541362,1.1579187682198437,-0.5762529051668306,-0.46990153541709123,-0.7733329814095846,-5.469995455770448,0.9258972778790451,3.224711410746398,-1.8604867971956693,1.1624891421931984,-3.554316381935779,0.10170534831582678
7370,-1.8532009324785523,-5.4392717591210165,0.5921649032544885,5.535707945305738,-0.04567390953021366,1.2102737525705507,-4.794149711213464,4.948987472773936,-0.8023458509752768,3.7342973728772044,-0.6662066676807106,-2.420582615781914,2.986372630442407,-2.6575407849853985,2.312250029824469,-1.3232179710046967,-2.792478531094707,1.4746146268187985,1.1599969277507647,3.270528769831916,-1.022744206246852,-1.218272607825413,2.0486469515034944,-4.238155835016645,-0.4666138959052404,1.7389339907573351,1.2603445850871502,0.731369808073997,-0.6335032264689797,-2.630531261541206
7371,3.723725876674468,-1.489380262662607,2.8559936593282274,-5.705525403873455,0.5886593780742895,0.026526752460036107,1.9895372512994633,1.977663168964515,-0.4759416235713969,-2.8373995655055992,-0.34637218126221647,-0.3074870499249833,-2.3912094071930063,-0.5457659318877894,-2.1854337739895,1.1959908496027438,3.4201777515246548,0.5062405119437834,-4.42920535403027,-1.0582439949380085,-1.079047538058644,1.02559047376187,1.9957230048810697,3.5451834083812948,2.807339855732266,0.7663234051707306,-5.579558774645623,0.6853997444079543,-0.9062672353852239,2.2267630047229474
7372,2.414081790880445,-3.7042582333257954,-5.313475621085356,5.301452970795257,-0.4162459612355407,1.718445053971914,3.378521563452317,-4.05284832547413,0.3265799438178938,-1.0576022656914965,-0.17294081722862753,1.57828990112381,2.1132871139432616,-3.9835078308938865,1.3237945862141594,-2.8551047474792064,4.17697202268905,-0.7754411444725307,2.630017831329134,-2.0292368764129574,-2.249577439165293,-1.0654823399640492,0.6711673607090418,2.043111463501411,-2.8786707580153035,0.21090402218806759,3.3491114881436594,0.46903169960202185,-3.183759255361048,2.0333828034456616
7373,-2.7356887061649573,-2.7578206377072156,3.0196381092516127,0.18749702684754865,-0.1860590292194535,2.472433236993373,-2.5578362941333417,6.134970287626054,0.9192170756906961,-1.8542219176974903,-0.7812555378227009,-1.860873613663447,4.0017272305408795,-3.636325138387644,1.985980157674362,-0.6410466848907141,-3.4500906891137095,1.739755124177691,-1.5708127675061476,0.7136365257614337,2.295246902573332,-1.165755676399777,1.6845481968113987,-1.9568631812429302,3.948443328108201,-1.574869261915218,-1.9324449661711576,-0.595898515491271,-1.3841201490479467,1.5388895645204883
7374,-2.5156903068852383,3.9112559320226516,5.100716306831952,-5.072428649738352,-0.3819688567132309,-1.0418844255168498,-2.2909597538371465,-3.381859969345843,-1.1125054971091655,3.625816846027199,-1.0910319717800476,4.250540346044758,-0.5690618662566358,2.4931442637263785,2.409178121595655,-3.858646721798861,1.0538743177204744,-1.528488114986148,3.4660779066660687,3.3110092645012834,-3.4685837741198036,0.8709535357484866,1.4801335137381884,-5.659590446536907,-2.965779358858871,2.580893898862012,2.889322324917625,0.16941618093680244,0.06687443738845644,-2.740727483242928
7375,-0.4046168262645278,-2.362402224969383,1.5033113290637772,1.3686008466551804,0.959842888915345,-1.0647360133994557,-0.24097425051830257,5.585779869141785,1.2138422901162622,-2.2568330181698038,-0.7060852905166399,-3.595729600053552,1.9874612106502347,-2.8116981514820587,1.626197325152173,-1.9385647800659314,-1.967539311391043,3.104143707137464,-5.9858226380091715,3.326372904168526,0.8049398422413425,0.21509291377925166,2.5587035357068117,-0.9192865578894285,1.4117879560424846,-3.7987225812507326,-0.12170703472119371,-0.159004224342711,-0.5258475687741324,3.193493453049406
7376,-2.7000069243053417,-0.9610895632721217,4.185133184387649,0.8510195267200409,0.8002680532728776,-2.1753242768021863,-5.384767048386912,-0.759132387543783,-0.25132507822288197,3.1405634421859716,0.8833214195833987,2.371339652383938,-0.9548849812953222,-3.455757124901556,3.4512140700778,-2.3407379344189714,3.9830096814479994,-0.682843710909097,-3.5734712219569857,0.9915235718834339,3.4972020993295843,0.8146446377323011,-2.6103926868864544,0.880493599895452,-2.494144374741232,-3.567836520736474,2.211353456487249,-0.03235568628424268,1.17788642666466,2.705096698613122
7377,-2.2457805324131552,5.246776009063758,1.318454925738969,-3.8674446508753277,-0.13056138956254015,-0.32144436195082804,-4.855884060901175,5.284139812713466,0.015634059952504664,-2.346507569720954,-0.28093507695234443,2.1835528349081983,-1.0064929231763386,-1.604511835430344,1.7870573439505435,1.3726092057767154,0.2882161720466918,-0.8368779631664474,-3.7199961710333334,0.5551253829909637,2.407508966796602,-0.4468466836605849,-1.0421572048562737,2.246365709759935,-3.5326693981435326,0.4156766641864351,5.301588263338008,-0.8147850399282444,-1.0521859983849513,-0.31762449106462043
7378,0.7833286091596978,-1.5522060961305861,4.955033198920873,-4.327315260851876,-0.3920733995087131,0.5332329484114702,-3.3550441904185995,5.418072809309255,-0.8890012308643316,1.6547785764532819,0.3376046652823792,-3.1664106297622574,-0.624322142982809,-2.6205652202286682,-1.0149866239905112,-1.1107977142657237,3.4515834328259665,1.9190882686425645,5.776987992461205,-2.833513329063406,-0.7956442960073389,0.3043752678283882,0.9940102526336059,-3.4462158878551428,-1.6782587250171872,4.884861744433074,-1.0755514552462593,0.9953413129802762,-0.5712974368728325,-2.555095440273977
7379,3.607317122337893,-3.5817368422848688,4.018872490105455,-2.640638184043514,-0.5232726835852886,-0.8805419025288614,-4.322138605535258,-3.421825315934278,-0.7976889565177938,2.9370235214784337,0.9737599694125141,4.630869387096094,0.9284222986763027,-2.212203085168939,1.925723588097732,-3.9985295836817123,4.112840109187346,-0.7562533271099099,-4.017042110092422,2.95880006134243,-0.5514890581941447,-1.0498115391993603,2.1708771875873776,0.48866545855341315,-3.657863195363447,-3.775483020066023,4.448440510978514,-0.28657947371197423,2.8156079916914116,0.4558771864746163
7380,-1.3643533883279915,-0.30781786132948596,3.321569078707533,0.12133399844450565,-0.46485821364873825,-1.3058736138450193,-6.239617071840048,0.572849819155909,-0.48937574887412616,3.0256962880101455,-1.058427180065689,4.188873893613529,-1.29037048968498,0.8692027299497873,-1.4206868311602694,0.8721009240689526,-1.34656574584824,2.316319412675547,0.12340954423960682,1.6073943937660022,2.694257104831049,-0.09915318481577096,1.0939111238319015,-5.419818981855489,1.2340476471290884,-2.9156377171414185,1.2518059973175113,0.35184917109590685,-0.11362743891028515,0.1915623405122595
7381,-1.6672914798618201,2.789214057268733,5.578870143917019,-4.977287976425416,0.7376360122277728,-2.4611407571254924,-2.578145382111405,1.2301157246341958,0.5652834334721284,2.3929779302945136,0.12927272510019971,-1.7395044313899533,-3.5401639929966073,3.925153321471523,1.63820000496872,0.5251364197820259,-4.057445004563457,1.5091192513386105,2.112618130718367,0.8366014054961344,-0.17384470978677413,-0.6011011847946444,3.173167409756921,-5.347441051392703,-3.592025669782892,1.4481679471741842,4.171219974656683,0.26781779647422255,-1.593197552949647,-0.7019824955695064
7382,-1.179726828552969,-2.3223729228368235,3.0380152318685703,0.9978267284797262,0.2295943961520832,-0.763336605109842,-5.503178287574908,0.9411373141071095,-0.024835030459382956,0.6548121901238222,0.39553923781320144,3.536524575989837,-3.101915522393119,3.0111538351995684,2.318234428235151,0.1542035972437148,-2.6620638194929604,0.28038748120844303,4.399110783666533,-1.1289744531566583,-1.7687229864535663,0.5401526159588217,0.09182130827187329,-2.133387268289699,2.226957272275225,-2.9306720041088887,2.1402058823173995,0.7787702606506981,-0.16754414739446233,-2.0477172637369385
7383,-1.894592697485967,2.181767921509419,-2.1401470622047434,0.9386367562346685,-0.2332231485929197,1.1475582305402874,0.5842989916350732,-2.4126726253757553,0.8158856432687545,-2.095030588946676,0.15920883845879796,2.948309740959484,1.9452425860362226,-0.5406983184903957,-0.9832086308141896,-3.7607249366021254,3.902240752295807,-0.5628514524245105,3.761877838742368,-3.1374629295200567,-2.348536149736722,0.8625460378844307,0.141797317091795,0.719777885535489,4.582859152515383,-4.257892879614262,-0.8007068355619822,0.7608026115630313,0.019932708411140254,-0.30499475731027026
7384,-0.6565906561374657,1.5224723422616684,-5.699537385764735,5.331441113224187,0.19891599744578858,-0.6967014110287,0.15652796220917864,4.548503275066679,0.6767251497974911,-2.3886664224457217,0.4048935641369509,-3.397983528764911,-2.373220492408249,1.6612759034578133,-2.1022882635018405,2.147163777295095,-0.5252347770322281,1.1923038521902214,-1.299485924997473,1.3782502119778712,-1.012819604447479,0.8371951828681254,2.1986731504499932,-2.101813015853754,1.3183919279269212,2.7441783788574696,-1.8174761487068345,0.32053520968014926,0.5670490951467428,-3.132678462901408
7385,-2.7679664770004972,-4.242758146552017,3.454071750264628,3.0952485017660756,-0.42029444155610896,0.8816988130786765,-2.429403040709037,4.914382251787821,-0.8203578569245025,2.177495805675022,0.357578553125812,-4.199695712955457,3.2611141757174558,-2.626398500158354,3.9549705506786985,-3.697594463816001,-3.0335487673707497,2.1414570049497925,5.793017780426059,0.6101174036453276,0.09757013790267166,0.6919803398761033,-0.5817013451628412,-6.610984316690029,-2.86468563288123,1.6360054855510242,2.5586393257511766,-0.46758831739536166,-1.916740196076633,1.054369335054023
7386,3.244525220939682,-3.1791352058547524,4.545147930252266,-4.503861365333876,-0.6522191566797098,0.5455425766771533,-5.93659640723374,4.102999252002867,0.31264904915128255,-0.7797480215413906,-0.4189934777489599,2.7196896053696484,3.3501968228758656,-0.9160544286400594,-2.219984549245204,3.585154385945387,-1.4815863610282527,-2.3177258699068712,-1.1396825842020029,2.40461814794039,1.1703118826723475,0.006429537757403736,1.949545198011812,-4.391222182182666,4.010493144367473,-4.566947238299662,-1.0420768672882943,0.6347263553828526,3.05810591624196,-2.0943013104013772
7387,-1.4414300534461173,-2.783050799743446,6.235312091444378,-2.8652971263286666,-0.21833378105755186,1.072799669132161,-1.841909743909877,4.568218629264489,-0.7109192086838476,-2.118240675960939,0.9259353915930983,-0.8230843923032332,-1.2532601309953684,-3.055625034207729,-2.3483561954897976,1.1997942491640146,2.0482851293676774,3.4091619821620895,1.9397080533557975,-2.3708916912856033,-1.8337081215104902,-0.06761652245980265,-0.6816788402061285,3.014187122103504,-0.7380456463204759,3.6354134676509986,-2.960290437823552,1.139741713842402,1.2903979909378656,-2.3672170882842956
7388,-3.4455613582272555,4.556093735916129,2.294398708354933,-3.4314495415267032,-0.15153997140101616,0.17805842688467166,0.28494331652794,-2.6841252316754094,-0.7211843600069496,-1.8975293305547396,-0.5539312316119185,5.571826837320746,3.2470892307788937,-0.0369587891392662,-0.8623104705780626,-0.39066689706163515,-3.9615037428228543,2.004350668823797,-2.8052605680153384,3.4442677310566303,1.7274441433397598,-1.2191310772339246,-2.808979273360631,1.6616590442107935,-1.1936599600245401,2.876259110222243,2.721422785101943,-0.8035879607816909,-2.3739831589147453,-1.2264508156002378
7389,1.2786713438263142,3.214307203108003,3.0497666427520187,-5.296681495997003,-0.0544780093956887,-2.191585684292881,-3.0608357877606167,-2.991701130570128,1.02673935339965,0.20142421229436636,0.12628602484263496,4.698087327793761,-0.4301472498645893,2.931165142001035,-1.9135052115179736,-2.2090373936832233,-1.2333340825913623,2.8548587956570444,-4.075250462855923,3.1992016169493347,-0.02027421351089309,0.642558497963817,1.8095652116063476,-1.5558006501554296,-4.2141404390712935,-1.2775675567357716,1.9792456270728565,-0.16009788803832237,3.4723192990271166,0.2002409577484059
7390,3.6341348036470933,-5.666823831870364,2.836972228389886,-3.9175204187125345,0.9209920577428203,2.1922451608038767,1.4701965658854554,-5.711895322730481,1.1383803733826028,-0.7359661567812772,-1.0037016604157993,4.842986200659162,-2.360184107262869,-3.9603098357378546,2.3114949234030995,-2.3050818788074086,3.041056373406491,3.2730245249994496,4.7380295748818355,-0.9693728012683955,0.8257352902520623,0.2682386382006037,-1.0552730552088558,-3.8073576468600194,-4.2245073783211335,0.31992939419842514,5.507205292216089,-0.25413837522062543,-1.3802416140623421,0.031752681192591226
7391,-0.7638943341791098,-2.4452496908523713,4.876556230304757,-2.1889571010040747,-0.9946427802331275,1.516187675964682,-3.840368981079507,2.4118551780855206,-0.6656778707920505,0.10428639615598279,0.25786456671277147,1.7320407109169196,3.644349627611007,-2.311735696854523,-1.6541078462106942,-2.702680412159596,4.097744057868567,-1.0735697302538618,0.390386117633593,-1.5802769240887926,1.3715014074905874,-0.9218957189650254,0.23612428163566612,0.5041608362912093,0.34435420995799504,3.731670598721884,-6.073768963599601,-0.007636464314048297,0.4106725212972169,1.5947080979395487
7392,-1.9960375377155781,-4.524699853742696,-1.4735676559752626,5.982450375091556,-0.09302514395336381,2.1048798162960765,-2.3149963127041815,2.4659701356319097,0.36457588425621346,3.5303838438905153,-0.5646082215214507,-3.4813253295533784,-2.6385025852852344,0.4024691095088606,3.709243774895686,-3.516788266734192,2.154214483695057,-0.11063651607926062,-2.766465872110235,2.0416785348037116,-2.7167164435466518,0.9651911860519728,0.03160312880425131,2.444709465994201,4.098331788699525,0.9121223755379262,-5.9998694018606535,0.39974830079194756,2.134317786756508,-1.5446508499222542
7393,-3.6168567707132606,0.05016039344285517,4.957140105592583,-3.2088997858792823,0.8784845202883806,0.939971537269475,-1.2907844529132042,-1.2699866782415299,1.0786560703556418,-3.0159884893695548,0.6401506073576027,3.857952942810684,0.24483665272886768,-3.7870127819352053,-0.526431808111731,3.6943369872859613,-1.160270665317782,1.5345416153507898,-2.0033435344512434,0.5171408462591369,-0.4629588292041582,-0.5130324627501031,-2.65631346555584,5.118507445699457,-3.5982918908980572,0.9319088146882137,-2.5557413539476066,1.146425003722606,0.9504191925227907,3.1252802339150705
7394,1.5740394898656724,-0.14924903131472078,-4.882704950219438,1.4933920263412759,0.7744628383363077,1.1900596269916548,2.421299589364814,1.2939383441261647,0.369885801326971,2.8233053842420937,-1.1916441451910775,-5.716784973869334,-2.5657183040460243,-1.0299677092950965,3.212988191234494,1.8954944095034243,-3.8555899279558634,2.3427933405599433,-3.563263636459464,3.451148384030109,1.6138402892167178,1.171624428931496,0.9912453229931995,-3.6645947887148473,1.4655619758794245,2.5686773564940992,-0.4314932430480809,-1.0775551545524076,-0.9605747465424432,-1.564616188227605
7395,0.1775922805937089,3.7051514004151365,-1.512138293932619,-5.015685333763351,0.5876268230840762,2.057453123603791,1.953280708646762,-5.147186620205947,-0.8136459441884938,2.1240527009357244,0.844153375844992,1.039345778966581,0.3306623948447971,3.071323528639674,-0.28857335207733215,-1.2850892335172972,-1.0241314961345207,-0.8041918417544629,1.5731926602390587,3.0351096406518323,-2.8441403384197823,1.1288788419024343,1.0107423272299965,-3.903783131606346,4.846444479800876,2.2068188622145364,-5.238959604240883,0.9322759903319318,-2.6290602562302965,-0.11751947187321043
7396,-0.27189927989763163,-1.171275440815755,2.126963744305865,-0.5362885458382394,-0.25857425755230246,0.1110737797988488,-1.314899335431754,1.2005937673728226,0.8214184229699919,-0.5450259210637558,-1.0928604972576696,0.9307735634099785,1.517039552410008,1.4576186114926664,2.297015532344055,-1.4068623992329066,-1.9292473342399692,-1.9355639627729637,2.5920876507373727,1.5551795383344302,-2.0363882171402263,0.7790165657385755,2.0536867944521493,-4.9435823321251,-0.32561085618485563,4.069981162502621,-3.276710262315788,-0.3563220231377562,-3.7027890950870557,3.5914510742257875
7397,-2.0590023461792413,3.7072106592793617,-3.9037711108048896,2.109108837474299,0.8079755183327437,-0.6615215581014908,-0.9700571440134311,2.3403336486326225,0.13543372284190003,1.7010247409822945,0.6585858772141169,-3.8653208456578945,-1.3744981460597216,-3.4140843914660195,2.4261635491799574,2.173978219385557,-3.008609532787842,3.1970503017489342,2.135070452857267,-0.58918480739122,2.7704915183044108,-0.8276777740318666,0.24379747457502,-3.7324968643163814,-3.2431902087694766,3.2254714459658125,-0.9409443021388242,-0.14889172603023404,-2.010550133571309,3.1181049245469943
7398,-2.3013366866920943,0.2189638901407811,4.748302823126451,-4.78145217949897,0.07141205203000478,2.0441101008945832,2.504420686323165,-2.1279452918126758,-0.5724785032173205,-3.5195476160529626,0.7385655372736535,2.976985187485731,0.7392315542481747,0.6574341455559392,1.8204116851978007,-3.8432610385655472,0.004046882416904651,0.6221367711476091,-1.7785796194020946,0.19314564883177,1.3874848239954929,0.6614766705346549,-2.3948481992697843,1.931320675307198,3.357598660884534,-0.05979273996829093,-0.22229281460708705,1.2434893010478971,-3.337943523031779,-0.9810588843223105
7399,2.413083898222226,1.8640116343649993,-1.9842295732482462,-0.7847862509553529,0.47306703162736286,-1.981146740010244,3.842209835682958,-0.9488210461908331,0.5614209743050251,1.3241180182335874,0.4875697548620108,-5.2664975368931515,-1.537638512137569,-3.8159431704458786,0.9203941352516978,2.400069137065831,-0.17559174079738327,2.208710151064185,0.9232347155493379,-0.6620377702267852,-1.2353850438019585,-0.306380590033851,-0.20732453396348127,1.4878932224739678,-2.4647449558489996,-1.0846017367899812,1.7085335003229574,-0.8021358251774195,0.6206433076948414,2.0223057098015644
7400,-0.036021569996728786,2.9718188183347998,-3.2158362667647893,-0.4714146416228786,-0.3257408031747464,1.0771944632250783,2.3775645149695492,2.809668282575508,-0.8474179453671891,0.46969149414280764,-0.7198160574230057,-4.089690288898076,-2.078790817511461,2.7551758731295486,-0.9743308480029,-0.4719716621676113,3.4649384439273128,-2.695020989374033,3.839907213706482,0.9910062316131842,-1.1367442789497257,-0.04577837675971708,0.43860549492235634,-4.086996284535363,2.3022766519864604,1.4080809782310517,-4.136012402834172,0.06321975645273525,0.9296646569449969,-0.5672296407780983
7401,-1.0362933667028589,2.451985738750423,2.772888015406977,-3.7527441555707313,0.401098139284656,-0.836934371167759,1.3277944038644378,4.184354324491245,0.6909324766280882,-2.82305396393296,0.44766762782191183,-3.8276948688731203,0.8664749394051405,-3.1878426387541463,1.1410899950566211,1.5842731813117403,0.4539123914053391,-0.8579078684239025,4.494187142933569,0.3732945940843937,-2.4074871450785906,-0.5622242326102977,0.20671269645091073,-2.104483055782797,-4.279364237514054,-2.2138275311487448,1.6481215642252138,0.033832542175408875,2.9773006398372637,1.8339370224278717
7402,2.0219938971466362,0.5080501981558854,4.371370140800678,-4.520284775732858,-0.15475668775146278,-2.2263727726181806,2.5852503626743655,-5.660477939751118,-0.24586833136991526,3.457295227947789,-0.6586852226514983,0.5224859031499989,-3.0770896260068437,3.4912889284259023,-1.2885545403081426,-2.6818598298850986,4.088808257867132,-0.5325931900921521,5.686386986884411,1.0027063765350768,0.6888576002777924,0.3600308587187593,-2.259043804949844,-5.478938017469019,-3.2948094393530063,4.8460866035312264,-0.7644134232231998,0.6990254385276371,-2.6171329532204926,1.1312437737408239
7403,-2.4105921669118917,-1.5750156893060456,5.786720037908083,-3.2192658938514924,-0.4320725933090239,1.850226305471029,-1.8850946527993138,0.4205918779758129,-0.7586535308398057,-2.8502693328720152,-0.6419014483766086,5.715327086911568,-0.1604730474410161,-1.487028587095656,-1.7780433860035103,2.9155752521219256,0.7769585934661194,-0.26698882504709864,-3.88771087169658,-0.21165631908772653,-1.9152923394231216,-0.8211009742202799,2.779992750062311,4.055767754362574,4.664382611680594,-3.322884895681682,-2.269460072019708,0.7655118820287043,-2.1282263531310512,2.290676827126102
7404,-2.544956759690848,0.46248645255407794,3.273654377134939,-0.0921223707729979,0.4584300428686605,-1.5574917420931662,-2.113930154744409,3.325807620085893,0.33881629649517286,-1.6920370494983175,1.0922632796698926,-0.9509199920085898,1.61065993354919,1.0526874681403697,-0.569611320951033,-1.4824782428920233,-2.602239454021422,1.9909816161756808,-2.0930101615351333,1.3656557282178792,1.4546294995454687,-0.807884844993179,-2.1096005843248786,2.1902103630869796,2.264901898252994,-2.257565523333959,-4.389397540895324,0.06489288541332883,2.032405151513874,2.284763129052042
7405,0.6105540857453597,-2.028890172125074,-1.060417556722431,2.9687461409275713,0.43735742725410987,-0.9273499250788717,3.814301445718815,3.305265908566753,-1.1911736235287922,-3.314573449297429,-0.1957795983027779,-2.4180406831569314,-3.1099286475186165,0.7851534969697873,2.9593236736698785,3.6051882670366915,-3.395240088306215,-0.8444967018507601,-1.2587870183047833,-3.216637599741931,1.810566908441082,0.5964375585221404,-2.3411174682500526,4.40953761933071,-3.974372720822103,1.9714199298701942,0.6539284227222844,-0.793091477779301,-1.5067312924738268,3.6488471384857206
7406,2.862151006726421,-5.656037189228687,6.18960307458773,-5.3649989895863754,0.2415425336100201,1.7277395638915163,5.392106737377905,1.0082896015281229,0.4745520619221004,-1.1585574472346245,-0.6900885056116408,-5.026302447982225,-0.6868461292173116,2.6752767977223186,2.7688141067249177,-3.191356526025471,-3.044196131534571,1.4783078823308564,0.9528561460385774,-2.961293986483719,-2.6885723044824203,-0.32344897253023674,1.1143895529194783,3.9060695645354855,3.047834154130449,-0.25834402992056127,0.1414760226930234,0.43858959352080973,-3.678973021542822,0.3094172811220428
7407,-2.996769305030327,5.295289427671946,-3.645502425689216,2.091472593432041,-0.2691864452663728,-0.4753038451174252,-1.1344034391670093,4.2645805118562095,0.8852544912204019,1.5388759215333039,0.25708842242611674,-5.811395907869365,2.0115189501448576,1.3505333598964455,-1.2645213021082213,2.0742725307792966,-1.719272002048239,-2.452531536663349,-3.7106896539124143,-3.392128414522709,2.546115961088393,-0.525932308445622,0.9853990779044395,4.0972353378850634,1.9611309831068908,-1.7504968060677868,-1.625389794329859,-0.03936029643040584,-1.420230461716887,2.8743463754409966
7408,-1.065522503666914,2.1665861616174666,-1.8564386834000537,-0.8896629367121314,0.09600302793074178,1.5490349342315124,-0.3389356955870717,-3.5759037605974164,0.352316925859812,0.03597638300732697,1.2009435060584686,2.325602641258534,-0.6696359082445795,1.118053336411922,1.3487484333829904,0.1534137605370418,-0.16819528442609766,-1.7823843376605044,-3.2563649088727935,1.4991921696757693,0.671108095582607,0.7826976039695897,-2.3726889089377377,2.6760559485797124,-3.9714698498389573,3.0563286052357235,0.8358806660737343,-0.28771793537016865,1.5326258991133095,-1.1656473852107112
7409,1.5050576602437076,-2.0485952993461396,2.634724237460354,-2.210828084670702,0.014438697164422809,0.10520278914894376,-3.279987262231284,5.241886875105628,0.779033102009481,-1.2896799472169942,1.0648115770265631,-2.516064344693742,-0.5700652318046728,1.0115396945306827,1.6819034971470188,-3.7119961815060964,-0.9950955633881939,2.58371378502202,-2.8326009642759153,1.0810970256154366,3.707675089887779,0.9807267763141079,-0.07658199952152955,-2.860315928022729,4.162728589652698,-4.086936877506156,-0.936476671876882,-0.28568900543876197,-2.5676632473696444,3.7140372125416405
7410,-0.9445684586099894,-2.5223481281521956,0.2481830808285892,3.13910746451576,-0.1914223677901148,0.271048409208543,-2.532369232173888,6.097742751127939,0.965372455651722,-0.050411953546515065,0.13279050449635488,-4.613124525555982,3.523862265268864,-3.872056790345219,-4.144269750295383,1.6203567008572044,1.4183507021997421,1.4537568723155374,-2.679106670614761,-2.4905519464554793,3.864730546122882,0.625915487346993,2.834906589814956,-2.155894006217423,-2.85414959118631,3.2301097791534694,-0.5444462434935851,1.0094893750460123,1.9706833790725682,-2.811686698589245
7411,-1.1618479176442111,2.5830771029586685,-2.9268262485508494,3.085642532709933,0.6702817456016885,-2.250327215074633,-2.7730088855637156,5.968278305681508,0.6487615662117818,0.8587361975194927,0.950910845076316,-5.653678028925771,-0.7996101354659721,-0.17567549742730648,2.5275682850044667,-0.9482419799910069,-1.7000530915278276,1.0960124194084244,-4.575048669487696,2.456365233807489,3.498186028336871,-1.0675148436687305,3.130330247249912,-3.4423179962406714,4.774848379553902,-3.1655782965542834,-2.2318366568891115,0.9693955808564372,-2.1903042615190316,1.8434752545550026
7412,3.5181024211294023,1.4316061052791405,-4.372198186412692,0.6358662588932766,0.035163776983465844,-1.2485403758719826,0.5958484475732106,1.2326710699765862,-0.6133257274978385,3.708375894710027,-0.6573748156053254,-4.266194869157058,0.6902646040956171,3.845984639156381,1.0280312650021592,-1.3306223029258852,-0.8430179226361467,-3.390640282691349,-5.995304722619824,-3.3627545819433227,2.4704197977589715,0.9911769187992645,2.7216572600873814,3.17480532791469,3.664771669209202,-1.0188167237774621,-1.8627593090869752,0.5680063886858804,0.5397355563243735,-1.8909375813520732
7413,-1.126270594505641,-1.4804702317341487,3.445877136437346,-0.9992812159298907,-0.897879542697773,1.058024448430741,2.8956852255292986,-1.0896830916835363,0.4392099035677903,2.1693282417584783,1.034047445347257,-5.44858772451969,3.4253174160964903,-4.243198825796657,1.519138941124961,-1.4160181309198752,3.111345826448968,-2.3965852269531265,0.2983587767472926,1.939956872009322,-2.283421913305334,-1.1579245468085047,1.606950632390733,-0.40391982103632884,3.5287365012833725,1.9150818262006446,-3.918126500812569,0.3818214520918817,-2.634385547458196,0.7268722686978215
7414,-2.345576024421719,-2.3590005792698214,-3.168996560561734,5.402005920855363,0.052444049753211264,2.4191231936453033,3.1950719297665344,-3.6099393786932374,0.23357763830820577,3.0683914161540393,0.36330489593923687,-3.2504065014751937,3.7325075591522854,-4.00141282352703,-1.7567049762814015,2.270680644344008,2.9994315592684124,-3.2445019629555034,-2.550246904924613,3.396383599655014,-2.614839266270076,0.056252075835113935,-2.846647157590967,4.5590976532927066,4.162095889972129,-4.7903350672857865,3.326236346481455,-0.6035473191918745,-2.1321290183484045,0.03767916837542096
7415,-3.45551177824939,1.0605699706139085,-2.5892834839941337,5.259868265446897,-0.33532370929485067,0.059680735478142566,2.5736306755696496,1.8576453276374387,0.9745393917825673,-3.699033145821156,0.28728631551924355,-1.9940685646881526,1.689780457804357,-3.811012046986596,-0.5015162653016816,0.7287101913713947,-0.8446633130890469,2.7387009762023524,-3.1387358543122374,-0.1661588525507991,1.7928631154902632,0.06022900345376225,-1.1597071509917871,2.6115097389079516,-2.8687096105944683,0.6595035344415727,2.1125909887647403,-0.02259296453788373,-0.18627581651728065,0.30548386844625774
7416,-1.3144275435320711,4.4940298122348885,-5.609767445448252,-0.18246057348680367,0.7550569360044825,1.8575688142283333,-6.118771646662854,0.8719157227763326,-0.7322878487287836,2.219747583414332,-1.102798437865356,4.862194627065925,3.084320202684882,-3.463348271950016,4.188948804056771,-1.1637177172082467,-3.294842122309751,0.6486391047271134,3.066196730233788,-0.08722687735471268,0.1796925593841685,-0.034180543362347215,-1.5825298965948207,-1.5419519723088975,-1.276051857094533,-1.1793243497700985,3.2441586537560205,0.06851024023599805,-3.4655940497752997,2.6083013626508844
7417,0.32698678222747013,1.4624125621186828,-0.035087474038949296,-1.0932724001751986,0.22970014008563,-0.8907396102170857,4.9096878480706,0.8109735193116734,0.30105193056599067,-0.4102486791607589,-0.9931021918322429,-4.618362426955688,2.7286378932823396,-3.817022466354139,0.5916416276282526,3.7538745540999763,-1.3426780775762719,-1.914453531079376,-4.133960236424038,2.6324331867096085,-0.4661913218403093,-1.1126889626404703,1.4973277837471741,1.5830795504451913,-1.9994757887067252,2.7042709455770435,-1.4858588219123803,0.06001650906472289,0.3376818891518294,0.38336526682850725
7418,-0.4132582206001718,-4.749440728071296,-1.3072802935455812,6.212602832897225,-0.8115028518210738,1.0688792611414364,-2.056457136535535,-1.4251671622988376,0.7980649435642562,-0.13328922107471364,1.1250844778014395,1.6917640985429863,0.6651585805754614,0.10782514121897435,3.545649212084516,1.7095420550346105,-3.948647699699153,-2.0795272892136296,-3.48906382836903,-3.2857852810748795,-0.7753028093210546,1.0879934222157992,2.1031835527524407,4.358974943793861,3.8842525641213506,0.0922611652851657,-2.417949970037526,-0.05808090625964102,-0.46633636649916,-1.034146486607188
7419,-2.782515558928658,-0.3441728682855434,5.276693787733819,-0.7795895168463574,0.6355541647336671,-2.0059700084064005,2.3880734791670903,3.117160564778203,0.13887779591684257,-0.7276608111980742,-0.7875568842031022,-4.128894144461345,3.85342520557834,3.397744739418677,0.4560183725063318,-2.4368820115739407,-2.334671471957858,-2.935634833970788,-6.08621629087677,1.085017995710439,1.4620742278228072,-0.3030321495788728,2.1700608160183457,1.6720954009011635,-2.482150231916183,2.9685967965300506,2.0277617189163664,0.9258215934708085,-2.725397752633901,-0.7146321243641331
7420,-3.346281458367315,4.8468464269253175,0.168326851949832,-2.8401126774198424,-0.5164429541296163,1.6876638110421531,2.8623545184747314,-4.898509585312592,0.4927127193727001,2.3792780173422905,-0.5290173625204071,-0.30681830735711557,-1.6823761292518569,-3.33260631670192,-0.9635224821218493,3.6319652933449618,-1.1586411073834864,3.5051807421149164,5.788048964659332,-3.3796041444306066,0.4205434215363617,0.8054414110420938,-1.917098500763263,-1.7173311520468033,-1.6369924367498534,-3.6269480798852136,4.934193762319854,-1.0557997590350903,-1.1099456563724655,2.495492169725786
7421,0.72693526914024,-0.8542048354749454,-1.4280009405937726,0.7279886783650547,-0.054307770272230105,0.881589598836154,2.1927082473507014,-3.4981061957158666,-1.1300534660864772,-1.60455125076105,1.1291137767097261,2.91088888850258,1.452229137614335,1.0585578554283224,-4.134622109980924,2.685529686186321,-4.245575482815198,3.1838809135679256,-1.3562144140317827,-2.973089732569786,-0.45686956142730395,-0.6483997515649493,-0.3680768097394136,5.802650269330343,-2.536939958855175,0.24128394643671314,1.5977811684423386,0.5162505167437592,-1.4655602230554265,1.6471845502907776
7422,0.27975652912443394,1.0556382694544126,-0.4812664820943908,-1.255590903727203,-0.23333681560999175,0.6347994028532575,-3.456112405214064,3.191918501779238,-0.01378175817176075,3.0821286336191562,0.14796505946313943,-2.9521180314760755,1.8690287624178659,-1.2022599723293652,-1.8912685311376194,2.765504016460717,1.9341507778516807,-3.475155053262478,-1.987689386278788,0.8560920954410598,3.7631618214065625,0.8997447669508096,-1.317652155319875,-2.2136571422026314,2.5647943946214298,0.6966973176414122,-4.363940553729904,0.83891023459939,-2.7862750256185187,3.049813632489169
7423,-3.5909073499265407,-4.936250273953604,4.103428285828002,3.9213783527980297,0.6614890636314703,-0.15913807837685745,1.5322056424484956,-2.990237645866511,-0.4667172077037618,-1.8605269957004928,-0.5040116118454288,4.289287818667358,-3.309876321752519,2.6105640075009937,-2.1884411256574463,-0.1168771623400886,2.2962455595250013,0.708385042724883,3.9509685030943977,-3.48518788355757,1.2660212916235203,1.0673277436746709,-0.47427008117269587,-2.3248595736651616,3.5800485993297,-2.016991759303586,0.05012713228650867,-0.1784346869922322,0.8118886673890344,-2.24663795270647
7424,-0.41430501452663293,2.6804072852026124,-3.1214365166879112,0.9677364854933685,-0.2867404499826163,0.17433821050169662,-4.399727230643791,1.7438903814350653,1.1248833353959036,1.5711056175932754,-0.14330285053822944,0.10315074675747127,-4.107472311813201,-2.2780119865286093,3.070341501118307,3.330478350208274,1.8455165607121806,-1.8608521136961524,3.1841219884620244,-2.8030543008308175,3.1449462025496224,-0.14248285080127143,2.0042411413065846,-5.387772180688987,-1.999150908410602,-3.004281772918443,5.484918716423671,0.3465541710096369,1.6573728533157492,-2.485413059417075
7425,1.902263716633371,-3.310560948814949,5.533866507281672,-2.5092446428566575,-0.47093861337465937,-1.1453860188682707,5.906396694669105,-1.827764975698038,0.026297607019420077,-0.6161810187741334,0.11494210893355827,-3.6036904161502257,2.570833987488271,-2.7055795724142886,0.2750499813036811,1.7535423549666262,-2.1960619147247584,0.302215163381252,-3.4545466601819435,-1.3434567394681523,-0.3016032490411735,0.07244745247792928,2.265694264257082,2.7614649319534124,-4.212693005095721,-0.9745922477320619,5.063825397326955,0.6520892688637998,-3.356821546254526,2.8281921328944897
7426,0.6418009887262492,-0.4628929564294495,-2.540348898778472,4.7178431297391406,0.131113394564232,-2.487515657821194,-4.531078178310185,1.7697368552884427,1.110737179939405,-2.4975916612809037,0.9808591945052072,3.1673366098577205,-0.4473561069738601,-0.7471710175177897,1.323927338853082,3.230003505083147,-3.097380079617361,-0.26202363982643817,3.2455545722981114,1.226658526616415,-3.31951317276471,0.6131874376859461,-0.4188920446689597,-1.3469953191696646,-4.772138577128102,4.457887137862997,-1.4819610075910319,-0.6819860000649705,3.4529172071682765,-0.974718760244226
7427,0.7772052822756166,-1.1748531634271373,4.083762290295368,-2.314393019048694,-0.4100282963908386,-0.9616930937037935,-3.294582910121548,2.664229713109407,-1.2461360346923298,-1.4394048210465797,-0.3615574527618062,3.677451505512572,1.1225461613795353,4.234764771603793,-0.1245969330482346,-3.399303530236118,1.6357347283060655,-3.4691451980042594,-2.8668873438858533,0.38647598008220285,3.796386533439126,1.0992636663007431,2.59617728253596,-5.011416118475008,-3.6781070977483097,4.60448827211825,1.0986822274226533,-0.5836973920881015,1.360013887413679,-2.801379897115206
7428,2.2847886846619545,-3.424693453476749,-5.120569196865951,5.030124825701073,-0.5093064172095481,1.7396555571897263,2.745085116256803,-0.2187564525843939,0.2903283746235825,1.1214649913117682,0.6200326770761926,-4.558154706684256,-2.4774761851223026,0.1905049819686475,2.810112586157313,-2.7020013393317797,0.36606000694595053,1.812799949382999,0.9187721809820388,0.9397246638223749,0.9475039847883124,-1.0551467396300325,-0.2673647224469242,-1.4834893675185796,-2.439454883657323,-1.028703493696998,5.941451772403465,-0.24825208015802502,0.3951254636071706,-2.6201667784953493
7429,2.4344652890840273,0.33864549795130117,-1.4554400963807446,-3.5004321059274517,0.26527001387100757,1.9174914014023496,0.3754072948838463,-0.2960725840950218,0.2848830775639959,3.504918744851345,-0.20261604596275173,-3.6665204872417014,2.523690412750284,3.2197669971229317,-1.7330612611245382,-1.1560192445361217,0.34084404735087404,-3.195220951562579,2.2673085500311956,-2.25283667582066,2.712631038691729,-1.0540999988760387,-0.5357497844108128,-1.1372531296182231,-0.49643863367337815,-1.5449735141835959,-0.4153780574606216,-0.2367767998557504,1.4655569859092736,1.228010019267007
7430,-1.025689130914854,-0.9020197569184063,0.4591288175981312,-0.5136255803928975,0.2841608507660296,1.698044799862462,-2.371545186374423,-4.936402328345,0.2291941866827205,2.125333021658488,0.6398950869310163,4.313525219446941,2.5040012844124497,-0.1714807957136948,-2.7296258789156784,4.234354600850491,-3.230721576693412,-0.6065276339393186,-0.6672043685040414,2.6898275696484966,-2.567631007909192,0.6460358467543896,-2.413487825705495,2.3124597857130276,0.9288062093684601,1.0665339383991892,-5.604068122913478,-0.9089458813900766,1.8414394329210708,2.676234423617757
7431,3.376168528068959,1.4288569877212431,-2.2282642215893276,-1.7895867862313963,-0.9881923125108139,0.20101780454178275,5.924967928288066,-0.109224692171221,-0.7396413254608714,-1.9003486677698795,0.4226161788098173,-3.5983694216961624,1.4394597501792141,0.3826750576797089,0.933332774513822,-3.1505754588523054,-3.2058884858820864,3.6009963623625048,5.805408344878181,-2.1221442542909,0.5673090264865301,-0.660913634755234,-1.1897246259191885,-2.3999348564022043,-1.4387749056370076,-1.5924765426308873,4.364067139685307,0.1725097174264203,-2.13040943971067,0.6250840308697914
7432,1.6800112259436197,-4.789735084505779,3.3640406471612323,1.5069092183847488,-0.7586297517782659,-1.0025962552051233,-4.58031524949482,-1.3775418340049939,0.36316114269179955,1.7188137850345484,-1.229568781039894,5.105450936813096,1.8634759211325687,-1.77600474871873,2.943077414577182,-2.4909166953592052,-2.99898721077785,2.4593553191468907,-5.966029452713602,-1.9544740569752168,2.0864547664425075,-0.9752660052797477,2.735569973468097,4.073744775055147,-3.5730585400849826,-2.8557701256332813,5.741956791509988,0.07282574462127478,0.6185054497221145,-0.004459320132157885
7433,-3.172363444464276,-5.241076336262317,4.542747471347358,5.144838201967598,0.5501201364444297,-1.8242660290323567,4.2219861691608145,-4.928048383129379,1.1452801905382781,-2.4399745305550002,-0.5888876466572484,2.5896442006422866,0.6137527212307425,-0.7613006734401964,1.9803449101160489,-3.2038841109290512,-2.334923878056376,3.706011031079669,-3.6364219998649148,1.382330611462658,2.7728477316071434,0.06671555098892945,2.4325939843985545,-3.018065878595195,3.106029922989638,-1.7129954158384422,0.20357533119840454,0.6980711584277994,-3.467769583369119,1.1730885865946732
7434,-2.4725545826214397,-1.0555360534183933,-0.00967253206087193,2.2994845942543876,0.2514600030288019,0.9868185708179453,2.2624927797231784,-0.17436861611802357,0.2202416127207485,0.080369896711602,0.3576254944584525,-2.746361167496218,-1.0803596654852683,-0.11913811855543699,4.092693176047188,-0.8354430732581051,-1.1823061382496274,-0.8754461804979066,-3.924186008390251,2.2903204358925713,-1.8296137921267448,0.08633193341136725,2.4848013105293845,0.8923461206808376,-0.1570508609811192,1.9808191809746987,-5.918035838679906,0.02827211109956096,3.520416290824901,0.5455791167648307
7435,0.8316418469074502,1.8340035505261696,-1.8663317839757703,-2.6587596361156045,-0.015142691184955925,1.874588713843142,5.760295814215766,-4.463170335676921,0.2983888114555917,1.8705839072756163,-0.9186652175661356,-2.547432979704187,0.2593403860058032,0.4192455564665565,-1.3452548033627139,-0.10476281610299765,-2.7095800146602116,3.4810116916543556,1.0472806472538956,1.4101976964598535,0.2309074613579476,-0.8220279462938267,-0.8817888819234874,-0.984568976857215,0.6074485977480499,-3.6097727148198153,4.233763772433527,-1.1150783519529535,0.3049186560104431,-0.42127995941630125
7436,-3.634280885804344,-3.5502217963499483,0.4424509909906824,5.325642216003221,0.6331143068333045,0.7832951683274949,5.421935995216398,2.237166620385654,-1.1693611609041379,-3.1067305803581835,-0.28118112014430885,-3.1018297541956663,0.5422129744687609,-2.548115153651599,0.8738819913095135,2.0722216130870947,-2.855462705595631,1.915261280382662,-0.6221719648429662,-0.7366395216265964,0.8279361398645513,-1.1639929474362893,-3.1846665345035365,4.879534828542013,-4.568450715953325,3.6572617845110145,2.4986007173551776,-0.587942930632277,0.04194328612346254,-1.0414121414010982
7437,0.9003953460050234,5.686340231116258,-0.9501596258953491,-5.982346639743795,-0.20088555923648554,0.5466562477547452,-2.82696922478382,3.6576197280516425,0.07326759680904438,0.15505030822119537,0.8978458509922547,-1.956814259290546,-1.6270488813694488,2.6267152076741738,-2.2305611178458253,2.35058161225799,-0.8492102072892074,-0.2704766134268972,2.1371788931313382,3.295297284649532,-2.2149344079567364,0.16703153390450343,2.9052297009478654,-6.289803004679314,-2.426826765549457,4.324251799386669,-3.0628557456234375,0.9368201610981153,1.5838397267203206,-1.3552291760292619
7438,0.5501295845009384,-2.179676358005729,3.934158582459361,-0.6731656092042613,0.8180617674083042,-2.44950796715825,-4.220040536070311,2.6310833132051386,-0.40792743834595946,-0.006178631258958234,-0.08848044014316336,2.0915437326130437,0.19767877883822393,2.676821696492457,-1.0392454528212234,0.5041504983938303,-2.74727886947292,0.407873348570412,2.778035858914155,2.5795088329000784,0.6687794294486693,0.5467905296778097,-1.1703444957628637,-5.402770155180676,-1.769577551452663,-3.127871025733171,3.2973040567534824,0.7609357840716431,-2.537835857683284,3.3770445940469287
7439,-3.1197693816095864,5.395338912757655,2.094354536304394,-4.303051636342985,0.9441432001148908,-1.011015631223966,-6.119453646789946,6.222478079324134,-0.12903942483550246,-2.622051389945357,-0.523549864745938,3.1716162469924143,1.8392316948526855,-0.5054147339126729,3.768642415264395,-3.855856906014745,0.5123012299828851,-1.758903700171759,-1.9037391067865848,-0.636130678611261,3.22550065708592,0.2926896095212568,0.4351378714420697,-1.41345835265426,1.2494089682346576,2.538709889219259,-0.5847252601878097,-0.17484749370102293,-0.5699579951548337,-2.4585881084073176
7440,-1.1393469391574769,3.9404550703094614,-6.090196769388587,4.977228065660036,0.7891485941534393,-2.477288021576488,-2.895955342513556,-1.893347989640457,-0.06305276871675503,1.1445903267722635,-0.4648866045402933,4.172652378638613,-0.3680733584580693,1.5603026963832214,-2.06383963059573,0.8222631845724422,2.933200192653363,-2.8838530845544614,-0.14868268292338982,1.5131017455831497,-1.3785371495417262,-0.026456171847358156,-0.7883652710559073,0.8289395297823532,-4.47566029854778,1.563323522304028,1.5568586597896292,0.12424635783217397,-1.2903384657023462,2.521570224327231
7441,3.110973145199477,2.305744966718116,-5.370634160624046,-0.7533542940936115,0.7279016117304544,-0.020631268929992785,5.485339027016185,4.783614403874097,-1.2168280656486852,-2.9438957827707135,-0.8145400743846265,-5.29368950808642,-3.118058376252767,-1.2054816740423195,-1.137283791869521,4.160980906913565,1.5965691051986006,-0.29672616994679757,4.688967720726783,-1.915507321323334,-0.7615168436159188,0.6181327491655049,-1.4545600573386963,-1.1755162476172032,-4.454363440103224,-0.6376061060642435,-0.6062894451063627,0.844163558380993,2.9071785640446564,1.9469168688510976
7442,-3.742296749772981,2.9129419787292115,2.019923233053742,-1.2539688843439265,-0.9962009027004666,1.0596013250348246,0.1379990305189942,0.9952873788908789,-0.44749623347556167,3.190391393795572,-0.9502694181971636,-2.9259121515329127,1.5413692125104461,1.9987660380031222,0.7302200444714977,-3.062115614433921,1.8390452976939962,-3.047284978244379,0.8708892988612007,-1.439292832307224,-1.8888530835729362,0.7221194237504553,1.9588107417533287,-0.22367354848772436,-0.970177286374323,-2.500180691246644,-2.273722643299209,0.19082457508250883,2.6086481436816946,2.944607902158886
7443,-1.0791567299827882,-2.595597458743846,0.3517740676436176,3.3675289409322318,-0.5364187182261955,0.4918698983773506,-1.2188262129095015,-0.11639916311775167,-0.80150663024697,-2.640357916650153,-0.30704067628755105,5.08413059921174,-1.964678694602238,-2.3491564515553627,3.60567929655873,-1.0703016595272956,-1.6804547017664841,3.458912210893427,2.93827755057049,-0.8610805517923588,-1.0778678813295421,0.2133260215960675,-0.8113162736755353,-0.40133886537201846,2.2365258584348453,0.04188366891013473,3.5876067805751433,0.09850752642297689,-3.2792508161329685,-2.6852730182071856
7444,-1.739739526270565,1.4983889475303336,1.5633753809293545,-1.925709563506718,0.09226889735701649,0.5114158639609379,-5.155506438432557,3.5742267349719974,-1.031612440166037,-0.5500735410488282,0.38576003457872865,2.7772056500965085,-0.1713827386619542,-1.172547331722459,2.4706552385435714,-2.896882063693246,1.0454092773399495,0.7247476181949004,-4.961748207427501,1.9674136134160598,0.9323655135502662,-0.6495047722755896,-0.22070286210460388,2.932176714838455,0.09210935879606197,2.378996403283871,1.8151473304169379,-0.901573712205594,-2.4096359558828944,-0.9750434244054453
7445,3.3196016845599914,3.367842133370033,-0.0976791433059887,-6.136996436314092,-0.6882511894021415,0.23548295109258888,4.704402164503406,-4.380334831749341,0.6859934632456968,2.962040534692708,1.22357848658147,-5.195679817274126,-2.077510476793492,0.7084611697215308,2.6547089676507305,-3.8099072908121734,1.9685757570834106,0.5556718731507502,3.1004076584799876,-1.989584302429284,3.123178504796872,-0.9876993530131255,-1.628629365525402,-1.6176731423119932,0.3001858317439243,3.7368525155746255,0.6531887124478146,-0.756026439110018,-2.568154908848479,-1.3660457118049436
7446,0.7302531771194474,1.0116974215644845,2.2938734186056102,-1.1709846647686852,-0.8533722979980802,-2.0114670545224236,5.7534218989900126,-3.802174031576346,-1.2182859827615222,0.9873280058308413,-0.9356595321788674,-0.7846303583043053,2.742241153536842,-1.5419004905301907,2.95837271053065,-2.502686566320902,-0.2810513452887875,-1.3749754619268373,2.1169270391217836,-1.461399329662699,-2.683000747228494,1.0660781922943627,1.999044889670083,-1.0376500441979424,-3.0632555731506095,1.373614386207045,1.6815301136211183,-0.4268807834940027,-0.7427335573401077,1.177725414159486
7447,-0.866604661113838,-0.8037717013421251,6.0608684297390205,-4.187468394501714,0.53903300598486,-0.7420566787658451,-5.639045804390793,4.3283665194471865,-0.3546897109444389,0.07670450999337675,-1.0249614284655602,2.613625914360039,-1.4227634037116594,-0.2876356530624875,2.9737654342370554,-1.3689502841302321,2.1136461135538234,-2.008062206885759,-1.7783660792771983,0.14499329401079564,-3.2569989644140858,0.46263656489525484,0.16860113120455011,4.259134053577746,1.0566150619570394,-1.9514199757350745,-3.772971693669323,-0.022979089590665858,2.9165456306022044,1.7742100664387692
7448,-2.2886854588189802,5.383671705058347,-4.736802547334207,0.435116922763239,-0.14124716148935668,1.347946539821372,5.181704568866653,-1.6947750246885676,0.6831631691774538,1.5367059820786828,-0.41091885035755027,-5.295879845076879,0.9934445552532516,1.1962525797526027,-0.17409222755359366,-1.4904308681622283,-6.966218188608764e-05,-0.525104377107386,-2.629787844360493,-0.3014587011595573,-2.146082461140784,0.32266837261358816,1.5335505103252451,3.221110123719072,3.49221772587493,-1.6374323912560094,-4.511242924672668,0.6422788609469681,0.6193554120103144,1.3948233170994158
7449,1.9271491767372524,-0.37321799398541344,4.907962425499786,-5.36251834292446,0.8416747082105047,-1.941049973537222,-3.4575331398535525,-2.898030190732836,0.43920456126117013,0.9154961468093799,-1.0435055278538172,6.044368150369447,0.5444631522367587,-3.558183305988859,0.8080453424610603,-2.5409904294482075,3.9935543705786394,0.7531108701613931,5.700583324703349,-0.9200584212200607,-1.2412226797636077,0.4380659521268475,0.6337601140677691,-4.611128289917215,2.0524065601463874,-1.8870451673965292,-4.783304746891112,-1.1037397027213163,3.281683722554405,2.439999334311107
7450,0.10945203024149208,5.075429345062453,-0.9726810017415666,-2.4385140410475756,-0.2090997027268573,-1.5645866297875095,0.0687606416199742,0.877818336542969,0.634196513981589,2.4323862995089804,-0.653088172040766,-3.3600736196129546,-3.255524411928043,3.0668161338991204,1.4790788121708438,-2.6916119306856494,0.7037561395680818,0.6974852569764121,-1.9442492450396962,-2.613891993140255,1.110332615702287,0.08167570791731649,-0.8478329102748265,4.2139658248322505,2.83526251441916,-3.6201950987366374,3.834045279441316,-0.9988933373822562,-1.429858138555133,-0.6203612191835663
7451,-0.48415237984399795,4.1442986967888125,1.634482502058269,-5.602110120593217,0.6913989432701042,-0.38391764167953824,-2.8016273931568563,-2.3225414540807847,-0.6116763529147562,3.489400923397316,0.3532725016948559,1.8931717750600043,-0.2914177923963521,-1.806320034717821,4.200242750595709,-3.6902848833493014,1.5948586556961324,-0.007078695827631876,-2.2563415922978223,1.6154498169129177,1.4857942389970518,-1.1780065036372354,0.3516706636650486,-0.018566623642872315,2.5398186591763974,2.226480700447752,-4.9046439266058535,0.6611401702336179,-1.9326607929101556,1.409865189661108
7452,1.851881359877897,-2.3366109223541685,2.2640441913981277,1.1547721555431494,-0.7876449108236911,-2.146441873640895,4.0033414412495425,0.6027312213699965,0.33520390436466574,1.5771990815855013,-1.178761760634901,-5.339713887934998,1.1943329023082754,3.3775804859373117,1.3637264613786257,-2.0356834138005766,-2.4320206150103694,-1.4679358208125013,1.4627924796352367,0.2476572050275312,-3.931351187115647,-0.597815546254191,3.145334563094803,-0.3266175143906658,-1.4114738975485892,-4.997406288500061,1.251731204395238,0.22737902971510504,2.965779208725756,1.9639907432154153
7453,-1.7682713319935832,-5.154919844783919,2.9664545051496525,5.588699084579499,-0.8555001835561471,-0.7764622293950758,0.2861637998811659,3.5709534077064298,0.9952355071476164,-1.8979328201989052,-0.41461112014297985,-2.5398087743935243,0.6926561066015928,-2.601599109125413,3.181701423736275,-1.4475042212013118,-2.9875842517569584,3.1623300517465758,2.8494273240047683,-1.144419804447665,3.8561111886624673,-0.02493761313749765,-2.50395963496247,-3.032221460122532,3.0739251611242118,-3.768670094383328,-0.7493024634980863,0.8577236803331338,-1.8546527672579067,2.440976483684846
7454,-1.6988704521465738,3.6256079133574737,-3.4968332552437786,-0.15822933032026754,0.18774715618948168,1.5405779681641452,6.164816550480612,2.532558781383994,-1.0453908707507247,-3.191151082584968,-1.1887096963591577,-3.272123682169916,-2.065222695784854,1.8771950146218472,-3.050859364450668,2.7437574953208532,-2.7539277510167732,3.249057301310362,-5.216709905962052,3.248194056688707,-0.6950416988119485,0.012791098519016053,1.200674265015973,1.4500921845473655,-3.913428107847377,3.346786878889173,-2.440266199979092,-0.13531554019451963,3.740872140175231,-0.5986491710405453
7455,-2.1402111116312934,3.917196992734251,-1.0218202706902346,-1.5811376667801476,-0.09404546389579638,0.9200175202636824,-4.25020424696886,2.569715848517834,-1.1014404297963312,2.1122297229362097,0.476582710313175,0.19311639499783695,1.6402268250631522,1.3558677399375334,-0.0024468084119853017,-1.7350158118667345,2.0545114888589637,-3.313143433580107,3.898951867832391,1.2926832575358755,-0.10297380234869458,-0.4655826456333392,-0.09954980696462101,-4.523528870424581,-4.692006761121178,3.509583403805536,-1.0955146220322263,1.0398822004446364,-0.511582640789026,1.749638419695117
7456,-3.2013488076768386,-2.745251850927904,4.334859844963752,3.1264613569334507,-0.37783768865654754,-1.1368828546354415,0.5251946023276872,1.9446476213370367,-1.1053295916813823,1.0968819990548617,0.7800330553379675,-3.2414276863762908,2.145193284841053,-4.182354704721776,2.824651304274795,-2.1793420822924077,3.01215945219716,-1.620307254298016,2.1218097767399087,-0.4059886177590126,3.651942762420152,-0.9666358457608366,1.0041432003127042,-5.405271275955904,-4.984694170280219,3.9539590889428595,-0.12385552881445605,-0.6727324269097767,3.54339482339018,-1.7160717863256867
7457,0.0065927115505530764,-4.506113340870009,-0.4388749141747219,4.19017910332683,0.1187956777424306,0.6294207624253634,-1.4127856945106032,1.635800915790334,-0.20382447969648254,3.593149511958959,1.1403820545187164,-4.752722308061038,2.8662529757108537,0.4661683085521986,-0.6747113711212229,0.3097639653454536,-3.4014117572360707,0.433937878749612,-2.092807301567987,0.17896425176622444,-3.708753982480612,0.5134114041031435,0.43694935265820334,4.672236275518067,-0.2258691197735807,-0.3477200934720024,-2.535254945455076,0.9426128497641804,3.0347747481437715,-0.8685434392043891
7458,-2.353325503201848,3.8601554671600695,5.389186726337982,-6.053067750269676,0.04259574233207086,-0.8855446823581214,4.512515615794133,-3.856090640041973,-0.12368791368606225,1.8618641181057356,-0.6400836225822655,-1.7545175575896614,-0.7064026962368324,0.7977663778233186,-2.5653144155335674,3.7269725626990287,0.28386695693978226,-1.5368887856909428,-3.622074797927464,2.439656752008677,2.164858397950386,0.3249875177894328,2.624104441660581,-3.931532311484542,-3.3013040743623456,2.396785557332496,3.127477244191841,0.3734964536554042,-0.5172687307651636,-2.0791864500493045
7459,-1.9726992092080415,-1.811740077792475,2.780896386893602,-0.3388176303484336,0.281872051405041,1.0604884790507967,0.1306738523781661,-3.2751281702281396,-0.3389602985817657,-2.9461051265692433,0.6436094293882508,5.785910313612657,3.730707018263651,-2.991845281289276,-1.322975505082523,-2.0284714156526586,1.6602411085044722,0.9523440752571268,-3.0778719732255126,1.9845912343493453,1.856269570708477,-0.8655380558309727,-0.6444074995714271,0.7469567235672017,3.0711211614691827,-4.490497448891601,1.4201396261996209,-0.4367178265842453,-2.823055564693938,3.2590100525039425
7460,2.4823948821375907,0.005864799015501632,3.9431936594498893,-5.875748627606836,-0.15409208214104964,-0.4016126308546166,-1.6139375343125941,-1.1141056873632138,0.24973523592639424,-0.9654662482438106,0.717470641913434,2.7263035920797094,4.007991528926507,-3.0864716261624814,-3.644269113962114,-3.295252096000338,3.853705288419029,2.1642960187801847,-2.757598797544798,-0.11109860602624622,-0.8053186465136157,-0.3030749098415644,-2.318492197770226,6.295583157693557,-0.8785355753995177,1.986552212912727,-4.51700135278368,0.3801899037892822,1.8521398533480387,1.1766549581360728
7461,-2.6023434909297443,-2.274937249518537,1.1935731110439427,2.2081120974076462,-0.21586091285912334,1.6914564448563407,-0.8867859074191244,-2.683862739786413,0.9390851664599991,-3.339647177778758,1.00995964401179,4.961251014512403,-0.2461803647955918,1.965493527890338,-2.948585196505217,-0.11849019919161918,-0.03724196004161229,1.3850041926444767,-0.08881711795448766,0.48730620134956837,-0.18514052329473252,-0.42695228575320243,-2.8562524823581334,3.069856208008055,2.6676347663598285,4.847250506751649,-4.478391627903811,-0.8177719751345105,-3.2057862321787667,0.9870645621085004
7462,0.32867159729681106,0.05267780377829112,3.693526602802468,-3.29205502010716,0.13894413348085166,-0.9217651172507306,-4.559517930004823,-1.9320205758776545,1.158362251415296,0.3794300660249217,1.0367451618635588,3.9170010265786246,0.3194780270173112,-1.8550509195170388,-0.8362171531599607,-2.683930635588096,2.177228472274649,2.8784922089739275,5.910636533208944,1.190791546832516,-1.5072511373718953,-1.2283570419537995,-0.32326449702157234,-4.042555403697136,2.8794624740384904,3.378664390049405,-1.850908256898098,-0.6337462936462863,-2.682730945026954,-1.090741368513692
7463,-1.3065691485517394,-5.049562024029292,4.486527413702877,5.219428590202856,-0.9446929629016729,-2.405131868422499,-0.3609851908629125,4.837660233438882,-1.2246752253440478,0.9311036115238043,-0.564878190851756,-3.6182252379040634,-3.8079464653107546,4.011294993714035,-1.4097273469368883,0.9657948402348531,3.70142835499167,-3.4608443766921493,-4.451417149834636,2.222316312789321,2.160855038277866,0.8213976658571518,1.3349218197809911,-2.08807368687361,-4.351219692246076,0.28736625227711343,3.715701572186788,0.35704666544047914,1.761265659888597,-1.7701604575440566
7464,3.4666145005159024,-2.235264883859447,-5.338469816389413,1.4699868666504337,0.9091793983610268,1.72795393472202,-3.7676734940833363,-3.447196128601142,-0.620473550695519,2.5571056915667008,0.8594825564130577,4.418754925400151,0.382635188038158,2.4615520509565627,-0.5844595256837231,-2.344976594103402,-1.6570170793959225,1.7422659601890622,-0.8526972118707086,0.18496081810313747,1.7984816541977473,0.02432631410484909,1.749614262798639,-2.904685837336615,-2.36088420920521,-3.8694483715130232,4.05075514233468,0.059709378713946215,-0.19014699875258323,2.3100150584250585
7465,-1.0470061527671106,2.9926284706141892,-2.4099857922397447,-1.3821446848256613,-0.4867454919070524,2.3332536511258883,-2.326338005557197,-4.062222608547508,0.9751655464915174,0.07112550506691484,0.7529251778597787,4.589344384686395,1.1085343319244174,2.2729477002649503,0.30864003299209486,-1.2940389142858777,-1.9426102991271588,-0.45347285176767116,-4.635106490792985,0.6267119438862601,0.6121401215031099,-0.10915241163424128,-2.4485595063910512,5.953966343425918,-3.1857265440381255,2.148895042572928,1.6827375581784025,0.4158957635465157,-0.04565071571428447,-1.01615110454261
7466,0.8256654584330683,3.1967837957507115,-1.1199499656299423,-1.6819812654512596,0.06046734966402756,-1.2809853727660983,-5.369035205083112,6.159351822819005,-0.20467506448900963,-3.1050114665073796,0.726591666459373,1.7927782468010278,1.3757728563840637,2.81909853579792,-2.5952388022922293,3.9488249311925685,-3.1443444446621616,-2.4041130764194047,2.842841372587845,-1.0072668259559787,2.0040817464149896,-0.9711278864690271,-1.0423730600873284,-1.8261553464934757,-3.426032918592675,-0.743564393761055,1.6036033229190636,-0.10473607495914106,2.0226987701433785,0.648031294253272
7467,1.572921661952087,0.9744617652807115,-0.3172622580019251,-3.8055433622215062,0.06539888782891179,1.5100233051622283,6.15098527192011,-3.6300775895842996,-0.012397321349284063,-3.0987990141956594,0.24210674408206145,0.348181909126982,-3.7411848114039383,1.182227511027481,3.7234320662563256,-3.4787880509133675,1.847011357871434,0.46730192716277763,-5.219632950161532,0.5324759088900777,0.06055536254412175,0.4103724761509451,-2.1732650945062097,6.389494297079615,-4.840827636522578,4.058480163623852,-2.632999466216088,0.18024634026194075,-0.5001339522726855,3.735234551128382
7468,-2.914905986770325,-3.0021678219037042,5.7941677855435,1.1772541287735478,0.5527197274077076,-1.6070678330502233,1.9971034278581499,-3.980100980109974,-1.1972204680181893,-0.23464243174650967,0.15740455442696089,3.2574558975894448,4.101760886609856,-3.5961138775686603,4.199279288933578,-2.0539516421032165,-0.25953363361988835,-2.3914410222509908,0.12479235105169195,-0.9496495623891921,-1.1757375368462046,0.42992299555077196,2.9094633374002967,-1.3387915847703553,2.177708514015258,1.3981589053254062,-1.7023306700306975,-0.07738627241892004,-3.7035379092892597,1.9073874324010198
7469,2.7298418626341174,-1.837677861144126,-5.412546480720451,4.048465115382125,-0.8199517487129244,1.2918691125617503,4.412178446817389,3.323152361677696,-1.0821890999771187,-2.8858696169750395,0.638087758754236,-4.405359850297273,-2.3967513868119834,-1.1661931688335514,-0.6173892396161165,1.3772190345108974,4.132268115652501,-1.329153354901086,1.6322334098233924,1.5631382996225884,-1.5666564888572463,-0.9111123003426478,0.43684545361005966,-1.154448373859097,1.81014928289596,-3.368033121399815,-0.4194102860089046,-0.14476439424798127,-0.8825901889162111,3.0046487076797455
7470,-3.4757128617851425,3.8338691839675043,-5.674922503024078,4.142326447623951,0.6052036099374578,0.5692361232807865,-5.988075761490286,1.3109143573126403,0.5493550842983517,0.704699051062498,0.8669129409232088,2.556194327893458,-2.488850599607712,2.4830975827068045,1.734571114579694,-3.173646114270241,2.0686689889085486,-0.6238409723164473,3.62129360512294,3.109265443496831,1.1072826166083054,1.0373894819948273,-2.1850788982051146,-6.690152249020741,-1.498750037043294,0.6058371888655003,2.694116794303099,0.6159319850624216,-2.999899018990922,0.5827630878059917
7471,-0.6100167364979789,-2.508904632788628,-4.6856206326280905,5.533941386995139,0.2905249642548786,1.9800756506651638,2.096981883075774,-5.800423394261088,-0.7549669445155489,2.557616793217047,0.32415888040827046,1.5766327820754569,3.1587813239666893,-2.105865612029799,-4.177886894803629,-0.5891132321262695,3.5114906341665346,0.20259378082710278,4.323952240810318,-1.6720072316746197,1.688260968737044,0.9805026314405758,0.8555288080879393,-6.176237417404202,1.4435670409136598,2.0898801805182856,-4.792946988237738,-0.773431487601977,1.2209617593085973,0.8119694951019429
7472,-3.589593363052824,-1.672163444765829,2.921736312907097,0.4335785582827647,-0.10669691684865867,2.0131388534779298,3.2111088370586742,-1.6734871339930848,-0.046104923583587976,-2.3476762940709435,-0.6252508578104674,1.4814103723992922,-0.19772014408296812,1.4180429577912612,-0.2846354696426694,-2.2192163133488965,1.4107461497123452,-0.12721718042843477,0.16482970161100852,0.5488561110080017,-3.1797646136514874,0.36538691402896273,1.3486988180400044,0.7519930689605445,3.7815076326394923,1.4524976571641197,-4.967249660777881,0.6303874664418352,-0.7909073603233434,-0.106235735141464
7473,2.091177246481873,-0.13570920269843256,2.6787913017068306,-3.7643368513213176,0.2508702065213928,-1.1207927006898455,4.764460346790951,-3.35189511383971,-0.43725462188249153,-2.538841856057239,0.8064257990599328,0.7571054459284419,-1.9354790414214502,0.01252991336752629,3.530057027408116,0.6036376095546778,0.11471296615210846,-2.3254584750603318,3.5180552804929697,3.2523166494055538,1.493658889487584,-0.2262592873807341,-1.8734993753627869,-6.164272156645588,4.873280167718239,-0.9022503176616326,-6.180884279636295,0.9946525123779315,1.568676914875084,-0.35347499767055623
7474,-2.3300988756716308,3.38435629813268,-0.9858488827583898,0.30314351341906587,0.6264470070740402,-0.9979990601952036,-2.890906794897216,-0.39648527750808427,0.9163628453639667,2.0311233890620137,-1.1856212308503529,1.5255270688295681,-0.6787315805103624,3.0039099229871837,2.9932190819948055,2.6002806595686785,-4.206000165708447,-3.7126779183312095,2.5204287834011048,0.8508939979288819,0.38677184726746106,-0.4483848613064012,-0.4633181716096555,-2.8463915956844232,0.9583295062367156,0.260461432639282,3.0564305948108235,-0.5005803100686919,-2.3799087004731536,-1.394732523142224
7475,2.729891510237742,4.460608994538767,-4.988585930273789,-5.035963462147116,0.38689674572245103,2.4471521419225155,2.7839199728891657,-2.678911251204717,0.039682013328325105,-2.9448180264290276,-1.1785178158092209,3.9786451072253755,1.7921034894026988,-0.1352186586316826,-1.8208025179632799,-0.7277649449946644,-0.6678881511236447,1.5595707833112513,5.1319695433694505,-1.6427843375303208,-0.06858831845783087,-0.6673943594317686,0.03277672396045972,-2.785979251913062,-3.6818119579882165,3.847644665750103,-3.108205347055769,-0.6124655245588189,2.550234912776002,1.0046032510794518
7476,-3.112381792781166,-2.236752881684261,5.1281162893774805,-0.552172331889583,-0.9871563475588285,1.76034706453693,-4.088511933343714,-1.3691841908611586,0.7753403417326501,3.460187679853661,1.1607468251274513,0.061421277491024995,0.9336405468566724,2.12694754739708,-1.746794648086091,-2.41446216464362,-0.8884668786387699,1.9891355971154425,-0.6605962663120479,-1.538655934028414,3.4112055009317075,-0.9382511045192929,-0.8970837883798737,0.6233815923048276,-3.6248235838477854,2.147107040643867,-1.8503223351444902,0.17561087337479986,-0.38909976728439766,3.541527772260764
7477,-2.8148766109072643,0.17201706519080062,2.3483064377885157,0.3785602017679146,0.12181064825073129,-0.20581774209012593,-2.370857927898726,0.2361864830474012,-0.8036992054332295,-3.6562604372874894,0.352203008419548,6.2424280791524005,-2.5403692601934615,2.3838888282392787,-3.4368068568637824,-0.8164281128006259,2.1503517071655622,2.2593636944536932,-0.9384715847461074,-1.3856181868061608,-2.71743269314355,0.23833544384400795,-1.8967538481973207,6.6999408690460385,-1.1699935701674526,-0.9695574347663367,-0.4657761836442553,-0.39249107264028993,0.20771941985130304,2.7900988413697903
7478,2.24600460580535,-3.100329487834614,-4.173121382344867,3.2522835218333235,-0.5571089459372054,2.3322716884786097,-4.23037208243818,5.179930090685527,-0.016586007182453955,-2.7859962814194414,0.37951864251890033,1.4735056378356006,-1.1922341150283913,0.9286139950596883,-2.933701883907151,1.5279414684963015,2.751009024057094,-1.0816284886768912,4.454449052775065,-1.56898193040257,-2.9588255419467426,-0.4946440448273268,2.146440655272645,-1.5784381908741665,4.704298687330105,-1.7398100811591597,3.113483076907766,0.44756415702878005,-3.1329122249836896,-3.3926236151210443
7479,2.012210270656027,2.0402225234992706,4.805350618582107,-5.807372328115207,-0.5633837870427814,-2.4870272975788215,2.587025660560066,-3.61110557334019,0.9260423148301129,-2.8790480164926233,-0.34966595950856494,3.3267515739511566,3.938623664087391,3.8807841022691463,-2.206471003017567,-1.8882884383782574,-2.3631732790922904,-1.3614750458677847,2.34423541815341,-0.14125950404717003,1.2918760574773138,-0.8339062395993864,-1.3689089850258487,-1.2920367469613971,-3.0200160950945403,0.11989235195486003,4.418043602811192,-0.005076271879141281,-0.23265748038235934,-1.2801861074072445
7480,-1.5349782269847019,2.8686139022983284,-2.6758333033310926,0.6330538553446665,0.8055444521700212,-0.09640067949662878,2.0747837572636456,5.7108617424927814,-1.0734308529082992,-2.042136458773582,0.6290271161555747,-5.299105304230135,-1.461581479986478,-3.4722362224245664,3.5357247617855094,0.3444055383039917,2.629233990540463,-1.5755465882183106,-0.23954550133488084,3.199303681806356,2.2741688515259,-0.8009141474269459,0.8120021038255079,-5.2450149883989745,4.3414588034885995,-4.7551918952192835,-1.5541619845328931,0.4701305166994114,-0.14046802655079382,1.6382325861177236
7481,-0.3351728507812606,-3.6892938613089648,5.869625619187563,0.8163371453552699,-0.4801282021658362,-2.181367850286188,0.620825220655032,-3.9093521332646155,0.727960640510922,-2.3080526586057513,-1.086933477169302,5.955552407873711,3.994344308217684,1.470217284163482,0.7006732620084364,-2.589765882107475,-2.821207708782339,-0.7542612634991901,-4.512395331560359,-0.5345838022345859,-2.4683799474762207,1.136924152976535,0.7816351648951514,5.596799763396454,-1.0782998011355183,2.295176182152371,-2.8140341179611035,-0.712640831713955,0.3993648066131712,1.9104337620478091
7482,-3.6216803262118127,-5.415835552966033,5.897297145797072,1.6576716556570084,-0.3944858326229823,1.877032910347305,-1.190755719884681,2.5393499067818333,-0.9777056727102336,-2.7508641892152106,1.102171348881381,1.2778043261468959,4.171129303817253,-3.980772165843163,1.166395132922034,0.6815540476643633,0.7173316693596874,-2.755637987919549,-0.8647873165392035,1.966273825272781,-0.5765942288777186,0.16807955068843494,-0.5470339544824068,-0.14593787606489173,3.1586459644890006,0.25337551419250204,-5.550454561877306,-0.07951531195400197,-0.5334132946193311,2.751361689771908
7483,-3.154983139737279,-0.6912050745309877,-2.568282721446444,4.934636308960211,-0.4241685584304833,1.904003185185534,2.706126208608893,-4.8148425986805385,0.12867839717192453,0.736995855965473,-0.8929121149050117,2.1359542518392374,1.449863904937171,-0.9395431303086781,-3.2695671968066122,-0.6975376827608599,2.0589802216656317,1.397803883273962,-1.2199152992903066,-1.5249657999314294,0.3522461448531118,-0.5396438307035778,-0.0629378558303415,2.9952166408995247,-0.774111890520782,2.6631940466187523,-4.514113723124087,-0.8781718173305073,2.95858311432179,0.5446202700376404
7484,-1.7350890922334727,1.0515843406891285,-1.6103293523661613,-0.2359326832494979,0.2105109262455449,2.319255860915014,-5.345857844295171,4.967506658028963,1.0510559343666852,-1.5253999473680047,0.3834633488162851,0.4692318504512336,-0.5762729947884537,-3.759039918123456,2.043339590780729,4.240898292666511,-0.9514314113055029,-0.9974935592292287,-3.1338536513468966,2.536500939067068,2.0690922586620744,-0.19187570519495267,-1.587872746261752,0.3080089050714321,1.6817669460871763,3.8838942131161858,-5.471967384914656,0.9023486349980239,-2.942989490654039,1.946947081370137
7485,0.6208489410266935,-0.43333585864191804,5.291024076246558,-5.370983683395433,0.9068980321597473,-1.0144515073950995,2.9290230274039217,1.3723951552537166,-0.4644430501057579,0.4901384150620114,-1.1675715835283618,-3.1595419640855447,-3.5072221837280164,-3.508243159816111,-1.021262941766448,2.644369498402863,3.8919625589337663,1.500396227974587,2.9426502524240803,-0.6967706991639062,0.30841221655553497,-0.38980463329057713,1.691367295323035,-3.855854431851192,-2.9385985339605583,-0.43349612234130674,0.4407087110880923,0.5675986296705435,-0.07086601963766626,2.4346533351837323
7486,1.7329977167023678,-1.692063514658983,-5.520352883435713,4.02315951772573,-0.6049362473653459,2.06119541103247,-4.985454898114025,4.926785904168334,0.7542122221330381,-3.5734579968457503,-0.3553538390069191,3.2332686076652735,1.2521604048277908,-1.012701836466393,-3.4566228966203774,-1.416236530274329,1.9290400552517895,2.70436080328216,4.547913102207062,-0.6846713178101709,0.8531754040599502,-0.831946822149332,-2.9660311776074373,-0.9184391887030934,-4.232362343434685,1.3837178740419844,3.043996762984868,-1.0302468409135757,-1.2215001410689936,2.0563946883932225
7487,3.6317883611157065,-5.419252558491156,-3.2304194498511656,3.870155439915159,-0.17910336116386816,1.3268315684758551,-3.4050868767309943,1.2845172580998252,0.7609469454975004,1.1303760017040894,0.44279997389276815,-0.21355330246319681,-3.2518362786767625,1.3745610906025192,0.6736054603057333,-0.9477991856861934,1.061099470846628,1.0903694426087043,-0.6553461927204083,0.7497939238826064,-1.7643719905734514,-0.4039108640026754,-2.8532441578492183,4.92707928126012,1.0113901636876257,2.3167504429114025,-5.27102891835867,-1.046657808078133,1.659192810633808,1.3303533092067816
7488,1.2358556349804815,2.430610506003763,2.1607684707222568,-5.890689595160644,0.8841825339311358,-0.8207275504765104,-4.223054388066508,2.0210670804711413,-0.8023235136928566,2.1880306547789736,-0.43257535083581544,1.2488555173450386,-3.037172646946537,1.0603188349975667,3.114562873161354,-1.7060851647263728,-0.7397533657161155,1.3081294692307495,5.677994925652115,-1.4654398981390617,-0.39445625090434255,1.2102020849282615,-0.7293496788685534,-4.298951182671441,4.0449808239415646,-3.765094070529024,4.989083793165737,-1.2064638516610668,-3.1406016900729696,-0.9219050048414488
7489,3.7115826831946173,-0.6639295735483941,-1.0610286873798955,0.2565238751325758,0.09172272686426197,-2.3348710242626884,-0.10592617747028044,-6.138607868511052,1.158997658865161,-0.012231743744683499,-0.1794972913344779,5.277265422195299,2.212917268499698,-2.161090131187196,2.3543760330714427,-0.6838466548081641,2.0275260815345106,-3.7498825971096448,2.950253104536671,-3.466102546412353,0.8864618961197799,-0.10634238392020112,2.094571912841232,-2.358841983168194,-2.4169278227533724,3.85307274628504,-5.522364828797297,1.0171076515878612,2.6716520293475092,0.39746022433303274
7490,-2.1181687974866303,-3.9898731029960466,4.37852304574734,3.308512247536207,0.5411788518374729,-2.1201722446378692,-4.794755974439759,3.8497989963364176,-1.146501681891972,3.248226200284119,0.29636537620966674,-1.4531329164984719,0.4842561898909352,1.1810687487148321,-2.44838607809665,-1.3423279565229826,2.1263847461831027,-0.0009956501685870478,3.118485052583978,-3.4607923773325115,3.348616913821324,-0.23281925739313536,-3.1154671144323736,0.3419767827496685,0.7464130888399332,-2.560727700282044,0.8550873166905504,-0.050267855983809895,1.3091784289704655,-0.29968327823231533
7491,0.9969410116080866,-1.7485055490184926,-3.4477170757093383,5.3488033331231435,-0.07039146195360457,-1.079130258049327,-2.7425764946474374,0.5576268019876167,-0.46377113504343725,-0.48259696330013035,0.07367612938987733,3.057641661613495,0.6404735460363646,-4.002947155385261,3.112706681659269,-3.430197862537119,0.3598695569882686,3.3200952332391687,1.4824571001365712,0.8361306493874245,2.5533923120553865,-0.38390513972883245,0.6427401653787612,-5.130815087232367,-2.8244448198363585,-1.1585707503194769,1.3717893744519642,-0.7978466186450692,3.4265509573825987,-0.01747814303088724
7492,2.6597757053254085,0.15277776552687783,3.0901374669798187,-4.995996573258772,-0.42159243633470256,-0.48510192823818876,4.287987778277721,-5.626590093745094,1.0051847045536446,-3.6244065952332676,0.635898446200474,3.3219257599464953,1.8225414539199782,-1.6970091250122419,3.3556867012658422,1.1045747310160081,-1.0726658440217243,-3.513127917167198,-3.2320437461225033,2.304179171943911,-0.5033599227352337,-0.4248914134550388,-0.6424960115737282,2.4986119219394887,1.9377148845307026,0.10226004419854817,-5.179066155798896,-0.4493610053110766,2.790608966630824,0.7978432657526273
7493,-1.4106256371255466,0.6713718484925302,4.537339500711916,-3.35111651554282,0.09773979248325126,-0.5447089890189023,4.129196172112504,-2.4389588067663723,-0.2333519995972244,2.661505667201901,-0.3113083155094012,-3.8070827174414283,-3.1646311403720464,-0.5669559478318789,1.2674113897651758,2.3119944356414983,3.6232591040075803,-3.4710778412096666,-3.946824177641947,2.651409666855372,3.829320453613576,0.5338420348780968,0.180974036525269,-3.2487220142334365,0.4908384846515972,-1.7764721167495807,1.641960091675454,0.1516613673482068,-2.2456663134412214,1.7376784865182415
7494,-1.0533897573081603,0.12136633878424874,2.596316263900409,-0.4851656540988145,-0.8233775093907685,-0.3557496818865058,3.356862366737527,-1.2217299062911344,0.9410290533318486,-2.5331727708571563,-0.8911524923371088,0.34816374941604167,-2.550809199381275,4.141052377341623,0.442602582902186,1.9345557260558657,-1.9745485560146676,-1.992852930903073,1.2118295283737623,-0.7235576136801765,-0.47004676807593526,-0.4897814939042213,2.8323678360109508,-2.360811488727432,-1.901540888531315,1.4337272411432131,-0.5016072456892537,-0.8386346803716904,0.9797064628625165,0.8283491105892367
7495,3.5451615240417063,-4.657422728548809,-2.0228681732565263,4.841471296834488,0.34580080847696326,-2.0521427275474062,5.775891810491647,-2.562738236709972,1.231291947048935,-1.7757336699889166,-0.8783491617590977,-1.7903626890825706,-1.7840061309937205,0.2064459521110713,2.1279894991845154,-0.9943599415658966,2.62845682202126,-2.184526200756565,-3.8724266624295254,2.1856593893478724,-3.0515743535830424,0.9333001124664726,1.722721670038279,2.0823198441569026,0.8418625812770344,4.721845115838647,-3.242101696173254,-0.854645744995044,-2.134036316899877,0.6670760609551891
7496,2.513212040751803,-1.8460513753425403,-2.7552878216617778,0.05047281220409516,-0.0697762313262098,2.1074305753750533,-3.877620040567148,-1.5518471168205608,-0.1759377585891544,0.5090997150212306,1.0321751042294043,4.064130096726256,-1.9385379263323639,-1.9941097209212941,3.0694638822613243,0.588790284051548,2.042153923001802,-1.7677604420603146,-0.329956328109386,-3.1639340402635057,0.24437886874097003,0.6261531127310613,-0.18364217447381037,2.80700056137162,-1.905213003352781,4.792698594377644,-5.966466464710116,-1.0656702734438577,3.2148211084667047,0.9298300386650773
7497,-0.13424165753395734,-1.2540100234997524,4.475338858036082,-1.7836162629194163,-0.5174750491571105,-0.7859958649253826,1.2393711022488851,-0.7785338575922545,0.5304477436995221,0.7337964882079593,1.1144896924245105,-2.839571168988609,-1.4525852649866398,-0.389617586231207,1.4322168409058378,3.8494908142443016,-1.6931513905420257,-1.746353413389567,1.6476613699970173,-2.037522136083643,-0.00031076985719380446,-1.0894355576819925,0.9912087945838479,0.48839829903893417,-2.102805980741696,-0.6646268050989121,-2.384541107843905,0.7723457472149073,2.8254001191866713,1.5542280272855749
7498,2.1946351144912697,-3.3600761168215563,2.9570950413088717,-2.6669153234247354,-0.4706372699552417,1.3458985544018738,-4.852520491773529,0.08859739671246558,-0.9726610259458512,1.7922101520511227,-0.9613775847772388,4.905751553733058,2.863592238540946,-3.554708961491343,0.21177484513330924,-3.3841416850392516,1.7646126132863884,2.0988709495706175,-5.561351870851578,-1.6841590768877168,2.4704599321070866,0.6003028819288474,-0.13939594065814198,4.314144074358488,2.4717632893243966,-0.5467327583329187,-0.401779153192944,-0.5788685704724603,1.7974714571929233,-2.741854264516352
7499,0.8112111357525293,-4.118374093620666,4.295427243425127,-0.23176140913853516,0.36677632434718044,-1.1232792007651682,4.662318411953379,-2.6276503716863964,-0.4552074480952424,-1.2592066915892879,-1.0506805126900214,0.730426612107582,1.413697193200484,-1.8135711285505138,-2.370084547562854,4.146773747777637,0.4087683839272245,-1.7855836487912953,-2.5747934198511224,1.717395904313559,-2.908214425215885,0.4915937103545289,-1.6341728388941252,4.908191069290037,-0.2253189678665528,0.6816026971541298,-2.653056778848974,1.207838578817956,-1.1828712364518523,2.171805707197926
7500,2.7839942374060342,-3.2896311949460326,-5.52064704446029,3.711624831961206,0.8302458207154055,1.4844133493241713,-1.4264335239063257,2.524408559127078,1.1213089092174906,-1.9774560039187072,0.8666931141708218,-1.1085210546903248,3.8886463318861324,3.4452081605466454,1.8764540961885103,-3.0979006844444257,-4.1263871569128945,-1.9860207472632716,-2.515082756961867,-0.6621522712226042,1.4477824818596794,0.25922438257096303,1.1205865891271198,0.3496415746236856,-0.7914887725803403,-1.55801136069908,0.4070666571716437,-0.028014242809677015,2.7827452725878956,-0.8122975536678201
7501,0.15174815938340558,3.750915668986405,-1.7477780690506677,0.5092938153691797,-0.9752450506175367,-1.6889345240702909,5.281678418064953,-5.941340137852688,0.9847876894804974,-0.8453707222330049,0.3301363584557615,0.1901083940845325,-4.217748174125559,0.43969256680899704,0.7533974639677545,2.2417200145780285,-2.685644571094059,3.468582699865525,-3.3106600716227597,0.11962693563781102,3.7159730226953407,0.39757807749679586,1.7526539869645852,-2.6751719511747893,-4.783433568211835,3.94537609015255,-1.2625244307878063,0.2880573783590812,1.8366868426997875,-0.02416231220917986
7502,-1.435707928408256,2.881990479457439,2.6495293894162195,-5.467647974376529,-0.11980331405712352,1.491639347968773,5.197479863167615,-2.6505273287097957,-0.8281587424262886,-1.5421295956795973,-0.7660175482573903,0.5893533519054976,4.009172010902059,0.5215407668410386,-1.4078614378166385,-3.7112030607125153,1.5224215627980726,-0.9340698420113256,3.201004860542497,1.327286669162886,0.5527817273921762,-1.0525029609870478,-2.119054938840419,-1.909515357273083,4.451294856659068,-0.20962629114405473,-2.0824923377430764,0.4704449169414886,0.1909994543539426,-2.8206205990647817
7503,-0.5984516073402162,-1.3810924816196604,6.067862015579973,-4.062434115427756,0.40863052418553236,-0.43451433537734907,0.11365238039629588,-2.9340640765003236,0.931934750507069,-1.5540694536546305,-0.018558994613070645,3.4611053938647096,3.2026881701035848,-3.6298589828185683,4.0350961528090465,2.287757694971564,-3.317136530461399,-2.578546504603521,-5.982519997089582,0.4474677459676766,2.6306354449943825,-0.8556474501611779,2.6883821865272033,1.0716820697584701,1.1505560975461968,4.556637978278808,-3.9616477613447394,0.7559916315091515,0.42794675781424374,-2.929484703801098
7504,1.9510435535480006,2.8820157489614964,-0.02559889481630151,-4.373911014741285,-0.06146876333455342,-0.3720806296168515,5.811739436473914,-3.4520702929264715,1.0293557152711958,-3.009934631490969,0.9556450336091764,-1.3347352609368066,3.3639839996169165,-3.1942190730243567,-1.1979750343369222,4.052056158565815,-0.4365938372236471,-2.5872522135970897,-2.7226400203128556,3.4946044593734307,-3.5303243583544823,-1.0356613750255708,-2.486187577529126,6.280208871845588,3.0126316471704264,-1.5630146679995676,3.4778056394565375,0.0977580907543123,-1.93764434228523,-3.0875363670938984
7505,-0.8881468410653124,3.374540753677337,4.2812801517132115,-3.9274649904043777,-0.7095976488270852,-2.1306114250932593,6.043754484212638,-6.088977965397781,0.7258882090717842,0.7076271992026797,-0.8370924868205396,-0.5511994402687392,0.259233403641403,0.7918656670958555,0.17269885531338147,3.572941815901917,-3.146384259717328,-1.6503554822344775,-4.775892908980179,-0.9599771655907592,-3.147201157168187,-0.8572175845970804,3.191025593483591,6.5492632228496035,-3.631387113972977,1.314051756998964,0.6535467633575749,0.5315527590634348,2.560817122136587,-1.428581287581009
7506,2.148706225503492,-1.1705185063803576,2.10446173113316,-4.280271273896545,0.12893413139475296,1.0686876922460211,5.328599264782973,-4.157999462261415,-0.6356039766747967,1.8732203345748921,-1.0871426011783756,-1.3210735592431995,1.9317956551330902,-3.788245226229531,-2.298388262157358,2.812902518032722,-2.251402749307985,3.593338064529817,-2.0944374155506758,3.1800054876477333,0.8683977344843221,0.6391120678198234,0.24740203130097171,-2.840479905705159,-0.8738744698388778,3.2097674906872804,1.4998042810763401,1.0834278385617138,-2.1434107225640187,-2.775714417919845
7507,-3.749588350360895,-3.9778322906800625,4.28027475974778,5.557125349789374,-0.3364554413311689,-1.773524027164509,2.747035736086591,-4.092492941323485,-0.7791690315994586,-1.1886545471038428,-0.9960936117211263,4.309374395661429,4.2386333317742775,-3.982354315783132,4.178811731995097,-2.225402162582631,-2.377539936887649,0.16785135148478147,-4.024549492616497,-0.11388610725411397,3.372308079437566,0.6558372248095852,-1.0948914786138335,1.2051817742343225,-2.7772403592681094,-1.737014440234681,-0.7884487039309143,1.2247833814447429,1.30673474722688,2.771185374764695
7508,0.019048374615726615,5.5298030936264375,-0.622624906886589,-4.297398825376185,-0.7011608475995204,0.0723331116206758,-0.8376386588146119,5.591194988648578,0.852713888628541,-2.982538402802186,0.2961243706379957,-2.9198561862981833,1.171461488758176,3.223314710366296,3.2925717638945713,-2.9687692997221635,-3.2092692564756895,-1.5093094068204405,-1.4919304590805247,-0.3284117508918829,3.2327475329047033,-0.8044796582332356,1.9599582429529807,-2.5678839076549593,0.9796166733529503,-4.007211938829405,2.2998662224392206,0.6147723134458998,1.8639077439920904,-1.7509510143981597
7509,-0.7544562625464515,2.4561834328341874,-2.146888025451748,2.604426454132444,-0.6522031334690022,-1.5070624654988425,5.827119636813162,-3.100700242728312,-1.0246807208131,2.7752184568969156,-1.1060451787938286,-3.370911951374726,1.971953209736757,-1.6564263980537497,0.8709226478500725,0.23141982263535965,-0.5774470865248276,-0.8404221956428799,-4.465601898995363,0.7072415405621673,0.008942465420442858,0.06517935039617218,-1.906604204310165,5.590842746923812,3.5332832866799606,-4.78495034014523,2.2041744318135272,1.0639309155323238,-0.46247193796498287,-1.5539663559130243
7510,-3.5354796511630084,-4.622746741702677,3.7311263410888564,3.168390543137342,0.5946866096892407,0.6640228989508792,-4.1747734075656915,1.192057030750771,-0.5377163751957781,-0.14349451903522237,-0.7084649512321359,4.372392222278187,-2.433474268627604,2.161232269625092,-3.689033532118035,4.123595726450031,-1.2997627029938457,1.1374425076650887,-0.05328218284514463,2.9973942063766685,-2.728584343940364,0.16541745423890486,2.77880057639293,-3.1597457102259163,4.983486471140914,-4.2672800989863315,-3.205549004028846,1.1661086801843563,2.812607331069948,-1.489373379377458
7511,0.257644310447942,-2.2256506491454573,3.2084115110477214,-0.5225026251125584,0.32524957545022826,-1.0431521226872427,1.5461662946888417,-5.416093626336682,0.6123664823684072,-2.9783311990879415,0.10563661950836511,6.130255428859115,-1.9802996111106115,-1.1775410038923084,0.35924251702497045,2.248944457963667,2.186439187592441,-1.6367855475774498,2.218564802335365,-0.17793865569063172,-2.4345966541533492,-1.000293895487947,1.8758129550589988,-0.4815485520653624,0.3393277866368649,-3.8228265171669484,-1.8705715730577879,0.8043237807768584,1.590001446099329,2.959745076714288
7512,-1.0482556496019448,4.0213257570562035,-1.466685179549593,-2.399272870613107,0.5829911780496273,0.3098967646594364,-4.762264369569504,0.9926171667884347,0.3240555091960706,1.9270427349743002,0.5460890514715349,0.9724599071392781,-1.3033822104559718,2.49925235645404,0.6995935016593755,-0.840184571046013,1.1382879449102,-2.1935670215209573,-4.17905593526724,2.646979318031491,2.2262484587341973,0.7786586864563176,-1.1867324943189548,-0.2860980336387371,0.8404454510276409,3.1299599730228493,-5.366664486633642,0.7043109656330042,-2.482014558685938,3.1739626556386753
7513,0.1245442425270138,2.040011361110377,0.13389811979026334,-4.363282600117476,0.3769676164730704,1.6878612602173675,-2.8419366419892675,0.5930998989461678,0.6742026987374077,3.0121973777710345,0.5270643746326531,-1.9646277080978862,0.18961913577608414,-2.874633663149412,-1.4619125400565043,2.657441242926236,0.930220335104039,0.5592654894002145,0.599583128679388,2.1942220776020136,-1.1484212382791394,-0.563767931874164,-0.761686389188931,-0.3199296469421071,-0.9220629430344438,-1.1420738035305185,2.082796363832994,0.11598286124526602,2.0600121836226677,-2.1946546621333507
7514,0.8111945652465433,3.495880253212082,-1.8864682145455092,-1.1320131710249264,0.5836953470700532,-1.872288779957609,4.724670194011761,5.050755789897334,-0.5231812195669061,-3.6348610280550133,-0.29889674531328225,-5.318486990973788,1.4632969531477968,3.251645216549189,2.0689384417775933,-3.7190979455490965,-2.3781251999103343,-0.6866574660144824,2.1871418523466524,3.365017552785801,-0.32755281398013025,0.7225184961936817,-1.9645806744599668,-3.9825444128889984,3.6041443681166996,2.1635892978190654,-2.6559762628993795,-0.8254499298938445,-3.6918200350417525,1.4055125619018405
7515,-3.050350993839656,1.3155351495510317,2.014418453694752,-3.5481657533911175,0.9615150669132513,2.3070480770723822,-2.083826486996866,6.192656774485474,-0.8879626814191939,1.133749793181444,-0.6006374617812531,-3.7539799374694915,1.585256081848513,-1.3242027254057582,-3.3448147244820046,0.4487765172802902,0.5819458289838657,2.0530390217758026,2.8654347920059955,2.4665315994090626,-0.9358563536830751,0.8004389992766834,-2.3735212285757292,-2.8230278084358567,-1.6767241447049273,4.763767052596194,-0.24304293574816427,-0.5789676198050122,-3.393129317081362,1.1280969647459358
7516,-0.5897272815752181,-5.505447041723926,2.8986075167045193,5.794249345991918,-0.14509652459566103,-2.452586014801006,-1.836352892166417,5.956479470972585,-0.08817965567458597,1.1176407638013934,0.40375005372227424,-5.55333774065511,-0.039945971960094084,3.6429760470982444,-4.244689766530314,1.2132235237729248,0.016241095909101944,-0.5878049282891773,5.632139107790952,1.036665623034386,-3.053939529953844,-1.0289621374900633,-1.017112207969312,-1.5687908554150276,-1.170193062596642,-0.2576276677284497,2.2093972139876215,-0.32692139612142945,-1.6064063668626982,1.1517512793242766
7517,-0.7081321865555825,3.644052186551054,-4.762594487784398,3.649164281704234,0.5634806427997647,-2.3859704367144676,-2.19722104675688,-4.1763172356172085,-1.2121794503698164,2.737807224674313,0.23545405119894713,4.612456456870806,-3.326299286653594,2.0123528800622204,0.32356726339823183,-1.006387188667576,2.6664736753872056,-0.6697073435257526,-1.4167970904433247,-1.954689689539201,0.5654220832604793,-0.5132406692107416,-2.9998985945073393,6.319203960437186,2.0896797397024294,-2.433233068810509,1.8958234741100988,1.0947282714252289,-2.4792771287703825,-0.16772128765421002
7518,-0.896889181734247,0.046554275465286565,-2.007826871116958,3.5907379495388128,-0.6708181309308721,-0.061758041221416704,-4.369436127510305,5.530279844826886,-0.9792672511594134,-3.1490113445857446,1.1195377404439908,1.8478971379847344,4.196173106125592,-2.9090097250154408,-3.8492712243390024,1.6898379582387477,-1.9894018008612484,2.8616716858521336,3.5880098273557266,-0.9707453149052974,0.7963253643762229,0.9183124412195705,2.0465193432426254,-6.37842166129176,2.7409610525978145,-4.503255520829489,0.18008229989123947,1.070244941401488,-2.933264196022659,3.4452314229642482
7519,3.11751831776046,-3.183538986936135,5.832103578702231,-4.99850831955845,0.9198425207157825,-1.6874171106832705,5.321119435277652,-1.4073329768313627,0.6067542957883241,0.27709048934266,-0.35819462141288483,-4.439436622164248,0.8341604922754158,1.4446298173261027,-3.279576581561356,3.693748661620443,0.26114771488152044,-2.954110104541325,-0.6926672688359581,1.3855677422448078,-1.0506501453447452,0.6943259108018305,3.18906172406961,-3.5256379629384575,-2.3330846933174527,-0.07371719956600842,1.7607414386529108,0.13123378824531606,-0.7314158551813481,1.2462425211692292
7520,-3.4914588400138378,3.97207258206436,-4.8475193271641075,3.526450597038675,-0.4527397172492049,1.2931947053247352,2.1343776785931077,3.790628391254131,0.41953022437902643,-1.8973682047736435,-1.0994076345173487,-3.347760454935127,1.8525352788192144,3.462175192028333,-3.814830769509129,0.229803290465032,-1.4000069293273896,-0.3296760624752455,4.229310251054596,2.6077237838878844,-1.9334254313255546,-0.05035342173716728,-0.20240573461238043,-4.650849447270279,3.541254885819143,-3.590856620355428,0.3912502540209353,-0.7192347334985927,2.058987930536869,-1.681401716520254
7521,3.283090525738274,-4.49895463985062,6.238844564278196,-4.156162495469044,-0.6986508498872599,-0.16816710480892105,-1.0942676234642619,3.8798985314220182,-0.8740128430339258,-2.275415514181004,-1.055662163872971,1.4194596131303143,-0.3045837835367635,2.000676375491601,-2.8694548301339786,1.1755751928752076,-0.19415035918190426,0.19193740448668528,5.081070248164924,-3.1648388002116334,1.1956317269935894,-0.36946625891811724,0.44486480924973115,-3.1872617252813917,-2.5558043329360167,3.791859378137282,-5.219815188304281,0.9669515368849471,-0.3986877648867253,3.41549637110748
7522,-3.0812643714519155,-1.0191763655796358,-1.2860835879598085,3.0356816433279725,0.9262130403005782,1.4246296413634258,-0.751784163606942,4.793827195846735,-0.8408143524411393,-0.6307650087703642,-0.6252310850919356,-1.9452325859361892,3.7880940562108556,-3.6048771978687313,3.838326689530149,-1.8601179305838151,-0.448573410343986,-1.7128522069436425,3.7586076488430216,2.987600300672227,-2.8821791251471005,0.6408001706809756,1.7268994029496945,-6.231728398001689,2.4343784515538935,-3.910901294665848,0.5890993121184778,1.0639437758583918,3.2555194449761835,-3.4320396898384367
7523,-1.7654667146221286,-4.4138460075082335,5.416685230133588,0.41250864809827803,0.46280394562682403,-0.11268510172773105,6.109962813496654,-2.426579486833454,-0.4197418161004691,1.2361163516056592,-0.6917035978658408,-3.808054264302349,0.3738578768192724,-3.966453969437829,0.4862985643382025,3.9059461987475466,-0.8834282507369231,0.08377958027055676,1.1891845061715784,0.8064532075077455,-2.8331390736255138,0.2686126516579055,2.0577813875557673,-1.488892679270375,-2.424444714928576,3.458460968505353,-4.408801183203625,0.6529624142930599,0.8181668408702212,1.9036556744662327
7524,0.4813830109165327,4.94096816396269,-5.3257861296038485,-0.3318563819452862,0.740675028593818,-0.5053836919233188,-0.9113886484574287,-2.652468701399858,-0.07738462989207306,3.5441922634301264,-1.2125160766629528,1.309565792982358,3.5421861543946918,-2.313760829019426,2.8293616456914705,-3.384323661359474,-4.031373881417377,3.3579105717109314,2.745185418660199,-1.9294655143365524,0.12571725482935037,0.4778201839806826,2.0001940009861254,-3.4194513441226704,-1.0076346865088013,-3.6975778162504653,0.7052449103035165,-0.6455166126679543,3.1095893725531134,1.5358948325732449
7525,-1.2946781507226337,2.3550666180704383,0.2834850984758859,0.3531699098044996,0.37375759833613653,-2.070801073963726,-0.879387150103419,2.1873654545321664,0.8029897874214464,0.906236987707322,0.037297486552967385,-3.0545025661103296,0.2057721747278194,2.5132247290031593,-1.6150633896338888,0.33471119776081437,2.1505553775280077,-3.589200089385084,1.8862227995041536,2.437583430779238,-0.014755315602050345,-0.8033247400805585,-1.7232413646993159,-1.7824848099043393,3.7265971652781715,4.511056545324092,-5.330266475878396,-0.5846261491453228,-3.1895195223197863,0.8667584367438739
7526,-1.679037422685436,2.8817773658434866,0.8207844624992084,-3.324466398104498,0.36346332389638647,0.9374786685514636,-1.672534537648712,-2.529158587007057,-0.0956321129034583,0.019101286515180504,1.136452928187488,3.141771022856684,-0.8374044039760911,3.1294128348238246,-0.027242319198542475,0.563939679497949,-0.47479782538625415,-2.353907965760028,0.38401502466162896,-0.871731017884871,-2.7241321053706233,0.5187180311671602,-0.6944187983925048,3.38754886581631,0.9988375702437438,-4.1899176095654855,3.3889158246619964,-1.0066130625905965,2.673557090826794,-1.8647798135738132
7527,0.5834228217678366,-2.4808175646549024,-3.1112328355955903,4.201878919688774,-0.040453465277533684,0.8472021240720302,-1.562668653215102,4.9154428769575205,-0.34323991570554835,3.19514778347812,-0.8717638416730962,-5.3329182498418,1.6936502299338727,3.272574066920445,-3.2800481218787088,-3.021119383932394,1.113623322740576,0.22131988621706888,2.685386965342456,0.8560145613037147,-2.768848986964084,0.15307654636825418,2.1178069567373043,-3.0434360427905567,0.18684772644761338,-2.2496971913201094,4.103843746149327,-0.49877085692641465,-3.1140141286945333,1.5717907043467605
7528,-3.360164607608999,0.12612463639300486,5.183489593765987,0.35751695965115715,-0.22547532124536818,-2.0814912609551772,2.3999716591827784,-4.29910702570168,-0.6971107834843027,0.3702756077306031,0.6302453182050272,1.595725224067671,0.7819391070675472,1.1977704502233593,3.220844953011639,-3.0795425249213846,-3.206577430196944,1.0855654448166412,5.401973195675247,-0.09151649909737714,3.1189155880789734,-1.2388902553066976,-2.1824729357712904,-5.008009093581791,-3.411017997385084,0.15936736142232988,3.0279344294992576,-0.576173359639653,-0.021493660705107942,0.8213832268108874
7529,-1.1591176408409307,4.2700520587139295,-0.8302514036923192,-3.0296850234499395,0.5225886515716347,0.22641335769821325,2.496958800947727,-3.260588761654393,1.0502570600954808,-2.842407968423913,0.1800610941221068,2.375719774913083,3.5654499340496137,-3.7572244150247123,3.3790804910627372,3.2407504547585972,-3.602752117683078,-2.825304347162314,-1.7621479146621546,-1.175051390080604,1.9623257119325572,1.1869140424013835,-2.146435101625805,1.9343946520316955,2.503058758958012,-0.6958559076641606,-1.1933906356675799,-1.1306947843488082,3.7373460987318374,-3.220463530006688
7530,0.020888027681140287,-2.7628497484289056,1.9266873535182256,0.34432792636294707,0.3644306109993005,0.10651582986791475,-2.7691796888632645,-3.7889574198262572,1.0986592447762105,0.5963174758718583,0.6196131251541175,4.2435472628874145,-3.2175827062395435,3.282349147931747,1.2412211738886363,-3.7087780137939586,2.3978176117091863,0.004972786504787052,-2.3961707437130926,3.1101260627396243,1.4984339082399067,0.24666880680600567,0.8585448004620186,-3.3176028345374,-4.136388078862456,4.423002968326969,6.071442289863665,-0.04941571857941618,-3.1005579587114678,-3.2080835020346683
7531,1.5341527826564487,-4.892962903315226,2.043085974065942,-0.48466345118431775,-0.5625141041544099,2.362901701932193,-3.2377472427841347,1.4542363996793277,0.4129111576316449,0.055004587818764605,-0.9815434300874797,2.2971385277419607,-1.3852692254500383,1.1336667565633398,1.5324234963329566,1.6288620274764867,-2.3572359803992438,-0.5524470745226697,2.992891634595871,-1.7895768827220628,-1.1937150944849417,1.0394916952164523,3.168956743427291,-4.218048096035531,2.732639526433978,-1.4626239585716156,-0.46417480508898734,1.0326029198927182,0.5911525103019066,-2.4295961929653913
7532,-0.2459001382298176,4.645630717775873,-3.7874751108750537,-0.9752541645312256,-0.4388642173408521,0.8018629132017114,-1.7110977278566715,3.748311559922346,0.701724622365929,-2.2708949968289183,1.1635416360654824,-1.6315850936681002,-3.360218298520005,-4.189682853294565,1.2639037363983228,4.2276381006162005,0.9508625103480455,1.1074968044528717,0.01666456992564136,2.408709139583923,-0.368558323638819,0.7898513448658306,-2.3081819480644032,-0.5384847826751091,2.0147950099806735,-4.822175442088193,4.018547007660178,-0.5654643874791425,0.24116101497131304,-0.8868632030422479
7533,3.179172204089838,-2.3825803299674924,0.4646808048461608,0.24997819819435207,-0.08816316373891486,-1.4230877134232802,-0.08195412499759058,1.381670955680633,0.4785428736293289,3.3144673950897356,1.0009815100338333,-6.093708609435879,0.08933096365595361,3.8567476018471716,-0.7430423005905631,0.39163934791116617,-0.6426785488612694,-2.951997063961599,2.6006887608203435,3.476103290458795,-0.4235060102978139,0.5299817381724248,-2.4257880153656703,-3.757479763791043,-4.22609259168323,-1.2079697080866865,1.6676077698369518,0.43420968065792387,0.2552265782819685,3.0770182709956515
7534,3.1554909345752193,2.060712579400473,-3.088006046164921,-4.459622231373132,-0.14975139470849919,2.4811761582714986,-0.8051551593998418,3.0633795491181814,-0.22432213379440036,2.520986688800612,0.12654212747992233,-4.681431072204443,-2.253591764170533,3.8408958843019008,4.229225547691616,-3.1993385656264337,-2.686861792676998,0.06967069048129204,4.542899274269473,-2.0400797418646643,-0.7004858464854227,0.8779455810847061,1.74896877501771,-4.429248042024774,0.9867280802573788,-2.8806330758964087,2.5596919139006573,-0.5980013009181606,-0.2930183736913161,0.22523275635040818
7535,0.4622873092389934,4.943063404253653,-2.3231795419595045,-1.4715110260027728,0.7596110883036089,-2.370271233833342,0.5122042920413676,-1.5222057318489846,0.6089492378628556,-2.2898659749557826,0.2635095233733944,2.4274086535272055,0.08356192594703771,-2.7349192604803125,0.021454854144021596,0.11742848132456629,-1.0462718288685355,3.558745827934075,-1.0703008185377492,-1.3410481067735436,-3.853422801431016,0.8359446218510671,-0.5423759210485759,5.9712030259368305,0.15124480928711748,-1.8737191666483923,1.3679740636406024,1.2219999166842612,1.6094387218431194,-2.47693834480415
7536,1.4265967384320426,-2.414857200702503,4.494903601044257,-1.55611129338741,-0.025186758842416612,-1.9253450865433024,-5.775538085372077,3.7677965201029053,0.9354123047358751,0.14057531519525313,-0.8565989443388595,1.7883528896769505,3.0729543620315383,1.5282408401585315,-3.8471464462598366,-0.18034720365539414,-1.6834696099229625,1.1097680576489743,-5.088309351372089,1.1516330492615445,3.1902260985484823,1.081778305800051,-0.30002598630700916,-0.03530211593395194,2.7751435870985333,-4.586632952736945,1.886025611834146,-0.334470127209908,2.4642398396204044,-2.204305958603687
7537,-3.421841800922648,1.5562946832958104,-3.43274275930721,5.080058919589238,-0.395460680551869,0.6136916378973591,-6.241370664377122,2.443020450567083,-0.4661870055078454,-0.5674209671880366,-0.43415896207300175,5.266117148578989,-2.3964014764140575,1.508804748244458,-0.5437781538141131,3.8371515587292606,-1.087293572049294,-1.3184831046953924,-4.456785161540651,1.9347654783207968,3.6631505862615583,0.6955599828531298,1.9649567074241592,-3.8016475933219596,-3.6841978385910608,3.3701970440417774,-2.552147944796438,0.9339795023596,3.664114622518042,-1.7319453855294071
7538,0.6453644668840575,-3.125478967879303,6.2049967369155965,-5.433815768312204,0.5927278009594907,1.116205731433034,-0.07511766396065056,4.409915676294265,0.6426853704669107,0.8763717340418467,-1.1501930770816293,-4.703662039760676,-3.0114387265528073,-1.572530200790471,-0.8094146086617258,3.31275467734325,-1.367948132076771,3.44857699073939,2.82616492851362,-3.2391370876291763,-0.45831626749752985,0.3009603656086348,-1.1101806579923483,1.6805087189938348,-4.9379361530115915,-4.274181888635589,4.207993023296083,0.8053856355852966,2.9069223655517717,1.2918170172165233
7539,-2.329980707458187,0.8845606086104851,-0.9883737810732107,2.7405414608029837,0.03642261428218241,-0.3431701951636086,0.8583837438037882,0.3068399229926868,0.9264912306061248,-3.5740659863403703,-0.8888157702733075,2.3711668592111543,1.6061028369602361,-3.0774042191746886,0.8108900424010912,1.3404610974007554,2.587664530380991,-3.2677142879674985,1.7118819942591585,1.4916974579415339,0.39882837281813366,0.35657581928183024,-2.3912576617253265,-1.5677259825783096,0.06538069931411528,-1.595975542312143,-0.8796883008115124,-0.23620507812263547,0.9902775175483516,1.6562107043863143
7540,1.1826380078813123,-5.662682198770401,5.441398701514835,2.090114428941664,-0.6765223325238372,-2.3749466070429435,-4.8183070290966725,1.0268954380227342,0.7160342680942575,-1.073530678660049,0.6491908335598575,3.4997171680799504,-2.4754160035623762,3.682956809533927,3.1155288701317865,-2.448505230924587,-2.0894241869158705,0.21485974173800848,-4.203122549835207,0.5229148750768431,0.510443932891075,0.25602261609899735,-1.3690578227240149,4.282798948489283,-2.758718490912358,-1.2641170204602652,1.1531599043148297,0.3467978770428397,3.5879383705953636,-1.0650606405778973
7541,2.5188287460850596,-3.6555915084761317,-3.9753982811735753,5.58408323042665,-0.9062147035750334,0.43429251671368974,-2.3408084784675296,-3.418468396643945,0.61746987389557,1.863964553225415,1.0177388518924113,2.2601035960981477,-1.7208403961855865,1.169814200177651,-0.03960859842666764,0.8136801724117824,2.1266116302453213,-2.349657008221632,0.9286706795439876,0.7006557236771478,-3.3626436196296474,1.0698410247470367,1.0019049725086155,-0.33842878085015826,-3.2117203722379024,2.2766784291750177,-0.2588973418323519,0.5474830219752418,-1.2581048117761355,1.9045610746986554
7542,0.44464060401639927,5.162713152866299,-0.6566980451703763,-5.269014130573936,0.7608482605197717,-0.44248984165749405,2.4024936942168864,-4.689965569109283,-0.8378862342859206,-0.015116881999864162,1.1357648808602017,2.0047101103180296,-2.0938321433858302,0.4103942725012537,2.1516154438501083,0.07195657002288769,-2.342374382091416,1.8022402391038597,-4.0624571052286775,-2.3258345583018,-1.3644252753193715,-0.6180322934657729,2.090496744110082,6.280252488202493,-2.038123500026437,3.917187048009257,-4.541347911889357,-1.0350718273888466,2.8171359863784,0.8802202049194943
7543,3.5676796369989034,-3.623767874232481,3.243402061234338,-6.224586757965717,0.7933977927929661,2.243875141172637,-0.7241717700368042,2.951013761293133,-0.4248978230971874,1.4120463902272533,1.1485510509756898,-4.362541609362022,0.734634665939339,-3.140147221876596,2.75383237186875,-0.6601826909527517,0.21988119899680214,0.09198167602531271,-1.9091110039327077,-0.32354289096170064,1.2180951895471779,-0.12748377716323844,-2.095297408817574,3.237339891325014,4.268740231257201,0.28568293361259833,-1.8229821359097151,-0.03924194176310536,-1.7777643297975914,-0.9144347573969149
7544,3.1678377931494843,-1.3089681146666727,-2.1694917344352227,-1.7920665105786568,0.10918926322824252,1.9934993033034534,3.2462143442827056,-1.9532579781248032,-0.6772719786008565,-3.0611869483304197,-0.8225713287977934,3.2680738895712764,2.336344567497978,0.1913972660061276,-2.3980321837998897,-4.2190519547245415,2.253499621368544,1.8358426836526718,4.0781528474028335,0.6295282323220093,0.24214951151867226,-0.815823219446469,1.709588035242298,-5.843595407042351,-3.4555059704750164,3.938200028302955,-2.895305881013485,-0.4444099010537048,-0.8824694235814796,3.739491147823223
7545,0.9070587430018495,-1.1137818404791489,0.6608462017510028,-2.8740422108700834,0.3329965879483172,2.086922518648688,-3.598692129309562,2.318003637821093,-0.27304930230072255,2.697794080385904,-0.043216584383954704,-1.1008397022126353,-4.242681130371832,3.0625968258936958,-1.043681116596895,0.9741065392864172,-1.8296631292337242,3.0793220110232227,-1.3478848392129414,-1.9502182702303728,0.25533483347588515,-0.11132015556644514,1.4689561309343535,1.6851323005965249,-1.786316049179593,4.154879477837877,-1.1872653232035084,-0.811440439958468,-2.4311388799857774,2.0612812144919666
7546,0.6711341818539491,0.27557796555473146,-3.2458014240343402,2.1720747753446794,-0.31156930546933537,0.4385838067509429,-2.6092458319459517,-1.6832392660931532,0.17553145393559078,0.15531828294485983,-1.0497703015620266,5.011405662720829,-0.33610514683027404,-3.550661747509098,-0.682797545889045,3.1716425135833823,1.1847356025692086,0.213186324076732,1.5025562558070646,2.1349301748304867,0.8661846183343194,-0.6840204514243569,0.7898561074557371,-4.609506705006236,1.9900904782612372,-3.1832508521262852,3.468529593942108,0.6511569080308632,-3.5358227913870266,0.6092966632816061
7547,0.38337448629127024,-3.264099044622455,2.685830510923001,-0.34053664283111473,-0.13700028134652942,0.6724309715864614,-4.581516173764086,0.5415721247763301,0.6852959896214443,-0.8140600390443495,0.7239950112373101,3.444713087173536,-1.0011123811700102,1.1767331025946213,2.811577520208367,-1.3491446168607446,-2.592319926161686,0.9542663013903567,2.722087129660366,-2.48117557103828,3.7290577009604853,0.11011194083276354,0.32820350824466793,-4.408284708662986,0.18643391942933718,-2.1222301047398844,4.493005736035755,0.7886208662248215,0.3872082198613107,-3.73303863680883
7548,-3.002515345861994,-5.3842847339711675,2.1441579541259905,5.761132974856995,0.0010533877216674092,0.4804557631291484,4.445427015448349,-0.16447732859809605,0.5554832599485584,-3.379428037755078,1.0073486920440846,-2.4643536010876375,1.4895070565926076,-0.3799903811828145,-1.4023265532332072,3.9493788406741928,-2.7575660316143438,-0.8990029312355059,1.109990882113955,-2.6541256745250994,1.3501174503100017,-0.8939000863935922,-1.0388580198017863,2.1267754482935324,-1.31224069042905,0.013757268032183134,-3.0511347834569236,0.14207504922167313,2.8941104522274124,1.3134327044072123
7549,2.2714831160064612,-0.56088282721268,3.6836804039205227,-3.9220136532721632,0.1812286410683246,-1.6534956805098115,-4.382923961737347,4.027262366268065,0.8006788082341467,-3.172950866474757,-0.8398549929990811,3.5677886467091504,-3.3384709495051546,-0.40180065218685,3.1591238047719195,0.20858482765586928,3.059374079665961,-2.6868111104008054,5.598396120399894,-2.870764001247176,3.7795763808411564,-0.5143996839284881,-0.6399106774800192,-5.3528981385883405,1.3317397499145578,2.360219207562544,-4.728567664038181,1.139352853559508,2.168075609291691,-2.270819756287615
7550,-3.419003138969419,-3.840612298732225,-0.27686944284406323,5.304243336614007,0.6768947983538642,1.5553467455784347,2.990500894606921,-0.7534225226456179,-0.6519246703050694,1.4397459033098592,-0.5253527539986313,-2.4995468509672882,-2.2379652448128695,3.725365060228384,3.254731887612852,-4.090066268254235,2.261108809937916,-2.9131742447111098,-3.1336409102788103,1.2006315366415716,-1.53173788881816,0.019132722624883414,0.4350152674222194,3.0105992724052975,2.8137913263840773,0.01111730338833894,-3.626987636874521,-0.943010774809812,1.095066117648905,0.6500236642655111
7551,-1.148462081515646,-0.20227751794913829,-2.523283321302305,4.805894813333428,-0.605248978664561,-0.3266229139011916,-3.3668461209988827,-2.9228775492900354,-0.1911515159928019,2.349023703458169,-0.07631954632145277,4.2081710291452055,3.7009645099626027,-3.9853872180409056,-3.1151067941093853,-2.4439734705358642,2.1036148369219347,3.739888135802566,5.962622982152428,1.0895734224998073,2.1243880053998154,-0.10337279962720558,-2.5497224139176904,-6.523489196510141,-2.3965537619024104,3.126062450412501,-1.4931595055308264,-0.3704044959519166,-0.2881440835503639,1.4221993965255315
7552,-1.7467402929757299,0.8577903119325399,2.732390126225784,-3.2650951876278853,-0.7436596914210314,2.1653147338668948,-4.055878307056663,-5.385963994280726,0.9492199130766261,3.5597346790184083,0.2455666533190124,4.687321055923547,-1.470954555999258,-0.3105460611972859,3.2138929373063796,2.876399119038201,-2.6676101274482527,-1.641181311698828,-2.0772616679023486,0.5005342258709078,-2.8096331153758936,0.22537841634162525,0.12855185222612597,4.0324302888365615,-4.799735932969959,3.49668764108047,3.0869194897580314,-0.5293741094901696,-0.8068204859778696,-0.44767660239798346
7553,-2.37551624911476,1.7175068037208874,3.065942306469182,-3.9643423199646968,-0.015803160412015016,1.5722126193019488,4.856809264452181,-2.4625598393611448,-0.07100496369360965,-1.2610941219102276,-0.41979296563717217,-0.6423573738498192,-2.1932658048033122,0.12791518402462643,-0.8629970713929005,-1.7147828123258861,3.459660595772366,1.1834699087260283,-2.7796862658912396,0.8631840836791547,2.3092043379827807,-1.2265951474561247,-0.6527344499514971,1.486627441633921,-4.02638864557909,3.458088119810654,0.5764679460283411,1.1559544423865518,1.051096247533124,-2.2152181101770836
7554,0.24056622548262396,5.059730560585692,3.5904273869888605,-6.031799256239825,-0.9554508685604772,-1.9034740482563244,0.33634206620615714,1.942355675221659,0.06860555055788709,-2.1672914714743943,0.7672519144408971,-0.9472637349519673,2.1146282921484847,-2.677831286252891,2.487945796806205,-0.1560549557864377,-3.215313911802955,1.4466260648885303,-1.556326173351163,-0.1586001521988436,0.9516278349562306,-0.8829446098815064,0.3081454480784931,1.3380976523938237,-2.6220881878909275,-0.6167631136010989,0.012306150626670842,-0.25490008490707083,0.795249001892369,2.686196233882537
7555,-1.548126245947259,-0.6329904361015259,-4.498921246823592,5.23006387883175,0.0644999016753176,1.3854741483658586,0.022717329394243535,1.0745296401194224,-0.945737275866172,3.1322800470083223,0.31710389673530415,-3.6008936373909,-2.1500333496307498,1.302674150830132,-1.3699247107301247,2.9407417818013215,-3.2300501746820682,2.5065923024124217,2.372930364482688,0.9590672314666993,0.2709115106394471,0.7532980987047031,0.9204374806203646,-5.27664468591686,0.5153262370084342,2.7308822742382546,0.38513308943309,-1.0619563621822588,-2.5979118424680934,0.028526603973059395
7556,-0.14797298112861057,-1.502151590896549,5.022239000625994,-2.591030810356475,-0.4122030394112297,-0.36888057883255776,-1.1861049959735723,0.6535332262362807,-0.6273443738633855,-1.8904007889860406,-0.6914885690733898,3.741805501660295,-1.3425616899538895,-2.5660414032796766,3.5317664765903594,-0.6392969266071127,2.3346117463014338,-1.318478203050221,3.1478690028385543,-1.0150843304082802,-3.0608992813983207,0.46041015200148117,2.589502666469169,-2.1217982095055703,-0.6582543209079148,1.6707858943782732,2.385115891761469,-0.5789679692369214,-2.5751719287620016,-0.24350756723041123
7557,-2.696711584667133,-4.037815622959968,0.1520112267154481,5.553551673811729,-0.6850848150789568,1.7140491221794498,-5.545903540423154,-0.03078190772067657,1.0238009255967837,2.505432574442807,0.7957193380673102,1.2517326100371093,-0.6964873671424137,3.650718119989623,-3.4714871016933717,-0.08634594993412037,3.3593203109564165,-2.7557180121752154,-1.0992752719871532,2.0501875447598934,2.4412422619818663,-0.6625404030450284,-2.924620024798248,0.19500589308573169,-1.8202752641659146,-3.5968005806930954,-2.3201632137743893,1.2235247385119292,3.7191338886807905,2.7945804314432046
7558,-2.769117017644424,1.2146494523045952,0.4854726354918526,1.6540013717018418,0.3813081062741408,-0.966314548127416,-0.5359423323231916,2.1357539000520447,-0.19576565819713565,2.482622744379107,-1.1113291818356785,-2.7753394720749682,2.73966329496065,-1.2500259715131392,-1.456787426970406,2.371081922301567,-0.699235099072876,-1.704696719704888,2.6283912773893903,2.2604220683076655,0.3745048208750461,0.12575247192087158,1.317675054012808,-6.706745692508704,3.997170365763882,1.4525426760956464,-5.820138799537315,0.5970049147774326,-3.6969687420538975,3.470389584956795
7559,-0.16994672927176424,1.043391875317237,-4.813418234209401,5.140045747284198,0.09847526459933675,-1.298547923719017,-0.384616935890719,-3.116630584276237,-0.34997896175486165,3.127734359326297,0.6929040875724892,0.030588035023207283,2.6881032305958,-1.515696804410572,-3.0362222910434173,-3.0294918467482788,1.7810097985262452,3.1122979130811537,-5.2182439930931,-0.15109874835419745,2.9799584175926057,1.1155208062681794,0.9741283349850463,0.29973518259854615,-4.7520353360374905,-1.5964736111631588,6.0405825727034,-0.6682988413150897,-1.2606369733183556,2.236862189133209
7560,-2.4133784024081297,4.588899541756803,1.74162706244336,-1.4095639981718762,-0.6801212236386418,-1.8274629799809574,-1.381467578882802,3.1221895213736026,-0.9122021838846877,1.1207229182911078,-0.6504954488368808,-1.298747228060158,-1.7324630568048853,1.5065151124875662,1.5904592228167083,3.8152204847429516,-4.047927535753688,-1.1318042274877271,6.173571269293735,0.1097846998003611,-3.0804536625447874,0.11848216805976453,-2.054923674287556,-1.2664608003244417,2.4082869563864655,-2.822577365396814,4.927385701549749,1.156665531844987,-2.7065922451322493,-2.9631685792496256
7561,-2.7779884645410498,4.700489573917789,-1.0816620015306135,-1.3218860193459996,0.5119628582477724,-0.03091594674734388,2.6748827965273527,-0.4630510572725832,-1.109386960847472,2.4380982884785922,0.7486779648980812,-4.289221031783796,-1.1403199876288674,-0.4367339984087728,-2.857982307405207,0.3260362399389898,3.650134611593046,0.4588654419117617,-5.855376222253124,3.3742617352719257,0.7054307493602501,0.6021126750758654,-0.638962423214041,1.812533485756198,-1.140387656876733,3.6656796504385447,-4.456637211733003,-1.0758846938562838,-0.46254374563632616,3.4697736576663374
7562,-1.5833848646005855,0.38961469692759465,-0.19755823903982161,4.651225887477231,-0.9287148878211244,-2.3311825929427297,-2.0649625266413487,4.706375339105552,1.0020322673355153,-0.7084627148871085,0.476692630652531,-3.411674995565008,-0.17451063595014915,2.0506516111548265,-0.9445150564576288,1.4919239001013906,-0.37454624481746635,-2.049003574030028,-4.292019177725752,2.9692092491124242,0.7879635026355309,-0.12697265553536763,-0.2561647022743063,0.9179837837845142,1.945017453077753,-3.6101869455334743,-1.971568668997044,0.5387185663820269,-0.2885513500609438,3.386570945134249
7563,0.14792114617415741,-2.54219171657353,2.1251137146581023,1.4591701920819666,0.8512155342000183,-2.041228870540138,-2.575159914551552,5.995818744634153,-0.21900405262693745,1.1650602327736443,1.040203419632328,-5.4069184298615305,3.2655173800853206,0.7621657492758622,-0.7420691312504566,1.1529455024567206,-3.460151355727726,-0.9784081448388022,5.803280953622075,-2.3768062048744465,-1.4381512484465162,0.5448795136216606,-0.3833514772227602,-2.149851536702979,-2.6678694635768174,3.4386961047521325,-0.8390434495047394,0.7668060337308056,-1.6073877964853889,0.9087985710866153
7564,2.5462191084364854,-4.277290769604367,-5.230475638743343,5.025237296709456,0.9746917990312158,0.9616182041711046,2.0443542251253994,-0.25466447985130714,-0.1169149908464604,-2.6780020813027345,-0.7118016668039377,1.717028993679154,-3.6686006625808467,2.760411316455304,-2.5693599683919928,-1.6324394464045717,1.3925442953586753,3.717444465564366,-5.188538143934544,1.9437949336070748,-0.3712974386700232,-0.7884620393295059,2.1413257058569073,2.263176982467101,-1.0691812807605814,-1.9860825398032382,-0.014338721586454994,0.9061272058049425,1.5818546310658412,0.581620705282095
7565,2.5441261239581188,0.0016681062989007955,-1.2866066833863172,-3.6048764399851656,0.8217137503026772,1.5239751428123558,0.3195190411128799,-1.9762040736987885,0.5221482917068014,3.093554997928674,0.9572137766684152,-2.9162320337178507,-2.129080842505868,1.175365473003545,3.93832598878317,-3.8293934367735076,3.7236395435385,-2.8788567260449387,-5.2096356151516865,3.347441431272845,0.8509197178141719,0.09302394713929196,2.8261639206274083,-1.9079134017049952,-4.374375482915882,-2.337566968287316,5.8059158314237465,-1.0984560623088746,0.8655929557554778,1.1388897263354743
7566,-2.9454337809519,-1.6095750221356226,5.43150358754038,-3.1919612493838727,0.35362301111623395,1.961843453815364,2.0364852925199806,5.978055211408936,-0.491366738351509,-2.949085309202813,0.884225468097183,-5.4583139244716286,3.609720070760879,2.2708469100939794,-0.5413787545163551,-1.347335998639421,-3.6769996938199387,-0.3148525338782484,2.796007901016935,-2.706838611257199,-2.7808637762329997,0.015365474223660414,0.2115062334164879,2.464822778830115,1.4519805795453493,-2.1203474479163553,-0.7969849529525739,0.47000573280301605,-2.4560135080708747,3.4513595965940738
7567,-3.7074100745817944,0.6730892090617289,1.3753896279731954,1.9137149626517775,0.4036865876225222,-0.6584703127268625,-4.5928658433197675,6.0188275329450605,-0.8014732799331794,-1.3056168908740435,-0.7206031812399951,1.4017316624220904,2.4723710088791755,-0.7042249161919543,-3.52423768927318,-3.5899395392337663,2.292739324782218,3.053291811038413,0.6433762495388784,2.2532383533669957,0.9413065724485001,0.9840085046580942,-0.10476837087658986,-4.717161309138916,2.1795204869006284,0.7385454484196927,-5.665459708906813,-0.9770265492380128,3.3619500547449306,0.3624702680822143
7568,-3.5754772997677158,5.596592944755852,-4.624475313394893,4.025971249238776,-0.0602308480108289,-1.362380732820606,1.5699637682695098,-0.6252000418183634,0.08158960736399834,0.1668492132868753,0.30929445581104,-1.5024970029128681,-2.8748696181769606,-0.5453547754387742,1.4465938003637042,1.693187052553025,-1.326505645452018,1.6069491861519154,4.987786870754746,1.0444170496898035,-3.383120898326963,0.9454948152259153,-1.6137087914925399,-1.9808690458539928,2.742076437610212,-3.1474443147669433,0.19085684733677866,0.1263671150285468,1.6504273402393075,-1.5622834254452869
7569,-0.3745383441267034,5.714676143748491,1.2695150969829676,-4.5685233877712825,-0.70231203719052,-1.3388174716423435,5.893814023111453,-1.2221901651179152,0.0688291605048219,-0.8752791154334432,0.289936569928229,-4.155110472992959,2.4832992948690986,-2.2737440236213686,-0.9028780678252843,2.2647080720712864,-2.222297784287166,0.6509125087943133,-1.00923315759389,2.7878153578016445,0.1639686497157058,-0.010032125622794652,-0.04042466262485611,-1.8920940616788506,0.3044253093772582,3.9254290404737695,-4.074792608463394,1.0657583304296114,-2.495204825944768,1.2743847541301427
7570,1.207023852756496,-1.1772626708123468,4.05266483728872,-1.7921083747725781,-0.45853511956696513,-1.8317825248927289,-1.0553154497989077,4.845293603040883,0.7569237207345614,2.373312633914505,-0.6836755304873581,-6.236538977403519,-1.540519986511553,-1.671021240704846,-1.0986347528944673,1.694406611327107,4.171329309632977,-1.5555599408483296,-4.471182687945664,1.8161117265076214,-2.4057206301815004,0.8187823847054343,-0.2854785918893583,4.527487798800426,-0.47061949297337335,-2.365021800455267,1.7223245671567398,0.4572128857103479,-0.7191944528597496,1.3752982934239455
7571,1.47919680567378,-4.021728803265582,-4.5744442416414905,5.996439366158281,-0.2771012661473151,1.397638139222929,-3.335216734678955,-1.0241211591332693,1.1863171343892338,2.911596245407747,-0.0205596921047162,0.28198420612012853,-2.465294168358106,1.3673312054401947,-0.9328748738110768,3.49592027375477,-3.312644490174147,1.8475620531492467,2.8038204523515518,0.36353501286482803,-1.838006847350199,0.9722696069505687,-0.1683819704254308,-2.1332362543943404,4.11405494481723,-4.914374535255934,4.757582440064962,-0.6528455514723213,-0.4383910143005014,-2.8660262838508146
7572,2.6270178078804634,2.14948029115234,-4.72953809576801,0.7726078478102281,0.647879760098057,-1.4674476111724672,2.7141966795499854,-1.6951833415176765,-0.9734127159746322,0.03902262347786056,0.8130800596899128,-0.8977033052252743,-0.23332404590368228,-0.7705622286765141,-1.4821478594482436,-0.6205436803796367,2.5249202997758573,0.581657514633088,-4.51799205669181,1.9623839744903364,-3.374187587026345,1.1700127377695528,0.5230621987423536,4.236720732712907,-0.5194373606174949,0.9678386033849797,-0.1849776749604395,0.6344522163492519,-0.4164851613888416,-0.48139062276482925
7573,-0.15202462648287351,3.405842661272544,1.287867613558955,-4.197983628786439,-0.7243053584360317,0.38060333887445275,1.7761792198369655,3.521902939962942,-0.1685337264179969,-3.1777489494364826,-1.0541072715321427,-0.8976922124131228,-3.6344098383595522,-0.2085937664682973,2.4369918262582466,-1.493044598524488,0.558204587847726,2.340851789247246,4.199335170141001,-3.3557861413665346,2.796573644116364,0.2977520901856847,-0.42645566628951315,-3.51141909679,2.072596887869274,-4.754902994889944,4.185419060014027,0.5330717123388959,-1.9544974497896224,-0.08168721553998104
7574,0.7451603846694894,1.2820221638183327,3.5793816717290525,-5.524052285277271,-0.4606003864116286,0.3780884514726317,4.925324292503408,-2.5194179039018216,1.2222549346137264,-2.8527366299094936,-0.5244547489874289,-0.2509699443182072,1.1943163965203851,-0.05329038756135773,0.1547323584885305,2.3480253619253695,-3.894022394199663,0.2502386648276165,5.085332675981977,-1.5402642456643996,1.219495551078694,0.31919623701866584,0.25469833700218913,-5.338458555420136,4.3793930668123515,0.6500746038011584,-2.968213418214603,-0.025321561116379954,-1.8668948726763617,-0.16903781860353995
7575,1.005172161487554,-3.160666728472279,6.000450482106473,-4.79734821442975,-0.14107546364198176,1.0934677629505885,-3.6752352561056227,1.2496887905504224,0.8752735904204254,-0.6126114778520204,-1.0124518424469264,3.1753361954339177,2.3356576354083813,-0.9901519875200933,-0.5728655593202809,-0.1900283277336534,0.7413951831433678,-1.3240069439768511,3.1919975720279368,2.1279463656244175,0.2624638172296301,0.5572790676027957,-1.223888417139813,-4.915798405347964,-2.8210645851470453,2.2035888210687595,0.04322290181932331,0.6840801208149232,-1.2419098281490975,1.1320825695957417
7576,-0.9377442362186841,4.538099460850958,3.8224377901576396,-5.7078677934085285,-0.17890508501071634,-1.5360201363700448,-4.336996288123629,-2.089148134020917,-0.20887421494476044,2.9803125611357224,0.5029372910617358,3.1517687848920346,-3.2518789763681433,-0.5567904675164037,3.253923066342967,-0.6685482818904802,4.189059323820235,-2.965764664387329,2.4198371060322224,-0.8853764266220452,-0.23189265633968326,1.0254991664827724,0.6732385716126181,-3.001305761168858,-2.859037305790956,-0.4754750604984217,4.284225459137502,-0.3973035789364223,-2.1935548457503575,1.6411453318412441
7577,1.2608150858946559,-0.8777589117262892,0.11253719602158796,-0.7140079423546872,0.6835856387605341,-0.4651710665951594,-5.492215973542667,1.2100060202743954,1.1855526963369085,1.1645720575181748,0.4913538346665769,1.4407313647467817,2.0243591855773495,-0.5533279213703466,3.420281954273765,-1.0456785379321047,-2.616312850199739,-1.2293218303480913,-2.97065608453169,0.36995511336055387,-2.679132214190412,-0.7333763771153397,0.401796743443521,5.611412819030399,4.152320754111944,-0.5717304184394898,-1.7108486370604439,-0.6395094256682894,-2.9907935406297383,1.7605612676885904
7578,0.34165684838924726,-1.4197468074588677,-2.6630138288310476,0.6196537709863748,0.9780104723493062,2.1434395445656254,-1.5525496098633873,1.6071910219420467,-0.2657129264748921,-1.6323929512466098,-0.1551331100014517,1.998597575644503,3.728084170607577,2.6639031933990154,-2.7794028138125544,-1.5598282373599233,-1.2202063694818719,-0.8325499433514008,6.233983498533913,0.8815238718650313,1.119963620947349,0.5314042337067537,-2.485689838126671,-6.281185386929295,2.3892586233834407,4.9968008124664145,-2.3524771538029583,-1.1157344956649533,-0.37458772145748576,-3.5432600649218706
7579,2.3518846193901446,4.660736406099218,-5.091646490614643,-0.9961180306486312,-0.926746874297764,0.0018903700722994188,3.6858205610678603,-5.0276363221213884,-0.45594836494148616,1.3957807707685461,0.14554250799210067,0.2564408472345612,-1.4045027779780188,0.7227466868683514,-2.4923754202079333,3.9616442496283604,-1.4770499640526822,0.6895372257427343,4.254592001981848,-3.2104100813920873,1.9820423077428622,-0.02411349065369084,3.067751813587794,-6.069862551269679,-1.0680150287391683,-0.6016291147012325,3.6241904331157606,-1.0241344736927318,-1.1390201477662458,0.20860833178619664
7580,-1.4244719769272987,-1.6044721803819364,-2.054696786074498,3.298524090081628,0.7128766106566351,1.0722402426460746,-0.6833833674391627,-1.8723172849258845,0.23936820911032175,1.2842669311362833,-1.1075934443807833,2.139658956499403,-2.8229689835199476,3.3051698705102943,-1.2057960541606203,-2.2394508890994675,1.2463967367916666,1.7166493194789325,2.9527812016126163,2.5896661112447745,2.537653410703424,0.4406526146739633,-2.855102361250175,-5.665650976987546,-2.139354617360162,-3.3968314737667633,5.24052322183428,-0.950856270386538,0.45776052085184027,0.788758618829906
7581,1.3771831021825562,-0.673781353991636,4.515912121124057,-5.220233584395174,0.609515197768804,-0.6085954826879938,1.1965244602289964,5.890970840295065,-0.4929366466794356,-0.017578567391458577,-0.7469345313106457,-5.830045555142352,2.5250000503962973,-1.9100550760420774,3.239663127015941,-3.640683504546095,-2.7558190384636436,2.541894441640437,-3.4150335461054873,1.050402918999941,-1.8330266516244844,1.0057800985053538,-2.6192553325123065,5.811132512734041,1.4396660383562256,4.134443938053771,-4.584157994354264,-0.5772299305310309,2.6562109197145567,-3.0689329712366966
7582,-3.6808578087295416,2.8795228374000814,5.501857331056733,-5.896126670572208,0.4522811607704602,0.7433231500750779,2.6908380158966416,-1.211015270307879,0.47558339103093594,2.0996443390286785,-0.7995404898924487,-3.255509985755751,1.9758427264177634,-1.4069210191955097,1.9656494244415157,-2.8297223336336526,3.7261790583341785,-3.4310278563634125,-0.046501580247600316,1.0970750511486607,2.072338886721944,-0.8773548461180969,-1.2915885428112635,-0.953968968696568,-1.0163458186220993,4.906634840137734,-4.822620701496049,-0.4856395624651242,-1.6201457415554898,3.0381169840035867
7583,2.724674492392591,1.6954809671262794,-0.7023784907407347,-3.9715364930353267,-0.5162407094958916,0.7700002337537004,2.192530058451716,-4.359617106567892,1.2416678048112741,2.7905103757915306,0.18013926460922036,-2.0452303970956827,2.9862220845673555,-2.6738388958900288,-0.8999147657604247,1.0204986871536015,-1.9294932704488037,1.496526160379176,-3.1343087097405586,-1.2207713263407562,0.19133951963763352,0.9404005698691087,-1.088109794059216,4.311449740630845,-4.632230264851181,4.837397183511435,0.48264999372745265,0.744103788615667,-2.358744241414131,0.9268235404133005
7584,-3.635768933779966,-2.3672715872981023,3.2681941716565426,3.366320518046386,0.7215712308356599,-1.3530453994599192,-0.4123492638787205,-2.0995023300558877,0.10242160069632167,1.1897807688435122,-0.41849250287061235,1.638141727265566,-2.9243755413663273,3.6839817325040123,2.2935460340632154,-0.5908314930960543,-2.299377242914968,-0.16294348918900248,4.862275352709574,1.9114865671360235,-2.321618792729703,0.8187586534670421,1.259697093976591,-6.5305988745625,1.6242371833545306,-4.184120947761512,-0.4655161712733751,0.5362101393417777,1.0521343460643173,1.4370554502768158
7585,-3.2907149261586763,-1.8270104864237986,4.920645251907722,1.2684809467409224,0.8993830196636536,-1.9707838057292335,-0.0062594630725243405,0.6164738690506155,0.5059464258162896,3.646118757624823,-0.23609858392943472,-4.526181005489594,4.051273039412351,2.5927974595140597,-0.8523223474880517,-4.16493174449392,-2.1930278439685793,0.5662114370249629,4.543366058593037,-0.8729691217464861,0.6385071670878233,-0.08881561397318016,-3.206782203302817,-1.0133062866613898,-4.071106468148258,-0.4405581465508881,-1.0570199296479927,0.09544830659412362,2.2238671342964516,3.249369103459138
7586,1.662946283143814,-0.8379713073593607,4.255594400719136,-5.328804655484099,0.862484347536999,-0.6142490685559103,-0.47477080776200253,-0.4234849364225042,-0.21807249412903484,3.1913025801276262,0.8307930809792854,-2.905767422793172,-2.61259222504137,-2.1100463078639446,3.5737644662001955,0.6196463593090549,2.0254206373073416,-1.4961929299104337,-1.691590523433323,-1.2643996028232394,2.4052849425324574,0.8681159087700099,1.449065420257492,-1.7664761453064202,3.013606649181284,-3.8782735575446097,-2.337330368534019,0.11718386964439542,1.2586628836474816,1.8261505236080176
7587,3.6720012513081493,4.633902383243122,-4.447398167565254,-1.3086112049878516,-0.8162562822271882,-1.7336379797704105,5.3678144060753255,-4.6514545140451276,0.04094647481823266,-0.7900483977633321,-0.8315477474303679,0.8642897783454693,1.6078327118897207,2.419868109117168,0.32630908297842254,0.2603015203102004,-1.4436070861838157,-3.170704338110852,-2.260803293170966,2.658537922646911,2.7767121495288407,-0.12397645400306345,1.5676820637147877,-4.618152388719501,0.006682280973844712,1.315122356384542,2.554899167731051,-1.0212028115756109,-3.081717300630052,0.2262163071187242
7588,-3.108355394490019,2.1113722668509,2.4302506172017893,0.26280717139657384,0.19477448296298006,-1.8908491439216526,-0.40236343441561573,4.543623665927605,0.016595397003034584,-2.8797861675659107,-0.1525344656420975,-1.1255349953068752,-3.2537724807505963,0.9620911430541064,0.5295736390245338,0.05313848285775791,4.018644828970434,-2.309675613155388,4.617183608697417,-1.1376438322359714,-2.893547345744544,0.9233091286101107,-2.5530254133645034,1.0437238540345177,4.168040415741203,0.35751520944126725,-4.565271757375424,1.0285779977507987,-0.7807510271183133,-0.2081108384370438
7589,-3.4660232733742706,3.017488279582359,4.778529927407622,-3.3747509749907962,-0.11840508484398438,-0.8368388737803478,0.36681485217945564,-4.870657604621542,0.9692661549521819,0.3304090933512711,-0.9930443714607948,4.197211875599574,0.6961696529986661,-1.161275694445056,4.162957779896285,-3.853999452060979,2.666935963052495,-2.510788249440594,5.499192346424138,-3.285768647870965,-0.5631949458983136,1.1344476644302839,-2.237087325080532,-0.5475890920076161,-3.286377413683258,4.179667904651833,-3.987043471594422,1.1717485259634772,-1.391058481019435,3.3130629356842896
7590,-1.613659505256619,-4.137915220667619,5.228119651937142,-2.013162454854829,0.8375902035058962,1.699027325336628,0.4056314076759904,-0.464647696306276,0.10136034348936462,2.1534264497444155,-0.5441008792081314,-1.651669625395236,1.4373503393526263,2.365909356146304,-1.7127547146158513,1.9943024348915053,-2.545214014730055,-1.539593401043705,-3.6359521869659517,-1.1824297239809098,3.1903616109162485,0.11689159142314232,0.16028791922015984,1.3508407893843035,-1.120633897961433,-1.9082677066346392,2.486099045157303,0.8942120748352993,2.862542844095607,-3.213952359489662
7591,1.7058394380326476,-5.353509976504537,0.4191433900981636,2.107647852263696,0.03854337722714396,1.0823359188834782,-1.3654046681564829,-3.2878215847448615,0.7580364316388923,2.8222099215910816,-0.7881437249881014,1.8611236246595517,4.120321576512868,-2.8373405274312127,1.7354296942340248,-3.3696234229264217,1.831526324255826,-1.4803136446442586,4.3325223237045165,-3.471107513244462,-1.625097078480728,-1.248498521469771,1.514431047313952,0.49774974217348955,3.7477557896852467,-0.1764458862396623,1.1364779853298295,0.4819101296781936,-3.3090276248167925,-1.8806703936343148
7592,1.2221882900811636,-5.281834932707973,3.4969140445977516,-2.267223921369858,0.5523365563419942,2.277619963057546,-2.229093427873181,-3.578033048458213,-0.044647038966817654,-0.5480102992186886,0.885218873449837,5.514564941067164,-1.0246166232628298,3.2387654252316906,-0.6823419970044782,0.696706014999048,-0.34091524402198203,-1.8875975759405872,5.718483523163254,0.00946605516166521,-2.7917019372508616,-1.2430486283276574,2.297674560374354,-3.9908735731237464,3.3091324458532227,4.832872454212602,-4.636325171353928,0.3148926325495047,-3.2670447514683936,-0.5535276097905051
7593,-2.6189651353003747,1.9558258138022993,1.866551861568425,-1.0584398502412746,-0.49825440462226833,0.35328171479381787,-1.2030499037759235,-0.4729621228587533,-0.3939928204752352,-1.3868898208842744,0.6530190327455703,2.803875635248705,-2.6881561693164695,4.063303397607008,-2.037278888602369,-3.11959856902404,3.2266163886316868,0.5551138407050757,-3.106707927888717,-2.720691516212158,0.18987700719647194,-0.18624312129405585,0.3165287119711291,5.507236846224352,3.566162863939546,-4.035361939712862,3.9548024413956355,-0.9374914181503478,-1.945091021642119,-0.6030209258273604
7594,-1.8782291533205555,1.1197414525961875,2.0171766450826,-0.3537370864712379,-0.9148639930073657,0.00991213512096678,5.825962288270983,-2.0872890265253403,1.1827538801682254,-0.8950549094756219,0.23534347872381645,-4.261715711162022,-1.7496252409171866,4.007355408126763,-0.8853055880715495,-2.6288827515795337,-2.1626263609018856,3.4190845333442823,0.22281139591992272,2.523786505253188,-0.09589884487128231,-0.3754471511604667,1.976144140072197,-4.25139604521652,3.1632494966227362,-2.13305994792821,1.3393263665126725,0.3897949431540342,0.023472724172092896,-2.7827835825308576
7595,-2.1297657642162964,-2.8122233570130284,-0.8529686017909661,3.0064438029318694,0.6187092933437146,2.1698046267453073,-1.9299484121683825,0.25990708601420565,0.02405510254276777,-2.382472716026875,-1.1557662062395844,5.184225145877896,2.1919514764165946,-1.1060091772168654,-3.6556881897959297,0.7250049187918854,-1.2375100980585216,3.082251069863755,5.924142038767947,-1.935000904124605,0.37738211055552284,-0.8871493075962888,0.895499255134089,-4.374873192739599,4.94764531724228,-0.36552471011542664,0.06481744992953509,-0.21453613409126326,-3.1780222963720064,-1.254379626590655
7596,-3.7268167656505717,4.200749911170348,-3.1737865729292594,0.9966287818971864,-0.6241917994884001,2.3274164450012886,0.0877912176402873,-0.4871903252802454,-0.6605501098986428,0.06923709266976275,-0.7687423188629037,1.75945444373178,-0.1533190624140559,2.1573932040317807,-2.23973340305853,-2.944268044400129,-0.5494584892506396,3.729385795092501,-0.9611399713654976,1.67247631599672,3.0540457874093647,-0.32061749596151135,-0.418053412384765,-3.0267112236972338,-2.5886227960468204,4.126892363096946,0.5148861168023089,-0.09645058906939497,-0.7121638362436347,-1.244541258536902
7597,-2.014738318748263,-5.2956206710173035,6.1914302174208515,2.246236458221599,-0.8623226058412754,-0.2649850800350162,1.798349054386474,0.7080389191749816,-0.10348861119513497,2.4720029873769533,0.19483687195996957,-5.069739221703184,2.2355246287418744,-1.7308871123088387,-2.126014990741554,-1.0421507064835005,-0.9870361822979454,3.6505643630909006,-1.733025844560217,-2.2954562216857113,2.2131347834037456,-1.1889500442848746,1.7008892077089008,1.3034081194152591,3.592679423236774,-4.076534411785598,-1.8688990491943507,1.188373328253184,-1.0042242615540484,2.1686049710465376
7598,-1.7265715837661109,5.499342019364946,-3.727018502110816,-1.015313972183396,0.00499246886217275,0.9645695698338219,-3.449858405962914,3.7925953829828423,0.47520445182182414,-2.9209572520210614,-1.234594095048898,3.337609918228271,-1.6376061663466643,0.3178429600070558,0.8517413994174241,-0.9328034151662976,-0.5875279253543368,1.9883531474437675,-1.7564560680176022,1.1786055054840112,-0.43145218037800426,-0.8633989359214702,3.185375043658958,-1.312673364828786,0.47519276954317746,4.019746434442361,-2.642706871942668,-0.11333866912272317,1.8834547342140624,-3.622348397131681
7599,-2.370788881209707,4.331539056727003,-5.079443087574603,5.635110105110083,-0.41110938945907916,-2.105307803593081,3.195681411758155,-4.521291598485899,0.187820137246705,-3.265785462485015,0.14047616300188537,4.263099348964232,2.9315589506112687,-3.2456903122354905,0.5207503489041336,-1.127708735524486,2.4619017768646607,-1.5408120286191682,-1.4764199100162152,-1.4727062786661165,2.708127801114486,1.1629287632417569,0.5966466243033075,-1.5185769999801053,-2.0851175688324908,-1.1805518254728327,1.9848447588936935,0.3358755098685142,0.9238910666815006,0.021058058864147355
7600,0.9335329111032298,1.147144580201001,1.9360199393172657,-2.9338490583850927,-0.043351768705677696,-1.0394966035301465,3.771798031670013,0.2559761432096188,-0.9921467912119111,1.6412862489038709,0.4001843065271551,-5.077097939098675,-0.4507090349539311,-2.57093801182498,3.8494930805018477,-0.856243331038435,2.9381893540572044,-2.9097920567408373,-2.206021437816709,-3.4045018920011465,2.0143101156439016,0.1724317906635271,-0.3035494460426982,3.727330869550215,-3.2833974605521057,1.3206275961956813,-4.561631641306892,0.2691237532017938,3.057719258931307,3.1975584935327745
7601,1.405231815651586,-5.4988348609060544,-2.160993770387819,4.875372014712024,0.08769457096487931,1.2915302299659235,1.0712847015278513,-2.588188710099484,-0.6999591497863973,3.6933063623420495,-1.0049209029844208,-0.47152230099953485,-2.604627235363683,-2.5906190311577273,4.008796257428852,0.9076088757227829,-3.417445652596676,3.6962867859673345,-0.5675591616821478,2.5572121707578823,-0.07880459843327081,-0.5419338201764381,-2.1334433541827558,0.7645287637138516,-3.945702690490627,-4.047022826472933,5.707015342648894,0.6355693963591733,-0.5502529796477535,2.2003937576058163
7602,1.1527184096566465,1.4792726280325468,-0.3896544838035929,-0.6281518024851849,-0.19797885824445327,-1.416205893155439,1.1455234751143095,-4.44922992404474,0.5678133239517056,2.4390511429994994,-0.46876176002556935,0.7656037420048669,2.5921742090755338,-0.42054657905983106,-3.0028878098692235,2.1265487718425966,-0.9963036958517186,-0.2989848961364654,3.7723906181634455,2.1619740768671143,-3.309848350017935,0.8876925857829017,-2.805914783306312,-0.7062941474920841,-4.258041090911913,-1.6921768100953827,5.221092268878447,0.44136448629872227,3.264495991477883,-2.976734845645158
7603,-3.633563995767414,0.9165441658681139,2.564928235755424,2.3542464083436556,0.20793089172489676,-2.410085705924148,-4.993553859007815,-1.2119171181441004,0.004352605317139435,0.8323160922639712,1.0270683019347553,4.341733977636139,3.5172487943098005,2.355800618084672,2.6878695973516393,-2.9356576917012127,-2.521168709875859,-3.1040926081681697,-5.780521299109115,2.3015319792403623,3.6755898977671855,-1.1681708890973956,-1.4475410234285118,2.419111334624617,0.03346208273646312,-3.7051415855906598,5.587282903779002,0.47886638774065027,0.49079588707241406,-2.885265675735244
7604,2.229960561669671,-2.149490076680575,-2.2023680549664775,0.8745724585582835,-0.35170135997178265,1.5990264713914293,2.7917914893897553,-2.811754162263952,0.0679649933515254,0.8349819976908162,0.32796818578639275,-1.2109525039544558,2.380314851064533,1.6982724435837184,-1.4457090989036452,-2.5370849815199836,0.4188874287082278,-0.5146806429319479,-1.871419369453612,-1.7455445830020615,1.3528479823280044,0.4779865555944971,-2.973034789830809,4.759164204361117,2.333229931798666,0.018458484826847865,-3.103776991851337,-0.9212350805853946,1.8916542041141433,-0.21833054830027976
7605,-1.5208191696507658,-2.3953947715350985,-1.523791576001834,4.090076933248451,0.15889689481340108,1.1910316891264028,3.074715024800703,-4.38257445127223,0.6590097558413319,0.9336655232658142,-0.6373436557160961,0.35252780308055875,-1.3257219913588827,-2.911691221814097,-3.191714168947943,4.126557772135683,1.3603735946688147,1.9421960153173004,1.4140410154391532,-3.1593281856671904,-3.5455745725357932,0.42838963860921897,-1.0941716265977437,5.956643730749484,2.6738304455573356,-1.0038196719272676,0.7820195088804986,-0.7598511578354135,1.839694450259021,-3.531873574931492
7606,-1.9962640213328964,1.1125350128850116,-4.886253496763999,5.2535218437422415,0.3215477441851342,0.19491291728505544,-3.5679384988041427,-3.6823563230930247,-0.8968820044236709,2.058355942719885,0.8966669043393853,5.192153979261658,0.6805201080360277,0.5498757125695093,-1.4302276813222186,1.518893176758052,1.6795666651482044,-2.9986279811886956,-4.922977228262212,2.836234537084639,-3.2539281853103095,-1.1244802068936437,2.2350546150838717,4.230096468294779,-2.75977633515571,1.775925042849014,2.148994737623159,0.18889392626612356,-3.14644011950441,1.7924027479245233
7607,0.7977032907233941,4.410693769976547,-2.647523821924377,-0.4835824411902294,-0.30402932998751875,-1.7732614675972602,-0.5074530021073045,5.550574603813516,-0.35939674075136985,-1.9563427467068273,0.9009006145044989,-3.6282827287524277,3.3045428163056734,-1.5456912540718282,0.7957945825852235,0.509007363687477,-1.4201289410041493,-1.643524567501494,0.469564376240136,0.38011690923617003,-0.14143275566543778,0.7915554940385778,-0.378298423708209,-1.121505600144097,3.802526667291538,-2.849748846326051,-2.3054810543590527,0.23070356148479476,-0.6685834006372229,1.7905830725486886
7608,1.7194873717163013,-0.7292896022979996,0.7788514190796221,-1.347130738859903,-0.9780121972659013,0.5560937476284451,-2.2855396827142975,4.467488443559546,0.07384486709516924,3.736668262445729,0.002768828668361145,-5.99523071905443,1.5895037410967383,-1.4193059475521572,3.6848133322302985,0.40834391298544404,-0.5287223924927034,-3.7346326462667303,5.668204343452292,-0.035390928962449664,-2.534787348774623,1.1884887363372307,1.3036872168200606,-5.590202018875363,1.9260310845114113,-4.815612938879347,4.829438595998582,-0.48488590938014653,-2.900109875129795,1.4451390428819764
7609,-3.245739072116139,-2.0781931124640174,2.786497054414447,3.5166035995231013,0.11927585762688109,-1.0984443269836959,-3.492868063790869,4.910445481358856,-0.8237654086441806,-1.5896421037676802,-0.8549514260523434,1.8507815208962874,3.422543796467515,-2.770117576703269,2.1641285673053616,-3.1498432649572994,-0.051748867812637656,0.3850373457012157,0.7029102847665456,2.2957211554474846,-1.830596536597204,-0.6680868154689303,-0.7899980334561665,0.29004994530541595,-1.4643602111270084,-0.738820655742348,5.814822338822477,0.002439074321464396,-3.366392898316107,-0.24768764795580367
7610,1.949139198754704,3.5505185855564285,0.4815147764066019,-5.1235732191548635,0.7985905704261347,-1.6561899119884629,-4.219359578695585,-1.9369120168876535,-1.1614267192284333,3.5581437672569507,-0.2342233041790136,3.9937778517337854,4.2271424368323665,0.010796154845582606,1.161720009427583,-2.7362607632532505,-1.6362725969832894,-1.027125240868079,3.2335177213453967,1.0442834852221772,-0.7839237496307376,1.147342650551872,1.8728734934357512,-6.514093600927307,3.7002931566880832,-3.7945714746313257,2.610499441919462,0.44971617952267273,-0.48595255910658963,-2.4799847443896414
7611,-0.033228685054266904,-3.2711276042050663,5.0916444089550055,-1.4891616162349308,-0.2449788589330102,-0.05314764452720411,-3.4570031669886845,1.284523953958697,-0.2992743500317925,-3.7445463738786042,0.004244296741096498,6.212055640199338,0.0824502711373789,0.07721198425656794,0.39970075114266734,-2.6786588320623945,2.292946954337488,-0.1736511288107554,2.1764412844514816,1.3273587318737938,1.9821564577921933,-0.4004280308361654,-1.9380864161569527,-3.147442027127198,1.3759592195043844,-2.0401270655122907,5.744048267140975,-0.9308077133825465,-0.5245015444848136,-3.6245711632630275
7612,3.276418885811683,-5.253736732872749,5.462848991939964,-3.333794168241745,0.3686092762012141,-0.5203462528378537,-4.217667665725465,-0.22922310788145595,0.777081444134323,0.8957182370200378,-1.2094189354563922,3.9835100279089843,-0.5243327862731455,-2.541008257250189,4.239032292113166,2.6813637292446053,-3.2914924383551423,-0.5635625394783617,-5.808613958449211,-1.669265106995761,2.4810200680580436,0.5942879454620158,-0.34193364945039484,4.744504701372438,0.1551452849734396,-4.258959453937129,4.908240604003463,-0.3003790847634402,-1.2033617693763965,0.69931441910275
7613,2.976978209967207,2.3529124609352543,-5.993059916785523,-0.7155199982719793,-0.7588231128768612,2.13751235703244,0.024056869010678383,0.2752645509383491,-0.8994128159412851,-0.8319165584039752,-0.11183687947938736,1.543844833875692,-3.7870829280361757,-2.348952942256261,0.925471604860661,1.5564375046103187,2.0740455136823748,1.580081247140015,5.249669406052369,-1.4317822663384074,2.0689942026616457,-0.7116974093917152,-2.3223256180575795,-2.8528583149291755,3.897041784921509,1.0240628214891778,0.23185036541383397,-0.26651669296777225,-3.426089627559744,-1.460348651294339
7614,-1.1577163426739716,1.5891941363135054,-2.719290373634667,1.7736369244815826,0.8217386330365017,-0.30756297752241046,-3.225679753562865,4.87783143211821,-1.1453089488510133,-0.2763137727246523,0.3568195764322839,-0.5873485334118875,-4.249500641511503,0.15779311370579308,0.3664235450672102,0.43074019017498344,3.641692927262593,-0.3471491346981228,1.609052307187735,-2.4158627390339102,-2.97205848990901,-1.0406021588202732,-1.8293859388677784,6.648857019440342,-2.7759466745674466,-2.86659654319579,4.578232815680867,-1.0569635319380462,3.135673148493563,-1.0143992144704725
7615,1.1773597166086667,3.270614830054541,-5.513963955655811,0.5127065566154094,0.6687517130917646,-0.11546886071402795,-0.9111040774956862,2.290201884798467,0.9481613351803855,1.816838525039472,-0.5766445341503044,-3.567453133372247,-3.513593095596036,3.024440179550485,0.46223200287622035,-2.5631600633745943,2.9628747980232966,-0.3727938214783979,3.301355436518122,-1.9539343444587907,2.5264849530029494,-0.3064022087757525,-1.152507739212071,-2.414996097077349,-1.6602771263246368,1.9658553476041973,-0.47677357154251965,-0.053227689050090454,-1.9136339374494717,2.1380569767652133
7616,2.4627817254053106,0.758035677436542,-2.4663950193792843,-3.0647224184469444,0.06299431538745459,2.247305719597465,-3.6952987621058107,-1.803630991985635,-0.6333792311431363,2.285221981933386,-0.44592499618651527,4.293011999487813,2.317732543126894,-3.2602048247886817,3.3284267535199703,-2.4281255501735384,3.5685535453941064,-3.5263824670777737,3.7027050698332857,-1.4893624683785394,1.8223127668411934,0.1547041390820283,2.46649625782487,-6.656855765205766,-3.22344832308789,1.6939622414654671,1.5668558875468719,0.3098860610416665,-1.5707833670809102,1.2235275001174841
7617,0.06727804678868132,-5.230658355397942,1.9846758321409084,3.330070760408123,-0.9845902675060296,0.8332239835668158,1.5486122698454494,-4.329335494006919,-0.8325089087631419,-0.6624502908021732,-0.38441496352696003,4.66009738725386,-0.22655830373546237,-1.0454841559521846,1.007180354734782,2.2544039678828156,-3.879259318733233,1.8897174558042273,-0.9698315091179985,0.09458862931155387,3.691447905576087,-0.6578969405398549,-0.2713022262697766,-1.887005858962965,-2.3881538667571434,4.105531636249104,-2.8158781367684007,0.08286487362964579,-1.5689126202231058,2.5845481138725894
7618,1.3851933776397338,1.5479757068920286,-2.8414022098888125,-2.2303965157955723,-0.2743834202148785,2.4130130613680745,2.8570375315386407,-0.2629272992778269,-0.8003886553915418,1.5348069684732621,-0.07970994149426414,-3.2488186038481643,-3.604954794289201,2.991745659226396,2.49850755949344,2.566751840704999,-4.0798787096869304,-0.3721715554477374,-2.897546983509752,2.918795515836038,-2.326849316785882,-0.681482727024906,-1.577844622824223,4.5649281343057595,-0.8808031252672244,3.526069157501695,-3.806999429220351,0.5161607217371937,-1.5273084383584319,2.1728811136098294
7619,-1.2864581949008524,0.7162556888105058,4.977280186518364,-5.083111944928092,0.4150967136606152,0.26093755084006354,4.177074355300885,-1.3815673106798911,0.19307761128651357,1.8271189540212625,-0.9966833247527846,-3.81902028517586,-4.167504244342862,-0.5619721825767421,-0.6868716612059238,2.268039396975901,2.6626327511585828,0.48567593999199765,5.681700764001235,2.233221711340896,-1.9049513543375394,-0.5590917257370602,-0.2531113346594207,-5.197768060611079,-2.087314703842029,0.45364604736538894,-0.6643598075813912,0.0597240705082589,-0.5440597317007789,2.7823641252532525
7620,0.10590151366220013,1.422830450754983,0.624855055581417,-1.5844351831334613,0.536172595387737,-1.1053244322522655,0.4825410172917053,3.8231706060625825,0.4122291298850138,1.386214310402238,-0.06025623955578929,-6.0438988240856375,1.4242850192573435,2.442485630174019,4.10196780162827,-1.3802455672397347,-3.4632383814904077,-3.125254502328513,1.5561802183681905,-3.0235950656971333,2.514526350579409,-0.936518256825047,0.3791482122363554,-0.4897414586647244,4.746156184734286,1.6542651223351186,-0.452512454846147,-0.9101833570529161,-2.4497057144078997,-2.5880197807597245
7621,0.7495898174039102,-0.45846157868968973,-3.5190173479000784,4.525812732667038,-0.1645972951550263,-1.133326328325575,-1.8201556868198772,-2.5252702985327034,1.0711959354153056,1.776155246680787,-0.07941843098638923,1.5774932342430255,-3.6106311904502295,-2.1286721698946423,0.5975608170820088,4.1626561646229305,-1.3471460163611262,2.326232395002023,4.25915811828018,-1.8244838968497774,-2.605462345561943,0.8698412346444462,3.2046233359725207,-3.9036764464883653,-1.5630495582152548,0.7322868323115799,6.136285319710687,0.612267129296292,-2.7339182167897,-3.1838715063108616
7622,-0.19220163979483473,3.3811955963236286,-6.149006439354164,0.23873147441846854,0.8054925013373446,1.9157885070701237,-4.422048748779385,1.5574024031774272,0.9936656150112642,-2.1559537445812005,1.2400420378989656,2.7868924372730675,2.7331562187543597,0.1576886025081201,-3.20027733236941,0.47902605234208195,-2.762436790288845,2.5928432490546562,5.545077035121434,-2.832272469707336,-0.7950986745283917,0.76833142790188,0.004995657086988459,-2.6910329758774587,-3.663305181059947,-1.3667304314802031,-0.15686116944747752,0.8555985419334959,0.9581520769571714,3.373146163099687
7623,0.01733514251959889,2.4191591042138967,-2.7839014980678165,0.18217814745607797,0.3766452435196821,-0.2114161396409031,2.7557568082716095,-2.684106380260989,1.1767362992907406,3.5845198527384703,-0.23990407679560732,-4.593002503244097,0.09378259497362151,-2.5588060190828408,1.4277132582555936,-0.0879524045988056,2.6413476257441992,-1.516085055290814,4.136022054254635,2.4418718659272933,2.5642891798217846,-0.6390041243013025,-2.6865117235047737,-5.8166672522005385,0.2858377438200961,0.9583622242932002,4.00218097078514,-0.9883412689419107,-1.8920190530809613,-2.366020616872863
7624,0.3417591908610529,-4.314760626600062,3.1001868653869273,-1.2946230266709016,0.11332556097161106,2.0541120360518708,2.9700499059524574,4.668215035022342,-1.1593773746343237,-2.950637460338596,0.9194892438712419,-4.447739349872968,-3.309181744641492,-2.420406431647587,1.7471113378135321,-0.06317904527694296,1.2887623041214944,2.756893579631946,-3.2438154164915467,1.5857014640243055,3.387916207809269,0.2650998206799722,-1.3318815027524256,-0.6630205732724725,-4.2131566404527465,-2.7799642583596658,-0.9251409420870651,0.7623791463106926,3.6729960686689296,3.4828866259225535
7625,-3.133690334964239,-1.2597429524716297,1.872314621177356,0.8039202885825887,-0.22945364204150165,1.9466520197179626,-3.2008489600800516,5.030325414721073,0.57353040670771,-2.2105299241081493,1.0757618896977057,-1.2682388269381377,2.2829614110267755,-0.5396545470720575,3.3736599866985983,-4.1707359318482045,2.6896277505342354,-3.6358586693384467,5.094260426722247,-1.2204465819666552,-0.6452353633633532,-0.2888259827713373,-1.8662293114916082,-1.0735231871322028,-0.2898119811544788,1.1092814488136398,2.9872988038003605,-0.2859482952302601,-1.852842604858541,-1.6679773713680124
7626,-0.6908574915989085,0.10657206859912449,2.232035338810281,-0.3005957064156668,-0.7130488230776593,-0.6341053863166355,6.110941075973184,-3.234314558514722,0.8926435760334499,0.027954572179444526,-1.1729255720759002,-2.624299093595315,-3.007553690310189,2.4668960029889746,0.1352204513103672,1.548869406617829,-1.8391756502244672,0.6957434796183541,1.0991019816114616,-2.2886594241935185,-1.2214381294751817,0.6565807732313225,-3.080639582562082,4.835054381385113,4.675336018798429,-2.8787191889500576,-4.46751012397468,0.7471113997654291,3.137949237096965,-1.2141673427333615
7627,-2.762030954392559,1.8126223939533332,-5.20923749948258,3.9988741419320064,0.7344054070556596,1.4253665109346798,-3.1077358976942584,3.913058729083204,0.9709174782097652,1.7557830968227748,-0.9195987292403034,-2.6124246771810213,1.2551019105888024,2.4247542939313647,2.412218997959979,0.8767929608992553,-4.1065046309335465,-2.8623635324449896,4.391377673100944,2.483422144893723,-3.0820842740703434,0.32428648230588397,-3.2309079229075834,-0.886094103325533,1.721824591704749,1.145606631395264,1.5774044012966897,1.186614233774109,-2.6633313603000666,-2.968118497868053
7628,-3.0820322116366103,3.112830312686242,-4.262660209635218,5.786306145561731,0.9298566831497999,-2.484300720125396,2.199520428401655,-3.91968043804561,0.19093723364781034,3.041603025857679,-0.1426085477675807,-1.3697717020938,3.769791783577425,2.713726936971078,-0.0043896837085775076,-1.3078838720648864,-1.7125711346448451,-3.458674030129332,-3.085492144449418,0.09893062910307293,2.7066481448328688,-0.8754501203552945,-2.3901005636971853,3.5454640545631015,-3.3110464738629624,0.06396223124576395,1.0078475989695441,-1.1839066208423321,1.4723794160900354,1.9507638484026444
7629,-0.5543861477174001,-1.7766230863257526,5.210602100028154,-1.6481384909188144,-0.03251497923730806,-1.1989393958283223,-3.120556406578725,-4.4541911367417235,0.5197005309826617,2.8170895986783684,0.738450207773786,3.499507205885795,-2.2650364664927967,2.6375187868539136,1.337393087964582,3.268621837408041,-2.3029170676701156,-2.67558017806277,-4.114446201948066,-0.37643093755605506,3.6898035385388965,-1.1613657487493931,-1.1977382917320156,3.1601776414437808,0.2399280186918631,0.2898411569644672,-1.7488883406176292,0.6404175718829608,1.0436830116667437,-0.4649814185857384
7630,-2.606260510300096,5.456509140487917,-3.197108607393176,-2.73204817223618,0.9529342814277393,2.125973868014343,-4.870895561450894,-0.480569238611416,0.726948682981778,1.56282472263252,1.0191031780084003,2.042588216439782,4.175839387603382,-4.035369861374763,4.100041677071779,-2.7479045252775425,1.3049605917282854,-2.79756726975028,4.887529879229778,1.4443595478220743,-3.2327497815044186,1.1109813364365104,-0.6399409421923643,-3.570180039794426,-3.5057139938848145,2.571487083889025,-4.810501545857647,0.02265870775092882,2.24936285657488,3.472706891530283
7631,-2.5086631031490825,0.22182769948043202,0.9462094345854055,1.6305278830035483,-0.8305319118995678,0.5406299979798241,0.8751218475067795,-1.8264110810939869,-0.47373715691785456,-1.3742023234618639,-0.785361340531372,3.5845900544984772,-2.390313107209357,-3.6367119046489123,2.5100268224607483,-0.5609879345216449,3.0871949410651034,0.9907911828549398,3.5362939439242425,1.4709538634291235,0.12564864140134446,1.0650245752889402,-2.3901767973842514,-3.8077442266622405,0.7792979024617139,-4.470325228900494,1.9729456204171711,0.8814302527843303,1.044147893231127,-0.2074964399911785
7632,0.27474321925399536,3.378187222632196,3.502874786610249,-4.956277031413592,0.17603367678033432,-2.37556187386262,-0.9071498934896454,0.7332364886338176,0.6395114719370376,-3.0639087282892934,-0.4909736793178059,3.089284340526053,0.3013123675129066,-0.32704246425169003,-2.5957444484903363,0.7374886909660994,3.119372838205045,-1.2353869839411704,3.083262630137316,-2.4343449619362154,-0.3511339985389146,-0.5452824479750555,-1.7091872736164042,1.956686051926436,-0.6094776849945127,-3.617271156315571,4.644451707883949,0.02327538801383966,-3.1532095803452087,2.7122313257602038
7633,0.31205899353683897,-0.4902011723035713,4.700013330680768,-5.66268618474696,0.727856663728566,0.41295836910492945,1.5786271894003896,-2.2610236256189182,0.26753530639445966,-0.09843970572609351,-0.5428006110843473,1.0561014466347025,-2.381677044794934,2.8271396507248525,1.34933862724478,-1.8018954652274655,1.9508161585597712,-1.9437219265061518,2.833212766255972,-0.4499030486075988,1.5318090644222515,-1.1974261643734474,-2.0636921199526395,-0.6540004977473473,1.587968650043912,1.0456474633683577,0.07618088878412621,0.2717203465046065,-0.017885449283603805,-2.963631899414727
7634,-0.546579638620063,1.1761310466719834,2.9231304548270813,-3.6835848470061308,-0.5736650550154574,0.704568039143151,-1.3694870359326892,-4.405705339496716,0.009368987635430592,3.1533148227923853,0.6493002580424747,1.9632083069593058,2.575277889723612,-0.29983796739266566,0.3623871838371606,-1.9099238492954953,0.5019885867128266,-1.2298918435845678,0.8514093547515635,0.5707341105751169,-2.657601233405881,1.233475303605613,-1.2956613953967349,1.297643859867506,-4.597339574734534,-3.8642760471877686,6.210706832413926,0.3298183479798533,2.1339174258480895,-0.21282698431690683
7635,1.9203241969565994,2.768539825681202,-5.1695908097330125,1.2264482279014963,0.21638387022717387,-0.9621053110329214,-1.9659137410785874,0.7874721233618196,0.10484208274605411,3.437854119738656,0.06935636300665315,-2.433610947774401,2.9300069591292086,0.956958514274735,-1.4914829540751473,-3.975573036359034,0.3922418065469486,1.187848710484122,4.558665333303598,0.041368361489205085,-0.11114102641998613,-0.7082227750424899,-2.5651458574102275,-1.2155240359229076,-2.9827328130165434,-0.9549175032025232,3.8863377003834927,-1.1276779964081252,-2.0022019760464254,3.1811925882927596
7636,-0.6874665054960829,-1.260059794073232,-2.9937494142350793,3.7522989431757168,-0.15434025369414384,1.3433170243233636,1.84188949823848,-4.948882064832432,0.25620398567686653,-2.3392176814355423,-0.8494129346514931,6.0394191970043245,-3.8212464958317973,0.22673542242650058,2.181155544220708,3.3370790403655093,-2.385009169344155,0.46128565816407097,-1.3967101396961858,1.0081622106764936,-1.7146181663176066,-1.0936014907694576,0.35836443368849125,2.8384031524154274,-0.09010840444589263,-2.7698030503781936,2.9320691656484357,-0.038688265603231464,2.4799844850881705,-2.5134539303066603
7637,3.729441970980041,-3.397341539744609,-3.1675130773138633,1.169574633862421,0.26177152960322925,1.4040664826133238,-1.698618794959902,-2.3086883065978334,-1.2322621946248309,-0.4234640880452556,0.1935602346412182,5.469473149586793,2.897438720698073,0.11378571839187401,-1.5563133394239532,0.8213933771459274,-1.5290708591467759,-0.7472336176642695,-0.49914848885123675,-3.09319721295369,-0.2091705046460799,0.9312441472303137,0.5305704096905011,2.3397016495273384,4.447762675756437,1.7479218541353774,-2.691281533526883,-0.05732484887703748,-1.2345330320664516,-2.2125451154188003
7638,1.809209275403834,-3.3133275787259855,-5.138074120898384,5.35824391389248,-0.2491416697104818,1.533090180039073,3.2927445477134114,-6.107194884497183,-0.758945121761732,0.41301958131137795,1.1879036522412294,1.9724722249930728,-3.8043531453407464,3.635942304447912,-3.054024572183085,-0.027626060998901636,3.8957889021442718,-0.6457274280685787,0.6130569240278909,1.0905497083667726,-3.635838457136945,-0.35146868901612827,-0.2714363460928446,2.5551368598483677,1.0479227528770103,4.683776946284855,-5.780335883522856,-1.2114150244693827,0.8731796327214525,0.3868715761115382
7639,3.3405424246163307,-3.6812472881971097,-1.0622224866881531,0.14696090464238054,0.24698695117671177,1.0089794944503563,1.8915743631296067,-0.529575444176448,0.7800906818688125,1.3233617044580086,-1.049186439018075,-2.416264866261745,3.3661719719157226,-2.5024937498226976,-4.0704571933416105,3.6691586664897855,-2.2204438411328784,1.7580641458925577,-3.4215862626240536,-0.2517605979656743,-1.1773486685111596,1.0998282393180006,0.38167167906990507,3.369195610710104,4.316870491134999,0.050298022779280416,-4.167253175587845,-0.5465384525097772,3.3764960231891443,-3.029872909003233
7640,1.2349824057499106,-1.4343862501086733,0.6064784207110705,-1.2820984437991143,-0.49535188818806497,1.3703757556353509,0.9041991711300952,0.17284615064565045,-1.0875284336585485,3.584016142350741,-0.5418029286103003,-3.0317301018574696,1.5478016332490938,3.6263585704642054,2.210245875079437,-1.9390631697996579,-3.3577148296335952,-2.087628079358602,5.536967398537271,-2.9114011583404285,3.4082616575513995,-0.1971120024937667,0.7373401732783087,-6.574056068535672,-0.06198748575281954,1.966237916062319,-3.453296436267646,-0.7519129067731134,1.1423292096656752,1.1586297030682005
7641,1.4221115526009136,2.7196238604888663,-2.6768560905045504,-2.796781731795278,0.34382835844260473,0.9880740507679082,0.5408100247721315,-5.500415913710391,-0.13752103414850936,-0.41884668029514316,0.12803146375825936,5.387942139623821,0.762928034094017,3.3013147205295326,2.656715400690217,-0.6577078492662416,-4.146707602356855,-1.916542703689787,-5.868244359868427,1.5503807970981658,-0.14163388074458894,1.2331404133247403,1.3329898059140959,1.8933672242731419,0.4150403996438641,4.372778391870714,-4.7123995463062975,0.585395035342235,2.721372175854647,-3.3821864564025574
7642,3.115365289818957,-3.5208273704087283,5.481981825659279,-4.341864473723767,-0.5775804338503903,-0.1570748374948927,1.1696709465263062,1.6237809972522932,-0.06958441488895328,0.4472504461972857,-1.1323495589027281,-2.0387684161840482,-3.4181826104964887,3.8925006754432587,-0.8153270055945292,-3.2169373090989026,1.235720719957495,2.322225529790046,0.7798718706307248,1.3861614268314533,2.724597454314889,-1.2283309982351396,-1.9439545575225612,-1.7183451960222627,3.469374016293031,0.5191473283462003,-4.016876804480717,0.35507319008503835,-1.747160460032978,1.4204427297920184
7643,3.391704058069788,-1.2468863419957295,0.9983111962043303,-0.8829754217193688,-0.7473592649394534,-1.5127942256191016,1.6189378190492363,-0.6912700136363554,-0.30887656862501167,-0.6246924159362219,-0.41444368327497116,0.420344862423466,1.3741170145798414,-1.7795194905047875,0.6524560980148095,1.7944996479514046,-0.9886015303004498,-1.0529517397398998,-3.950732203731775,2.3396759476428883,-1.294902015487052,0.5402009910256282,0.3878050254755312,1.977952255071898,-2.747384651221548,0.7568461252639089,3.622571354000673,-0.7939701068564942,2.658577421489216,-3.4966401426731295
7644,-0.2933639147478342,-0.8767100011629196,4.1244902979967115,-5.305291475562225,0.4326058714729184,1.9182692220038078,-3.1499651259670287,2.5663343495718323,1.0851100615655032,-0.23109953752188517,-0.8152928145713076,0.5449130669230051,-0.8407459847538021,-2.4834390588165487,3.765159403798794,1.027027826502735,-1.7908974074224027,0.3228952206921374,4.339909124849974,-0.011057428777819567,1.4857644343054837,-0.6724662605442191,0.4100721973965342,-5.552222067232847,1.0078385397313347,0.9314137130330131,5.117670421483169,-1.0394073577230634,-3.231557047084314,-2.7859582694375167
7645,2.4456263539997316,3.3180390166119267,-3.891231298933903,-1.5961725517401248,0.05720643766946232,-0.3334679576066577,0.8553623136935684,0.0911318315941756,1.1702930698785474,0.2907612617613413,-0.6365327430063816,-1.7710157339210966,-1.1941313714531976,0.14583040304053796,2.4956484623480115,-0.9440416451196967,2.240134202999986,-2.7434400518147317,-3.221723204392216,1.1408323085638852,-3.0124161993317564,-0.13433937679200358,0.608364622581032,4.619281849368171,-4.403872819136868,-0.17479969760962533,2.842920013978137,0.16675658204578436,0.9630933977881764,0.6059025229370327
7646,-1.746505193805774,-1.5432244740677596,5.416958582936417,-1.053020994909776,0.5282888495013855,-1.6024967696540742,-5.646558009322206,1.090815382479807,0.326880630676162,-1.0378601640370455,0.46347440207792445,4.803247758125508,2.9030800972785435,1.3603128235209603,0.3269415827609876,-3.0737196023377322,-1.1917042064337373,-0.3249106947881035,3.0439013988530625,1.5669015885027129,-2.3416144852145333,0.42808823479709623,-3.0339916016759236,0.33671486473469514,0.31293587654797506,-0.43958900049397087,-2.6805937403291473,1.0296138706892233,3.2015707004195697,-1.423937706831003
7647,2.193728738463161,-4.666472882812393,3.8188954867227345,-1.7706739182589573,-0.0793368177747702,0.5038593936606173,4.840869242447752,-4.949041150760081,1.136825557681302,2.4371040949997322,0.7599059245887085,-4.225663668957242,1.988312657000808,2.569075715342862,-3.502951257407002,3.2906404435987966,-2.7232629157554573,-1.6218146427791122,-4.037484921812194,1.5783603945524707,1.006296112706103,-0.09160288397696092,-3.2138616889385663,4.758292987466266,0.36091574863526077,-1.7330955642473533,-1.8027490893642835,0.5210744727167151,-0.6736684827978596,3.3275229150601824
7648,-0.09708366316411698,2.1522429755428227,2.387300170641044,-4.1046914349277515,0.12892713475462614,-0.46669518284620715,2.430029087826618,0.24589820777277538,0.521345733251751,1.4037633558280511,-0.6159777867906975,-3.9850585978882975,0.04488970981244478,-2.809499544347201,1.1981416568195549,-1.523055482881638,-0.1954301801895788,3.284953840787338,0.544470008807405,-1.1381752338062636,-1.8920966819775629,0.6840402187043102,2.600310484465915,-0.7985487961967053,-3.1125518132270606,3.1696134612528866,-2.8747179050691933,-0.3782729203331465,1.2656745888717822,1.9302545885074025
7649,2.264417143356013,-3.010752749151422,3.1524517546175446,-3.92266277002075,-0.6379061795334158,2.1544528007324377,-3.650306219833322,1.2690965798356153,-0.7408812384943566,1.033093402788186,0.07402995831329218,2.014967517390808,2.9796392400917853,-0.7299101926223059,-1.9737291791932332,-3.1333927270361333,-0.6620886709244047,3.5194815296852155,6.152531568447742,-3.205140862876993,3.2253646891828858,0.2380538434684052,-2.02319367111245,-4.387615567112519,-3.776023845857644,-0.7635372941565208,3.414441040731834,0.019602714071240257,-2.1736985916879927,3.2792159769017566
7650,-3.5197309577038585,0.308333920349952,4.708812193837581,-1.0109129142484115,0.766660357697913,-1.253162599932736,0.4025647541264341,-0.2780899683697271,-0.5318085085225013,-2.9336138851594136,1.1144935016221273,2.226454106303315,2.2816219389009404,-0.44298631035069036,-2.6733034214929603,-2.59798490273824,3.9533263279710837,-0.5206736322892365,3.738164990426725,-0.7294766924453828,1.328298392886758,1.2363098102003098,0.09844394398422374,-5.671740445055573,4.1322800918736995,2.7561548557290365,-4.3612540859016775,-1.0598956987976145,-0.5412790180727072,-0.9260061448280474
7651,2.926200999901152,-4.248518973761048,-1.2788243917456477,1.833381840970766,-0.8925498049136504,1.6603103295488513,5.9432857727061155,-2.0857715461673685,-0.23516335974308422,-2.8525503576907862,-1.249097143424327,0.47929663431969516,-2.7389978500288894,3.753347462020603,1.3932702020019754,-3.827319083327822,-0.26525256248215356,1.6849518318171697,-2.357415374283299,-1.4294472725651453,-1.2636410550306092,-0.9564965869276287,0.13644059643012518,5.87055969237359,3.0707081304767527,3.2311396429184356,-1.4857832881026063,-0.8773729575912661,-3.5183717289041514,-0.4203197987944751
7652,-3.549666303959663,-1.3829390406889637,5.973149782190816,-3.036354120935126,0.4284835436932113,1.567326139700155,3.4327973598799595,-4.080548758918905,0.40604685070833657,1.3986748454102518,1.079866786533982,-2.2368370836133664,-1.8775938885827443,-1.995565021304003,3.4074840154154984,1.393492853068345,-2.688592363095049,1.7607744044987967,-1.1202136992055642,3.466946300491145,2.5044394573921416,-0.5377156156893657,0.7297262854579571,-5.0431827284493025,0.8593746213575244,3.1397360808605335,1.8165245527721687,-0.6693401925403588,-1.5680221356496986,-3.5782729267974993
7653,-2.414310871876035,4.103893048956898,-1.0029617616166533,0.92940433828349,-0.42251928817192286,-1.193505465575349,3.312158829874029,-4.9433443641700805,-0.366160402520201,-2.5724766989939294,-0.45698607202352637,5.026808707833961,1.4187753694635177,-1.4456728312417635,-1.2277923976774918,1.2764734267447686,-2.2984928914543588,2.276709324166191,2.6548607234400237,2.8577523651841155,2.9440234977840483,-0.2111078604687604,-2.8498446461580382,-5.395684079784424,3.355403757452116,0.37881691956889085,-2.059057826948184,0.45649146858307343,-1.6004548445307165,-0.5311994741225039
7654,1.0965461569640738,3.1780894003460496,-1.0982941212666049,-4.396091197387793,0.11730825674378309,1.1024415046009146,0.3943180193501874,-1.531608301463958,0.6537704182606525,0.34460265012520885,0.8321098706988073,-0.6931926569706306,1.2740537003320824,1.83405603077642,-0.2052569903963395,-1.244932523520509,1.0715498959396932,-2.729470113130496,-0.4162479754966455,2.544396819537738,0.9636539179520831,-0.322218734397115,0.8576903385330024,-3.6272743661320987,0.7517426005609593,-4.7952648945604945,4.820770815326544,1.1819962055482733,-2.139047775762112,0.17980304888951082
7655,-0.7014168559520009,0.9716430765030886,0.8603431492625155,0.12489491679045628,-0.7957950638099054,-0.45966922279372824,0.09569802333461652,0.7451003413925328,0.250877256128466,3.7056599144815365,1.0271666303780282,-5.8245021657149145,4.069011268882161,-2.092835618653874,-2.3706359173361538,3.1627562217790732,0.04525155656033064,-2.8135475112306807,4.479663452169184,2.7912605355904283,0.1386208047491948,-1.149953484729802,-1.1866806092144238,-5.072910698567632,-2.8266559179287896,4.958855739459683,-2.945152537207022,0.626541454974241,3.0810793525705904,-2.894668091865997
7656,-0.9685260473417756,4.212250810130257,-4.776936295733385,3.4207455692258897,-0.3255474336526307,-1.5619866026279041,5.297739249213134,-2.578697290397372,0.7043436932890499,-3.3212395254544553,1.0603058889235726,-1.1624520155736242,0.6112569113978772,-2.8019942749346285,1.7799643346818712,1.3816832204679912,-0.041385003090081085,-0.9295251885221791,-0.7110360398606304,0.1953532845587116,-3.6445510893695197,-0.04634419877160667,0.9911829372266077,3.2153951062133643,-3.250627026978769,0.6684916431354182,2.7968465027921923,-1.1795597459778686,-1.0956341200196782,2.0604827470514095
7657,-0.9179261833709145,-1.9204063956605637,3.372062741656464,-2.6746324551704035,0.9084490582383999,1.2324532343074814,-5.237834341314851,1.9853846057114026,0.032598809788601635,-0.6223999272861462,-0.379322785355134,4.221573638456437,3.423278481425335,1.8554246823888683,-0.016418725492918895,-4.213863215647921,0.18408577909832147,-1.232507001770843,-5.1526070274135165,0.8085673503224537,-0.6680923472074483,1.0917015128534464,1.8921179344488657,2.0283125769931445,-1.2153668627283913,1.1777320641578157,-0.8005799701818397,-0.791312288072274,1.9437507068356261,-0.31422365000825003
7658,-1.499018086085771,-0.37648782517540624,2.495665405468479,-1.2229928946680424,-0.37885751223112507,0.9816909126923328,1.4681799931718729,-3.8127843957107714,-1.2112171879487654,0.750018210843141,-0.07959018170528687,2.8853935613501207,0.012395612844500192,-1.8606477919652278,-2.792436424163121,4.2124635267703,0.07727301081838789,0.3509520656960081,5.878862097729783,-2.0851487415403636,3.4471812924899794,0.3209603310514222,-2.3878695975836823,-5.17398538215015,3.039192816711086,-4.896547463401271,0.8829151222597069,1.2184362048403345,-1.435784264662475,1.1917875842552839
7659,3.5320541842736297,-2.6128463154466033,-1.6351335849784725,0.14025020201345484,-0.8089065003274583,1.3845820144659164,-2.7385354488170925,1.3748128223360752,0.6852858960410382,0.4442476329614795,0.793923031552553,-0.5597339340737477,1.134467291332193,-1.7704102757747062,-0.5013506763450586,2.244214222299952,-1.201018460290161,0.09409789877864405,-1.3046447408498878,3.2334202663269167,-2.0155326730933822,0.32083278270216375,2.1113180717185607,-2.345393706807389,0.5101167868266501,-1.3167147169861657,-1.7300300100319461,0.17193580062614977,2.0525691497869083,0.3121229897810611
7660,2.1575091102170383,-4.689314861857543,0.6161304362619795,2.0932949424375806,-0.5891236193934384,0.41150399233488244,0.20478709738473455,1.9311109235751154,0.9215186193738525,-2.011356349525908,-1.1367902689970957,0.09072997818956807,-0.6443271829883912,3.089381322907183,-3.4964866059167026,1.8420399228666398,0.0772199963394904,-0.8678274532073473,-1.391484894212283,-2.503935519372064,3.960256639762534,-0.47116027141695405,-0.7371895762683245,1.1435136215040416,0.9372491047097604,2.387376545747614,-2.0856685187156856,0.4276839687004559,-0.61277265660968,-1.053868443829808
7661,0.8672196153055562,1.6250073533203455,-1.9313361404073355,-2.302879679841446,0.29574411937012357,1.4462447322532324,1.8134846716784807,3.597927193773323,-0.13071764886665527,-3.158360563045024,0.5232547553823643,-2.645588408922226,1.0615649319939173,0.08233273706929012,2.842705038460199,-0.545035444090832,-2.7403777032448886,-0.701189560186819,0.5021090060316418,0.3476836225255848,0.8931060477479029,-0.23364297433741577,0.9271375723903734,-2.4363932743611407,1.7641108503903808,0.8856600746960197,-0.3908253159871329,0.1666184889152822,-2.227468513634525,-0.19809558437739128
7662,3.6874770030408435,-4.3417267374633575,1.2651270483861765,0.08828651784165942,-0.12340091190520841,-0.5757629198996348,0.9817716359609179,3.253129496448583,-0.48355258420740554,2.330297689858945,-1.2472437105433913,-4.834402527517366,-0.916981016923188,0.7248110088098763,-3.161855325961362,3.1759065482201088,-0.9693858917160476,1.1475046775714794,5.40997425049375,-3.1648575057324777,0.9107033084175669,1.1819176765867159,1.025207099995658,-5.362944829764288,-2.2917491011608924,-3.046735052468989,5.348595925127036,-0.22054078954013523,-1.8882250466357178,2.0986540646813516
7663,2.006737927701998,3.083492497164251,-5.656525660214822,-2.2117808512316692,0.8020801128570039,1.9759959737237232,-5.883581759041046,4.178981914824938,-1.1480854130640723,-0.6306518646386383,-0.9381357323877566,4.42147285430687,3.0051105774321343,-0.9395300220714802,2.870227179411149,-0.7154591677685573,-3.916245854834612,-0.30410271216777396,5.664878505153201,-0.3333283736474417,0.5314495476655416,0.09590976616952229,-2.8922987567783487,-3.0666106885655466,-3.5375629528843398,-1.8532779573210192,4.157975865682001,0.6717429818710379,-2.0294535553840998,2.590575618039061
7664,1.5213826759130775,-4.5217333649315385,3.8196667340817285,-1.3363346806400962,0.7135817673725384,-0.19656313179520524,0.1970161769734169,-2.052001536034769,-0.7183642907729508,1.9781663584118547,-1.1933199254556182,1.7885032168783752,-0.9596635905137596,0.08055447918764713,1.4975802038858745,-1.9856476006390587,2.914929349386174,-1.5477528413059787,5.058135278959593,2.43420255530965,-2.8100178627083476,0.25411636946305727,-0.6547699155940538,-4.281666425432988,-2.499574241551315,3.009971739033002,-3.262637016806014,1.0179826490235735,1.8811574891902723,-0.14690061888689598
7665,3.590438813427692,5.675719375515005,-5.902991978482525,-5.209979536163257,0.4107414692974052,1.4360718564061976,4.2697859760186745,-5.385779058615771,0.027458365857067513,3.48789206761894,-0.606975700660568,-1.7923816502180294,-1.6103365845220008,-1.0821603396138837,-2.035766213547749,3.462190944710674,2.712402259395585,-1.4463300664217265,-4.670976552153942,-2.4776093870752227,1.768012514263937,0.2086970896282745,-0.20128025346882694,5.373156588802679,-1.7348380347596901,-3.900096140556169,3.6835441282014756,-0.9349765602213047,0.5603592811831088,2.32600732615521
7666,1.5667161454523644,3.5647712522705497,-2.5629854019180627,-3.441407552308913,-0.46424843212097233,1.3371539886255501,4.086069606361917,-4.012899818368073,0.7497681375419214,3.5674130682794463,0.8622833427896541,-5.252634336604558,2.4392022516190828,3.327429310180662,-3.224937549831184,-1.4912127554042431,1.9522155153326963,-3.00269677189611,3.7055108809274593,-2.5840143378847245,-3.9680305138226153,-0.07276719860661185,0.028098076960962004,2.891203092422483,2.5492151676651744,3.723234138291442,-5.883947466775407,0.5056850115189064,-0.7885477051904299,-0.10563914550706777
7667,3.0507990963457345,-5.080926477556581,-0.17112102678637697,2.277520275994487,-0.24828579419060604,0.17201392619387512,0.3872260905749485,-3.511077607749659,0.18223199146649716,3.610950126550371,-0.2607553766227122,-0.4085752242191383,-1.1682909029302824,3.5107318754435184,2.6695356275437376,-1.7943053480332072,-0.7459923587098487,-2.4716788933130136,2.0970370095005784,-2.8136924419438216,-3.757688699398443,0.41320325010770187,-1.298925873962041,5.360066755692976,1.5839354720752183,-2.100477623037399,4.835792363200127,-0.5025841823524964,-1.7236676946158358,-2.092998335267019
7668,-1.9420622788648334,-4.624740675030292,1.3444083646321054,4.6423340742223544,-0.9314417513815616,1.5115022664227649,-1.7525126788353411,3.019414581389597,0.2875921746984993,-2.1450730642112372,0.16874017991415435,0.4218388070446437,1.551375339289617,1.5044747372299518,-2.205977829469692,1.2843133621796028,-4.061620201539061,1.9274345923104548,0.8650457134078913,2.4030312370692677,-1.9288149471145264,-0.617069951334642,0.0663287750502839,-0.7885208270813244,-0.020103324560576397,-4.123225120493265,4.505809438390433,-0.04814771681169727,2.763938437275428,-3.078271713797754
7669,2.0634394570778163,-5.682766684893345,0.027233339952545066,5.440994838717042,-0.7006314417497002,-1.1482695091038373,-2.310251312153831,1.7935629499893935,0.8141128244689977,0.11368605189653813,-0.5992615411236084,0.18815102692282082,-3.020620924494896,2.765889115001322,-0.2739103900224791,4.214160521425406,-3.4033573558640615,-0.2821609660444473,-2.453251744061383,-1.7529616640361692,1.6626501543212129,1.1565873133271838,3.175325080891678,-1.7883491404455754,-1.2552219606774386,-0.48353587003743215,1.621318657228091,0.4477681060835863,-3.1640118729726314,2.8336829403783668
7670,0.08981633265812583,1.74123958282701,-4.342683434854354,3.5587944112114407,0.25605509083107814,-1.303221982672774,-0.8873680017612742,-4.923094788444299,-0.10680429810721215,0.996574660292783,-0.011420360524946993,4.932112788545275,-3.385869294901765,-0.03312416004810359,3.1964510354976454,-2.9735323238583415,3.3801330362049953,-0.18405829289357456,0.18222416144923415,2.41349521131038,2.2316378951591673,-0.0258382070161165,-2.364081267673864,-2.437437793231851,-3.5938838081708084,2.677653171906229,1.1480799135067237,-1.2156117621828737,-0.19587339311127394,1.1796358780545475
7671,1.3687632079014982,-4.658243842706476,0.15216328299397475,4.3213311891212065,-0.6175176513273177,-0.5664961859823325,1.9908589619808232,-4.381417178195207,-0.0180617164427348,1.1293119060736103,-0.4284133050893857,1.7077213316732376,-0.39566933744800536,-2.757955269836396,2.5017903626570934,2.3439295881231104,0.06762598841559964,-1.7597213319105531,6.0039461299292896,-1.9506572490103053,-1.591897091180213,-0.93490355221084,-0.9337185400960735,-0.5927696974349104,-2.678951080824884,1.2808950593746857,-1.4324931099077176,0.21308932548072157,2.0448559971865663,0.5726038086932039
7672,3.1065687207797446,3.717727826340038,-3.1600383900062425,-1.864509748915804,0.6545595465335929,-2.454307954730803,3.819371227541758,-5.724435955912369,0.45544331432085094,0.7051802593289125,1.1363039799245511,-0.3918628252033649,2.4015411438217136,-2.847150402270051,0.11323740265660831,-1.6585097266905748,1.3719495563429511,0.618932026140218,3.849596383350665,-2.125146383766328,-2.1243436064270913,0.41487536104921663,-2.8094265564666525,2.794444802257132,-0.0018896753537802624,-2.360090959647593,5.731461693264755,-1.1947751819955146,1.4316262412112941,-3.6063321174765637
7673,0.9469412863654014,3.7834494911655874,-0.37546493178775364,-1.59904896601725,-0.9128113745552469,-1.8430655051702427,5.58683742195451,0.9114109315081649,0.19639959494969617,-2.6428760006071936,-0.9182102350020411,-3.1335617128027806,-2.746099837928444,-1.0157141342365072,3.9236336212067044,0.38791600001636795,-2.499156246677945,1.9494205976207049,-0.3038791590487122,-2.186679198980393,0.3885922087694489,0.3831916285939432,-1.6131530673491365,3.3319275880117303,-1.1506527855093864,1.0582462095146141,-3.4721534789545707,0.4721166560037453,2.8946012618028796,0.19784213714531518
7674,2.7385264209529154,0.4251580662576515,-5.644472924485722,3.7646803983399515,-0.1731782504017223,-1.110713710662571,3.7502814065290053,-1.9303686359364,0.21061265022848197,1.236561219070019,0.9134458037939313,-4.1805324436846725,3.1316332019651547,-0.9216049629324807,-1.8211361675408249,-1.946542103550259,2.4973780355265482,-0.9397280034672271,2.924627489945884,-2.770733067882972,0.3078655217410038,-0.08963818316863925,0.7648124170820694,-1.1369341777204411,-0.31798794937756014,-3.253547589575099,1.8332844081536521,0.7798385445309375,-1.3637753477457633,2.32218793401643
7675,0.35535586026093924,-1.6144746524069475,-1.1326727461342294,-0.5737188846560173,0.7806128096723777,2.1848976132643756,5.036291417856571,2.239298918435555,-0.7023852044025629,-1.47985503706529,0.12192570754331022,-5.21527580236717,1.319417554772798,-1.5351998905037298,0.5940803755317212,4.2270157394675,-3.0157823292600803,-1.5895314500072715,-1.4500521726732956,-3.4533203876511926,2.125382726639817,0.19975635148673287,1.9552326172998153,0.6230008648950189,1.4729908280011763,-2.3639436203967854,1.4983989140312701,0.11852169906149612,-3.550868515662838,2.8249006949683064
7676,1.034267533653889,0.9897219324907027,-0.6597782626986302,0.2622545006165353,-0.41517204963159626,-1.2112936544304134,-0.33239496946355374,-0.11537651006663907,0.30133278224577253,-1.8555965365621638,1.1198252648123015,0.8822099690347329,-3.205881817028594,-1.1494268941813548,-3.3021843637755737,2.0908998986705747,3.4485648457733973,2.1180283305424936,1.1722761476051602,-0.5229567408754772,3.575013881239361,0.8493056035403868,1.4809248676773255,-6.554563759189836,-0.8674044324698862,4.670020716070976,-5.83275667254571,0.15517304857020608,2.5839136137665086,-0.7089462733894667
7677,-1.5351999626100383,3.0899268071636854,-4.196754551049505,1.493248333379146,0.5461251391558752,0.6026542339613279,-3.270322498645161,-0.7246734240588673,-0.5335422108757939,3.542133179336723,-0.9947652628762285,1.9811702171197823,3.216673681825661,-2.8508202223288226,-1.4756028774521184,2.18616442203108,1.8907692698156104,-2.9671842738904726,3.4581902542155873,2.6585006102232818,2.6613246429587036,-1.0508050315439896,-2.6191908689316357,-5.108019606925023,4.274119760136326,2.1746212284565303,-2.035007617115191,0.22147500033811962,-2.6630276948391085,-1.972180676974041
7678,-2.1725130311160203,0.3924127636436694,1.0664469578074325,1.9904409396860778,-0.1908649433326346,-1.0859226866880114,-4.866688064990129,4.653292531769917,-0.46449777916498736,-2.5897362680028913,-0.7488439337254524,4.016473514114015,-0.16367933443858718,-1.0888846312940075,2.3286083638989155,-2.789361496608297,2.141244819343264,-0.4279277209003567,-0.6881117949046676,2.73293220288134,3.9853148211299043,-0.13267564307347524,-0.7038214252816637,-5.193638160754492,2.8263074097020464,-1.4304917039075384,0.6655214935905605,0.5621800712527909,-0.7964588904860417,-1.8270583801491682
7679,1.3173031524459127,4.57809849786873,-2.347653692333065,-3.248842273807089,0.6336103321341171,-0.932516016308071,-1.1562958732906417,-0.6316997198048391,0.677066890888482,1.0094914701059778,0.8312521638442796,-0.7298149317428013,-1.684598137520787,0.14991493314249738,-0.34426268808430294,-0.7529054036660376,1.3762065440445639,1.2556447520850043,-5.407003936363019,-0.3439931320447691,2.694244832707991,0.5243509088090024,-2.6353172925366675,5.167718619424363,3.804434309026963,0.1767408950442224,-1.2607151610814178,-1.0283253660916976,-2.6385119570106443,0.9463772801152572
7680,1.5213655031750548,1.4261548937446626,-2.950582577114915,1.2935336381459948,-0.1360547439135189,-1.1544167140367314,-0.9400093224214245,4.383504240246257,-0.7172791414953803,0.30302020988079725,0.182931975974987,-3.2121679621847754,0.5750332478396523,-2.73661000647847,0.5798711175092635,2.3813951813318255,1.8124592480123276,-2.612148788213654,2.3312393052648233,-1.5869489389351497,-3.2032522482836026,1.1719887681760097,1.0764454811613628,0.21052763261341667,-1.4250197126307071,-0.44877640188256507,-0.5692068699599133,0.71947747738575,-0.8359276621846554,2.5594531692747537
7681,1.4017110789379892,0.9862982642909799,0.607760466672211,-4.8842491815556315,-0.29320622845375843,2.1816856001087377,-4.593507139524437,1.5030770018623514,-0.6028740621781372,-2.6889250189941762,0.7032709253717488,5.678958293463097,-2.2917310197549714,1.9076972693028154,1.8328158407029278,-1.6462085799600636,3.2676264911601614,-3.070200001449937,2.9532422456937333,-1.4980293845935684,-2.405527201066949,1.013324640373348,2.860049177709678,-2.92305947811937,-3.1612804981347438,4.729391313046481,-0.7654001886484672,0.6142863877089706,-3.58833820900964,2.1713411950400605
7682,-3.0051769370280503,0.05341354932517817,1.0919144486169827,2.4211067569817644,0.3353285791252487,-0.8965863970206307,-2.7532429675191707,2.1414986181823537,0.26593051350814356,-1.413331647770427,-0.13604866103655944,1.8951941446361218,-3.1317860444966428,-1.5418233930044334,4.08071085803066,-2.9361864027798017,-0.16740031594156335,3.6964852981927265,1.4406156641542012,-1.6724574188036794,-3.806905903861571,-0.4689222027639355,2.405775958600241,2.1018939026716197,-4.5677863005045936,2.7188715806429755,4.595539778387064,-0.43037672138692074,-1.2745252652723575,-1.041723071863462
7683,-2.867385688846783,5.032009947125754,-5.666681380939849,5.544521932985493,-0.0492934302201371,-1.993171380103984,-1.7372371037551595,4.738857863326999,-1.2002329325937557,-1.1749846482104243,0.24603768218501632,-0.8724408609522172,0.966474844746692,-2.3479506909209142,0.08868772153905269,-0.31630267034359605,-1.1753832287048116,2.7844740236845205,0.4711425153225619,-0.9067877605937547,-3.671481795752017,-0.7016857592021042,2.2986172028208056,2.510195597401392,1.9117016320942355,-0.9981219191766968,-3.2502763246191115,0.5390757361885692,-0.022989378973164776,1.820610254488873
7684,-2.6857121453944544,-5.50957988357543,1.774748058990184,5.70633874187601,0.3251089720060589,0.3890962560981297,1.9449439993454014,0.6593296967120281,-1.0402957069531453,-2.0967790601256198,-0.15264422762627028,0.6854452986480979,-0.3172753481809778,3.786196016224185,-1.629109998136535,3.628503786625849,-2.5181755175098672,-2.9501389390217074,4.843516170359635,3.0789001685425923,-1.4037822009275072,1.045426879120246,-1.7109863857744632,-5.853074631323647,3.068019246451165,-1.6919318958498408,-3.7878209413157826,-0.39314504265958483,2.2933206314436525,0.5115580019331016
7685,-2.4940345923491964,1.9943909521756105,1.0842027521097073,0.4535866646239768,-0.6261009907178066,-0.41204478584178084,-2.1581541893376084,2.600868187196067,-0.9258255078975068,1.5576075801885771,-0.11529985217943928,-0.9591962179695983,-1.400296072317385,-1.0311407118697264,-0.3095497633399482,3.9261187795447157,-0.034828108827021254,-1.150304123189656,1.963108100275246,2.855925278989641,-1.026767225993419,-0.695219480574977,-1.3409068301019005,-1.7561398425977437,-2.140634065569735,3.694095635593282,-4.4888679994397975,1.1875999773512236,3.0603676695878903,-1.3125612175201713
7686,-0.6251757288442814,2.0505731498601634,1.7963781207697913,-4.235838085596523,-0.30163652580628697,1.3156990696176454,-5.589922158825917,-0.8504623978656092,0.6855497788473075,-0.4167614636189665,0.21362200413594223,5.957974237327708,-2.2786145087261627,-2.1526411255818996,-0.8274453423418962,2.8029846312009745,3.7582997586247338,-1.3025834131748262,-0.01726076703286239,-0.9247494639539369,-3.2999794663423874,0.8037435518781502,-2.2673746695107155,5.705620814958614,-3.149352672375521,0.9837434602540291,2.5915425365262195,-0.4425455818689832,-3.186594222034774,3.2032064795017305
7687,-3.176048415749909,-3.8119513080798306,4.604010137706609,1.877773440933968,-0.32598037883181186,0.8321965240214801,-2.4500094867105346,-1.5182630983149785,-0.8241161528186778,1.101419172087713,-0.17629307529520233,3.867262641052143,1.7329127113774803,-2.152388814602247,3.450301849740171,0.32334544703866896,-0.18527739344341043,-3.168893800109739,-5.146927013148488,0.7922332945661665,1.746265528755032,-0.7899178819085106,-3.1285843203344665,6.526930392067143,-1.3984540013025608,-0.39025978918437687,-1.9622064859860515,-0.4223722982183755,1.3467039011246662,2.826588673569404
7688,-2.4525100903608514,3.0829356837994624,-6.1097826794261145,4.233620763974262,-0.8831815534174248,2.1289178754311777,-5.787484841430267,-0.351469282608452,-0.9525377246072502,0.64217965629717,1.0513422136961719,5.3979699786531015,0.31023787473655773,1.1996092669968057,2.0777170979326556,1.3260632070290441,-3.6919260151253255,-1.2217014315688406,-0.9456499465013657,0.4261256303149601,2.1165221402452943,-0.37677243740586963,1.9805813461172193,-3.2008067327733905,-2.5417913243701484,2.113268223305674,-3.243832808456837,0.9620281594018971,0.38320188361221064,2.327125866509924
7689,3.1360359959159325,2.5684700784705576,-0.42058419893099597,-3.070282329637635,-0.5510997506001725,-1.6625397952171497,6.023896323213293,-5.698665319844956,-1.2041651119890684,2.9811760156339417,0.22416159882379816,-2.326403505836545,-4.091518817040628,1.1113317282526936,-3.1000293947737294,3.0302255654572114,0.5857997583094594,2.4641911597959485,-3.686013357176723,-2.8667341276280176,-0.7754997180304688,-0.5159365652047398,1.359149113229023,6.4850346548077695,2.1840275404624627,-1.8120541633106626,2.664206959321625,0.7201887435162666,-0.9136686996943517,-2.842700380292621
7690,0.06017453999623612,5.368586184609825,-1.8566756885856393,-1.8269906855557458,-0.5958454245833777,-1.1492489258807286,-6.097960894639311,-2.196196151396041,0.25257854625613163,1.021769333901016,1.0759119253805762,5.943897240498078,-2.117641925412247,0.38945358460285107,0.27707068061099704,2.153854598306083,-1.130374729651205,0.4276377915444751,4.552849749563638,2.7772136231200832,-3.5616159557743057,-0.49797848426238733,0.5285979665568803,-3.79906689920708,-4.332337228342022,3.7078409408930284,-0.9974121658743123,-0.39840285443906165,-1.1025819567259134,3.1228932644909904
7691,0.4587324094855152,2.0443678489866386,0.3350381626905481,-3.617014199445723,-0.2016374956794893,0.9805132739630817,-0.732084458172384,-0.880752528107525,0.22633939598957298,0.34027054371841103,-0.6126428149325482,1.6588698615048934,-3.3136796485033617,1.3658021968756984,-0.5633667671841707,-2.515596037748532,4.117556266677955,0.9092839898833667,3.7074984565393905,-3.2381577582772696,0.822934638378797,0.6975212490131586,-1.655738624762357,-0.3340579608948886,-2.8287039241613314,-0.27556076193849677,0.17451511593598568,0.6234860072033088,2.753858087340028,-0.4475945243767647
7692,1.5528808077348977,1.2503070247202182,-2.797989354804777,-1.952085201254416,0.48683165591423805,1.4600550676904298,0.39561367375369016,0.3579787527406353,0.5005712977751005,2.6345415534080523,-1.1672976197491702,-2.7214076579278625,3.172486387420026,-2.8890965414108614,-0.3128876159588323,-1.0671679661209872,1.0054519215720852,0.09121381449951471,-0.3037157790189333,2.0072733861063163,0.035106591260959163,-0.1413403535683111,-0.7418448238958835,-0.8554790208872944,-4.419829026261832,-2.6910926775816613,3.66768377886131,-0.8559881409245085,3.692465455379402,0.6067606105300083
7693,1.3480461456046022,2.0350335820799934,-4.739402059944975,1.5010666654351006,-0.4610186436927932,0.3162743105186472,-0.8344270024573106,-4.306758405216428,-0.232063951453914,1.25275636181658,-0.3897564002693512,4.510249397580875,-1.255403645337239,-2.108269188930496,0.3332904915594952,4.243798223742775,-4.206364936478478,2.9929490554448606,2.2397534975626456,0.9573727022800824,-3.286485611626361,1.1495507212957312,2.813577956744801,-3.873769266260023,-2.3752628746093443,-0.5854505453911614,1.1079607337158812,-0.06656801302977833,-0.33752648210323066,2.2568471814203512
7694,2.274169949247675,-0.7450456796013327,-3.4507546202011667,0.4017361681470675,0.08330476308618096,1.4365894193221767,3.5102862224604614,-0.8898386791135486,0.7966295369969023,1.9924426874264576,-0.6238205149529064,-4.785699252816901,0.040746444360507894,3.289695422665311,0.6517997895854108,-0.822634294787651,-1.2582441479192727,-1.901363213903398,-4.706259185872927,1.9694774820408671,3.059874008908004,0.008635192403404268,2.1257932404091733,-2.4575207378916737,4.447676388175129,3.1608931111141523,-2.562719282809333,1.0531973418506633,-3.5418234338411114,-2.5572241244867797
7695,-2.541180162564407,-2.29233117810438,5.238917822948533,1.2126777707175656,-0.28372852282108196,-1.3343557301756395,-0.8074178924158488,-5.154381814339594,1.0018100279315911,3.117212494785413,1.1878609367403508,0.6549162472985444,3.0659566218069756,-1.215735872984812,1.0780970967994925,-2.8128779661717367,-3.3798461768363417,3.264406297387332,0.5965110888427212,0.611369365303716,-2.520279363354536,-0.3770326316558732,1.168417301019888,0.5210142398409339,-3.047753994221594,-1.431326907172437,0.33960157138885094,0.8176122987995207,0.23262799362195352,3.0892390375864736
7696,-2.1070182361694894,0.3979816888025951,-1.0026962046149528,1.086757100235424,-0.8365246654549672,2.461500317201999,-5.513642449414213,-1.8660524827095522,0.34143923158265554,1.3060011519668713,0.25188112263214446,5.480373425942513,1.2355051497715088,-1.7643860283846742,1.7729325728253684,-0.7554648998520719,-1.2712073522122598,0.7826205578530239,2.1961692269925273,-3.3668325390721883,3.967234360569428,0.525547168855498,-3.0443444185754274,-0.27777379877300845,-4.907922201855817,-0.4523111806585973,1.710873242456028,0.09938914170182223,2.0395490446279254,1.5104219537314272
7697,1.4141796683283978,3.7102987949480557,-1.79484914442018,-1.4198904645465653,0.13839707924109623,-2.0481359335502063,-0.3011380208000993,-0.2872820839309149,1.1833157905599156,1.0104492844513224,-0.3927455645959359,-1.2125994056839033,3.7984832485136906,1.7288882504984038,0.2959961864784617,-3.3890259512931227,0.04395041559807211,-2.478292149794626,4.654233638901321,0.5439772529661564,3.222388846048574,-0.8954116583607039,-2.3895035538581055,-5.135684525700395,-4.849481177645517,-3.4947244181361548,5.521625045632916,-0.9741558360355853,0.2540028326380046,3.542733553549148
7698,-1.8174373238348807,4.962756280371099,2.9323451232423636,-5.646157297760816,-0.23214441199509706,-0.19936237002207413,1.323442760932295,-5.522896761044123,0.4883703429057604,-1.4300873536544927,-0.5308745645418842,5.672045575402841,2.7968410655552525,2.7748650663385668,-1.9382852628205711,-0.5355368280625115,-3.949786194748672,0.8519021537388163,0.8380734354192967,-2.5545131181829674,0.7404477004437453,-0.3506867931569264,-1.806578954077274,3.1332577295509303,-3.9972227173013337,1.0348155085467035,1.29884922091912,1.1010148897247038,-1.1394504405837313,1.7019935386973302
7699,1.6189442520650665,-3.5875406022896783,5.110117685840894,-1.6349366665733314,-0.5391977038220448,-0.9673869652203599,1.881315408490778,-5.309199557594965,0.5197373230383358,2.58177464405766,-0.24704493277026796,0.5734171147788665,-2.3698255920372304,-2.34849237195645,-4.117176829887098,3.6251670559102394,3.3416332981794596,1.8686944397919696,1.0621675950064073,3.4849089916403884,-0.32945482165172635,-0.9291889703423131,-1.0647236370636293,-2.2237091575922925,-2.6932316787519,-1.6763854746708127,1.0442555539925458,-1.1695912005146036,2.426774494193122,2.068178305754433
7700,0.4162052408415011,3.461046850890895,4.478038348285626,-5.605938449952813,-0.5590378811142886,-2.190314108950398,5.405536475757799,-4.130409849426634,0.8534376303863755,-3.31434192195489,0.15037573833865014,1.0354019268991124,1.77722620109952,3.718941753652551,-1.2018641935795227,1.6743695515949923,-4.176555182187167,-1.7921181305795102,-4.34862048713315,-1.3293988970473265,1.9867752325873553,-0.2617131368561525,1.0142081749547227,2.938749113491369,-4.60552795780672,0.6839770431234946,0.15576101279655674,-0.34012999779844666,1.7654882924307564,2.3404316072571376
7701,-3.10171387278916,0.5639593290569707,5.488688719112705,-3.940543608359146,-0.235073849190222,1.2246832821693516,6.208940219894771,-0.6807764416622959,-1.2420430904857445,-0.157288117612854,-0.8039760489537722,-3.324856521179683,0.8109507458557275,0.4009220863751324,1.8880438227007055,-3.175530428767882,-0.6023736751905169,0.6779874490276416,4.470292068515729,2.784033532883985,-1.051011659515975,0.5544448906388073,-1.4977888275830065,-5.25997000494273,1.6715202409064709,-2.2366212602086364,-4.905853167935202,-1.1601439726003697,3.1967622158366424,3.4343359440039016
7702,0.5347946709928575,-4.856518822199643,4.163578666855198,-2.39681926874918,0.7515074468795566,1.8034573062217198,-3.4979759281607805,-3.799859975600416,0.09638319115965643,1.0757734059102049,0.6260713981066051,5.499607908585176,0.7476255571744268,0.1002627665572895,-4.027146068284457,3.8773320618792546,-1.9767903694192785,1.2787160520935537,-0.7924294564490744,-2.7772187984144523,-0.19719472628564993,-0.22290660133757179,0.05220620672320386,3.937543375760331,3.0289354110675966,-1.6329419149459028,-5.876877674768444,0.7795408640165027,3.686025656765999,0.01531765786706174
7703,-2.6070546933216185,-0.9383192211311666,5.1805678280316805,-2.9839222055727745,-0.8611045435958533,2.209832835590243,4.780284137543074,-6.110211546340672,1.1964661512623653,0.40838604088339636,0.3232766727440586,-0.5982014560917897,3.62351741211274,-3.061928484598475,0.40892210188845013,0.2051816824723076,0.7531283281039443,-1.9288210399781711,-2.75667339179493,-0.3497141234268817,3.752357508257461,1.2112967589253678,-2.1775006871652938,0.32023393520104193,2.7699440517032947,-3.2352402533038713,0.05111992710364888,0.09068634571114487,-2.6137448909300396,2.937234819718647
7704,-3.1940796824678603,4.805708903597203,-6.188077274721298,3.033116344389171,0.7229025062005956,0.8204292030027442,2.204529317850721,1.4108323812528596,-0.9269103900766194,1.3933044940717672,-1.204216160413461,-2.8775396426848516,0.5142987492031281,-0.770302715016765,-2.816156692839199,1.229206560306288,1.7811810302523625,0.06177306809498084,-3.2256593145044192,3.093889407353519,-2.5557578958098954,1.1522976047313085,-1.001229913770736,2.53646011199697,-0.13413409680502397,4.788009626738241,-4.085739529960065,-0.7225111936859641,-3.440862964911659,3.595238158627321
7705,0.03568947934827982,2.354761865230639,-1.3372246410159292,-3.6068854705392113,0.2797487543066586,2.273910012670088,-3.09641812070965,-2.1244889345305467,0.7203879892586027,2.8302069985197313,0.1944417631334474,1.4758703043288293,-3.1685877961271647,3.1887315752414516,-1.202424221916587,1.3128434873387747,-1.1358232996415065,1.0052602551058563,1.2012263690607412,0.4346911770049502,-2.8307460977442975,-0.2910850806128735,-0.8885840724183893,2.3744977047066236,3.3338604593299017,-3.634407242877792,-4.758328667599574,0.3684740714513559,3.290880931238611,1.3995204484603505
7706,2.5464987931016836,0.5767395719611521,-6.1270358439433075,1.5277982144825515,-0.09672280920972343,1.572722073608162,2.1321965665989,-1.7035710878377337,0.06672231390429317,0.9199487869076464,-0.35913874861317563,-1.0561578309595028,3.039861180675885,0.4168020032597006,1.1425269756914318,-0.7027627545266313,-2.9716256825151284,-0.9248017225844283,0.9404478160010079,0.3103502068119717,-0.9091481601030083,0.7563247837690081,-2.1080619244818557,1.0100872779996308,-3.3004009477792025,-0.23242936064626463,1.5130726923877056,-0.21607389836963442,-0.06628781412849882,2.3021193285387334
7707,1.5965973701622609,0.9785450847942094,-5.143561759044417,1.6436337821982896,-0.2104695585803129,1.1352550804704844,0.7084511276791687,2.9649722974145476,-0.7824197720948458,2.198930196048714,0.19313041940009779,-5.283064268447255,2.934081431988602,1.4125917807547488,-3.7910490956814655,-1.1111443520034463,3.663519641636139,-3.1079994066937413,-1.3111003922349767,0.9898143868627969,-3.252829198737878,1.1843095558573058,-0.4978635346695821,2.8876691829190833,-1.7585375319291074,4.646174728371683,-3.68791798267711,-0.6034027725107034,2.582938415795219,-1.1792548570471695
7708,3.4729089694661184,-2.705055630088207,-5.457610066313446,4.374176169041743,0.016625318026426417,0.29895523986788675,-2.4914552842950677,4.32960920744533,0.02821372976929748,1.4765486640878152,-0.8601962373362824,-2.4827200796706457,-3.8022266787896672,-1.7154642200018948,-1.748363428853505,1.795981159085997,1.9487748624001995,3.521298306159707,1.086770725780923,1.7799573800152242,0.18775527480696752,-0.24802561090783648,-1.0216181662525479,-1.784839603445981,0.247487183787495,2.5988532282538443,0.3958052794029925,1.1108257536128443,-2.3486136964472024,-2.0043577486071555
7709,-0.7013950614636997,2.992861630237016,-5.342458534281199,5.510815573576668,-0.5095259673361137,-1.9502976407321686,0.6537986906672089,-0.5435754189285973,1.2345612626526759,-2.858900241606321,-0.5505432735043785,2.0646589807198694,3.223168916213943,-1.5164437204019752,-2.7002291949360337,-0.8126471941429969,1.4435852112500385,0.3625659820178768,-3.876015036266619,3.3452726325996522,2.8501795486216572,-1.1035659266336388,-0.2614506619749015,-0.9544205563494046,0.8727882487781145,-1.530095995056012,2.6102598631943437,-0.6972396450573521,0.5584539647867786,-1.814166436643081
7710,-0.8301541751549468,-1.5637058028325512,0.3546151976529508,2.7860463376985045,-0.6834388910748399,-0.06336266628861509,3.612057000723528,-0.922638603517715,-1.2149873575641634,-2.5123638361064504,-0.2166584943651957,1.2545912908304402,-0.13348118299325762,-0.8738867386598947,3.4184014736448844,0.21612495061405568,-0.583681535093163,-2.043476967511781,2.7498232818220174,-3.3149335660998958,3.4667108729193217,-0.9431337004562454,-0.8175821886858277,-1.1408846995025712,-2.289532729779552,4.025665841133563,-3.6956777437847457,-0.0675324314178507,0.08816442243410982,1.9389126414172395
7711,1.9943698305072388,3.1624474830145353,-0.861150462085277,-1.893684284279658,-0.21830144414577957,-2.1836811230105626,-4.955022448825545,5.466256693756776,-0.7113733775257485,-0.24217156887449853,-0.810586037315784,1.2528967387852248,2.8074322895750683,-3.419985783574493,-3.205509019940008,0.6272345026173873,-0.10997334110390966,3.3008013524268023,-1.0296500303638787,-0.29189072802771676,1.3677781073772763,1.2114443242617892,3.2393818275918775,-4.497063500842561,-2.133315492282172,3.2293827970353384,3.787296683326037,-0.20494588788866785,-1.5051083575217419,-3.1733097426660244
7712,2.024274338988363,-3.063938140608215,2.491898375613257,-1.6677366359202992,-0.33138812285551444,0.5468901847828906,-3.98290286317744,4.2753644714978165,-0.6861978664854007,-1.1919345294826176,0.7086660151956803,0.8770047724523913,-2.5134903564839135,-1.2376205259268378,1.1695095071510764,3.383548974960302,-3.506200626794497,2.704253027094744,1.7194547201732782,0.5976355674216016,-0.6448866868891194,-0.7257158647533792,1.990720396914229,-2.9372081328698023,4.26962523717517,-3.21428393692225,-1.711838565106813,-1.1211798653854101,-1.339717267542122,3.117394397784185
7713,0.9559202305723016,-3.1571180800266028,0.8886847534757294,2.1165309585458765,-0.34886627156547734,-0.45515159100137836,1.9765548844327654,-1.7431072789962236,1.0100401305319426,-3.346581273438142,0.8171168539233742,1.2859766835467212,-1.6740282553109012,-1.8576884638008053,2.082441366960925,-0.9343420375869265,3.988770247769228,-1.6051528580306318,-4.742471542180358,-3.3271479003393356,2.215234735617482,0.44805119096693335,-0.7202711139076836,6.126604629839804,0.5422460191033558,-2.355142987140301,3.4538251206749813,-0.8360177505388915,-0.6796413450050967,-0.12526905709125913
7714,3.2640359273741986,3.672193666270914,-1.0838332745713117,-4.18020414875998,-0.5821234469844747,-1.0900687233288604,5.788457727272085,-2.3000209545940358,-0.6089622527240861,1.660439214448683,-1.2222026462040194,-3.3177110881981946,1.1646198187334562,-1.6759092308691113,3.087737737171814,1.3103717232221612,-2.712276382098114,-1.1745436661593516,5.145484246020047,0.18568640332808073,-2.1838102450740724,0.20150359209772084,-1.3237831725702733,-2.025080823804686,4.804030384156949,2.573407708673006,-3.086513520101139,0.4149657514306835,-1.225929785496561,-3.479960538660116
7715,-2.9004927631457242,-0.901380256734921,1.900378054257228,1.4256443086848414,-0.2920495705363806,0.7679002274754101,-0.5914286465825285,4.584774270358309,-1.018496795085512,-3.7492841232551815,0.015189203184784006,0.7592460913805645,3.237969193515486,0.9615259805151588,1.0686382710337945,-0.22533558087334526,-3.8151388309654806,-1.2276590332247554,2.8744131288601835,-1.1023678407785678,0.42364242417728093,0.3244929877827083,-1.1744603448559587,-1.3457203551888384,-3.964553341721139,1.378022821701343,1.5892399178398584,0.475816337059233,-3.09842581473932,3.619900079862873
7716,0.4821295870898492,0.5815464390905483,3.624217344262213,-3.7861418194280496,-0.4947313103399691,-0.407020240674127,1.0617906207569447,-5.798589997678938,-0.2845743002680061,-0.4177637770826532,-0.2588336795686743,5.697971133841762,-1.0284013779196037,4.052706518303193,0.26863241854185915,3.2037742914890863,-3.3986786350303344,-3.098033215383362,2.2893427051089468,-2.988761570614786,-3.799598039932043,0.41029992937361204,1.9375205124377999,2.151196463623254,-0.5554772729627828,4.807379033255238,-2.4355866462247704,0.584490792846224,-3.2535407230780624,0.8527348161670183
7717,-0.7380692927607697,3.8572712328646226,-5.072177921456156,0.24849957358932784,0.5250932509995461,1.1793831567638673,3.4487230462983334,-5.9455638988502315,1.0548210925075638,-2.864310869149861,0.5075571097889728,3.7987735194056604,-2.178169035800428,4.117098783752052,-2.3152986904486124,3.778233176704088,-2.0400180743109217,-1.361846159895327,-4.5617493455838805,-2.3103684720182365,-0.9601183590295435,0.09986348891399466,2.135178703874148,5.597193983840327,-4.6686334208687885,3.0848141878404185,4.15169691745762,0.27386703554580905,-0.1487396228730553,-2.693005097099153
7718,2.2875745322107086,4.331740942264769,-1.5175927931065765,-2.8093383409970514,0.0951721087536912,-2.3875564491251167,-2.825389802199208,4.970118179815557,0.8228252976316757,-3.557386822147956,-1.1530742091745116,1.7429073560748591,0.6448636183431624,-1.6061364757654353,-1.5558145584192928,2.4710662844648503,0.03197617434350164,0.014044957034075267,2.725423089834319,-2.414887736677599,2.4192703772174937,0.28727555934877547,-1.1440403541131214,-1.873040935613048,1.7224868220099054,2.773775378679499,-4.981986902265067,0.37678024342841887,2.7447442278093774,-2.635799769659286
7719,0.24545920632730223,3.636315105762776,-3.1877820280927445,-3.385129386019006,0.5387373231488302,2.1523997788732583,-1.8507016293906773,1.1153625524003736,0.9467115115576856,-0.46063179614970906,-0.6508777980774978,0.9001371596602326,-3.034955896205757,-1.069659447195102,4.061109449806128,4.120422062052572,-3.7380797562233017,-0.33883641223368066,3.490741905796881,1.6348357141134802,-2.679560504449789,0.18682766469426326,0.8257639408336424,-3.458608720991652,1.196001927953791,3.871530483581896,-2.897906643535606,-0.10504227873133765,1.4534370683397917,-3.518020557605709
7720,3.2498441526954345,-4.177671537300633,-1.1399050225630738,2.269711450132572,0.22455037286958968,-0.4265294158334729,-4.506893630537984,2.4493749178544277,0.4645771180700988,-1.783632708144161,1.145423201060253,2.23115110169773,-1.5690247205664747,3.279891497203028,1.0697988428446372,-2.9010274819065636,0.6851318101317148,-0.5647699477054999,-2.0128205398642436,0.1381007138333512,-0.9010727826544915,-1.0038054117012747,1.745926825981872,2.0336711944016166,1.6279715754397017,-4.298118534460928,1.508288143440506,-0.0902624616332659,-0.4811259967292081,1.7332472739460343
7721,-0.2838265934677011,4.881460221134876,-1.5121462772256749,-4.663477473855128,-0.9030194345676512,2.4810095579816753,2.306021767923532,-0.671237089525782,0.7870155878807852,-0.4809254866715733,-1.0733421247903867,-0.8675326548162232,2.2281302335909743,1.3526037187937234,0.7304921901809642,0.5455132504372102,-3.5863451427870547,-1.270394250214995,-0.7053919841490632,2.2402859457297453,1.084244131156506,-1.0219037928303156,2.847982547977807,-4.445216847887849,2.3937534852576157,1.2236695287004977,-2.439029474997831,0.6049175284141315,-2.68891833770868,0.9056072703370592
7722,0.5921214540940305,-0.9511809693035964,3.967919395883481,-5.492051177617032,0.1932778334696752,1.6899134634738289,-3.751268661801273,4.887534370890897,-0.5444506897183894,-0.43475680266426053,-1.0631056723969143,0.9060474556903166,1.0860195046086965,-4.005306234174654,-1.0751550245574997,1.9748153734664484,3.6598690944940806,-1.640242713836237,-2.3459105017280315,-0.7122209209595187,-3.7019860981210826,-0.6265298148506693,0.8336193190600873,6.553028016596073,0.004432546540957816,4.956213288099907,-3.9824045725568453,0.7583056491585518,1.0999567199334699,-2.83650363117326
7723,-0.9316317092195447,3.134391669348389,4.659533457098171,-3.4132575428637644,-0.9909650447204021,-2.458070829642523,-2.2342663366682523,4.112271605293689,-0.6125691536376143,1.581663739677957,-0.8918931225045466,-1.9552067321608497,4.010511478707777,0.18270303213055428,1.6287775322801004,-2.4609960643139654,-3.321698512113631,-0.03929746669000167,-2.3154478530642955,0.41090126671863025,-1.7158834703385768,-0.2215243797808828,2.7274614880925547,1.1144929483693815,-1.8216741531771454,2.4789675574914654,3.9700661136106348,-0.5443800605778835,-3.501032286818287,-0.5819471705260018
7724,-3.277298411153957,4.18547304055657,-5.181289793582753,1.9155680050365547,0.6495126824566566,1.7080344766872706,-4.808389805477415,-2.328385258701225,1.0934286003117606,2.8959870300381567,0.8237725413684869,2.3235868924606535,3.0019138185984033,0.7488066712122325,-2.951258562188185,-3.876231584814443,2.8404694415956193,0.23630021559720404,1.4086116164321112,1.0336988761134833,0.913785843303291,-0.2767472251660692,-2.2196706025283905,-0.859678508157625,-1.463549901284896,-1.596302550710071,1.643144685840813,0.7954099150327218,0.6350816735170675,-0.013783822392861467
7725,-2.9489625945103466,5.131492417055149,-2.487455089587236,1.343131555522227,-0.011840730599726124,-1.0263655578797213,-0.031167554431529965,-0.4688046566751396,-0.5948996650093399,1.1849657876712065,1.0864651551007185,-1.1765590666554857,-0.5502863201033144,-2.4126329027262123,-2.8794098320080472,3.841068216145409,1.523416580979415,0.47784425771357775,-5.254525754932299,-1.8053641954008697,-0.9743293180126074,-0.30971642782338016,2.1424447873212102,6.201490908844754,0.6912438980602609,4.3309553351517,-5.878971449132337,0.7205788325545521,2.2261019228041654,-2.089908539435603
7726,-3.217708019050498,1.1990596266909748,-1.5277248954930371,3.0987170339364596,0.9742497254547042,-0.526593471538277,0.943205618157414,-0.5504023523026014,-0.2321494503110566,2.3802874961661686,0.13635712320890558,-2.677298434918402,1.9256779721348423,-0.2396137407376422,0.853511350130475,1.4131812709945493,-1.2161280835673605,-2.7366287689540236,-0.20545694505254275,-0.387959841840944,-3.5899202605985163,-0.6038313636152619,-0.04972616546216457,4.8368945765662374,1.2517442390171851,4.525413621609143,-1.6757750838686114,-0.680767173581172,-0.7004189362877895,-2.720196666886057
7727,0.13940804078943003,-0.4189869381530471,2.9212488868857953,-0.9359728116302541,0.6444347090410893,-2.3501318869327026,1.3131164796065597,-4.815834854240844,0.3213246211933134,2.1939481518416706,0.6993324353311898,0.28811316626853056,0.5843610412828291,-0.21229653466984288,-2.1491622928360545,1.446255089327586,3.8579988656370325,-3.527156168740717,5.463873458725228,-1.3037204901801065,-1.8955688437311746,0.9389991285249373,-0.6189516985630625,-2.584631554779012,0.04341789400439566,-4.553366222998138,-0.6525227343322513,1.0260292207101012,2.0325766345967686,2.1038652080218334
7728,-2.6512896581383423,-1.0800767298478213,-1.1450419653003578,2.7880976339386265,0.6401716647713895,1.4481390545768225,3.483722970946612,-1.4284252618371305,-0.7639881939172426,-0.3382227050105424,0.7277398715466088,-1.6808266817278756,-3.6786680595241545,3.249869348123095,-4.141718757593138,0.6393711303791818,3.6595884699698686,0.2715578686459832,-2.9084389664835832,0.09520919984836418,3.2771685681458997,0.9934281814464354,-0.9036439743712634,-0.5537230085890066,-1.3210729018239071,-2.9238864777190514,3.187282584408635,-0.1979715661800281,-1.243884682689341,2.4995330440064087
7729,0.9722181496512263,-5.277587711340143,-0.9541313617863807,4.20348397923987,0.09928729379371593,0.9567296504420391,-0.5991938020396113,3.1791620306096284,-0.2587169157357492,-0.9225996882867094,0.2219873459464381,-1.6206389704935447,-0.793282693845498,2.4296888348293386,-3.856975444952564,-1.1150790245126405,2.892826009408875,0.4428223190733398,-0.2817017239189603,0.7413780499254763,1.39983764519938,-0.998620517393352,1.7738501997324185,-2.634743653548121,-0.08054834201406891,-0.5612939461324338,-2.595598203539506,-1.2327171153687555,2.9296355493425423,1.5405220577149557
7730,-3.0866458765560996,3.4823727890890375,4.8483570088582155,-6.226263889780441,0.05370496469176711,0.9284750036978497,-4.034011728784822,-0.9795263017288036,0.08757775802388856,-1.372381183169125,0.372851030002308,5.925490425656982,2.9259451510368812,1.7058188892117272,0.02670582056823534,-3.81611646952447,-2.9890181149052175,2.146664723613661,1.5810915251509314,2.9657333354442628,-0.9040500310027912,0.7536545258638396,0.20295331648193127,-4.599382671941321,0.8563760314466649,2.316889865188095,-2.2589782606647617,-0.6986917022946253,-1.1439214162343987,0.9283254825617977
7731,2.0101327956128365,5.682599092631612,-1.335425807623679,-5.3474103340352706,0.4031613236896492,-1.4130570702747676,-1.0032587552810845,-4.460773233758463,-0.9142135266123406,2.939601261012335,-1.0876117697410619,4.526256024381038,-2.3471220224882305,-3.737919704117912,4.044801524837229,-0.5942134779191477,1.92885629122323,0.7055973884656641,0.5704292750776183,-0.9141490158944894,1.3899677191484479,0.1239457633142198,2.9295392362127206,-4.099732977861656,-2.203148420056536,2.0791857488005583,-0.6066861777382542,0.8092220189655439,-2.165292924647799,2.0867197546792724
7732,2.7940426110780407,2.0026001306381005,-1.0971561686101339,-1.9157908916736517,-0.8046121152705392,-0.9790835661614281,6.092673945535246,-2.1540539692132548,-0.2629645633603479,-0.9670714287548297,-0.6292976722535943,-2.0792863119528064,-2.3718595215657405,2.5726955969386687,1.866283800238886,-1.6859068789580203,-3.277586133446574,2.8963731367936454,2.9958529049559566,-0.9741226734878996,-2.9783826791909576,-0.7824403584692723,2.36866348723148,-0.6295706810424377,4.518567173098024,-4.763204041479394,-2.6473759270612263,0.8594884978678676,-1.6529592886293578,3.6854835862068853
7733,-2.927822411995674,-0.7039207560236527,5.478638161045847,-1.8342477315509527,0.7890972847834736,-0.8017445462586643,3.6760484140217002,-1.8894723353456975,0.39327882848279927,-1.837126180297874,-0.6528424427726707,0.31011371591214854,-0.5288941318917111,1.6904198019177095,2.239459247537649,1.4155570652670058,-3.34022967461361,-1.4763123082161513,0.6349520912548599,2.4163914959289237,-3.756884300277269,0.3143939740760322,-2.906092140306379,3.2972388793206946,-3.918256952133852,2.5854476287193187,-1.7014532889554808,0.22272794799393392,2.7084056799708804,0.10312898440800566
7734,1.0565248461183145,-4.854487481319591,3.6852175830375806,-0.8010540327026305,0.6632752581731163,0.2505238266935752,5.086031142996582,0.4336204529780261,-0.010509778541282877,-2.3021360759838707,-0.6292941403590948,-2.57771160108992,-4.160695469858078,3.207780381889112,3.638362862827247,-1.386533234370562,-2.995828375149568,1.696913834662702,1.8997972095900835,-2.856528656491216,0.8998665303171798,0.03322213922564554,1.2715411771494605,-1.2478983997942628,-0.5686947700972276,-3.26753325497247,4.885702639413978,1.0531734312512988,-0.2723617763053383,-1.8302862692874005
7735,3.0702436245908267,0.49297942398854744,-3.038535015320708,-0.5089106250594426,-0.36043379101454387,0.34465638281569255,3.199127174058596,-0.025643799788035437,-0.7976904039916581,3.1473726527343047,-0.14066723255527336,-5.382498390457474,0.10657129289178613,1.1616293631289913,2.8991874863714884,-3.4665395789699005,-1.7030245710144207,1.0021760075928796,-2.1535017925969484,-2.074837764113049,2.715581277068214,0.7254168374877077,1.9266974733264473,-1.1393560311754634,-1.961899715606254,0.7483078403303978,1.0884789395454035,-1.0356005222843567,1.9242435956108004,-0.7635301375931647
7736,0.527488961705302,-2.967138639718673,-0.36242424099124193,3.5645626164710222,-0.1815527954856231,-0.5809359019804088,5.0733369806668165,-0.1653220289770303,-0.2137262839231564,-2.788621328479154,1.1496589022753634,-3.0553262415624154,-4.08428116669211,1.8516787537591952,3.3616901479085897,1.779069518621121,-4.213748642335018,1.305591388739046,-1.4404515700272036,2.3341242489525165,1.0683647014944384,-1.1237200039534185,1.8030177395415787,-2.641335116011007,-1.5980591312422021,2.803497239547088,-0.5088242130397411,0.5031773678038256,-0.2381226449186329,-0.9616686181475131
7737,2.84615981852329,4.633881688654789,-5.882609581050364,-2.5304658196198915,0.9498605752978433,-0.016826681805261146,0.20929236312247568,-0.8293247410104456,0.8670481460474395,-0.1397815603347059,1.128630124385734,-1.2358643322100953,-2.556133372224968,2.749805598982796,-2.6682563232931287,-2.2676288989017355,3.710246099661177,1.0319668957766908,5.524267327708689,-3.0088588559913703,-0.9742686998605343,0.08641647839312228,-1.9772502396574243,0.3496939894044253,2.201234551429952,-3.7830613542660423,3.3921522757210916,-1.1401898089818605,0.061474041954474146,-0.7316097058547655
7738,0.39636865831358215,-0.4389646235605511,2.8311708014030827,-1.5718672695486227,-0.6205922778895143,-0.5961152887175523,-2.6931235241012708,-5.406903793545062,0.8522949145683683,3.1750915847127246,0.7672826564074775,3.3053581619581394,-3.772398288205583,3.1493363725101524,2.55377826803468,-3.3866008919452533,-0.4159832716413092,1.8718678112481868,-0.7162155911096058,1.1380025867298098,0.7819325641860111,-0.7668376170830031,-2.805750937176615,2.368868994450338,-3.7876896964304905,-1.8297572608716273,4.5983330331431524,0.8167832410104472,1.5721323242489653,-1.3698016410976113
7739,-1.6091015370168869,1.2042510398624735,-4.968793343776241,6.226078551987314,0.37845456611940786,-1.2308892771756668,0.06284621565865933,-0.061935635823605395,-1.2475747787503555,1.5835631611182706,0.733549379600789,-1.0704483418033526,0.30851204806552346,-0.6212723641443958,-0.8596932742739831,-2.8153640774571524,3.890456259535391,0.09736140827550344,-6.064795309550629,0.06851255694621017,3.823595264878783,0.19132812111662467,-1.269275527916573,3.2506348945225056,-4.9838406954651,1.5966282226337505,0.12087349682468584,0.8274180605394275,-0.7439593277717478,3.1828802432418364
7740,-0.6845162252045789,-1.9841047801034861,5.771189647359151,-2.656868765087193,0.3480686428026569,-0.79376851976612,-2.4769267159023016,0.697745283119751,0.7933085132738897,-0.29104790481061116,0.6506133344109628,0.6263074899087222,-2.6061649908581384,-2.689651190733205,1.9044395232186737,-1.6272809673341708,1.7732029575574302,3.2454546681502947,-2.181522571349774,1.4251896297733975,-0.398052444224275,0.49778218837733057,1.6349685140661805,-0.9783653166459629,0.6537846193222165,2.8353185500309728,-5.233831418589261,0.0009017651107736668,2.059609477355064,-0.31578299322688963
7741,0.41033952573670973,2.3525952030600408,4.101571854150777,-4.993142235823768,-0.2208760464224544,-1.650488300700859,6.1136911962185465,-3.9798865878143097,0.7606959694240869,-0.01054410196835498,-0.16057105980339426,-2.723385416056157,0.8989337494472167,1.5067690432101486,2.7650268844375,-1.9746076606960692,-2.948284440371509,-0.24783757602638268,0.013225235074173725,-0.1177077943761553,-2.6584969520709336,0.5942885141758767,-0.04639904314693055,2.2150900403408933,-4.10264744407886,-1.5487116249352866,3.1826499776103425,0.8112270564022985,-0.08426197331658791,1.7417440083209605
7742,2.37651191568035,-5.549141209912552,6.057842517597155,-1.0373305374328545,-0.1745772962076202,-1.6733053897240087,-0.21862965979774884,3.5760047088966473,-0.6730001060312327,-2.876633768112921,-0.1349554898976093,0.3272143149433191,-2.4415179084477696,-3.0073032028755815,3.42491010943888,0.3040700650304018,3.298438527850813,-1.5785975909958463,0.49373929995997656,-1.359959072319576,-2.6741051894371246,-0.08958190421936418,-1.6472130178575544,5.277119883870597,-1.5696950797120834,-3.1320518374925754,4.5357583015179905,-0.3220158443860317,1.009458658693493,-0.5214541986178851
7743,-2.4191781693774708,-3.552606541253212,0.3396124257382347,4.655029659969294,-0.20245641956881943,1.179599044492413,-3.4655293334631274,6.226722400833609,0.07457359719284895,-0.5295608839755079,-0.36457928941075224,-1.9416264911766241,0.36855891570680654,3.8132352406496253,-1.0768363135735033,-0.11801805119175413,-2.4004483179477454,-0.5864914736425675,-5.35332176062251,2.017190962682534,0.26115375280899755,-0.7844791362749755,-0.30355729053668945,4.163013471939603,3.3229057288819988,-4.946067726423111,4.12229320505411,-1.1157622274440362,-1.576478157714126,0.1931091776480809
7744,-3.5161694179181247,0.4389720929296175,1.7244604558280585,3.2746350098231147,-0.0011891382050799315,-1.9207090024571443,1.567682724248833,1.9454540584728512,0.4817590267351681,-2.518686736861099,-0.2122552340082624,-1.2639538385870388,-1.6478523428234286,0.22571573060063344,-2.0406418343500174,2.0628333524835405,1.1636501582857228,0.23629493580441618,-1.65626605153194,-1.301103411488226,-1.3773188757523798,0.6754527928874996,-0.7486628470365986,4.407898392918636,-3.0601447037049994,4.443499103791776,2.196383790543738,0.4953884544565108,-1.8956222832608312,-2.179504361823234
7745,2.068095664051633,-3.397205889558112,-4.443649995517504,5.564242704089473,0.26051718824512227,-0.05199967131017935,-1.3472222668455451,2.1323958545442743,0.2605702004474626,-2.0238109285609127,-0.8400662971849142,1.8181334376000642,-0.4375867012632071,-2.6228740779712023,0.6940258414011744,3.3465801648298275,2.17841990170761,-3.1585651287033407,0.44612455716892185,0.574644771879333,-2.384756387404872,0.7146021282181314,-1.560713299669139,2.2100982298046183,1.1562930636537594,-0.9573427584480569,-2.06952175029501,-1.192166291794122,1.1220090151789428,1.9407287217074334
7746,-1.4697549914170622,-1.2556964637445986,4.051665079546943,-1.5938321668462407,-0.5991297299921734,0.8667482724535542,-4.653900036019255,2.398317268253937,-0.1576117890658697,-1.4453112032979565,0.2572370950462721,3.6012686650832784,1.7475009276077778,1.6994397072420497,3.127527389614528,-1.6399513363278295,-1.5210351339790495,-3.413481554156588,-1.5234648372406667,2.171038259322657,-3.9233391420444157,-0.6457237234650455,1.10492063472058,2.816568808703881,-2.0380215716658014,0.9626075473100713,-0.5673991925539603,-0.6995424874343588,1.101789415001555,1.240566289345427
7747,0.5696973136567873,1.4907384088884506,-6.191541568627692,5.85317568339601,-0.8013127935728108,-0.9207570437403234,-6.016760502838586,2.298621220197962,0.2145114312622871,-0.2176668442744294,-0.6619198778065272,4.383214573459675,1.0825020392058455,2.2001691136378234,3.578120963897632,-2.835237639882278,-1.401548450176728,-2.6240060266813927,2.3162633118281057,-0.6487502298653425,-0.4751360041428825,-1.0019696256514736,-0.1994792599532147,0.009071807781790397,1.4394087492089511,-2.7044862907800606,0.026157268887324392,-0.21320866461178944,1.9646473291872688,-0.5125183918887828
7748,-0.17780701294652346,4.467779667683377,-5.310885574621864,1.4438758169093298,-0.7437355932905592,0.32077269626665483,-2.293940115776632,4.717321599067315,0.026771299167351437,-2.6193815132392633,1.1109559249066443,-0.941727194125022,-0.09179384463701723,1.7313552809567767,2.702352512336617,-3.841981280459555,-3.6582289706074214,3.1582963024115145,-0.322386474947983,-2.6488863391856796,0.5155872913067157,0.34465883699694366,0.16438079171573783,1.9466458941112457,-2.970322556727261,0.7160958285263028,1.7507505472842304,0.5888380334610677,-2.6011355483594443,2.5157736958180195
7749,-3.1984934754212677,4.052511884980966,-2.815135608809719,1.068316704051547,-0.5835821645054349,1.4763826597043241,-2.878744347360751,5.065744376377392,-0.538142685779901,-1.8610725185216292,0.9393423333424087,-0.7271271580570939,-3.826770816872216,2.87760197666649,-3.7844958025478803,1.3221682232607286,3.3533827400726715,0.058113679421117226,-5.922962180437196,1.437533684893479,-2.4163425904539118,0.6267889052063085,3.1355415838885996,3.139440596899675,1.7835698555707573,1.437805931634955,-0.9572836991022875,1.075085411565822,-2.835747858687945,-0.5034296409783838
7750,-1.5837242236780806,1.6722570878597338,-5.709869663017788,5.162470283453441,0.39536910649408696,0.06349740888902033,-2.517097058416308,-0.2107640858931319,0.3446434909740983,1.337939553789809,-0.39594184750395556,1.4412199470499054,1.6245922161591757,3.0906122285963384,3.443803609348972,-1.5019532991148132,-2.968156271970436,-3.6888984830183134,-1.4729036406011105,2.3821553114915908,0.941614960577116,0.7732896722448794,-2.8363039968288835,0.21214769311335502,1.924124380975531,0.7207490877399891,0.9091797062481177,1.133993652000811,-1.947901392484571,-2.740145434476972
7751,-2.003402686947883,-3.1045799637312896,-2.0524412261242126,6.148570294918329,-0.8586920806507765,1.8705456625362675,-3.27860350993042,-0.007675316440465707,-0.29763164899264716,1.252091568535004,-0.9537096697463676,3.285528576575299,1.700574358848133,-1.1414808187676613,-0.017839988374287685,-3.0899880299994873,3.2367525612558268,-0.6880180829616087,0.6714788754579608,2.800767455649421,1.9368077190944,0.9282237181180388,-2.2352317044409205,-4.102046063881957,4.644091662917528,-2.157439431130559,-3.8497081392076,-0.22932705825343724,0.8467609174900392,0.7456220481869504
7752,-0.272311212168848,-3.227821065438686,-3.412787021556877,3.8678135189874148,0.6508954399001472,2.3942103402772634,-1.2536216887682947,-6.19006450404574,-0.36865410007797905,2.0299762682602207,1.0697026353316135,4.712661389300589,0.027528780628234273,-3.3419676289048326,2.2381920518222245,4.090362872444647,0.7045632652212639,-3.71867934121061,-0.2908707927851637,1.1758816336424296,0.6814929435343764,-1.0046989298291464,-2.1377764560476056,1.5759716014820313,-3.5986065927160276,0.29511151434879324,4.376253716584827,-0.010189126336846321,-1.7665357017397874,0.7039661898619318
7753,2.170435041854468,3.326169512575042,0.23039061960133367,-4.967978356035484,0.45495452304432593,-1.2139713410392936,-3.3464246419046653,-1.7149301947274402,-0.29053824621347424,2.143290435889334,1.0143094468315708,2.1942932001250917,2.915065368676924,0.09919074780943404,-0.048974220413956715,2.1414932311057484,-2.715604692512006,-2.3911704346652147,-5.819354065949302,2.402736738668903,0.29933407049769656,1.1706609209705414,-1.0475939839245942,2.9942163197336775,-0.9213771254547041,1.7250496409886082,-2.941450495704217,0.1782816020077167,2.053131712652604,-0.09363533448715344
7754,1.9616672638443653,2.459991209504878,-4.04390959006551,-2.2675925704368503,0.4559229529176485,1.4339207342358584,-1.2073585363521744,1.3407503573793491,-0.5019032058028605,2.4862560989642795,-0.6167366527970639,-1.5010080613911363,1.0725047975336004,-0.19645164528402503,3.51192730671146,-1.6019249134873537,-2.620171969229343,-0.165883576243397,-4.769895948227109,-1.829595288860638,3.7798432353198095,0.4101009201888264,-1.7092808480092447,4.118827929585265,1.758757904442401,0.3048698746854335,1.6399275090094108,-0.5313476417988099,-2.772100518797858,-0.40010712753773525
7755,-0.6616220024378343,1.0841427298255333,0.21421790363712745,0.4535780610776179,-0.8850661132958544,-0.2052505788061758,3.5694580666225626,5.347968236643354,0.09729128205877036,-3.2662686262175136,-1.1778241692866853,-4.570624789820062,-3.5890718070598524,3.983128095761444,-0.378482351986154,1.4512287287897756,1.7921883019758553,-3.258990967480109,-6.064761171353826,0.6979744142177307,1.4625301786397031,-0.24722829938604907,1.4428190662334917,2.7086658116458615,3.5655265918941588,3.948627512745393,-5.172243622811504,1.180689602416745,-2.963032855779989,-0.5595672284619404
7756,-3.370832527262765,-0.61619656750727,2.2512745504992537,2.1042541217612083,0.624269753721272,-0.992769331211317,-1.22809285051272,1.26262495160071,0.3837103906432633,-3.0883140183137314,-0.05113627002289434,2.721207796605789,-0.025500410497780734,2.0780585237662414,3.2919930503241126,-3.254146318113998,1.267325832607586,-3.357730678085197,-4.945277054134749,3.0549628386310985,-1.8736877074805864,0.1901631025101116,1.9161572339630482,1.6576815865079482,-1.2153173254557252,4.671380366608567,-0.9780264090642206,0.08885155178688908,-1.1494746248087058,-1.4174135590639558
7757,1.4364642855617724,-2.987077423341482,4.056505796771951,-3.6894689216238703,-0.5668747680108277,1.7504510306428092,-6.099504649861835,-2.101709910546596,-0.14588464517422484,3.1377054811333736,-0.6067340635321088,5.816127787981799,-3.5413615119619255,1.3597077425749617,0.3093451889600871,-0.6195171699540545,-0.21078082149871236,2.7026065718805974,1.5319128635279569,-0.11560603567855487,0.288644622947281,-0.6458895590724785,-0.6242669380514965,-0.4347949536758513,-2.9529008808964043,-2.7999629546019307,2.9669372988889613,0.5702038684021709,3.127529230518416,-0.9118065623083709
7758,-2.5855304748912253,-1.8417831108857072,4.891369207233151,1.6829497733562917,-0.17749081925641974,-1.9695145755557206,-0.8904749747135803,1.277940433005874,-0.008679964866328937,-0.9040555757401485,0.09540788618086715,0.4298621961336977,4.002596054876598,-0.171312059433415,-2.898775486389585,-3.0227143047192904,0.5836577424942142,1.5065480531724482,-1.9077410570431574,1.6636807650705947,-2.689077577602747,1.2462973983273251,2.8056293016592964,-1.1187888304144558,1.0750502243124274,1.9244982000243773,-4.620001604320098,-0.938175408664427,-0.5343659214706751,3.0929945101212297
7759,-1.3636306704365957,5.271313436485798,-2.645192881282128,-0.2603141246112841,-0.6100370506986554,-0.3921387094567681,0.000971779077005408,-1.4761453092515247,1.0799002113585994,-2.132515392084688,-0.8330378456682377,3.3608265565692506,-0.3655885025362764,0.5036208209811797,-2.016493357663032,1.406570695798127,0.21046387660219423,0.26142646681876336,2.547165157386722,-2.146173266952214,2.5121756977490968,-0.6483556172212284,-1.437015016049104,-0.8277969549164261,4.660441961974254,2.8254207674891205,-3.9873837236532346,-0.1977883423769793,-0.6003381292601411,-2.70035253417017
7760,1.1097562674371808,0.5216949999888207,1.6812015185506262,-4.113246129245365,0.21631491292667615,0.5842784303424331,-5.486177580371887,-0.62195307214213,-0.5849544019573782,1.9743745953108771,-0.4772915038646932,5.196001963025623,-1.9357970928195964,4.092705465138945,-2.845314742037697,2.285039179756609,-3.4625775305179616,1.8659447204806447,-4.287069263792009,-0.5071579341467203,-1.0315239874247588,1.1917648946276245,0.05331390554549564,4.580672385187228,-1.8854421951388787,-2.0848407356960443,0.9054862312741925,1.1425464421646172,1.157227237853789,0.7650230195452092
7761,-3.5594745641313494,-0.6016963499843975,4.675986702582367,-3.1864294105918276,0.3227700472257573,2.3488435748998047,-5.500557446506015,3.9076928942733318,1.0881004250079567,1.4727562309185842,-0.334913778324994,-0.6330783253684302,0.634253657158208,-4.216431626536398,1.4313912828052224,2.206808572379977,1.8994358878203812,-1.9554577736264438,-1.2418071809380784,2.3515216382151607,-2.1101835174328087,0.8459542928153656,-0.7474065105505812,0.9019212778878192,-2.9770717493495162,-2.2294882786217194,1.6687286617500163,0.2966865905046232,3.5241550629138274,-0.28301028719432786
7762,-1.2832308385024582,-2.6181682785897387,3.016985018876678,3.4686069705020124,-0.28476232778298405,-2.2994305445031635,-5.1905416404819675,0.31977735051350464,0.9508899255131373,-3.2404414486463633,1.0379949240952016,6.1223208890069145,-0.37182504838453667,0.6286675663273762,-3.5383757803655733,-0.0777927098313107,0.4307216387393673,2.928604333515672,-5.027814476174651,-0.7381957805624424,0.20758307296168255,-0.22585768300396136,-0.5772866745107113,6.361571541287006,-3.101158755465679,-0.1042979023323447,4.796403819885551,-0.39730144332881157,2.342514492078955,-3.536160210834794
7763,-0.3308939124562009,-1.898809269043916,3.5763301130816636,-3.266308061893188,-0.01612888299918258,1.9358100133111567,4.778333929743589,4.320279739912902,-0.014715206004424886,-2.5124816730003108,-0.7589560456276896,-5.8124607450236425,-2.7603999967177195,-2.2799561160883,2.3803275287701773,1.9264294202715924,-1.9357668851033463,2.6693660488685964,2.6311223524882763,2.987059320196874,-3.3429735070254942,-0.12275912742641726,-0.12443424314044194,-2.02801479509586,-1.9790751912701978,-3.2980893650561036,0.3872018676131326,-0.8518523081983584,3.252500325579714,2.4893146713347143
7764,-2.6700404824894886,4.8223093024654204,-3.5188806984870027,-1.9263483144066242,0.8048956021544176,2.4880645907635976,0.10876563602057487,0.5308814469198353,0.5225283770417661,-0.6220492075241335,-0.10913578454151995,-0.43099046791609297,1.1870734340066704,1.8704948959846277,-2.2961109122396994,-0.9550695588234106,1.4157495193602365,-1.222137378287396,-1.0416790703973362,1.6262122780519608,1.6127281820900912,0.37772606001168185,2.488712631407525,-5.06370008116701,0.9221559966175761,-4.53831625581495,4.222659638998028,0.7931679420596289,-3.276684111784517,1.8770167899271009
7765,3.2459457633156035,-4.546757066523,-4.140668375395414,3.3986212922089223,0.41048169271149604,1.6323766936826694,4.063665857913605,-3.494482649272964,-0.8009777154518636,2.941241159424699,-0.10695637765615817,-2.6024902749568923,2.060604353783333,-1.87557217457924,-0.43080882513821805,-0.4125279074364343,3.0273408389563876,-2.3690362855847944,-1.6049696672176204,0.7863382933836824,-2.2108430022992778,-0.7905163137968865,-1.9188667043247563,5.738857394251767,1.0055157362030052,-0.023007179242444664,-4.8892721873383955,0.20162756613092547,3.1104912187420553,0.5946448455077462
7766,-2.8256323273029267,1.0071041265238598,-3.6592160098746085,3.4552755921306684,0.7215862990111948,1.3008823195120662,-1.492672182852207,0.9329540090830513,1.2089729951287564,-3.219734936876268,-1.0422635146458328,3.612743630162921,3.6534643716782966,0.46240732702591103,-0.392188688893512,-1.0067414586256014,-0.4306056738179329,-2.2863358773661666,-4.620887512942559,-2.2567617927721244,2.0677735398442785,0.7219439347291932,-2.607199044705327,6.695130875843454,-1.8499586169523106,3.946684172137651,-0.38060468060032093,-0.04670841368000023,-1.2779715509190357,-0.391440909983098
7767,3.2834224990896033,-5.5090043380922715,-1.7044351478210196,0.9617095363159116,0.7310331140714901,2.2372743364365117,-1.4201433547040025,5.697503478433298,-1.0549717712833755,2.0458880892824176,-0.8536568387245431,-4.414619603003384,-1.9808497399310063,0.2790072215605548,-0.34337757587884,2.511686401230687,-3.4300416808176912,2.963575373837262,-2.888919428036491,1.2050201774568379,2.707297167227594,-0.6176982064883854,2.686223400345776,-3.091923110508411,4.553299341567431,1.0387889851349605,-3.64175348920379,-0.3332264040895607,-2.9175240445264343,1.3004156111202825
7768,3.157094352835056,0.4995449002635759,-4.369518325499744,-0.5794466469381092,-0.4093222031443742,1.7016479224838221,-4.577573087486069,5.85571477619343,0.08964193648133101,2.5124691584348113,0.9556888704446216,-4.835941654067781,0.6010829027128004,1.5435815145732725,2.4146913423301584,-2.328525398879636,-2.461276431987054,0.23044607125143202,-3.5521105511196787,2.491562453003535,-0.48042210061377055,-0.6859934401180929,0.31071743082501335,1.916246208019917,4.660234636118695,-4.127159609843531,0.06615100821994346,0.9823798285059748,-1.4665201213640167,-0.11508574163418928
7769,-2.9877796100687686,3.8275857447472,-3.7289176750076436,1.4537317134472332,0.5411446411520728,0.8942351857301585,-0.07899778565569449,0.7308416242418829,1.0595936107162753,1.36139666710406,-1.1782576625635968,-1.8945764538425571,-0.6426003812224153,0.5380599931113643,2.4197071661098555,-2.5828908908070147,-1.3667670563764283,1.6344911691855835,5.4287991366120245,0.8638328174567391,-2.0573839117309767,0.5720603460997697,-1.1783853576153174,-3.6289230308252947,-2.1711117296064266,-0.3879135485858569,-1.0896870193491814,1.077073674746618,-0.10417889492708454,2.6758175177248376
7770,-3.200734134668611,-4.852203757559277,6.084034903552723,2.7514092141181763,-0.7624687259465208,-0.020037499496236677,1.0463796650150528,5.545052716125461,-1.1556947890916431,-2.0621201429861156,1.0333994829238211,-4.407016931986213,0.26629939455450113,1.598232786037567,-0.020347337286317213,-3.93623234454137,2.200046837913206,-0.10799933667665407,4.044708775461782,2.4054279519361152,-2.25462256949268,-0.105459080738318,2.1840028460099568,-6.27405792317991,2.0515973668521745,-2.111789885195435,-0.2958807960554992,0.7882052773234847,1.0033778112762448,-1.4355097741980618
7771,-1.900654579136157,4.421477424378253,-0.5511392185142618,0.07327321571616352,0.4522892203320348,-2.4952460627757302,-3.8268115524790964,-0.7946160232128214,0.4213832979981831,1.029794396334573,0.5734879133046702,2.596761968054878,3.2627190965288477,0.0007057315533813835,-1.6856035135348861,1.4121240624323903,-3.673098685686707,0.6831533087079169,6.161143959812893,-0.018942857885210884,1.7812883767884848,0.309530884573058,-3.0299532507149056,-5.203067112577404,-0.6002167025644702,-1.404542940632961,3.9748226123470936,0.23525808914632407,-2.169551845072059,-0.035769213221001905
7772,0.5945599161564576,4.226011726081886,-2.8429371438824944,-4.395728252617815,0.36966413524543285,2.0484296190168205,3.7209728245357034,-2.8567153530620395,0.014783213583788424,1.887710509221602,0.36922242050030807,-3.135973614778994,-1.204113501202622,1.0885171364142217,1.2884023953536818,2.878913805145114,-3.94645710452688,-0.10526273118254004,-5.859732390208695,1.4793077549705558,2.832611927973751,0.23942284220298493,2.0539296542809478,-0.7455397892226188,2.7472610290771478,-2.163923807352667,0.4788573947380428,-0.8652726400069684,1.9554326701225229,-2.152354646575125
7773,2.635246805754143,-1.9653972966203668,2.131192765970571,-3.2635691772801003,-0.20521108039573166,0.6677379825717775,3.4377358547417955,-0.2602259707310708,-0.11608473719173595,2.476289444058555,-0.06311227944822573,-5.474602311428946,3.716485171828918,-2.894483386741385,-0.5780239308630968,0.6870612385985488,0.9145177368926447,-1.845556829714642,4.486039085555397,1.4558826820657682,-3.424011632763291,0.29782425702057935,1.693504227366681,-4.50923861924824,-2.3699284216914336,-2.4416959242921443,1.8714118916506166,-0.3755343800387614,0.824595447736634,2.4911513866380766
7774,-0.127365854803557,-0.3210569379732853,-0.8102962607076378,-0.5988920547211691,-0.3835795532200268,2.2411906614259927,3.4634484609567835,-1.3095052854191387,0.22225564507649942,1.1862554866286246,0.9931823650258043,-4.555636672268221,-1.2606988064777855,-2.3167554782405944,3.531203586429566,1.6644074902288324,2.1213541015168644,-3.739510893455895,1.5657985755133232,0.3329517813221905,-3.7317434202741246,0.043338103065997835,1.6654569212131918,0.12419803915637218,0.13423562942285372,-0.8404462889310764,-1.539478255307806,0.9194530268483678,-1.3907354179482514,2.7169713059189
7775,1.6628250571861827,0.03144014867250533,-2.416693454168879,-1.8520001843854708,0.9160883468438263,1.6583400858521724,6.227432295273495,-0.3638868253018295,-0.5791423741899937,-3.024820477878997,-0.2281831109731547,-2.031399506929194,0.12899649688674586,3.3563478790701424,-4.00553394099034,1.1007802300607494,-1.5097758921310032,0.9291852271046928,-1.0103644404608474,0.06996273382200258,-3.9675110318705364,-1.1007912541647475,1.403665567642312,4.605038425028752,-0.6108506589716072,-1.9715017361457328,5.419441685376931,1.1540123767020285,-3.726096697433375,-0.2650049695252452
7776,-3.5257959588144345,-4.085848099321616,2.5461874961984527,4.780800364686748,-0.6231969328433835,0.9078531300945656,-5.088311341148387,5.150931236519924,-0.3459011677216326,-2.056659369195927,-0.8705250022116298,3.210465643757992,-0.6060859839643591,-3.5152120922894454,0.5379635272294792,-1.1321977958064888,3.0056337889663567,1.7098985558654434,4.079009211593984,-1.5992895084965788,1.2348854461942231,-0.48247414905716823,-0.5494907179311639,-2.682640282306359,-1.8950663201899474,0.5925504551817014,-0.920198028546455,-0.6084860506564267,3.086554042377351,-0.25535409816320787
7777,-3.2262116767625635,-1.4727639517800313,1.5602707892072836,0.03287711660675896,0.733055017023212,2.3727727057056587,5.893551942281963,2.7579419037914796,-0.950007686521154,-2.8055211034671608,-0.1310056199071301,-4.764959436177666,2.0787978984208664,-0.9760059107027388,-1.5647198145883703,2.396922106109571,-2.390202864640367,0.4552085854019978,6.2438960277803055,-3.1885852500834186,2.1894667249261808,-0.6151740840116666,0.6087996764139447,-5.238403095028406,-0.6358566769202412,-2.0230329237937568,3.3903291946349974,-0.9460978892075449,0.0380973046884403,0.17656099060111607
7778,2.2053642618459115,-0.11060137508014733,3.4311898054238092,-4.976970553953752,0.6649810298325369,-1.2139631680680125,5.8955234870482585,-2.233662006414175,0.22171525423941674,-3.6224005406377735,0.4677327100045874,-0.7289089042399581,3.0457874532106324,-0.6721909621556996,0.3014132572245529,-3.9432745617776135,1.6625948963875388,-0.39433008288844107,6.174338054941757,-3.134898766609018,3.272642326895358,-0.7362304707670964,0.6525943264679945,-6.228445470932044,3.8855466707974244,-4.601574291152765,0.37328637601308046,0.4857781714913285,2.1296154153164935,-2.2726523424625924
7779,-0.4393709094479199,5.1964800838270016,-0.9259786149238174,-2.916533345838708,-0.23480172784901643,-0.6797954857671815,-0.02258158125376397,-5.261218933117615,-0.09440720246503798,0.8207260407771777,-1.0310478278579414,5.588529503917556,-4.223627763271967,-3.9544252717044195,-0.8261151363903743,3.0445633357348534,2.6196563442867458,3.339948491346153,3.289276777039994,3.201763538577513,2.3641743081912203,0.24481713688958262,-3.067282443156465,-6.032749317544916,-1.7321819408095642,4.8019135913102176,-0.3740099759923048,-0.5949588252194244,0.036668715141427555,-2.1374315644273736
7780,-0.6356812346709599,4.22360583762962,1.5090009182971968,-4.790959031742435,0.84717527785795,-1.1531417673709914,-5.987112212833882,4.5713862425655805,-0.32604567190478484,3.403256638418302,-0.6825374049589765,-0.9789475912858947,-0.3486209993660303,-3.804019694593146,0.05900222635010266,3.759496487831509,3.1907000438298105,-2.8565580640512653,2.494316661380161,-2.2019687425637073,-3.052454793049847,-1.2332646189344314,0.3060154336286125,3.6873560595361674,2.821181240590043,-4.648990136381697,2.7162228254380736,0.44112171203597406,-1.44848164471221,0.11894600303274849
7781,-0.8387714682195728,-2.675512851204097,4.660006487507136,-2.4006070357082123,0.39775976048554584,0.8571251071395842,4.420670477794186,1.7704815494237636,0.45831444919935294,-3.50617320583029,0.9043763130003608,-4.047669583587016,-0.988636453283469,-0.6717327864405434,2.9057344267746643,-0.9525019054141488,0.04031185559462713,-0.33317513723012837,4.506150982414898,-2.5696889924237993,3.3526620685407984,-0.393167143646453,-0.16275710710527846,-4.733199807783208,3.684244664341488,-2.6400282743201693,3.4475220537597266,-0.18514221606668801,-3.2608483591416793,-1.0457478685697552
7782,-2.071179551568468,0.40356457159641934,5.5710721796709635,-1.4502776445356567,-0.807719199890236,-1.6454603552726468,-4.442368593218962,-0.17665280171796383,0.8224412439177593,0.15429182637935845,0.1552852501401123,3.487003074500034,-3.3627745339422077,1.8526343255772133,2.940844771639995,-1.7022596145631557,3.544663731008871,-3.273108679719712,-0.5070892956063204,-1.4145796867178255,2.3138510770146965,-1.1981215172564585,2.975988354739574,-2.170048932176691,1.8573514245105578,2.8213399552661755,-1.1202335511691288,-0.8197754017008627,-2.25613368683166,-0.4825487400721542
7783,3.2939332062853204,-2.3070617054234255,1.693354675747237,-2.1229266136898595,0.18934683066249658,-0.746646393581436,-3.369536066695005,2.0586548379688274,0.39412714143570593,-1.1001348654331888,-0.1419014832944132,2.158790436018407,3.7703366092904673,0.7613838984821157,-3.250915106202209,3.100408607804418,-2.6815540204989787,-1.6996599888748385,-6.199876437757691,2.1339559966885453,3.7529795936061277,-0.7783621704575472,1.95783161376459,-0.8665285958470612,1.4673262088552406,3.142853079191262,-5.100865081168045,0.6370424717928636,0.5060857163679753,-0.6524423950363865
7784,-1.44679186738826,0.5935678122539336,-3.6292739927285425,5.956702846139915,0.6784738062081268,-2.152678604484854,-6.135084690173436,5.027851327457107,-0.24560025008314934,-1.9974087700697591,1.1502250824220042,2.200017300447559,-3.557421213670038,-3.9613013510382373,3.866777033795991,-3.013449435699618,3.4723827433251735,3.1930122232876776,-3.8724771746751827,2.7270883648661908,-3.6704409868554357,0.28888852245006724,-0.6776978027834542,5.2046390769947735,1.6512857016819673,-1.7973758432390667,4.182647624270672,1.008008527729741,-3.5805532448380486,-1.4640127656023392
7785,3.3594564299547756,-1.7270240227755735,-6.066011445353588,2.868680230239633,-0.7924937778239316,2.3573925857590243,1.835362658311297,-4.8814275427512115,0.39412536351563343,-1.3306830899819175,-0.3573220772021539,4.339944688108659,-0.7501138818988906,-3.2492790873053767,2.34370836967377,-1.7891475063364926,3.0835327606463316,0.3612993452216102,-0.036121053655435276,1.8608751320598422,-0.9638516974587841,-0.24279161021811113,2.65459465220413,-3.272705422934699,-2.7348863628835467,3.5931897287086763,0.436512037867935,-0.8590912542537845,-1.0221270184662536,0.5864028690298984
7786,3.705924200905063,-2.8626179290684135,2.8957666150098262,-5.383760114193219,0.8461314714157231,0.7985557559313694,-5.92168357384644,6.166656224950017,-1.249578284128745,2.3405054271466206,-0.6713540047689852,-0.6645457893521716,-0.8578007662506622,-1.6236236754564501,3.471325106195451,1.1083822211460053,1.0719657600109684,-3.170248645644376,3.1682115135210758,-2.170021688901768,0.7569549260022725,-0.6401378789006476,-0.11394993628436367,-1.001056935439621,1.8817803464920964,-2.97886819443627,1.7373655410237063,-0.5915877145193127,0.14138090722237173,-0.19007088577966158
7787,-3.5843464070045865,-3.210469268828618,1.923787790913,5.990032049129624,0.20049803808934152,-1.319502202298418,6.041686315836849,-5.445617048785973,0.5264619122223229,-0.5979213006346367,1.0635238164300462,-1.5881336950683256,0.02514968130786599,2.4486418941196604,1.7844423117538533,-3.3468799527934596,-4.192490904601945,3.281136970214952,-2.6977996502416772,2.597227193236691,-1.7581234362042757,-1.1686743075969988,1.9652436199338883,1.0621265808693217,-4.654240903774857,2.2279324833135696,-1.2750643390988046,-0.14696669883710367,2.98199985887884,0.8663395995212504
7788,2.594267562522358,-0.4823643087959688,-0.06730628835243735,-2.552406221331772,-0.2728983210596727,0.7807075770178269,3.807799853960919,-5.252319229363206,0.8509432988957437,3.519623967480417,-1.0919876344223178,-1.834060256551247,2.4259638930521987,-0.7046466559730256,2.724509560767231,-2.994308048575194,1.1607146218535505,-2.612233371123855,-4.872200186985939,-1.0257064754853271,-0.11697081605633386,-0.4991611081115588,1.725537578915647,4.78850100772048,-0.4849100005392515,1.22455721876592,2.5499841501077434,-0.0607237643166787,-2.2147197844476736,-1.0141878195671516
7789,1.8864196014324222,-4.660681949397947,-0.4145487866550077,5.365377353529915,-0.20910076607815076,-1.9674654528309006,-6.142845625733759,1.8806746999458,-0.8095301602197775,1.906682925924791,0.5001039093394732,2.664914250743781,-1.9829141984422343,3.344052899656763,-3.766835396524284,-3.3635754982526933,2.686367178757255,3.082905014806091,1.6443448946678991,2.1930147451819018,-3.5023135671447196,1.2416058305126851,-3.0575156250060296,1.4808637217852407,3.927185661717072,1.227926299948642,-4.629556581258768,-0.20459680908480937,-3.65734277929665,3.3363842079773995
7790,0.478616354560204,4.998712924654114,-1.929713448555443,-1.9693802416370616,-0.6035341129830047,-0.9747014760384953,-2.3521606453271815,-3.632497426042601,0.890652348381904,0.7246652622692782,-0.34290800670728583,4.712248467426168,3.156472524670825,-0.7184810753781292,-2.270412734829536,-1.8305306769111631,4.172179504376544,-2.5092275419276078,-0.5139657422139337,-0.5441109124903001,2.7808567929616004,-0.9651565837368015,-2.3786826745150353,1.6210591199914077,-2.4070073011063577,3.7601102912977247,-5.810643866966593,0.6511451526147258,0.09390917881729166,3.71248654534606
7791,1.8868106197710013,2.4960065959355404,-3.07148807752608,-1.72149596392741,-0.4679449689902966,0.878111794737551,-0.6067766059451856,-1.4777651318627854,-0.752505639952207,0.035433979388043824,0.42928625993099434,2.372327138441449,-2.7352191708977074,0.8877445835573141,3.6887534088284433,0.6093029461257764,0.31904450601754064,-2.76962627363039,3.7673041821749322,-2.0686019118218297,-2.690722199961767,0.6099740499560529,2.134573402995475,-1.7525275233459219,-1.0435534509412925,0.4710472531096066,-0.4948360031552568,-0.2946415468888093,-1.0603359240207268,2.4223196718993023
7792,-2.493437751479524,4.81756898448042,-5.84457100096202,3.2091299225970538,-0.27025721358306476,0.5815670589474333,-1.8166596772769736,-5.6094017216328105,0.5217348813256324,1.52536057061333,0.6403297516923407,4.738636195278776,1.273506233481477,3.1485806458347483,-3.14647386580061,-0.3321740367187509,-2.6241490522791295,1.6807100754832298,5.584355459606982,1.5707499077978326,-1.9631834741251009,1.083519806860176,-1.4384942915469097,-4.836947408596011,-0.14204984887960848,1.1940294104560394,-5.220760867080376,-0.36761532011066045,1.6514884265204124,2.8849081990970404
7793,-2.860647535306107,4.780034939419181,2.5601718529410284,-2.3906149716881515,-0.9569528652575128,-1.1319914201081875,5.4226250494883566,-4.650692774818861,1.044586617543767,3.698917619799218,0.02636037983602879,-5.541796891848232,-3.836557935227992,1.304093378691956,1.2741139141029763,1.6030467045629777,3.2168655506139174,-3.5615616127428282,-5.560580410016275,-1.1734408915143515,2.2352904315180986,-1.2085217335422027,3.192488733351137,2.5147638702005466,-0.0997404815527787,2.9410851160313953,-1.3062897406005725,-0.07369242446619317,-2.6613543624080016,1.1999918929989946
7794,-2.3659992552536817,-3.565190988640751,-0.40617942952448516,5.190211122170513,-0.0699665418719404,1.2171250931205826,5.132881596938844,-0.9184414682540911,-0.3061534337695937,-1.5868118335877188,0.752429341181287,-3.0739042025084693,-2.006716231334977,-0.5702367799361312,3.7159106277751057,-1.5067043630111314,-1.4406114326671844,1.8083581791753467,4.321136522324245,-1.6235906831569409,-2.83436276991835,0.32686624794759744,1.6919041838249704,-1.881953501024551,-1.6902258874325007,-1.4476553822105025,4.0428798240183035,-0.7937458042514045,-2.4954735480873182,2.3842207979662966
7795,-3.5476953628413774,-2.4431163346951514,2.337281973584222,2.7792021266057994,-0.3164007194434255,1.1907283167901834,-3.9049718019503956,4.053816744364113,1.244267609568328,1.2357159474375266,0.9769950137205425,-3.605823513139857,0.9375036803999421,0.5175572339523136,2.434468362453412,-0.16563575364461158,-2.622870977016934,-1.1010225461430867,-2.7949730705766527,-3.397968206566711,0.8047713854678449,0.6817610665706386,2.0700439909964334,2.6363648341054216,4.576216693111505,-0.6157258810451722,-2.873109496700831,0.8087404905690629,-1.0235111660127814,-0.8726106399189089
7796,-3.5174957398829054,5.168932770513468,-3.580204891637326,3.4816559498592667,0.11651340480387562,-1.6694014936561334,-1.6577798534538033,-1.4225107127637528,0.6722769973329257,1.9706253939565954,-0.747704304459706,1.1850924793879898,-0.777972232464812,0.1075874157074459,0.7253758306396705,-1.5131446661114172,3.5853549637696673,-2.1272013115394977,1.7670947896888265,2.924985647957378,-1.5486567668178317,0.9709639805709624,-3.1641960807781206,-0.9501915706242414,-0.9058383836268433,4.479164959789159,-4.012273109434073,-0.7145267163026743,2.023295011938373,-0.8698217623610986
7797,2.763890672219766,3.0227259101693065,-2.3218690957429224,-4.2895607609001765,-0.8501427190168833,1.6749559932711175,-3.487737105455629,2.844126047050061,1.0182887994867285,1.7116043744799967,-0.5715212877080171,-1.5147608278529354,2.4297238146160893,-1.9649258587513518,3.476974144915662,-3.4194848493248013,-0.2782085596444617,-0.24407869181007236,-0.16897726132841484,-0.6180549112664302,1.5229675907627929,-0.024641517234714527,3.042132294236332,-3.7534261951725654,3.4531941483706525,-3.709392329321741,-0.40382917290434506,0.5598777350722841,2.60249022114893,-2.502340602362974
7798,0.05907782229778036,-5.221048541701066,5.273420334155389,-1.0851170591841424,0.25398079675272545,0.7196866476795556,3.2563796563626077,-1.4439916379572395,-0.5124792314230868,-0.02932686146926322,1.0839784350622335,-2.35456036057505,2.7830359202690573,-3.7418696974375347,3.531221398496765,-0.6433799630054828,-2.8282693554024707,0.8992616970807532,5.898952862398023,2.60358065677843,-1.8209269092734726,-1.1641795037217668,-1.5808106537388742,-3.9366164524453318,1.223671584769619,-0.7347764148822833,-1.0603519782903987,0.7893131511993712,-0.8391661260005403,0.6213097832070513
7799,2.7923873179873198,1.4401551470675855,-5.580429225693603,2.3917690071829227,-0.4607873575183581,-0.5830948890255883,0.963450838043407,2.2144149945968827,-0.17107188421379416,-2.629100311709461,0.024936049559588724,-0.40262968627644113,0.1799717466138162,-0.14098336165588066,-2.019828850231651,0.017003392849506582,2.0043655699300587,-0.040528497504764616,1.9756050727115841,-3.2597724735067146,0.6310940740970565,0.4292614094085314,-2.377887545181963,2.6016994624685594,4.93780333290189,2.540329155097556,-4.3065512861283395,-1.133173005362334,-2.497111478921921,0.4587032824159394
7800,2.050044908827008,1.1363922830050157,-4.620279022875515,-0.0096255014040878,-0.3251430095035672,1.7686103419514083,-0.7096667415950861,2.4234908842043197,-1.0000396547253074,-1.3565082422409684,-0.8013418980455134,1.444065652402731,-0.7496103504822322,-3.268069446071662,2.266368589263596,1.4231671353864606,-0.5746084125461906,0.9027524844510904,-3.215641961466801,1.7094798739825645,1.278645581689858,-1.2236160270276648,2.9810708189797612,-1.5299382861606752,1.1084889187777414,-0.7984989261723321,0.7438133585781621,0.5761175822819906,0.2031899259369201,-1.8331108593996817
7801,0.7523615676190136,-2.696947503623303,4.120079309058827,-2.378713487595604,-0.8867023562975047,1.089922470838827,-1.0378946427641793,-2.1835540445401485,1.1417899657764483,1.351776519105215,-1.1966782999043022,1.9245605023271644,-4.0200856582490765,3.055071131266267,-1.3392906707380963,2.0927259624689576,-2.317347782965639,2.528927018218649,-3.577991979326267,2.8158825532508516,1.6116566784962316,-0.318761292495644,0.9347128166459377,-1.4654987765740763,-4.99174362738794,2.8615162983387386,1.4696774086500817,0.1284239920351702,-0.43314117666360374,0.9652671050303514
7802,-2.398845352462491,-1.7127313328646423,0.4989968067948709,2.10767917843258,0.07726619594243012,1.427634504157501,5.114771161658151,-4.809794850779987,-0.23218680497377342,-0.2170663693573065,-1.2109245433122786,1.355201406765378,3.009594250813393,-1.0280885131634854,-2.200431616759664,-2.909077136330696,-0.39863484712255826,3.526637862564062,1.2586467238922765,3.0465094278858977,-3.7538603539770516,-0.8688827250176985,0.4722746916653424,-0.1546877644517295,-3.114695318816594,1.4790323760770185,4.740429911372814,0.13926358586212384,-2.8331022470377345,-0.410928307454812
7803,-2.020693492144142,3.919867476067271,-3.565605763172318,1.378074859148743,0.36859843350610877,-0.08024151340539554,1.3798941033541112,3.3145156419116155,1.0369217375791235,0.6523675408355274,-0.8337870313583124,-5.549911992321871,2.7744461909897495,-0.5826331602926658,2.9238817854631485,-4.185763542700299,-0.41829878307727597,-0.511632490381583,-3.801941490549744,0.4187320418735503,-2.5182965629913756,0.664830453568154,-1.2018174355197218,6.438492993616151,-3.2058663722199263,0.7034946540199165,2.593222700770074,0.41048721285024836,-0.5370075811876873,0.035669385770187745
7804,2.5080731822266493,-5.476845022545753,1.9230875870739368,-1.6350059825467191,0.9902020475623856,1.6904881882298053,-0.269925715409979,-0.6144865152199763,-0.7181541557374453,-3.066717013563437,0.24398399687412375,4.42529940305689,-2.83106696151666,3.9836498236739715,3.7779546818276266,-4.2458368877843995,-0.3211222667284659,-0.3635783894710194,-3.383336196121423,2.523490124248955,-1.2395333982059178,-0.4721305228637567,0.24554474388126835,2.325965249057873,-0.7970209006019857,-4.760326365560438,4.407254939339065,0.3491957252913611,-2.6620730239113772,3.4629696254461635
7805,2.0853585108641965,2.142013636554932,-5.111079511477456,-0.6954494453873608,0.11555382891716626,1.463602980528826,5.9265504518728775,3.269396196197434,1.0653020586363615,-3.1011194476790394,-1.1694794816925458,-5.990649777334923,-1.7338907880334329,0.2637291099118606,-3.0293295326161847,2.502677843528385,2.7725800620442733,-0.7757666948338553,1.1332101365788851,1.9553131550617273,-0.47147552248340396,0.9950207316711923,-2.9852560864206534,-0.6268124144107929,1.6187456897156736,-0.7420885327997127,-4.384977953174612,-0.8114320443848335,1.350159421925877,2.969593418720393
7806,-1.968518656638258,3.507321716382119,4.218446876445402,-4.276891779965439,-0.09615987015024619,-1.384198286073289,2.9659183721068523,0.31541348262064517,-0.9367639472453071,-0.8716905752304314,-0.852369764324294,-0.620507567927298,-3.799301934084241,2.666931873331915,-0.834043724787275,-2.015388355860665,0.9663404142101619,3.015461727191205,-2.4383243768480938,-0.1700994196530683,-3.1089088972282113,-0.8392294925379735,0.8810147101162933,5.675547476147969,0.881339581266225,1.4378069510372207,-5.6158533998758,0.021074138827643196,3.5408961100539216,-0.2652633813064291
7807,0.507772969171004,1.8692296269362814,2.6187435590308716,-3.839596880833845,-0.9752249223874339,-0.18092435191659284,1.3505621815349045,5.607203512817279,0.49616293635998243,-1.921667372044725,-0.18525225336497897,-5.347009005302326,-0.155034764357044,-2.0793827342391378,-3.2046571414343283,-0.18109985152163688,3.6319502666174763,1.9882242249357809,1.8567888307314462,1.0808097290008263,-1.7972597006743172,1.0900283463557168,-0.49897084255874447,-1.7313963628580105,-0.11757614233808766,1.3598062054230446,-1.1232545511570073,1.057449072556338,0.9291732763479921,-2.105597860829471
7808,-3.434956807477139,0.68900307985108,-4.792678563962262,4.455356343229681,0.7758140077387785,2.307461940620165,-1.3798752616822298,2.126380260668487,-0.9166427500403502,2.394362101512545,-0.6878742120603532,-1.5363501383979674,-4.0468915866662005,1.1729296433177296,1.2304595132909775,-1.6475036501963327,2.086470411551719,1.2045356687032047,0.09812748952732164,-2.0555413920826737,-0.00995785689594797,0.7997838690559425,-1.8727269827199517,3.040314873112237,-2.370426115372151,-4.801741585127441,5.454762688843829,0.2618956309869933,-1.1244311548671817,2.579940535538796
7809,3.3414921155129598,-2.6370828428461124,1.2047270357839182,-4.006909514994835,0.6471623689953625,1.4506108375490072,4.365596758920667,-4.645004965270321,0.7739827680950437,3.047284259114228,0.03526820023722177,-3.577127021096718,0.16944527823825695,2.36993638398857,0.09552058066373093,-3.0213694057985077,1.7457812599558409,-1.359314097046786,-5.291056740486262,-2.501623589845984,2.408174910428304,1.0681745296470568,-0.9301193018922049,5.246450192146021,-3.2233881825271737,3.7991237388762613,-2.501804370753309,0.7611762916819043,0.12079622826116143,1.044096294463987
7810,-0.05247621674655356,-1.0463512556613281,2.453121663557841,0.6191477597918116,-0.5016858918258325,-1.4717560591156005,4.50453896872094,-2.9456835781616633,-1.077290577630336,-2.491222668078061,0.022591997394759034,1.9870658577544837,2.7117433820106847,-3.177276956445681,-1.1944462950967516,-0.44179936005404485,3.04090524987652,-0.9391260202896543,-3.691813799037476,0.1269124692016046,0.9625181580150368,0.624092675531216,3.1996988229813397,-1.2214083266947817,0.9090582288299807,0.2773998733992826,-2.931945223345071,-0.9408466715103412,-0.05653594999674283,2.7428697426257074
7811,-1.2471705370844575,3.066012626352503,-3.022769496163324,1.301243087351466,0.2553116710561327,-0.35262735151195024,4.405617349394721,0.9153241943988064,-0.8286003746345978,2.150254456492604,-1.0669264459576624,-5.5756691796937226,-2.6353120198511757,-1.2446454697374545,-3.4879688835079428,3.503455917823853,3.016795380038605,0.8476750752351929,0.386355068006754,-0.005977875550584599,-3.7779021287301457,0.23044766115304505,-0.8083328518645896,3.975410126982478,1.970649336135338,3.9737284302310805,-2.7760144731750813,-0.11647795383632875,-2.251588972859258,-0.8002963664929545
7812,-2.4103643188882415,5.3207969716028,2.7779003260076607,-4.105634252005814,0.5637881706695982,-2.146486897385631,-6.075958487017054,3.9775491127665283,-0.82873785707263,3.5062935477534474,-0.6000867713000737,0.02094045486992968,3.0257587095297502,-0.19102707833532762,-4.160458120176635,-4.077656369990724,2.734825007808862,2.6685578511651507,-0.9821019884027251,1.717694102585405,-2.3137080701025585,0.14866798652327695,-0.6517081228318897,2.0811560922254344,1.451719370334832,-3.2489789939568823,0.015049114289737986,0.4890710187252729,-1.5658551324349883,2.858994623044815
7813,1.4493742179619957,-1.5228240894944705,3.7840619680834173,-1.5576953562533902,-0.048159436253618626,-2.1047573040435443,2.1869654984039038,-1.927811545497054,-0.1890084125899465,-1.8424191489385162,0.6585875208596699,1.1136860877621189,-1.1223957482917868,0.9626722236869014,-2.1158846005053924,-3.007238995948544,1.5956238566286771,3.6872232644312497,2.9459444557185037,-1.8655083491014253,1.2242054342919424,-1.1886398686612911,0.10601753464538533,-1.2220192068961495,-1.5212806147489104,-0.7479485274764173,2.0720722024511495,0.3898070015349724,-3.506962142311469,3.3143120805534707
7814,-2.989913405718408,1.8488835429199817,-1.0937026774070162,-0.7387471344346928,0.5909718467986966,2.382507827841863,-3.4785510713797763,5.074848083564447,0.5348855538637993,1.7875157319505597,0.048679989782956845,-3.9673782877817843,2.167527919657843,0.057986912194667894,-0.16072050189071518,0.9736037490283564,-2.211620655855768,-0.8267774231332599,-1.9875765205088847,-2.7563149871783974,1.5659236727687613,-1.0193505765289932,0.11885133244817858,4.07846707899628,3.829356664035302,0.7894127790209104,-4.935771701341306,0.50228262945671,2.8137702741008646,-2.999050645269673
7815,0.6426076691772362,3.7664619719440644,-3.2947254687305474,0.9515064706532002,0.27311687863074274,-2.338967521674255,0.2554969457080496,4.195782269830154,-0.007218655472555291,0.605383773343533,-0.6897269833510808,-4.35971735005792,-0.2965938933766452,-1.1034904105524408,1.657281298543971,0.6268197913816316,-2.462593667300812,1.5785768813053949,-2.345231543055405,-3.10990924810606,-1.0844689773102196,-0.7881769155961953,1.1943475634651524,6.133439120599654,0.9666028641706852,1.9869311278289068,-3.05132777527254,-0.31161132457829765,0.3486734571210093,0.060731650733028886
7816,-2.296696251822155,5.310908061871235,-1.8363849376819168,0.17258360798383876,0.5466764463012961,-1.8970869266518395,0.2660005565695478,-4.075325290848539,-1.0168751758701324,-1.9131149080562153,0.9729790454460687,5.766335772759451,-0.7182688244367021,0.5397961093960895,-2.815908336874312,-1.978144154479411,1.7412275903242325,3.231297616071185,-2.9649395166228025,-3.0332733912178096,1.3429907957543037,-1.1210630375068709,2.2953026814041646,3.4809824681859673,3.685151897854336,-4.750699397803702,4.691819580890304,0.18616099379005124,-2.743841048127738,-1.0685920266004754
7817,-2.0681181985262125,0.4395664557309793,2.2206495086129046,-0.04162100850280126,0.778009065439266,-1.3284858227536613,2.5663227593616327,1.3960687959335516,-0.39246995478533897,-3.158944682775207,0.5792852115863649,-0.9902621293208007,0.9500272455748835,-1.0865974115762231,-1.4791000320164134,1.9683150166520633,-1.8124068550415195,1.4597620364083,6.0540974022197105,-1.5422434670804819,-2.051800251667421,1.043477462829359,-0.927253963795259,-2.5762771825089565,-2.3885061737887696,0.9194765921944992,-1.7621801300019975,-0.3709097968441659,3.676047364686152,-0.07392785624290177
7818,1.751819206529742,1.6492637480175638,3.2860801906457695,-4.611838343522685,-0.5683473759252362,-1.50697742574466,0.09056674823893829,3.7598260392188543,-0.6280735251471867,-3.2753937697015125,-0.8045391047140322,0.8576136121051512,0.17978058348908021,1.6072474840188775,0.9615393516754054,1.801104377436591,-1.8857087557114998,-2.663963040907369,-5.511027858343603,-0.5927943773599544,2.7173140154718247,0.9223563496442857,0.24488858823341353,2.219263282351015,-2.8180208437959067,2.6110188268319128,-0.5618356392538679,0.13707038777471858,1.1199330687852118,-0.4881658003392335
7819,1.262769759770869,-3.9052685753333485,2.4616567337537845,1.5246902202368773,-0.8806479726366203,-0.4632001657910898,-1.885587034064482,4.154610742040273,0.5619627640755898,-1.73422247531696,1.1914617981640934,-2.2882257948983167,-0.23318753771842893,-1.2819196211224124,-1.207559362148526,-0.4115273508852866,2.5325528219502758,0.6016410499254761,-0.9755018530127657,0.3150175404164468,-2.7583706225175106,0.9734201875273838,-2.6391023691816944,5.084537116765112,-1.936761006815729,-0.011147977431313905,3.5855318898744777,0.23869509856944315,0.8884403304567936,-2.7647583346508657
7820,0.08420367227141767,-2.2656997700489576,1.1457352879400915,-1.4043414038152697,0.7003431270326548,1.7397590866205377,3.588484976054584,-3.634492949584647,0.8066505249119063,1.5678946674586598,-0.8849249854940773,-1.44361223334624,-3.9537881611424375,2.0758614230724604,-1.6989198195206274,1.8320087029449468,0.5666769088987778,1.1781609457479618,-0.38236958459856396,2.989362893477562,-3.184156204347298,-0.20637610789476213,-1.9792102009340447,2.7627492042940816,-2.605774493165775,4.6361896921350585,-1.2721251661744937,0.36517127306502584,-2.3841131562479525,1.2606518503909392
7821,0.01896490410610774,-3.734472600863061,0.7604867970541029,-0.14126617614589065,0.9792896909388209,2.1169973849103716,4.05926426785868,1.2382634541127047,0.48667117883789235,-2.435810326611314,1.1263134256904674,-4.474701999888222,3.213251119633796,-1.5345015076474482,0.8653677282709644,0.03686498694236562,-2.7659730485501584,0.18499072135156958,-2.5974409257265236,0.4812859471359143,2.1222852631492586,0.1523400775067847,2.770991993475711,-2.929462355544171,3.6448477467618012,-0.15968264076997585,-2.5965818330914523,-0.10392251789852125,2.576923183181087,-3.3615839381801464
7822,1.3509453482895495,-5.73795202576035,1.8819389994181783,4.850930224035867,-0.8155924346838739,-1.5302701112989165,5.122412127095629,5.248779897906413,-0.8561685807138772,-2.970658201807179,-0.8055668985334483,-5.73879834394733,2.739290225155802,-1.3973807906495743,0.6168877337393965,1.6922624779175806,-2.095294853008186,-1.5557647931539336,-2.25422466023711,-1.798427536608461,-1.7298885299705926,-0.5059554296445983,-0.1632285329260057,6.451724689383731,-0.6315171412824334,0.11126894269735033,2.1147745060402414,0.6068024267654124,-3.2668338045473977,1.0655050703296283
7823,3.6413961881255794,-2.58413924448147,-4.584586695626022,3.687635424762288,-0.2511733685523465,0.09086769577244347,-2.652454853572447,-0.1882138483806841,-0.1883957509492893,-1.5782424696589317,0.6031409138984749,4.004166008663081,-3.99463124203921,0.4505810791549152,-1.6102831051546023,3.6279727554640893,-2.0249726820475473,3.551333194623446,-1.7600664785230187,2.9200561398432257,1.849483708753425,0.8040404627010087,-0.322086232922171,-3.491427599855413,-0.9496595762648035,4.942050459526257,-0.15314570863132815,0.5792910069769563,-1.2912035834412325,-3.1273325981630293
7824,3.624997612795564,-0.46679062141330974,-2.276890834745828,-2.0290230836435263,-0.10080808607165404,1.2485150130792402,6.1233719973683165,-2.77667125747778,0.07277094855988331,-2.402176649235251,-0.4088854560153399,-0.6084095831996592,2.7834227082379854,2.6374549567934373,-1.9764939805186348,-3.17127292824412,2.8103242336622607,-3.083434989929845,3.230888218345669,1.7440788763659718,1.1395261302256863,0.9508428022078315,-2.1004937040256664,-4.9648423231224506,3.8955421529254792,-1.2926653437136153,1.6153269802515702,-0.4917136163404079,-2.979349374184025,-0.747140798936174
7825,-0.7072630335342911,-2.1561986016520294,0.17656176706820048,2.6852620786615695,-0.07493244825574319,0.07657023771274751,-1.104348568771389,5.164403285423077,0.3032309660018946,-0.5853973872536855,0.21794270118657977,-3.9958309965862924,0.08555728075431901,1.5797479136066386,0.21390856434929972,-2.217302533797289,3.550016347585416,-3.2119275724972756,-0.6004039160655772,0.4347851569720458,-3.6824488654563385,-1.0067776541649223,1.6740289772472732,3.180816301464585,-1.7112609318150547,-1.5466518164703373,6.004965781167307,0.6208678453942182,-3.0152086385510817,-0.3527122397222211
7826,-2.5191770253310644,0.24080173234044722,5.234713895693854,-1.1030131021043736,-0.14813750824716632,-1.7051879923512523,-2.840457303362264,5.411969047264815,0.8735684173230078,1.839724305879546,0.8096825678510129,-6.094487034955968,1.804159506270917,3.1988770543973395,-3.211388461180661,0.49696533856388214,0.15206775835182995,-2.440681196402215,-2.6148214918902575,-0.8346784587461364,1.2459304026792921,0.8443482750708267,1.3764445331551514,-0.0172232602718303,-2.5545056993838635,0.9841330606294214,0.0805232323692735,-0.9915201213750011,-0.7593570609610794,3.240726588724076
7827,2.1098479093819016,-1.2964690042322928,-1.1172359332212487,0.1577923095101923,0.26001015586488796,-0.11394543730301265,-1.7652271529045223,3.458812425366613,-1.2406564097785622,-0.4350366983858418,0.6436637281750919,-0.661555892472613,-3.219131030854875,-0.4561384692413242,1.9882980980236091,1.9968082641800464,2.469187236990919,-2.7790240990972883,4.432749923864868,2.024865639173008,0.43052711282911105,-0.03767653377605118,-2.4898267019951703,-4.360639440098719,2.624929191255326,-0.9716641325292876,-1.6706549255384644,0.995768618704651,1.8929913290554765,-2.871370080944864
7828,0.19925611570899626,5.09060768257126,-1.7506888304553136,-1.1863927912647618,-0.4172225861772394,-1.9355595903825176,-4.018221712028772,-3.6974236179700775,0.34742218234780786,3.1724912528841855,0.020086661520819504,4.175645233246225,-3.98842964562823,-2.2541288843834,1.2265943786565394,3.25335204793247,1.640286295177816,0.12232580824585426,3.4271787643124014,0.12091390012240488,0.13931490872064245,-0.6300897616575387,2.0177928595334063,-5.075110671034263,-1.192218535591632,2.0565027048078797,-1.0171861847627142,0.653228577606777,0.9904943475631764,-1.490820909620659
7829,0.1441369437862523,1.372915465467461,1.5177840073756634,-2.5657239047298255,0.5164977489281459,-0.9856102608272419,-3.590566738252601,1.2739059683531408,-0.634257128093866,2.8429567508006066,-0.21223779706210966,0.32019894425501505,-2.899546591722448,-2.504836549924544,2.4017390668960665,0.52635399874368,0.5484419825399875,1.927848093468338,3.070572476434503,-0.23254744053614473,1.3813784856652056,0.36559595717899285,1.4806008977543712,-6.065600376499855,1.9215923062023457,0.625971496384139,-2.1004507954345293,-0.43145648480139265,3.302082247125,-3.3177387694727134
7830,-0.007319111746657114,-2.0273411607071417,5.152774983902383,-2.6673208076040176,0.14824351042835326,-0.59903741427242,-1.1324146018193026,2.4784410653686706,0.2903755100280847,3.663263268372333,0.39110372917892455,-5.690768971128513,2.1764766152990767,3.435637881789063,-2.8096442965389414,-1.5688595775738179,-3.5535806394160474,2.3199700164417756,-5.392829498145868,1.4632809434987575,2.559901887779727,-0.037353548537839565,-0.27832513396797864,1.6853253493703022,4.682248708599598,-4.651620234970212,-1.1058279127825514,0.2545386325056702,2.9673309680687154,-2.1466701614183723
7831,2.3856308281356284,-1.931763764291361,1.711925841209652,-1.7022158451832254,0.8825739860397026,-1.3461510459099113,2.502555517505794,0.9959550661094383,0.8202129209620823,0.031672563157139066,0.25554362881660175,-4.60593969655087,-3.7187664343725615,-3.7826092077452707,3.5366495619684066,3.996169918536566,-3.214558177418004,3.183114339031949,2.90102640786748,1.065664464507762,-1.2546783827032524,0.4726317970673941,-1.3667726430041665,-1.8178716437381333,3.4843629158865177,0.9250464244955943,1.4952614022676656,-0.3519243784520052,-2.146491227351115,-3.4062551368438037
7832,0.44240247886093265,-4.27048773811925,0.8529003478864254,4.648509698874129,0.6814524465009275,-2.354777234002735,-5.2607844374532355,2.7927553928078126,0.9285158480356888,-2.9705074083437264,-0.7355825225198949,5.245603127473547,-1.0159893837755867,1.2808290303265508,3.9148846948241385,-0.36899955795993833,-1.1107628147328512,-2.6999619686812846,-0.844970556279133,3.3992345927266143,0.9796040233275924,-0.09409957402619806,-2.866379823884742,-0.5733886618670461,4.695625559241577,-1.8609219995336446,3.3254951265395576,-1.1280085247623193,-3.3887515912567086,-1.6434385702256353
7833,-3.7377826247002623,2.0124784841242835,1.1531699866351381,-0.789782041946534,0.905553137084905,0.4563630588028911,1.4543000804230886,-3.5918411464952023,0.36889217188844636,1.2454138579685008,-0.23756380822427836,0.7607988444396341,1.07283700619735,0.5729909351274642,1.7715387486807899,1.7021413971961898,-3.7759813734125522,-1.3435267137882345,-3.0064106383825617,0.9870151186158544,-1.0911344369531477,-0.04100856028524813,0.7770626647979313,2.3744758522042417,-2.8721434672173167,1.98672180946566,-0.0381999141864533,0.09661556869874843,2.8849342787728744,-2.0579282755306902
7834,-2.013267518734896,-0.6537237239614164,3.4243949182390274,0.23373211023651308,-0.511498982206243,-0.479636803572534,3.4713098990155977,-5.168929287217765,1.1522189245623924,-0.4510715466342585,0.9085185329506933,0.08795347732353775,1.1343646776993452,4.066664534977527,-2.0796930390677186,3.0560544401968492,-3.080965001177381,-3.0964256126276446,4.570061395959076,-1.5945114587116684,0.5005703997328972,0.9663184100975428,-2.4107997248763766,-2.0316390222044056,-2.4551739558449768,-1.3859203666206028,2.3841489463732266,-1.1904901811324669,0.8534662416290075,1.7939693155986198
7835,0.9846173979045645,-3.7325232338173713,6.012840141591152,-2.7534563023773018,-0.4671541100983849,-0.044323893202205866,-0.7145913035501437,3.986148817127983,-0.013112346097954308,0.562907549661853,-0.08174221862111963,-3.7396104985204346,-0.9933067278403342,0.4551741089051191,2.269624431232682,-1.5628363801343355,1.8042189136036342,-1.972874345765792,-0.6163878761779138,-0.8508862274624853,3.403851989502492,0.1806510978467264,-1.0499568281268878,-1.0672721555848526,-4.080053791282742,1.6641850574009247,3.948245181831041,0.7023572552444737,-0.326815291120397,-1.9079184120704955
7836,-1.1925314578708317,1.3728356496824432,-5.281614628683229,5.539801484018277,0.7989226048857856,-1.2374136520320036,-0.03509967946210324,-1.3790260859897607,0.050870749154503514,-1.7493364755636005,-0.13798560404318128,3.250577095904301,-1.081268482626129,1.6715116664622371,3.3196420294565954,-1.4714197954181092,-3.941632850382243,1.5031674325086186,-4.013490135760321,3.2094882913335034,-1.3693357941728195,0.02692745285507847,3.1194159878742376,-0.9730058021325867,0.9546290969050695,-1.0451817096101834,3.7660904201184806,0.1467763333865122,-3.7349347143740914,-0.0873794264229808
7837,0.6639800512076874,-3.997724292780447,1.1909668280762205,2.6380770674667744,-0.27309288596127956,-0.22220676800851535,-1.981094435295347,5.132306144551496,0.924475959668583,1.8646061333477704,-1.1681945554737903,-4.772099246798529,-3.7675848797948035,2.2420273730493427,-4.1459554141656305,-1.1701587607698265,3.6564651492905753,3.185206532391291,1.4720733098404075,0.718414334257611,2.128688804051773,-0.6052928891767184,-0.3210672210698924,-3.3928163379061154,-0.5190037348143299,1.7788103360958587,-0.9259049294231936,0.5665714864064304,-3.365093799704459,2.4646206414425045
7838,1.8348533555477466,2.2199599309392717,-5.135386059043022,2.824302981974892,0.19718115361116606,-1.9409113630296115,4.132147232997198,-3.040116848762665,0.766978081372085,-0.6169368734528806,-1.1007324184835192,-0.14133917366998716,4.1407734375387655,3.745481681828977,-3.387007206864334,-2.810661221059343,-3.842163386186858,2.1535766947437622,3.0375371669566142,-2.0445727978431982,0.7557477172268143,0.5462018177732286,-1.3559465219082334,-0.9389673822081441,-4.490945249087373,4.2176295890002535,2.6159148933262344,0.6157356993113012,-1.5876840838932047,-1.3706508486544173
7839,0.08831839603161207,0.3910753010901509,3.4724049260317926,-3.8476831151117175,0.08127487082978169,-0.18539037887120102,0.18856444337294676,-2.9719704093978905,0.7064512915421544,1.3243528427698834,0.5969819552740443,0.15561987643910058,0.6338404694361373,1.8514614302989791,3.5279524518612924,-2.793307945716311,0.029700865062856963,-3.2496472709419812,0.28751452076738815,-2.082902827513978,2.9954024480621015,-0.10701722947544745,-2.8664739895102986,1.7734770776673052,-0.4939127083661816,1.522105665116964,0.7047847569491275,-0.4719217502233093,-2.6751148720179803,1.4140589085442024
7840,-0.9869329136732716,-3.0567478168032665,2.998059291627076,-0.5665291816857234,-0.7845539292371184,2.3967045497727,6.240946482360471,1.343530310557476,0.20691647992103412,-2.495116427491647,0.07877025661958825,-5.375047101966732,-0.4389447836877771,0.8890415332957105,1.4907947396856756,3.2041178098620477,-1.8535772887650968,-3.2914320103895616,1.0023508357103807,0.012676485176001506,-2.895705613407779,-0.11568732562537498,-0.4709981275210158,2.4673637456648656,2.279686255336266,-4.398785474958283,2.437133013340997,1.1552201530627402,1.5867229473270825,-3.0599768941059793
7841,-2.682452512788398,5.496862677966469,-1.2949657087547806,-2.735238269379117,0.8219443799187554,0.3938494330374773,0.9018431454288951,-2.9895864991367844,0.018508149026601473,-3.5234456426005387,1.2430320885509767,4.3496487587310035,1.23528194257063,2.429335756147008,0.508187826683443,-3.6897894525252983,1.8710896953113618,-2.3541057681861126,-1.6511012008317465,-1.493663629284466,0.2003424435160852,0.7484817738252669,0.566153123617454,1.6297874891544666,4.95380479735806,3.8623871235006604,-6.096800830899539,-0.9830377633940692,-1.915844017031672,0.17949069046937716
7842,0.2629270660334271,-2.542171209759875,1.9729229151897378,-0.56505528129399,0.15251769055508824,0.7188588192760204,-0.9512485948823439,-0.6985618583716793,-0.1423140981676152,1.2106595079333786,0.5941758403283659,-0.01271079683992582,3.1856431493759274,-1.134501521463168,-2.702216830936951,-1.262096273238459,3.5395052312306987,-1.6263337549669998,0.9543288768856577,0.0359215590938593,3.3899330089120987,-1.117876121070669,-0.3323834673766175,-2.929923856447278,4.057295594876553,-3.3801708751111157,2.1698858445511355,-0.19445716221196285,-0.882559793758741,-1.76999360834305
7843,-3.578490404375888,5.628451704879925,-3.129933365513999,-0.08824794643375711,0.9219308284998338,0.246289182944313,0.18876971949447707,-4.574996660905054,-0.7518443023688537,3.5813248516187386,-0.462804011705531,2.019550403866411,-2.7419245243932977,-1.9398142986267306,3.402579551639768,-2.673474298011479,2.6326797862927798,1.3199537830999581,-5.038997422111731,-2.3823871975898836,3.188699956926804,-1.1527155725569056,0.21308053576363228,5.172319699565158,3.807106946454521,-2.222834144835222,-1.510920002169044,-0.2005079746644629,2.9504785386478574,-2.823323363430795
7844,2.8471249591393963,0.31693632342363287,-6.110088051319167,0.6948761432974351,0.9371229341179448,1.3140276913411721,-3.2063104475187103,1.846696865060931,-1.1424275470527552,-0.6191630676473086,-0.019455069593219854,3.1406592667512676,2.2757730671356597,-0.005628898327536547,2.1488331330777086,-3.4671688652218577,-2.5039045214093374,1.5520960847463634,-0.8287273408578848,1.0640602734854347,0.7252014898798116,1.164035744978806,2.9815603791366883,-5.10613054662582,-4.066485622675808,-4.5166010104429795,4.922513776533908,-1.2409190705074336,3.3678396752039603,1.533652251891187
7845,-2.7529182416263502,-0.32094716149387637,0.0016633394510385813,4.513319638821983,0.013337805400191804,-1.4544553805525595,2.816224989542821,1.2967349242224877,1.152797254450629,-2.995571202360157,-0.46124703146417545,-1.808938934391378,0.806907595229017,-2.2791829117977294,0.38666955987319085,-0.4099831052736107,2.666677962915795,-1.1710891009456272,-5.66026704368603,-0.25377289118303814,3.6563401918166143,0.44032652695002295,-2.306991049438693,4.124364265538137,4.2690076092085185,-2.6892799744830462,0.8230055892374502,-0.20739984473026674,-2.41899404791263,0.22366066868284307
7846,1.5186359961826668,2.6362397305681746,-1.1983535396290357,-0.7586886698930932,-0.26872160055901717,-1.9291119166692585,1.2159418414772176,-5.4468749333554385,-0.5787828089712681,2.3362079061123637,0.789041176909854,1.6844668178274915,-1.21141348525844,-0.08053580263370463,-0.746512637634968,-2.9757871793543273,2.7941592123552397,2.2200898925272234,3.2149265059618735,-0.14720967723520495,-1.9770666398677452,0.4641446784352752,-1.2992056747359957,-0.25558919256118173,-0.38484723457992587,-1.4624036022511255,1.860747259470049,-0.5643133960456792,-0.77226121369773,1.3230781871072566
7847,1.6749401581881216,-2.3601006006962066,5.239728437002153,-2.795257676772728,-0.3477309116852163,-1.4115794060356972,4.476296688940838,-3.0239971494379496,0.8444414027958516,2.0173199421707686,0.8841287455499183,-5.198189630019204,-0.6697229190042897,-1.2687333762362272,2.692644800183352,-1.8806739936365737,1.2450808441939323,-0.11859535549919187,-1.5640005165739836,-0.35984385040348776,-1.142085693270733,1.178582761932926,-0.0756613900121117,1.963008688324372,-1.7969108955630446,-0.17062447064614616,1.1037473570365464,-0.9679896494665652,2.270132115284632,-0.4383544566426014
7848,1.9700778302453479,-3.6126770792830882,4.707695877095119,-3.555151639980629,-0.31739478751397665,0.8074497994376415,4.470352101087965,-4.958218256856767,0.9498547949978393,2.1117984699434373,0.14601943653100768,-2.719806545703218,2.579481363669448,-3.8380816431232514,0.9901546387620961,-1.3616416912239462,2.2205594327521325,-0.5904721008354663,-6.203419558131053,-0.9222253046377027,3.655672658188717,0.004515660382788056,-1.9290219233063013,5.394478467500534,3.040201095274959,-1.4776924763056165,-3.3071395387413958,-0.3910292908930737,-1.5913613722930897,3.727021582961026
7849,-3.111518388477723,-2.5001273598340283,4.06318715480181,-0.38288223007335276,0.5051919483421585,1.4261488752415552,-2.084239898120149,-1.0463524127326096,-0.7160513239311754,3.4155006990813277,-0.6074118260224326,1.0385547617253224,3.41729478825663,-0.6841425786684994,0.8823805343083713,-3.01853712158999,2.7542002484559447,-3.351195870761437,-0.563147234481935,1.5617380682226862,-1.3134459068248585,-0.39259254237218055,-2.3936502463429683,3.1010978617962657,-1.8574350974400602,-1.6041105228876873,2.8993285468402483,-1.0683703739406023,2.8681217918713493,-1.2375343444404212
7850,0.7308559764375957,2.0246083669805763,-3.293235898727147,-0.783722950411164,-0.3342532530312696,1.6557477587518417,-2.947962085160018,-1.0789409153407803,1.1282221488923536,-3.5159538649992843,0.5767771716733474,5.837857544934682,-3.1412860630452855,2.3430312037365972,-3.6095716994441975,4.0472601917584505,-0.23645767039436905,0.5970240373898452,-3.0126415704491905,-1.157369902147808,3.1237223213138954,-1.1527164426742673,-1.8198168037508111,4.018822397705225,-4.652085499252616,0.7944019333783459,2.5406133855503548,0.9026914841503384,-3.1888981437952495,3.6032768399716666
7851,3.5955792744614072,-1.8888385578542213,-5.712622270742411,2.8578697127803316,0.7383936388202423,0.40961820253506076,-4.003413257041387,0.6080005434368339,0.28018284660398685,-0.806854507011229,0.0858889990415852,3.8361953749704725,3.050196277483476,-1.7394319059957528,-1.4626069480797401,1.8385442384803845,2.001714157669408,-3.6884158195567167,2.536660923220154,2.2908998514320515,-1.1206777304719022,0.3109250986953329,0.4495297328622172,-4.467337875740789,-2.70120934193168,-1.5269537022848638,4.0232974080592,-0.09845936590963955,-1.4019215140030212,1.7052465160728438
7852,2.025484009171713,-1.726026400555213,-2.6542709580294073,3.3484208393658896,-0.9988928200707119,0.005285330118088183,-5.852891278757831,-1.331135065984725,0.818487244348983,-0.2666370005311425,0.7910157619909084,5.841160338934035,-2.0890688870390512,-2.657520828380852,4.138543881076394,2.801602687366813,-1.14929182473122,-1.044265028291072,-2.8797890108972553,-3.4475094811312648,-0.5958564739963101,0.06670570992605374,1.3835396025466462,5.472909653549216,-4.397678811548188,4.027695636517269,2.1277981094275624,0.8652539690649172,-1.6134904735160784,-1.009578429942641
7853,-3.3136462105949107,3.929534492493122,3.8414715159101966,-3.2760602315317833,0.0539190467708206,-1.2352186130470901,3.9684867512872586,-5.404422858961706,0.3611936089274206,0.4799885027695421,-0.4781913723221667,1.0729453682998944,0.48686195951147937,1.1870187958975826,0.9678792613356713,-3.455072736845752,2.1254842965608916,-1.312171576458864,-2.5730558173202347,-1.9952178276074637,3.5750098346544306,0.41137035920343656,0.013452440646931407,0.5684410104199955,0.6244026320918934,0.5922443409880849,0.8432534291174854,-0.6789869853765955,-0.3943030240858292,-0.9866103927321976
7854,-1.3041429481907034,-3.2465086040879036,2.961146199579513,2.29044254701288,0.6773114063452743,-1.3782486006587167,2.429507877912741,-3.4749073462624054,-0.3412033212519514,-1.6219495555748047,0.8677794597556527,2.1407728854210113,-3.0282574410581056,-3.455055876721797,1.4728496701548899,1.7755844734949555,1.7861372354574812,1.4487419386735922,-4.956347398842897,3.06407172765649,3.647581806868665,-0.5327712483197313,1.952979932156584,-3.1755148195220038,1.0827744414357063,0.28335366639234394,3.4003505082877687,0.8982060018311051,-2.1999503858089877,-3.464734232135081
7855,-0.5393341330586701,3.2589646417562967,0.8644429943522844,-3.758449617173916,0.8228754946199404,-0.6484993804956343,-0.007311167343754477,-5.311213677595855,-0.5426901857059594,2.2931914756970357,-0.5342013893689135,4.1022249443176975,0.06229354084831229,-1.9331536398447238,2.8994905378330778,-1.3623075223819612,-1.2847142955477509,1.6183913790940636,5.130294932787457,-2.799391352430643,0.377101707603412,0.5829893349204776,2.65183120340272,-5.942825826286299,1.0779334353536285,2.434957178913855,-1.1179225157839738,-0.2431383315389679,-0.7845705232823885,-1.3672592436592694
7856,3.345004196036353,-5.076968915204905,-3.2089397009688945,2.5355486048716926,0.3440758960096857,2.061279919256375,5.51672632622439,-0.22898303220781813,0.6170393382336172,-2.066176234658954,0.45478419114753965,-4.2933905887385535,-4.099119517120554,-3.0347937053098057,4.124275762755609,2.0457882975818187,-0.19986923975156756,1.1637184018455073,1.4889783588082324,-0.02737733449577462,-2.0532335657714995,1.03585665439165,0.7374369793121751,-1.1816610922476478,-1.1376150741162157,-0.3443818541266488,-2.4532063514926854,0.6693960189558936,1.5792656088121504,1.686541651970419
7857,-2.5404658712664165,1.1489771138762208,-0.2395092474879199,2.6951849830292396,0.23695452135305928,-1.301141499503899,-5.6179346528899,2.343103185120466,0.8579491706406648,0.47053627094764217,0.41593778165399176,1.5304082445273473,-0.5926081163620012,2.3354413755792933,-0.36314415215304763,-0.765864040490662,2.9516495593995664,-3.5654746259721133,-0.02833384064504685,-1.8850547896121483,1.4364942687864293,0.124752452990057,-1.6389094181367856,1.9910513266146488,4.755559785353952,-1.2327110509127692,-4.698123097913129,0.45555661061102626,-1.2616877663070003,1.9814055191707993
7858,3.0708079099608163,-5.249478072091641,1.6966647425767114,-1.078130596387016,0.3710635781266238,1.1890724378148008,-3.9901068476425046,-1.1081053116817898,0.08035977467968092,2.1779445137100772,0.05848188462688597,2.7814259863078306,-0.4397909541635734,0.00820329737434733,-1.610426021626159,-1.3331616458351192,-0.37016602064155535,3.7453413448931094,2.287484679116364,2.1509957859185675,-3.4991851978817827,-0.15727841043542679,-2.1116143253226873,1.3295974686021097,-2.1981707721243247,-3.808302327593271,5.50415538346148,0.874722070683573,-0.7578379063139415,0.38543355188933326
7859,-1.6211039061026824,5.106161230879181,-4.893606493385061,2.0485876845909594,0.5797596072099078,-1.219798123192012,3.859048015810128,-3.0890632042058037,0.48466150890450344,2.6720489635419185,0.04208140224593038,-3.9687766862964793,1.5387105218149024,0.48780006383191576,2.6338262058438104,-1.6878254638196353,-0.7850023602741949,-2.187508967395777,-5.139764618746053,3.101333829573754,1.2785428453433312,0.28241335672076495,-3.225019245355641,3.7024938324609593,-2.848488718962919,1.8696552473486037,5.319819013680458,-0.4493956333406155,-1.8880541413448757,-2.0035357673777963
7860,2.9445399774124965,-1.889684831292822,-1.82698575964017,1.7074103359331048,0.874565099405038,-1.809844821817368,-2.6458850134747536,-0.47150379257990593,0.07206784755360118,3.3911656086911286,0.061264541124963934,-0.4071091913148628,-3.8313403492178484,0.893705161266201,-3.0520468192703216,0.3965761730801205,3.3780406813650004,2.215065152777921,0.11332749060587588,-0.5435313210792216,-2.5850714694802566,0.06585639070306826,1.5704637157775512,1.378955193470098,4.335566864540468,1.5525655345098741,-1.3105296866725347,-0.9330398333618692,-1.0474877082603307,-2.597075170752767
7861,1.0606755782617903,0.7811757877798016,-2.584662120037894,-0.46773804862365154,0.9834869474525165,0.22706185516772592,6.048063481287205,0.9331033597089835,0.14952843941809402,-1.0483058315790643,-1.1923990316491517,-4.889990417185906,-1.0440763759321037,0.8656746254213274,-0.9895176099802327,2.4413580351304525,-1.3277810279158633,0.05434235327747494,-3.1863798078974988,1.8096364060261578,2.9197450607977764,0.7958710468458037,-2.0836874572910684,-0.25518524848400403,-4.722594789655135,1.3941552087122346,1.6291082705119173,0.8146631166729135,0.7641741672131701,0.12049402654769992
7862,0.30387766279328154,1.576946075689115,-1.0608600482232156,-1.1249929662201232,0.13076408919551996,0.17426518676571057,-1.2603276166132318,0.4587136919119068,0.8935739854550553,2.121435654903525,0.03327445620177549,-2.246670171858881,3.2283556661061823,-2.5390937744579425,-3.6611558055830784,2.2403886020996637,1.1781540424056338,-0.4466487305693949,2.0174447746378874,-2.4241224625914857,0.21414112773917537,1.0970135554694158,-0.6257656140383538,-0.2787113812194839,-1.2477750948953066,-4.0890643226447825,3.9097595468382593,-1.0085529410769216,-0.3495866877208904,2.7852194995024533
7863,1.0241186170958478,-4.2315887463089545,1.1390404322475334,1.6261433719790048,-0.1910821702662071,0.6333684952530358,-4.905749139649441,0.4029591830685675,0.06735720555608449,3.5146318419939853,0.7128316398566072,0.20796926917439862,0.8367337525718241,-0.784891296506963,-0.6692389353897532,-0.6538205867275231,-0.6740783520074025,1.9452954180608764,2.2807698814362674,-1.9823652728900836,3.949848216812807,0.5328329457341852,1.1227840328876653,-5.903869803983703,3.8524401497156724,-3.3736307905952465,-1.4566496230072197,0.00526329577770035,-0.45561114541743564,1.4281881135293624
7864,-3.6736230406734958,4.2366051406858745,-5.160046138571616,2.119408778478384,0.8128460296316584,1.6648092304494462,1.8453755102724685,1.4049370413551223,0.034764719985775905,-2.7629781686896244,0.3120334637526305,-0.8341325666762032,-2.3274916772209195,2.958232915853163,-1.4990850133488482,-2.4186380850990474,-0.10888911940051571,3.3958709792172606,2.585833797000493,-0.8332633919528565,0.29797622344468166,-1.0453975195025924,2.8056151863434184,-3.810764295336032,-0.9474586546266615,-2.271881127419345,1.3938385608446673,1.0032093047328,3.3196697840144225,-2.497377867543033
7865,-2.4184491097681846,2.5486893473867056,-2.2104092458841507,1.0315672313590234,-0.32382435058153014,1.3724261274884029,-1.251075479303207,-0.13577676790094273,0.2415330054642908,-2.065809182293677,-0.1823606150391699,3.3934890390728327,-0.001186406220181624,-3.9432264472409173,-0.20857177460125342,-0.9288333033400491,2.130475466256538,2.951342465146933,-2.22611635805659,1.7500909062336678,-2.8098412289390886,-0.4565189508312404,-0.5150018877637823,4.257387519354161,-1.1257944402543032,-1.448812381859618,4.846646917156928,-0.551667794306443,-2.840755232138017,1.1203829314043254
7866,2.198815321728361,-2.367540440786783,-2.4502110976280207,0.5078524631606918,-0.32088248658673035,2.4319662401127715,0.9797914361845415,1.6887538259080763,-0.9391336437141895,-1.6261590017554628,0.3963783883248464,-0.4996310049477053,-0.4072122641448175,0.43218199211571573,-2.9779983049968344,1.3283876361807039,-0.9322218930731268,2.556862833919375,5.290056001158284,-0.7055894062947505,-2.683246572277856,-1.1948567058943214,1.2773976806042082,-1.9837609972984502,-0.37532528449569114,-4.4102820134353795,4.004411054862597,0.6898517991081476,-1.9169862673237503,2.008330711286927
7867,-2.0897614777935214,-1.6376720074734088,3.738331918409891,3.1399335613807544,-0.9671205805142691,-2.1837114140091574,-1.1832870674621851,4.921311060189613,0.968016874971803,-3.2979911138529303,0.09039088377461191,-1.4984406376207993,-0.5556018335661612,-2.6322957128851385,-2.350943983906758,3.279345445690744,-0.21992403494493473,2.479420119613277,4.67940134901847,-2.792183799554868,-0.20779403863498658,-0.3456481767847128,-2.2857405381562437,0.9519652041094773,4.89699870264192,-2.678537221470002,-0.10162468180457651,-0.3754314781624286,-0.006030209965512512,-1.735375111236575
7868,0.7569759364609059,-0.011293997218988494,-5.6110334787832095,3.401370143079081,-0.46727026391771953,1.9312516603802123,0.47310754538040456,3.5865360215401303,-0.9711589480985214,1.6963749960339172,0.8688864261071325,-5.65374604096294,2.9057811194641943,-0.3636963302364613,-1.851991586574659,2.511303861305798,-4.1738625571094605,0.9724654931516508,-0.1867281506349059,-3.1603591099625135,-2.2797327510011147,-0.4255948978863655,1.5785606038748856,4.473854305607141,4.954782120515951,-4.853705854191283,4.346519653046272,-1.0137462429049116,-0.4706070010423691,-2.9632426754208563
7869,-1.6645115877851229,4.893748209894344,-3.5453186217592503,-2.102812716643335,-0.05252760487729624,2.471422321170916,-4.5496760567509185,4.135019899534392,0.7973350281219913,-2.132910882548927,-0.7848117843971902,2.5350437960407604,0.5533804985130573,1.3369029355878794,2.6502635900605114,-3.1497156916538422,-0.5326847310725213,-0.8581466014340169,-0.7979021740776275,-0.7691034326797244,-1.7565231725564274,0.8435772585378718,-2.8948788727545427,5.374830393527567,0.4293832928582084,-4.3288645616081105,3.7700512251318905,-0.20513787340095035,-2.8045007078366773,3.1390686248584103
7870,1.3886785309967848,5.38292759348159,-1.610951515367482,-2.5391649512212773,-0.8836613073463253,-1.7378283505430137,0.045052166617587375,-2.6528728079066077,0.49701235382645503,-1.6538270294558632,-1.1370753991746536,4.901710716093177,1.2555258189926484,3.9691257823462855,-1.7170636519050237,-1.2672127134157982,-2.011316982502363,-0.22905825351466724,-0.1571884562462671,-0.6970290546123223,-1.0222510177561368,0.4320286280841863,2.8624099498246114,-1.4179700492969722,3.335542134084829,-4.095411543147847,3.973037511938685,1.0555057722369057,-2.5827022168598504,-1.6859716582499598
7871,0.8384461411627928,2.72394544917206,-0.3720238491164167,-3.2487852607857484,0.8951979746185494,-0.8367804550509366,4.1564357625692985,-2.1475265857183032,-1.1057845513516313,3.0637705895447844,-0.7319397121719993,-3.2349555028720367,0.35478283904702224,-1.3601535142140726,-4.045975725844883,3.029769329670568,-1.4968036536494225,3.51838072499185,-5.8692595991546135,-0.7120842399770826,0.656571669341762,1.059006967230431,1.1524900701660048,3.7132751323905886,0.862161812890232,-2.6333353709703395,-0.6143975045270231,1.003301122441246,-1.7434535060897236,3.125723446258384
7872,-1.6388387168392686,3.1683662252361486,-5.2974879815726155,3.85558858337291,0.9496156365393649,-1.0372437467362339,-0.10137961100903681,-2.8369132758203435,-0.8330418191954472,1.8689097173931302,0.4023710125285911,1.5000539761032456,1.0247193453915422,-2.3639123988693598,0.2885671644604173,-3.9194274426571543,3.997832685993611,0.9722206456819773,-2.4896084999188233,-1.906556307667552,-0.11441306934409745,0.048042030626644916,-0.4764013983974671,4.938937244698405,-1.817761002552043,-3.333808406628396,4.077566744883168,0.20445502933421,0.9919644769037266,-0.12241684193785929
7873,0.7586124876879694,1.188463582101413,-0.541428380208739,-1.7594534957595798,-0.08097455286735333,0.4347803590465986,-0.42485253020630154,-0.25206967248749024,-0.42526847348134655,-2.138876356348197,-0.4561943696131374,3.6972614021365935,-1.3755707975197318,-4.219766281714993,2.014870003237103,2.628718759673781,1.61188331888523,-0.6601350025603558,-2.394997143109425,0.3538217822411056,-0.17495894193979566,-0.7975626876280497,-1.1811243837265213,4.19482137415978,-4.291181742861328,3.890966740677438,-1.372073762336509,0.04594114065953647,3.6727205187603715,-1.946372894896724
7874,1.0047773230519148,-1.1798240637242934,-2.9388583194667532,4.388281966595212,-0.8190793707868242,-0.45529753566894193,4.382542001883511,-6.169391273409868,1.0161027506334621,-2.0207290560156252,-0.9124876410057965,3.7039632179144633,-0.1080347894784417,1.3450062230129447,-0.16736361280349854,-1.5028236820485237,2.3359737451324136,-1.9027578838138446,-2.048270795247184,2.9551441226287736,-0.5605050961244622,-0.47528135439801833,0.9610217036422188,-0.8321085805042401,3.939608047282036,-3.406979621716445,-3.292709329539779,0.23707942137400195,-0.8111583014438679,3.3341597840468076
7875,3.0540149854340832,-2.0935407592166584,4.719965737257752,-5.182685843053669,0.9945792302091885,-1.4923333506303749,-1.7050954354522716,3.6538770707857466,1.015185002910214,-2.054712057731493,-0.6655684405995812,-0.24368613991248012,-1.283423373165581,-0.7826361978015726,-1.625188745587879,-2.1824488113803238,2.5475873023471394,3.3261098255892847,6.095419928632953,1.0124708944897645,-3.3038702020087953,0.410837686450674,-0.02830031582680448,-4.186557991740667,-0.3061412878872751,3.748986420827489,-3.318818655180614,0.7174967991258638,1.7839379816461367,-2.625461258528823
7876,1.179472468994291,4.1411400236532465,-1.263301838137533,-3.3080204828149995,-0.39468400080677357,-0.3546061708878838,-4.564384962832772,2.4149760595895238,-0.5431738231938255,1.0405262128650037,0.6658568314728921,0.9861996820992971,0.5270680809445238,3.1177010512664616,-1.0527320838357301,0.33391765951144237,-3.9326150990785393,1.0066603911929057,-1.0418367069452508,-0.538340043883144,-0.7895691352146734,0.020387073258826938,0.6317087089955127,1.717650103785818,1.5829602959931464,-0.7962010982982939,0.8172364057708279,-1.2274034861589689,-2.6305634543747782,2.2539713370708583
7877,1.8468274315789337,-3.6892969860882623,1.7489853305302603,1.1549865413561236,-0.6324670605759151,-0.4290352568008071,-3.849050911890334,1.0375523087455143,-0.6109456709004997,1.9382076850552359,0.9801369509487312,0.5040996380414526,4.030952369810706,0.4454354900704658,-3.999833766504688,-3.846223022664317,-0.3133282154673722,3.6829971447562535,-4.310579862816038,-0.2617834143705231,0.25969155200621685,0.7065180899923211,-2.1966665570843222,5.802820192269415,0.23911993057254932,1.8857648355667287,-3.08586848072634,-1.1419068635102887,3.558747601042061,-1.455857022941906
7878,0.8964341892241254,-3.8653441203040444,4.363210483113544,1.0312244272145143,-0.6570947346612139,-1.768430244586641,-2.361681846168864,6.18256686963176,0.8546857641517516,0.5445354611953555,-1.1501956026960118,-4.069910646113854,-0.11018192146572758,3.3800678007309486,-3.3658917499575693,-1.7929445342594192,4.181632845947654,-2.2926824409948203,-2.2484064653458837,2.5549593723270654,-2.581918380180726,0.7459247177396175,-3.247205475994946,4.776646231451949,-0.2540479371653461,-0.7636070006826152,4.012608817631985,-0.23067128729144226,-0.5939329588892193,-2.170349633600525
7879,0.7245397537889353,-1.0772323556633019,1.2142629498353195,-0.857037774954108,-0.6440899854843429,0.6395574124778118,-1.8180490648301166,1.0810141149220698,-0.6095398359829955,-1.8799403582098844,1.1465764489642627,2.079938695136814,-2.215578753389263,3.1850228725664778,0.6974056134291899,-1.070783785307583,-1.1758727844814754,0.5798068371837264,2.881516809689085,-1.9708828569056926,-0.2050069190560162,0.8977043426666018,0.04484998087584913,-1.6481813572727475,-4.7463403160884905,3.5895976199513733,5.239803495076551,-1.2474263428349714,-2.520371585239488,-0.31526287086212257
7880,-1.5753378205084356,1.7042798599670057,4.989261802739932,-5.918327981646712,-0.5874380714008487,1.3875622108493726,-0.9949674798248118,0.6584970665752934,1.03509355779099,2.2069154902463204,-0.06211289072831416,-2.8434257440593385,-3.056689527961659,-0.4650747228512735,0.19176676100535772,-0.1772488948924149,3.0181928105590714,0.48905357414202477,3.3475337237962606,0.30294512384885763,1.3997958007527451,0.4598153484264227,0.07601293932011366,-5.586102936147348,-2.0256335738742983,3.906684655972761,-0.8979039404541815,-0.24988578947056794,-2.9450800433393134,2.2118186911684923
7881,3.4178584190911607,-2.0513311875913587,1.0232005693000303,-4.14058002371144,-0.41711131646722355,2.1679635393791212,-5.558104675183781,6.198525714208596,-0.9314095592693681,0.49257241902196824,1.1190918165652004,-1.3206757153424924,-0.4361581030786894,0.13505936908681448,3.845870128679845,-2.7020524769364727,-1.1338164082242876,0.2910974904739074,0.12091182397910671,2.5873110580849463,-1.5993784311920969,-0.28662582052500696,-2.349043676179164,1.5268250458292556,-1.2770241321858649,-3.9423194684449676,1.821261736735707,0.44034520297919855,2.231502489024926,0.7262341718938963
7882,2.5834458919503156,-4.4592981819306985,-4.188447192236264,5.351768161604717,0.41104202181746974,0.3014892987947402,-0.10867055237381607,1.608014863161408,0.8953406451868489,-2.338298223028687,-0.33071727316416855,0.27433054021852854,0.016683680277619573,-1.2241565784963928,-3.5303406872437044,3.43769673249097,3.127622948672254,-1.8275060956995972,3.3803471049243576,0.43789669857237,1.8211881685534337,-0.5425448735914129,0.0026354242794397464,-5.099522522741122,4.551325218604976,-3.7046026071668017,0.1866980043003963,-0.4940091973413647,-1.1060567784905615,0.5666453600962296
7883,-1.3195282090264726,-4.666221590427664,-0.6473631088107048,5.854263075971016,-0.9771914141758433,1.756041246469982,5.311798449270757,-6.106962356534343,-0.29024510628366507,3.3725870868930166,-0.38362060145001475,-1.9035574718956099,-2.5307605127958404,1.7349422919644581,-2.8500119444040877,1.0944690908756236,3.245929816697096,-0.6945687423360631,5.768053347021581,2.7178030322053885,-3.954617488856398,-1.1027279914367947,2.1459267611903172,-5.574437660127032,1.4030887548027309,-0.22730812291662872,-3.885115498991528,0.8983460443556313,1.7741764023522357,0.036812420400448076
7884,-2.196058142649056,2.8243396145560027,2.2566196290287053,-2.891013763348031,0.641450624106561,-0.6353379616938799,-2.332607612038469,5.9648570659488875,0.1855819570780266,-1.2463067237714558,-0.40112921390058887,-2.170395473316244,-1.1858259537136284,0.5079993989777734,2.7092640880056216,-1.9125501216976808,-0.5821857065399278,0.4632982949690394,3.022648372878905,-1.389237531820271,0.8851743688889329,-1.2282973858720476,1.963683398748385,-3.2539712228267987,-2.9183208854548788,4.326158465147941,-5.077140815642576,-0.052500641056317576,0.21341553932141544,3.5083883376872613
7885,-3.188760440720161,0.2072087395868536,-4.563010966387186,5.550583638673558,0.21708005163475663,1.776898977212504,2.241951160444561,-3.0445468961244337,-0.34983562945546964,0.5023685711799963,1.0450304821657452,-0.3949676882102615,4.146072064751031,-2.2398136330915897,-1.441680896652164,1.2842031778284202,-1.4800064474743397,-0.26877426536018767,0.2564151185631225,-2.4481711045156054,0.8515854695478886,-0.5202300881543511,1.2268792639529984,0.6335213406030533,-4.637413567001213,0.1702422215253847,-1.9733881717399129,0.43974873465919107,2.9282512998919543,3.072559482667444
7886,-2.1747482888829257,2.8857919037178057,-5.604985736026535,4.2038854801572505,0.019829975737060135,0.6702266652976707,-3.940484908155568,-0.7314779501095039,1.1776518234540578,-3.5500136795629427,1.1684018656639772,5.875922848710108,0.8807244680338258,-0.9086769352069055,-1.5922110993419256,0.7470686739420422,3.315491282355314,-2.442396389781184,-3.753452107913798,0.11637429695111479,0.8284570874666741,0.8142624218479639,-2.369613268074467,4.363971569719606,2.6060457897639075,1.6486626518624767,-6.239374435573449,1.047619013702187,-1.7050468819890074,2.6420938622367274
7887,-3.6872240193973482,2.514605551707586,-2.2553091953471736,3.1632827563235644,0.9065999296640217,-0.6419550229503184,5.349613201996082,-5.247014390723738,-0.9424166328298051,-1.0548904374591253,-0.5080048292277448,2.4027130882444574,0.17059426807736955,-1.3166732211836276,4.065666844031298,1.5690580611074303,-2.7370074696693916,-1.7516384823618925,0.6298312865895923,2.658559145073614,2.976333417906801,-1.2046976449048836,-1.2832270754271615,-3.776799129240878,-1.7952592657985704,-0.8464923809383862,4.692910662589004,0.7820252614097898,-2.8720565241251386,0.03887224686615376
7888,3.1199178574728776,1.1811496033333526,-0.209396992877398,-3.87017955925619,-0.6167876517464772,0.3952967430741321,-0.7182441600144216,-2.966356050203565,0.8754619445243286,2.936720672753683,0.37471429665243505,-0.5022967037123323,2.5628802067438166,2.0935269246064507,-2.774582666366264,-0.4991274551964331,-1.3805842639168198,-0.002112745869602861,-1.6289742771120395,0.05630676725269801,3.8076680112204215,-0.008692053643438946,2.4735949576356973,-4.69990340535626,-4.479086051361641,4.278774981601746,0.5553033475984144,0.964023020551263,-1.1677506347959046,-0.1512646635910304
7889,-0.5563167344173507,-0.0072665671996858805,1.084786432104302,-2.452201076666018,-0.2052706079007791,2.1362685540798694,2.984402691819266,-3.1870412395090746,0.05745515531020917,3.734195871270206,0.7239565461901263,-4.312969025080598,1.9141485618351837,-3.146754134730175,0.6174527383533857,0.542040257636021,-2.9947700608966823,3.0678826378033754,2.715759902038382,-0.278223888084538,2.957769497896752,0.18294424732678216,-2.3414225187202398,-3.236827240460066,0.6980647467203944,-0.13837749713975356,3.228416180212477,1.234441519842962,-3.5108262567108284,-1.511718692922356
7890,-1.3803883531290246,-0.31482529430572725,1.3566107865144907,1.5877868083723605,-0.2815742062102604,-0.9676097412414997,0.9846548031043127,3.974530328326317,-0.43309693617789247,-2.186312958391998,-0.48933164013211794,-1.8504435967284607,3.577043570662209,0.04764930083437946,-3.124298237261506,4.210527012257469,-1.438650196562996,-3.27227144992845,-1.29316305015967,-0.27721698926428573,-2.5502222940896218,1.0973423283836743,0.4339773318421791,2.5892826732847567,2.3161845841436595,2.714077202649964,-5.7071643693240866,0.9075640927101496,-0.006812489272153499,-0.22384902090460912
7891,0.2065488204193784,-0.8640889509039766,-0.7241210005336391,1.2032949775669621,0.8796527485796064,-0.7012865951279963,-0.8087664987282501,3.220514821852319,-0.5833416371685543,0.608511094968696,-0.07613328288812671,-2.3607844980359403,-0.6305630333682011,0.9051976867817935,1.317208882337063,-0.4315747270452306,-1.9036815665377311,0.7434127578333865,-4.009074345935424,-0.9478257071674161,-0.30534756678625996,-0.2862579992142118,-1.169614206912355,6.718119826012739,0.7682302842257691,0.1251956729531436,1.865928648437169,0.9038014357930519,-2.6466924719427176,-1.0164635694634825
7892,-0.6560488163830875,4.741345728059823,0.08514951027554929,-4.879030813353079,0.8300337076320661,-0.12144931623092248,5.700681268128854,-3.544620943188164,0.658357820663344,-0.07198992476043031,1.0096439908030552,-3.752072211646489,1.136535591764769,-3.99963004061928,2.8039086990705258,1.0522577071519734,-2.942975643228067,1.9499036858611447,-1.2256099834149943,-2.4889708134203197,2.650269823823848,0.5970882269444919,1.2316723296410395,-0.7644495835769902,-0.11473155888357667,1.3817629194340455,-4.116205017501933,-0.4019441869510443,3.5733149947893317,-0.3221971508838912
7893,0.6821187914206455,5.544290310454706,-6.172780121166944,-2.9204486096979636,0.5001442652220756,2.3666753637678184,-1.764608343626218,-2.414236968078672,1.1060765478062935,0.03801282019428598,0.7443263738079047,2.290429569896588,-4.201963960154901,2.0312663660968546,2.4344591511251146,-1.5677395559005767,3.07989482774531,-1.7759168289107503,-3.981831621730773,-3.4414727412700064,3.8432817032548883,-0.969095438850343,-1.6885986846250578,6.23771678321836,-1.0255381303254971,3.2366433386604676,-3.3896263519656955,0.5544721049348071,-1.388625722274453,2.0126747609732583
7894,-1.2362250268514252,-3.4274671775339343,-1.9678779798577999,5.027874703418181,0.7543789587656349,0.8493165220596595,-1.695735852319153,-0.11264279633114782,0.25752280469554734,-1.1371873540684216,0.4053691579772378,2.282674040046121,-3.041998293636418,3.8593948742244706,-1.5567527132442613,-1.6515507162618626,1.379291515635476,1.0116153332836646,-1.9411182666480258,1.2080645561830252,0.09235068901395138,-0.445016351997789,-1.1750414265556373,2.2607608000015524,-3.792833971606001,-1.6894941701049468,5.931291466244133,1.1079298520178025,-0.06299901385966145,-1.4938941626884432
7895,-0.6530534942318784,3.1527573196352137,3.317072063917532,-5.615250750731217,-0.3240093475809469,0.12248420899161161,0.194067250738577,0.8904778693633482,-0.2202701104453615,0.27317835538054425,0.8939195491563234,-2.031372914193234,-2.520599166384992,-4.130383802026271,2.4161047483424447,0.7179638311406435,3.2019354343722135,0.3149789545570236,3.05228804289845,-2.506969070891863,-0.49235194283119554,-0.5654150990732729,-1.7037191811916674,2.2161672510866453,2.4144792303118194,-1.8033232325860418,-2.9978356933556327,-0.6550750508200167,2.4206446767384193,0.621110069714307
7896,-3.343526233966509,4.898951650668362,-5.063155380538863,2.0982442843419307,0.370981463503246,1.0385042159921678,-3.8568164904634408,5.814031586333819,-0.613628207624263,2.888733690667234,0.5769414983424355,-4.809262077255589,0.5560618460028586,-3.982102214966053,0.17855980666117333,-0.3473619642189547,2.77516323931847,0.8196792872035576,-5.250910883406647,1.6016253936462341,2.080678517813375,1.072428615865272,2.5313919709009074,-2.0352136148220588,1.723652015918514,-1.2568227719808291,2.339118987105728,0.9226643058161264,-0.30063810895363474,-3.427974427903033
7897,-3.3788841903523377,3.3766667785787803,-4.340926011125987,4.325289468316761,-0.43613481626790995,0.45398877085100153,-1.2030231417499984,0.2606562295281236,-0.5436182575742627,0.12591529799453838,0.18788870828396131,1.1721811635178376,1.9877709087381632,-2.1459186479852157,-1.8570298166548618,2.609502278641777,0.09207784319426793,-0.6864025659330846,0.8921700335743488,0.4666628492159042,-3.2825633841698547,0.6577431572688148,2.4802838088992463,-1.214296464791385,4.607997347205966,-1.17605481828544,0.9317863845634875,0.49754620963297125,-2.903643666148774,-1.9576314569653466
7898,2.0344209990427196,-1.9417650907861699,-5.749427495618303,5.194013398612473,0.9775388962055693,-0.51478070745598,0.7038291263393255,-1.445614160549713,0.11190550952129197,1.9129316110136472,0.17385005121085495,-1.4569021375352058,0.07735883849787939,0.05521019261865945,-3.6734199352352803,2.5826569294549167,-1.4033463675258968,2.3615403421907573,-3.1319017777449787,-2.224482609679935,-2.516256856830905,-0.8912582405598899,3.204738525006313,5.559160959806476,-4.971652227562624,4.407974378658043,0.3857303804350387,1.1623335916030921,1.6438035584176482,-2.6281896815483137
7899,0.4835524193689338,-1.0146240154271773,0.05081709540672463,-1.188171111374583,0.9958795835870116,0.6725460284393989,0.13592932579041062,2.050673419863127,1.033077019659503,3.6016389778620415,-1.1346174789746541,-5.686701264200234,2.074265140940213,-4.074224016894547,3.9337759574953424,2.8629521053530524,-2.6393541330660586,-2.157415053826968,-2.281429270277183,2.9046843116514047,0.21916925308662272,-1.1153311169518023,1.3904905781401524,-1.1175837556520918,0.435138092488522,2.406752586562348,2.998980974700931,0.7531997137885202,-3.354146568714885,-3.2399247988225532
7900,-2.222292381098301,-3.857815489175188,-0.5223178752634965,3.185923510254799,0.9339172815313543,2.4825849537511377,4.064517938802009,-4.212993689065293,0.9220369117940956,-2.9805310466766546,0.767927763461838,1.4390421216842242,1.9639541117557826,-1.8540177323897495,-2.7984312316983893,-2.901925638821572,2.571615354895332,3.018805136259619,3.1746642674363557,-2.058164613672581,-2.0955040558748266,0.34980902875227216,2.476512548612874,-1.8473171752569648,-2.453610556103019,-1.1623332397307955,2.0925461319871985,0.9729904653917343,3.393225199690537,-2.842818001232793
7901,-2.9040037784478283,1.4329727149761453,-4.575460844499826,5.674031110230178,0.7478060270740752,-0.3753452293324351,2.5755450538083657,-0.8961974587705193,1.0062133853289827,-1.3229922843833517,-0.16363823561759183,-1.198930460365645,2.0330143047259384,4.177935366949914,-4.037527085622923,-2.196488847222703,0.07351318237001081,-0.050446921199240435,-2.469511832757803,0.30254185788770904,-2.3204478113116007,0.9452197356203556,0.3868686298784194,3.1553294206800473,-3.4927835316301845,4.572653302932924,2.948377723791559,1.241395024257585,-3.596395995859126,-1.6732465234899294
7902,-3.687906907041249,1.0803352976507377,1.3532161707421935,1.870065689353833,0.10886699892253304,-0.7245772496277354,2.754995152876308,4.936026134708854,-0.248493824986614,-0.3810829606243278,-1.2431701437021991,-5.818274358271765,1.090914984559614,0.49296859025175266,-0.852075895535549,1.2115317513294528,-3.881445482538389,1.938106051934156,1.6497328206137816,1.4250489764638026,-2.59874135806421,0.5219982768927158,3.2348189256569775,-4.232857641565939,1.8842816891633483,-3.6618146132023064,1.076410305738115,-0.6520353984700487,-1.1529643331459862,2.5061223499197176
7903,-3.5743788917869335,5.629186905905122,1.4939429778822912,-3.3165478630270933,-0.3579817551072684,0.12577862613418844,-3.359673746720137,1.776655616665085,1.0029432450966054,2.9394360197913123,-0.7732301997908424,-1.5861309350417727,1.007910846392786,3.278202008710476,1.1274808483243817,-3.2871361019874694,-2.913350150720447,0.7868925492812746,1.9883494371230306,0.6662552024980037,-0.7273654576893467,-0.9815759153271539,3.117799604041643,-4.063462870649083,2.4626171183393133,3.6862289709104985,-4.604427661466314,1.2474635143788566,-1.0164269606372898,-1.7754549815222234
7904,0.32558032814658766,2.6794282610146958,-2.0368231592845625,-3.467707808792209,0.14806335364450574,2.3514590252713194,3.1919126786754575,0.9076938466665823,-0.5599514904721037,-0.775591795973245,-0.3673596809384101,-2.396703557958052,1.7254016209161946,-2.1409963477333473,0.823311423249816,1.5205788684280002,-3.48341783114334,1.555122266283682,-0.3735234672093526,2.2404340290577665,-1.6307959603253828,-1.236681385980611,-1.0501205113641774,2.0506872958188573,2.464571034560194,-3.8402805986227087,-0.23086983778066283,0.5159957803454596,-0.4991238861893823,1.589707507689969
7905,1.9420128962235594,1.6934889629970655,0.2329048283118489,-2.7022392068919743,-0.6622282523204568,-0.5039392283197426,3.0961291253505117,2.9216874478238246,-0.689001169067339,1.3097174089688366,-0.5142798669725543,-6.124252946103102,-2.892852020710569,-0.08984455491695087,3.7452733950472563,-1.475444341295388,2.8850676479701924,-2.1722001260935446,-1.7065440059074248,-0.9834926823556831,1.4515077877097404,-0.11092747314144713,1.1964706176562494,0.1529857560356831,4.001997025090638,-3.9272341035860947,-1.8341721659812968,0.712185478284673,-1.349482182138635,2.3967059483335866
7906,0.38498239892069286,-5.343035873486759,1.7709473066445653,4.3099657560606595,0.36787536306056845,-1.4907349511994017,5.128415749292863,-4.776932682596801,0.025849032873541233,-1.825467366217925,0.9491183479617415,0.49901691868677034,-3.120738181162425,2.4830733627484527,4.210881710084646,-3.8826289143701356,-1.9450063851275257,2.2544184078279557,5.391687415534726,-0.6360069713799401,-3.9700772443505663,0.4370991225362495,0.4114855859909774,-1.634187908334308,0.9029234188678039,4.882039761578902,-2.2285181292229304,-0.8377321175986543,-0.009071372472625683,-2.709641561149649
7907,0.6780770921091488,-3.1974836319342934,3.212420917925243,0.5507755208202916,0.5041891061516943,-1.7479790050717519,-1.8813328265152371,5.314797970861697,-1.2233365035064336,3.2231146698568693,0.5402820923967271,-5.9735254030934115,-3.913142661957025,0.20694618912398255,1.1374115930814916,3.0206917143802094,2.650175636930001,-3.102082471557697,4.621660650609066,3.449810550521665,-0.34537691892706945,0.4228730569730166,-3.028837107842378,-5.120130231337171,0.02643053057674294,-1.258057493581621,3.6512322582540726,0.07206748886057479,-1.0741414968137164,-1.4175312872932277
7908,0.3450623090700091,-1.8688366482726693,2.6884198725828554,-3.770503834385444,0.9458459971112703,1.660012303894316,-0.47191480679850173,-1.3016261987992586,0.09137516872673679,1.288047893390285,0.404999657318486,-0.01088171383754144,0.3330251586741504,-0.3848774328717859,0.5670202505870527,0.8200163628632886,-0.09296276277834536,-1.2422215764733728,3.0758910077330697,-1.4004725471274675,2.567819537961512,0.19127766811784586,0.3689291091495033,-4.803444775837335,-0.6248506940044756,0.4561309459133689,4.037301161202592,0.394234941828965,-0.9632046993556109,-3.299611655582016
7909,-2.8654623155139145,-2.934610677235206,5.287143125153747,-0.4581736258144744,0.5638826145240179,0.4072208788861751,0.8663398032887066,-1.4940403680010732,0.9617644779018599,-3.007779270716787,-0.25192439603106287,2.925639753558549,2.2170662158447705,-2.3295125005591917,-3.4071163026113513,1.1026478385371803,-0.6458417484720087,3.0627564972615673,-0.00665309423722249,-0.7681143210070012,0.16107118599083847,-0.29551746218514463,-0.6174982486530727,1.5267119400887417,4.27144914323932,-0.9293575501960447,-3.405369163631665,0.08275615985569207,1.837559108053295,-1.8570376973178249
7910,1.4979424976940088,2.4081290504230353,-3.4785748293847547,2.093145075591515,-0.5192306760936216,-2.0014111182298375,1.1505576254218184,0.03382677805570111,0.8177640594059596,1.6482190066173779,-0.7071786430513614,-2.943188826449301,-3.8746627607980937,-2.5910153973723187,2.342677306941873,2.596350649392349,2.592948302922494,-1.0662981010853603,1.3834458438094295,-0.459220358119941,-1.725326189040409,0.37797035533637224,-1.531129552698113,1.954259900709829,-1.7852991122683157,1.8786844555628939,-2.7683461694062395,0.08148254770164876,1.0508455408461295,1.5426327375666666
7911,1.5993328585764353,-3.98797551997594,-2.509862794823988,3.263883301515879,-0.37313937987060086,2.007761534578563,-4.311526007764691,0.5859954892233326,-0.9082102867171269,2.3980188064135,0.017450376499346554,2.2182716223458456,-1.724726400656131,1.9482371958565672,-2.3593488958062583,-0.23020040905657524,3.148585994694269,-0.7825474850309,-2.8687832594755562,-0.0360858806538662,0.13209351392412572,-0.3854587676209906,-0.6820628853810327,3.8402972792044885,-4.642576095232414,4.619981973984654,3.860459158727405,-0.17066003559583898,-2.1875048619509023,-1.4797001399300793
7912,1.0296970627125113,-2.3716569641145746,4.920653377273368,-1.8015605062358624,0.4416359994849022,-2.2187689691199814,-2.1848352038292234,2.5139533918325867,-1.056084360360635,2.1137574054229304,-0.7796989073339144,-0.6070923257315357,0.5814583415659627,-2.6990661941260825,1.653440181525692,-2.2733201681488335,2.862662083283851,-0.12517424409966438,2.119645849833674,-0.7139426939914788,0.8278499162711022,-0.9286601896370978,-2.2325096112938922,0.9276167288148685,0.7337164165755716,2.1204058609274874,-3.2870848781991775,-0.24534245045643388,-1.4807589277230893,2.1590639788785033
7913,1.2636259713952604,-3.4923247045758146,-0.049459383913653454,1.4223465568648663,-0.5909783157704731,1.446789876000187,3.1215261776234264,-0.45915466882611966,1.0749861732591208,0.3236176114712208,-0.24212546761609133,-3.8188498259113217,-3.621533611720654,1.5605933590056118,1.485095866254568,-1.4654100518097106,-1.5970995263602585,3.638353964631424,-0.5740256159528556,-1.0924625391772977,0.13576743818696357,1.0073603033134981,-0.14664149457205689,0.6700019081989126,-0.21890416330004214,-0.3220235592712264,2.2030366985087078,0.3527110083547793,-0.5545540072149322,-1.460265977074446
7914,-2.2657792495424065,3.951995383284064,-0.42201803535938964,-1.6027805555533021,0.031794362689705924,0.30678809448167854,2.6488654844227604,-4.865654270900432,-0.4993694311631378,-1.8084315150923018,-0.5207576878152729,5.045347420548602,3.8122424384713653,-3.60285154768707,2.1949289763307007,2.2682476311049093,-2.7813620483386146,-1.8912054498803208,-1.9924279195772243,-0.5252123894668035,1.083294039424338,0.8851016594030874,0.5464959966947553,0.0027486135189960237,-0.9942906219165373,-3.4536568045386424,0.6034449527375969,1.0481738772291775,0.050942997564844106,2.7453855989264113
7915,-0.9039864963458761,2.7468156542035125,1.8747836460034257,-2.3650051239215735,0.9299349354466417,-2.282542615385781,-4.791093921330955,4.879226014119556,0.8682406897355133,-3.3902691759513424,1.1491180837783093,1.2847783096491412,3.1300237012354586,-4.227515302532758,2.7480087533343784,-2.083098678760976,-0.24130989162843974,0.6738914183532625,-2.617867956803387,3.365494847085884,0.6906340987727546,-0.754707046837054,-1.8641153719972667,1.1805614297762261,2.151698568844129,-3.9624996370968937,1.595065998957537,-0.5448730189442532,2.179544637563229,-1.418936549320911
7916,0.034338732523270465,-0.4946320159461628,-1.3241002482404092,0.5127707123282761,-0.13013871076328787,1.4017615300986837,2.5034985454347733,-3.5484915690900216,0.8801129042240339,-0.4305867804239867,0.5042610905519957,0.09120580930346733,4.133013379005618,2.88037876676729,-2.5197341573893794,2.4588583176341103,-3.779737525278021,-3.172778780738689,3.797318147031479,1.4347134662373318,-1.7227345274014105,1.0119910353239598,2.205606133482462,-6.726894254676658,3.066381589124326,-1.5988267834462135,-3.7078092662596056,1.085990847365383,-2.1639563636147248,3.3182199768337064
7917,2.3132000795907466,-4.816326215409749,4.90045032094028,-0.44723942583033605,0.49260871439742004,-2.442693473688008,2.9660855919645357,5.603389934356162,-0.060243755508292196,-3.603069304764908,-1.0941167659842916,-3.812045700062921,0.46196876185416613,0.6441443005629779,-2.601336041163986,4.08499238987709,-0.7222906733492742,-1.8674787377800506,-2.9341070807326624,1.102615284510522,1.013547836436402,0.5124614454408851,2.436893234834269,-2.1314107204922905,1.4932748173234103,3.7656205235625357,-0.9070896118261196,-0.5865819203518621,-1.0999628928490512,-2.665260915856024
7918,-0.7461673420650232,2.4084266459643473,-4.164362148091815,1.598573097569215,-0.33372249536218557,1.2372522419858338,-4.673917999687681,5.042615218486585,0.5420247784971881,-0.7537190600302814,0.13214476730761948,-0.2891477045731641,-0.49764836905548293,3.1585681705354673,2.4522799288249075,-3.250211912191048,-3.264845939344662,1.401858121231772,4.347056226923453,-1.500385057815425,2.743024201760992,0.10253178399719509,-2.473558779638415,-3.218668375230653,-0.31151622966126524,4.6345518432290795,-3.293653191799894,-0.7880605872350337,3.389690453744503,-3.63101228827451
7919,-0.9380673402317097,-3.7785013625810606,1.7605572451599691,1.8396830530576125,-0.20759698618037747,1.323925390775969,1.9739888180030256,-4.1445111888311175,-0.15316080293894885,1.119428205382519,0.18616415548804444,1.018090812896748,-3.4533601873985607,1.367186304233634,2.872450741738888,-3.3570871265295192,-0.40596339381811575,2.976773661774608,2.2825595475991847,0.3993736598830946,2.3592771473653826,-0.7331586434907802,-0.686505743161554,-3.6215459681981805,1.811463163060985,3.2573462524026375,-3.0425617000000607,-1.105483700046158,-0.5768953451148882,-0.34386867029963675
7920,2.7300032362252367,-2.082688107918486,4.994880001325736,-5.71132824728878,-0.966948058939421,1.0360811765961326,5.511703267997586,2.272162828702264,-1.0657736533959725,-3.240677414383393,-0.45824835521525475,-3.0191666737049516,-1.2095788403737924,-2.3255341718456783,1.9898387668401476,-0.2701817281542773,2.1484564422991674,-0.33300046876464684,4.955356186967251,-1.5399888893267253,2.4460860248127467,0.4579555583803385,-0.9535861037620634,-5.365822777074403,2.336226373610927,2.6002243492320325,-2.7649165094896553,-0.1560436781124066,1.3343569027610052,-3.3498474379990206
7921,2.781952403573147,-5.140998817125553,5.188028968069371,-0.09974391417989992,-0.42083352502912974,-2.308405115307524,-0.8476143211097238,-1.3535549641358067,0.5466503480399139,-1.0795884646562524,0.4924205847032397,2.2416868171589,-0.071945707249359,-2.474004709858022,-0.5026149314469528,3.5281814057829486,1.7633478045791051,-2.2429638618067678,-1.8784538572323584,3.2263935960079735,-2.851022013325297,-0.41554309155154634,0.955149997936779,0.9634753681615855,0.14879838283997415,-4.5880275186665305,3.07567563676195,-0.9263896375421137,0.2719163592442744,2.0180267773653497
7922,1.8006850323644734,0.1593446596552326,-4.744044957324359,1.1639529244882851,0.7446297176475971,0.8754326231691412,2.429580825795444,-3.369395003633315,-0.8727768472030153,-1.6269413177729746,0.4388425202187065,3.0006898225954366,-3.9367906375451103,-1.2790576176964894,1.2133993169773447,2.6971864396411114,3.499726764048912,-2.194464265424781,-2.099203321348515,3.1638106658933367,3.9281603567981307,0.759653785109287,-2.305172823587739,-3.447248662867384,1.6826511724893614,3.036650349730291,-5.103784790737347,-0.43455653386955895,2.9384157713179206,-2.1193759689277307
7923,2.8589399401218145,2.8233462898200834,-3.0631792433283778,-4.872085831440501,-0.06719060573364621,2.320169450561023,2.8716110518255604,4.271933445435625,-0.27580078756364745,-3.419469629005107,0.5188282627603673,-3.9671023434525168,2.7976353046934186,-3.7065602731331904,2.16796398885489,-0.7907297307751833,0.23818855126738825,-0.7064978409063443,-3.2520516126375583,-3.499242931417344,3.6355959232857984,-0.6988085741494308,-0.4517486559173758,4.2662558508330335,-4.138923395898859,3.0784398095449674,-1.7229952076757868,-0.5328155012804592,1.769211826591384,1.5470824687216904
7924,-0.6261191705284155,1.9148525796980067,1.0971583159875564,-4.274415984961809,0.09630907172676251,1.792215188078302,3.7252213363940605,5.5544632835374514,-0.4873954085247254,-1.6404841042330975,-0.9441904873560469,-6.2076146198173845,-1.2538878612951816,0.8046697318593559,-2.4778416335146574,0.911086170951247,-0.5654410176572711,2.5814146096574966,-1.428262093156473,1.8169410914978634,-0.8827900158016089,1.0123690081108139,-0.6344181790924637,0.11616018843900733,4.18546281676138,1.585305609890277,-1.1457331596832496,0.25484269169612705,-2.7490467936706917,-2.13083116499093
7925,-0.5150591427346356,0.7699204839416964,-4.124816515468687,3.042927449333849,-0.6986931880374707,1.5257209129656335,-2.329033382583006,3.5972692591328084,-0.3147595102942162,3.088565888964194,0.1623812978764878,-4.204423553095957,-1.4429377535492662,0.5670470684868327,-0.6047299765525054,-1.7980386130138353,-0.029767244933157855,3.3084265195629428,-4.053323592478023,3.412645523772653,-3.5050006906968516,-0.9428744812924421,1.9968699319321424,3.0916833087596167,-4.7064751185269245,-0.8803584141454159,5.887970187093572,-0.2788536284727332,1.5579933476040573,-1.580276373549653
7926,0.9484171636637431,-0.7593908963518174,-1.183319867714033,0.6981162620244312,0.034193461735305686,0.26198387664275025,1.115429671784419,-5.458865690676262,0.4738262390381216,1.910787161475767,0.48881101895011536,1.470011599428144,-4.133708254397014,1.8722728125732964,0.4975045291256279,-1.1083808127942643,0.388386837306939,2.48392488818644,2.341034760594475,-2.335348129901689,2.6400192485536245,-0.5249869678413219,2.55332684431591,-4.67404575572391,1.8826397203329677,-3.8875846165497947,-0.8388627477709534,0.8287034521087362,1.5721968407590232,0.442907351122912
7927,0.903130435675445,-1.2542417301410502,-0.06249154777262689,1.3735321975397383,-0.6598749132449506,-0.30005444205617593,2.2650863484450987,-4.0214466348393,-0.32190819805233506,1.8775406656044638,0.5842189844227352,-0.3834911655803701,-1.627842762696197,-4.210152060858807,2.00547641778628,-1.1456767474345853,3.9145221231507072,1.0636730300536144,2.900790281312865,3.2467234526644866,-3.301684061990633,1.1134460547362286,1.303669884205645,-5.262945610931503,1.866252666125046,-2.8766041466208705,-0.9777482620047699,0.11865916832789125,-0.87305723617078,2.7424978103463573
7928,-2.220198178523729,0.24624433478575725,2.794787814414697,-1.038640814971206,-0.39908068152564047,0.6168875258204967,2.5987360042660974,-2.356726695191469,0.1108424923215292,-0.8744428626831819,-0.3356853285086441,0.8572763897959312,-2.2356420985965766,1.2843733022559363,3.3068692707043006,-1.4348414770288134,1.7937360246579424,-2.714495021991766,4.894444714185877,-0.6132963573919099,0.6531475729388738,1.060215653242981,-1.748095181188992,-4.246416401789741,1.3142749997986094,-1.4497628906506925,0.41960383616453,-1.0907611375465587,2.0085260082800076,-1.2018808160429995
7929,0.3118687253370478,-2.2812551994491237,4.760234121157453,-0.18057091809366455,-0.22959590627966708,-2.380680822671679,-1.6504901748333722,1.709981986787227,1.0186998900151218,-0.9067893724221641,0.8146143813071749,-0.9860167108537041,1.4346669489281396,0.07006519633734598,3.740890400566194,0.9217617501258601,-3.5766959027158762,-2.5906883932406384,3.3997608170430844,-2.0404757645070983,-1.1726611595488912,-0.9589494516920594,-0.3423463347507987,1.1146718934528366,-3.4349772721609355,0.5033022956174662,2.7991879225883203,0.08234067245330934,2.013219259078916,-1.9630728775741897
7930,-3.441566563120139,2.049483277197833,-1.423030178823577,1.0557370354998383,-0.5576020320437503,2.316978461290123,0.80410553397709,1.4312628800609026,0.4918916016285273,2.11581797692763,1.1047156186493154,-5.9477936112431316,0.24609040625980327,-0.5786182563768172,-2.8308770554637963,0.49475233133887286,3.7114672888279046,-1.0428147145849458,-5.021273223170848,0.7291736618957234,-2.184839127613939,-0.3377096234893573,1.076731494759965,5.737916817615492,0.9301472869635283,-1.3624718767791641,5.807373473445658,-1.0627371465990891,-2.7170317993172333,-1.5952799377108402
7931,0.588578812910411,5.739404060890738,-0.5364720431778878,-5.618951278994871,0.9562267428553315,-1.1287862944833478,-1.500055940031146,2.1120843221993297,-0.8834298189942569,-0.9352741223065806,-0.8006712611550153,2.007346820288003,-2.6147847555368973,0.7255501250047729,3.956833410018138,-0.24981877011675735,-1.2734117458935383,-0.5443682634747287,-0.20712929330186114,2.525073990842639,0.5405197174475411,-0.07931535045495863,-2.860748298724296,0.08159923418797987,1.9121019286669494,2.8389691687328273,-5.768458789783921,-0.8021362911559837,1.6521768993785102,0.16734708416445976
7932,-2.698478661340584,3.78789597068576,2.8973784869749153,-5.8993443929138785,0.38698632845579084,1.525562268138346,1.0927192952422047,1.7510950829160628,0.8671913210503952,0.6796768484219733,-0.8374539662113714,-3.5532285814189493,-1.3025978560745628,-0.8319552328796931,-2.013395271113465,-0.6229537667187692,2.963618718427785,1.8072834083596803,-1.3624704006148427,3.264775444366638,-3.2881738917852754,0.7101218244076497,1.6359165658182793,-0.9601695421954375,-0.5871576084066881,-4.894694072169175,3.3075871530410623,-1.1125776847178637,0.7532927855909826,2.5335494266645817
7933,-2.85463026029206,2.5219795198136588,2.4793794384265553,-2.395996523568467,0.5776008045448595,-0.3283329789242355,1.9459772279638266,5.431231988676263,-0.648856125582852,-3.228493280213094,-0.29946622049888205,-3.2003935903449765,-2.6331632875938293,0.7637388465058876,0.45077059686183674,2.6473703196571705,-3.7703859509762463,2.5416694755461577,3.420654025598381,-3.2828841138432807,-0.8525989211803893,-0.3899919489089534,-1.4383119778636697,2.54313293619494,-3.8496195757389984,-1.1025230608587506,3.4947558452054146,-0.1693025906085568,-0.7386819397233619,2.3653713217271743
7934,3.112697320750872,2.4931158821143313,0.7868125752231023,-6.1166757763834525,-0.17466430296892876,-0.10128569873563897,1.5610036656178963,-1.3578129318520773,-1.179060969737975,-1.7874256519933454,0.1921575977407981,2.571138290225001,-0.9907275412676775,-1.2917863474402083,3.851356673799337,3.0052444647270136,-2.670195497489381,-1.9038917523281036,-6.045721469636188,-0.874284789724479,2.353526914575525,0.24236189910144912,-0.24989219258153916,4.57400963826225,0.9826352956006801,0.9623338339316589,0.5230484469551371,0.6285426853194229,-2.2283519138040333,-0.8682083479999108
7935,-1.3149444910424002,1.8702724723815436,-2.7214840824354845,1.4555342483265186,-0.6453086589007426,1.35593051167087,-1.9732461027743255,1.2420911795403704,1.019731234728078,0.1295418991524553,-0.5605924171884649,0.142474206542186,-3.4294915740639347,2.894506958292233,4.206737678348013,2.4279324989168707,-3.451596448624956,-2.648089112867247,2.125027711917273,2.4200519437330534,-3.0758816867195478,-0.8103579357975566,1.198140064708232,-1.8569800978444775,-2.1920918692213363,3.6342084614715446,-4.997410427248003,0.25760547743230866,-0.25337565487479985,3.5510640124432236
7936,1.4185368905974123,-4.612688513255282,-1.4603020732658827,3.076957532960943,-0.8663579034260018,2.4438540663890773,-1.3353400307334056,-0.5056690388140765,0.487497716620128,1.4127112922259712,-1.0699751763222194,1.010775237023882,-4.07761297242266,3.304170074717664,1.8495145992860067,3.012527101011873,-2.870584794251249,-1.218014008340674,2.295408601617531,0.9915311533831463,-3.737351707174323,1.1045231082254547,-2.5429786613966066,1.8888675053417927,-3.9605348955975366,3.241998717539108,-1.2532894362116096,0.8972217918606953,-1.8977666062179388,2.972370428630221
7937,-0.7622116657545401,-5.575641419153055,5.567427612275026,-0.47318452136492795,0.6583293715967078,0.5852806224010507,-5.86373634014398,4.431473059596851,0.82622337943147,-2.8532810755435456,1.1539612063967501,2.3053597702627115,-1.1829336107798678,1.8473224728962698,-3.4089334339222486,2.782622431434465,-3.7018041266586295,3.6637262670309703,3.0489378721326617,-2.51263446319882,0.49725944762846197,-1.1925605458392803,3.194143173130289,-3.0351454838563434,3.869134725606159,-0.07961359684265545,-5.082935758061588,0.19209262683694472,2.9851418743555307,-1.8838198718914612
7938,-0.5605452445763781,-4.3080000081486,3.663298080530165,-0.02202552399332447,0.8946061472955855,0.3326665488928402,2.035494300518458,-2.037349806625251,1.1943212581057638,0.6116183176518355,-0.12916076954264089,-1.674923300107892,0.24695120311801944,2.787868780273765,-3.6439487723548787,-2.6974154321239485,-0.027807733738974605,3.33435195482695,2.9915929836611426,-2.645989964135934,1.7033535267132152,0.4504734160876662,-0.3493802535795947,-2.1500497087495276,3.977670671175325,0.24667181480990763,-6.166428559238323,-0.2620161491944444,-0.028912772028192535,2.233014994478669
7939,1.8226099669895213,-2.218129320697532,-2.4557054182078986,0.2753297258593257,0.6471817550994361,1.9287132909574307,0.4540755860428405,1.3788780697232745,0.055006606553320125,0.27960305275204433,-0.24473719227941348,-1.9228261227918182,4.166436273818341,1.3749615547041643,-0.13041368175583656,-2.683881701670389,-1.0068173705682106,-1.7202850745271654,3.958019609904568,-1.5305283677926376,-2.321714269406165,1.0245418759333411,1.2261882325816895,-2.3565070812238282,-0.7741336924964308,-0.7635793340820598,-3.082760776573913,0.20400941432654296,1.2840836899303447,3.1323806988984693
7940,2.280405337447437,1.2051309712999334,-0.16314196422272076,-2.5142745417475503,0.7736638607590356,-1.5817836635358589,-4.399680048670387,4.716909723759766,0.8256545623624723,0.9469803182368608,0.5717329217283096,-2.661597477416752,2.547402012816299,-2.2338420323146515,0.5554394150218087,-3.8118102357345034,0.8379523834012623,2.104858456810689,5.508077683496314,0.4430221279367732,-2.2347503018304167,0.43102693481186716,-3.234863970990064,-0.912512473427487,-3.5852689739277714,2.6255416067947586,0.7680714816797583,-1.20712342648158,0.21217725679459676,1.1866020551431795
7941,0.19179363779202419,-0.34181777765019916,3.839745102301311,-1.0368522928715649,-0.9416487026430227,-1.7112199669282333,2.031171455523772,-5.887210437718256,-0.5852924273914217,2.30274318725062,-0.4635077928070679,2.602096015142653,0.04343976841088448,0.4317700596770493,-1.9477293137766214,-2.2335201533026865,0.732175553055427,2.973864085936892,-5.694865187084975,-0.5863481475803045,3.6280700852949437,0.10717478817003823,-2.8520294489785982,5.397997910175867,0.476326891482195,3.9848756710873765,-3.307654226897146,-1.2135359567495287,-0.19685265962280063,0.25684028070283027
7942,-1.2723579086533459,2.160616836477775,-3.4459743064976998,5.632744141183306,-0.9219299500980505,-2.153098812411674,4.976039356419172,0.007303929142334908,-0.6449039461024038,-3.4841319207565,-0.7658585883479336,-0.08844883035436268,0.6730664507732627,2.658603357282285,-1.8133140668955967,-0.5617188631671617,-0.062165798032495445,-0.8944710799593629,-3.4224222497882764,-1.7502623290161772,-0.5579123766603189,0.7777542083212969,-1.637052053290006,6.589894800430436,0.3397780179346803,-2.0228875275148965,-1.3612420613879834,1.183255396435845,3.2806488433118233,-1.4195526687765394
7943,-0.8018847760712831,1.4351795739744446,2.3582880631310985,-1.7329145059207,0.8888760377446068,-2.1475443928578555,-0.07286191410900855,1.7124480900893495,-0.027545133636795782,3.4196349980679948,0.4340950524984315,-5.46577109290968,-0.9511190890600894,-0.4337469387572028,-2.677927905163175,-1.896421234961613,3.326937578976718,2.632277588966268,-0.14406083567350336,2.476621761673268,1.7131941801923531,0.10913412168581704,-1.962972134288993,-2.191917093592018,-3.3239899345451676,3.5473966968535535,-2.89063016799307,0.017776510939325085,-0.5780286845101408,3.2274755792584067
7944,-3.1866333001987854,2.212052040221483,-3.572803142888798,5.669119956704346,0.6924254066192987,-1.814160960457233,0.522032373409818,-1.2043593367229093,-0.20126029457281192,-1.3978278013976446,-0.18981725924403836,2.4712323185278713,-2.3511042000179145,-3.8159301680047317,1.7519385081785543,2.808599513030458,3.240095734748344,-1.633599387933776,-3.354699586454103,3.0379343547903908,0.5642327941604179,0.1669967302232589,0.4185271144967455,-0.8329914072198292,4.956251738652657,-3.5352184792564287,4.258651256494069,-0.17716460431644698,-3.401688462408602,-2.1008314491622855
7945,0.48485649571563627,2.833268775059846,-5.507925442473194,-0.047942809063098224,0.4888808564696334,1.7488621242915041,-1.7107100532507893,0.005211862344928875,-0.740923650988317,-2.6158276671716205,0.2656390760568099,4.79661043300932,0.29683803476562076,-3.42646812141167,-0.922775551617459,-0.05834006704904837,0.6997811805818195,3.4109645247316536,-1.3406013957237484,-2.8546739188078494,1.5424247759170981,0.004948537768870054,2.263858271508292,0.3840437293342376,1.9813414546993648,0.5819948977327485,-5.142851112798631,-0.137738370898969,3.662897799880085,-0.94564466861166
7946,-1.8736141022151713,0.6977083866202065,3.2137297137464067,0.8319872432736624,-0.8992542049726637,-1.9705570364521172,-4.541701045769511,-4.432068072737781,0.16445662861859844,3.7051106002300536,-1.0847206346573066,6.188922524316244,-1.1195288282410907,4.215143480690934,-3.377277493765673,-1.6186666584066458,2.027523838235677,-0.12719433851230555,-5.167520387222183,0.8492724732394041,-0.7722903769388658,-0.10111852457970016,-0.33748709677115585,5.52914391226939,-4.757399177903318,1.0892621842446744,3.8907903103895016,-1.087657564944859,3.589675109901485,-2.7246708616845403
7947,-0.9052278325011791,-2.704704387667718,5.831686308709809,-3.6397744930541833,0.17863268434816693,1.2393877201654515,4.722621982202256,-4.880025662890432,0.49057582408680567,-1.5669097663664893,0.6008987194147348,0.6328389035534379,1.1416543331133902,0.3705669693878342,2.522072610570106,-0.21429127330249997,-0.13885592544464842,-3.6811467143233187,2.351426425417724,-1.3346757844541326,2.3667384900438115,-0.23753041083998472,-0.9410802323375993,-2.204878487832964,-0.24341014387697513,-1.1054844765314513,-1.7674364389336077,-1.2012619156821946,1.500000161492565,2.8175928135345885
7948,-1.0624822893730297,0.5997010074143461,-3.170296568506945,2.437629020923488,-0.543065954649605,1.7385147841921178,1.0047265695836316,-3.852381619327982,0.3317614880658093,-1.8610791059325074,-0.9704612671320376,5.347433934743361,-1.1797869075653917,-3.670425420337109,2.011329886232378,0.8329742356790817,-1.0352035254674856,3.0411117314593774,2.4061683311564153,1.4659658397750839,1.8274933005705947,-0.03969626194469367,-3.161262131623051,-2.498669077937521,1.0328252818368036,-4.985153708733728,5.799397238307275,-0.22707861182233913,-1.3057677761051352,-0.3142224234799631
7949,-1.5693751700554923,-1.7137011634008843,4.339959136837557,0.6913605781184096,-0.5687726897361856,-1.179470691763088,-3.953613246805876,2.6763391290902447,0.018582662368327618,1.5164502795600647,-1.0171095455604542,0.7593507213479711,1.424189395670055,-4.229174276175673,2.03026627699737,1.0524332887973245,2.5980842661554497,-2.875798951443672,3.3890546754546413,-2.985122826235024,-3.4392270038934516,-1.1514648731364554,1.070128007233821,3.1166320205733093,3.1313932059299745,-0.48131931958386787,-3.0760719305117696,0.25210555046483485,-3.097393895218495,3.2712863889222312
7950,2.5610140724138333,0.8492746753741081,3.8190059662099003,-5.0082778976526505,-0.004903648827049301,-2.216113167517772,-3.097145567679508,-0.7127145860672073,-0.7061447130669514,1.7411070834360274,1.1407760802529987,1.6341217031249151,0.9175422536563005,-1.2149041047072817,1.1256070252865378,0.2448273578881519,2.275781995006877,-3.348854527129733,1.3582845106849675,-2.013630701729081,-0.48078232832056855,-0.5907397531470275,-2.8668380429017972,4.59370631541038,-1.3098319061473944,-1.4952681859815442,2.73319897961553,0.8122564102398044,0.055827062179746534,-0.7961823599032556
7951,-0.9052524894659051,-1.3024500269207273,6.003418211361652,-3.004152429641813,-0.7309940398623056,-0.06056922547055166,-2.305817697078524,3.6511402833904256,-0.531048363738913,-0.6206442339746676,-1.0112065802295622,0.8175765916315498,-2.3319675806996774,-3.753004835437965,2.8560174780043504,2.0708598807013416,1.1517082952765278,0.006386762156253667,-0.7512760453516094,1.0958192397672786,-0.8990928035332946,0.6271720689471971,-0.4899371879494918,0.41731472811678927,3.593773666936098,-3.812301728204897,0.32220188684004114,-0.3864289478874694,2.668264439998353,-2.385509317679249
7952,-0.7821340665645664,-1.1624539540249401,2.927809537141531,0.3181297374407386,0.7190119903276937,-2.0203632443201407,0.12151976386434171,-3.843620434483533,0.11850327723376974,1.6093189938328933,-1.1239012794573888,3.1181796790102325,-2.4708489792637316,2.27250604823805,-0.030093856276295128,-0.7810001965612017,3.654835770555696,-2.64539878669164,2.8208817046268706,3.191619046165229,-0.35589626021633336,0.6034325824176161,-1.6295314535822385,-4.63050561941429,3.995452041052193,-1.7906822159838178,0.6296624274235789,1.0602517245947745,-3.0281129089087866,-0.866571068175066
7953,-1.6874979139907662,1.3968384164358625,0.7854924970140047,-0.5060957210976333,-0.9067812743801247,0.9180439960189748,0.015338060504589635,5.302182861757732,0.4294185819085259,-1.068646264926862,-1.2418948956954994,-3.4363983435481344,4.098574953950084,-3.521378600187356,2.529995705216354,-0.508259336431756,0.29037337644059846,-2.889306098987044,5.190201885698976,3.235600563153117,-2.440999652693531,0.5918098959366356,-1.2334226800435246,-5.3431900120548015,-3.2073804815435203,2.947408350534797,-1.975334903045166,0.828607734957874,-0.7730270744325018,2.179726373531423
7954,0.8498268798479387,0.1957608657761405,-0.32281429457487576,-2.3356267692109327,0.18880583855202415,1.4240474796100102,6.043255793059917,-4.928419703216363,-0.8183561560329045,-0.4324023473230678,-0.36995037452959867,0.5058727880423604,1.6466626994946054,-0.40084664451165963,3.013339951973201,-0.7736272628561807,-1.9242576606513815,-1.5612710834477284,3.7076150068022002,0.4933464308906039,-2.837992764558802,-0.7673418734382054,0.3847335149074862,-0.9803603146063935,-2.467230780240662,-0.5913160071577899,-1.2815822453069146,0.5848093774208305,1.0419114059675643,2.7134082493198974
7955,2.668833372073049,-2.646091722567533,2.695739781093362,-5.154516144642674,0.24673416640036994,2.189300547643727,-2.775812824856196,4.313370642856846,0.1309117717531567,2.741299601296433,0.9614536667875431,-5.371222857837452,0.30511042456155124,0.4897168841486277,1.8188883147521793,-3.1578983740994033,1.8144002206888494,-1.2702174700509516,-2.551227256799976,2.408688961496253,1.4579621901033555,0.11208457593442755,-0.1279876691112527,-1.2995208016259205,-3.510092766079314,0.7262101059531965,0.08075498801009928,-0.7886607083546737,-0.08126078636838763,3.573049166842047
7956,1.0336342163623087,-4.48436873758202,3.633885606858694,-1.1154326667279193,0.30203948232882416,0.630242098760398,0.008101822102748457,1.6656931396810215,-0.025700384021464018,-1.6431041946637261,0.20414441652249238,-0.20913479962075598,-3.3102657841543905,1.6445047899535084,1.6682357296106503,-0.20809320745098603,2.640082889472577,-2.4344644174305063,-3.5176104828546855,2.212369019235968,3.2711905894930737,0.15866899933096335,1.1458994401248255,-3.2705175653332645,-4.556909009883865,4.372239025196912,4.756366888951714,0.564615404749528,-2.400069661815248,-2.736242647196061
7957,0.6893677577084159,-2.6809582781517776,6.20144110482488,-1.906237411202028,-0.5761689469445783,-1.7274442262346739,4.361575131943091,-4.659821766148319,0.10189017564647251,-3.237478930675902,-0.1968771327230714,3.6307125219580385,-3.177359346408167,1.2558393045264467,3.717793424684359,2.8065934858763484,-1.8004747367050964,-2.8023921319730043,-5.126636085000207,-3.0062014329498687,-0.960754257353182,0.8338184750419373,2.6287913587784892,5.630981941479703,2.753961674112219,2.5984600216391165,-3.5827742338384923,0.08985777076093893,-2.7432899625481273,0.8837847298773198
7958,-1.5091173277484895,5.057974973104475,-3.727116755219047,-2.408244227572734,0.6112979923600719,1.9752053450759544,-0.40123621764730544,-5.463936970782171,0.8262756019481294,0.9546573291340703,1.239787717527598,2.8444525398200113,-2.684599774878741,4.230349354575814,3.224864533914289,-2.78643116104894,-0.5310149464157945,-1.4531680061457273,-1.5207250463100976,2.8348488340574995,-0.6028055522384008,-0.17849743393545303,0.10011593692716048,-0.6329367385038402,-2.488564778428284,4.5744559753233105,-4.598012779812699,-1.0670862403759562,3.193592960247937,0.3856148630486622
7959,-2.1293328508069838,1.306438491342984,6.080242375593528,-4.8347174846181105,-0.8250399458122322,0.4024094143010615,3.4228673104278435,0.5761291350244804,-0.3981801802005531,-2.9627924107907084,1.2094124191103468,-1.8474362735710663,2.287004675964244,-2.8114516419935693,0.031641167083897415,-2.417744263060987,0.9922900915664847,1.918259970440829,0.3722268984189512,-1.1776948471170634,0.4281307591468071,0.8648468997255678,2.407741982319644,-2.8952516924970446,4.807311867508329,-2.3471660620220405,-5.084209480328752,1.1052480513401468,-0.7080654890737765,2.2268811125790506
7960,-2.043237945669869,-5.603768508969388,3.6484859473131728,3.7409126013389233,0.01119243652825519,0.2464154694591656,-2.3046375785049946,1.974910043877685,-1.1254701863236365,-1.0961588476616981,-1.060265725639185,3.6116222942521503,-0.6326137164698338,2.2818314169769742,3.8182569563306927,-1.4187753278997572,-0.5068083448296505,-3.5418909841075052,-5.400228698565456,-1.4152270185929954,3.7175249563127437,-0.19899051002042167,1.9370750271210788,1.3598462437419343,2.680552192393769,0.5813919862908534,-1.4519144728835407,-1.1870527886470157,-0.5928790331690088,-0.030097883982101337
7961,2.45275230719038,-2.742159021937617,0.14659186715567074,-1.6107459176081207,-0.12109110420340974,1.8746518694033387,-4.3500330317719325,4.024713866299162,-0.9544022084645798,-0.6193876705883952,0.046543606905534496,1.8525654376205232,0.08235393494488008,-2.524091217793222,3.8934871443220977,-3.1175938232824247,-1.005958463373842,2.6718024251834045,0.7042672655500652,0.9802170336472642,-2.1705648982005386,-0.7856821233035562,-2.4475757959745756,3.719338518278235,1.2097925276913202,3.8744980624253316,-3.2217248348395024,-1.0703699321935298,-0.656891829505355,-0.13530399357528466
7962,-1.2023995910520924,3.3716881363990012,0.13130122334808547,-3.7824103584205844,-0.9024799681634774,2.3843005578893113,3.390207634122671,-1.7046812209772497,-0.9870265774533573,2.1145620297322907,-0.7783668857397341,-2.0346949796842857,-3.8755770598508548,1.1834896640878192,-2.528590724309236,2.9660515855540837,-1.4357812894425628,3.6904078239616567,-3.0790378057173413,3.0378487327699553,3.5304480061042405,-1.237019272770815,-2.7602336512332126,0.5079939908440707,3.653414329394895,3.4856541240307344,-3.899780347308546,-0.5044960864326065,-0.9926278831368407,-1.7421641365446696
7963,2.8699273963107466,1.356010183013968,-2.9877768929574557,0.4078862900501967,-0.7870049316430641,-0.8590420447741938,-1.7305976141842905,4.213186551697028,0.2652900191642704,2.474359996409163,0.23587721964187036,-5.4581161727276815,0.2870578875081904,-1.5845013128697047,3.655859676233664,-2.0436547143766752,-3.206053540631803,2.891292004137192,-1.892049173650527,-0.6160129832237669,0.16708773897238416,0.9037573208392322,1.466078396610346,-0.028861299550769104,-3.700334155483837,0.33254043821790447,1.8131706485859702,-0.8116499399264141,2.6749701075055157,-0.3086970988961326
7964,-1.1887937071233843,-0.7562208393115135,0.6973071282896655,1.4632590253388251,0.6189303335235312,-0.8344819407169162,1.6887100013934635,-6.225441672501841,-0.6693855453995399,3.6762348271085443,0.8276873838372705,0.7021950055625155,-0.25609360892141453,1.5609167950912592,-0.4850123169876568,-1.892589237287007,-1.8283070867588993,2.9010854548646208,-5.021169795428939,-0.1165280514207705,2.847197008961462,1.0288183612111519,2.808166843242857,-1.5464843665688548,-3.1790628458130534,3.0641265484500586,4.8499045119140725,-0.345320403577575,-3.1811812368507972,-1.2084665741197078
7965,1.8083772830377214,-5.610210852997852,1.2880038176673523,2.260570470469549,-0.8789550482895738,1.1322143301130456,1.1048615985439554,1.067252538695449,-0.8518115239974708,0.9408092814024833,-1.0856328118532281,-1.1754790827907655,-2.529187888868883,-0.9342038993840127,0.6326675422976322,-0.22063862576001014,3.1054469691417417,-0.05408409742553566,5.006326799942226,0.11201408165678473,-1.2493116223187908,0.17358956452885277,0.6053722392873251,-4.647991063099525,4.851700653775961,-2.973160758451641,-2.0869728247375363,-0.6319499161822808,-2.3442473959600125,3.184630241558491
7966,0.6842237968764948,3.8110801035056596,-4.265346038828842,-0.7813806399285284,0.8025228710269077,-0.2511000926514537,4.342297929314022,-1.9119390338710716,0.3498198202792837,0.09809806309337965,-0.776480031686523,-2.1017967471286774,-1.1718607136484973,3.775725818836861,0.415066675505237,-3.4851513212096705,3.341434115176245,-2.8752145746592515,2.9004444922517116,2.1224800964216577,-3.152888229065997,-1.0131822111354514,-2.9135259361972103,2.056671787722177,-1.8677438254567562,-1.549625312546226,-0.08290528328062052,-0.1859366636673263,-0.038536536942425315,3.724747621896306
7967,3.1733934210778507,-5.058511550182647,1.3275768815627558,2.37348588760052,-0.7055344210990508,-1.1104102189592115,3.0188187553405434,-4.577654420244954,-0.2806040744907854,1.957784444014024,-0.5174297512728234,0.3990850466544167,2.7523583767747866,1.6603374452473183,-3.034251515127913,-2.5001247849791106,0.1832728589495325,0.9384076191363313,5.893515220986377,-0.14229307576606942,-0.822008655447803,-1.1490366869853532,0.43213676132000955,-4.212313564110232,2.5352746742288765,-1.0368485064245014,-0.5794440666386542,0.8528515156176422,1.5106676254065938,-3.2825012421870063
7968,-0.8116291640845255,0.2780182528630988,-3.137454716249966,1.6233301874347852,0.955733797063556,1.092001642973285,-0.9233498141701162,4.424101906477972,-0.2539659260411158,3.255736182749466,-0.408869196192283,-6.0936531528235065,-4.104586473463842,3.2774758436900875,2.4766698797169227,-1.0210100963405946,-0.005340416721502095,-0.6232087368801231,-2.6486878687270234,-0.5672498851589101,-1.2659254033572527,-0.7706685614565263,2.033932048193609,3.2185996705030746,3.0685082631213305,-3.9769618073361137,2.0563086466091,-1.1144118096250684,2.726244756647823,-2.7596880494141196
7969,-0.9229058324675989,4.547508404481473,-0.5391569322176757,-2.291901449306714,-0.2928734087695346,-0.5006707817196805,-5.34713354615198,4.743448930754493,0.38488656313645286,-1.6853738806856313,0.13030395835713637,1.7738679745899262,-1.740839632516245,-1.8365022771361925,0.9037132811519051,-0.5364482873226528,3.0063637779544194,0.20371313786974454,-3.59752537613571,-0.5674888562955189,-1.540651578332195,-0.20026569705375685,2.4430068954872493,3.4629246123269333,-2.2575963801530214,1.1236563870608443,-5.272652199258356,-0.7920777187515569,3.657333940556466,3.5413359705485696
7970,-0.10512021009827599,-3.165038965655178,6.239995857545516,-0.47582757671330356,-0.24764455953235354,-2.246364545546154,4.7999627065698505,-3.3566627828579847,0.9213516699901154,-2.8050414504428858,0.3119985310296034,0.1283913257117284,1.9013921192819936,-2.5820880622783893,0.4139297969550739,-2.478187638391489,0.7201039332395638,2.024849851194233,2.429317664113487,2.971323093517764,-0.579267709460769,-0.25139695198813694,-3.0005855339148315,-1.5693905622705024,1.5122104918886023,-2.013005839558403,2.738216576419539,-0.23689246427138233,-1.3453793367877314,-0.6551494276876877
7971,-2.9580843055732586,-0.37083921393908525,2.976696558492531,-1.7689507583703268,0.2208867125923386,1.9002910067980618,4.628346054859534,-2.872043882734687,1.1681849144952894,-2.0824017387529903,0.9708731899816172,-1.8129585378483313,-1.178742542260233,1.5835968855253668,-3.276080484948194,1.329967923731303,0.6228220116013965,0.9184362063513767,-5.659637333158219,2.436941752926021,0.030824658182396547,-0.9800882182025603,-1.1118824875759792,5.283841627825382,-2.615013223741016,3.577643278096925,-5.157689012737631,-0.35274848931251324,2.5294470020446056,2.018360445652611
7972,-2.538778451431625,2.0066365128456525,4.027428726198686,-1.2679109730071048,-0.936614320248979,-1.2907614943563956,5.664179011954214,-5.526922626484609,-0.141465621669421,-2.1257475357612403,-0.07333134104339933,2.2032881130048914,1.7588367551979829,3.355466294091375,-3.5661713809786715,-2.2412336941281144,-1.4051413619810535,2.0982433877994744,-3.2735287152598076,-3.104824712675388,2.146385368622415,-0.7708050444167673,0.5579410709886243,4.444832032737963,2.1685783734217345,2.662177677639363,-5.229076692945476,-0.3604497140662879,-1.417593874812498,2.1763642307661684
7973,0.20727673484672593,1.8943133143432718,-5.475629349882272,2.422688100558915,-0.04550740225629979,0.9968586023899206,3.3704925713768787,-5.132401538871594,-0.4580656751310732,2.3267166268002555,-0.03673696689920902,-0.07000501727480213,-3.531060382829411,2.5607840129340893,-0.42995557725295086,1.7455477955585046,0.08120067217402394,-0.4265165205832595,3.4896020963236687,2.4410029454895366,2.5523146186254593,-0.6605373762330089,-2.367127007698068,-5.455255276510535,-3.4181036881684363,1.9011553266629768,3.89441909065609,-0.26101389319515444,-2.5011926128464346,0.38473577689394034
7974,3.5427113195479407,-3.8304853799653706,-5.964021104181683,4.082180440668729,-0.0362501374962072,2.205864861426864,-3.604738209423761,6.030473480701012,-1.1295812440881963,3.2421407863054768,0.3574688470483123,-4.895763660542414,-0.4292897783452396,-1.9496137188254998,0.3256081134406621,0.29478209407968947,3.8435167000157513,-2.085003410364344,1.1386502530864213,-0.33774933378357375,-3.5884180836337904,-0.8535335067500958,-0.6487581911127318,4.2898088621907995,0.7434433781703724,-3.966565402908298,4.685518261412092,-0.4492265975658043,-0.16020012015424712,-0.8529695189511202
7975,-1.2547141551368526,-0.3968328023629084,2.764195589290889,-0.713114862840289,0.5761099838703889,-0.9756437528209307,2.744855422207692,-2.617453068367965,0.7884218534674714,0.8063215612725774,0.4918290410185788,-2.2139748095979535,-1.545807798864411,2.0168176646514198,0.7938798387515291,3.5156610770689483,-1.429802163750157,-3.350748617856338,3.127664190177825,-2.0165163085139,3.1479649582387843,-0.34878659085643093,-0.400767060778632,-3.509559188270586,-2.2972412904348154,1.3255966856294492,-0.06960196734788582,0.7592177826755204,-0.873491397081299,1.1555201865620113
7976,3.027605169595226,2.6627653059237595,-1.92830059729269,-1.5173593892425181,0.0031219134201112553,-2.2478324024036267,-6.101077518609099,1.4284631882156624,1.2340527830222445,-2.2108439122675207,0.21199763618300516,5.437407823456134,-0.8381561959260537,-3.02108503370299,-0.6393667997606869,0.6688373050330227,2.139751441286961,1.6900192830707077,-0.6432081622278467,-2.9642168740915817,3.1915658157492075,-0.40806924410214407,-1.3355287300429008,2.159457194712317,4.925149353988697,-2.6042344478502244,-5.125922380067209,-1.0082167545169538,3.531121439412118,0.2821027890365553
7977,0.6132952532323817,3.2293658846638493,-3.7795038021510834,1.5452484490147356,0.05520386075959838,-1.6636096455191893,2.4768250303211126,3.7467370305913086,0.6651758680063358,-1.0512798221595467,0.3663817128163851,-6.203839819575151,-1.247284856598677,0.9225768078043934,-0.07779393782992372,1.6138272378830543,-0.46526218594332036,-0.7460630653145994,-2.8697914608248283,2.0676617312105563,-0.06907694614788618,-1.2144168294686355,0.8903731137019051,1.1952503915259456,-3.1228174073323878,2.950438413057544,5.020548037412418,-0.07590949758150956,-3.437459538487964,-1.3348000070651302
7978,-0.33103819581393523,-0.5858860056175637,1.2307918414784744,1.3899790674560073,0.41926115444178347,-2.123107861944483,0.27261494763618543,0.2879500975105316,0.8432738677583567,-1.5854970364854282,-0.33012305287050214,0.5117811764512936,-3.8458496716298054,3.9521326801517915,-3.0632879460099467,2.6515672607094167,1.0082378419256628,-0.702800165146197,0.7999128880899491,3.1318794606869353,-1.2173200469461634,0.3484920859728611,2.5457571723235386,-5.608721560130068,-4.418451894940619,3.3096767938852665,0.9925203220458911,-0.5311282514584166,2.5492804287470676,-1.9018973982761835
7979,-0.6708218001952293,-5.324875727280407,-1.9553589309391164,5.84764625569402,0.04596037137575504,2.057449831345254,-4.638421173951503,5.172705877821347,-0.24956020441209859,-0.587545490918739,-1.1001546632834032,1.4029756547448464,-1.8861760087925799,4.2164618121555755,-2.246302709259167,0.3448022490432123,-0.9812643004436872,0.5524789572975415,2.6220812323734606,-1.6657193852790932,-0.0790370163211378,-0.7559851730838814,0.32925594312461115,-0.45059560081689654,-1.5725783914500973,3.3746373742417006,0.115313084647795,0.06535874794949414,-2.988571585150213,1.005840769764344
7980,-2.0538490483175504,-1.6450235837824394,4.753635068919095,0.3911037442722005,-0.012654650009870094,-1.4332115310811737,5.825092528259695,-1.1111916158404753,0.8593031454371873,0.7530055373285247,-0.7656382142719345,-5.56057138091256,0.9825381359165775,-4.232596230910282,4.03359010954156,-4.2319841303888275,3.3999843659704894,0.048467749871393906,4.163665458860919,-2.0508117510131783,-0.6143768771285423,0.6408625179735159,3.185857414788945,-5.3251967634846125,0.30239007450241573,0.7226601867419014,3.695117759674133,-0.40578646175783195,-2.5245388358933116,-1.7898427232642717
7981,-3.4394815359253084,2.7550049271271,-1.0033769476933543,0.08463662248227166,-0.13441501513354304,1.737631949143072,-5.1656509589863155,5.835852151524406,-0.11541157162950277,-1.3451706301552235,1.1178664388596582,-0.327485429612576,-0.3681549155964561,1.3981818772340269,2.7180010857043193,0.40793424026325553,-3.8933083822993293,-0.2626539053048962,1.045492204247406,-0.06830915139723004,-2.984692020846964,0.22930580889024554,-3.2039552737798083,4.982158432883409,0.3703324096858047,1.656920109666551,-1.6415866570747397,-1.199511945342524,0.4811195050920549,0.3327265779758548
7982,-0.5161896510491424,-1.3523829034548882,3.5012981288267895,-1.2978847610705557,0.6477241945084442,-0.9825650077604244,1.9195500494127522,-3.943561829595801,-1.1857119693608253,-1.572835928128475,-0.9384407086523332,5.721000386325137,2.9587526957818504,-1.9574801474184618,-2.7675617268494204,-3.9292119339400617,3.412624161772463,2.282876950654522,0.016141984528232456,-0.3515743128964566,0.8371467232774776,0.6050303356621356,-1.4677492486521597,0.36100451807783074,0.5278950106920917,0.4031279452152958,-0.43794825379731606,-1.1953938136980815,0.45566142685117583,0.2466576847398354
7983,3.526675919161409,-0.038375267745628605,3.6956314622538144,-5.860409574427681,0.6217966455954196,-1.9453191848370892,-3.5520292934833684,-0.7528495215773532,0.4113508663126382,1.2552064855353962,0.5244798725629449,2.1138415906501784,-1.449491126311326,-2.487154281261896,2.8905650757450942,-0.9087329813250058,2.8770115786539385,-0.9221982654998726,2.866784793958381,-3.080752147675499,-1.5752493765716924,-0.6410614202035081,2.829236367711701,-0.3989582172223187,-3.801638200553594,4.840175925196824,2.2289433849396296,-1.0567397072932527,-2.7119305215450886,0.5011891192585054
7984,1.8275916290166876,-1.155124466124306,1.8509945677752455,-1.9554605366270366,-0.4506094177849771,-0.11739177625534758,-6.213892075173288,4.545861211746658,0.46546609697395525,2.436248366747286,0.5997401964010711,-1.8334237966952713,2.640135968613368,-4.163919619046856,0.40920012123723737,-4.218025547423906,3.344872855703173,1.987736220917931,1.6370289656558157,-0.9843594418144246,3.5748259890704013,-0.30990852814048964,-1.089631622962914,-2.8279553618113304,1.3887317751684094,-4.908392645252597,2.970324971035968,0.8629140626223721,1.056727020799606,-1.3703051843707428
7985,-3.5939260002248794,-5.007608833098942,2.3573468046810753,5.278964055445524,-0.05538632236739405,1.0206102955648646,-2.929846996439732,2.870732597633644,0.5483056616996915,3.668702777893518,0.563527755067506,-4.721421795854198,-4.098347640921931,-0.4123717271835652,3.839519659038551,-3.2839959665567697,1.0397266395140434,2.9154690361106255,-2.202684503057281,0.2091197976689685,-2.7592112542717153,0.454336097380458,-2.0843835683280982,6.382823430604724,-4.890280410793832,3.936198506380368,3.732860541637173,-0.9989415962384571,-2.2624838655190764,0.48264682453685026
7986,-0.6570248595785078,-2.3539471465039306,2.588019687313171,3.0345318133869768,-0.7638491337450419,-1.847730360872383,-3.7328821945076456,5.523468432667386,0.39451734955836404,-0.16108237321089192,-0.2962236499798774,-1.7277975645269024,3.3473491189152753,-2.4043977146662847,-2.179966815801457,0.9722598269835636,-1.221217385666023,1.4859729702358742,1.8134901964142713,-1.1684034443426423,1.0219436849461196,-0.24899270980127142,-1.8087984126763743,0.3907606854569714,-2.020299328787619,2.2091585398172384,3.5611101314123665,1.2301744453032635,-1.256000957412379,-3.7241428303298427
7987,-3.4333717698095914,-0.04480880851675906,-1.8415582917701911,3.0118303393282773,0.6444246063626404,1.6634839244059005,0.16163312067564561,0.8672907972567074,-0.9674244750770686,3.1368978473037323,-0.6781806130430272,-2.520216677115581,2.663233839605759,1.0249036205285122,-0.6786576884592712,-2.602605702311923,0.4082562931604663,-0.8151303625225861,-3.5325251073999837,1.4471402600187329,1.4471041900379724,-0.7876909073550067,-0.17066648434283138,1.5966380490381837,-0.44565059281754316,-2.8022268137390967,-0.30586042371351496,0.9640695402879391,2.1518097190013137,0.43785857098390935
7988,2.694725934355791,-2.251735593094171,3.8774357068490204,-5.420140539739439,0.2916122511806645,0.80810224044839,-1.680367454643907,3.8357776947472217,1.055487058444613,0.5440874793128323,0.08477822590572703,-3.8397630037660875,3.5782537809144124,-1.752866844641602,-3.0650832393618774,3.103765729280962,-1.085165778601798,-0.778903647589166,-4.675708346042139,1.2210480392372336,1.8112900729974513,-1.1182342504497895,-1.4236654576854946,4.185269941939762,3.8908467944493523,-2.283012372862526,4.215408910269389,-0.560639322696022,-3.426263625879262,-1.8363403832779177
7989,2.3997660479415757,-2.8352359724174683,3.4865444269093757,-1.9355338288643331,0.9862120975672175,-2.101752771136149,-1.671751665588097,-5.703186940484567,-0.9882888027039023,2.5974331169587437,0.44417576947764204,5.321618522340557,-3.592986348536387,3.1039673776345644,-2.079439632998419,4.062094356929837,0.612436053047329,-2.1060718060759864,-4.993922381954754,0.8612686663845555,2.3421374382296456,-0.3393741254405054,-2.6143354097627913,4.744225812540851,-0.17599420218283157,1.760839435953212,2.915396530952048,-0.9366006663779869,-3.471819512022172,-0.09182158631926818
7990,-2.607289316318857,3.8397550864716763,-2.851192606135445,0.4861879644602283,-0.24991145841532192,1.3824503299379316,-4.543797178688177,2.205580129192846,0.4785147799260967,2.5874966096454166,-0.9560175254280061,0.22822318535218145,4.069740351734605,-2.0915738980042384,0.7948620283873495,-0.1336646946913227,-0.24764729057756796,-2.391716496847863,-2.1039368368194324,3.2057164537592016,-3.0358002107285937,-0.2849072706086586,-1.1886678362972667,3.407595700691722,1.0399940504964924,-2.3890757328292374,-2.0829902570637238,-1.2368678810225808,1.1535198240788667,3.515419996343155
7991,2.9868547632684894,1.9250610195884335,-4.677598084132452,-0.5501138789879434,-0.28310008685307686,0.5988962671167624,-3.5938531859774763,1.7376084102337828,-0.008351868143575913,-1.3052172663134325,-0.40100939082061604,3.57082330102169,-1.4164763071832525,-1.6814102674121116,3.1334127859598624,1.2505803058710008,1.357123987279241,-2.6432305045137703,-0.25939661287546656,-0.7537967675346806,2.2037137583078668,-0.9108075473164918,2.3623537318029317,-2.6420665623872246,0.3653462487289936,-3.722988521343801,1.2358511323668147,0.9655583507189167,-1.9753043253755624,3.1315371149076014
7992,1.7657497721669202,-3.4778876518795308,-1.1016942243552457,3.8687621268082992,0.5557357707428077,-1.6106657934830562,-2.2033316220823025,5.27484748661028,-0.6366730962098037,-0.7577110897967625,-0.048301199051127064,-1.6288304794698973,-0.6938311578052385,-1.3233324955649692,1.5644137488428775,-3.3311289217598787,2.4437088613362192,1.3401699649519578,0.9171082962987605,0.8227552881702458,-2.704861026937939,-0.8290773457971996,2.5443288859194464,-0.7502540976564234,4.803446272397977,-3.5630184856286,-5.483197392440491,0.5895465795279069,2.9990410324450707,0.6541819937010835
7993,-2.0253720941534024,-3.7847837986868207,4.602729947345452,3.500395769528076,0.1715568830904446,-2.464526707123574,-4.184752084372512,4.781753859914222,1.0310447580673818,0.37244289406494957,0.5778333678489904,-2.578322795522645,-2.1196443411968726,-2.087931872215549,3.164216219051731,-0.1912267915712107,-0.8661118257034524,2.100698611636304,-0.7705201620955009,-1.8190857704576437,-3.458269959868151,-1.2015546282889495,2.867869049020186,4.3815614716869575,0.9567942723832559,-1.348067112671849,-1.5211629315088508,-0.8946642384472829,0.3192917533205524,2.487808256927135
7994,1.3529124761555806,-4.08024361329085,5.545620879692908,-3.3115496162368494,-0.23458279104567636,0.7278426647250562,1.6074544781537554,2.096306784093869,-1.0991542062352546,-2.8496766317554325,0.7604823867252621,-0.5154128109818394,1.076642031522212,-0.5980573003158121,-0.9954477726310635,1.1415712057169678,1.8275353817929592,-2.4522435460843237,4.951633067659614,-1.5588200035608857,-3.6041515329072507,0.10644587218860657,0.30449359727433034,-0.19960100065750908,-3.596274306824345,2.4119203509268807,1.4896621070499485,-1.0100706642551787,-0.91340668556259,1.618169198668241
7995,-0.7999831577196623,2.95417989999671,0.7029762517806546,-4.781224115918821,0.965287677409179,0.9587634444520994,6.152526211273756,-5.375298826618675,0.6142056797003494,3.3614236040620575,1.2426768400131447,-5.995533508430281,-3.391050233753665,3.96830917677271,-2.8555349650753357,3.164248835659997,-1.2619114935847495,0.3759386799819602,2.079131257841375,1.9357027755869947,-0.1939914461666188,-1.2400173138749424,0.7254668537353535,-3.3062921271252073,-1.2287062679832843,-3.299533342297636,5.859399790494209,-0.511331234479302,0.01958286733219161,-0.8394118130632258
7996,-2.662982849998457,4.337649424827049,0.16630752585244224,-1.9038607901559033,-0.015805247033884973,0.07869193650893891,-0.5643358653561314,4.287557781301782,-0.1572029181158907,-0.44509564473216123,0.6473452642731106,-3.7682686173703672,-1.108527176793519,4.013279584465121,-3.187886192789728,0.9144852228701268,-2.2233578127885245,1.5920063750374567,-1.0441355554416205,-2.4864107780306544,-1.459900754174857,-0.19784656409890822,0.5268802727381736,4.661413379004792,-1.5803987735020648,3.6837885878236243,1.2627540602653795,-1.2315191397020593,-1.5219108590360335,-0.6127138758458592
7997,-3.737155197366633,-4.564336951360929,3.3819992115155877,4.417857453577405,-0.20861894825792637,0.7102544318926824,-0.5315756708588104,-5.790899293768003,1.1007758317108403,2.0774181802401444,-0.26241623586373475,3.406697188539898,-2.555682049872658,1.770467996583605,0.077989790253163,-1.0827123072968803,0.5655640910108879,1.2243724793228417,4.629152928639481,-3.3850423926936717,3.4367517850633043,-0.7776790180626447,2.3741238936166553,-6.277307196566209,-0.5871419535447693,-2.5290842241653664,5.542360392811265,0.16804770781517941,0.28193366656296703,-2.8761155894762602
7998,-1.1723402290981983,2.301670694889747,-2.1660471880702374,2.3627436997230937,-0.3194111301238578,-1.0066158473203597,2.114817172193856,-1.1098161344806599,-0.9542745677472597,-1.1815565367128062,-0.2616792602204763,1.3925093269676587,1.3821199499831565,-1.4312372179441812,2.4499406464409823,-3.8965315268624163,-0.47171265570391085,1.967420804087336,-0.7193012367442577,1.1274417276829514,0.3961206819614773,1.027900465593361,2.9199843970182116,-4.752146035514837,-0.03306883795591986,1.5278627887021905,-0.5700901343194502,0.16329963448164708,0.29636511648038244,-1.3843685673858204
7999,-1.8514189317735887,3.2946047633804625,0.7500632126599136,-2.0388943054149067,-0.9391419352973549,0.7847871964456612,2.673736570460374,1.4888761587954278,-0.6710842301201128,-0.2531706173264361,0.4138533612022588,-3.6522112430111946,-1.270586915724241,-0.5992170208440264,2.8624142534954444,0.3863421984095403,1.9549165275429061,-3.3338690428786215,3.300590349304148,-2.213458004498234,-1.7016269944800442,-0.2590416121631334,2.7106826759187292,-1.837146414084554,-3.188285663660796,-3.4933220789560515,5.4752525234905995,-0.30902110848523545,0.5818136384750812,0.9335626891394497
8000,0.4683608390308063,-1.0254512595554317,5.679536341300537,-4.860796991581932,-0.0932491350175324,-0.16839979417623674,4.073996179340252,-5.7422900151388205,0.9939403944958345,-2.5209007758535495,0.09303392756639006,3.1022202895902318,-0.200050163963315,2.860499674197598,-1.9644705396254452,1.9165449267953285,-1.2441027809916871,-1.3684211164114526,-0.0844374950363509,-0.4626824634162787,3.701983494326079,-0.523945614164151,0.9214495704219612,-3.5523674921343478,2.776112683777164,-2.14646377431707,0.43152760997050876,0.0008820746169391214,-3.135899801799237,2.0738412077547252
8001,-0.6970355920115683,-4.511555574222008,3.484915214247838,0.14518709980924527,0.6921538900323307,0.8863349621443604,-1.9086226048642487,-4.447615117268445,0.22587591075849556,1.859349809079763,-0.19951193803479228,4.470523940329592,1.3164498982858497,3.866721145740158,-4.226121032796627,2.654845392039025,-0.39103361040692874,-3.2208617928604433,2.3215574809877175,-1.8462746875834704,2.1539121239765784,0.8303563138130592,1.6115801284477715,-5.0711313596447525,-2.4640067308572178,0.69001055614644,2.9565553179486166,0.10149426886579604,-2.0676560378358317,0.7836026257352433
8002,-3.1881325760552315,5.032404407215537,-5.384306163316108,1.8330629266222367,-0.5005497426017222,2.207521148135495,-4.250613249981782,0.36089898673763443,0.6540768777519927,-1.0243622771555678,-0.38936301175326715,4.649362674401331,-0.3502807806939252,3.4905524438824536,2.3037408896388243,-1.740391966559347,-3.3004472897827384,-0.4031732964842387,3.123320110769331,2.6348153834899968,-3.9904350485189823,-0.7324365921978773,-1.9652717584967494,0.930007904951168,1.8403656606186338,4.313324300043689,-0.02401524640568553,-0.8550847767326468,-2.359312033330159,-2.915277904190786
8003,-1.6703172205051082,1.944372929424162,3.1577005462329986,-2.63784293708537,-0.23277132376793652,-0.5611419942985449,4.0188192693870235,-5.184795715139224,-0.30852557158992777,3.680906406635142,0.724210823538221,-2.930615212830908,-1.1289793956623289,0.9848916055186265,-2.0239390264326786,1.67974242504215,-2.0691098433022415,2.557394234837492,-0.96417722176664,2.544578309126795,1.102432408356627,-0.1340245094120549,-2.3326576059312316,-0.2161513803765871,-3.2324355729346976,1.1068561183901515,0.6599768602681273,0.5709235723305808,-1.9482884098020055,2.842967431750882
8004,3.0679754008491393,0.2508563142597424,-3.07490594616128,-1.6009930229345848,-0.7977695718582691,2.1548368258454467,4.928457501440352,-1.8122475835420104,-0.4379371771651188,-0.6989055890811713,-0.37516905370987086,-1.6041980979418327,3.2205227843938715,-1.5035089127936274,2.4051201863897944,-2.191157633315786,-3.0975526312199815,1.1665762065467469,-2.2302959885461853,-0.8173127898761035,-1.6835222111627797,-0.04422816642262628,-0.33266002995265254,5.1080191859572395,0.2093219189829547,-0.6280476080526078,2.2797290235168006,1.042368162604733,-2.822646959962926,-0.08072453708597571
8005,0.19150458723290242,4.291404114755483,-1.5500289878042928,-1.0580526669071162,-0.631944546137539,-1.2428825011392526,-0.5038302644171715,-0.2639544653258348,-0.9315760910446729,1.4779084118325336,0.08502101778598714,0.1364313911695092,-3.125161849185819,0.6501259580494825,-3.390938536615254,3.6073004276266722,2.9882413310503395,-0.729567330924418,-1.6927371319331463,2.4548962906267064,1.83923299635725,0.5638362809756163,-0.9835089920294191,-2.1817194440001124,0.20768137098708905,3.324357314565095,-4.886514130734135,-0.7146725975065449,1.9336485913294226,0.13549945136206532
8006,0.6400967210688044,1.9873411434627677,-3.6796920127934314,1.8975894279032417,-0.09342859936641768,-0.7519066802747449,-3.966087530421376,5.031403471480086,-0.8480525222897404,1.0576936315915297,0.8201448941672895,-2.0951019445274426,0.9133474103844677,2.2751137378547384,1.4063422690644103,-1.6765182437535504,-2.86855290975741,-0.04973226379165041,-5.406469101191515,-1.9237527322656582,2.6199455611215114,1.0645503167551649,-1.9032089736114415,5.548934929188853,3.9697601357946866,0.11406963494007272,-1.4543405180530904,-0.09423742130110391,0.11863971587569999,-2.653891547253247
8007,2.082321031386421,2.7725790690901313,-1.5342013735697506,-5.178155957490144,-0.19336405410026103,2.0508212846838187,6.243987242629622,4.881010904950152,-0.971975358781842,-3.4915984898257637,-0.5649914238644165,-6.096432875107389,-2.2746140490274573,1.4035627097241203,2.032606553423399,2.3823588532345745,-4.0931752551638425,0.5492611878101847,-1.5649203460849357,0.29237687910396026,0.3452500862765433,0.2078733552055505,-3.2497525127666496,3.9691725382624377,2.982524740477878,1.9651666177347025,-1.8827547867371273,-0.49715731782236894,-1.2486236369464798,-1.3191556167036183
8008,-0.7388308883782191,2.1618056073745677,-0.11487585886032647,-1.6501822886567652,0.21517105728522257,0.12691237123572208,4.512075347350336,-6.023020188869658,-0.06556072165415294,-2.3470974397284134,0.7246174682996696,3.1989855346025884,1.547116979574188,-2.9401972098407096,-0.007781283655354798,0.6967993285029657,-2.374585330464628,3.0786475158845157,3.7075571167536197,-3.492892748211318,-1.6565912905803124,0.40120272650367017,-1.2741919314670511,2.3149161269983303,-1.6907255178662446,3.141686496160581,-5.050332936044555,-1.0436496376980609,2.65485823820638,1.9881633572449111
8009,3.1079084006478155,-0.319587758525099,-5.831536724336068,6.08128272150152,-0.6222611309359436,-2.4158055083520296,-4.148173043213596,-0.388621176127284,1.027239230707882,3.672565254802347,0.23678148417817457,-0.3997917503471591,-2.670973556467997,1.829744185937912,1.9235976574064821,-1.2744317934072846,2.4960349392706824,-2.3039714327387824,-0.9466483148170326,-1.4090506664068485,3.171472182027223,0.8845258571895211,0.5583769057421453,-2.258675963738078,-0.1685572943028646,2.4330906638617193,-5.776029685874551,-0.23075426411679434,1.4435563912936118,2.2986941891419015
8010,-1.2781558696249835,3.5948005393600653,-6.068129626723209,3.9238107358234267,0.8431686308413995,-1.0154944096765348,2.4529733746847775,-3.1641361109319206,0.8031782766586391,-2.258976946729458,-0.10981262710637818,2.276774033424715,-3.8667189376060858,-0.1789350527893241,3.7170345153287805,-2.011757954708477,0.5462392376761116,1.7941381921000321,4.830197691261311,3.486069539760315,-0.5704511553941618,-1.000071853572695,-1.601176188038476,-5.1445680340193825,0.40950813244537443,3.4464027792544165,-1.759535398116288,-1.128024291729039,1.2417008621287522,-2.2100520839802265
8011,-0.9903413607905822,-5.210695378080452,5.4982243340090875,0.6796677876864763,0.08869681553228492,-0.0655521983566878,-4.064324849582125,2.9099276568042782,0.03988215844407783,-0.7543613982110049,0.19963905360407175,1.6692373789410837,-1.1798782815111526,-4.138863240562843,0.8431083621754034,3.6587378484433977,-1.3956000772882824,2.212495388744525,5.191458222629006,1.66083175570418,2.11308873508413,-0.47853335515635287,-2.1881451483799097,-6.298700209884139,1.2642134274669559,-1.0816825402800205,1.769957994571758,0.6752535772074806,0.8758412067427894,-3.5035836657059853
8012,-0.4498733840851248,-4.934836667884667,-1.602998929208976,5.586805624623985,0.7050373029306694,0.6958660536241865,3.672924341351873,-4.3088609300004315,0.8110876076899318,-2.81578951834749,0.2613887909307788,2.3792497083757453,-2.669464888857817,-0.7681788052123011,4.171832320974751,-0.827971820357039,-2.8940310745637277,2.9878142680171926,-3.7198298579126394,-0.992987805219606,-1.4981888964170942,0.5032639107130281,2.559553278167529,3.1481893706656905,-4.663896385201383,4.548072149068155,-4.847728110454192,-0.7096519419704199,3.0405911117465863,2.632613176814232
8013,0.8486787398777071,-3.895347650856735,-0.21724629851372868,2.1764182703867334,-0.5240058416655966,1.6115027807717208,5.074126494649892,-1.6701631816892757,0.4493397112180544,-1.0867807906808284,-0.9262340281076851,-1.8402882053897613,-3.310032884709104,1.8408246118524225,-0.8428189677294426,-3.539153644360896,2.367322854290471,3.483858030657604,1.2617348815665537,-1.2477172469331368,3.485667187920413,0.6064864712627029,-1.5222811296182925,-2.5838901642013603,-4.110341620617698,4.378386138795175,0.4231685116731967,1.1765192156782156,1.7830275103388757,-3.650759755864783
8014,-1.1224812882987152,-1.0649761254859023,1.3179269114907584,1.020239057299051,-0.680224729818103,0.5295161748130166,2.6796047032490335,3.44703929521015,0.2276586151162574,-2.3370915685552145,1.2316618572574294,-5.2488729022772525,-1.5988547020401764,3.259404513424151,-0.979894740042706,3.5529659615972307,-0.6916490891970852,-3.541971943740325,5.217240511239304,0.7979625438723943,1.0519865653494413,-1.2429301296872404,-0.33979024119956236,-5.484469249577465,-0.46127859412394656,1.7770210490363532,-0.2662505578708867,0.41391227610704906,-1.6433404742779576,0.1799363011323667
8015,-0.4819766573404358,4.280811545852053,-5.0342384523285375,0.3063225667701204,0.08260508749687023,0.8464759095500707,4.391232586747023,0.7099321170163826,-0.3646162067084955,-0.6313794859753141,-0.6663313264960635,-3.4388376845830955,0.3571719069275936,1.4704680117312456,2.8765825609734037,-3.299300084482695,-3.5830182570826743,2.1780958619342243,-3.8565499800082073,3.259564624423607,3.6501330302976847,0.21881023414027112,-2.323824069051188,-0.948133839805287,0.760525047557298,-4.428574199247667,5.551707302848602,-0.6273456926233658,0.6635625252243269,-1.9198749837562161
8016,0.15845154341210588,0.8258131341083477,0.6810221252846809,0.8944219366636368,-0.6631409828945729,-1.8965677565740755,-4.393029402818435,3.149540886548902,0.14588073461588813,0.16812543431632498,0.09391972998280274,0.8355626173549702,-0.33989010567428934,-0.7060335572971184,-1.0467141426782423,-1.669256940030646,0.32378837961821105,3.4381063660631384,-1.7605717474459617,3.0429267322724023,3.9988337042177697,0.18454938488965134,-2.9178738006548297,-2.5478642732821477,3.292540356741277,-4.518145960607743,-1.8397490632819675,0.41266787310227304,2.145963523208529,0.5067232708406255
8017,-2.801141026897998,1.9420020015896853,3.0262151647936157,-0.3144788494375206,0.5862804147831602,-2.4388777048308468,-1.1283259252199578,-0.36801933543742393,-0.014512964031810682,0.318510391457135,-1.0453657490712733,2.2377135823037477,1.3705532547337427,3.0148317065587555,-0.12926304429900526,-3.404582421892867,1.72381988156857,-2.575359376668194,-5.572728511519479,1.0590434555737573,-0.23030119905747704,-0.8279073066334091,-1.0044503488656886,6.576343910499148,-1.5266186002496411,2.997736065075287,-1.3205493238237551,0.9169914245446762,-0.42514222660655854,-0.6424173389369958
8018,-3.297182730801003,2.239447547953631,1.0426636994203768,-0.26937638264672614,0.049079984137797794,0.235367881936007,2.9082469607289987,-5.462479539785889,-0.31564240927743104,-1.1225869657012986,-0.755309476817076,4.747771430853103,-3.0763771186933138,-3.3145019576006174,3.808160207376247,1.8993581562215844,3.925767959470857,-3.242407246773759,-6.194964248587166,2.903506447794946,2.691255075127259,1.0901986041673482,1.284180715506027,-1.77417659401155,0.7366872586794457,3.5402941856636154,-3.127768096655881,0.9857766424410617,0.654185549957873,-2.7891755400830966
8019,-2.2283477903805426,4.250863211458032,-3.23703984886221,-1.7946755715591962,0.9571104414559266,2.0520895578880687,-3.7574591946095808,3.1847025546440086,-0.42709509642428944,1.3036381238914494,-0.16748287943058937,-0.13630350807058988,-0.4911855301370416,0.922543936887763,1.148321140337842,-2.926269246847827,0.5720750134770576,0.7745146862831671,-4.336199665062949,1.7775435393358823,0.759785897863317,1.0968680527608,-0.938962151030049,1.6409643261298648,-4.003433754276934,2.2792001467590275,-1.4359008293243747,-1.0958786517542514,2.967953199591271,1.2880598890082524
8020,2.997685890427679,-3.298476838578786,2.4398618341511877,-1.9283887006390543,0.09825113235528127,-0.308933317716237,-4.17051465027394,4.329953826946326,0.15870899746800227,-2.3385650265462914,-0.48234393699309397,2.5027607893994066,1.7415183729305532,0.3643881322820377,1.2483801079853478,-3.77495665414172,-2.0833692707381886,2.504039311682913,5.694643969084176,1.9399684640065757,-1.614865192144272,0.43622785820228316,-0.4550649224599468,-6.000910176691946,1.4568205328973214,-1.5485791308594195,4.20174088009918,-0.19215810256717702,-0.8878810816750775,-3.0299430978918362
8021,2.346234134323982,-0.5283314303566833,-0.5212031838984963,0.5213198451646655,0.3956943730879656,-2.2137137383213865,-0.1348670255624569,2.7668396085340277,-0.1977830848603528,1.6034724363726234,0.10706724111157406,-4.144729175595014,-3.4901809208048284,-2.0035235145351553,4.21771985668828,1.4469106344816325,0.33275635514968727,-0.5036824109786995,3.8385984122130736,1.4554288668030448,-1.9388957572737553,0.8403015671195373,1.6811764485711294,-5.87660953743616,0.8916429609604606,-3.2462720501329194,-0.7624031903401338,0.8473539817669327,1.0625923082608324,1.2070859894878225
8022,-0.1661655649279279,1.518638485501807,-2.647716481264869,3.069572668940701,-0.45295117553948616,-1.3213779327101705,3.9335759677978395,-4.6138115432441005,0.041990631890779895,3.0202257306302798,-0.2175851589852016,-2.164395628089178,-1.6064785314361316,-2.7247371033797165,0.8213961646627901,3.381490858680017,2.591791186365267,-2.4634625748913344,5.105902226195475,-1.3537933009415628,-3.0977409229139337,0.4241492843704897,1.6234053718648251,-2.7019226585784395,-2.5981095046309086,1.7913566276274686,1.7851899437721528,0.21042189891132868,-1.6024194223624644,0.41356045668541874
8023,-2.2091078751479003,2.148932202969771,-5.65041837577467,5.716956460401612,0.8080555960175255,-0.8144180084662569,2.1852127461565587,1.7869660486901289,-0.5855659556466541,-0.541358642223571,0.7673367713386385,-3.6125909683147057,-4.0721960287950285,-3.2354035340796248,3.9581788214764906,4.102032474669304,2.3635071815008892,-3.1161189147711514,0.3640315598901047,1.5778014225505625,-2.1908356321849496,0.04725507072678603,-2.652864804156639,2.854612383170995,0.7403925584855919,-2.2377636993966945,-0.7725914669307663,1.0538354032633954,2.786165869053576,-1.5700386644720528
8024,-0.8216564210393944,5.535510121119707,-5.107870469376465,1.2018298958015556,0.11607377051544221,-0.9238868970207612,2.937994691759709,-4.815589701209262,0.8401690586891872,0.07562460307230978,0.7695491338959117,0.19225221379252488,-3.3406309389591513,0.1727095890600907,0.10584701956353015,1.5439482333539942,1.1782057780498434,0.3399203189325757,3.6943397604570585,-2.236271708816716,-1.1083539729892191,-0.772703071146168,-0.6583742196551121,1.0813632121470143,4.44681861463765,-3.384016034576547,-2.794540709797687,1.0826043239743388,3.1478816659314397,-2.4987478601661337
8025,0.06025558232081707,2.940723930741914,0.12967000481277324,-3.1481367773455133,0.8481627744867515,-0.8306755150166545,0.5927405318740959,-1.1548391759099594,0.7128297088280382,2.9692497472953043,0.6362011751983285,-3.7561819872854194,2.7902281785586958,-2.827999905453396,1.1689641554837493,0.11257069910326933,1.274420053963489,-2.5181831816548943,6.21588809721953,1.925752933505228,-3.527474854612901,0.01623710449916249,-1.0816758324646507,-3.5487274481495064,-0.3047183335345771,-0.1933490816382104,-0.5864216616776687,0.9586549797298574,-3.5545634506988755,3.6803975478225617
8026,0.07714056825612658,-0.2856141199875779,2.356129033720741,-0.11179600549347057,0.19818694752569144,-2.2340464240214333,4.0644189700298945,-3.4403711948416884,-0.2140714132717525,-2.6660221567546962,0.6686815316895256,1.5873642631491158,2.737308177179198,-2.3572577864134114,-2.299653469750453,2.0103891124207607,0.24103813512768824,-0.33182416856283936,0.33091282414904555,-1.957130497867551,0.6092509129711274,-0.40923311607508595,3.051341697296852,-1.6251418204775234,0.0843859869052288,-0.9933797660284824,1.8137837006720083,0.26222558474498303,1.2624288984423586,-2.429444404733019
8027,-2.350238058526749,4.278093007944804,5.7996530349918025,-6.034905020310788,-0.051383122328581665,-1.6412198417704094,3.412577928072526,1.2958955633140334,0.4953456996990626,-2.7600727952278135,-0.39242509644101187,-2.051321299416397,-3.7277059598110416,-2.1959483275500062,3.5441051292772023,-2.3527249042505627,2.086700721675747,2.6455733406595705,-3.2730840182794196,2.8063539362460723,3.003146601546078,0.6706272251943801,3.226715654430105,-6.433759399140307,0.5985838765764093,-2.206584521497877,-3.1434468565590556,0.7454713226789496,0.36827027560492276,3.6377059031996914
8028,-3.6894119653161717,-4.828884834867875,2.4290145094131326,5.5072875091219124,0.38425690161763315,0.1977378800313936,-5.067373387007951,6.1211331726014855,-0.5418586608137188,-0.8186815277480637,-0.10053754454570818,0.40731794751438954,0.7238720342955567,1.7409661047485123,-3.042071269636356,0.8856241857060141,1.7359920465556584,-2.0443831016684584,-1.8552184861883845,1.1387726359811587,0.14973466421579218,0.5604514939065712,0.854617911132463,-0.8483582190506773,0.3715928147462151,-0.9828298346049564,4.1486933119761105,0.26650594422145435,-2.8892021197049704,-0.9147601166308252
8029,2.085319796832451,1.1727995089492644,2.0541461812227375,-4.984391981482975,-0.25674656578308763,-0.07112693973834361,3.6553938525861938,-5.916225203543817,-0.48129866928333076,-2.303253050612547,0.7048206843288298,4.3405623865251,-1.1775463652759353,3.862417110527886,2.0391050570052762,1.3115115872697913,-3.792955736422554,-2.242531653103562,-5.726480654614754,-2.7491392294714423,0.421574781716771,0.8206273686792178,1.7177492732505772,5.5156684604365225,-4.162986891446641,-2.304565564833581,5.585329479167449,0.9576088966426175,2.8970634841545717,-2.972449403681388
8030,2.9604655578527783,-1.2670690754526142,-2.1657744933800593,-1.6064390959410666,-0.20773288441516513,2.286549991336207,-1.1445877940278635,5.934341323035966,-0.07814807881920238,-2.1846268862812845,0.31559098270288644,-2.84256954661004,0.6399539603744877,-1.7572218841508054,-0.8597757571402127,0.8313917929411261,-2.520440201901561,3.6660920898778464,-3.2798612969228813,-0.40776324476238024,1.64103661162126,-0.43629144122462193,3.064678278915679,-0.5817989076301551,2.387800256434968,-2.9217596544889375,-0.9989953602864965,0.6107444204440036,3.6307921875946576,-2.7085818496951717
8031,1.871751759588598,-4.398851347789904,4.789176668830596,-3.4027540989326113,-0.6882466275149695,1.8289236458183762,3.860626851854022,-0.5705715049746232,-0.8162512134492896,2.624439863446362,0.5388317072763638,-5.637075704152366,-3.836334033199112,4.183692086282441,1.1616777889651075,-3.344856151732035,-0.800164987545017,2.6359852972294924,5.1957050062536965,-1.7258805342462615,0.7562304620284444,-0.08838558447035805,2.539419751550959,-6.6770891011195985,1.75656615809946,1.4635247312352497,-0.27664196266020724,0.15164707720202664,-1.5899922909927966,-1.50510371288075
8032,1.7079461120693331,5.222692126481132,-6.129390351935513,0.7249581874084505,-0.3875367523433033,-1.1386693216800197,1.056542976250185,-2.2839051516462483,-1.1708328438007105,3.4571148938411973,-0.5795655687928782,-0.47935430585109273,-1.7953742825190169,2.1474556228271204,1.0057406271532336,-0.958315231265086,2.881703659828304,-3.2812103960236794,1.4529446418434482,-0.5434653717887841,-0.3260617432981636,1.109560987020532,2.5651065458508153,-4.258085059630968,1.7200173050738492,0.7888062728782224,-5.05726376868661,1.0192257897128494,3.1326405949189677,-1.6034261938943164
8033,3.094678220717224,0.5738731509483195,-3.480249935500325,0.2117703165589866,-0.14665056058608528,-0.25342119213804537,0.12901136284238035,2.8063864421316858,-0.44243843414389517,-1.2454057417908846,-0.4606762169957088,-0.7868774120431361,-3.3119341223792507,1.339639983172983,0.8558918886515272,1.4632125754296084,0.8273702843977659,-1.1741806092717582,-0.9397610492894763,-1.6735763370071854,-0.7676970745515597,0.6751707100340401,-0.7846590927861126,3.49052284359718,3.287160462687453,1.5624394863111846,-5.662141946763569,-0.8219752447043449,1.6185164760126831,0.016000766459548288
8034,-0.3051062883754643,2.9201598182863755,-0.6295189437694155,-1.0641840746493259,0.04795723196342383,-0.969307743455488,-4.996975642704378,3.038778160742101,0.5089649259990479,2.296067873229873,0.14136091876579648,-0.9881962360319854,3.2464689983614257,0.2156326963213715,-3.1804418479974625,-2.8038321032366724,-0.7519710227774716,3.274143279329678,-2.8265935598080745,1.9423808740075312,0.4946566619103514,0.2209227973920065,-2.7636285413789636,2.93226176787406,-2.4943568591510186,-3.154238501523558,5.720317824237139,0.13268479217026474,0.4080994796538455,-0.6125067353837252
8035,-1.7284392578646326,-3.98542843017351,4.025017719294532,1.143455553717743,0.5847500090629167,-0.03935559403696942,4.577988009031088,-0.3229356987637324,-0.7112270648718706,-2.712595398412276,-1.030212937407999,0.19898309042525497,0.6362515990980881,-2.0021484809420453,-3.590793652072552,3.9708269898911723,2.6703262312462748,-1.6844626872200443,5.80705360538111,0.03224531595622082,-3.5417174965323763,-0.3130293943354694,0.05889728160682317,-2.04344931207941,0.4628655433308957,4.324090275208302,-6.095372420280974,-1.1690159227266448,0.3906530499840919,2.0867794744872725
8036,3.6300956013800096,-0.020861619938489895,1.1754320522799127,-4.720762719534868,-0.9281383420655898,0.8642350278791238,4.120020532723043,-5.503280833030807,-0.7685272065039062,-3.6667632716580805,0.7400256703247612,5.078525108145477,1.0868415678751298,-2.046640724127574,3.587227054251521,-3.8051825153327634,0.7907346094939207,0.38702000784061674,-1.2578925478278045,-1.1646446777385684,3.9613871050492975,1.0662766143796354,-1.398467511213079,-1.2066589826525593,-2.9805306064186077,2.5286110334576577,5.513847614142804,-0.10580078905580947,-3.4802935368730807,-1.4758337152499905
8037,-1.459502995678232,-3.661591838935095,2.6176799118165377,0.9603661245382398,-0.5277463062867831,2.0707951045454713,-0.6617434193532468,-2.000401343551708,-0.7015376963901687,1.4110624068773205,0.6882221698060835,1.264397882612215,1.8751930528730014,3.9917948657922864,-2.328970242470371,-2.279968999479305,1.347447382667955,-2.6054960593827,1.1612461677237533,-0.0010272245999587426,-1.8744382422319177,0.5079639550039019,-1.1017823672728433,1.3080377113740091,2.0194313163917244,-3.216895923119626,-3.4445869876382496,-0.46688710677088974,2.7652550413883645,2.3436836597516475
8038,-1.5690878079834558,-0.5613001650619331,4.905687599395641,-1.8015185935653015,-0.8092407563858366,-0.16454027639899138,0.9841230064403916,-1.228282232804041,0.6533468681406216,-3.0337669890880345,-0.5828703937363944,3.2074497410479488,3.41080765784249,-2.3891814030531187,-1.6483001878972239,-0.14835094484611488,4.084760390406537,-3.3097355124516845,4.883759983458514,2.8825327823967335,-3.779714874904011,-0.37702009530791436,2.631790363164244,-6.24134815881062,-0.9578856044999782,3.3196998017128294,1.9998322718511332,-0.09855982205228031,-3.607499913354239,-0.6555867336545074
8039,1.0731530827056517,1.967104758704533,-2.800909715837488,0.3940455580574991,0.6256211669256189,-1.2590148505556638,4.912480447609937,-5.983071468876595,-0.9359000775465471,3.3222433092588197,-0.3264919081640061,-0.9892603022811173,2.694555123707211,-0.3123234521726346,2.8702761076213577,-2.1738331816050653,-3.489694478308415,0.41101988075844,3.8571936273055734,-3.217420576926447,2.7886890608278208,-0.9762369476671307,2.310854179882851,-4.763079343425751,-1.5654417572021728,1.1271002773462904,-0.24083244401032644,0.5111881080400105,3.007712507271485,-2.839726691442335
8040,-0.007358926025514023,0.9585882166691277,-4.79167615868726,1.2152074622093352,0.7111323076351121,1.9141070981993664,-3.1472996937021875,4.721854673055024,-0.02546429312471421,-0.8351548152038806,-1.029902479400827,0.31596660837707446,3.705296255408779,3.526411601889901,-3.660889337580514,3.742459682182993,-3.766648112919702,-3.546630088980562,2.6047618640620627,-0.7190068923486024,1.1159202398338444,-1.0672678556503543,1.7728582973202975,-3.7072656532203148,1.6001482604611788,3.386319130822578,-5.756173461975987,0.7465388859630977,3.2719846800597416,-3.248817495327655
8041,-2.506978723631855,-4.8725090657087335,5.264697261459233,0.1444522849670733,0.21766662463481756,1.752671618279674,-3.664109270480033,-5.112070745157315,0.7915195468181917,1.5089826456852613,0.6103940079194583,5.865283815214937,-1.4284418115722488,3.333788699982847,0.34755547386288654,0.7356754927919908,0.7150547742682427,-3.703632629332848,3.46034431820895,1.9544383022027905,-2.766840591342394,-0.16048525364693056,-1.2796326230324802,-1.2078241523930267,4.280757921017486,-4.095389368671,-6.194691388697336,1.2352872732159774,3.647125008470706,1.126910554667134
8042,-1.8546132706681728,2.416062558159812,-4.844764152363037,3.3622794239493103,-0.36694587875799933,1.2879813196803145,1.0863787820861468,-2.8261152389084714,-1.0604065316030686,-1.3388192978016882,-0.9534433953044257,5.092405681532021,-0.029634024873637088,-3.115842853842235,-0.7204939436302702,2.273536009519731,4.155854502768374,-2.5634196899410817,-0.5629312485881428,2.4055201121555676,0.3610322279034648,-1.1879432315593563,0.7882211860742228,-1.8038990459888495,-0.33126845549214323,-0.11351668862007358,1.4332661459058045,0.028366066556570146,-0.19340136605882208,-0.8234457022883621
8043,3.2752852877912986,-0.3009071043355931,0.8056763407247196,-5.288346803695582,-0.09608567546945568,1.6043779549848374,4.513542506839162,-4.683448673984888,0.9428168429054109,0.48546007390236845,0.990884136280207,-2.2492548859417454,-2.9739679941559736,-1.2443332521567037,-2.7645158614703487,4.024093180421474,2.2635424066833245,0.6951815206790588,-3.9290921330592745,-0.9489267419980187,2.5488586220119025,-1.1745693095832994,1.3106774492779412,2.1930521133476013,-0.028780895164072007,-1.0624857514759398,0.7147968018884789,-0.8418079730074775,3.549525872860251,-2.331248055098243
8044,2.3225503952897917,4.7621730169651855,1.113450635048526,-6.051958201765455,-0.3911353471533161,-1.755080498384519,3.953953320208658,-5.435411105650886,0.7761836843174237,-0.16092437033230134,-1.0097418116550285,1.875940283112655,4.100968320080117,-1.5907335909903129,3.9583045779487875,-1.943943605321456,-4.131205340845922,-0.39339036087040213,3.238546022931992,-2.2350636854901396,-3.332271248463476,-0.13379250945714727,0.14473837212038632,2.3178430483552255,-2.5759149599997393,4.998923971456048,-2.987118187472383,-0.5704219057381703,1.4904924206784784,-0.3559613389212295
8045,-2.600636237497641,4.777007074244331,-2.403116909493786,-0.5151656667402271,-0.24650554228907318,0.9884172817766252,-6.226601690715039,5.847225212254546,0.7013865425278842,1.414201829118678,1.1439827348329148,-2.880194628018458,3.6434689779220832,-1.8939913567573807,-0.3081006203763188,1.8130584681115849,-3.5638814282009896,0.3094459593018559,1.8819418585689753,0.129706555827946,0.897694205585033,-0.09467438667675321,0.6814096411397301,-3.49607787444808,-0.4086160534987293,1.2047364659788826,2.016727704099168,-0.057703050962818025,-2.9111609777073806,0.1560159120939204
8046,1.536648340594894,1.429129945714287,3.414520016363067,-5.880469528187984,0.3584464684762132,-0.8582752429602198,3.2431612417354145,-3.449285499454863,1.126136355132445,2.1835557002268366,-0.49611791919590953,-2.607449878443404,2.5722701024075683,-0.9591980864756096,1.9801008380216665,0.3710648171037896,-1.832434433651624,-2.13180323740497,4.081957622288101,-3.22633955258614,3.6456921335928243,-0.7221339407760929,-0.6571335934489042,-3.1220426690729113,-0.19857007074513078,-1.969572257917271,-0.035606015302118266,1.1763402060877155,0.4344776864192994,0.5929304514605249
8047,2.4921977873902534,-2.0211061529925907,-2.160897902621514,-1.01559919736167,0.3307599874334697,2.3746454781523347,0.0062868823683359665,5.640740311408862,1.016393052134804,-0.02808057054368085,-0.4022270222396953,-6.233112653128085,0.5082469968766503,1.6909215584116026,0.09568062962506474,-2.542946908522012,2.774060386113579,-2.5259626625040497,-4.9862180437087105,3.0875428392532136,0.2460490532441746,-0.6149561223393043,-0.9441427395408777,3.2117250130883797,-3.202573480540778,3.2561915029109407,-2.318663085301626,0.12151711371888752,-0.8959182019137586,3.0394461511293613
8048,0.9734154058498348,5.665387536318686,-4.790890368651805,0.7257950169317304,-0.9915693020581478,-1.5821382883900377,-0.8649520195896692,-5.637845016229569,0.7790495280186089,3.7410021099864323,1.0901297634455407,0.8926156343691645,1.377973207309946,1.5585783068977506,-2.9883741923251996,1.402336319368338,0.041064610460001205,-1.3915782517099942,0.10500942316494033,2.32203324059876,-0.5012079675401147,1.1647660400975584,0.6621844909811987,-3.7527852273054947,0.8278755651434793,4.642236566764467,-5.4922740435843025,-0.49718458421772116,-0.808347736701478,1.3276942325985566
8049,-0.005486317258304396,-3.39142777957575,3.689006880750899,-3.1589022678277168,0.8097789219191593,2.0570305619919846,-0.2051123852747203,1.9374800480533025,0.41657364644594264,2.7228224999868402,0.22858298146566014,-5.10034679067655,-2.9728506621430295,1.8979753620545097,1.6695724962483887,-0.13069122561413238,0.6881052457634986,-1.1521112163083753,0.7063962019343251,-2.218892752029685,-2.6124010985614454,0.7793710754610732,-1.712351655585982,5.057878228778584,-2.87187519959825,1.0514731378349644,2.5736581836321015,-0.19098828742483587,-2.3958271110303198,1.8335592765893445
8050,2.0519256615213486,-2.08977015544502,5.91082991917326,-2.590286430378626,-0.9549602999198545,-2.327738694950856,-3.2843301980016157,-0.16823649356436832,-0.6445688400196783,-1.0589225654075083,-0.6806739103695332,5.836732007363171,2.2729350258545615,2.3902005262376917,1.125645367227456,-1.305623004739461,-4.1814786914912805,-0.30167922308809025,-2.583844165736501,-0.46090884495297146,2.0407693026199425,-0.3584726073072666,1.3925652860764384,-0.0301089707028126,-2.9193885311140164,4.440474736927531,-6.184698411934235,0.49087006928233023,3.15666594987346,1.0160761869679433
8051,3.021970040581195,2.142864319557333,-5.136002633986582,-0.37028054652029496,-0.40878199571555296,0.7502308160841604,-4.528177146158505,-1.2679185573788736,-0.3348229095800761,0.10831897400800905,1.0013398997002785,5.021259739409608,2.6161223848283406,-1.5039160250164656,0.4871195243321971,3.2258962382122753,-1.275143607330179,-3.550078515025298,0.041540887061163545,-1.1251937494496254,-3.479749901567269,-0.5360984893076068,1.8183608188296976,3.2811404344304584,3.5756709432699587,4.049772353109475,-6.073480636979049,0.6779064155683177,1.3278667723330138,-3.557735847298705
8052,3.24942398152087,1.3005526036536885,-0.7675974655745215,-5.400507523024579,0.3727374808411681,1.245390922583626,4.701309005280372,-1.287624771578507,1.2284559840123972,-2.741599113079932,-0.3554560319011557,-1.5450850727327357,-3.2415843358069196,3.0674798367226614,-2.774347134748499,3.766930378630132,1.9675081156563259,-2.7859868604528266,5.683108580949565,-0.42424172682488326,-1.9207762815038567,0.37742776755599117,1.1039333472481125,-4.819451687428103,3.8452444255704243,3.0408237464798873,-4.164833755115694,-0.23842830828211525,-1.5859765092221796,-0.8968295994273028
8053,-0.42633545432758524,-2.017716002907484,4.6763499973636975,-1.472604714412057,0.4276431030067176,-1.1873369287230062,-2.8063923177861803,-0.9407108447195789,-0.09058621879395634,-2.7198760146553465,1.0607739138826213,5.496791482072869,2.544718686358511,-3.5137549858682355,0.9983387144065077,-3.441620058342176,0.21564457966677963,3.1966730637795138,0.42442937590857355,-0.43378215339277837,-0.41982326778809487,-0.2725142977263282,-2.419801835154228,3.1214921781496905,-0.10018838084144122,-3.873729646130048,1.1333681595601384,1.005407780478575,2.8779416693024835,-1.0427995823666691
8054,0.14900270191271403,-3.6526319066200337,0.6941921797149071,2.4227098998439622,0.9038288414790094,-0.5171017163303055,-2.2835594685318163,1.2723172769162048,-0.12280861456292502,-3.169850393864426,0.9072132323132953,3.396687967730081,1.943800495608965,-3.945911010323366,0.2326423669211053,-1.8704737734785795,3.153084137379633,0.4868577838931607,4.549675304758988,-2.8461104497115226,-2.189885798289332,-0.7084723124081158,-2.69013940217169,3.884932657818524,4.656061950461659,-3.0845736218313995,-0.9629143866152852,-0.42053142961443335,-1.2854455267896476,1.097403014392114
8055,-2.4198053927901153,0.3249735159902656,1.448551340837387,3.2577527141740674,-0.8707272380059334,-1.7407449402054045,-3.7033097448425885,-0.0916125749812906,-0.5048662812853868,3.316429478402675,0.8749191593770851,0.10843996332991068,-2.5101932323757286,-1.1539161742003508,3.905814804017602,-4.091507800051172,0.6736950858364423,3.1761073167740967,4.836796566843567,-3.3016530018429737,0.967939534696928,-0.8313826958726231,2.5605490431120046,-4.2322494469400525,-1.6368516140923788,4.506425576750512,3.461997540996851,0.2563147856042871,-2.906151956125891,-3.681734333130361
8056,-0.39131071749211976,-3.129623862120983,1.2551406127761986,-0.1331977022192774,0.8137921418316294,1.5851995272248214,4.045613521399755,-2.387755815244457,-0.16644642390979314,3.126745373143308,0.826004178979078,-5.444160834367491,-1.9204027888610042,0.594020601920942,3.547018590469996,1.287497149770335,-1.976099822463759,-1.5320337308356216,-2.2325262937027226,0.26304827745103765,0.6088894141904291,0.832696799562604,2.6380192582272013,-2.1101274557316856,1.8989274645011633,4.257231156764327,-4.952003140116478,1.2427661176055693,-1.4518604380011162,-0.9950611607504172
8057,-1.3046033281529255,2.695021209284672,4.0091865104262645,-5.082960126559147,-0.9181460929501757,0.6015018279515782,-0.4234904715858008,1.8036431823319603,0.9028557827912769,1.3209363977353021,0.6308054946788682,-4.234750385951219,1.2567383660817804,-0.386070743505325,1.2755930134895017,-1.2598121645611773,0.5462231685638237,-1.432671640067726,-2.1750081571618765,-0.1298140535255996,0.5703612617637965,-1.2070968732084504,-2.2041222413109516,5.145680063439912,4.001779275525248,-2.4100234757922223,1.1404380223908532,0.03232626263731486,-2.174105104362889,-0.5904149803952574
8058,-3.064899734162232,4.1494648650083406,-1.1837447041818088,-0.423327003699999,0.7330411196619675,-0.2105345426259877,0.6433517793655987,4.596393025279401,-1.1707864291883001,-1.365476333298231,-1.048591608032842,-1.6548904341252104,-1.7918659146855607,-4.126922996062284,1.8280099683390318,2.5197520676046423,-0.026993081423565712,1.5980199562286437,5.519747199258294,0.9556006284727605,-3.2992749722566046,-0.336547243607086,-0.07816421699910947,-2.761361394871443,-2.886633164947721,2.9436009766556452,4.403387158763561,1.1676288928028091,-3.389093919502658,-2.2388899437685783
8059,2.582032924672898,-4.406904520416376,5.9163374359988445,-3.9843761893776097,-0.38178342010641275,0.27469376922891797,4.623462775950337,-1.6239207159241822,0.511115947273785,-0.3123163984574333,0.8115031503481882,-4.009844759190255,-2.971913231842226,-0.025663290808694228,-0.943475051166434,1.439752425523892,1.5394383415848765,0.9618608067095096,2.5086469130575964,-0.966843100277071,3.1986889072521656,0.6996930952928482,0.8737657335319327,-6.313951548860672,2.63912205569088,-3.68684089861042,-0.1747110471209794,-0.3332868880599742,0.8509959715490734,0.7047208065544783
8060,-1.666430344411724,4.309967116840511,-4.637153934560633,2.2342910799178526,0.2535589245108065,-0.49423284229655273,-1.8734642305305478,6.135719676753883,-0.2874805466012367,0.037518776151332034,-0.5914728396727229,-3.4208208361002725,3.1294003390753637,0.923332079601785,-1.3829862536050364,-0.37135671851893903,-1.7062067321252101,-0.5921827144270875,-0.7607214122168031,2.9262541255381542,-1.4967666807805085,-0.10268590527575938,2.317219304948642,-2.883299432216919,2.419039405141092,-4.398378228028832,-1.6806132357892274,-0.47907494350084256,0.6427569915200859,3.4962700106607834
8061,1.6786897908388845,-5.229350717034471,3.904585138300938,-0.1683792843184726,0.2012590029901764,-0.38680393077677167,-0.5722844811661787,3.8213613804982387,-0.7526271251934924,0.13296099216279345,-0.23954277672844881,-2.389867989572455,0.9844987860184027,0.8867868685575964,2.9069960475339194,-3.974307376858608,-4.196743585794103,3.3927692605437016,1.8326418321758702,2.5939777826132975,-3.7926755460297077,0.9350048020682467,1.9818088905431885,-3.5507577613740793,-0.29770655436181315,3.6572905137126064,-4.410128807157502,-0.550111195175516,-1.5624470079331818,3.1631030509184868
8062,-2.421458638794931,-4.594892793445627,4.546346364310676,1.795682255151661,0.2598024520814084,0.4145203606971126,0.404228082289837,1.7053364567787597,-0.9955640588917278,1.3529843196070068,0.17881255148015818,-2.645797351263603,3.652006376773457,0.5701766596879629,2.0595326101540863,-2.256988285075195,-3.459958294669944,-0.5647690668694416,2.753221881463748,-0.3526309350550445,-3.2338850400744032,-0.237777789307275,1.7005371565533434,-0.6294652735835271,-1.7761917185288958,0.42560390178531193,-0.11076753802227657,0.9616855540497911,1.4562446779504548,-0.9565748772312865
8063,1.6911020383110156,-1.1330113019196695,3.4621967188644973,-3.9335433222894736,-0.8185455114967599,0.7318013785306956,5.507745741905524,-5.825703292087525,0.1518723949430978,-0.25959592132260845,-0.8741946169490182,1.2998756935109448,3.447944932786786,-0.516654739811429,0.8243158124130119,-3.098131694593615,-0.4532094739505865,-0.2042648368432065,-2.3772688792228855,3.4081621734549614,3.4070836249010448,-0.019330150115602684,-2.6052938113821593,-1.8133529576385534,-2.8521295768411647,4.883280152762616,0.16603308315460197,-1.0587240230253823,0.8098070601490477,-1.9482666961966082
8064,-2.0405924949422065,3.476963582494051,-3.1978452795381607,2.0220135748426635,-0.8412698812697958,0.5807304984137396,6.124366551140504,-6.095640897892899,-0.08675214739556392,1.4941358154745892,-1.2041230106217524,-0.23198631070445686,1.8629133675527996,-0.7198425649024998,-0.518613811116694,2.876896015744414,0.1544085965919919,-3.6557616038690863,-2.483241690465942,-1.5810793131219345,-0.647538221209226,0.8068753730691256,-2.198006997560805,6.102990849285597,0.28062800481987793,-1.223545996471433,3.2881059980934246,1.115381273138281,-2.5007876991090914,-0.9597815804679453
8065,-1.247210800569082,-0.9154258502648425,-2.2801399878593642,4.033451661964598,-0.7210719813092179,1.1303969580382134,-5.992347085459514,0.08475009700325842,-1.2276991406698876,3.0847584183040944,1.0318159461873044,3.01872176463516,1.1550135345744863,1.8248011152369585,-3.2945038110494007,-1.1327057307200725,0.14417321068760813,1.3032216812713031,0.21486304419546443,2.0698447132311237,-2.019391516946426,-0.6811065398847553,-2.2803872159210368,2.696177515322457,1.5964405632928695,0.6158813221876116,-0.9283953297536627,0.38508849260923395,-2.5746923887005444,0.9056773403676264
8066,-2.176666178012635,-3.625513028472959,5.161411236706712,-1.4269429322767095,0.6293205071053944,1.4383903949505346,-0.28203674813392254,2.664023381435939,0.687863612292059,0.7430949427610294,-0.404774485111977,-3.4081707032427104,-1.1357927378974253,-0.8893840087603841,1.0224617477059113,1.0019251614825428,-1.3023379277577138,1.303127765227945,1.688339022988135,-0.4273565963640067,1.8659621477430086,0.8465069895341308,0.7440324658425688,-4.717484029746988,4.139319386069733,1.6808134896824427,-5.330916534082835,-0.7406587993466722,0.9787744912373739,-0.727332033556916
8067,-3.438549946654332,0.48440075893434553,0.55858783836781,4.566077809126259,0.26734905724727165,-2.437865517021013,4.805050211749929,-5.330471077433739,-0.7707160221849501,-0.6433241418090851,-0.7168229628970959,2.656283992575389,3.90070366423819,-2.593688616558694,-2.5265533902989166,-2.4859386571535715,0.3293801587838452,3.3760968409899803,-1.693726385426345,-0.6102278242767465,0.9874629163162503,0.454855449339683,-1.9963487130456041,2.8579845570896083,1.6209629530881742,-2.3888103769217857,5.428722465236493,-0.19667321762306322,-2.720927373620496,-1.7432744501561945
8068,3.044242556857391,-4.34545420435283,1.6504906678531803,1.5928496745947847,-0.9228901401379985,-1.0192385548141605,-0.9326334487867207,1.8491322212617192,0.15723446012905384,1.4023459641369094,-0.5970466256083924,-1.8790325711321074,-1.6223031566927286,-0.14614258136138858,-0.15133419960655559,-1.3556019227338734,1.1503402929747608,2.1250415674205776,4.254094450757087,-2.966263353293545,3.9223075383947936,0.09318330306245226,1.2667106965878911,-6.5700326355118115,4.26953530764256,1.4202594855857882,-2.2471976631584525,-0.7562521256151413,-2.813106429077143,0.12676142462552598
8069,-0.9195003622480016,-3.70678743934668,-2.1757803374429976,5.121093163927114,-0.13765075309120922,1.818625728202134,-6.135243585229677,4.760584271031831,0.2345362915990794,-2.8663803054361825,-0.22576506435247623,4.232268392387873,3.2272284098517687,3.9176597233698978,-2.098176410106742,-3.8973624651979097,-1.7995159107169716,0.6501666528007544,4.526872136949184,1.001873917315942,-0.3860680760795745,-0.30710070274306744,-0.16066780510247014,-4.674909470343106,-2.914510134155254,-0.9254296973375773,4.359466291252069,0.8579236165305506,-2.0148164444478347,0.6373663681611479
8070,-2.6966847004375243,-3.216599013147043,1.3263014304824559,3.1304371596833676,0.38233839262250147,1.0742067307966074,-0.24016129129192976,-2.6415790058825763,0.40374678162782374,3.2340056399228274,0.17707042254656713,-0.9330825469222823,3.3673191636117785,-4.155235403378354,-0.7063191357189709,0.7835149314863656,1.4229817621888543,-0.7122613181889008,1.5212166781108074,-0.5462394685486753,-1.1046155007708496,0.6018277809660839,0.1433763521424929,-0.6155658419029777,-4.745133731594244,-2.835961772984792,4.429518464459349,-0.24775569576201573,0.5790041085134199,2.820328627371378
8071,2.9242144009880064,3.0541035788710538,-1.9632718557564104,-3.300764818706604,0.9782774132554577,-1.6925587186511954,-3.7270096608802668,-3.1144035612034706,0.18743358757218598,1.824713463185887,-0.7977754894736835,5.627041660799751,0.8050869520962678,-3.5262806443700754,1.0420366832244206,1.8814766036013992,-0.17313966470706177,-0.029179929844159957,4.891577099561818,2.2897876802016697,-2.0324814572248115,0.7778276484762783,0.583069389213204,-6.509780360231304,4.066234629912991,-4.8096235902032465,1.7813881023402907,1.0774223246443881,-2.404720305747052,0.2892988390557374
8072,3.724665506588803,-3.831708797447341,-4.2154035531650536,1.4320636689467925,0.6800751400328746,2.210308035044239,-6.119382239465011,-2.2666246447248675,-0.7635169016262031,2.1731249935129497,0.9540939339042014,6.022304858399348,0.311370460471565,1.3728724574023232,2.388125350401406,-0.42735828479771243,-3.0431459277913646,-0.6018640556854074,1.5066277352339341,-1.1265544781369101,-1.7023782029851535,-0.41009121837856366,0.5295913479248,1.2028048163387552,-4.982507422349546,-1.9713674024969627,3.6028200677038136,0.5474832142354362,1.9652696701379462,0.8383018727724387
8073,-1.236043702687267,-3.2541452553184698,4.105189423064356,2.5654859769863947,-0.3585151207548589,-1.82197132128986,-3.587397378640098,-0.6653330307639962,-0.09633824774999145,0.05147407675453053,-0.6974398726575322,4.99503445305751,-0.910327763914978,0.4502748009966169,3.187352282240685,-1.12358430082325,-0.28336098229895157,-1.3203540361993262,-1.985394693277204,0.8176365449766916,0.9045550051778015,0.5507821242995332,-1.7043400120806673,1.4167610309007372,4.200326219043809,-2.2367568202599273,-1.2384382109624354,-0.02134889147007435,-1.916679814905354,1.2128975185571136
8074,-0.2524679393788478,-0.777720091713082,-6.013083347332081,6.23448963146474,-0.7906036325586119,1.5993853795181696,0.5635358725118351,-2.8911897846716634,-0.7450045845309123,0.6237190510145538,-1.2332279440827572,3.6821673897593428,2.6400644933719377,-2.4704812382775767,-0.8830152988691751,3.719356600841241,-2.701007391111446,-0.3049171659541834,-0.6987293857303243,0.24359265020984822,1.0887404823820575,-0.7996514550479175,1.964900504752606,-1.7988527965693812,3.5967165268226253,-4.234267337498995,2.199995233590524,0.6155160009858678,-1.5946107838613308,-0.5833496400355855
8075,-1.7972182718794851,-3.241897346185116,-0.17671220495482132,5.813249070363753,-0.9251165725532697,0.3276953252092376,2.9109885444841623,4.861652449280463,0.8855394559556835,-2.8446979026579573,-1.1442788702841784,-4.669203676777766,0.34428318621856846,-2.0278450513103987,2.0268271558135744,0.09657856267488185,-0.4771378097999026,0.037293956404056416,4.53493980342391,-0.13782264081993745,2.7283926463621526,1.1500412062276144,-1.8845258901604076,-6.39102512503645,1.5498919899500407,-2.6164022729748773,-0.1620560035570442,-0.8009425159320163,-1.2358215954922436,3.265330398009233
8076,0.17570940272922364,-0.15417673655622366,-3.5091636253397063,1.1013358017418255,0.48566494065317034,1.900630216771999,-6.247422043599421,1.7279555623584955,-0.08331831207731799,1.2043174847096267,1.1718768284841312,2.226590480124873,-1.067499381711844,-3.753069157206369,3.8438208403389282,-1.7607942253662348,1.5392808260290707,1.1982610979172357,5.348832009954872,2.3354028277359475,-2.397224366956225,-1.0125891245676586,-0.10273557233942299,-4.171685773830621,0.06098355774346942,0.8296109934651561,2.094663024049339,0.4132711749427065,-0.8141338372659774,-2.584394912931593
8077,-0.25198819824694674,1.6662480477733013,2.6241493309632347,-2.2027618868848187,-0.6375309688870492,-1.1981163247174287,-2.581123157916867,1.3821472130695653,0.4902329979078459,0.8016169085634832,-0.9236926174645177,0.8308186558408508,2.5684911295070165,-1.0330724531699182,-3.8876969083146378,-0.9078811280046253,3.1359775777936463,0.12418178218928588,1.939597926853157,-3.3802467483752228,2.0878402716364057,0.8728977657199559,2.7575680430518474,-4.277657258889235,2.0078343001449674,-0.7367407918334088,-0.15595976037121062,-0.62286479564718,0.07915669191291919,-0.5714256442029875
8078,0.4219593787017999,1.9657616960566813,1.4097955103072088,-2.3132606509786378,0.16053091759651394,-1.644786851683266,2.4297359919156136,-1.9304273702065053,-0.8667006019656212,0.7062280444804063,0.7340150914429833,-1.0728511556665303,-0.1258697258057495,0.6271276215969053,-2.099349592961957,3.2770610134714424,-0.21388613261617806,-1.4650831836836957,3.1390849095188855,-1.028221457222683,-0.8088285107239432,1.1747355637264825,2.201145957419035,-4.677916462720848,-1.0805490921579377,-3.5457880343817187,5.3234837198856795,-0.6177182980044575,-0.373474434794856,0.2940461394563787
8079,1.8871152042967196,0.5800772409851334,-6.039203926624609,1.1444869437773555,0.8418083148676865,1.5857162226980268,4.951809003200342,-3.0260902135446806,0.7068974974103535,-0.7548467456211991,-0.7818824517663234,-1.0958870896781505,-3.344045136630996,0.591620987051261,2.664964406050057,1.8524686007982183,-0.005546235447827286,-1.7594626218199547,4.576770708592711,-2.3524603714053853,-1.746543444404459,-0.10876986723821247,2.8916424948860033,-3.260639520433756,-2.7202574000104,-0.6325663995422417,5.549498422938576,-1.2251155110488963,1.7850190434420874,-2.7565781557760243
8080,0.659044846481299,-0.8790302158072194,-3.8625652211646297,2.353341648480871,-0.4782003322571464,2.207409274267139,-4.334055471265014,0.7388260837789673,-1.0640176910457608,-0.5631542950451358,0.7105207248309906,4.511880648746327,2.8541018702224292,-3.891705139454796,2.7116190838362932,-0.581357938825974,-0.4176823595188388,-0.6749755162583302,4.046693209670906,0.29645295752377443,-0.6479253095982074,1.0190692020194776,-2.8308362912301064,-1.88345376838895,-0.7095573581342869,4.7506799240747135,-5.6197435760443035,-0.1556522413353827,2.1875156772854396,-0.45324242584309715
8081,3.278905324652772,-1.6028784898384814,5.589660965087216,-4.589953398609818,-0.39468321117982685,-2.2810511901115396,-4.592086190527905,5.740249500237052,0.5260816690041006,2.1138021948954737,0.641802834530659,-4.429850008139034,-0.7781379410209404,0.1678833660499599,-0.07358303512951991,1.439332469858094,1.651047360351214,-2.406542220108026,1.9094404757925538,-2.6515743834350225,-1.7889576717122004,0.04296044980344149,0.7843685371251219,1.7037625924230397,-4.672578061476377,-1.4399415844505938,1.5580591296094681,0.9132247000912415,2.9587408154546786,0.6824950007746882
8082,2.388249855435941,1.0065493933141312,-4.378943389916241,0.1245132696343525,-0.6536756435936422,1.5133065151257892,3.776732874186358,-1.9519299104713852,0.39533963691581775,-2.3404348964036874,-0.45732068940954296,0.5776129851827925,-2.5998327810705284,-2.6080877889294385,2.3047051137300585,3.2988685338252743,-3.266206261041779,2.8705531834871785,3.367685952671554,2.790234635571398,0.7248087355206536,-0.8314630817222346,0.2822246683493166,-6.33349091039376,2.5020816150704164,-0.02762266863926044,-2.0957594699946718,0.4140631218178994,-2.4410098853032576,1.6482472870519658
8083,2.93984479603472,-3.443501648126457,-0.6298722149369063,3.0609071056359127,0.3022649170074452,-2.229642955614347,4.55169097165486,-3.032843253936953,-0.7476755226572713,-0.3541939355189321,0.1110402428935906,-0.5280185024349464,-1.9849890436443172,2.337750232679202,3.0726321193498123,-0.5298234283550975,0.4292345739970358,-3.324804454025873,-4.353537582426899,0.2878863316690392,3.911017905215971,-0.8446004971501324,-1.4462993195409375,2.4455331622299,-2.7174169783244935,0.3232353086590187,0.6765830319092743,-0.10200634512569984,-0.10051566110237431,1.9201206439873921
8084,-2.3960384924104705,4.454556498451581,-3.7261424914491457,3.1952426942908296,-0.3586804827761316,-1.1689377261062859,-1.999966165677293,1.8778350133449173,0.2098859859121358,3.7494462495674767,0.8319313482060817,-4.669132431352978,-0.07642261503992032,0.4850598630771721,2.1951917776624796,0.29485524328923063,-2.037732463933642,-0.8609518050545386,-4.972407674559765,-2.313865090942313,2.4138142460889185,0.18702225494154412,0.5808056509743924,4.104630613494177,3.2989902339391257,-4.940060721313962,2.139456763941979,-0.7051292944751211,-2.731066943638673,2.9378099615498066
8085,-2.392667734846162,5.280168030094149,-4.836451185151908,0.30986187073690985,0.18722882588617296,1.451860193281206,-4.228642923461464,5.812555927051665,-0.5247637214029766,-3.301408251557028,-1.057226499285767,3.2994854686558845,-1.8219834819201122,0.3836323362088656,2.6368616896561967,-2.580226050749273,2.932925397833422,-1.5512098910283179,3.399325257777747,-1.8141434183937655,-3.2505277769021834,0.8431191956560697,0.695616978519654,0.12660976333942386,-1.7111628906590717,4.905843234617183,-1.3703921556549155,-0.6668667067259229,0.717641163565375,-1.8750626451395132
8086,-1.3516552360596936,-0.040441641308074594,1.832545528969277,-1.8608312434866576,-0.5432928999195183,1.9636754918050325,-3.7467225152714043,3.7677510486769243,-0.3769465295155081,3.4853047625871163,0.2726576340608311,-3.4020444005376405,3.9393748360257383,-4.090766016301467,-1.2969756393818077,-1.944251508397878,2.7888797526489846,0.6037385754071636,0.04762985280238752,2.0052151013528885,-3.6801070727778527,-0.25458474978231216,2.6356074533919482,-0.7537605849901077,2.1612287795596536,-3.9062323843701243,5.669957565276359,-0.6574420461013073,-0.9226753056971848,-2.344836608664261
8087,0.8318874153263796,-1.9406246723832616,1.5203452542294968,-2.147547961404026,-0.35286076272598055,2.08880072695775,2.052847953382951,0.5198641274520881,1.0801693084039865,-1.1830815617170618,-0.7257414340641759,-1.744058393457454,-1.3270252638017208,2.210254567209887,-1.7270498606908866,2.371616177204249,-2.085068474729777,0.5572728548089803,2.2517474069428296,1.7491382026377078,-2.0516350899520575,0.2559835439649927,-3.096926539120151,0.8916924755236266,1.0927235434595026,-2.931434910176982,-2.6444281115135233,-0.6021657299426826,3.3227265679335503,1.7625786402432908
8088,2.2415496294404385,-4.03708508660608,-3.6799544102044806,3.704499073654958,0.050673094563205456,1.7203176991522948,-1.6490849143478243,-3.305325880159124,0.8519241092915433,3.1559042322521513,-0.7991900948189175,1.7457725477824653,-0.9602295676458468,-0.9513848131455198,2.8794484930984368,-2.986741701408329,1.226504799604264,0.7924027894977037,3.5990401831089116,-0.02838699337616646,-0.4818431929330771,-0.8936478499666922,0.8427497028638484,-3.03791184969991,-3.4220722092297002,-1.9438020262826008,5.412953711418691,0.7623178271797917,-2.2012687341169386,1.391871431033909
8089,0.8256987706989793,1.9089247094996935,-3.5777106501649705,0.7304532468126652,0.12683840111648026,-0.01420447796250457,0.33283795096058455,4.294263098417169,-0.9290432741946031,-0.6359341261578368,-0.7875888734290521,-2.274534775596006,-2.179453753719576,-2.180546977202148,-3.7036485853627887,1.8099772873203683,3.153980452381397,3.0996915765834494,0.4778309122678728,-1.717302800194643,3.732226802830578,0.8028551019917787,-3.2378639143925554,-0.05774610250614387,1.8426764879432689,-4.059367102233507,0.6704433789491056,-0.3358289963741985,-0.5720471455888649,2.4541233773073046
8090,1.8664408448096665,-4.148475222066224,-3.9502240985257195,3.9781408234781317,-0.18325136136166909,2.437369013666144,1.7645051037097943,-4.629337441305477,-0.20791405182595568,0.6670491306512378,1.0952092651455487,1.3104879936250953,-0.6768775045160851,2.7386098543523367,1.473076525856662,-1.1227312075021363,1.2877934065851697,-3.699871074775265,2.802287844100306,-1.1635286300220322,0.5764691769095656,-0.031346259588914904,2.73918936780783,-4.923071499209861,4.281708538523265,-0.13040621041210088,-3.085842963516267,-0.27478131306513554,-2.97926489392934,2.188586842402689
8091,1.6849812586383344,3.561292121623808,-3.5405139986395078,-2.842094198756577,-0.8534591351174934,1.9897939522517873,4.058798338761132,-2.7668140927012246,0.9882865352691628,2.7698136214867617,-0.7172395667478266,-4.332844836067743,2.94260775313494,1.6062760552990731,-3.327709089470458,-1.7427705358886652,-1.2198736511255035,1.7414694680512923,0.23858717075602698,-0.6422388555203398,-0.4751613732491258,0.3539506744419203,1.9375761265190743,-1.4127137429506647,-1.8855495334280405,-0.09553828617413274,1.225254432353566,0.11952743602202176,0.7501119143536652,-0.11380596312395674
8092,-2.3555111521353,1.134085950156308,2.276292704931155,-0.9307437587900509,0.029266346453451053,-0.15339009061521125,-1.772512486165688,2.7285011188511916,0.9860603041684737,1.0191508186186802,-0.5275125391233235,-2.4336872163490995,1.6854169351210793,3.449167825531923,-0.6843585999019339,-3.912580997707799,-2.8066261954610923,2.2689810324184876,-6.106069458507044,1.0107967081275806,-0.9735154438266829,0.5580790856304301,0.05142498483961333,5.459284123733006,1.0998302821185248,0.09332071662370822,-6.078781899816651,0.7533754958564423,3.6854235903370096,0.4468318148841224
8093,3.468770059628465,-1.695514611603759,-1.2562754322300265,-3.000832081239917,0.5822405451817754,1.9016115202638098,-4.151977874607528,1.695330323526285,1.0650260140075067,-1.0687598179878925,0.0008075980087358658,2.459573757053125,-3.1794401132804975,-0.7202044855481979,2.471473682447975,0.9678351888001195,-2.4358341773905607,2.8961699049718135,-2.2944756525458807,3.367359448677316,3.2390016099714565,-0.4789144619977419,2.83492023755964,-6.667891181667883,-0.958691588031602,-1.8109734166062914,5.133341533539198,-0.1857573831199959,-3.4730334857171243,1.2951143399389693
8094,-2.9957053779943195,-4.363017725444866,3.4003433050797796,1.671525469103127,0.17546167861198914,2.1113926506446354,-2.809354577330488,5.832421491602084,0.992829486611309,0.6355742803016486,-0.34819943141503096,-4.303271249769267,-2.6250948795418374,1.1607126077628251,1.0924642925587271,-3.0054288814276067,4.133336806426122,-0.7559899457776105,-2.4175376926494785,2.76255859205785,-1.4480058032335332,0.21573550749729353,1.5823838130426537,-0.6951344167178881,3.8382095497001814,4.776341218303067,-6.186349085197936,0.5975107157248569,-2.397894888037019,-0.6278175104900114
8095,-1.9563280475670162,-3.9722200621455137,-2.1039467176252344,6.009198566831774,-0.07940605482064744,2.102702315326985,1.998491477083725,-4.443068597425128,0.16064894500613924,2.347495863216171,-0.21650788515490493,0.1529401972742228,-0.10165009341505993,1.7699930054583817,0.2514448750082039,-1.7821768754383296,-1.6401068964106909,1.5024959847981343,-1.6050478212091015,-0.264380416739332,-2.3464782366447228,0.19146060138236187,0.5985607262671984,3.4258851469405123,3.2860223108433537,0.48527521524757233,-5.619330114732822,1.031350047221526,2.8893183302275816,-2.0726357888040887
8096,-2.520543345141922,-4.363813615055527,0.9622810121828813,5.861476699837048,-0.23211235110914585,0.2927115992870135,3.0097011332656933,0.8710030678008032,-1.0000774067863714,-1.9432171754562688,-0.40247073185110516,-0.5349388869725509,3.705236777285492,-2.0625896559339267,-2.246132628355033,1.0162782700802815,-1.0286672766393767,0.6158745135632042,1.8630475574708996,-0.6307873492095535,0.44555265570623703,-0.47245580420016964,-1.6736007536076905,0.4682436938372021,2.935687784379077,-1.1457279829668892,-2.1905377459679443,1.178550882808974,0.45116303865487417,-1.2291359769049564
8097,3.0724471200474888,-0.38186000384890306,-2.0095030613141205,1.2678026490501004,0.36074445840723124,-2.309631162341442,-4.06700406614555,-2.4873241996350863,0.8688758295422421,2.8491435260819706,0.21383739343807306,2.62247151671853,4.011341080976276,2.226916320386014,-4.0605369244904885,1.4474591583990737,-2.2661735163596415,-1.3590061189106137,0.6490470491253753,-2.2196373280171215,2.9729366626484968,0.2310308776519907,0.5672517774734924,-2.2006290388852854,1.8769057124561002,1.691998828988659,-0.47063394688584026,0.41490171593433267,-2.49252582684087,-1.0206464836492604
8098,-0.29686089145180006,-3.9134514547194534,6.129705731263815,-1.595061293844303,0.5709055081911281,-0.8952375994390565,-1.7166974646542208,4.69028974578454,-1.0650547624876543,3.061062391786596,1.010104792000715,-5.979704702429771,-4.121489005465033,-3.832014814921564,1.7481745554435157,0.4943392445790913,3.9734062668840977,1.7375837534804823,5.807514034456968,-2.563004920634153,-0.6962003884502987,-0.42853134340722043,-2.696161253147631,0.5763838711792459,-4.855807927516942,4.8061371889836195,0.8216662948111448,0.7797234227306946,-0.747026235002993,-0.8046927440024234
8099,-0.33123401035237876,-1.1079307733027903,-3.1151216798426162,3.9335365181154884,0.22216098085563907,0.39858896452698467,-0.8218673143295661,2.306677965836453,1.1155153378903897,-2.5745421675552667,0.5672613574551617,-0.593045179297004,-0.27621612234700876,3.353207106018658,-2.001589739204034,-3.196648874423543,2.9403332910749143,-0.8190856611183968,1.5839450308922345,0.4396268132579255,2.4404004409040567,-0.6992767530273136,0.6333232816768373,-4.398018813706848,2.075331732053673,-3.292603477751623,4.617365040580083,-0.0721505204901316,-1.8890490390386177,-1.4388937353502786
8100,-1.5968265639986612,-2.09719805552254,1.2892402706751653,4.229303883961393,0.44927205335156684,-2.273791588466569,-5.180388757070041,0.02052952782230122,-0.5631592640217855,1.95260883970127,-0.825294079851786,4.595703733420205,-4.034058188279962,1.9738618751358672,-2.2249519140773035,3.3712978893138654,0.050476366438751086,0.8633739714693842,-1.5573248428238777,3.3235147162546888,2.495828805073991,-1.1803100078583526,-0.2521032247609103,-2.8296054458886672,-3.148540022255272,2.073509070090587,0.2789107193741813,1.0548824340839325,-1.6246203558753223,1.3658581545850232
8101,-3.6476874108011597,-1.931885071721915,2.7403238802646364,2.1929646479115235,0.8879418184618362,-0.241657864114579,-1.3400838665041945,-1.2542482895745337,1.0947841515960821,0.01476946031467996,0.8268419325360359,0.6579366116320742,-0.35515934457666276,1.1529075402066553,3.224888760495645,-1.4054375000882438,-2.366667960762868,-0.2505314952739326,-3.5809777777600367,2.7176110766419725,1.9323901163439707,0.7558293467690564,0.07504458481052012,-1.899897346808629,0.12073230144751435,-4.732908365385452,4.15116035745114,0.36538879412966363,0.27580867609980686,-0.18018176373952421
8102,2.6757876017318267,-4.039301768930866,3.8989572284802883,-0.5795219011294783,-0.16906651196597666,-1.7868546481854537,-4.543173548847019,-1.7192941829718862,0.4197466323558574,2.630909339723491,-0.8767848482534593,4.0885966079931535,0.34577349635379306,-1.6468256707738647,1.7051854286282868,-0.860767317832078,3.740970050309702,-3.2843359866852566,-3.5221357460148717,3.208691376382628,-1.7629946261621736,-1.080981774701093,-1.1987043686931091,4.356125139185501,-2.299080605098645,-1.4753989003789059,2.589713972057808,0.9968372050034962,-1.9604984416821267,2.14842677010153
8103,-0.9496629388987898,-1.6679073485742464,-0.6642454971820619,4.232033024003755,-0.12457109076283945,-0.8256461485855109,-6.133797684156548,-2.4523284121502122,0.06618932715663295,3.713912084888193,0.20007982135694213,4.605944862905094,1.6111460356013652,0.4156201765512364,2.1841197044025655,0.05371905464811633,-3.642260056259305,-0.6223449149434099,-4.018275725403157,-1.1161908983270195,1.2782606421527731,-0.7392154317530499,0.20589590931190926,4.389525504015431,-1.6968517789220492,-1.8680442570114089,-1.3419881053280136,0.9721480585201832,2.6150243899167904,1.3197116928276422
8104,-1.2352786894440229,2.325904649727992,-1.2045565471530821,0.5038229466751893,0.5887562919619418,-0.9786486517677151,-1.0308141164213716,-0.7275769659529345,0.26533198753101317,-3.0525932085174983,-0.8526499667458207,5.39830227010669,1.941273248176902,3.83195610086527,-2.688210884645496,2.149002042938463,-3.1237090955137745,-2.1103114118207777,2.2020590084804468,-0.06975239537690925,0.5206092956531876,-0.7553503986859322,-2.903339064814462,1.0057735547405926,3.857245583179928,2.8367173320687797,-5.945204244562198,1.2293242620753455,-1.9598332111549972,-0.018249721603750046
8105,0.6311996378847766,-1.205591976461978,-3.1975159780622207,2.1470749491634322,-0.7147663922347711,2.3395997597110654,0.19392177554473378,0.28246713195464324,-0.17490079087570987,-0.24080511642081426,-0.08749791100861426,0.02681491080583953,0.6935468518692858,4.170493161222385,2.8193766108459712,-3.17187006828636,-2.1165542292286226,-2.3949923264220896,-4.751708962584946,2.248007365851155,-0.18968509750475704,0.7144583349533198,2.786653379153547,-0.8077250198713948,-2.923385683244163,1.1670606632057812,0.3899285869856861,-1.2365751878571025,3.2790220901029024,-0.6760504691899758
8106,3.331935715924878,0.4377532587303925,-4.289241781507695,1.9184255855757293,-0.2710653975633974,-1.1278073811596059,3.906372053009701,2.2067466868772456,-1.0263744257203116,-0.4693928401153542,0.887888036243055,-5.505239510294281,0.12807524229737766,-0.23043792218694037,1.8046292309446237,-0.5310694928201087,-3.4505684446322675,2.2793713863979015,-5.732621571212981,-1.4254191701690004,1.2356151765918142,1.1277750986908304,0.12521494476371942,4.669435521332563,2.7151846311065917,-3.1699266375765234,-1.0999905514439554,0.22219267161165224,-1.04253465239427,2.3750745386996286
8107,-2.9654307314503185,0.06028011453318527,4.6900462509487575,-2.4469306542155245,0.3059324896787601,0.35610253050548835,-0.1869989836993291,6.001212707270909,-0.9594623926898258,-0.9662364509357797,0.6038778845731096,-4.492392764519046,-0.7921791019052833,0.3835069540773759,0.7621504703746744,0.9743266031448421,-3.61817118470055,2.2903662590095486,2.0151554351100103,3.2186013968470206,1.6980630095419968,-0.2803324380302952,-1.4450966469175963,-5.20639075655421,4.951605406305902,-2.1743374565919495,-5.939958498725996,0.6165464114339079,2.144824929872005,0.4013192077092551
8108,-2.8641512632005295,1.7781427557519116,1.3588142006429713,-2.5913635926744476,0.18167042798098043,2.1368874714994437,2.6104858107747972,-2.742744595936035,-0.1556508854759997,-2.0250589374182475,0.45322912094775614,1.859739487107749,0.908623531212946,2.0988256700152625,0.56362375136613,0.6387086273627283,-3.221400813309822,-0.988380766646646,-2.326305123193716,2.573935488513502,-1.8436681013553429,1.0103557431469072,1.2261169863633299,-0.6404349934777329,-4.905248968137684,1.5955140671811776,3.5581678934420893,0.2562493025524786,-1.8108691185643444,1.3061868235294085
8109,-0.18935519723283534,3.1953115281114286,-4.762875998554158,4.659625376765035,-0.6435150627278059,-2.2591906463613416,0.8745696178277989,3.0709911310326525,-0.9572361611492957,2.4170801209419714,0.08837977585154899,-5.493784484504651,0.3952259622185039,2.1706300275634476,0.20548351747469695,-2.412903364470557,-4.090755486171675,3.7323193433861377,-0.24750881883221254,2.727098414861352,3.28260265478502,-0.659320464694563,-1.3256825694092864,-3.7771892167133743,-3.911028427146565,-0.420479915388853,0.1736745669277937,1.0046794638366041,-0.14844789091254995,3.301602202686741
8110,-0.10508461524843327,4.102088006179759,-0.36977741722805746,-1.6629361363768247,-0.16605789392209513,-1.7982319434040335,-0.5385810425121811,-2.7126581162733494,0.03662386482076574,0.7186774571457164,-1.2478929769406957,3.7438308137597325,0.8180751761764107,1.5125253988286254,-3.835151709585272,1.1902301212666124,2.396353196571063,-2.0820321832568442,1.3867449791621382,-2.3326819923319384,0.4623656189929797,0.026518157581117308,-0.02867935671207711,0.48573259330470364,-0.5647733726574273,2.212198032346233,-3.1764387666530105,0.0955620691701018,-0.08869993473261673,1.5221519725299224
8111,-0.9647924689366487,-1.336297500972492,3.510509201361245,-4.527329497592909,0.8764439439066058,2.4414663222345308,2.378307706072235,-5.319512352546823,0.1502402747012619,0.3936259607082295,0.6508783749487037,1.746460036116357,0.4654078241689277,3.5142020702693095,0.3291437469492742,-0.8901935647643526,-3.4306853395603483,0.012125262937779269,5.605734839975284,2.8844328445341567,-3.9654904789523577,-0.8264511342807808,1.9777906848279923,-5.676016756107369,2.0380454012087057,4.8393073267990765,-4.167555808193516,-0.13214773158494353,0.7149857020363566,-3.29263489026245
8112,-1.9095142100721585,-2.278145881471122,5.706332724718024,-3.9173743691191767,0.40832287259336875,1.9903788633513955,-3.7074560207393468,-3.389811258822359,0.4611208162714586,1.2537424645672068,-0.8204929406708166,6.202896939393803,1.2095106870372163,3.4153503233462565,-1.6898592681818183,-2.323316723729846,-0.7515018179295225,0.13981679945828418,4.0740176360655305,0.6190293728155645,0.7372359503851165,-0.9970007624977226,-1.76619371729592,-2.6670884794756304,0.4963534322251242,3.0887751412356614,-5.857985951526874,0.8667574727682688,3.232838304530805,-1.8267383992297361
8113,2.969483205877392,-5.432691017750191,2.3825547746862874,-0.7411010239173521,-0.9148166125555697,1.7365706736597772,-2.14175741654217,2.073117645369905,0.6966172328250879,-2.9624231795081695,0.16265547263218494,2.171790245223118,1.0680695496920585,0.6872880108680057,-1.3441159053340392,-2.711186204887376,1.882772454414713,0.4171720952471727,0.9110379078618358,-1.3511788869336137,2.0786010058774416,0.1780399665801351,2.7065585543027506,-4.523058547691598,4.060650626813214,-2.5379264567548248,-0.7612339307593885,1.2091755036081784,-3.524222234523858,1.553556491619922
8114,2.812750372414662,-0.7235188121336229,3.946624540163832,-5.971974310477876,0.5773989059927223,-0.6412806959593915,4.677887643747628,-4.785404873754672,-0.4868900618965952,0.00896898400020163,-0.7359714084513191,1.3214097163547045,-1.218980446910022,-0.7870100733077301,0.8188993769983242,-1.132393419007908,0.5801078798305177,1.7393766823973849,5.538166688934641,-0.8820772026752977,-0.22736185717336,-0.05404610378319141,-0.7575504505380195,-3.6171310747678156,-2.270694275780162,0.1985797152190507,3.7328181492457126,1.1600699368075231,0.08306497755332565,-2.9038385030421914
8115,-3.7118239620794053,0.38227982365859603,-0.5983565175415109,5.09402204851229,0.98984249488639,-2.155963887436033,2.6734855570528673,-0.5706325912165262,-0.6713218030267027,1.5304248292103004,0.3423394555001904,-3.3042954475202073,2.646016133382716,0.9841784825901669,2.7866298740266906,-4.0499947437394646,-3.5557644250215183,1.188934678761992,5.539135569733627,1.8035685840058466,-3.2500673466731858,1.2169809036599153,-1.965326620642191,-3.3442910900870437,-1.4003809081505239,3.824859450332319,-0.13583151793957526,0.4242261863182035,-3.62121070417243,0.9083374936152371
8116,1.3389648913203658,-1.7048118583204825,4.189021959487164,-4.4902994903577,-0.3191002992887557,0.9862247971597444,3.1548063488891103,0.8075583574919634,-0.09828930946125336,0.3325857363777409,-1.0288721808030057,-3.1677889524946323,-0.016230841124993844,2.2587238084507995,-1.16313971747077,-0.24345112890948428,-3.4419517781775326,2.6060496572325462,-5.017742587007135,-1.3846881633219201,1.4560779667757906,0.4596668646369677,-1.10144668041384,5.588132599327103,-3.1574530563133614,1.609892324315723,-0.7274921905420335,0.7985458836472343,1.3271963083343081,0.14931073056135347
8117,-0.5450163486370379,2.670620803949415,0.17951578210372432,-1.7665276851256166,-0.3889522231052587,-0.14964032918490844,-4.198445055486502,4.9599862518837625,0.4572006127865169,2.983540113531994,0.585661868336639,-4.787943791052456,-0.8719265940266858,2.21245096869643,0.2710075377380363,2.6266579696366286,-1.170488311651674,-3.0677015703921917,3.4816143020887864,-1.0750046794443264,0.472857543574456,-0.1941050158664126,-1.8592472651752079,-0.8261148851803632,-1.2976412755907951,-1.3682929819850465,1.0543669897704966,-0.08636821111240778,1.9071744011382208,-0.20923892221722795
8118,-0.955934928274571,1.1971491485713948,-3.9098355789692114,3.352187421009873,-0.2623110414588943,0.5787449791217156,5.309258552213084,-1.2883384187286957,0.8164202963797997,0.05486313657933373,0.9822676557259236,-5.874471222169493,4.164035160081092,-3.495201459685795,-0.0034407391008599575,3.425427763063393,-2.9268983882311286,-1.1639223361261184,1.9422816347346412,-1.8934596807502189,1.342313461265757,0.8892018848320147,0.16202870467098407,-2.4423660047561953,-3.02129593935058,4.731449848588529,-3.3717394128773535,0.36022797353541325,3.00935441541462,-1.7079968853073861
8119,-2.6963470044851743,-1.5793190577629481,0.5967864617529415,5.846593251223993,-0.6829965005446299,-1.4847171501838705,3.3909229358255324,-4.390913768770918,0.5471703587317993,-1.9246322102124171,-0.5194639456940999,2.8969166301200637,-1.810541648929771,1.8481164424378598,3.194513036423036,-0.45089909107134574,-2.860445060713669,0.07925632185446752,2.8956197909385715,-1.617815134911492,-1.6724089772053397,-0.02057226635117626,-1.6961382574185073,2.111314844944914,-0.5409246556203193,-0.4204729067940107,-1.110010988122255,1.1485375738900832,-1.3806201237785807,2.30349110042836
8120,-0.1644170977341819,-0.8025169060762423,4.14611661174807,-2.6319816012011685,-0.5127751407548768,-0.03442586598126063,-1.234099129785747,3.45540205021414,-0.2242832616245236,-0.7351009236028236,-0.6601240330009563,-0.6017947022001486,1.0237328161252286,-1.9272866648875357,-3.6418615254751217,3.536226411991642,1.8011253471575834,-0.79193638491126,2.491937112510307,0.5162055806310004,-2.7887387854740133,0.3967004784940391,-1.9639991211711738,1.3478947350068253,3.285846503022018,-0.4775794578966348,-2.6776855547505924,-0.462498151364084,-0.8647244062462995,1.1966410672388434
8121,-2.2945654196791505,0.48403491207983507,1.4458760309526966,2.5766355194044017,-0.025052179606687375,-2.1869288631507153,1.1934847399377304,2.6106076416516295,0.082524215385118,3.0272571115273195,-0.9667286601932528,-5.947145048308617,-1.9024052203954422,-1.4532967698608878,-1.7750282194991058,-0.4874013627677911,2.98785797586487,2.6302735966589275,4.6651635422595845,1.574128203728101,-1.7040557089047663,-0.500816302295573,-0.3464180617565926,-3.6880016730337672,-2.8014159645216488,3.5281524087732734,-1.4083126428822297,0.9216471296096778,-3.3215958664440954,3.0815249354682663
8122,1.5024590329944232,3.0818024920990794,-4.332527769988641,1.4686721769668694,-0.3047813712568075,-1.4156245608145284,-5.223011020139619,0.717155680238573,0.6918217280713463,-1.7903816468590712,0.32000584826490464,5.284409410423809,-2.92744103994222,-3.4880342600050014,-0.7815734335117348,4.138319661513943,3.6668227227699397,-0.6080936508243191,-4.300565796544305,1.640805738110938,1.0233991038868737,0.23897755371030005,1.836943415068916,-0.43956001423572744,-2.229788508319345,-0.21546635938788938,4.311559859377184,-0.6238219887767604,-0.360219329758797,-0.8822636731311349
8123,-3.3655712521037113,0.30314993138204827,-2.1832985873006265,4.110375815641152,-0.22457011498760293,1.3599142073691528,-0.5035536192854764,-4.622522395746383,-0.5589359639961948,2.234808567880634,0.41834341640624917,3.0318599947411258,-1.7129778881017685,0.26618394674942536,-3.5427203472126436,3.06517910509454,1.4279173400560907,0.496417843414946,2.8043401379151085,0.10482218429456758,-2.716124825303684,0.18673777116362444,-0.13485289890037144,-0.24492236917224375,4.781946744231867,1.2501902344019094,-4.2801335627308035,-1.0836963315933894,2.369287492135225,-3.0375945764415384
8124,2.3510499423403317,-4.553040868950497,3.818334292747494,-3.5145620600097516,-0.49463471760842337,2.392853411481278,-2.086876112705575,3.0571675825433218,0.1689297585882219,-1.9163141184305559,-0.4661674788889911,1.2432603688935586,1.610966873860395,1.7655743362151277,0.6550988442042112,-2.720957316913445,-2.052884644613238,0.7422019072475194,-4.533476942993087,3.1136224165227127,2.8374625167567977,-0.9212147458209019,-0.6910949580713961,0.19470171360287125,4.260616365329291,2.4396556287581035,-6.064586568209915,0.28460579140392195,-0.5927377404437522,-0.3275534768343906
8125,1.531812382134575,2.8446270821338615,0.4170760137254881,-5.5909231065136,-0.9960749858064877,1.7934826143265923,-1.702591610319292,-1.800500764610792,-1.0547669692304362,1.8674074823684705,-1.1446552451019363,3.8351071068939646,4.218383798487906,-2.910387277287235,0.8050729502974008,0.16923800775324338,-1.763668706294661,-0.5186387729561055,-2.570895613476562,-2.617664039065142,3.8004208768467933,-0.18721018154161229,1.1465345371994875,0.4288144200340156,4.515904267890555,-0.39603236260700214,1.994626516277446,0.07684780432216343,-2.676196511853819,-3.515149714026048
8126,0.7430461367578189,-0.6449724070810063,2.3204187133960055,-0.36269479430590934,-0.9435400314798543,-1.112257617286616,-1.263284969578681,1.1549728502794387,-1.1842477853993296,-2.8028563878093564,0.8122201862409071,3.2831961062670203,-1.2540453426384932,2.8356112831203113,-2.7695270354698263,1.261589576527303,-2.045387494689237,1.9717590131504537,-0.9147605858685637,1.8441051805713524,-2.7835842150158996,-1.0466536988619972,-2.9189749442635424,5.819868263435623,3.0343441286233563,-0.006921058277274739,-4.654787423991117,0.28739152577197125,0.43684723558253324,0.9031255922938239
8127,-1.1684631377739105,-1.4761928477513742,2.417518342997816,3.6218165728210394,-0.8958916802409895,-2.498787250052149,4.802622607941455,-1.3727345074811836,1.1157735941795197,0.19548929184797892,-1.0358357961302467,-3.7053151903575383,0.32958707908874274,-0.8589294526827942,-0.6133602076851723,-3.393200446887814,3.200122522665154,1.3357805055023952,-4.492191121175328,-0.9894542295342781,-1.2089187889113333,-1.1006035106906111,2.9268811529420216,4.864286497366496,-4.594544965676167,3.9760845716997544,-3.331188456001154,0.1935812806123769,0.7589867872663447,2.997080782102117
8128,-3.1922283324617737,3.894961433359036,4.115945890236638,-2.5086364415691875,0.06131036490184094,-2.3713529144661427,-5.118398469580438,4.7125910482876705,0.8268268046965934,-1.4264913183366232,0.4934560860219115,0.5120158489108917,-2.2511670216665873,2.0231148939147587,2.2721198742570756,-0.35215622151390846,-4.114747611002411,2.422836086011582,3.5002928265572635,2.96714704891102,-1.215201322915183,-0.5987149302086028,-3.1623756432051007,-1.4911479791424185,3.591293512071573,-0.6697364924356322,-4.655287914077533,0.2782954123745265,3.1760354408275866,-1.7205999587572638
8129,2.162586704860793,-3.7067193296040024,-4.414106449972259,4.05400094489228,-0.5868616366638166,2.4910997664873964,-1.6263689111862973,4.466081634256213,0.6654912467946188,2.0011527467499235,0.29722231885043104,-5.8035790354648995,2.131272817478788,3.712810384375011,-3.736434591720739,-1.6203259575776254,-0.858111820130194,0.37078916757524993,-2.1515613083418756,-1.004954810952345,-0.28198556612240466,-0.08953694155377878,0.2437858113514242,3.284252815615975,-4.0452274139648186,4.626789229770168,-3.6417954834181607,0.30107715387722234,2.3231438824748203,0.43601263126399736
8130,-3.0660641488798284,-4.494403618448761,5.1606301303888,5.168111196301275,-0.7784578673629556,-1.989815691998155,0.8348722939881732,-3.3068171726525506,0.44482618171373467,1.4754508091747418,1.1543234679927696,-0.60265558021689,-2.507115087300665,3.1712585668232336,2.6941043548388954,0.04783189244402308,-2.734283573811908,-0.6717961529930996,-0.15444848135935274,0.6548341002900635,0.01456191748775737,0.7396158426286679,-0.5181711143197631,-0.7363922647303696,2.5615068447397533,-2.23115888214911,0.8966791368157416,-0.9193736056584161,3.065690915188487,-3.3733444089332334
8131,2.245768738826783,-2.2077841590839604,-0.5000018484782416,-0.02190566518453707,-0.08635056457072787,0.5702734984910336,-3.2459647408192147,-0.6608109006301532,-0.9460825473567702,0.1967503755103106,-1.1355801196305397,5.791687932926319,3.5690645445322886,-0.8390122867693854,-1.6655076791008767,-0.2767000753040705,0.796968350687262,-1.5848128540447455,-2.845605951225064,-2.380671093812726,3.6004865712517287,0.5305639378960016,-0.8666877863598543,1.9619143222469049,-4.938892311266125,-3.8368308045227053,4.614798489805597,-0.6230113747044683,3.1117866939215375,1.6721493067693878
8132,3.4979196796579224,5.642799246615031,-3.4312220155341464,-5.853503408215307,0.3332756361229263,-0.18926913864608252,2.6700802118363747,-3.148329489390889,1.184547819716638,-2.386465180684052,-1.1812759426861872,2.8614425812080455,0.5299631002699989,-0.624212829291185,-2.8266284459282573,3.7973669968182513,-2.5162059083648405,1.6397170864964785,2.3462390461481313,-0.697077772290811,2.251518653054717,-0.9722639572020073,-1.5732131057807806,-1.3552028639322558,4.926223023399832,2.176544575606531,-4.640266162911676,-0.940858836130916,-0.9053673852345572,-0.6162752147259951
8133,1.7034791523291446,0.0890802373723325,1.9566217099116052,-5.726477232326541,-0.3169269791179483,2.2942231118317284,2.922244516416111,-5.267633675242394,-0.9004267682268976,2.3534059962353595,-0.3349960586005061,1.2274059894182443,-4.062840107985501,-0.6450902993668883,-0.2604088799530615,3.166539763262236,-1.066737354222541,2.868536878266216,-3.6505170272233514,-1.2385973388904024,-1.834186976561055,-0.9873594824402963,1.1760254491622764,6.53463537594979,1.9331062209883534,-3.4239472082590616,1.2228755292718922,-0.17126971774678967,3.0270760655801077,-2.5878408898312397
8134,0.21368786586576505,-4.095280555953469,2.486064052884551,2.8857594551673387,0.6285092444908997,-2.118740062454794,-4.593958874279007,0.9498565367832086,1.0327444783732487,1.0032252348431818,-0.023926713776739383,1.6320593380560169,-3.714336037747991,-1.4026296014713857,-3.5323594281363917,2.5921094734534833,3.5411540563723847,2.5160615375303905,-1.8485931933546063,-2.700565622827657,-0.3051149138032656,1.1768422629978676,-2.948449129991525,6.625880596976174,1.0724271723230068,2.5398675042718963,-4.713363996878336,0.7158011610539319,1.9156665643306958,-1.5303984050979054
8135,1.4532003091803283,1.4717366032397514,-5.00200471803473,-0.638910093930253,0.8695792082040752,1.8463986913411112,4.900815663047787,-1.8887368398782094,-0.906573061079551,-2.4366571154133165,0.5817690113158855,-0.2506176579926773,-3.642381582887067,3.2708883065826093,0.3463893709309893,2.608524613580773,-1.2197369984775026,-1.363683709729317,1.2236341739118544,-0.23700713592860545,0.7949583588228109,0.25385028517735897,-2.206192467687,0.17075678570056851,-0.32702590388042196,3.7008944135673545,-2.9058607035558026,0.07833897479448382,2.22753957680251,-2.7738863577248463
8136,3.4848286564496966,-0.3049656563220289,0.8192033210071017,-3.5880670024907104,0.8440193815570751,-1.2550187002008588,-0.7793918238715598,-4.773600040820458,1.2450228812798976,0.3682458451448092,-0.006900372663221077,3.9466235109304506,2.9875094725088083,1.1349252383105224,-1.2004799319971493,-3.672859490138718,-1.6092401574963109,2.3601448688133466,1.0475328786836222,-0.855980655606789,-1.8500813206639908,1.2144876488647434,-3.0968860581299076,3.5409275068493464,4.672510047637321,1.8769036172017195,-3.1030622467517865,-0.12110595791081025,-3.6452599477210956,0.320014487547958
8137,-0.9866949402709952,-1.8097912866377932,0.643394131779381,0.14216407196554215,0.9874263730712229,1.0235016500929284,4.407600081264032,0.9285848219866963,-1.1252008181003421,2.226106937266149,-1.2320073424384232,-5.205083679978202,-2.1597887374426765,1.7670709668109055,2.5662898781745866,-2.1632874456737454,3.4294583992719225,-3.4397430611405095,-2.8045632432361387,0.8980857601821839,2.7483607821663263,1.0409482680984796,-2.8331453158017776,0.9503137485880018,-4.5403152611201385,-0.8263612960973745,-0.3565380562363245,1.1631414468371037,3.7250213992718564,0.8350517673481761
8138,-3.6033820094232887,-0.9257108039235789,-3.3372311381989803,6.235445913009233,-0.5835065337633645,2.2143845723002507,2.3561391498830098,5.307551882477945,0.46366580969817317,-3.4981930055298687,-1.2303953308267905,-3.3987685057025807,-0.9626528114368185,-1.937575900959068,-4.2180128093016425,2.8695549182364637,2.8296711135841264,1.419015489877431,0.029457560688072704,-0.8350798053448827,2.3836291286616422,-1.1375779506121106,2.4028022690774673,-2.8432312024731132,-4.6682423641628095,3.8128378545933366,-0.44710210531739847,0.4635131694612493,-1.633823669751152,2.4728171151800638
8139,-1.1650398416325132,-1.5895548343214294,2.9909395464672173,1.191905942502455,-0.7044777433038798,-0.7237730697115996,-3.6364277152893827,2.6045510081921854,-0.6952618719196915,-1.6190115369357638,-0.4998546471547458,3.8460047631072776,-2.12376674783145,-3.5630434871105656,2.4991990115336122,2.9728925052473656,-2.425772400578751,2.6404911187403215,5.138807836536483,-3.45085722616008,1.0858502193708581,-0.825568662515459,-2.8267349561062876,0.8785027888715398,3.6794987042501432,0.862648613681106,-1.384265274453579,0.24972125067190465,0.33053866807001775,-3.738141962216286
8140,-2.7242819709608277,4.376899118312078,-4.2951177103308,0.04140430909687254,0.11424278799483112,2.48685346588808,2.7678380446665365,-1.6644282101023151,-0.08951416913538424,2.5099874520702947,-0.7691519989550653,-2.754731118544168,-0.3201012361373756,1.5827595546898365,0.48293068638473,-1.712418455846997,-1.4281550648897614,1.3949845158001182,5.604034579038359,-3.1946428060908065,-0.32235787345722144,-1.0131270928054903,1.7680679444270133,-2.8419747511148152,0.23278517822358324,-2.2209719964085046,-3.2371866599957144,0.3178100650817388,1.346695102385084,3.5608683107170904
8141,-0.9187213246750527,-1.5964028922852762,-1.476059759203327,4.1664296002716235,0.30469176879579996,-0.4799373929035635,0.7626456753045723,-2.097742459854942,-0.20328652303789863,-0.23484809060024858,0.08327105642069377,1.6899603417677156,2.9939711918840075,3.6368613652166744,-3.013037082298201,-1.00888516354674,1.1180634932788394,-3.7269738045340226,1.3835732153356233,2.7894539351437473,3.774777330195093,-0.6562866854368155,-0.8167752081204522,-6.474742587120144,2.116042384619707,0.7220327402402873,1.0588780667631958,1.0416866255312787,-1.3739366695090336,-3.564703147642163
8142,-0.14109460600124102,-3.8296787069452947,-1.1042079498947146,4.796334386553447,-0.16705248568953834,0.4456993619775691,-4.4895366396669765,0.36124892872025427,0.7746421882516819,3.5071286080203343,-0.28359082701326077,0.1301077416878691,-3.099882323104554,2.5955702420361355,0.0005540215074901766,4.033460170788622,-1.8087169371159977,-1.720985174111167,-2.5189095227537486,1.664734780911207,1.2041715199418128,0.012513838487148377,1.024655706053645,-1.3871663226429511,-0.15986677337770772,0.9130787531174605,-1.7813256861885698,0.1738814762285612,3.2464703142379,-2.392238084014359
8143,1.1062299381905838,0.06762944545288363,-5.3264965919462135,1.7425133386687683,0.3736108424248181,2.036513027209363,1.8829591243715882,0.5920770861706899,0.5539416102252428,-2.771734521111993,-0.020838926313734518,-0.23640437334190878,0.614335943063157,-0.17146081656916934,-3.5510177832386756,2.145228575988181,2.665109576943408,-1.70219549618637,0.9148914345489843,3.4493782162719384,3.161532661928611,-0.18691880788460846,-1.1216631581085483,-6.217220346759259,-2.242461472594197,2.766108972347702,1.4644374563626918,0.2896970870597544,-1.8741209397328031,-0.4036611034398696
8144,-2.7383317613258704,3.7761928964346367,-3.63095911692119,1.8209485637000142,-0.03749411846169526,0.8096435365742778,-4.13604158375793,0.2659574842893093,0.6869757287403377,2.4286913206749112,-0.32589108235782405,1.0803081324110835,-3.4587001229434957,-1.9235437796876376,-1.0828876245296133,3.14579848618871,2.5323068255118137,0.7870262154607559,-3.7019813247160904,1.7707909925096619,1.7781530434898976,0.5157206600102802,1.9441926789758153,-2.3068760502724572,1.9353041736167889,2.3742514654842886,0.7356416730112478,0.09922367435827972,-2.7329343747430315,-2.411486611724273
8145,-1.186275905362777,5.434419572512361,0.8306459089072469,-6.182014332847,-0.08497388445961285,1.1881986412499899,-4.857635193640096,5.869166724319946,0.4030747677110238,-2.6551191768848668,0.7143524874016114,0.5261603910922794,1.3934438603056094,-1.1168410449030208,2.7753868066929286,-1.194831563155363,1.5455848578068618,-3.402742916746469,1.1707648848681487,1.6900726094358394,1.176822336956775,-0.40013216259278206,-0.7603084970705432,-2.877219171600313,-3.899542782235546,2.0351818797233427,3.1336472658128685,-0.14441745860121014,-1.6980719018886568,0.5732029971925048
8146,2.064634621535493,5.692063493059457,-4.108447399816072,-1.606141381211149,-0.27651484400765347,-1.7655944895599038,-4.785512148310225,3.3853735688944973,0.7807304326292455,0.2789504663767879,0.7843607093744334,-0.4439030289648187,-0.8567781246385344,0.37520474011131455,-0.6233224235762584,-0.5740222310458378,2.781004634163157,-1.1020865950132723,2.530394673627516,-2.8893503430297613,3.3640913950824967,0.5385641752623167,-1.9845294969565561,-1.5591704039888832,-4.2386968517079,3.1643915169026826,1.3427047036882271,0.533564474477906,1.9965287042346702,-2.7984925475923124
8147,3.061961865017807,-0.14744456661058436,-3.0037410148744,2.4888201775662893,-0.3374363442360553,-2.0621601168628887,0.2151966965623302,2.6636109234379965,-0.8583389671362758,-2.571382317787595,-1.0889207129694713,1.6398343778929565,1.7285537731271958,-1.6972278811536778,1.0704700351424563,0.7204008080207664,-1.9532226856829293,0.13102595054674815,5.713419493920462,-1.573209721835406,-1.2866722319492734,-0.334628970453255,0.0980705940616513,-2.6169791637470503,4.398866056304257,-0.8638742945280917,-2.1829754123905154,-1.0495866880346632,0.12008965260948123,-0.42251931395721876
8148,-3.6320270336994813,-0.1490356503343655,-1.266645362866754,5.750883394233448,-0.22230125272068557,-0.48087409461201247,-5.317588394694781,-1.4566051910075792,-1.1973790248926717,2.741196379449626,0.6294910928171467,4.600885138328163,2.2358503528447216,-1.4652699638390292,0.4437481805747936,-1.8249764763057428,-2.7455585648727787,3.356206471598558,4.594584540614498,2.177917739115877,-1.2092423227622735,-0.31931385868908535,-0.1559253405531109,-5.088020757728771,2.4958114585636366,0.8446810575585673,-1.687872512130717,0.24047734766495044,-0.7531821720735739,-1.1399151795796385
8149,1.1160178510557834,-3.946994169877506,2.7339338534115356,2.8449000225219585,-0.7799592743701742,-1.9678982827414924,1.4336099761128693,-4.817183933185763,-1.0937704321929038,0.011867891965804844,0.0033908004283809134,4.462085696871494,-3.8624918389837646,1.4341955321707296,-1.036715103358457,0.8071770982522608,2.31303593785184,0.34479837406789926,-0.1607593066452857,3.1681789121774457,0.1492825153290518,-1.2338537078652712,3.0310994824386377,-4.953947895437423,1.6742427003824858,-4.719743127083998,4.693537222047496,0.21320403425346246,-3.703304893198327,1.8420640636021446
8150,-0.4923460937588846,0.7626834039434414,-3.784033273251186,1.8686879900298266,-0.29509566366762896,1.9401036367045492,-3.4556498814716115,-0.4128946548647292,-0.10025106005314122,0.31247456960783637,-0.536804795504719,4.1931258222862695,1.6113726683321588,1.5239565005368547,-3.7832964550666706,-0.017457467004785343,-2.198483352553927,2.8639081057568987,-0.5228434389226777,-1.3865528136670147,-2.4734201749281333,0.515679493056239,1.8293794724968322,2.037757461961913,2.611085387499351,-0.12280897721018036,-2.491321277615235,-0.08201659960562147,3.6714490536182254,-3.5863875866832924
8151,2.8450841233748,0.22642898434865444,-0.49072887692161515,-2.8476589814052957,-0.5392913181731132,0.8061660687767027,1.6142731711560394,1.5185848225208147,0.3149687496883695,3.4141475033949966,-0.7411782996230114,-6.120795947137307,-0.6163656368547699,-2.010099147536197,2.2830797875980906,1.6020033722245124,-0.36115648471697526,-0.8974618907141352,-3.7697508463586935,2.9315041789113643,2.583536278095316,-0.9435323855773516,-1.9256184213268366,1.1238611962533973,-4.340000984558515,-1.8428770367732916,0.505896110837238,1.1220849542146478,2.67177853984132,1.8831184164418495
8152,0.238170612277262,-0.10671564403382305,-2.8499571879496095,3.3246492445725444,-0.4813390702229732,-0.1248079546432539,2.746588363236704,2.589896491636125,0.4988545358476175,-0.3221603866553302,0.011878591107802094,-5.525057595173035,-1.6528119142149045,0.3791552459499883,4.006781367491339,1.813924736890005,-4.1197468021750066,-0.4273026339408368,-4.746532805511919,-2.6016854502383087,2.1274054262295365,-0.4231370839445603,1.940829133730528,3.703120779731929,-1.2303788561427424,-2.1916864497411055,4.326522287351498,0.1920094294817316,-1.7824653275107867,0.6859989165646834
8153,-3.030277600766196,0.9784396084907847,-0.4722431792610813,0.8352271296973228,0.11357850035676487,1.5752755414826058,4.725254787717571,-5.110284670879889,-0.2328836709252915,0.9142755730533345,-0.09730669079115462,-0.19905532817469407,-0.0539430757465702,2.1639834832863905,1.2614467056893623,-1.7939823674494715,-3.0321992360726036,1.4546944902934662,4.386222581784377,-1.7843792063183663,-2.0838185126814963,-0.7822076994643767,-2.178482739041076,2.44266557571812,3.2622650665152158,4.293468807862553,-2.656514470935253,0.19757742194022487,-3.227242302357304,-1.8695545230221136
8154,2.4606445269751767,-2.2209748792637036,2.3426292480473947,-2.2861278697102776,-0.33860833154149383,0.04243730549313085,1.7025434385474334,-4.615712229614633,0.6847648614284179,1.9028676596415615,-1.0517896419533006,1.3773259119503827,1.1607841955352072,1.3041094742790982,1.2004896568156411,0.5215333207223551,-3.75058738931836,-0.43632925803337663,1.0483913072689148,-1.4636516104103148,-2.9177427872754027,0.8836244610276127,-1.5201879142164163,3.969566543602813,0.5117753012738504,-0.5835565599812256,0.06817003848010827,-0.9832857990995416,2.9766149313819277,-1.9897179120517752
8155,-1.6796930433224553,-0.38310171723058417,-1.4232414619031495,2.077040718095141,0.3283621378023174,1.0806333665589616,1.2932268481327291,0.639654091727273,0.26073130453553706,-1.3040256959093792,1.1711026119352512,-2.0606891604215107,-1.756523696398677,2.585406809877952,-2.994125748643775,0.7194104206960219,3.59026349214923,-2.1444312776801784,-1.257235877932004,0.40103343288557625,1.5940636534406458,-0.23670535888106592,0.5939067849299224,-1.0950626344458456,-3.16495637969485,-1.33712770843362,2.988151112765891,0.6375181712473523,2.700880865685537,-1.8244660615669606
8156,-0.3362311660645094,5.249679203023128,-2.6259801439326154,-1.5331583084781997,-0.5791384302743883,-0.17517115427321706,-5.44340819606424,-0.28350424392254325,0.017058787705868994,1.5062585449848704,-0.8170936239695585,5.020688731265501,1.3608578024961737,-0.8015264398334949,-0.495682622363379,0.3539857119566925,-3.4542360996288295,3.036601647373409,3.089161019844152,3.0424613027543757,-2.1483713819691523,0.05333038713796334,-2.8135260171420686,-1.2230553106280198,0.8540046621778252,-0.4508071714886661,-1.2834943564660115,-0.4124055621836389,-1.6184280305575705,2.911130458521434
8157,0.9888187137911562,1.5124836126292323,-4.585899991692017,-0.33401661696843377,0.3759936511499955,2.042620631090241,1.3203502166788041,0.2655580643315467,0.6711806968601941,-0.2460334103719095,-0.6792654424316158,-1.331790125067137,-2.268151992726004,2.632777461772559,0.10809717009522046,1.3221609899141562,-0.6527215960268506,-1.1421620330284625,-1.4361639312596672,-1.0983352638984112,1.0875690466125931,0.5767382008387054,-2.3341716999178086,3.2043636476218182,0.6552025031019006,-2.6059559477419008,0.79536826021058,0.5766233975381665,1.9091110087060343,-1.330349221811435
8158,2.5436089869832372,-1.0871973286481555,-2.3473017391015105,1.85872131260167,-0.8189094021376726,-0.14892182969738954,0.8179560425356058,2.0380864652528814,-1.2303757110289446,2.9137996255765444,-0.5323388362905916,-4.00712758604562,3.2008194415137865,-0.2720515589006638,-2.6896112332015125,1.5565353349182125,-2.283365081267876,0.48767309693866956,-1.6371391540636857,1.211851860691345,0.38757700607275325,-0.46366237736795934,-2.7219493282016334,3.223321992866431,-2.9381520656743447,1.8574232593566435,0.0491077906654489,0.20228685280649827,1.028645041777473,-0.19931087892835464
8159,-0.03870993446984983,0.752597205042246,-2.9889960182713935,0.13618762673432627,0.46454720001188576,1.6743739209529611,-3.9781767803964527,6.088270653405431,-1.1473528520039578,-0.4364235863203447,0.45470980533888383,-0.9810272400237494,0.7054443547914104,0.3781371892042351,-0.13529204597689315,0.2916626704769918,0.019660653351138535,-1.259612821846229,-3.5529224781577113,0.2340152473282444,0.8292638630138818,0.19128907921565563,0.9759954934364607,1.3223587951607172,0.4819011328361462,-1.252091855886281,4.938298713252426,-0.48611101472657303,-1.9995415678197297,-1.6824554076526095
8160,0.028964954335949145,-0.3922680665186924,4.84748564556957,-4.947797724359521,0.6043621942339206,-0.14074700326104406,-0.14685738287827377,4.245637388639629,0.24123361840577218,-1.655878013134414,-0.5462821042174744,-2.1378535068154427,-1.7608438265767639,-1.8251906908207438,-2.184447348930979,1.7615387179241218,3.565009839240254,0.4439333091647608,2.0532069587691026,0.96071787423773,-0.43647488774651144,-0.49486410675905024,2.4919957353274,-4.574581573831459,3.3976144209182166,-2.264599283926543,-4.15537240005143,-0.8092172410510274,1.7027213329487907,2.128853171165364
8161,3.0075813144496273,0.8563275206419441,-4.689412443256273,-1.2334798399805926,0.9118007926888207,1.1471826554566196,2.9831581492159636,-4.087612947990149,-0.17886216754326956,3.4558293447054247,-0.5419699297105627,-1.6305424486775841,-0.047487225127625265,-2.4324719130124173,3.9595477656782734,0.44941778106722197,-3.83383605643456,1.904829647829768,-4.398713848018787,2.825323834920624,3.434584753470819,0.19698748462619253,-3.063104367406213,1.004922142404542,4.366512431262116,0.23071976537188021,-4.8431277587816055,-0.7083277907935619,-2.4537765748046,3.4079999277491453
8162,3.201520763354406,-4.65827190108325,-0.8714830512219969,3.223484951764675,0.15234475506407108,-1.0475955178777472,-4.883446666268874,-1.6658770629487876,0.9469473270229676,0.422769981245402,-0.6711675215583606,5.850773942507498,-1.5650520603858844,0.3886381101342735,-1.2060280795185694,1.703675024791572,-2.669816001510224,3.348583006489495,-0.22878284723172726,-2.254736654045587,1.2696227758901557,-0.558658512783115,-1.923161478897411,3.695716717064869,3.331079199877827,-3.5122223776254238,-0.98110894984681,-0.7842268392641811,-1.4878078621619366,3.4342868290238826
8163,0.7142883408221508,2.6099684022874072,-4.626893831293735,2.1870924804331366,0.30095547536906286,-1.185410867617895,-5.082936350106742,-1.9379359017252433,-0.003908596738471992,1.8139441987960971,0.05711992335170901,5.153716726422498,-0.9276218453822054,0.1658351961810709,3.937706010064769,3.894027722303033,-4.165336637149574,-2.90461044601642,4.289243076193252,3.247555961096822,-1.4127987015380459,0.5833518844511927,-0.7650543075130418,-5.942297912693007,-2.3682218864941227,-0.16181101898291672,3.3474668471871034,0.09378150239324867,0.6316823004250285,-1.5428977445249359
8164,-2.639321305955608,-4.25867860326861,5.902643571572803,1.464242586164584,-0.3223314642943551,-0.14655478421870427,-3.5254892126805863,4.817462616145338,-1.0149111733614387,-1.2164193821858262,0.7646110158976889,0.17474613618465895,-2.385114412551408,-2.066782643487146,3.734823847483849,0.7040656325458663,0.8757206899503274,-0.862713113940826,2.2801145373959173,3.3561063912263336,-0.5761864113908182,0.7914344664667947,0.03657030159258845,-5.888039285293665,-0.7524137795162709,-0.38832304630334846,2.965954312806634,-0.8165452163740907,-0.740374696513296,-0.2682975740962501
8165,2.237709099345615,-1.7906852917408074,3.621293209713702,-5.831761702959337,0.9150918650414654,0.8483528205995015,-1.2308105008279178,4.721571100960411,0.0019459822186673748,-1.6312771593211046,0.8237489942614582,-2.6851784172916773,1.9131008909859233,0.7440163997991434,3.02755303962757,-1.779054585265099,-3.3127196192999193,-0.5928961258469485,0.042515791999086616,-2.389412329041477,-0.2533519298380611,-0.06414679409815616,-0.5206462406047709,3.185041501580507,3.2970984088902853,-1.0436187564205675,3.18019990504612,-0.44050375533595965,-3.2857227630672288,-1.7074530391092804
8166,2.7744935531977184,2.3565235312444734,0.8898780480303685,-4.635526799260081,0.9073471859456204,-2.292715519157933,3.461252279685695,1.195957163479239,-0.23590285500435915,0.04146887289719814,-0.6550189821231172,-3.807756478934806,-2.251493735224326,3.9400437997337363,3.481545241036777,-2.8243980501335884,-1.3030403389181746,-1.0426569164937973,4.408111084383119,-0.1668293002963228,2.065375696712767,-0.12274259579626179,-1.9717949229384661,-4.212119962067693,-2.8021615253234557,1.2006657313342934,-0.22676170769662463,-0.5215546324509654,3.370157186191161,-1.020345052051077
8167,2.082948487320685,-5.062586279682225,3.909763613486472,-0.2110201241244809,0.7843483579080628,-1.5034540549083601,3.2704807993263714,3.7294195822450718,-0.845073762745165,-2.726686088244895,-0.42632526641903823,-3.001815264162488,2.5263041872695027,-1.0921681951778286,3.8704821095502027,-4.238297417588605,-1.6284891242773778,0.5621684402247453,-2.8161488860593664,3.070429218588771,-3.6505485382539113,0.7857431863061617,-3.1831397455442527,5.793664764959786,3.348101011776482,1.3366598659397546,-4.355414967265027,-0.8139596391942376,-1.8477681694148131,2.3323818981611524
8168,-1.181448005701304,4.973771084271142,-4.882795612764038,-0.8502080445969007,0.4913128854677935,1.449367693323424,3.4497410777298327,-4.511668236232815,0.7522204252100533,-1.3798255173978013,-0.8509863373137474,2.540518588004307,-0.7930521322922317,1.9114226288715912,-0.155736522238481,0.05241309628724622,-1.4594084252431259,0.44436135461563,3.981702072543051,-3.375945450477973,3.5080215790173774,-0.507564828838011,-1.7147549911885367,-1.891458381058694,-0.3906617232669092,2.9956885787951606,3.3483108220989948,-0.581509017237984,-2.049852080906792,-3.321976579479152
8169,-2.0715831299594587,2.78400064335122,-5.829292200318722,4.375169685330025,-0.5645806224727965,1.3062856240698082,-0.6088258515513054,1.0511949046807167,-1.1172102732847455,-3.561618438378419,-0.7448050859052326,4.981264744438828,1.4631648363585903,-3.627275486705715,3.1519345665409233,-1.0910858929652978,3.1775350089015824,-3.0742730321294562,-2.3106401058484174,0.2890638094680664,0.5305315177418599,-0.8111041191863668,-1.2711746341434367,3.573323531965489,-1.6095754762532017,-0.9165608355842778,4.91208315703636,0.6869659220951991,-2.510823433701276,-0.5620893335894905
8170,2.782189830300066,0.7844162070543987,-4.631348028180344,0.7922639768006512,0.5750889904684273,-0.3026109764431357,1.6887567356983944,-5.175217821750792,0.9230416945868454,0.7138772410869585,0.407964705219392,1.4415774451590266,-1.200062123292538,0.8100374853863457,-1.4266360287628537,1.5104137965277147,2.0572907974681875,-1.751043927326215,3.6496804481925444,0.8881235281089364,-1.0654306246364946,-0.4801036901228075,-1.7364842918448709,-1.2557853697001065,1.7885529332444783,-3.1526153952225044,2.7260978490542094,-0.9218575660852135,-2.5161491235675566,2.075971302579873
8171,-2.4978322631576795,0.5569695381174888,3.5346264005767623,-1.0902494239455187,0.4573403239706404,-0.9608545755616493,-3.7638937596770816,1.4958325776197796,-0.48694091023942576,0.7538669179790602,-0.03651404719276652,2.0376492215102466,-1.909992897417025,2.6145882987323787,2.2631948080351094,0.4799224841210581,-3.497857823308374,0.050145129837465774,-4.175826583359413,3.2765949888632946,0.8287117791114582,0.5177464288375067,0.7581268712766942,-1.2053534847323668,2.8732362240153613,-1.4513733578852062,1.7023205058059965,-0.5318566025006932,-0.2612722547413,-2.3310545146908996
8172,0.8961331848215206,3.999982370897296,3.3484248343128655,-5.697263866466855,-0.8603908020612034,-1.6868857215035682,-2.1541827244084963,-5.400492041244501,0.2797092419592646,1.7219952234246634,0.014393541803674026,5.53857675846519,-1.046757563557403,2.605278835251987,-0.3364720461098685,0.779361258854923,-1.232836881082827,-0.7685736033562005,1.6315960761025607,0.7198772131814515,-2.176703296188805,0.8091940618927653,-0.8242510629601618,-0.1597129920306486,2.1356473302492205,2.281789756505521,-5.630779911157013,-1.2156515760088267,2.8965715604921627,-0.46757716007781447
8173,-1.0047055503884028,-1.3784117456722988,0.9864487664304313,0.6403496452098985,-0.355718436536387,1.1120373209568175,-3.0300945686634897,-0.4436656790579825,0.9325708781192938,-3.537453370443064,0.1092076520898484,5.969435087955205,-0.5842878107574556,1.1128957093465708,-2.5282661634595716,-1.0415076386564586,-0.3018117107939382,3.3429776143214767,2.72111317566981,-1.7150512850651403,-2.5631137534505566,-1.2348199996557216,0.3982432076383873,2.3936286548603825,4.4850727066523035,-3.805673786819117,-1.4281325681687385,0.8513990173374992,-1.981180048104461,1.8785146791057592
8174,-3.480943432115632,4.906063722347994,-5.899686529501846,6.175908164336537,-0.3821861135827125,-1.319155811484297,-5.777495942537914,4.850563103847314,0.5267750397891735,3.1264773929823697,0.9571874846982027,-3.68350707877935,3.7661804837520094,-1.869333361721715,-3.892554405427612,2.5352211403288223,-2.1459000505661745,1.6063861936352595,-5.702785260724127,0.46483418204133464,3.7081003884974884,0.6014991131083924,0.6054825586409276,0.32286901843313487,3.0181216542691196,0.8525146861328174,-3.009617823091439,0.3106685233154689,-1.9081733200176174,0.7364862793948888
8175,2.9714475566120946,-1.0898074920278056,-5.13063561654592,1.5590046800460229,-0.7466466049177727,2.436637476833395,-5.771564201499594,0.5796691766595536,-0.505626719841735,2.3700516840217816,0.7570219184973048,2.570448142162487,1.4956639310102382,-2.442212354122672,-0.7267598035822509,-1.0359768527070443,2.832280458426098,-0.12299537902374702,-3.012103253833647,-1.551219825152966,1.9540459314412786,-1.0093965359571149,3.0954154409677557,0.5232582425318384,-2.7977776399789924,-1.0589525928191463,-0.4970029413697361,0.05794801107000591,2.971109912515981,1.3246752505851056
8176,-1.1562128405768384,-1.7392386347092383,2.3443767271858427,1.6572922022006686,0.6352153054880723,-1.7414327595884913,2.2837049613499687,-4.371120681788597,-0.7411609506357371,3.511619046568569,0.07727102872136271,-0.7603134042157791,1.078370720884223,-0.4060839303218806,0.06923073496119869,-3.4312986264140815,0.5313142513568678,2.158466849534321,6.164719398731666,0.008944134275491677,0.11504544615818091,0.2743377504668043,-1.2880476771863645,-5.274999052448656,3.6860228426262474,-2.4660635973310896,-1.7090757460287627,-1.2075829315095539,1.5864563600434458,0.11024307220289664
8177,-0.7940631452007771,1.6413712414530686,3.3799934780546934,-2.132119184268035,0.372798804799372,-2.46798119483827,5.983246690297051,-3.4972592587927416,0.2224427490902663,3.4164553927929937,-0.29251772632530315,-5.832367847062461,2.1435194225502663,-0.5237248031486921,-0.9078676852778997,0.3086237813194046,-4.003230004885399,2.9826792894429524,-5.828523040523741,1.2428897830530659,2.1778449315031594,-1.091831596681235,-1.008354239205877,4.5079741618517986,2.4114857150359867,3.0523728660658733,-0.5547990836686623,-0.756503044536414,-2.8125802372773627,-1.3399762156162591
8178,-1.0079663878901428,-2.5277230272476245,-1.5792402221967627,4.541146874668957,-0.7741891510708827,1.347971913736508,-4.872859757999009,6.041124975135823,-0.6393010006283211,2.261185997471035,-0.1526277672246268,-2.637522446755103,2.676761660622226,1.2033573775918214,0.6051704686896464,-0.7571858258944388,-0.09136362567615564,-3.6367400553324813,-3.496710301683329,-0.9299632680888976,3.9752832510556573,0.24775530645110688,-1.1407296739847403,1.3443646862473813,2.960403170984179,2.117176999338838,-3.5158137210917033,-0.9019956056867207,-3.391420315533285,2.731649471991833
8179,2.938327100252895,-1.7215652619065303,-6.2238648712712745,4.939695270432672,-0.0576722562417209,0.125080018733998,-1.9061348960907836,1.6116354580825991,-1.024982783100083,0.07485595353008989,0.16511261860313198,1.0795136489748494,-0.983602858357056,2.811706905023698,2.217121506314921,-3.2350025503173967,0.04535929460048038,-0.8555822972640392,1.9058116738351139,1.7400348398357401,-1.0207341219773802,-0.20114657644087597,0.0711045543453519,-2.4950703696007785,-4.331734999921423,4.0204004133393525,-2.4657509209203816,0.35841084692832137,-1.0318432791692054,3.4505179397464687
8180,1.9426202398724044,-5.328322304970907,-1.6725769088797655,4.73617389559843,0.9983091034138312,-0.6762040250339574,5.500532575121813,-4.714490459274138,0.6053037056837383,2.0144399123932573,-0.8961717164065455,-2.50961401751832,4.055510279398604,-3.430412858347342,-0.5016553895659008,1.4334935922393655,1.7398162881705304,-3.296751911894633,4.1012015699683495,0.2927635284755361,-2.975363119278427,0.7628729305198254,-0.33511476559795916,-1.8463601440901556,-1.1211893288127257,4.674545527203673,-3.9120280553766413,0.19288770172543224,3.5318114393177993,-3.3660272840543737
8181,-1.8269297423808357,4.245604061387809,-5.8958761617173145,5.000895530945407,0.2667235656442246,-1.7904172538792462,1.5046167293465196,3.3856313597941394,0.5254940506294341,0.43096608395327607,-0.15694937113856255,-5.6897588525849905,-1.7825063991646708,1.6131095434113654,-0.2527416640523903,3.116800730804119,-1.5022085973928512,-1.1924536136049202,-1.570352000318973,2.0251654323694055,-1.5552589692139378,-0.8742563714351608,-0.3037647324673518,2.2784666410631758,-3.680919902832123,3.234831990565848,3.324737414730599,0.46238624666558437,0.18464707243810707,-3.525682821564896
8182,-1.6939978578449608,0.9234809250159728,0.9910644127614354,0.12199796651930583,-0.3539642363089144,0.011418789857161826,-3.342250904116373,3.188855075303504,0.3787417187837008,2.972841217643218,0.39087599506645265,-3.5890631026806616,3.957382777087833,0.9492672981155721,-1.4260783932383632,-1.700330322237507,1.9179001163718254,-3.6981414760987423,-4.769505846852358,1.6328595680607627,-2.6876706289055576,0.3132508616544758,1.0123131464326178,4.49875289960724,3.0526039197172246,1.628375901803203,-3.717814455708414,-1.1321584151332642,2.9033440692032784,-2.7343510198788863
8183,2.194083209732284,-3.770486177018281,6.154377310592874,-2.9108653593565883,0.3833714589769617,-2.050480442927258,3.8266964550985207,1.8679225515174736,-0.91382860772966,0.060754608425966694,0.5878355741353092,-5.4293805814477345,1.926528524237316,-3.215110864772626,2.1778327846166263,1.0636472273364461,-3.5377091563340173,1.5848114849168802,5.346227536656201,0.6545468911584305,1.0180983302163895,-1.0046003610129661,0.3008604487186002,-6.315132845739459,-0.5565290870170685,-1.4193555461412295,5.491144436591327,-0.7686572030439702,0.946873182695164,-3.693475783081057
8184,-0.253073041849019,2.1606891278408007,-0.7965917787500594,0.572151047484013,-0.378707188798884,-1.3044681659268722,5.17059515366109,-4.473953186949533,-0.06246538094081977,-3.0097873095725607,-0.25496620790013047,2.6305769317018566,-0.9136483764562762,3.371930409606108,3.4544718239819083,-3.5172283043155677,-3.5431437697322696,1.1476182169166762,-3.860066954819498,1.6542693183062909,0.12085282597372426,-1.2126244900524261,-1.610492882641335,4.90806218323042,4.20488419887943,1.5390131964559757,-5.853898106074329,-0.8165628560475398,1.5113312127231353,-0.5847676459335212
8185,0.46247607723860007,-2.2657244226272475,5.918896985323649,-4.973384717381297,-0.9365454527228976,1.7942815301691741,4.109177646058509,-1.4325611600918506,-0.0007443194706331369,-2.3221510865664428,-0.29516861802019445,-0.05855246190951391,2.4028455054699087,-4.235418570062333,-2.201922223947051,2.4123648182123283,2.285251625292272,-0.6631211549646068,2.545565985367425,-0.7298965183658392,-3.612100197167832,1.0876263957183943,-1.921872421873596,2.630676756318646,-3.042040008465868,1.6508860128390666,5.355396429030577,-0.9605787394505807,-2.703241433658409,-0.30042226029163466
8186,-3.633739134891117,3.9364739425035538,-5.655765156744266,3.8605623649674747,0.0569843253447484,1.4354836588195763,3.8012885832104217,5.991573478412878,-0.42312176900448684,-3.433849528932633,0.25376627500081206,-6.189657038687095,1.0298471188896272,-0.6752678395017888,-2.5727274606466626,0.8500204898018886,-1.38696808078965,2.7550957722471097,5.0317587199188445,0.8478869915628771,-3.989536102378663,0.06833576452428947,-0.1213340830454932,-1.8371112905846658,-0.9628817020542044,2.33620877814694,-0.9121034482992485,0.7095750104044765,-0.23614224691289998,-0.9346563912818571
8187,3.2607656480748872,2.3790039072042752,-1.0512520956689286,-4.189202637066863,0.8560706870624042,-1.2553855096058317,-0.7490225963994028,-1.919396739443922,0.6297645508046683,3.0145040576293987,1.0257918205007899,-2.001641093091642,-2.3038195129535044,-1.8699481889339644,3.813514408279385,0.29906169546882566,-0.11085193113243719,0.1720435292722513,-0.17069853904660803,-0.03225581511865805,2.698289821438628,-0.8317670403454587,0.4403844280531004,-2.103952854983831,0.2093701023962673,4.660685070018882,1.404452687977816,-0.6906013335477432,-3.268143921319833,-2.3157626055221527
8188,-1.3547276153707966,1.187487201470681,-3.603905587753225,4.1075574958409256,-0.09234684914415014,-0.24406464504347092,-5.487737641191696,-0.9151155384201104,0.9835862761383396,2.4310963143611204,-0.9884513964655683,3.9766219855777933,-2.751013902169218,2.1878428751706274,-0.397320763670308,2.563691778237068,-3.8486262852520756,2.245426297684464,0.22774896655524302,3.4775602215031576,3.523483408111769,-0.9587602818718333,-1.4938330339645756,-4.776199280336627,-1.8348049654248229,2.885097940308203,-3.4332668571073057,-1.0452543980695332,3.4714298008783544,-0.04320152058163451
8189,-1.6138462871364343,0.7915724885974953,1.6189321497353149,-3.1313885491320548,0.09747370612393302,2.237256491811692,-3.018524473595484,1.6068484375574208,-0.41299927742957454,-1.9427125495478297,-0.9667905270023311,4.7341783900176715,3.1636973804179434,3.606277801325355,-0.3776837437097349,-2.9299207625140653,-3.8012997129751422,0.3389290374562286,3.233573004144443,-1.5115646613254796,-0.1320506721043735,0.369963729529446,-2.944948927564143,0.9850275273172642,-2.3221235194192396,4.984587043132965,-0.254906549811853,0.4079217051948607,-3.7495844430929317,0.9341057639994528
8190,3.0132900494303705,-0.9481840547845728,0.028839146767627,-3.3491598274001504,-0.7767921266498863,2.0320068126365793,0.5878559284799074,-1.7774158372280837,-0.3937817741283034,3.7075616717517015,-0.891791522625871,-1.2324284662494946,2.436827536792574,1.9120504882233575,-3.9951263169236846,-3.962563879617287,0.34019476818360417,3.2686174033420237,-5.367715651190235,3.4911779827468514,-2.385488925309369,-1.075266970370535,-0.08222890921693171,5.419522473337324,3.4074037617294337,-3.7894165837751466,0.24097695067844427,-0.25567916848742733,3.2851719964420987,-2.8884569565841325
8191,-2.9979336883106686,2.842780237966423,0.8732662091516659,-4.073713733520446,0.9924921789125696,2.363108795800434,1.9113054719223292,-2.0812728109724716,-0.5681994140219899,-1.1075929717120054,-0.7079804061131645,2.5537401308971646,1.896380445103027,0.6266802667703537,-3.497227416080099,0.9800365462107798,2.550286233401593,-2.556156075405042,6.0485652780556265,0.06777828008648612,-3.6121759482718563,0.7634149712059033,-2.0172604146284794,-1.2503221664505872,4.241922687433565,-4.266643906565653,-0.9673889446520505,0.0754008182294088,-1.4780615981019825,2.3947709436599673
8192,1.7368248712574967,2.5563143512220705,1.8152597082813742,-4.03027009566209,-0.01068272293723238,-2.0674461121616705,2.3484913118873543,-1.096263228152072,-1.0385439118115039,-1.3876756672864161,0.5569559031393645,0.6170355922231465,-4.196414469349486,3.551261153850948,3.489995276574014,-2.3735401272933014,0.4957341405235489,-0.9670359743051176,1.8321619350777354,-0.027376396967570216,1.2689131363579804,-1.1655572449594338,2.694162058645931,-4.6023034881575455,-1.6393759558394692,0.10359654462702039,6.161473988451846,-1.1347733904392006,-3.6675539950005174,0.1766328082035855
8193,-1.2453280401438303,1.2544072694292439,6.012769786075342,-6.063099265139062,-0.2610763254334252,0.3023265752116835,3.004572605762931,-3.0151795869449067,0.5066142228265971,-1.7649329433616536,0.6665829909887497,0.6023427107281165,1.9230315780261797,1.0681320426106176,2.1203449891021897,-3.435319880293278,-2.1303636429939914,0.4541749135488864,4.303007994625485,2.3037593650005235,-2.6931231119344456,0.9605437312685243,1.2911957229947024,-6.165383701957683,4.64974825673227,0.8494112413593484,-3.240584800284772,-0.6312885989204178,1.9050631445603017,-3.532349243443475
8194,-1.5833088777450328,-4.657467571831763,5.795014846206161,1.647494237428507,0.46187965042320656,-1.66361228448112,5.17485088834751,-4.020130806353901,-0.747366879484459,-2.5039801470711733,0.38637167267444017,1.7102552718874513,1.9381505084580262,-1.7868440097509506,-1.5900609738405116,0.8769047953711251,-1.342542834534255,1.9043925142971752,3.166627384877181,-1.6453849303175296,0.41503736315342366,-0.4424142668342359,0.1681922486780092,-1.6620577995597294,-3.537046077711395,-3.3425396907303195,6.202326029419034,-1.0243384437100218,-1.426562223942101,3.128160406678063
8195,2.3445240924464805,-1.408002108169324,1.8713307979361744,-2.876428197334075,0.5638980249942525,-0.49532260987353816,4.395775328479186,-0.4221678774546227,0.005492100754610263,0.252082330564674,-0.8233270360273304,-3.4078548463166456,2.8933881207312524,1.2071577830943276,1.2773098922196198,-3.481861989393339,1.8375263045108312,-3.7335201111620826,-1.6537151588123997,-1.8594008315863864,-3.3809331163857976,0.6914089033822801,3.0019651996592245,3.200675003740187,-1.3735467372292582,0.5404145581064839,5.150232566204515,-1.1466561777977535,-1.0139438371629055,-2.156500372117792
8196,0.20528453762816135,1.3702822147141056,-3.6252066268079055,0.44060820051088,0.8724162190812641,0.7366154548734656,1.9555429952400445,0.9940793646543113,-0.5974834407104188,-0.4699440489883919,-0.19248992522584896,-1.68970494496984,-3.0141066819830424,1.3085993076666576,3.6983173418678703,-1.4917317252405287,2.23528084977983,-2.736359092090181,1.6996354617760367,-1.1819951768978108,1.4891056639709284,-0.4065998871499277,0.23187884531620995,-1.8320249070183365,-4.042616621391479,-2.370956251828197,5.645989829994647,0.43545259169989237,-0.5576893130838414,0.8898197646122803
8197,0.14294069376447105,1.994042693821914,-2.64186859451479,0.10269818500804817,-0.9226045070817104,1.32479152900207,4.600260222197388,-5.000295852441841,-0.5920154381748262,1.568415188108581,0.1743934473979225,-0.7507575670873727,-2.9142030563424886,3.93779515822839,-2.2296099525522255,-2.1860765278332757,3.2467802244601813,0.14531415404005799,-4.033016763359722,3.2322262538064876,-2.5527353316293677,-0.37574531741552963,0.8455225425237192,2.883748616071504,-0.9778120640415686,-3.6137897014964224,3.8707653274957288,-0.8365101041318255,2.0248884307592547,-0.46754188858182033
8198,0.4754631031975176,-2.5846315089745957,3.5561179336051936,0.6889989226035098,-0.1988622217098297,-1.937086228721796,-1.8049880816902188,3.893992119056211,0.8861127423586055,0.9162180468337855,0.768427229974721,-4.659762056533246,2.101065257333005,-0.8093365149541221,3.6266847215893527,0.8226526863998629,-3.1422257511235188,-2.5988403992439295,-4.666384535465113,0.8346567243892515,1.2131182451420308,0.8072303230374329,-3.220544048598981,5.031923291492518,-3.9632267721243473,2.23491891384451,4.923430793252159,-1.2461610071925913,-1.9584089606918962,0.009447032915506526
8199,0.8073105486990695,-3.491119942475386,4.982209107067458,-0.9729526694529866,0.8403741687882609,-2.165821212626412,-5.327631632950524,3.552601103284413,-0.953942481798431,-0.4855473456486088,-0.763630062522644,3.978150419635643,-3.161520162367573,-3.8440293075588965,2.2851444386877056,3.2361059943057917,2.8819469110397655,-1.3976478741061342,-2.4150097323486364,3.3290272180482994,-3.9110038355537444,-0.21145087908142735,-0.181686084292755,3.3901233132253807,3.248395743784421,-0.8416877800147624,0.5631540540924931,-0.9149383420183268,-0.7415331552117319,-1.3133905206287348
8200,2.9446847867686934,-0.6351531084868682,5.870005359011788,-6.082133068812624,-0.7682025330416076,-1.3292014354393675,3.529573436656367,-3.561861111254956,0.6249623975627285,-0.8618410206801972,-0.8034000994105233,1.0725663971264154,1.9166127587111639,-1.8975926591300762,-4.084158845468089,2.0401299987638417,2.7305375780811474,-0.7055288309573164,0.5146983324533032,-1.7047156536736985,0.5337886140872179,0.7302550812688846,0.9758351789878841,-1.0498615531265045,-0.4317771296331294,-0.4716722032538456,-3.3357984099070315,0.3969847925484018,1.4253001966044252,2.4169627536445546
8201,-2.887931033107252,0.18046666714952408,5.7114570381298435,-3.215448109242768,-0.5105728132480516,0.7220282503187452,-1.3965638989558116,-2.102556526224202,0.09838485852659762,-2.732053489393328,0.9111686307665963,5.221620425279951,0.6770166527503321,-2.0945194810092342,0.9322510303679756,0.4178951296667641,2.955223896929976,-2.8878672287051277,4.915503207931227,-2.8893266483159348,-0.5938008920173736,-1.2335377178363385,-0.06400434380488385,-0.1348336059596278,-2.661597179387247,4.8315874692992615,-0.7123799362368111,-0.1869659438804927,1.7316797980213288,-3.002324207812668
8202,3.6343903104147373,-2.252361784718108,0.9220469583347395,-3.192612547156898,0.1927439124872734,0.6957931506382842,-2.1266806423892035,4.6916661508762445,-1.1202138583808865,0.9991734449232421,-0.8856233971587475,-1.5583216978708272,0.6744348839370602,-4.165304831500393,1.2677612589954137,-0.6310603368433405,2.2151990063108897,0.6389700191010537,3.9894099244787995,-3.4847387864645825,-2.2544062818495227,-0.29843635745621455,-2.8002751432309285,4.848446644519516,-3.907716668125161,0.10663233275448292,-1.4423997604659604,-1.0660536314038893,2.838598459223366,3.470939268020526
8203,2.7293755576324514,-5.51506137453298,-2.1763011021014087,3.9095501138513207,-0.44971618182000217,1.502152986970625,0.26605033532207756,-2.0283856978376242,0.37973056507345504,-0.15446458351950731,0.2689899732064669,1.268079407754982,0.504674593244328,2.6481674171719334,-3.0607598024461655,3.0900522485712116,0.14185852793432474,-3.323992984474952,-3.9173304205651682,-1.0659217356151132,2.470228865726625,-0.8755966584106387,-3.2497470709181044,6.638367019779473,-2.1457287804452214,1.228781362937653,4.376669702562307,-0.9541390024147596,-3.536032039551829,1.0304487569151988
8204,1.4135048753074422,-4.3271359995124605,-0.19689312757101618,5.5139310329243045,-0.4453458648439965,-1.9580609163042517,0.4145597800856251,3.6070095074292112,0.9042008697665249,-0.9919493324040172,-0.8169991800445837,-3.1168216448328963,3.3565368459779634,-0.1860251935314743,-1.907632608841599,-1.8398436626416323,-1.7866786194719495,2.363643238509365,-2.3414942712090365,-1.3158507280962848,2.248643671585416,-0.278939542328132,1.6882393509773514,-0.0005984809322434614,2.3505394376558897,0.14564791215437722,0.3575192873471842,-0.023611836580508694,0.6057166705593477,-3.4358114711329364
8205,2.3438025702092915,2.815668235294993,-5.057780772554054,0.7966292328551106,-0.8098095926710991,-0.08850967313420988,-2.5978370102729187,-0.684521386724608,-0.6564791647732005,-0.7292733174648447,-0.5842688144825781,5.252379693718005,0.6354573097127059,3.7107470607365087,-1.5718290699319155,3.8014120140809595,-4.092021706652769,-2.4837656079448287,-1.9400230148146065,-2.0575221116767697,2.7773556463593394,-0.2051430638538312,0.9516742776885785,0.47365826629437535,-0.5816478927883324,-1.3646437085804983,0.030196115697435744,0.5560376110238927,-0.5448413232449862,1.9048991978958725
8206,1.9033954310165164,1.1889593934100091,1.890687501060075,-5.067660029443875,0.0031139336700807263,0.08150377028720968,-4.631682813231659,1.8750662558001956,1.0429581595527333,1.3919489851645324,0.22065763311245234,0.10105177960161171,1.3004318688947976,-0.6774598212933824,1.6054382738363415,-0.5996608864719875,-0.6479357072080312,-0.9808137277570932,0.12434113147142867,-2.2084411251339304,3.707628580859275,-0.10629719838247187,1.1809922176100525,-2.6982236064272698,2.454057785725837,-2.480739196557483,6.048572189534607,-0.6259234160748033,-2.5910692156720856,-2.8048981469527376
8207,1.8883170310998203,3.186799323859418,-4.2764118282145915,-0.8620767371854754,0.20580878042027884,-0.14243656997944498,0.040922170029432436,5.509145844909291,-0.9591211340674635,-1.2029425575857076,0.05163319346669937,-3.4396375167523843,2.940323843738863,-1.2839277476403552,1.5279359653933078,-1.8669278380262107,-0.13659181145955301,-1.1808124120054195,1.6763173958295638,1.5549065583756523,1.0348115234485142,1.1285041195993566,-1.6437898181960833,-3.7507497790599267,-2.6541038977676727,-0.1572362571482806,1.5266629499060862,-0.7837019795368105,1.3956541405500573,0.6727250439999501
8208,-3.384209582706738,2.76844059893655,-2.466317752790392,0.30136141981983755,0.8094249254638677,1.9713003912768716,-2.9616017126084415,-5.602814261100079,0.18507048978672191,1.795046358203848,0.638792923692348,5.945506202025502,-1.7227383383847954,-0.5965282544051007,-2.8424924512405347,3.5048256330880108,-2.0065173279721744,3.6634507389152695,1.928734552840087,3.399596408191311,1.2273134723211463,-1.0228498242718262,-1.0088607739927884,-4.523933835090858,2.477559397656158,2.0051014730434282,-1.6458573699684997,-0.5779264454307871,0.26029776106775593,-2.5191748163647407
8209,-1.2618209744765654,3.8157742430593053,1.1839672913695445,-1.427309180083551,-0.0676776058389108,-2.2429337740297868,4.1997148733312635,-5.151088352068207,-0.31347557218829447,1.9092907200809783,0.827997830255411,-1.47243949941128,-4.1992197098610315,2.441674584457825,0.7439694227327216,-0.5718836314153037,0.47545100416822805,1.1100083299182693,1.3560751461482603,-3.429498858768751,-0.7148301917525188,0.28852659911995815,2.596158682228502,-0.09643137697838,1.1769467873769912,-1.8266324185584821,1.564265248526855,1.2219299274952427,-2.0351643772818715,-0.10134516755542577
8210,2.925663412988328,-0.3304579665925722,0.7027836142771342,-3.7447317608804056,-0.5243787443122101,0.9711214445197687,3.194414738157981,-0.830906149833222,-0.7223690839316754,-1.7270109356461418,0.8235881683109803,-0.737716737058026,-0.49790440134469094,-1.531275286540044,0.5401695193093055,-1.0240043595917214,3.0926369325034955,-0.5796224043356091,1.3499719661934826,-1.6552560647813728,-0.08692869235531475,-1.1236115920636696,0.04624020124935768,1.4695841817545627,-1.5108220128971084,1.212453219769273,-0.31461284051756877,0.5920330757071994,-2.0704422078067264,2.091390765748244
8211,2.0246343258982726,-5.599971411095716,5.119672952469536,-2.396419350167225,0.5419706962814974,0.3101127866136846,1.3928734810075412,-0.6132465893827792,1.0026554607580884,2.120008496718807,-0.27176403239382907,-3.630526816707924,-0.116031906893582,3.4978558184164292,-4.139384925374069,1.3989391302162133,-2.509659761818755,1.8682816454544628,-2.029534035871176,-1.091581548599633,-0.3693566116285414,0.17749618673120526,0.7508736436355115,2.5621023657296824,2.9605280599998984,2.168382882251688,-6.070898802465411,0.7271100369255441,-1.6924678472846661,1.9073456705762517
8212,3.0473055418244996,5.569845357504921,-1.033912628832308,-5.655947353963555,-0.7086045222534556,-1.2186863942800379,4.336435044158488,-4.871894976613575,-0.19598748937843524,-3.631159648712801,0.6131003742284751,3.749506696317752,1.5211842969336757,-2.9997670699424077,-2.4376834455230725,0.4415589517924836,0.5469742578935879,2.9277330088464097,-4.615086859457612,2.356698648694749,-0.4919052742171939,-0.7244863625175411,1.9207364718543563,1.554043375640319,1.6215221738946148,-1.3953150627735518,0.5106977021530881,0.2939767118239818,1.9196270780892313,-2.9505086031840477
8213,1.9491723936485599,3.1834684187216027,-1.385602277818439,-6.192646334308044,0.3443695063186718,2.101238293437719,2.8207036312529503,-2.301215974281032,0.06511152823283606,-2.033865854260391,0.6058608058589598,0.8434058631965655,-2.3189834886151353,0.8795246446407852,-2.4803532578599494,-0.929766534755661,1.7447113553063005,3.1048672812842923,2.1276276408826007,2.6103084660828415,-1.8623514245213197,1.2059031262364561,2.0017551908025695,-6.083242999486071,-0.5161439969883688,-0.8229729721271539,4.616327359772178,-1.0802416987539063,-1.2456984389234407,-0.9512702529759949
8214,-2.3089721993355656,-3.7309862394865263,6.2168577689607325,0.7409192002246989,-0.05263045689430035,-0.8651880734689286,-4.308315990956796,2.1091568112995205,-1.2460234093202196,2.732407388622633,-0.14014753496043308,0.8529227353151754,-1.766532750940323,2.0255953708408434,-0.9930674736251355,-1.3807534931410252,0.16998794078283908,1.9447704060834035,-2.8417104169511553,-0.46477907084391923,1.9491838098227632,0.45445994899745745,-0.3644725070608352,1.2673182360327644,-0.8716969619782624,0.9583980728589658,-2.642813617945695,0.22437536050085605,-0.5792876377172878,2.911024784284759
8215,-1.7526652553922606,-0.2912722143904922,1.8186551083608187,-0.9975888964918411,-0.9719034676411789,2.1947747255550727,-1.7351237714637335,4.254860068307472,1.2287444650048833,-2.685024073122605,1.0554216723636118,-2.118878361089781,-2.891607069324852,-3.6023558636502564,-1.6472606176451734,3.2034508471141336,4.193523116674548,0.7442495868322165,-3.7141185318749734,-2.2697187717141247,0.6464978040966614,1.020997133328101,-2.4322551674046142,6.748597533566041,1.645002205072835,-1.3112911760536754,-2.6492104895352817,0.2136694170802267,2.077279323386094,0.024550720053150954
8216,-2.426804527566114,-1.9261981105656467,1.4088551973671635,1.604436342552443,-0.8946536879476483,2.234364786159947,3.9278985400374005,1.8883216426437457,1.1405883458135504,-0.6850676114437171,-1.0879895198715461,-5.1837513971795985,3.2444174177961465,-3.2740838746387233,-1.6228283792555676,0.5466667396766667,4.0705847533248765,-2.9647566569028267,1.6664247915835269,-2.057672315011853,-0.6729458443131247,-0.43302566850185276,-0.46605123522694036,1.9632702714673158,-0.1658134368421429,-2.6315624606708923,-1.6702562835679693,-0.17694895216036954,3.3113578790531655,1.3332232541915339
8217,-3.4496050027759964,-3.938433806031629,-0.47767754128465256,5.5234770121122665,0.9964857877438522,1.3457535502363172,1.2745480533973463,4.53809146600803,-0.764295144647158,-3.69274249999199,0.24168279381750501,-1.5972846685838853,-1.5328907591241947,-1.0942560455213783,-0.501004619656527,3.3799382299693512,2.6131732587605185,-2.8649600644271622,-2.8604843070728556,-2.97750642907209,3.6775808061903597,-0.03835293679265028,-1.33897826156422,3.53774112830855,-2.9817990199414126,0.03391728920508186,3.1241622665917994,0.0953957887383261,0.4785616907960435,-0.7502380153865218
8218,1.9631895012425034,-0.42242024643878295,-3.3360835568628033,2.3968929647094974,-0.2960022915709888,-0.3055763710792494,4.616394612833616,-5.836688853969161,0.8978557806434644,1.2485743369115063,-0.3599151121860329,-0.5662207642335453,-2.9144988242867473,-0.6633478342927717,0.7816336047415859,3.481792753371913,-3.6074346633174823,2.921854963784117,-3.3120060845682247,2.8932528160461217,-3.326591704282352,-0.7734691926410404,2.535440903825238,1.9833732616173556,-2.416338108841547,-3.7133444350891835,4.30976401289459,0.92137198097178,-1.4133971072873592,2.3119436573550516
8219,-3.495083018857967,2.9611149958694156,5.013323583904484,-5.188059416899268,0.8495119732350211,-0.140808117251499,-5.192117109941211,3.7528865132248086,0.9965836385720639,-2.3561662056223796,0.6400395684734272,2.1587735952931446,-3.214652139488452,-0.251236759825197,3.628867005899888,1.9448889195830574,-2.4822624306281256,0.37439540445945596,-0.3590376811273508,3.046074033139938,3.7601284550804692,0.9844667673155971,-2.1608905442919077,-5.270741030119673,-3.794883918227953,0.034443939272016166,3.7179000076247277,-1.1537031330500556,0.1981837090490508,0.9980593953355559
8220,-2.0725993536472966,2.8752411665122573,-5.54095838795493,4.469429365542943,-0.14750373883477086,0.41639094838198787,-0.7796715072401135,-1.4354633077876038,-0.5758345527314477,1.671089728476673,1.2173701493755225,-0.09749051009317,2.3627038319911406,-0.9589365899583733,-1.1742869439252992,-0.2791425586598457,-1.8966115150650538,1.9462737756180601,5.048877104680837,1.2079119246413086,-1.8724218406310484,1.1567841904085476,0.979438682212594,-6.520590061315158,-3.2004362384300578,4.423634618308949,4.176554710775182,-0.01700055166847214,-3.3561188961086206,-2.0266336428736587
8221,-2.3983143039940735,5.42168742135507,2.382382032985273,-3.669743777554608,0.6585882679343196,-2.3945996407258026,-4.759416163901573,1.5080736555489338,-0.3796942553482996,0.8270268409040362,-0.21324216275977204,3.017252085556521,-1.5584931095943926,3.041020465111803,-1.1545352902249242,4.005121030075124,-3.3061416314656427,-1.0269714639013152,0.9495468701170644,3.470387830570317,0.43052816316052045,-1.0665846293110475,0.2627771281183815,-4.04665536265815,-4.560775084399971,0.699708975102336,6.011204032361867,0.43633721075369003,-2.8003046126620283,0.21382947884745107
8222,-0.4952817451110203,4.996948478365621,0.5424083204816377,-3.641558957611988,0.7684411571282901,-2.170957253252366,-3.207508033887258,-3.2488020435146048,0.8592158412201334,3.7322514343694593,-0.6257880959523741,2.4906308977645004,3.610281463536033,0.11466667323044533,-0.6331151524138292,-0.62068720611801,-0.3366687533524342,-2.1344770248815657,-0.5080085617023791,-3.3395122590626443,-3.7043447553894815,0.5967086884033055,2.3317019972020603,4.623454890546217,0.7641543437431935,4.036813402938087,-3.2593770916768605,0.410189983331704,-2.824136865076799,0.8723562267440599
8223,-1.7486565589338543,4.53772482683188,0.8427986319663461,-5.234904618972031,-0.3081212836852987,1.911159002793097,0.40202151898009575,3.783635253127354,-0.5461483642109561,-2.7813078748899223,-0.9531351291275199,0.09493459612082944,1.9761634838216935,1.2891181778961354,-1.0404724066207418,0.7913739999449092,-3.7868977764481393,0.770714521406779,1.3232786323737713,-1.0976199271764884,-2.6586179139059887,1.2455573239662954,0.07918850762970919,1.1082133771097666,1.2334686863044269,-0.3914706968233048,4.1775988106073,-0.23152173529859432,-3.4404733222243973,-1.3476017425620164
8224,1.0467603883241345,1.639884405216275,-4.793177471863256,3.769936114728008,0.18870190278634835,-1.8521053391913753,5.132349328509651,-3.9353124407103657,-0.5772872014599342,0.172234155983924,-0.6653137442590671,-0.12667009806434137,-0.7676457273064656,-1.413707643594213,-0.6389380654594845,2.4512318731149065,-2.945897465395481,3.314957028641391,0.8233712898944994,-1.06572956905503,-3.047613428085656,0.7248199868021246,2.638382733001489,-0.07323101256037035,-1.8479830281801597,1.612246523059163,-1.6362856655618145,0.5438436317573059,-0.18760329814756638,1.5157818370764922
8225,-2.238953887015322,-2.8016060021110363,6.130591964268103,-0.19319222098839717,0.31522091952336684,-1.212060773676578,-6.169692268896899,3.4730267419524345,0.9904806960351147,-2.987953078980574,-1.0495655221669304,5.743703432056744,2.8059001957385803,-1.6710611717099297,3.383345105847763,-3.090488841330325,-0.7106991445579602,-0.7169961439874566,3.5785126182322955,2.6173149844213626,-0.08555248890485956,-0.8526528348546556,1.490156323773487,-6.747778602670547,3.809713222948144,-3.1979194461498217,3.7091497516816645,0.0923645691858832,-1.9495444721590243,-2.4637636255034234
8226,-0.7099828349474837,4.861496683969516,-3.8910670768191125,2.0686754591792607,-0.4060540394785279,-1.9230681919035586,-5.9386555594379224,5.935586622108261,-0.24353384088812646,-3.3420035306267444,-1.1823573859704624,4.770963694814888,-1.620672303249819,2.0564937933170917,3.0214599115798,3.372946862615084,-3.209408643694612,-3.620819620566884,-0.3242615663317885,1.477487333741525,-3.4482373278693714,-1.1219513792621174,2.6517183428714493,0.765244596847424,-4.639087861487033,1.3890113712396541,2.6250303200194303,-1.2197001025797354,-1.3423334578686887,3.1870797306798373
8227,0.07992877295828293,3.2211207952751835,3.6819086898667486,-5.570273654069787,0.848979487347929,-2.261664091378263,5.657688767659746,-5.5512473250736285,0.11408918144783797,-0.010191441014216096,1.1385816187525775,-1.3489208017724437,0.1317159236952321,-0.9371678006622375,-0.5854449115297662,1.2583747133732395,1.6630623359443604,-1.530540260820187,1.8005858081381838,0.05895041021476288,1.9048219102352526,-0.5910179330389997,2.935882035994654,-6.1092222315467595,3.6915715209499247,-1.763063307155953,-2.5873021333346315,-0.6433189190162585,1.8452720626589674,-0.5431592240985967
8228,0.9693461288299225,-3.4529471447473945,-1.6488413988506636,2.859193250217171,-0.24336452739147085,1.5166136919425437,-3.579186751271884,3.9266928440577615,1.1846752732827879,0.14127479648642982,-0.7732860919630458,-0.9001700705921607,3.531816674960446,4.218944620616746,-2.938809937023283,-1.858114882778235,-2.8771247408752973,-0.07671173489969618,4.039698950084819,-1.647322565499456,-2.762994487659798,1.0163297621016287,0.4388566089443824,-1.0845682679744826,3.491408556933653,3.605958815515539,-6.177959715450225,0.33132823428695435,0.7327039959616677,-1.9834398872441064
8229,-3.4160057741265515,-0.5594980791555102,5.8533753546290015,-3.2991966556525725,-0.42459231669019193,1.8459174709959338,5.428435286044575,1.1056025386997028,-0.10619575489855926,-2.9467421196066432,0.6046079094567096,-4.08570785969588,-0.058716412258718265,1.641984640033467,-1.473289758093257,-3.191830182306573,3.5016380751874507,-0.419786362561684,-1.4365221822915721,-1.7578981608196003,-1.1742865087609378,0.7554362129922705,-2.0477568357413602,5.661027474618294,-2.913474474551606,-0.9430784600695858,1.0105302419488993,-1.0725247765278483,0.8803460791834947,3.0382013900201343
8230,1.2123184051385643,2.481150168588403,4.516701142911664,-5.983950992787044,-0.10361899121555407,-2.1225997326359076,-1.3073960485765852,0.7434375991091215,-1.238525975720418,-0.2769164784062461,-0.363460659529534,2.4428615631235644,0.5300861490818711,-0.5216222194082363,-0.5234565607047124,-2.8147858005416424,0.45297878151368565,2.8767996500596986,-0.3623960924889218,-1.2977363717484653,-0.12756994915842945,-0.642222087870933,-1.45050080495899,3.8804253062228398,1.7127497756733554,1.1780202336464747,-6.211656535518344,1.040764064100511,1.5513657490919996,0.7287567130094761
8231,-2.3056500134652627,-0.38299441059804096,1.9812966949355975,3.066518872588574,-0.1798055496176283,-2.179365593843144,1.8879490372161847,-1.7946805323698172,0.7785860017221902,-2.891453952788339,1.063859801204507,0.9557396450151927,-0.3567458246137569,1.5416500287494053,1.6159489694744238,-4.137838783895775,3.4602385669116096,-2.123252956625228,-4.7382326265817305,2.140611085816964,-3.8486988669461724,0.7197532274590781,1.5564531821690348,4.170113998079902,-3.3964579526894063,0.4227889103091762,1.8526491605658109,0.2902395803756246,2.1435763432505617,-1.3127960418082996
8232,-1.5579445164271846,-0.5379400681069271,2.7731938858103753,-1.5223872221701207,-0.06147203883359498,0.9065499597275188,-0.007775835766555161,2.3158063723221716,0.828338203455127,1.2982612467475043,0.9234266616772375,-5.358056648435596,-0.24849258049965073,-0.6370259630963027,0.3711137552439219,3.2470090936564198,0.8592727440230696,-3.591877049326751,3.15781073010751,-1.7772544334481815,0.4877275337460816,-0.4769766602415597,0.5127594249967711,-1.9040665951635418,-1.684557217076005,-1.3208459537914052,5.398753743754419,0.7715053567999144,-1.291467721052463,-1.8733882086310043
8233,-2.9843254255253857,-0.06724192967061171,2.878213430772284,-2.1389126954640183,0.465542029573109,1.846724590314702,-2.880662475658884,-2.9117210949426493,0.991465726907304,2.4574404520796627,0.2327738962537529,2.1107034953607133,1.2960758063324036,-0.9216756722684387,1.0928043315674252,1.3983106754684087,0.7108184504171327,-3.5763335915161942,3.90034782311357,2.2419500060810336,-0.08787606930084024,0.3457423981254468,0.31773032036529436,-6.717894478387418,2.7252381290967413,4.993249143110397,-1.183370123691244,-1.0481533986629978,-2.080662329024239,-3.406301420825214
8234,1.0402075594160962,-0.8336252915613152,0.7553426455597396,0.10392782444242243,0.4473468640130527,-1.513199601869898,-1.263464083486891,-1.9716005928950437,0.01616073862695888,0.8559750635563983,0.14542262058172728,2.217506253616712,-3.5081036368075313,0.8777543182114513,-1.2291804704944358,2.67004123163305,-2.1577513073814742,3.347239864839711,-3.468172508259375,3.119341616703842,1.9141805780151806,-0.24596209102099298,-2.0234050902675254,0.7040174948259654,-3.5138348563884776,-4.427401034426378,5.802896771090019,-0.004511309599896762,0.7299050598673951,1.412945369460811
8235,-0.022191231032762104,-0.6737969773154866,1.3819904537329428,-2.741827122549889,0.13485446028814163,1.9209704168771573,-4.255513437256376,1.7630511107361926,-0.2586935543715292,2.449214370050182,0.9756287471855174,-0.6736872363441044,-0.040053445900746,-0.4431281622720604,-0.6412921198787238,2.4997453860841894,0.5126184585885305,-1.8878901166204205,-2.4416264760115993,2.3534724216762513,-3.752622900893373,-0.13975823007499955,-1.468354782036041,5.448889967336854,-3.8189528004090434,-1.9101990005616045,4.921203827091674,0.2867850047614162,2.979455892582699,-2.458292923461677
8236,0.008258246872470565,0.8607705763832421,-3.233038516101754,2.9737863478824345,0.8399438149517193,-1.449720469987982,3.921378353812795,-6.139626574593105,0.2549401414133037,3.180170402011221,-1.0523417710887406,-0.16452055155554746,2.1661747174073263,0.6884429567088262,-3.626989766418003,2.3839357451757515,-2.9215654553266237,1.3100018024534883,2.441254225665748,-0.15045674066933223,0.41562158963719753,-1.0148501297536674,-1.9470195867724787,0.2554506418896878,1.7845197961797368,-3.3217098978522124,4.654818437447101,-0.7377638074102775,-0.7427442443188106,-1.6371202840420516
8237,2.420041697179471,-4.414312048996887,1.0163018379863757,1.6450814899646602,0.2903963125375859,-0.9575092886710763,3.9122750789979968,4.635660074297288,1.0730903601452733,-3.457224605488582,-1.0912728142058805,-5.072528093746179,-0.16491787628338628,-1.8760046681845406,0.7788347279138499,3.1310807967622907,-1.6475118749359101,-0.22148110527157883,0.08507679044267036,-1.5854166886442727,0.2440628779969849,1.1798559916301468,1.4459514297152847,-1.3695304011436527,-2.605831606023788,-2.1325059461468,5.360293948713174,-0.7674121422497873,0.8670072656362766,-0.7215515199256064
8238,2.3212154006700203,-0.9388793249560266,1.822185142100082,-2.7167589929854827,-0.3270832395435088,-0.16067898528496194,5.779419455237814,-3.595260109567832,-0.4743754700806804,0.8309704110515614,-0.5736315877856724,-1.9671226988552526,-2.5668159485428905,0.8396774353353358,0.517478798068602,-4.094856368435302,2.9895532739935398,2.3149628095814414,-5.237840625324697,0.12758143513840103,1.1302393863847264,1.21953672262239,-1.084623975064627,3.8451070562409306,2.7478269548205176,1.553219547023616,-4.502461789781936,1.1767232607207188,2.3213506278202978,-3.296658600599784
8239,3.04278953418455,-5.702147777689856,1.9361426065308684,0.7702547785779466,0.5416693537283419,-0.588708495331689,-0.48807174978811574,3.9493971170569893,-0.15862936521921878,1.5056125747861557,-1.1908523249489167,-3.6174562518869458,-2.0712562395935628,3.4982689870866643,0.7277900998528573,-1.0057062937672914,0.018351183203417776,-1.1674477367814067,5.558724884067722,-3.4773118072441207,-2.474672646451909,0.4063398919362715,-0.6233964834966734,0.6103161611858319,4.930001079735884,-2.374471774420769,0.17054351811831125,-0.5377598309730516,-0.25731161085393417,-1.9310013816029983
8240,-3.017240281996722,1.5176693880876435,4.4572469477121,-2.0387720072560214,-0.5938939434832746,-0.32501010306359035,-3.6317676822270286,5.493378937770103,-0.5655768978964408,2.138236569521464,-1.1396963556317123,-2.2945745715364616,2.2172230090648632,-1.6314927602977551,-1.5480534553307201,-0.008372087842470677,0.9833442522845601,-0.012648957877807732,1.9957759965772226,-0.3712002463445341,-0.602191518933461,1.0019584921766151,-0.15791241441949566,-1.8664303090592256,2.4921298260147964,-3.05045217715654,2.852615302878281,0.5633969528257943,0.3287993710531314,-3.186489275612038
8241,1.7311152998325738,4.0031960691170525,-2.8611348304668063,-1.5297180862642499,-0.35549395342521617,-0.9879644987932004,0.6441365419637997,-3.7033062419705516,0.8716042774781485,0.435493569058675,-0.35045025812038944,2.102522111590222,-0.5672790783913726,2.231259285531827,0.6042713712527252,-2.150121984894305,-0.912966194043296,0.794836600545068,0.5603269840394276,-3.0384226823104132,-1.7093393507919927,0.9816693086371444,1.2216604401306022,1.9841053002923736,4.463550487706691,3.6971158035704974,-5.285277701878709,-0.2001334359246254,-3.6722029131229252,0.9969477596525085
8242,-2.631788503136553,-1.4567874826760168,4.7317632641413105,0.4642659789923975,-0.5297746662946243,-0.5776785910263644,-1.7351847234945126,5.435257720363644,-1.217037652852507,-2.356691108126606,-0.2172166771020505,0.0908724412119355,0.5420741995030696,0.6256213016449763,0.8553007574612543,-1.611734697808636,1.2378475599925274,-1.6491091207925894,-5.376815980344631,-2.4519273887158484,1.3198536302801216,-0.3803401394618131,3.1117640092055083,3.777465869033797,1.7481452916570532,-4.379623562855571,-0.8109281309429051,0.8290441175321712,3.6203443937873487,-1.0069821091746345
8243,-2.952279859612643,4.592150441787268,-5.1989624305281055,0.5710116349623746,0.8428929408566153,2.1451872725346153,2.8367004558222852,-0.017386532519331865,-0.5958756855860399,-2.5469209901669405,0.5976153902863599,-0.27413263783644126,-1.2554503640010601,1.8027326615367087,-0.17932175077757861,0.40937757794328533,-2.465974615442798,1.68863649074207,-5.284047417090168,-0.9743478494844773,1.15649180328953,-0.3697735040920369,2.644845906709403,2.8268310606648903,4.805075518847477,0.05784348046532273,-1.00294384104226,-0.9099927859350601,-0.24933166959473851,-2.7006507027373043
8244,0.3130734511311619,4.426814530648663,0.9575813878977897,-2.979406482731804,-0.48652738136643303,-2.2315355055792194,-5.614215201874263,4.57307987060214,-0.445707997248884,-1.049762373421789,-0.256442803239878,2.7930485051825613,0.4039424019316584,1.1093100550434372,-1.0444318827754024,-2.670658295820367,-1.1375818100124615,3.3394195316337267,-4.883044007543873,3.435954640290781,3.920010482932568,0.4844396028350495,2.4985016969504663,-5.455862415467816,-3.443219859517683,1.1334837331439473,-3.0300081240458603,0.17357951674725314,1.973857168530703,3.192307565145054
8245,0.09429865921343072,1.2603740182351828,0.23141197621993825,-2.6902301068706365,0.5181594358810617,0.5859860173211864,-4.590358318930338,2.5151541092154055,0.9545118134125063,-2.5771318143748196,0.0934812574051076,3.604342953272063,1.4004535745462086,-0.3396871696044954,-0.2627247909079671,-1.3568433866193725,-0.34550828270114664,0.9043100552873469,-2.0005301169878393,-0.9968104916351876,-1.386334225708758,-0.7217281033828469,0.8241292962700051,4.281273641441786,3.825029287698598,-3.3880195241780484,2.5098097451661516,0.017528764333433422,-2.42734896742256,-0.5369993055941595
8246,2.7926928189637152,-4.971146188994243,0.7723395056003461,-0.6921683265197842,0.6852037266037208,1.4130784643464231,3.023910634770285,2.17309491628977,0.5184042710883547,-3.1562807409951397,0.5270377468535301,-3.0861668280068493,1.875294881898597,-2.009418439332668,0.9853208612653646,-1.489411022393421,-0.3604113356507739,0.9986250542135053,2.806107892612239,-0.7269589183560736,-3.684930888834405,0.05364202794229378,-0.12929972582361593,1.6814396124567388,-1.5867922025551877,1.246519145669307,-0.5920635751755974,-0.501384683479265,3.7055822988954787,-2.2718609833513224
8247,1.9385524320248777,-0.7241732567118042,-3.3491288490252664,-1.2411207591614613,0.944502855184135,2.431367577689697,2.969294642380355,4.698624352464595,-0.2632038404752848,-1.6932917469710542,-0.9835861214068204,-4.727837285991818,3.2576034800379254,-3.2056278650661607,2.579516342006368,-2.429111082000354,3.0464723454976657,-3.2488532204748157,-1.267079859894043,-0.053386638632737515,-0.599229829799766,-1.2403889628950107,1.7509522202693653,1.4091330709493697,-1.4561256048560907,0.4765238997805632,3.1547321716110943,-0.5185000152776258,-3.242262948366662,1.5856324971121545
8248,1.8496302400789482,-2.002888651118898,-6.10319994930634,3.8544191410561055,0.8610321380743682,1.5410070812159695,1.5906127039893114,0.03499322553376061,-0.47228034783674033,-0.9187601100030882,0.3876242578751583,-0.6221897295584427,-2.6472159582517616,0.27829218256308863,-2.3145461004181023,1.373045741281178,3.239926342551456,0.07049779227475028,1.3494720997894234,-1.3379754030055917,1.6855858285511758,0.39519143262609013,-1.0475704658767189,-1.044703492087205,1.6003567557850609,1.3458731768137433,-2.7619577526911385,-0.6921114041829215,1.128734710376314,-0.6208954860976128
8249,1.4226975127413226,-4.86823417738157,3.609544255386254,-0.28737345218127075,0.07428986223973677,0.04907599919565442,-2.387323314979678,-4.077358664428608,0.9661024946768206,1.7453036801865487,-0.28144288441137455,4.034718688956239,0.6168346838876886,-1.3197265509239529,-4.16068165093642,3.1345771003306027,1.2913203932984878,0.43767602434420994,4.776413192141106,1.886107714340529,0.2525438498104613,1.1015484607514852,-2.2541226433279995,-5.762490573718409,0.8281870000714129,0.9054400888120497,-1.1807196644391347,0.15253848020188876,-2.5718570936443594,1.866411189001564
8250,-0.8030231746520649,2.856841404933231,-5.254303886924053,1.9223726966495285,0.9821512873633238,0.2959616726301846,2.1926521693521472,0.4234055993490813,-0.022832334661857523,-0.8651065642970739,-0.7474350587509262,-0.9806838109914331,-3.0624490088954293,0.17220416080242273,0.3412831441426931,1.7592112462966725,-1.4950090446685742,2.284759502322828,1.62481938915791,-1.184123800336847,3.32253755801365,0.2522373907821738,-2.1091077241058684,-1.9063628135138586,3.4255521412502006,-3.1841371677418664,-1.3667709480063408,-0.48957541196145016,1.3271190609694905,0.2878123254933911
8251,2.28477494566188,1.3400186472227418,-4.812247134888771,-0.48172870858640593,-0.36781972744549307,2.0370019780361694,1.7305039908596633,-5.432194289319067,0.5997974985694938,3.011774782416751,1.1885867207089333,-1.0984687032358558,3.570015778688937,0.581043975063718,-2.169521380740063,2.047683745933682,-0.7930619406530539,-3.236160178292634,-4.884439973927176,3.3321085962589585,-1.3098766489483253,-0.1254116394309266,2.3223778192779534,0.6652418467666728,0.24848770958174882,1.3959649843999635,-2.097404264174198,-0.5448382860760601,-0.27064671329309675,1.268436569565079
8252,0.9309467229052988,0.09143783669222216,-2.5264586580757467,4.762640867706182,-0.846344450810431,-2.4122223184174167,-5.122693365367432,0.9550030552192794,-0.70348763382996,1.500623027623302,0.028128480330668282,3.342426436024084,-0.6145755097808738,-1.3453673305871874,-1.9199334199612075,1.9065143424007083,1.9369154333209693,0.0364464846081578,-5.9719405115512565,1.1087403214292326,-0.22363101705763455,0.9136131947214245,-0.21039101952054295,4.38360903197594,-0.398675479286144,-1.1384305780136152,0.05448166000829957,-0.317594428708893,-1.4566017396442081,3.2568205656479954
8253,0.5934933096207633,1.5209862670371095,-3.4265480505880035,0.5737689534739339,0.9309583141616113,-0.1926587937053199,1.4532650134281937,-1.0420086256990437,-0.4794718314874018,2.3904245192412112,-0.2665054712376911,-2.055703604245295,2.2583442500551243,3.2417019729324537,-1.1520313892232412,-0.17966795085677134,-3.5145889922811566,-0.6537578906258101,-1.6882245295763738,-2.7572574521487603,3.4151308281257755,0.6904192258884851,-2.308307585510267,2.648239513218318,-0.7362224863812337,3.973137955345841,-3.1318429915660495,-0.08598622872308503,-3.374077285013204,3.3549910363411257
8254,0.8998530805064533,5.004227497782352,-2.821219006404295,-0.6440645245699272,-0.519264563866132,-1.9195324834483696,-0.017163639364024874,5.069179364159378,0.6608753112170422,-1.9945828817852576,-0.23612570454391246,-3.4821824496832434,-1.7449317823334578,2.5142608739615007,-1.1748559423389011,-2.9913763055201574,0.3683530383069815,3.0285501179246417,2.7259398022307018,-2.5331958976227895,2.4694485337997065,-0.44365368055054244,-1.7938693085043607,-0.42466944935554807,1.100633888048538,-4.62768297430177,1.2051080859556045,-0.36953595344202306,0.1097330990716312,2.5817438546713802
8255,0.3274276715372402,1.6219310602731873,-3.6403759851132627,4.177378226145173,-0.4972351157500645,-1.9891258570921924,-0.5641764103029097,4.711088521450463,1.2063244010688718,-1.4615128686130134,-1.1825345224628068,-2.709189121140586,1.8385321500342613,-2.245261203506889,-3.6323254341429028,3.0122645022697654,-2.068156162559344,3.094946147905702,-5.326018293873833,-0.7270637965276592,2.4522051295124108,-1.222844275150874,-0.1538090179270153,4.977530253964126,-2.763563900118168,1.5241904945797877,3.186539498402876,-0.002952304722501964,-1.0687386504885907,-0.8754751376500369
8256,-2.1747958083477386,-3.9412785460873927,-1.7438538502745935,6.073399779960127,0.16609778535296105,1.6204306393967247,4.765183656789468,-5.01478679203397,1.162743215526465,2.516571361897512,-0.3138885530727169,-3.1158228891067523,-4.071444143094062,3.8680076097711265,4.151029893802686,0.035871804891051795,-3.2020632597518404,-0.7814019056183668,1.0238706188711575,2.3786798158329994,-0.5200646518915217,0.09667982444318834,3.2389906321255566,-6.218156239384211,-3.7394984365356017,4.56820665716803,1.9641403610002364,-1.0923615777458426,-3.2261750984702253,1.5256880945868048
8257,-0.5451942275599819,2.2057587330674977,3.2838933140266278,-2.986846995555851,-0.15303393201525495,-1.8045768919629523,5.10901228422124,-1.0945918341544996,-0.7575685085343133,-2.7692660293190006,0.1315478185851955,-0.6191337307986018,4.009655344547127,-3.873180691492184,-3.87218754910476,-0.08415095541645101,0.2035545210702736,3.616309330396586,-2.2582214176426696,3.405108400604096,0.43318415478852756,0.5103776942313392,-2.307209867184321,0.21676103520022494,-0.7276105859929558,1.4706427602036953,1.4731655556660286,1.2074836521067986,-3.1067017157686223,-0.3169796662115374
8258,1.7389199127538006,1.6101202762173443,0.4217051091374451,-5.755499198302015,-0.12736347416614668,2.1121173743596753,0.6245909627135475,4.409795233957347,-0.7235288140514617,-0.8571486654798779,-0.06715391757424083,-3.3865547995652783,3.3723759144314904,-2.9246110029118384,3.1501230914570364,-3.292644250518469,-0.7559743923779756,0.4507306399203319,4.1182764335410305,0.4264556489621043,2.3925671180343,0.561377000653339,-1.3858767445590932,-6.112799456634502,-4.659792449773402,2.1733207869968076,3.5578245491581058,-0.5011711934442031,0.4566531887132861,-1.026834881647181
8259,-2.897446935579218,3.772539148785068,2.576519655939986,-4.219437971141339,0.2308846908832769,0.536941411112343,4.305412695709265,-5.404847080251759,0.40406878902808074,0.836925291467006,0.22958145650957462,-0.37114115246214396,-1.0744939147984223,-0.5221444947917284,0.9052976697223762,-2.478912887849134,-0.43893838364837023,3.609192011365824,-1.7599094605691405,-0.28338596265959914,1.6279939864244,-0.31536386989208864,1.8572776775981765,-1.1266123709045814,0.4839048705001048,-2.5258595170336307,1.2852779669436494,-0.29787454089897913,3.0375798870173156,-1.9830286665250494
8260,-1.661387639722589,3.4919932613605553,-4.6502225330487335,4.510221565768319,-0.9023080146639337,-0.7882966396934812,-3.8625803019863305,4.432784563287445,1.2365099509450515,3.6765624919790874,0.7505799612728374,-6.233856665498056,2.727898894770288,-2.396174843795965,-2.595165151938696,1.477997727438865,3.1935578990600213,-2.408114525533941,-2.3142088534348275,-1.2565509587961596,-3.506962285722844,0.7866221541175937,1.0356326355036032,5.255467308329806,-1.2394605717978813,1.2907504497273834,0.8488322244973894,0.8075433322907841,-2.911909949843137,1.204244515128849
8261,-1.8794465277395762,-0.014963945702884729,5.408228362530913,-4.804578426328387,-0.5771864318520776,1.8679469690921398,3.0911925390192536,1.7057443449818699,0.6721770246336218,-2.853503465455365,0.8536613829321142,-3.4692718261114486,-0.9271123066318623,-0.22870236157172386,0.9536518198083819,2.1731160450510423,-1.7123521505777237,-0.2586010460775441,1.7731887187453559,-2.1552762770497704,2.8458854092057457,0.569842990554724,-0.7245255186282105,-2.309115322830678,1.9029618031505606,1.7685801431241828,1.5210224849969123,-0.2122336932449551,-2.189788712125031,-2.7905420258982723
8262,-2.5916152032436646,-1.0740939748578278,6.060474889316382,-2.712633487411889,0.7828568588069507,-0.4649890826098275,-2.000974198314875,-2.0500461951187745,-0.7912892554042514,2.171866951067866,1.037737423537287,1.6327052742327766,-0.029498452560236643,-2.863257958835108,1.047636512220116,3.8379150799360353,-3.51713250906389,1.5243373283036803,-5.483617496460077,-0.777564720521891,0.8973617949746533,0.41036624861327553,0.5466875628776116,4.406766610513589,-4.299774433162723,2.8886488303183775,0.08977473523458102,0.6808049487796684,3.3297635625781403,-2.689217643744641
8263,1.4116980964266972,0.6202089075593946,-0.13922448371307894,-2.780032254096845,-0.4546661072076059,1.3420158410315377,-3.1301202428874255,-0.7381453710624406,1.0711629854355635,1.2968787039621112,-0.47504764821253875,1.9752715727647505,0.17036340337218903,-4.010640731529778,0.4092533912799574,-3.289524029564019,4.070617126266054,2.649930840176207,-3.691302149799185,-0.23694710208047987,2.9311976282074284,-0.5898901919197455,-2.436231111399808,4.023172926988956,-4.744871066430235,2.252139963238175,4.621739787057795,0.17977453096440943,0.19275901039730492,-2.5015422252240143
8264,3.6249467781624602,-0.2190805394958275,-4.075666771781449,3.0993574688162937,-0.8151716677917407,-1.6143852679096469,-4.660842562963616,4.3274101936958935,1.0751528993587627,3.425318753413123,0.08078008217854116,-4.247819365682652,-3.579126921985152,1.4778078315331555,2.796160850044444,-2.2364796357631214,-1.0023997721211462,2.5440376482923917,-4.380080743251121,2.506903887715225,-2.0705685032567818,0.3225490744838142,3.1708048821454824,0.45039140216058016,2.7563814003040967,2.027037474894101,-3.4664477381367185,-0.40791294679837264,0.46967778127971727,-1.3787359715393777
8265,1.8864041080240277,-3.8363112860727853,0.4016846036309687,0.7148497723799281,-0.2840771788784817,1.117449980916433,0.34496108948280124,1.9755575292795626,-1.1955711002639018,-0.7200874257904069,0.08018917942389248,-0.4850492721318922,-3.9795077574837983,0.742881598973824,-2.3850986592917316,0.643160574407613,2.08381951203323,2.8947447313614134,4.850221863516133,2.1991675655611154,0.21838766527865872,0.135174758513819,-2.0509711129240937,-5.351980739948445,-3.202316925931342,3.173851544215456,0.5520800013234286,0.22854482921389696,-0.4187543252017871,-0.333405123616215
8266,-0.2861794426318198,-4.485964721954144,3.5730496899716826,0.5698247476491325,-0.42528749733274207,1.0545572242979855,-0.16640506301111202,1.7436989585435079,1.2155282621135264,0.9612206903018574,-0.38945063014174597,-3.3645922178059493,3.0404344181028513,-0.4550354394753384,-0.09444690088941243,-2.7894837045884806,-0.7184919247224713,1.017023551573395,-2.1794860705062327,0.369809286543731,-0.8839481983354318,0.39274953865120743,-0.20291935951614803,2.503794803160069,-3.460278268859092,0.6300981947771689,5.1045334699622416,1.1757464388479093,-3.1983249925025063,-0.25177484222226987
8267,0.621728746637439,2.571041787774483,-5.814915281331448,3.8805369637899894,0.005627460988145039,-1.26401967785851,5.687410144421879,-1.8750981525785235,0.39033268233693796,-1.591818949738224,-0.3718874215166341,-2.2389383029253196,2.611774566432139,0.2502959818049,-3.9612229216097283,-2.3866135601926377,2.73145802070146,0.7543079128644052,2.787445870539411,-0.23059536515319579,-0.39453326890263796,0.45491951169044054,3.014577743091511,-5.631814491268344,1.3255162893772408,-0.8756941185006291,3.2452593263936116,-1.1245023882378709,-1.9947639924477603,-0.5758151165811718
8268,-1.4638675180373504,4.55300975873951,-4.301717557313385,2.4466565236708995,0.9052577980683978,-2.139339005127992,2.7808229441594428,1.7405982856520943,0.5210456193778246,1.7958297637403398,-0.9553748588837836,-5.882921754045803,-0.20426886953941548,2.9401587698560263,1.5666360623087883,-3.0819731706448508,-1.6038151968876608,0.3832624049076401,-2.273254412899192,-1.958714857178613,1.466132028786177,-0.9363277671654515,1.553014088196523,2.149150920257714,3.023974592949706,0.49912328409048,2.8391484541586998,0.4721393730026229,-3.591503924768796,-3.242881779429279
8269,2.851136684327418,1.0154922538685973,-5.489075937667213,2.5366434870533965,0.12821901634392274,-1.0424155039260334,5.103541762442223,-5.989712640963091,-1.0728285853240744,1.3505115841964823,-0.6680006948301118,1.2764885744786731,3.647800869056965,1.8940447727518936,-3.5057291944135613,-1.0833190504436345,-0.8297167302759263,-0.12308066667523754,2.598355697111348,0.13959926319727956,0.4808321372411122,-1.102122114111363,-2.352524233918091,0.2358592504768886,2.880634304499903,-4.792773581019285,1.6636704191954763,0.23149818590418825,-0.9544717127811104,0.9714423842042557
8270,1.0933772804988422,-3.5451742393565695,0.039107523724570825,5.221888204264513,-0.4806758198464627,-2.3285229492847908,-5.953414255020878,1.3358178407272803,-0.6378442523931778,1.489700241923984,-1.230642568723308,4.996382993486204,-3.6297610930614166,3.7346709293183373,2.924476860758954,-2.392466936111557,1.409653201718669,-2.0465729626224967,-1.7825389656048678,-1.8775469156944276,1.7205056564507437,-0.19709511148393943,-0.7467678880140589,2.8834432243437185,-1.342357849159864,4.928948209167153,-5.182849985234302,1.0717522831449378,-2.133379381883321,2.65788672396884
8271,-0.12459594057213152,5.332569048544595,-2.378622489533658,-5.322129777019793,0.5644556246466639,1.9283235339344458,-2.733665172817023,4.829311361416238,-1.0605908255445673,-0.27113552205991276,0.6682541219260791,-1.4321739629207144,1.0269400232507024,-2.447121408857578,-3.863607065331273,1.8874186213568223,0.7049382005264739,2.6914316290553053,5.244836829692957,-1.6770746035627049,-2.720443208912771,0.5155838731068396,-0.5947181208259682,-0.7681847695011825,-2.695182078553511,-0.9392541774305769,0.25211077197551646,-0.06316299795765001,3.2527114487724127,0.1927770331972667
8272,2.0875470949087322,3.117053089157011,-2.5734982230836145,-3.317569538740411,0.9715543102340818,-0.2850867324756692,2.48242994737841,4.3823145256735785,0.6044482355547771,-2.5986089688839265,0.8459811021220425,-5.716564841844768,1.4333289160922043,2.068975128705045,1.0477142751155277,0.907524360462066,-1.8382511515152835,-3.619291528859078,-1.6330010144713256,-0.5000919920147542,-3.1858793821645452,0.8832684500501564,-1.125868767260327,5.561572705857948,-3.6062300013689352,4.020379827555736,4.214366808466693,-0.2580254490287972,-2.4527455350080807,-1.917745650613174
8273,-1.4162898427361021,3.4101031010987697,-3.193735259555581,1.223786733251945,-0.24176182793455614,0.21789709587563344,5.936999945695021,-2.4874821770186557,0.29828758691883994,0.9944329058091146,1.1676854797155407,-5.909923741119762,0.13182428388586231,-2.1273767668168286,2.024872146390422,-0.5988228039570203,4.120079346370424,-3.550576205872371,0.8400722996913217,-3.3904984681184764,-0.4756600465995504,-1.1322788062288867,2.0459497232220087,2.1124152980307436,1.9776766558527221,3.0890909051663193,-5.685449011372917,0.3819760265587675,-2.0066757121632506,2.243381135961819
8274,1.2157553492409754,1.123423045752478,-0.8138403105940455,0.1490949381955211,-0.3830438835887542,-1.2913891390060837,4.921263668734774,-5.3658663455371105,-0.285159233307839,1.7244846594549657,1.076317057313715,-2.071039806658405,2.006880935430633,-2.712148347765627,3.2544303581987037,-1.1805557626733858,1.5750937218523866,-2.9437009050422187,-0.024297953420592933,-1.8870782492156977,1.5937215808190963,-1.0859129468691506,-0.11886023099482834,1.5224277996783115,1.8260007196269576,4.598877215387734,-2.2141062976659747,-0.7477062903497371,-1.9720728858678545,-1.4909924611276768
8275,1.181002282980554,-0.3875668737793312,3.097180776295861,-5.304569752549678,0.23398681766250728,1.179966749390184,-0.9252154643484296,-2.477180639188674,0.05367666877179911,-0.3190722746665706,1.2156427529184537,2.4521489565135326,1.5946994017125284,1.112496981825707,-1.6303068529802047,1.6590600940343059,0.7450977791670255,-3.4810474037589056,-4.325138365888009,2.3460933916800535,3.8298284471650845,-0.3929658350496865,-2.9101177758301624,1.4523001379198845,-4.2018641771744125,0.8903920123843712,4.039279075537802,-0.0545633406721695,-1.84297801989438,1.169734449822247
8276,1.3920206416540104,-5.163141638336661,-1.428260700137347,4.813241147535276,-0.5367073256531085,0.9228478749379256,-5.527600457196677,0.7007251299229225,-0.4673401174237277,0.9366931957247608,1.031251238180726,3.326271010792116,3.9504203303586394,0.65089226343067,-3.8424174737553507,1.3966079734560992,-0.8884350337567106,-1.267068059732848,-0.9274601310512622,-0.6037478293843712,0.19218966683649086,1.1728332856596397,0.2946449517926144,-0.12845994385592618,-3.709026138259336,2.649027796656373,-4.56722441807473,0.2653716587549404,2.04893231483166,3.312918786094574
8277,-0.32657057365446107,4.441035005253873,1.3999568193729743,-5.563107987587241,-0.36863433815689395,0.4173210747718308,-2.5718231792139115,1.0817989641456869,-0.5872350770111829,-0.1614756916218525,-0.5326811130777056,2.7714160967790846,2.6364285280199695,-0.9252671030899542,-1.508321072828748,-1.221543743016582,-2.701041972227749,3.7197453631435735,5.289235388709844,-1.3377938691451643,-1.2217552521502313,0.33049848072348986,2.996834251498621,-6.057018999639389,-3.76296802274447,1.0686856720239,1.9748841968716597,-0.8095719197634459,3.454393598979358,-1.9254235253635148
8278,1.6314213016370793,-2.731557184612594,0.37299193303181255,0.06913484378160817,0.07269170881898379,0.5853173973432124,4.82695957746234,-5.106230754593788,-0.411742909059428,-3.1357453930576895,0.5613550158861154,3.2654044633625787,-1.090828476851886,0.9616837744712114,-3.3025993747598754,0.18427432745448158,1.6186658716751694,1.6288038780114213,1.6191259968059235,-0.4498416511318286,3.5835992871074964,-1.1450714305746015,1.0713968704973738,-4.679209072707209,-1.2344677842715939,3.686689315720443,1.591094823977052,-0.9591274822823923,-0.8747695522856453,-2.2094193208543835
8279,-0.10595629908509707,1.7229687999824748,-1.4283649505158245,-0.12542634393021146,0.7845308830888635,-0.8477520895400641,3.9661918082625505,-5.3176076080233265,0.3235850328732486,-3.367641679365228,0.4082158298914065,3.9872566163614813,-0.14291124650619125,-1.2515503034271873,2.4802001757856864,-0.9851967753947726,-2.4882527143158466,2.3877108638588567,-0.3134962110375845,0.9077565076844998,-0.4921177918778046,-0.6632737694467652,3.155683434312536,-2.594552169637744,1.1270211732865079,-2.0174716497896625,-1.8262152724412601,1.1155906080246636,1.9441776377484103,-0.34310249682517835
8280,0.9167285146884101,-1.1656885023919905,-1.4848123551040153,4.604441366365357,-0.5696042559887307,-2.3010647675688727,0.16503255244701265,-3.6057739053697553,-0.06773851049691348,-2.650334592221011,0.19958167962512174,5.959232776015671,-1.1913303248147837,-1.5101459807320552,3.5774422568735567,-3.593817911826072,1.4490047775786472,1.268847182921231,-0.4601885115857236,3.4528252687087644,-0.17011194894150705,0.15254616593745407,1.6340593716141338,-4.6091303457359665,1.178095987767648,-4.410129094176662,6.0484523736796625,0.29089134874807954,0.005260538685339711,-3.1125711547006176
8281,-2.247193675709042,2.8745526893343474,-1.8625653882204816,0.7298296452264523,0.598014745389571,-0.09263801602068611,-6.099772354603477,-2.1518031064978587,0.29771261409468597,3.267806753162244,0.9260210371247108,3.7600350567198326,0.9453280544519913,2.1351602332652355,-2.4778861430993686,1.9501469956170183,-0.767316040846854,-1.7854330993875394,0.7381241628874484,-2.2507057968220394,-3.2517828520151006,0.28809518007056933,0.4451369927516797,4.031132313124626,-4.9490050759554425,2.4146152290099714,2.2448515340429545,0.06637890807574909,-3.5230582132666957,3.7462176180968747
8282,-2.3323470735667335,-3.3366630725080597,0.2255686667397825,4.997861497842418,-0.5388028599430272,0.9843828414357869,-3.838419514112104,1.3675964611092724,0.7021246049931191,2.1077209482531742,0.1487684572517054,-0.48779095749501167,-1.7458538072390688,1.325996112289193,3.9659270450009174,-1.4471343942105754,-0.6872535249304796,-1.4116814309095247,0.8595686236320752,-0.3915033655573925,2.9945218901863697,-0.5446788491373695,-0.033458238751780556,-2.8844500603746965,1.2049584264277513,0.47741319492248024,3.490639120699509,0.5567950327262254,-2.5204248746243216,-3.209380900148231
8283,-0.68702422344038,1.3684313494949265,0.03236405044842172,-0.24336777631306106,-0.7254722577080897,0.2550688575183404,5.657964131508521,-2.235409701258657,-0.4270579722186021,-2.478818978366686,-0.19116190220172946,-0.32551557746270987,-0.3340003757594161,-0.4168595799931438,-1.043243551430276,0.9833184630816909,3.256335777319414,-2.4455507332178,5.355193612509723,0.37884508636583014,-2.6178415504926846,-0.42382350490733955,0.34834303340923256,-3.0407166768875555,3.8674344576126387,-3.0769514753879967,1.869899135208204,0.7245950621388983,-0.893654815175811,-2.4913223643924827
8284,0.22147820101077187,2.449843389131569,-2.4050298707227817,-2.036669203713412,0.605471999344378,1.164905484949644,3.1771333941395596,-5.883375290985651,0.6839825443026379,1.5949929511820358,0.9776140944216296,-0.5503476930600684,-2.127844863055559,-1.2678504058964997,2.1172090288568306,0.589758827654137,-0.6389708379117849,1.3276982503533254,0.7859594118057451,3.115626778783522,1.2059042971799023,-0.15602198990684535,0.7418557224287561,-5.693324220293846,4.2324737412029165,-4.871134394611479,2.5144606719262725,0.9379653405671835,-0.45902958913994674,-2.3547357699415095
8285,-1.60536366949888,-0.9445435976224523,-5.75806235596491,5.742816899074132,0.7392651123302425,1.8258876116820257,6.021095447222891,-5.9858303093644345,-0.16622261177524855,-0.8925814960132303,0.24168563083688444,0.781853339093292,-2.777464591748327,2.8512833447409456,-1.657797919345315,2.894699821912205,1.6920209074778008,-3.0027415630368672,-1.0240114775347884,-1.2855249483815463,2.9698357667011415,-1.1762854356306423,-1.5045004757210165,2.020486570564085,-3.4807585342417973,2.8429962392549903,5.239120433916941,-1.190610267070293,-1.7790121731147455,-1.6317356987416485
8286,1.7356730498401198,-5.623851553803171,2.3856349910240873,1.8864533301513013,0.4236964314087883,-0.8076062486209903,2.9214717061530493,-5.660001418524189,1.069117580352673,3.5172235500860722,0.26024667432685256,-2.108058092394298,-1.4922152468210275,-0.7880272478772667,-1.756521756383517,-1.8801140600283404,2.3361580656789016,3.580720245431671,-2.568455462418182,-1.6358521108113315,2.665663969977061,-1.0054943658189202,-0.847977060782549,3.392115029851123,-0.3568703415111294,-1.9869688046832863,1.3814201413231046,0.7294610520035434,1.6363239089962747,-1.4033659561250982
8287,-1.8835050137976257,1.044665215015403,-4.3495487754749895,2.780771845197588,0.5757089257457197,1.8319078033140777,3.0990270664464212,-2.2242255854878934,-0.3576716448669295,-1.2109100489220594,-1.235750944188588,1.9295311570191984,1.1634000478039965,3.037888698953278,1.8546532685652224,0.026732770774966497,-3.3725017877478543,-2.710172998349197,2.6586809117278385,-0.27002838745949376,-3.6246415979643327,-0.11785292077643028,2.329297053499568,-0.9754550590299509,3.3453294801227713,-0.17541071685265663,-2.4612948582661254,-0.951122441989253,-0.9593032001010364,1.2018017370897205
8288,2.901167056043743,-2.731822843724146,-3.989844613524255,6.141669658341353,-0.2381133916849043,-2.0830558654516134,-3.7963630524037058,0.7369030399526331,-0.7825295239037615,-0.6896415297836818,0.67090586689545,3.860725199243209,1.37060888306139,-1.3070989431069986,-2.431679746227678,4.052071854704678,0.4468009340504082,-2.130702982481358,4.942287651510377,-1.344021802715492,2.819680336123522,-0.5662063745909638,-1.6664454240624735,-4.185294386267746,-4.40481397085288,-0.06720806525684253,6.175054984676507,-0.8431968160138057,2.7547862223422612,-3.614622354891843
8289,0.07950863288896315,-0.01759321971931982,-0.6580846403859084,2.457735400827513,-0.29353671237700474,-1.5680294612340777,2.334750215971944,1.8759864582093684,0.8722071960204509,-2.422485911820207,0.7882113307137999,-3.4486692890952213,-2.3679724628912595,1.5699239631413668,-0.17356134677903867,-1.2337723897089283,-0.2442824305938771,2.4496646668321453,-4.102689886555275,1.9784363562097145,2.1036089740562005,-0.03667830858102494,-2.4546747550353984,2.5119976199030347,3.1636253498809275,1.775472867385428,-4.7870139097287066,-1.2212683373953852,1.208823809320819,-0.13963977945970107
8290,-2.4282341355954404,5.2296762178087555,-4.1458388232695675,1.709807878510393,-0.03495244473936032,-0.3304586927146165,1.2358194748027032,3.6561584973481267,-0.1046389414978055,-3.155389265561663,-0.544072821653975,-1.0878769434372657,1.4774348067812646,-0.3377258208430405,0.1862604398141201,-0.5402573977793743,1.569572586790784,-2.3552846147633453,3.2099218733473656,-2.371509737550319,3.08041304012227,0.8137418922892579,-2.4767810730526794,-2.2557859951586785,-1.6152138398083693,3.0391067341276425,4.023031865359357,0.23380103773126315,-2.108634327447165,-3.5720914699593393
8291,-1.0291547410708901,-4.3528307475834005,3.306252503560412,0.31165088991150114,0.9700625568228078,0.7940195383597448,-0.28553778791251716,-1.8722918962811441,-0.26837027246253964,-3.4198790898538167,-0.09144583460981792,5.937524881119931,-0.17201123658112394,0.45987263278016854,1.4705285540779478,-0.3449669423438273,-1.700766233288105,0.2873432253553432,2.717541759424904,-2.673430436303308,-1.4395838707893933,1.1259598327979736,2.667149818813682,-2.397637103946632,-1.598857856735627,0.9214622251721281,3.266468626430914,-0.8770836941050684,1.2397228169775794,-2.9517121177365198
8292,0.8867696834780876,-0.10703005024776147,1.401420974851213,-3.0894874033323347,0.058232798571183686,0.8500939966798153,2.9067869164817886,-1.4327198560717704,0.6971618371161243,-2.7042677860350057,0.6249585599464282,-0.09191967143748414,-1.6066556114298578,0.23840998219537113,-1.46407881603038,3.7529373302409397,2.048802622906905,-2.969415507882596,-3.9228962009069868,0.5716726477683576,3.758643977763363,1.0856421575656148,-0.03313859245519701,-1.4599239897379057,-0.9741954623174784,2.9241268639906224,2.9197292865069535,-1.202858148733656,-1.1422666741659313,-2.5245358652771444
8293,-2.7523963203598445,-1.1918245117413306,0.990206276428669,2.217717536614984,0.7676147266800539,-0.031317707622305235,-0.7565915368149838,-3.146789791431278,-0.2046834156759587,0.9723753159812922,0.08777374463265364,3.047915683308336,1.9635284747078927,-1.7262879083531057,-3.118562296606333,0.4442617298123501,0.33665290019323635,2.1004071002463327,1.8113113010612665,2.9513595895577502,1.5723813219937632,0.8926284102601141,-1.4699031563385887,-5.757777466537082,4.614639504000049,-2.8918026885859156,-2.8461051511506277,-0.5672694004796419,2.191652409731603,-0.5011146735120899
8294,2.807096804921649,-0.3599821146798945,2.8146696794409536,-4.383634100255325,0.6670565390387675,-1.5452068084659327,-1.8457052976283244,4.253654234071199,-0.91528100086144,2.7996403410395914,1.0897439413300782,-5.382052217951074,-4.234407904383593,-2.5199646437691214,3.4775995903694934,-0.6770402033492218,1.3836047496685921,2.5702084114642183,6.1886283805011715,2.6058168353224076,-3.5270748241292775,0.5240524074365132,-1.9357330238597488,-3.855689775273799,4.702979259399097,-2.7412664904203723,-1.564995976249378,1.0701086633121655,0.7869840085471687,-2.2538094645852933
8295,1.620582359341558,3.3812696675427745,-5.515676808654927,1.8750389050925556,0.21996123573305226,-1.5811753590548037,-0.27563255745675264,3.7118962511125737,-0.881113970522768,-2.2605289539232274,-1.1579815888789136,0.8633608196690865,-3.55184492347302,3.9066578309211373,-1.3647827053407031,-1.259964521038924,3.1540708375364197,-0.8841365186045387,0.02603471604423291,-3.18697665452067,3.123227977109295,-0.23316116929424524,0.9365858310886459,-0.6657107004300116,-1.9001819011907308,-0.343141509423738,-3.9913277019462825,0.7557581367765032,1.744947252786023,3.7339457230016073
8296,-3.592262892694956,5.204088630167959,-1.8758777622241922,2.2177342223602743,0.34179200550575084,-2.2954742031146464,-5.275370128135435,4.874228377772983,0.038217746788601126,-2.215694637019231,-0.4149904299134519,2.9936090705065332,-2.5025325386999064,0.5813836086879149,4.030195710617495,2.3094376342862475,-3.669222326664748,-0.7492620882266312,-1.5445188993940029,2.2781179087024697,0.28831040473424707,0.7022093308938828,3.2302632853032875,-4.954382030242634,3.6243116529621346,2.147517917311415,-5.319971691040482,-0.794995010349524,-2.6364214756025106,2.9795586067223425
8297,-1.1956481127414307,5.323602247794625,-1.6176387575839826,-1.540337750590659,0.18568778606864145,-1.1556654129470125,4.0657701948791285,-0.8321357010824713,-0.5250332207468098,-2.8562357735834354,-1.0313463624201007,1.178980862953697,1.3370612898808787,-1.3640791837399462,1.1419040786417511,-0.17474511288146743,-3.544726082527097,2.6045850106262236,1.988019842121954,-2.8502769497264797,3.9714076508699563,-0.6237830308412411,-1.2515182388586688,-1.2338492735682962,-2.899179236322606,-3.1665028962420756,5.807220584038504,1.0342188493238087,-2.863449955395147,2.087692654600854
8298,-3.295629311774608,1.3230581542862438,4.380557065827823,-3.0437828819935113,-0.49105135853319903,1.1268483321874392,-5.928135024644952,0.26401305035593126,-0.2126385035807159,1.4615165277549593,-0.43437080022938357,4.849614750344191,2.70183700857622,-0.2780093582596983,-3.2400075291859327,0.13500363232131818,-0.013448069293318099,0.6946243158417129,2.7031250834530063,-2.2417168823027573,2.1540307618228596,-0.18027437054249607,2.39393129562065,-4.829095888054006,-2.3175836642363628,0.30305425451509294,-4.563048254089459,-0.38596240126465364,3.2460636301410553,3.717476434937659
8299,0.32004398213971896,1.3212977637190129,-5.047045967999313,2.2002114733866556,-0.7964502773536171,2.001943026107723,6.0070366233372745,-1.208773531364244,0.5536062875113146,-0.714757983894458,-1.1976923739445504,-3.439419021645321,3.408471334638225,3.694559400171631,-1.4792230511016236,-2.8740535117869648,-0.9411249640051764,-1.8086292079157786,-4.95722094905949,1.2978207938412911,-2.857307998275921,-0.10993933107613696,2.9406647368546786,3.68598274771281,0.6464225339172529,2.214598193957535,0.3071311100824765,-0.4740128010724378,-1.6216402379090589,-1.0724987989724433
8300,-3.3440725685679347,-1.207633192600234,-2.4926493329303554,6.174297398509278,-0.3505496525275613,1.2206073481169781,0.12744756408469726,-3.81434619171554,0.3850462770382954,1.5540819736413596,-0.3124311717568746,2.06020154870809,2.089863443321441,-3.49468764251853,0.2654416596199418,-3.183309218323906,3.7594534152735584,0.5632383426277858,-0.6913683064045806,-2.825464652857672,3.1866905106680967,0.015626755287002858,-0.2297322575539269,0.544247950858324,-0.25487709059909136,2.6268389036300803,-1.393045025221717,0.7296559539230207,-1.9086453776737482,0.2000726359448155
8301,-2.0538981153357625,0.423593496539759,2.3906283352158653,0.3551279312576483,-0.4824916237169836,-0.632960023960349,3.1134642811344904,-5.338351019893402,0.03116475058073309,-1.1047344279655338,1.2025017038851296,2.0959547122585924,-2.982156505962635,1.1030447647578612,-2.289790407837092,4.134940045049202,-2.203378668778436,2.237340772771354,-4.7243126613301705,-2.9507364940970184,3.9840954047089845,-1.2477464716835427,0.06727359182099946,4.871426630578004,1.7773320363956415,-0.6631543806903331,-4.25223282732885,1.0852451209878513,0.4635485674654376,1.5892614831735976
8302,0.6918709177023867,-2.658880443447405,-1.328957087680262,3.5989734894866707,-0.933756582572024,0.6307497065108283,0.08007646163246207,-2.2442662252234413,1.0033183157597998,-0.8738929193850833,-0.12427039942771145,2.15903476664403,-1.9640351986289364,1.6950998398049109,-4.075537786023816,0.10103980834537296,4.0713929621984875,0.17204037430424535,3.157156882557704,-2.0549445738728203,-0.19604600979268128,-0.7995680648785068,-0.319896954038386,0.21329872002191763,-3.735803822449345,-1.2442032214589709,4.89139275473838,0.663756856569722,1.647432018931564,-2.22257458632801
8303,-0.6222566225936976,1.2002074673395597,-1.3176608754059558,-0.11633864248282322,-0.3631089026881973,1.219157575831284,2.849462294423553,-4.123523893598204,-0.9519222795311064,2.8862793048406274,-0.5268099458704043,-0.13348548026442586,0.6323298938208843,1.0470922844918675,-0.24413791606184176,1.4965596464465811,0.07562095600975738,-3.007464864707007,1.7729500631430462,3.252432469374412,-2.8794588650838104,-0.9807542875420099,-2.717475273521245,1.5523058936268264,-0.5611794580707468,0.9445600842294475,3.825148198251515,-0.6294930163490662,-0.18206803459476006,-3.3969677734630466
8304,-0.8338436837517733,3.1961080631306196,-1.0893827240537561,1.133070639078106,-0.9619596999968119,-1.4439925944062466,-4.373210149746534,3.656917159932643,0.011071598180479647,-2.2784004410831216,-0.7751160490222784,3.7587378817388313,-2.455441362786555,3.1340275147888477,1.535285329716384,2.1932432186217667,-2.3057058003387887,-2.101408900001429,0.03874014430027728,-1.4201829797835988,-1.9305770658162373,0.20798328002680666,0.2006264480688884,2.903410173201056,0.9258436978405271,0.44625814998775226,-3.912262016305881,0.26490275007698827,3.6906761784446083,-1.4154187600406285
8305,-2.8644899794019665,5.195751995115501,4.004290690606105,-5.706350401635259,0.9220783270414308,-1.551280631725664,-6.036064605064748,-1.56066990037424,0.20945720000981094,0.6325646898839992,0.5931752588787775,6.161537356666443,-2.0191807377311832,1.9631632001661963,0.6550492578069047,1.5878239387464639,0.7800578943591638,-2.9669135533473323,5.464043826903016,0.500316946116035,-3.056897348714486,-0.8858945839942152,0.5124588337629277,-2.5340276740760928,2.510138800420446,2.8378544107861394,-4.001055448267998,1.1854451831695085,-3.3820175527703054,0.8496346066655942
8306,2.352943160089943,-0.8516683496021962,-5.359660183747106,1.4703374674362877,0.11525979748481197,2.2727881083384247,-6.087976147849552,4.900248338829872,0.28240991236004387,-0.14601883712702524,-0.46312257810726987,1.5144593118939653,-2.4780103692536173,-0.8657219289615377,-0.7759988495573715,4.209424104594035,3.059593080769634,-3.1492860375908975,-3.5941705709845877,0.7296481364027763,2.4042326361306934,0.9146138186916062,1.4714760075104145,-1.92580002775372,-1.657967330271049,3.337506675409294,0.7274177247552807,-0.5909394839626216,1.457106031622267,-3.273123617549752
8307,1.201994108546689,0.07433520764137569,-6.195851538678394,5.0404807029779946,0.13987771543490313,-0.26083619592241014,-1.8371149324161777,1.2639620781379612,0.006175365355838736,0.4835725609513517,0.7755180985362244,-0.6921131705651611,2.9529968705033554,0.5985474074743067,3.3449222470901354,-1.445819691815915,-2.194553615957849,-3.256093217293804,0.26553312177789934,1.8023834667391547,-1.5395129063112858,0.15154940065149702,0.35129971242416147,-1.0312527952842245,-3.2588512276744197,-3.8158664544548877,2.780043490433254,-0.8874780350171321,1.479904634771973,3.7022475919446016
8308,-1.3576833627366618,2.2703365766325483,1.0022592713062934,-3.64644393525721,0.20933319477823176,1.5221982552769262,2.424861782301541,0.7653720465141127,-0.6714730817793741,-2.1507584416150465,0.44518571449807354,-0.8131880199192594,2.7669641102748734,2.8917252505142628,-1.1651663189302166,-1.2671262197009288,-0.7122833074433359,-2.5141135147143814,5.463365108560254,-0.14255344223515287,-3.5755533319538095,0.6324430098322242,-0.5634098074507303,-1.8142915367555936,2.1893861728096553,0.18395315042613447,-1.4320525196013776,0.6441146897600358,-2.7846934538370505,1.1992919604459686
8309,-3.0328756064238114,-0.23589565983546024,-0.7914948531018027,1.2151069774193957,0.6411986722078504,2.2039604697339605,1.199616988184065,-3.1970253406520897,0.9754783205885165,-1.3460894611760086,-0.46754892671172765,2.8355684197672772,-0.5087598627410905,1.5006823439468988,-3.215007781087319,0.16327651212451855,2.703970283571678,-0.6441614958143767,3.1979173311855256,2.859249684620071,-3.904332315831317,0.32675615186192797,-2.6018066158052164,0.12221576396622424,4.635576415031878,-4.070563578129278,-0.2017581393627701,0.14926105289739588,-0.05946454765621567,-0.4530512027776439
8310,2.865871415117102,0.05377266759346355,-4.49317221609169,-1.5621611468316772,0.9462228614761274,2.1894664187367976,2.6942073018862374,-2.8325786072265693,0.7369722506295382,-1.1658683769041165,0.3775088355140088,0.18975859610092982,3.862845149252294,-0.849323963777799,-1.4638319610658872,1.2209481343583484,-3.209665629078886,0.4390282703122388,5.886505312981161,-1.6785337469507127,1.5111286540220554,-0.1650641549071512,-1.1541094566601533,-4.399926608487991,2.5530948948881687,-3.980298224987351,3.894841618907403,-0.42222874035027047,-0.6620699138555768,-1.3833396345990394
8311,1.1292693826665854,-5.0502163403213665,4.337587940701166,1.1437602514703151,-0.44598068745885544,-1.1144205470577138,-0.7700513791604848,-5.9624520602832405,1.0492810538812796,2.358078736942634,-0.17845498598313903,3.503598634602948,-2.801344043118286,1.0080105765405492,0.3782764833625798,-1.6923195992420261,0.6537769777912708,2.4535996046662127,5.818978594666959,-2.5087053117242846,-0.8688328715051821,0.3759395499895817,-0.07056827498682061,-2.746811686443049,-1.6495373321370046,0.721115798987519,1.6848035420038592,-0.5261271040579585,2.5199517587225806,-2.750206663515664
8312,0.4974168762488489,-3.3849326995475977,4.324543897069063,-1.4741782670223031,-0.9856139026773079,1.0227640959294106,2.0914858687200955,3.035484286444067,1.1788700552218137,-1.100940309485818,-0.4650691696899152,-4.73983073121024,-0.058054252094216,2.082646527686844,-2.116318685655047,3.8830038226466357,-2.489367645638973,-1.301909766944945,-2.04518544639539,2.3584721703150677,-0.8906003807929732,-1.0205400478803055,1.3674204634806042,0.23043324127019815,-4.002297879525068,-1.3571191122316932,3.064312447333659,-0.9741392917625982,2.3864042002744092,0.882839635914614
8313,-3.4745198198507,1.5218058903776779,-5.299857489965714,6.0383492503551075,-0.004284621692805857,1.2185067907765497,-0.4006180640332353,3.5532349553984446,-0.5783264205811136,-2.395079705352222,-0.658335764644363,0.4791249992124875,3.783991648392149,1.9099413650790602,-4.083427135155734,2.590404892365232,-3.17122961630786,-1.0296811543725504,-2.927758891108425,-1.8539761635373075,2.8394563658016416,-0.3395710292421308,-0.059382619245292645,2.3412323373287087,-1.6759093821197624,-0.30442065667069684,3.482585661952598,0.040971820392750935,0.8833156993386062,-2.4265431428902016
8314,-2.0412079660956124,-3.759122356837427,1.0528564617986866,5.116085194140769,-0.8540580695710458,0.48544673656476434,-3.3533418528274694,5.8305423072204725,1.1410160605845352,-1.3915774028734393,-0.9197986886403529,-1.3068404234637008,-0.6973245803203412,-2.251064055278446,3.4065819319836024,2.4429325146515097,-3.9953925666123897,1.0942667555764132,3.474138606721109,-2.2798826456210577,3.7182059116435795,0.3065511954708313,-3.126125059123302,-2.09288800909399,-0.4683179511274993,-2.5533175030425,-1.3774556970939393,-0.12317214183196779,2.3726049807887897,2.1496583123104003
8315,-2.9947632642495883,2.1218067105897376,0.4950748590111367,1.373664942920513,-0.8671580417207214,-0.1286252065509501,1.7830588578298894,-1.480229182699194,-0.3440850156574946,-0.606504715305535,-1.1726773515162137,1.8204374073485887,2.566479343399614,-2.30816688953462,3.271181179476347,-3.6462127692923634,3.2622464588516777,-3.145527322900339,1.9487257375312481,-0.10117302274310802,-3.275088074723609,-0.6588882632445054,1.5789157794062678,0.5075078437708953,3.200871003934047,-4.7466381129203015,3.1107895667362584,-0.4157954285521992,-2.6775821877436616,1.528355158549136
8316,0.770537363653041,-2.279784580547755,3.486354481969414,-0.5749488179462503,0.5057453513879762,-1.9079037985162834,-4.629465177851415,2.7814502534960184,0.37738080477889113,-1.921472198322217,0.8409098519371794,2.5511964659615813,0.09379718567662465,2.767747824047028,3.520608886777726,-1.8406144271542129,-3.386115718523058,-1.155423750823772,-0.8839000854751404,-3.42759988845488,1.995496726838713,0.770526585894336,-3.102585975576744,4.648062636770916,3.417952363522989,-0.1861019644398212,-0.00864921259921303,-1.1539041954282006,-0.2950308082019024,-1.7742661828505604
8317,-1.1529553312305953,-3.3281028676651694,-0.03311792915035383,6.159934449273539,-0.5737227637392084,-1.072035557488034,-1.062476910383193,-0.845635223250838,0.7041815377969174,1.3338272724808462,0.3387968198409972,-0.46869349648471825,2.6469784343564413,-3.1454136299565754,2.2815288115882915,1.795615163121969,-0.16247567714826872,-3.4162331019615078,-0.5921548252016144,-2.5847916767920847,2.419681487119952,-0.7328823786378189,0.5472674691505315,0.9428799243582588,-4.779561740807544,2.238199929864276,2.9152108746770757,-1.1518764117832596,-0.8278423954265328,1.6058697434792393
8318,1.7643812042257956,-4.24855503872076,4.104398573888645,0.686022879102282,-0.6021748976644172,-1.704072720831336,-1.2653885950297123,-2.9236171978010574,1.028879896735635,-1.239991545604072,-0.7931004284251326,5.193217870124357,-2.5357636655807276,-2.9870645951823356,3.788522372342328,3.3634093228923625,2.009787926709201,-3.6388913611805265,-3.2457162082258897,2.3819689434846865,1.3706424883125585,-0.6732329054572128,0.7607964932216653,-0.5944588113385869,-4.742391327238787,2.897540142616112,5.1096812829882055,-0.505787756274354,-1.0192509992335879,-1.739791342854332
8319,-3.4845717540599317,0.6092173555349767,-2.232653447617789,3.6906423043208676,-0.7854213780514545,2.2027869198735424,-2.0258634245445464,0.42087084895162263,1.0203485397554006,-2.115751777498467,0.31412691957125105,2.3862688937647683,-1.0867925545750854,2.47459609759024,-0.8020609918818558,-0.7127474445245561,-2.8232048823005496,2.950209775692098,-0.6851456460030114,2.914574161977388,2.394593936046437,-0.6602736085942569,2.430037967580242,-6.39378681100958,4.14777202999835,-4.372471464231433,0.1843340667043165,-0.05910625961562843,-0.9064282238568939,1.0058998510045214
8320,0.9308607166434388,5.704090216087099,-5.097978713866741,-1.5180257636627914,0.658323043599256,-0.6772694988000527,3.2464930420167484,-0.07727565308258022,0.1408078298719122,2.476861988464801,-0.5114830189864117,-5.275404188284476,-1.5737398552616995,2.8692318940462442,2.7442400913944844,-3.7245567156225654,-3.4334430952976405,3.1182676807414644,-2.7034579197479616,1.5005132796123775,2.649873673475444,0.45458166728326166,1.4476867925341068,-3.3491974931599877,-3.799650858444849,-4.380998068456474,3.9193657550063996,0.5988549571777311,3.437607796497744,0.2248204182227198
8321,-2.5202655314979108,2.934191225838944,5.629954224176263,-4.119558258541925,-0.6825911623407632,-1.2417304976344,-0.6229805616119819,1.8068216182830668,-0.10779819347772879,-0.9831644465400107,0.20940003457401968,-0.30227845122739794,2.9093268979354576,-3.5611145929756187,-2.387482265153073,-1.5234931433943615,3.151207700170403,1.4115554034174984,5.184905938645507,0.7315111311089595,-3.082838486864379,0.2227823191088465,2.8722360809008105,-5.928596982902498,-3.566322741308891,2.866070000449536,3.9266809334511628,-1.054368989966286,-2.5041187404441967,0.33205953782193376
8322,2.5650189929255696,-3.818658371640513,5.18566095052228,-5.12056612594894,-0.5687870020349224,1.757331556176739,1.9672395677076189,-6.162813117592272,1.18339739334131,2.7735070863638533,-0.38506524769289907,0.6237343178723549,-1.2883468936801616,3.14811977276576,0.5464488575039006,3.153529499526279,-2.8800562617048353,-2.679694974410644,1.1997495313116495,-2.9168338064744077,2.598123738221023,0.547864403433433,2.052928941367197,-3.4818328078616396,-0.9235268074407159,-1.2845829352654121,3.23541842267473,-0.2915502180833638,2.7050922163960998,-3.440850678278059
8323,3.105127075172156,-2.207037931585319,0.4528136905354003,0.8172744577142232,0.17408450820728483,-2.3422618000435254,-1.923196476496333,-1.4314668840145472,1.0521399567341545,2.356776884912339,1.162902477715173,-1.2171559588508423,-1.4672884840102967,1.040219268634086,-3.9543738180249175,3.6992268211454338,-2.3753650114275953,3.0575812236835596,5.05216062908784,0.921992714853177,-2.9493012960085565,0.5686210903779889,-2.9153552096984328,-0.678117928614764,2.20619940861501,-0.03844410570147616,-1.1313553089403712,-0.0267642489414186,-2.7736825968285785,1.764046851800117
8324,-1.7084226441399508,-2.6875706340905943,1.004182941028418,1.8304913970611132,0.26724684048577707,1.2940720996554536,3.7480774295710972,0.8974221809284799,0.4987667267497615,-1.8586508123284684,0.7589711179187448,-4.044586642839665,0.5407215005907133,1.5179995973838025,2.6067998095384333,-2.140937176925135,-0.3517834382121947,-2.172800292375321,-1.0388613668853495,2.3128786494663487,-0.9229051599385016,-0.9260359467756869,-1.3343650004859313,1.9092888246163788,-4.8489749001382325,3.4005732047128774,5.622398388356178,-0.2548809474556144,-1.5677493812469816,-2.3513663642249565
8325,2.917133230234935,-4.580304827669735,-1.0963285587158822,1.358399942986889,0.06716998599099,1.3339302271729885,-4.912185006207309,2.0964996326391443,-0.16863779168018844,3.5203952900847746,1.206317512628008,-1.7423896374644805,3.9118189133686485,4.013637967613821,-4.076165411095705,2.1819300857892614,-2.683134151112739,-3.348087404562971,5.5506150115360455,0.9267784725911579,-1.7756317843862846,1.1005500303957199,-1.2484377766503787,-4.553873953488996,-0.6275887840311292,-1.3900135272280245,3.5316931437603856,-0.9630088531050331,0.6849321667314303,-1.2360141461243952
8326,-1.4067830993758115,3.369296139030432,-3.1720258816457516,1.299783535274642,-0.3313105715205187,0.24103987823715656,2.481279766996284,-3.8631862974330424,-1.0725888709844602,0.8967201806490781,-0.15412572956089754,1.7119009503330034,0.7388776849542396,3.6705820025905957,-4.243309290632359,0.6585531541006802,-0.34998764873243005,-0.47471590228043503,-1.09223721978044,0.979544840424218,-2.075682114267817,-0.1150856731361447,0.40920610576718097,1.8942540609902636,-4.6518642089798306,-2.636857773870748,6.029155724577308,1.1704737176426878,1.4069037194733482,-1.3178111788395288
8327,2.8531782820751808,3.882581986656625,-2.1472503938648693,-3.4556319010152343,0.5010139819554027,-1.6338919558069573,-5.803150693471277,0.9490583040495544,1.0665686413530135,0.8593961845834368,1.1770084882507472,1.7511190752345058,-1.069020127119698,2.219842091428408,0.6074743533385956,-0.01196886077987358,-0.5169826423557708,-1.2293448145113768,-0.9371223461182652,-2.2644186027204363,2.9683281570815723,-0.8369772564816707,3.0920349379416656,-2.021844889705587,1.1786153434944744,-2.951875406616711,5.296275493926917,0.28504661608772164,-3.0475242908270648,-0.7605377560621029
8328,2.6842554406806407,-3.8663892648205618,4.39672301075835,-3.365250736338396,-0.8576598489035303,1.008321398623588,0.6280068389392568,1.5728306742212155,0.9447110042874769,3.270285249006797,-1.0092829919999131,-5.40655077445485,-0.7389892545400585,-1.2415688547023827,-1.8519838286791437,2.894877626481904,1.9428435055046585,-1.005179194064734,5.869294542778551,-2.801093364090148,2.847916950439629,1.1861967680798458,-1.9489108653354155,-5.153404031875191,-0.11678157718592175,0.2884790296391344,2.096066900200597,-1.0040368546420715,-3.614374184601804,2.3506466865932865
8329,-1.9428650488486134,2.7479664490354345,3.1560647272284967,-4.8899483051524655,-0.7049468692966125,1.6337290470338548,3.4884418621913724,-1.6515829829871507,0.40095168254521596,0.10792655587745337,-0.4397218573736561,-1.9060152602532305,-0.29892356646400486,1.1961250560260126,3.9143068401020855,-3.493635983727909,-2.2512836184440683,0.9334112725081205,2.8287000384489467,-1.5808976331745335,-2.024676862076735,-0.052703673633375914,0.5654876248924428,0.26409050554048363,0.1716870077964856,0.2411430787092712,-2.9248917411457285,1.1524331547675883,1.3223960427137271,0.037232457161893606
8330,-2.1496179438366383,5.394887085156945,-2.128015579487734,-2.4634617170193707,0.8323571917294572,0.5138509634574167,-1.1611366238428928,3.7091526752071857,-1.208885859495087,-1.9108596626471321,-0.5865528633152959,1.15828233409324,2.6019570482718493,-0.8543686824051839,2.538761775087835,1.028190022317478,-4.135376397008869,-1.179163766262894,-5.635184776584531,3.154182476203431,-0.05638622261825965,-0.05728609880598068,2.804193487439056,-0.2095188656365039,-1.2687787945365585,0.07688354780838935,-0.8618495884715784,0.26133516137231894,-0.5804653060494527,2.3728749798801587
8331,1.2173890907026141,2.172646097622163,-5.473663703613866,-0.11602122537244242,0.21963761725341913,1.980012123408141,3.1834525388336488,0.14979610252134634,-0.9097374911548828,-3.1782805217259487,1.1408277573588874,-0.38605838583302443,-0.644007992256924,0.31358403759860565,3.791074044486656,-2.0585706189172726,-2.9104718267744722,1.5083923558635988,-4.732551729129273,-0.528697284339378,-1.5244015596890126,-0.5280648667038612,0.6256497927329754,6.68806564712574,2.941474896989444,-1.2567364117094577,-5.411772666856411,0.5313446940274851,-0.5343660638482142,3.7300555514004508
8332,1.1743766312939385,-1.3970451987330463,1.0182866820978234,-1.9165756607209055,0.15511691459394905,0.9658406314682964,5.886931930640394,-0.185693647824543,-0.6184714959441369,-0.29425031335843777,0.9239025816791653,-5.7124190551924094,4.038562033281533,-1.9613308919176937,-3.5524345486218536,-2.8435686791252675,1.7313677536380538,2.5874043327454217,1.1209634758992912,-2.385342416759629,1.7042246338843512,-1.1931965483271822,0.8234998513860283,-0.07014899608563852,3.369531450839265,-3.5275241445934498,0.9850000659241793,-0.2569525062151481,1.0710646379028823,-1.6411195038544584
8333,1.9511778779326328,-4.5761861303306866,4.581627081969895,0.07752281810358141,-0.9677645213503354,-1.0663771263250101,4.2803434035660075,-1.9330524004417313,-0.9265047294136934,0.6774845384575183,0.28236819340359,-2.380639005571645,0.7356209139622294,-4.102476045664716,0.7653413020689968,3.0987304359574424,2.2103600538415122,-2.707576660165243,-1.7266896891630275,-2.2401078548546867,3.2347178052943804,-0.6613285831470561,3.0216663010921145,-1.628257979224518,3.9598812475057166,-4.6437289004459,-0.22292544230836953,1.0951211313529967,2.9667742823151,-3.155122318416325
8334,1.5055969802583569,-3.4219481388906594,3.0221625031549593,1.4857190220521197,-0.5397681601888205,-2.0517622063858845,2.600834648657173,1.9389238096773447,0.6473884329816713,-2.37039643887279,0.6703758703082334,-3.4871263227516067,-1.4880072784100324,-3.231665782332051,2.7583282050658866,-1.5818957295252805,3.7569301497623364,-0.21368956456060495,1.713516777867639,-0.534693897126429,-2.744852136114929,-0.5922791887890497,1.3452975522056523,0.8130108919543453,4.184346596681522,1.8023691128153203,-3.176312545019144,-0.6539728341382807,-2.0053698055386917,-0.15106052479755583
8335,3.538051644698651,-4.693900849981826,2.1676633934123437,-3.3140763452123565,0.3522636591143167,1.949998497968938,2.632772347448828,-3.9009339400680574,0.2623212728708362,1.3061847686274923,0.7120321271961405,-1.0123765760752121,-3.7071790851004973,1.6886958247603339,-2.4611955560433145,-2.6221613978892186,3.9199620849740633,3.181878129298891,-5.78412128574773,0.2787108046286608,-0.15121252756465076,0.4051627054530993,-0.8816601014030212,6.133120404630915,4.453919988906549,-1.4302930039933273,-4.891390476535133,-0.6229254303681966,2.7093248005526007,-0.2186358785593221
8336,1.7479804393992993,-2.9279524729268154,5.5183685740607515,-4.053286757955679,-0.13633455964700447,-0.14877522293044976,-1.1781085261974589,1.995692988175442,1.0151089939930653,-2.7679266356810004,0.26373105177242717,0.671502127937547,2.2687749203552947,-1.2401091464855742,-0.6359345631929294,0.8757391199806399,-3.9177216895782454,2.649251358921049,1.7718770757851736,-0.9650422628414272,1.2528442538617384,-1.1353760675512317,0.2500561639233698,-1.1743591631803625,4.756241313655622,-1.2842467472221486,-5.318556246919421,0.2273730231939055,1.9986103433469609,-0.37942168605173343
8337,1.5532417091429522,-1.2333498675154715,-2.6329568035982263,4.655147484947754,-0.847543569772728,-1.4945389532041968,3.354676124745943,-0.8298802057784975,-0.7027261722373197,-0.4805297658856542,1.101324279626267,-2.4428642604707207,3.0562268816100975,-0.5610133075014652,1.5667174587219108,-3.761616611265328,-3.0967014902954197,2.7963870687304464,5.873691813615501,-3.431775719836091,0.8688253395416936,0.8707171382846388,0.5550555343910055,-4.7365141059994365,-2.1108602014976263,3.4731845927970895,-0.6166974934976963,0.42054225724490113,-0.5671364002085326,-0.599032754834937
8338,-3.2632950379970627,0.9218033500764555,-1.6828401164003424,3.948428056136052,-0.40851194390093726,0.4844156920859106,6.047612222992939,0.004734679055690805,-1.1487378699651378,-2.3939086496755593,-1.110737205587223,-1.3989631768207076,2.4108846872453356,2.299042222209497,-0.7918361154182705,-4.164390935573797,2.401493712069378,-2.1551935705319245,5.022380032970592,-0.6250033798044985,-0.08089609658185459,-0.9705641929748667,-1.930260478936722,-1.415655884675342,0.8361900543815111,1.751189190137957,-5.090824403430563,-0.0423469478168057,1.883826682427216,0.6619654243038688
8339,0.5914914730748304,-2.8603599158688056,0.5037121798918172,0.6691203584747676,0.3172508543158834,0.7787850501116154,-2.327650112112849,4.687502211361945,1.1645484093439418,0.3487879951087667,-0.4448291467971801,-3.428359356904629,-0.604076360358782,3.639710728823921,-2.3026515481663328,-1.5500189068133405,-2.1633740732695195,2.980410159784256,2.917892446746766,-2.830586926527493,3.4887722099574,0.4488108656263927,-3.02584964358258,-0.9990389522231595,-3.684709470103197,0.9925699693254835,-2.2446965707728097,-0.07709189011531414,2.337997755617586,2.675930206051433
8340,1.570792330259092,-5.73818212300144,2.149107822544135,3.3521193772355886,-0.6109331175294588,-0.7229042895077953,-4.416208832670019,3.368195751587244,0.009894887295977206,3.259684133272561,0.5442032561594292,-2.765769195645209,-0.1540588477972591,3.7576367327183675,-1.5830134564744132,-1.3276747961177726,2.7295657406338165,-3.4224553729625207,2.257642094590679,-0.21251227245866922,1.706116482321928,-0.21703355416274572,0.9599224195571807,-4.494135169851035,0.8128788309866479,0.5437494238382143,1.7335838366713787,-0.9292576582940217,-0.4893347134285868,-1.6716197197704652
8341,-2.121330182142815,4.859175051877035,0.7872167322241275,-3.080306417263948,0.1222518000569166,-0.5670069847511989,-5.174938095746484,2.9196408580847546,-0.4503183498177652,1.1275843151589982,-1.1585177901774748,2.7365490624979465,-1.6579120171848878,-1.517971865767688,3.4606149441448792,3.859295696152291,-3.739943226204316,-0.404083531140051,0.8133889019604901,-2.3601943552004876,-2.3131066638173863,0.6322722726549186,0.7113415527179576,2.5162982916818564,0.5575453256707235,2.5493756927389732,-3.908539317999331,-0.2523958297184352,-2.100305280811469,3.1543194101227137
8342,-1.7181454880357165,2.4923076883923407,0.9394462747525942,0.22615815069318757,-0.11063147578711074,-1.829135150015171,-0.612692372946352,-0.6917689522123425,0.45453978289002084,0.3714947333856742,0.573014251951677,-0.09458744306868994,-0.4429495247790385,3.8487416838054678,-0.940905606559717,-3.0153980588084544,1.266216680500598,-0.7157051741586109,-0.07286888867368191,2.3272507730686414,1.4052903103973584,-0.1614550906477552,-1.2431562095112554,-2.2550608946359816,-1.9595946561621744,2.6613964625004023,-4.329997308864673,0.8615160788663951,2.578107753842506,0.18857166982072116
8343,3.5405763003952657,3.2680437140609726,-1.8230680946366888,-3.478605606573499,0.8928549428155095,-2.399801256061476,4.988871513533564,-2.128995691525297,-0.21178813652496942,-0.8236406612873939,-1.1078651210851809,-0.7165819031107361,3.5450307801395518,0.4541095220068705,0.4403309292307753,-1.7146682352220086,-1.7695632955271563,-0.955239700627752,3.060233914655033,3.336789873632494,-1.3023898908525666,-1.1625870123305622,-3.046168186115633,-0.88587869899143,0.9532892078299753,1.2905667056704786,-0.03055189787577106,1.075205741492777,0.12328813326998223,-3.4117978903842783
8344,1.9540151854985623,-4.101097533514899,5.933074384748988,-5.695325661692888,0.5349769125807633,1.374356712379587,0.8778134233046728,0.8053024604252776,0.061267774922406204,3.3709752174181666,0.9058420641991507,-6.021200940269708,2.344502428470957,-2.0085119669999667,0.6988932354621689,-1.9729027137485282,2.70203088663407,-1.7640118698184306,4.424946177173645,-1.801120432089082,-1.2786662780070497,0.7315060421801727,0.468888045922375,-2.5455535551827033,-1.098110247790764,4.4903108269342695,-5.7569607306561466,0.895279858661298,1.0557943297439678,0.41368596311057537
8345,1.9888246387074524,-1.5466861537568484,1.2227497743888094,-2.7274160204845117,-0.34167585907556774,1.4042036202207662,1.3725589541527832,-0.7094119195614716,0.30284352458108277,3.220461294471196,0.1445992682165791,-4.3310511218601775,1.389514392605534,-1.2921549708319766,-3.123115383058007,-2.9613344570151767,3.5999544772537853,2.3871359410460826,4.826395724668426,-3.203010129436059,-1.7907257219505368,-0.009941475709056569,-1.7220752264056216,1.8993568288302427,2.971396376031553,-4.977445803131946,5.403667463717259,0.880796150371725,-0.5805888594913,-3.697825327494064
8346,-1.039243461635472,1.992854351971161,-2.82850457711211,3.756642470399864,-0.8904294435900928,-0.991319340033268,-2.7199629646993557,-3.9479758632503668,0.9157542364804891,-1.2501449179736017,0.876571541658171,6.125757967784679,-0.20723384416991308,0.6177749401156873,-0.015951601496809076,-3.9917436791484793,3.5231907313178503,0.07396345338190535,2.110346284487335,-2.293150960147196,2.5507440323542063,1.0357698164687115,-1.4976394359482175,-1.906069737217475,0.8633587071949762,-4.953704053772762,6.159010990412735,0.4058128919674413,-0.7171297427837526,-1.7573487930153693
8347,-0.16441102179410194,5.231943203763365,-2.1558043420441955,-3.9632596813403183,0.10785335129484297,0.9436784901205169,-2.6929736768092205,-4.670825735412151,0.48355413436977646,0.6611990514788033,0.5666235267480406,5.652422699624754,0.15785916569783254,0.06898342540076285,0.22765186091956835,0.9049687349892039,0.38001931024710345,-1.7394824972542349,-6.249338108524757,-2.576173658185416,-0.18790174297524587,1.2161512821066234,1.580790494527788,6.216471733048365,-2.018755915209681,1.4049013654066016,0.33446783394633073,0.7350441743591674,2.558450369356347,-3.0141078278555096
8348,-2.037292274436979,0.27579137675305887,2.128959484996699,-0.864178446065214,-0.5756562294466012,1.0723760881991424,-1.9275717972993434,1.0464800787968898,0.28687590333334434,1.2271023944620048,0.02375976660245005,-0.65664634589535,1.4244448164907126,0.5966006419638674,0.930194452311607,-3.389976604291272,-0.10807365843171368,0.5468103519570384,1.7753575893297047,1.7501211489035082,-2.22738631958973,-0.8233091636898591,1.341198728577023,-1.815981983533284,-3.880748224465087,4.446108937656085,6.16728990540831,-0.7075421033985014,-3.6116194181765486,-2.413489097020987
8349,-0.26836089612989156,-1.173949009127071,-0.8441296351867251,0.06952862492869372,0.2078248037674948,2.0090861117476173,-5.389218244572799,4.968942434159583,-1.0029918745412978,-0.4102722056331576,-0.7207816387857955,2.55432152937345,1.8836252889494212,0.48910634575388556,0.4144667000644837,-2.245935624093903,-3.617922971695055,3.076660261021427,-5.44281771945802,-0.48327032562048444,1.8575244523359018,0.3496546901739359,-1.548792498044424,5.267701400610449,-3.2815912908982483,-1.2619101123819796,3.7836748338053567,0.8027896092013833,-3.3044897339071824,3.2615266941839245
8350,0.9907355967233524,0.163867952777899,-3.1436782852890452,1.9888796986050572,-0.1876936701076637,0.18788870729052576,-0.15604953517046738,1.7965625209838905,1.1967637575120493,2.1262775214301826,-1.0969769810710064,-3.866577283684677,-0.02264129793935865,0.18640785026003215,-0.4921378733079216,-1.9372580008266365,1.832576688476145,0.43305263333800426,-1.9449387691236808,2.7374341260190533,2.3003105275390325,1.0273848341665515,0.3162775936717708,-4.4364683122753945,-1.4160514109390476,4.9045382227150895,-1.2574743026093493,-0.6942561152296554,0.8398550075279303,-2.376611401461675
8351,-1.3737692705383804,1.1428705270949635,1.0036527409919422,0.3808134407903445,-0.5802397138386661,-0.5733277245000998,0.5085651525657582,5.959358367480593,-0.07602561225606141,-0.5395482684807114,-0.7469349103625635,-5.1054147289470535,1.6803982491310308,3.6980078863198607,-0.6791132289051163,-2.562971532338919,0.45542397474748597,-2.591745348954067,-2.105220833609497,-2.4065363196118845,1.3716564838375582,-0.646194529248648,2.237821422645977,1.5484737759838119,-2.0971262106740696,-0.1886853950318681,-0.8859359602431525,0.5224725704632878,1.4957445355503936,1.1535304599386826
8352,-1.7208218993519484,-4.45327630536784,6.097197989498895,-1.4600502938871927,-0.3381791450492009,1.8751296541573783,-3.405517632448909,3.5692869491077097,0.25424430546628507,3.160941420947239,0.7916605477069263,-4.370615590779256,-1.2062728119352073,2.4138865592246717,-1.7456584140422375,0.21121859499882234,0.6389427014233711,-0.3121166296691342,-2.4822820770742773,-2.8064860049549694,-1.850454357254371,-1.140038363180838,2.7043958082309842,5.574864994230801,-0.531080554238013,2.7407614619061533,-3.054981380805451,-0.6727303118888059,-0.558643172393797,2.076673957423214
8353,-2.2079324647477208,4.906608793233907,5.515037911457938,-6.207571342572738,-0.2951117556968499,-1.7110311416744626,3.724360139063382,-2.4193929428192256,0.845577245367906,1.5654260479727107,-0.026191025638140353,-3.689779463946625,2.172966576809735,4.021044209797999,-1.2726026635665786,-4.209832776193878,-2.1496390860941244,1.43806373924712,-4.9856245789908655,0.1557424869730344,1.1998042894165728,0.9251768354105749,-1.1458698098024165,3.8507707769904265,-0.7651615575096713,3.039810801946885,-0.38116086718026665,-0.542977779627722,-2.5884891663931064,1.2379785687671898
8354,-0.3101844943436518,1.0168524850240033,-1.952636659200234,4.255888480203971,-0.5933427048206104,-2.4165771068634214,-4.253563111735726,5.527022052896374,-0.6371105364968956,2.7481993005923187,-0.16542062082578912,-3.219127084430255,2.4684671708650114,-2.863529820112406,-2.2354095604250492,0.6812038373852829,0.7113566659607784,1.2379117063266918,3.6042180252894873,-1.9134310829115222,-0.600036517302927,-0.5735300445547518,-2.6641258202901152,2.1469054397671776,-2.0526835099184275,-2.461235084557984,4.123213357239486,0.08029447391567146,-2.793826825615584,3.1042375889401512
8355,-0.2930807503426607,-2.1162242798269837,5.40376456027229,-5.062748630328787,-0.43143368741658494,2.4997227876427637,-2.734359028261384,0.21097123039720955,0.4576542011780109,-2.9248854305023855,-0.654798078862207,5.645417106050786,-0.18205855737234344,1.7062835253286934,-4.105670134617661,-2.1029677292023408,1.8025017170254536,2.881911178838461,3.246223416176864,0.9686686093744061,-2.269121978642577,-1.0558549750792823,-0.8856131569494838,-0.004301914882585578,-3.952921975219784,3.3618555017288045,-4.529880657706645,-0.2073488344736436,2.7854002866361434,2.5428956790384234
8356,-3.2057947745562156,5.27437487168763,0.6082183709229199,-3.407734898581541,-0.07191476560454602,0.8028511961317903,4.4105696585486776,-2.1145383067778667,-0.3249243386798737,-3.2493559141891364,-0.3412058304688088,1.6194547315670427,1.1895817926462442,1.0687961434530386,0.6199231659572604,1.7556918396108863,-3.3534145899182732,-1.2805783517489289,-5.441438670640906,3.2420997357543264,2.5680076055549677,-0.7728133020380152,-0.5623280572178846,0.9664726885848403,1.3836946927386045,-3.5667078067401192,2.677486961642842,-0.7697664620366673,0.6772952497896298,-0.40200263539099446
8357,0.3281054147701319,1.6717704523344459,-5.410414265705828,3.609061312896447,-0.4727319029337438,0.2742089886385841,5.150606104345631,-1.4476867413091803,-1.2418375987966859,-2.7782530415672024,-0.19500214871114085,0.5121734260386184,-2.80983199108522,3.4729587113678306,-0.9521777938511988,3.0491774549118027,-3.122859687309248,0.3627333059662643,-1.3840068595221702,-0.9235953270913768,0.4096891029063805,0.12051962218311196,2.5248008760666156,-0.747407414545247,-4.549959286868107,4.5683912803806415,0.09197063028436148,-0.47533105138333287,-1.153994929904714,1.518923357494419
8358,-2.441494988062331,4.466830417343562,-0.08489725931094227,0.8698118723589161,-0.6104780178212992,-2.199772024507906,2.8314984624516555,4.931927763015985,0.7443068699308704,-3.478154854236063,-0.8731233006877268,-4.156454940474699,-3.351602394634222,-1.7550130142829659,3.945801561619799,-0.18264266924130368,-2.294054897845932,3.63751141438485,4.983636643736993,-3.4402375797126545,-0.6695142535949152,0.9396244789024868,1.8335739787793344,-3.647083268113935,2.8501643096526443,-0.6504484734320783,-1.1863218857743512,0.7756143936063307,1.2483226161628984,-3.037330960212147
8359,2.948828197010144,-3.5936050998271867,0.33480477260993524,-1.245823824874119,0.5825199264539567,0.9732760286272804,5.7794100446430186,-5.100055204180467,-0.5588119946540235,-0.8684225028613444,-0.8412949479723864,1.5891746050252245,0.08040105218349325,0.3056552935218093,-0.38844599804173185,2.5307830321339715,-1.9935011755079248,-0.5348922042894042,-0.29734120897999006,-1.5697293315355623,1.438477702144187,0.862654196318231,1.0031766748706463,-1.4372380328202148,-3.8778367816310535,2.76199121372305,1.0833571860110602,-0.7635369337327775,2.1483335774661043,-1.3523082618330609
8360,-2.0741598639730316,-5.441368459041751,4.651245151456177,1.0856314048918598,-0.11027594436425603,1.8889277110309788,-2.089786903316938,-2.1905518409378146,0.896891705739602,-1.0495025230847919,-0.5317025031456177,4.964652064745589,-0.7026215258407298,-0.3403484159477692,0.9668375670905682,-3.0100425278765606,0.8981312591995767,2.1880436433750887,1.8330949292827015,-1.2493918147231469,1.5455913450824141,1.228079248132481,-0.09094825096807391,-3.2664254568090847,-3.610154093059755,2.59690401679147,0.1494310594476005,0.5873378591268033,-0.6325694551397749,0.9090506128369853
8361,-2.383775539257261,4.597579737258524,2.4581305375547977,-4.323442602533451,-0.6830308286393283,0.334538695616752,-5.401927692379111,1.90715549893973,0.6837891606089812,-1.9132754774909966,-0.6264557188759197,5.350714229197376,-4.014649529141316,3.787422806907596,-2.708907193389834,1.1440812297808982,3.7635433439784016,-1.9714906581355685,-0.45178777410192694,2.483027764272009,-3.5756869553958683,0.24527505677023687,-1.1388663294504262,2.4380382379032888,-0.5782701840160165,-1.0777421939681169,0.10510924646936459,0.9421503038519585,0.8894030769912256,-0.2806502493251095
8362,-1.1607283970328446,4.899301926906492,0.12072892408071212,-4.38868673765969,0.050560715025283365,0.47882356868006326,1.6219025969761134,-3.447735814462213,0.13436954717009364,2.9399169691035816,-0.3360038295122152,-0.9124494692753018,1.929880008754175,-1.9233575410504837,2.7912218382654927,-2.882684499025965,1.0168877079168936,-0.9319475148599619,5.412449348514372,1.500661816833059,1.1077135880304603,0.9213094882736694,-2.7142460067142746,-6.227888234939982,-1.521357039061506,1.8260368829133178,-0.5740557102970882,0.06937045317020374,3.4766232952864655,-3.276617882008061
8363,-1.1974071470239096,4.664226162157522,0.19393608684047692,-2.528253049250864,-0.19108045737655477,-0.941421595346652,1.9429624182181477,-2.6296487150100454,1.0529638807001698,2.518421100776944,0.426188416647574,-3.3108871013327033,-3.402669894136597,-0.13391357216104183,0.13014525686252654,0.24270388744092486,-0.32856417293162465,3.4922984949259543,-2.542358351071801,-1.0113416654811171,1.8528405528216574,0.8280396085638548,-1.0505221807200424,1.9233420358847724,-1.6447127326262176,-0.5117318708001228,5.19786706137489,-0.6063520517990515,0.8964662754996819,-3.3315366816458454
8364,-3.0168761841059375,1.3748802922352397,3.163423441615592,-3.7033989072719855,-0.19802946927273535,2.3800008267998773,-3.3836256672677365,3.548653738793213,1.1034039070754842,-2.242724826339167,-0.7606402520283329,1.7349330997666463,2.813275209948916,-2.293687960872493,-0.6180982773353634,2.5425979065916913,0.1348469049066594,-2.5789337832392984,0.8324494156295046,2.6452396645780887,-1.502392273326688,0.5301751500248004,-0.5190768187747494,-1.9863951381336022,4.354946851478644,-4.365509372939691,-2.8914354526154114,-0.43074882335687814,0.35494402041075723,2.977802777025893
8365,-0.7040847252646092,2.776475085374834,2.5306941556385887,-4.639139419611137,0.10253665803375833,-0.06648175417137381,3.3331256656157713,-2.5906111545701016,0.9019144080888619,1.8577513692283532,0.9376482416012513,-4.439828529964036,1.781259094570018,3.76314858930046,-3.3245340609935,1.3255226275981222,-0.01757478455986572,-3.527821465915121,2.350923346822391,1.515080100272085,-1.412631011582219,-0.29967975001012803,-3.2390325303486485,1.0853398448438902,-2.0454113737176662,-2.2405746817354206,2.7229087441657107,0.17451250593481138,-1.5562808426286825,2.9448456479845824
8366,3.3185953852819665,0.8489722561938358,0.22098174111798485,-2.7639382852638796,0.32356371970706865,-1.9481748170369375,1.4679356239610577,-4.708110643967647,0.8911537679743473,0.9096852530961073,-0.34359872554969595,1.7829347244859406,0.29535608066032637,0.5216967809644828,2.7807214273435292,3.6347690091796636,-4.0120516799925205,-3.220491618155341,0.9095654950769934,-0.46529873187091475,1.3559123926967445,-0.0654099482347128,-2.9716417717192627,1.2368725640485145,-4.89410953552297,2.543090230257704,3.1198702997703975,0.7088598498871992,-3.466604196763768,1.9888933523747134
8367,-2.8420246720243405,-3.951680632090188,0.795895725857104,3.575479256280495,0.39045310316471626,2.031877218812239,-1.809799288310277,2.113450916117376,-0.07181628986088207,-1.1773548635949531,0.39736203270461345,0.5481574929442345,0.2766506029602347,-2.408035815548777,2.1619701506449935,0.38759117002969035,-2.8264758041477904,2.408299696061789,-0.2865623334027134,-0.7797082135411468,-2.080053229754352,0.8585134700312711,0.9734639505916522,1.3143463560726687,-2.6392939351806106,-2.180182115279951,2.234220086732126,0.7051796671074806,1.657552412686723,0.22252388393751765
8368,-2.9647440309015654,1.7305699645224948,-0.17286698383152554,1.7879580848236785,-0.13108360951935172,-0.24983342509369422,-4.651462834016879,-0.35125167829086834,-0.9307912481779343,1.3911062549505147,0.12969069969863867,4.412708805836637,0.2920844625535821,-2.0661675276868774,1.4103198744272056,1.091525311642691,-3.671052481319613,2.943290360383159,-1.3312474763567188,-0.36502676838316184,0.22118464725772213,0.4254561358257387,-3.124615996548062,4.1742494582018566,3.2867842735528185,-2.634581489385841,2.9738623151358397,-0.5074858465495771,-2.030276363260297,-1.0883028894896665
8369,2.689267571164102,1.0417008324838513,-0.4780927230939227,-4.269982183067086,0.7471396327766593,0.26996686973641637,-4.49549565979731,3.6751001654369304,-0.13360103590297445,-1.4578883788069952,-0.7145439428454692,3.126428851915918,0.14850493878312676,2.086266267904154,-3.9511307468494135,-2.2791767783460983,2.194825595329391,1.80071072317892,-2.7449251069760905,-2.643258117331145,1.2111356974987402,0.45709609724861533,1.8059446248497455,1.9140068047075083,2.7679653137214117,-0.7557307715707111,2.5206591171492683,0.18718888331245243,-2.4093548077497235,-2.3107277348594017
8370,1.303504778931373,0.823424371979101,2.333470529042369,-5.060959541796471,-0.4064565422958113,1.007016404139426,5.740540897126419,3.4259719167992913,-0.8511697145492256,-1.735358606458945,-1.1766108267688753,-5.403373666148536,-0.25495470354504235,-3.2364590834191986,3.9105502840767095,1.9066426978245374,-2.3960210356093654,0.07024184067241812,2.8136501565469842,-1.1143993415367355,-2.469241477930918,0.6738235796916685,-2.1997836304660243,2.2959507136923847,2.485892739885955,0.6473855335067178,-3.8883321372534922,-1.1076440594913035,-0.05678867503176832,1.9194865983871594
8371,-1.2825214576006942,4.522159615446682,-5.676352588878167,3.1951146552542475,0.4587085583170758,-1.2171087825391655,4.845859213692513,-5.081216883859355,-1.0204148526911996,-3.250658805121928,-0.5354676879019928,5.041899015882059,2.707342398504654,-0.8172436575186133,-2.1839623953806644,1.6555151303340274,-0.5247146476177065,-0.8369368283216048,-5.527520690495756,2.58777718562542,0.7338374737287836,-0.4711237077234749,-1.1417588218956833,3.8187885607580334,-1.2294728950252711,3.150176263496366,0.8250995116418522,-0.9112006242583037,-0.22533610077128507,-1.6092661550800962
8372,-3.2298913781078635,4.859756524235859,4.96340079616596,-6.235925705632383,-0.7082312642530735,0.35089102759148894,4.493961123875348,-1.6480523117852286,-0.1740146060432437,-3.4223154137337026,-0.3286007335060308,1.0790219411929698,3.4896526217333736,2.9052440824394345,-2.829348705756214,0.46563992426174394,-0.654929060601269,-3.3762588620769822,-5.096834459863857,-1.1189214231133278,2.006385459175803,1.1994385347782615,0.3790202612020064,2.630911627818481,2.9239249078608687,2.6751182815066805,-2.67403934685489,1.1331249498615676,-2.033156333421738,-2.024972458949259
8373,0.22473929537398973,2.0785239585441424,1.8313165435615062,-1.5185276785333208,-0.1581389914613509,-2.457913127484966,1.7480507673314243,0.7247595151939734,-0.34922549215241894,2.44842888923554,0.03084826634584914,-4.60286194595427,2.2412331163985755,3.1114043269811376,0.3619718570686956,-1.2218974806989529,-2.259524471650451,-2.2331873480989017,4.58667920219348,1.5335801935526057,-1.672333676585195,-0.5470583220898151,-2.4577908339452623,-1.4430765631284643,-4.313680629967301,3.8929700087963575,0.5308276549094195,0.048805899264704244,1.2157278769629691,-1.3746508099629313
8374,2.926343836228078,-5.1449318581187455,-0.1693543112414524,2.4463377553875816,0.7111366076870151,-0.769532029942452,4.552834638045873,-3.563780917192908,1.0348308574620235,-2.6210758790042323,0.5232827066900096,0.07390859399932737,-2.541785146276421,-3.827856868264311,3.353878991431692,3.782798556977429,-1.162963909382876,0.39592837551457194,-2.1852972808047184,-1.1682478907718288,3.6075345873437037,-0.3012446692972066,-0.2776470448728592,0.3249022984002998,-2.3498867859967305,2.723376994236432,-2.055194794451271,1.1094971922031673,0.6865881411412307,-0.11438074712960677
8375,-2.1501343091050398,1.7173444973571748,0.6915446135330114,0.18808065111857175,-0.5536563203349707,0.1068208674312725,0.8050660438485124,-5.922547491591779,-0.565464586548142,2.2128984162821403,-0.5036340280238845,3.973681646033242,2.973809354226727,2.270910742812461,-3.0981683810257046,1.1156819317007916,-0.7750308885280823,-2.4872027591861343,4.561050520163086,3.3371127070662467,-3.803561302906587,0.9271625147415303,-2.2665543891987987,-2.755210049868115,1.7480927613730586,-0.7788597648860893,4.129658651423302,-1.070291677366546,-1.188461067770449,-2.8401389027701196
8376,0.6031435347094263,1.1849689670699597,-0.5898823968603075,1.9407060814408297,-0.6721815739850812,-2.466754612374827,3.225466250872543,2.219067035735133,-0.26076334745088214,0.9736468247533292,-1.1833993356553938,-4.974017428254676,-2.6264298912527995,4.173149554052912,-2.746257552778438,2.6741344060936427,-2.4426358569239124,0.9680393408086303,5.300336354185525,-2.2137011984399724,0.9337581267726875,-0.6347504333690406,0.6757616249804883,-4.061404474132342,2.5185817510540716,-4.66034143552311,2.768149679960594,0.010917282554204988,0.5862153986410448,-1.223522676683638
8377,-3.2495491473311358,-2.6510105114229567,3.534770572629352,1.0513813387474968,0.894285902413015,0.42012184496422833,6.1071000588425655,-5.432311627868277,-1.0318614939805406,0.2619050278080177,-0.39495342883049567,0.49012146402876766,0.3818655901590553,2.629467847921376,0.10582926924073632,2.540636668751663,-1.956470182637755,-3.7013291934350487,-1.1000169519811607,0.678319585888989,-0.5692957751533125,-0.24484475580895104,-2.9798023025952105,4.215640199646991,-1.5175015465707098,4.876272200625042,0.3980594183290229,-0.9951670754405804,0.7105167787264985,-3.4721797756661434
8378,-2.655003304246538,-1.3595053747241685,0.15152073163497093,5.724332284701067,-0.6902771895978006,-1.171067147767534,1.2917114559664427,-0.3604127880701924,-0.48322458341883046,2.106388633268839,-1.1302535992919518,-1.4242091184542574,-0.6198731327914864,1.1114558419453502,-0.9017642539048012,-2.497398609496539,0.6698455387087847,2.2377346155387023,3.589972372071891,-1.6417077030812717,-0.24491966114842967,0.8145353265337665,-3.147980138978287,0.6300998045996593,-0.47441373223065497,1.2142460928362802,0.957653106876613,-0.2380047115555124,-1.9597354865010104,0.5002547305773994
8379,-0.3082103127849454,2.020344163468735,-5.917192905212612,1.0830875863073715,0.7686026709578537,2.353368797263606,-2.6476065473777233,-0.9147749749634855,-0.4566265500766713,-2.3685003839903764,0.191385576131041,6.196122880277251,-0.20838677502528924,-0.3976128012793687,-1.1917969471792293,3.6931452160491816,-0.2211871639282066,-1.674161528637093,5.135351768966014,0.3619255550652465,-3.1183092437271878,-0.9103495054037065,-3.1962632394919,1.7276446645888335,-3.5506564563330123,-0.49985643757525366,5.988961104121387,1.0353173482326161,-0.427038963067055,-2.546726595375583
8380,-2.2912512742506124,-2.5544749747362623,0.45675919301946877,6.054948451428185,-0.0328304808294031,-1.6331509146313703,-5.95656612713832,0.6450660140719258,-1.2274805887288651,1.3993270804285842,0.06740336214013798,5.072250259226564,-2.159147172472517,1.0437302677246834,3.824129864166089,-1.334224967012581,-3.4946540657700087,2.120166073364331,2.4626843194306467,-1.02952539714091,1.9833075022399846,0.3039570613524294,-2.761889519082544,-0.9585339668023245,1.4922362979976924,0.15186497563821177,-2.37896387493225,0.8132373627276275,2.884016718584647,-2.962391480012835
8381,3.26527429337159,-4.7567650636830265,3.5858741342399654,-3.4012428091900055,0.4608894138416111,0.8459700314198244,-3.511288560953897,0.21561478121196842,-0.36349747262837706,-1.441564913799649,0.9321008028700302,4.168635363299941,-2.622327614208263,-3.028903529949833,-2.029484171409461,3.174462324156913,2.944404669453558,1.561848321957111,0.4987783283200784,1.9023377967543489,-1.3138469291723087,-0.9173389236169154,0.6345000499838456,-0.8044303222717524,-0.044967829979441376,2.189721715686524,0.5973385015399408,-0.37351724946688325,-2.400365078898302,0.031789941121262544
8382,1.13832890780807,1.0091200184496536,3.336005679085485,-5.840496172894532,-0.3376298123106134,0.6946713798619104,-3.20049630694011,2.558827759001172,0.5407557153561475,-1.9490830362933558,0.8334710561628613,1.2165248127132848,3.121765003142613,-2.9012469827029914,1.1527349605651764,1.9713275958751666,-1.9101522670596225,-1.4344283098203174,-1.6205057932346705,-3.312382706868279,0.5130915654102068,0.44955283969735316,0.3884097271544018,3.5818343678382583,2.7076607120526432,2.5432890597776634,1.3015944816113567,-1.0085665173641534,-2.6309048094699268,-2.913072926604503
8383,-3.0660283028096202,2.43930435045635,1.8651552984586424,-2.894894094841437,0.37226432966634526,1.284198419069737,0.3438560829566697,4.623629409191942,0.15275540066693072,-2.128678042107925,-0.14507767468030064,-2.8464851760273433,-3.3695180405901866,-1.280676265246905,3.187857394626004,0.9365755987037971,-0.37009732472727563,0.8958586372345554,-3.877443354170989,1.4681852703404878,0.8682244991736958,0.9315333859587325,0.8672811894083381,-0.2577809907130231,-2.053125038058905,1.9862807699581886,1.5094374818388445,0.679245977161151,0.9851510057935347,-3.1069901966897255
8384,-2.4366479273512294,-3.2265670236382,3.0741377318262053,2.550630822987248,-0.5617151067291022,0.6001615029050775,-5.375790206123153,5.2541930252224915,1.2417884672328796,0.06857646889651292,0.0916498531319263,-1.2804176083606933,-1.3570015998107063,1.5228104332784476,-0.7433318638157758,0.47191867771050156,3.374289247814179,-3.268684895176662,-2.2250569863553764,1.0415611097052118,-1.0927539169384168,-0.8581437246442913,0.43972659339930686,2.6946669248307913,-4.959542250069376,2.3796938536927925,-3.6669049376459455,0.10194810736434334,2.4924279044865294,3.6523773221747042
8385,-3.046745016377196,-2.792142264247591,5.566256415397472,0.9334862936184294,-0.38853543480234354,-0.2723199935887788,-1.8153603191789003,0.6649878355451868,0.1640606462176013,2.3981166143273285,0.5907832696883482,-2.002588046599584,-0.7813596742137321,-0.12707813491709885,0.7776471205236248,1.2521123838333317,-1.538887397620405,0.41756570239424384,-0.026153439947133705,0.9489467518448862,2.0800461642975563,0.49876005896525655,-1.6283129679059396,-1.8732865672574022,-4.23757681602601,3.138018207740025,3.081346382692388,-1.2067283987132957,-1.360786704623326,0.5857273289332685
8386,-1.9742332266172191,4.548778927039507,-2.6038386039084855,-0.7677536207028233,0.11522509981041429,0.681821424378608,-0.6572284358957496,0.8156687350078258,-0.05632158811310717,3.655327567102084,0.7183516767726106,-4.475797954873688,-1.0964716859045787,-0.6903980889752397,2.126081116816721,-3.415124708967923,2.3222549880207204,0.7536583790102434,5.88060360782071,0.8363683674071662,-1.9761680240725727,-0.725363616903306,-3.1272353021665715,-0.8882050320881909,-3.1907621721500234,-3.645688215219998,2.1291372372056827,-0.970138139513816,2.555431172846916,3.122020116834289
8387,2.2882213653426433,-0.8636527087439703,-2.646104623026936,-0.6980022676783548,-0.10162702880596175,2.0211652629125734,5.992743303534056,-3.7438848982931106,0.24369020865687752,-0.5143304203101398,0.4833862547616423,-2.461604448349341,1.3358009793513759,0.6632531436194711,-3.5445094636967855,-0.4433250663732835,-0.7842557328291093,2.7730361399282835,4.2736660257823615,-2.8027940043921244,1.39022926395144,0.5746608162283042,2.944050152924296,-6.379812254497011,2.7349271885168953,-0.8199890753839085,-5.280455652845514,0.6749721434684819,2.0731359651268555,0.6174094311202616
8388,2.7204692069776293,1.1311572216479533,0.3911489149083671,-2.712115399769143,0.5075739961963506,-2.038233939961162,2.384441287571647,2.2056985346229716,0.2854663454378583,-1.0963505344695879,0.03184983655219309,-3.811105469715148,-3.57090481061649,4.057193096347902,1.819328227798941,-3.4673534285354233,2.5361112422066405,-1.374374327201636,3.251565702366623,2.806592214515085,-2.420070781714884,1.134879956804781,-1.4748029852042723,-3.2981641067700807,0.22822629214900658,-2.8045563242121467,-1.2609195162988378,1.1420574468644027,-0.1307877224617311,2.825979823962406
8389,0.5681291061191285,1.6678643944896372,-4.545361882449175,2.1362146631548526,0.1929014776746314,-0.019747758989096198,4.7878554119663015,-5.67019227248603,-1.1174057943877411,-2.030184093803477,1.2491751293113795,2.78075161939946,-2.2720406268359348,3.1744887581395815,-1.9609239259972817,0.29205390400754894,-2.3032145362156324,3.0696364269016563,-1.0394023340828014,1.6770045451964872,1.391249667630298,-1.0927459317831647,-2.8488705109328496,1.912764563969258,4.8175457836708055,2.0674473864736598,-5.693768976601618,-0.5413312569607509,2.4060783717572924,-3.0559713083362983
8390,0.5485319430138098,0.7762251426869398,-1.0569584090944666,1.082973000778999,0.34639363008289914,-1.6971653074681772,-4.814312577673668,-1.4372863496237436,-0.27133567916051415,2.5149162447890596,1.2021950352241468,2.8058233264446457,2.1969213305291255,-3.465345280082067,-4.0593294162266815,-0.9289774696111586,2.7903584814780586,3.466372353912643,0.5999494454025331,0.6618038873740772,3.6414198405889486,1.152952858596012,-1.231141528636881,-4.824984503327471,2.4933882605382465,-4.172478251752617,5.519909175973353,1.190296875377773,-1.8972132771713195,-3.1339027829623216
8391,-2.976443368717799,-0.49187576474910344,2.280308993399643,1.0636601402702297,0.917830394911332,-0.7934803951142921,-1.6686355030334212,-0.12342122234775132,0.36682400319758734,0.14301419634143642,-0.11705802742178228,1.3992765532638636,2.98524148339904,0.4309628358973825,0.48416239259959326,-3.6723575750365356,1.9852377705188715,-2.213246907378437,4.99536431959239,-0.9536716750485539,-2.821136203847294,-0.12961075235199182,-2.4612615782110936,1.3703158898637184,1.9116347744627085,1.4961154305308142,1.368580613380221,-0.9770928509167662,-2.7617797126361108,-1.0374582548177447
8392,-1.601579038638798,3.2427137165138795,-3.4464337138800083,3.6723909150051988,0.15492548326766986,-2.022017362267908,3.3666905809863152,2.3750684982544534,-0.3075866037177395,1.2861916037914796,-0.5791460693395534,-6.141218009975027,0.41340475771411533,0.40416237434930125,-1.856204398046584,3.2667759176790234,-2.1669039900743314,-0.061234661621622166,-1.0979103827064733,2.9612818491558386,-0.2401726817322558,-0.023788563375687133,-2.848369921491612,1.2489597001473598,2.3241887441072144,2.7112130866385193,-4.983555164217297,0.06164438959810514,-1.0323007220946856,0.9188096659712652
8393,-1.2840942329752139,0.9983994674754761,-1.6980751132366585,4.392461796632716,-0.4206664672482541,-1.9880254506480526,-1.2438601525484962,-0.7497368292230036,0.366457917815846,-2.3639257611093907,-0.2004454959283679,4.1915103209933555,3.119406786086202,-2.231848746125438,1.2444084637193633,-2.946208084336286,2.8204609212372524,-2.006219340581236,-4.384248815540978,1.735111902763462,2.2218855063380794,-1.1252182709018412,3.1083976487674114,-1.5559279714289644,-0.7274307839110641,3.7001037442769977,-1.2214066987306182,0.23101715162170677,1.1263584005896767,-3.108641813843578
8394,-2.4425806047930934,-0.5181517709302561,-0.8885987575617555,5.321235963420225,0.7976649848819388,-2.2695698150170758,-5.586868502073273,2.8124268287542797,0.4096407495292427,1.0858490678248778,0.8306940285224833,0.4482578274423368,-0.846490092613049,3.6250078210488503,-0.33239285131056917,-3.5517419623131694,-0.9592898329245898,2.064906918112353,4.515050325279649,-1.6021767731919265,-2.299683421346714,-0.6166871513192973,-0.023085671895989535,0.026582692471475156,-0.745423353650029,-1.2816118302545156,-5.7987903601616075,0.691910933420937,3.633344640164186,3.500569970484168
8395,-2.9569645873876826,2.143091915422911,0.23663201021304658,-0.9316166302023916,0.1829377261713221,1.3259195657827494,4.580259831166828,-4.926115224630564,0.023576498047019,-2.737688477202985,-0.6932746697264216,3.7532420423460664,-2.6949766310178838,2.5882508761474554,-2.7734151672408256,3.0811604146064795,1.443354564957108,-1.6443740574525076,-3.615237847106485,-0.1439093937524376,-2.5562638291199544,1.0027163440176947,1.1136461740516292,4.19904855190677,-0.8724390799657797,3.2367662365578624,2.9091344571501416,-0.6893631556511144,-1.3488041591019826,-3.235294298986002
8396,-3.3233031647756093,-4.152159692782135,5.422776285623872,0.6015340695170437,-0.352692475285171,1.8038449777019778,3.759054822805485,1.275518855520417,1.0036863084722851,-0.02805566027219264,-0.03150796395934652,-5.978696362566698,-1.4184755256289812,-2.7773644685071357,4.045838375504044,-2.9838430122335673,1.7709769048616444,1.362867726003806,1.6611847148340573,-2.1042989994152332,3.290033335105779,-0.3785918792926335,-0.92207514957021,-1.5462520216645537,0.4826206214566966,-2.751439178335069,5.0571826154494275,0.18855337178517662,-0.7634781232003753,-2.213439307152715
8397,-3.508657808266877,-2.0620552870574684,0.8937015279201965,3.365261737357791,0.34326582559261887,0.9684840044537282,2.674514544211604,2.7876030397015263,-0.7090085855243018,-2.560651232903469,-1.0198583996276787,-1.172599365857753,1.7381336437301442,0.7759966079765412,-3.1986061294512194,3.6093150218709056,-3.621643324296752,0.696804180170222,0.432247282849481,-2.633910124407464,2.308279970730105,0.48481086903212933,1.5677287322916964,-2.1591567304987613,3.762410453763291,4.772279711274869,-5.718355639730465,-0.46519139351143934,-1.0273464689989407,-1.3237966627941642
8398,3.4211418605340427,4.334572818646539,-3.0568060479316728,-5.0548265608672445,-0.4449722452469871,0.8008901748653017,4.156172082302554,0.6605112460735398,0.6404905787379658,0.28773628148456254,-0.7762929000114367,-4.968617288587257,-2.91799752050869,-0.0005712350092643703,-1.3278136705877142,3.965701972801245,3.824337222202967,-3.543656768898689,5.64417535455495,-0.6846096609928196,-3.286642529672797,-0.35576441679173687,2.519336192793654,-3.83649493989407,-4.247599525222938,4.8794822126158905,-1.2936852661698204,-0.3058676420328945,-1.1338742244854387,2.1015444452983907
8399,-1.8084673830451532,0.2292788155283887,3.7203395779519255,-3.7786258864391087,0.47069885869967143,1.166776017304251,-3.84711462823325,-0.6303493331166621,0.25227416535284064,1.125881416516684,0.7364918823108608,2.3628164971694687,0.5077787474865296,0.3178970469512521,1.6977909352543605,-2.560043691727243,2.513698900424142,-2.47712193838918,-5.872411480003148,1.9790263168787998,-2.3611065098842747,0.19145217390298708,2.680846323671661,3.3821931754311763,1.8274692658853375,-1.3371708083018348,-1.6565813295919583,0.31565721853916795,2.7878621631502867,-1.9372365096778257
8400,-1.368647804779922,4.444495920221886,2.0508938215980237,-4.320633597565962,0.4379918882873075,-1.2441002277613418,-3.7111961199364174,0.9818078291498367,-1.0167081731449734,2.567630962199196,1.2012538143175284,-0.022788312585213077,-1.1292579333692316,1.7384115244390728,2.3955944955662574,-3.5333215653398096,-2.821323512582362,3.349896991285952,-3.159262580674188,2.7233485541738887,0.0207968986727316,-0.11980520381583215,-0.8138614318285935,1.3487837634691537,-0.6387439714302445,0.672923553821196,-2.4962070288802067,-0.6352308171179537,1.7024951433762183,1.3947631202341597
8401,0.7368362250811984,4.925047580687149,-2.45056118696748,-3.1124345856253157,0.6229675182196961,-0.7218555513952865,-2.540325350340499,-4.436769737788996,-0.4632985586706564,1.870726504801901,-0.21087412684506646,5.780541268843276,0.755305616254585,-2.2131336581061696,3.650611834382971,2.4233258467811645,-3.501872789038739,-1.1142368502739064,-4.242723387319401,3.40240966206515,-2.0591821028953277,-0.7174359473580658,-1.2949761117981033,4.911907887302906,3.4371110127602265,-4.66134248575548,2.993942489788644,-0.14247458103512578,-0.1446317952056866,-1.4826046405493827
8402,-3.182105284374412,3.2622094913142945,-2.7992466688176236,2.2118406433701914,0.4004012944591171,0.1069005240484362,0.12813460839388213,-2.6320268239956093,-0.5845321750702581,-3.0279900075213853,0.7215188607472562,5.394895537446054,2.4462869636988067,4.239882242957684,-3.8754788738466015,-3.1308368118696066,-2.7321340975066395,3.052280576566261,3.991875223038985,-0.8556623597286492,1.900515490197897,0.23697747596323548,-1.4485809170667725,-3.8251249124075244,0.9579238529744103,-2.4220765434110447,-1.7848182117119613,1.0774181816372428,2.0590583771586743,0.11249434335588226
8403,0.73933996892662,1.8208264106520105,-2.4900217905776856,-2.228429530234486,-0.16604966243444697,2.324334603667978,0.7395048024360236,0.48293236221825353,0.894701972371009,-0.5093756133551803,1.2368812338752981,-2.8446447575454776,2.0437508173615875,-3.227722013712796,-1.4265881081084224,2.1124934184356974,-0.9854401636985379,1.4835060497223758,5.206607042420686,0.30549811485900236,3.919646101156527,-0.6247877588422304,-2.1093910094131942,-6.697572490183617,3.5795822854072696,1.9804604111433264,-3.2825001513930836,-0.5940241580692796,-2.346810208570192,0.6632918214851724
8404,0.7640102725548878,-0.7400328549258255,1.4946799758638,-0.307948064076335,-0.5127086080809413,-0.6980007213355464,1.9787623523643951,1.6533414096199373,-0.9641093072977158,1.0418471525269908,-0.17325416093826096,-3.5365874462754228,-3.4224993875017162,3.5229075361252313,-3.747298774965307,-2.9032250483339244,3.7420834588630036,2.808032215812652,-4.429796417404262,1.100861825540301,0.8560622214396112,0.7591324657406915,-1.5341656034805045,3.2479055081613097,1.9776222502900538,4.195461880517726,-5.568801310361064,-0.7252279599745446,-2.982435090983243,3.1033802305142686
8405,0.6689590919233286,3.293248385879817,-4.352040083385727,1.0788811824506617,0.22038887465867196,-0.9094374515267205,2.887339061565463,4.220015029525467,-0.7351535282995822,-1.6740247210339696,0.2879633861764095,-4.986139227933862,0.821230840293186,1.408444084546126,-3.46815569292394,-2.4064264336107257,0.5743925608124023,3.070514640882905,-0.6813333811962394,3.3502876437453715,0.708657569242316,-0.7671260165253804,3.044629579555693,-5.655115394824602,-0.11116337556530809,1.0154983717858421,-4.229334714924857,1.1627865617440643,2.7420887685894506,-0.5798756116260133
8406,-3.362100428420751,-3.9897994494392783,2.679890632108563,4.324323635730689,-0.9990517705387258,1.3467373805595315,-3.4531090935860114,3.2686706985464973,0.2524506841833398,-3.728402906979202,0.5618445520626985,3.0985460657726307,2.250933420155821,-1.8102852421250795,3.1158898986130588,-3.8862507142105542,-2.476614409636177,2.806327047202867,-2.4092610941987687,-1.1850945523010061,0.2015399831683311,-0.21162755979625114,2.453025936350631,1.151417286774226,0.037551289939177224,2.312021599958104,-1.519892792747907,-0.834560878689306,1.454191770388121,-1.4493109888450366
8407,0.7319982281101431,-0.7295429498607362,0.3681608764251223,-0.17357027588306195,0.868931758603134,-1.0659776373945675,5.621014323324964,-4.789632379995524,0.16596161416379918,-2.50439306266793,0.9221531209711138,0.584896384203546,2.7245372141263324,-4.208637938794796,1.5668834446548026,-0.3879789714288222,-3.338680028740466,3.6438762801829085,-0.09941570850283554,-0.6550186082370981,-2.0602674147362556,-0.9461796892590844,-1.1483904042830968,4.909271825015512,3.020729831148593,-0.8670033427782577,1.4916608581554982,-1.0777454641957398,-0.046463447962876714,-2.521178434364046
8408,-3.552442868345951,1.2539763021095993,-2.869140984563341,3.737080081970994,0.9020827082981908,0.528444760530526,-0.8889418887809981,-0.146456724813131,-0.5155723428397945,0.02957505807456151,0.9813755821258257,0.5400203162335124,-2.619441324237801,2.398211436445653,0.7060844614457871,-1.3268281182842188,-1.0497338718739115,1.891707416504456,-5.367900395200955,-3.283203010463305,2.844061203287886,0.8962484706653715,2.6411206498182818,2.2696730818898416,-1.6623117810376833,3.1316490138519555,-4.5722580691678125,-1.2285044187966823,1.5263528270039224,2.8050724281494794
8409,0.5935651284664374,4.981115626886925,-0.5379456436170642,-3.4842694072567078,-0.09806632387221281,-1.4543993806073932,2.145786391789102,2.2958826543669026,-0.47890782108641883,1.2862683787972706,-0.5099713367823062,-4.739058267084605,2.517049625737574,3.311442752147716,-1.1300693150890595,-1.2509102617667587,-1.1287105156886152,-2.31880228534091,-1.1704786263475384,-2.257470837122842,-0.47334491003022805,0.32919086679963705,-1.3604674791487152,4.93257098584677,4.671424772669731,-2.6050393536874132,-5.026176631559597,0.4940059122332583,1.7622946660904226,0.7034906342567684
8410,-0.531833048941392,-1.1016336775991782,2.0226776487525875,-2.6678822461697465,0.808884278679082,1.4697870452786077,-2.0107758436590863,0.5227061530478636,-0.2765915230031579,3.0131652207864548,-0.8703793588605695,-0.378124648311573,1.8148311950051585,0.16033764810836715,-3.321863486480135,-3.510902343168217,3.7349502380525763,1.122646748482186,-2.905034144706015,0.9321602983870623,-2.232483148079922,-0.535845425982731,0.9101475088771078,3.8310549115015853,-4.300221599603619,3.936263181861399,2.4702148614844788,0.34780753676908205,0.02783124186079,-2.4818952223689674
8411,-2.896450822077364,-1.8214985115251565,2.3733851700692092,5.135602418326577,-0.9696403724239335,-1.8213978823694017,1.1058681624339997,-1.8437809829571066,0.020327214165511087,2.627689583223738,-0.2092890957571809,-1.7008148811090358,1.3078715659194238,-0.5148707073704557,-3.4533416584521905,1.7904796311124045,0.3241997170088702,0.5456614517818945,0.7663951436361955,1.790822828694397,1.0041050852234896,-0.7186981656664795,-2.7190326714643565,-0.12359222042613638,3.550514317220344,-3.6194155807888286,0.30240138499163294,-0.21918303483994173,1.4997123650472908,-1.514029451627314
8412,-1.9571539930164992,-5.64570663235024,3.2020440733280857,6.2159782284042215,0.29839305050043974,-2.11355472686608,-1.399892271794947,1.6362861969996239,1.1184811491656568,0.5985048121602876,0.9424029227768171,-2.895782809307523,-1.7797083195275079,3.08106009214303,-2.4918726614294897,2.0307666879388506,-0.15958649814885462,-0.6806593009760675,1.4088194170815989,1.2015889581787462,-1.824147487442083,0.8706437761191017,-1.7153089330356277,0.05840426909538721,0.991622334429298,-1.1718154711626347,-2.0186054594882528,0.6594864887601517,2.0169238743471567,-0.47761176688251794
8413,-0.9557349542662106,-0.20550627730836268,-4.539160305078113,4.381878693070046,-0.01641357843015734,1.334936422012694,3.9965136494467437,-2.994176548921459,-0.7811268060622147,-3.3464599755610145,1.172893221265431,1.952356459832405,-4.083649610665255,-3.2661038489501237,3.1715760167398415,3.428989766216379,-0.9882442558066522,1.737431932465764,-0.030816129153503624,-1.968223588045273,3.50026839431424,-0.9998547646801033,2.7338427153151983,-3.235216627753452,-2.28553897372592,-2.3980216162694994,-1.1067074119295306,1.1571771857989734,2.850158612710196,1.782932203418948
8414,2.9471962673245926,-0.6233244855536277,-4.427184066274343,0.9036151879158361,0.1695829251270755,1.0301141714603865,3.738236352647153,4.750148664139715,1.0434342741700613,-3.6190481343477856,-0.41206765650497257,-5.500703500104269,3.399903481685481,2.727285615052054,-2.405514846856157,-3.2236917549147357,3.0673957535020406,-3.5653782484687504,1.2057339110524445,-1.2700758556310863,2.2680205965145817,-0.3701695897120567,2.120926965729364,-3.9544360279561523,2.699257727092789,-2.6371306894151267,2.591828958557734,0.3416048666820597,-1.8711090580456649,-1.1244518048686256
8415,-1.2056366798894036,3.2823117477276362,3.766156784364508,-5.316662056861453,-0.5674430456681372,0.04127325032675522,4.561161219833476,-0.577697428267463,0.18993983418159388,-1.24575360479073,0.722614175994261,-3.650264196951227,2.268599545960477,-1.301708383986032,-1.107082160600262,-2.4922791883964184,-0.3437903421409487,2.9762605291631345,4.670593343657682,-1.3514478539858317,2.4023714251627624,0.0068728257077870225,-2.9633849982321863,-2.765004742313103,3.664419273485464,-4.714899560874889,-0.6606300015583315,-0.09953767774233313,-0.5688847260172754,2.379532692710569
8416,1.1776054176744921,0.38166667365979023,1.6142800817766378,-0.0919656837569498,-0.6775999958777494,-2.403986493476321,-3.442836224507907,1.2593154808268494,1.0034427754780708,1.0365792716201625,1.1077756057293122,-0.9642769091465553,-1.8486363826433685,4.230251404601791,1.8351469758230259,1.182796227207465,-2.761606734478219,-2.63795149051073,1.7840751871886837,-2.885786767274892,1.1974006992556312,1.1024417916248348,0.9818494143557253,-2.1799803251528935,-3.6001740453400934,-1.9742049279418197,5.468768887461227,0.3430614761369579,3.4273409307638936,-3.664792321076977
8417,1.9224143949975172,-0.27884340469859126,-1.6491512053889323,1.8127672859271655,-0.18752118394242534,-1.619665886894854,5.5454013267196345,-3.670166739022669,0.08550621995849639,-3.5949412890364982,1.077743374812127,0.5564571065688426,3.603978504950316,-3.9171583384570923,-0.6394282342737974,-3.3949148507513627,0.601128157983311,3.7463947605485686,-0.9346068274138588,2.5971425966063393,1.9473976283031185,-0.6679197848431588,2.6601045458818326,-5.602118158537216,-4.723823623813907,-1.9045662807583632,-0.7161224071761509,1.2276019545627186,3.327690382847294,2.78921997434162
8418,0.7741782906790871,-3.779426290838245,-2.8106365350269584,6.097854834247606,-0.5640930424517976,0.28212274339018606,-4.500956378177822,3.6655261915231563,-0.1983290223221541,3.676880705915753,1.148142347826795,-3.7912638447657407,-1.2655169395132688,2.721377282925154,1.5196158409717313,-2.3002471255070205,-0.04337559422566173,-0.6318534646509999,-5.557382526140334,-0.2267462460386529,3.809354361358725,0.013234646020292118,-0.9940395772937709,2.9555793420908074,-0.27216011570062193,-0.41989288017075665,3.3058399627526285,0.47704508810084967,-2.349724517295096,-0.7411075376837868
8419,-3.431625154422841,1.6891610199625795,-1.2697200236034512,4.205618231186509,-0.08536583220668414,-1.1080682409162446,-4.473650359743711,1.0675878747929488,-0.2502596010491711,0.6741011376325403,-0.8591568789582258,3.8413778273256547,-3.9027903825311228,1.1977424243856234,-1.8048015403439894,2.2603915951676896,2.654482698543802,-0.40502479522209534,3.6740233384008043,-3.2298412769185383,0.02034547942464826,0.9230384185532747,-1.0157704175244788,-0.3717955419386243,4.540350009173672,-3.1075379673674064,-1.3006653445362666,-0.7267117410772803,2.4683400805362403,-1.873775036725755
8420,-1.5564125604646843,-3.7400609831243905,1.3084808795663356,4.882593984554745,-0.06342563072896912,-0.8311756898032101,-2.6138629382970358,3.2478948395998835,-0.14273166385000113,3.5063930358025424,0.10205742990205646,-4.099750703157415,0.15181641941437007,-0.3515581414095976,-2.4899104822650084,-0.768566062620959,1.9401059063614419,1.5181123605196305,-1.0096928272738666,-2.426037059029511,-2.4351728403904733,1.0864041812384118,-0.8534726707489693,5.637971216201507,0.47817510675323405,0.5668507778538121,0.6237841697252904,-0.7818304934092826,1.2997663332984217,-2.1867458942182747
8421,3.3253229195553615,-1.6147126926291229,1.8645260157877068,-4.485784725606539,0.7344741293053243,0.17617435358708988,3.2950707910711756,3.5720801572208174,-0.030388415246503264,-2.8322043920756794,0.612282140897519,-4.61684028186734,-3.14516529259412,-2.5561326850985164,-0.07039637714179747,3.0502277341143653,3.6215980447687777,-0.9001314240488156,0.7843535164635398,-0.8185802859993974,-1.632577426057388,-0.5814525247529199,0.7712066175195424,1.4770501028237213,-2.796158611815727,-3.0426561674511063,2.0444198160207208,-1.1948548484962913,3.2493208078304114,1.739929003915222
8422,0.8946113293307434,-0.8392452387912748,0.32385610689626176,-2.8139697634617313,0.1697778853710119,2.2649696806548096,3.3463455907880437,-5.115982507897627,0.9023163968860812,3.214932305675898,0.29448110780878256,-2.6420928932611645,-1.8219616015764366,-2.0936428385508457,-2.6747100054778876,0.24134604058361475,3.2111116415870242,3.137856763434442,3.4220450395622954,-2.031983153233913,0.24487350120724471,-0.8917428329144936,-0.23962367262820017,-0.5035688819958146,-0.11594152857911055,4.6631182085000376,3.3649258839179232,-1.1749610416532552,-3.074527996569543,-3.662613525612846
8423,3.3504432114433023,-4.701521620413494,-0.7756449678412096,1.797722601803038,-0.01923118362875509,0.34823195863692824,2.627368845864204,-1.350703831614119,-0.6604253867877548,-2.7078723284613897,1.156652687637572,0.9349800133614714,-0.7684859781482807,0.5613726990131944,3.74688630379303,-0.8287234868895759,-0.2688870918792645,-2.442162445889167,5.899661531894143,-3.476143961252058,1.8776455706100634,0.06274697329372181,-0.4312769269270369,-3.932633187621718,-0.7038608549670329,-1.8222906174772326,4.979426619322229,1.1045851982333401,-0.9243295316451601,-2.6335308134629365
8424,-3.5054597618181447,-2.2190547650489485,0.39236827900520765,3.7751113736817388,-0.6852322693248438,2.2422671435048187,3.9058283035861407,-1.8447622968685202,-0.7532334912364407,0.9744899836245953,0.7917259001307508,-3.074048399236556,-3.1227163484854525,-3.3159899550312844,4.133905766335669,0.04119318995418553,4.222756523714423,-1.9591491764875713,-5.675539714968171,1.863183680208028,-2.16468902191923,1.1722687022660097,2.658352961983171,2.1464233924273017,-1.2689729204964806,0.6272687885299248,1.7059516524160152,0.8487165525842357,-1.428745327346025,-0.4842187456844975
8425,-2.738121985674928,-0.3722169790619887,-0.12937996878243396,2.908875398582712,-0.25858877177265294,0.5894323067091314,2.1524464403508823,-5.72315765401714,0.8544864879770495,3.0541920090337236,-1.049592929189843,0.7116256458452916,0.8298389863983999,0.0724254178783319,0.44526617607435526,0.17874933420740646,-3.8548488223266286,2.3285689077681013,-1.2669393689219568,0.742401552748623,-0.7950982020714967,1.2267730205690466,-1.728398529143739,1.821261526816631,-2.108087595377249,-1.7496214531553989,1.4022265454201062,-0.8822086833682263,1.5002051462309005,1.8374860402530437
8426,-0.37905031186811833,-3.1952409374387933,4.84075525320517,-0.3167863200986609,0.5753398616394114,-1.5250175454391695,-4.97436577525643,3.5422754335896656,-0.5421217893437733,-3.3409393746657283,-0.7738670397915186,6.089018545467777,-3.9985966684112455,0.5853964326034209,1.8331617174796726,1.874862927944573,-1.4287775836778724,1.1339531740614213,0.01485176722346182,-1.6091305859236922,3.9872262273426955,0.22500417822654395,2.8236857912651168,-5.441637378137031,1.341849368165235,2.157139517225847,-3.8433375828305323,-0.9745315508297221,0.7511316301772553,0.5677486180951128
8427,-3.3522009086891664,0.6731253151039986,2.17356259119423,0.6916656038762738,0.7415095339080819,-0.9276621353935592,-5.43824725633489,3.487202569482605,0.7873228157529377,-3.03353362693716,-0.8079296506304807,5.005185148667014,0.18867850314433454,-3.9540252915713445,3.1505157696478747,-1.319570839672501,2.345522786197222,-0.4111209277456016,-6.239526881831466,1.9721295682672562,0.8242538235067549,-0.5115782649298257,1.1916886521902352,2.7630331027941573,-1.5812247694835655,0.4304595679701677,2.675084771489935,-1.1954688369137556,1.7871044753801932,-2.1159552084398108
8428,-1.6386524414354948,2.872708373068214,1.2938561954877272,-3.352113858935116,0.7357202032871957,0.08848152852734437,-0.9370835032558098,4.906602074688372,-0.5736838133999784,-3.3334566550175033,-0.9199321524398671,0.8575540494248237,0.42878341433303646,1.200676602220991,-0.8452609397391555,-3.437297021857555,0.9755942449902548,1.6775037000524264,1.4807113105876866,-0.7069699794117881,-0.06704493574557624,0.8269587392625066,-3.085054924390626,1.5513997896949228,-4.164174700741139,1.4322846373073759,1.4331837927883875,-0.3062171999608232,-0.4170755946743636,2.0219990652837083
8429,2.5592547754765356,-4.701950870878431,4.282208599090428,-0.546944441236775,-0.8566253760138984,-0.7359426864379959,-0.04676642464665548,0.2560567061665573,0.7955920923247444,3.208360020737878,-1.0287096143543484,-3.1845327802281034,-0.00587281033498499,-4.190025503259827,1.6331407130854814,-0.6491190357977423,2.498181912019234,0.7136947242878335,4.084352294806294,0.7471083276953099,-0.9071836282828656,0.3057479701049459,-0.035797835458033944,-4.19422712886853,-4.147520321437918,4.976199641068575,-0.007413392354870041,0.2512721928417685,-0.35704482009301763,-0.7154933000213948
8430,1.7209583499965007,-2.308970665815984,-0.2578060767895316,2.4616080053645746,-0.17477509691632753,-1.441014515839365,-5.347256678004449,-1.7448723154739305,0.08829732367113419,3.3732988163347777,0.07891512190424077,3.5516177315683315,3.9695835668952952,1.8797932427423447,-0.9273272422180803,-2.748523170945459,-0.6622282234603389,-1.5112981730137847,-2.8360318245422995,1.666394139607398,2.7863342436682146,0.7680576324779382,-0.37012584204175525,-2.0146283491723764,3.365073970216663,-2.316493109559026,0.6073276350521901,0.13941318616169251,-2.5676669062267763,0.7723452243584106
8431,2.2461815160642935,0.4196237219056833,-5.838698391631176,4.820724741395022,-0.4318302635576785,-1.216001324176247,-4.223547683462272,0.33210109052184933,-0.07773053806779728,-1.0499805193870273,-0.7990299951231821,5.8181876455185275,-3.5546932750780815,1.8651039566457221,0.9780877741176788,3.787885779670585,0.5296586350809953,-3.606042870436948,-0.3613695326941304,-0.1968296406741299,1.8451904312650313,0.020657176056809945,1.1891314538190656,-2.496779887775528,-3.001630880604548,3.589947546939271,-0.06818012569452137,0.21271816763360363,2.148160601149261,-2.88101530941991
8432,1.6443595933849053,-0.822904194906549,-1.963075007510323,0.3292423058776599,-0.6779998418211219,1.4903771449753247,-0.7224431642764202,3.639366802093871,-0.37755518494019835,-0.09144380082851455,0.4787539432271357,-2.926678595275771,2.6352525081122202,-2.9408680803498957,0.967899982389973,2.9416214460777255,-3.4848011205853915,-0.1191047356446866,-2.425245010394999,0.6700738063020371,0.06279036515665126,1.1062139862223326,-1.965155412147599,2.551322264858669,2.7545859475743057,1.0439255327899097,-3.3290293082847136,-0.6673418905568393,1.9720783848169887,-1.7742186663364787
8433,-0.33323015117232835,-4.693101940596357,5.9210228822714654,-2.428504472068955,-0.5316925208726464,2.0655062024386908,-5.394818988914217,0.530316651066407,0.17874654928860156,1.0466728185807206,-0.8585892678129818,4.497672237791587,1.6182190498868039,-1.7325924156676518,-3.18745104610478,2.3704723866471404,-1.5724148410111525,2.503766866249613,-4.214275970704275,-2.650487039995655,2.12221834611643,-0.7012216610314779,2.7950660790967614,2.6487002465152862,0.9471558375399312,2.6866911660460353,-2.250995675908854,-1.057241584655214,-2.3966347216360653,2.0710249786173307
8434,-0.41093720887758245,4.035573595181386,-3.6348846782905326,-0.2143814427600752,-0.07931138572238305,0.30394112046907296,-3.1202145750334083,4.67287276451005,-0.30174765702670037,-2.5655179955772507,0.8969945333425642,0.41761292978483766,-2.4577012131634355,3.543720999382238,1.2516821628764738,-3.260485772227973,-0.6758071565974824,1.5985909797301439,5.132181321779495,2.9317688809064464,-3.225984596848365,1.1575107843653019,0.17911028731928447,-6.174586677525088,-1.4527495180040049,0.44980479250350314,-2.4477231444843532,-0.08793700151120909,0.7827966203128902,2.7558082511863233
8435,-2.7353443440973155,-2.6899745691921417,3.0787468755017926,2.64978837492961,0.718665511431972,-1.0218818485740488,-3.5465425518388045,0.6297186182577974,0.8163067735893321,-3.5936104425081243,-0.10161472004164196,5.795742322541532,-0.22484053401582926,-0.8837406938331185,-3.759000571892024,3.438289090588089,0.5872232224027378,0.8420694867501091,-0.7184091610331009,-0.45424548177858703,-2.194489893076147,-0.8523181536154869,-1.9230780627881323,6.142540752288532,2.007786291696995,1.1278433018739946,-4.5893723607260455,-0.8882266101787994,3.713995868537747,-1.3720264912007512
8436,0.6985504542401557,0.4263269241070127,5.624005001002409,-4.854213663600479,-0.2578411994613936,-1.6368275162877897,-2.072842597341811,-0.8384258117983947,-0.4241897740459928,1.5173612339871383,-0.0643702985733583,1.882467247772503,-3.8276115782787556,3.661928848188957,-1.9484892785115857,0.6916070458149051,3.859828250956568,-2.437263288170133,1.2607179010687908,1.5903838283372718,1.0163708984425597,-0.6757617129436877,3.230334951571937,-6.4220458664798095,3.0568363148934026,-1.6268820443919978,-2.838174290691299,-0.46468692145051094,-1.720147659514966,3.5930546011585136
8437,-1.931653323609643,-1.6970129325471177,2.778295490803682,0.7735132137216567,-0.3392430904883037,0.41610064211962694,-0.45180328611071374,5.8828133482752385,0.8211325267788139,-1.2773536308460418,1.003772615312923,-5.978561573410108,-0.2562961194947597,0.6571504975078994,2.5438856923570583,2.117616978093139,-3.949882926878791,-1.1124741215845795,2.6184902183753564,-2.839926608456782,1.714750097540879,0.9484318588161331,-0.46509020714937677,-1.9766553591291327,3.070810398735283,-0.21008229481504515,-1.0208830191233211,-0.3658164513524653,-3.4574057086762835,1.9833770752349835
8438,-0.2225704506938193,1.3233557184693865,0.9239777307801234,-1.7876677749980523,0.8280311556190538,-1.0651263791767818,1.3605648961617156,0.2615876740730414,-0.22764252533198892,-1.390572467607706,-0.6837921921844812,0.6798546148895497,0.27420454995713683,1.0595422529056826,-2.0319276275285727,-3.0586141351513714,3.3104731895423285,0.4463217702747677,-0.47428196669149614,2.521096152922116,-0.7041488423873599,0.15022931240135673,-0.17759215679125617,-1.3153024994562834,2.8011949592002594,-0.6976937875193272,-5.022785458070256,-1.0898270452188301,3.329296929992914,0.6798144016183834
8439,0.8475846230123683,3.848379497601133,-2.21983654299045,-4.257617957891551,-0.6362523820168198,2.417742762285247,-4.156055165908473,3.698945865080823,0.7586047759797552,3.5578862278395356,0.4310585373615021,-4.290440240352993,-1.8305331808891179,1.1300023340385863,-2.3370637028152377,4.170387840400522,-1.4606793085804703,0.3278860178456675,-5.06661731266491,-0.4701236500589978,-1.996840079254973,-0.19533862975053218,2.2100960512605443,5.518823620465959,-0.2262546878818874,4.006828441196589,-4.453567523741505,-1.1917088273335232,0.8771672670730837,0.98753533069039
8440,-1.6800875870832233,0.5980324375844575,-5.941841537031873,5.556302195788479,0.7599627384462111,0.7076317522958586,3.529827620203477,-6.221015562397621,0.5230785651695031,1.063967906103997,-0.05706206364686928,1.1612035345676972,4.241597821698175,0.1486390291303863,0.9169381735671287,-1.8770470024476449,-1.7722636327211276,-1.6578643892269742,2.3090025262793787,-1.5666354257589141,1.2913020936450081,-0.6594388883176014,-1.4637490305089376,0.08951872465814859,1.3162602658608762,4.821379108882553,-5.635383283028439,-0.17333164721082994,-1.6279148306232365,1.2989903861222238
8441,1.389165138573098,-2.9274095914109246,-0.5726228091241587,2.6382873683474486,0.9472332268652943,-1.4746533332508776,5.840370032610018,-5.9311568916815425,-1.0296553481770827,1.807196487354421,-0.037306645852434706,-0.6494476342532316,-2.8079930798507,3.742597838953273,-3.686601961060811,2.678109408213249,1.2071920549223947,-1.133304261177468,-1.396654124177541,0.4543849475751802,0.9033744354500648,0.259899433293727,0.9962098934831953,-1.2172145856275272,-1.4831761917617428,-1.0861617570804718,4.882648566864475,-0.9268826334421139,-0.05067432166736019,-1.3357536629096636
8442,2.442846609192351,-2.621611651485509,-0.9317219354687438,-1.1210916665400958,-0.24102199999841467,2.4726006443003055,2.893363621059308,2.2344016721846565,0.5791846231569364,-2.4479835185916556,-0.6074484184562534,-2.651517979352871,-1.8260846016838954,-0.6685822843172744,0.18191882424354588,2.6342675747646176,1.628859339291111,-1.9503788522981722,-2.8478043010350724,2.116849703543995,1.9210349016029227,-0.018149439608881934,1.9667275997037876,-3.138658464209641,-0.404920790382473,-4.058086824627239,1.1790944055988497,-0.26068811396871094,0.06678743517027286,3.4778138882124168
8443,-3.629855941044921,3.0970652972558135,-0.8442471104576548,-0.49289300304125305,0.6837443995648833,1.1861863577230611,-4.117728466248117,-1.2252221643019752,-1.116838002592472,2.9023031680526685,-0.3813627993735045,3.938848264463523,1.5308920831515245,-0.7692646793389599,0.7942872287689617,-2.0740351610542387,0.35784098381234486,0.16027954466031424,-2.3551984917233355,0.7676944915737796,3.5817282451219405,0.04150509955014581,1.566258091687292,-3.6019874362127027,1.3045211504389904,4.044366232920336,-4.664004696477683,0.22781968727085733,-3.408276624430659,2.4955742502812654
8444,-2.5650269020115815,-3.3939895899934527,1.7164267701782165,2.82673339465574,0.9539147386355635,0.4619415885354652,-3.5218008993483494,-3.3003240251788206,-0.20914154275608254,1.9792548763017734,0.9016427224185479,4.150368868563078,2.0857919204922837,-3.812248491129333,-0.6948476731904023,2.3092097718716076,-1.6883452290803902,1.800439701036158,1.2852278649778484,1.33692516839319,0.39672068307103814,1.002403894436731,0.8597519362776591,-4.88102954715934,-0.6040096990092039,-3.212480561216509,5.810007120135666,-0.9541433645366704,-0.9080071305562001,-0.131366364813978
8445,-3.1080092791834577,0.008595035465649659,5.242203246563559,-3.742287511542397,0.503037232339945,1.0964612763566333,5.837746350372061,-5.168198216410499,-0.503146477406756,1.1360204784434238,1.0350687301882022,-2.337490865186286,2.068262545508645,-0.8751903560702274,-2.8342339270433428,2.8446406048586077,0.20169905883039974,-1.4051779260841215,-2.8328233151763165,0.9946955795093135,-1.7161296103561376,-0.01835582630325483,-2.310071337819256,5.882684510142802,-0.7667277223263689,3.8678028667419326,-0.3837884350871583,-0.3246036954424856,-2.7019272826184135,0.30924426873555433
8446,0.9988227825340861,1.5457537863497137,2.4229777050272077,-3.515054730791036,-0.7831898009637344,-0.6693097421563099,-1.9900436481148667,-3.0338812056263613,-1.2009252028375617,2.8995338357305585,0.22787566789443403,3.0974405529539553,-3.9159456449041503,3.2073909686261004,-1.7611936297998998,-3.2877557926573022,2.9895049921891186,2.7679991065460747,1.3316435199436292,3.395583198003532,1.0065070873572814,-1.1362894419136689,-3.230123113938367,-1.3673212494552516,1.6968518419273124,4.518552055232469,-1.1188979358170812,-0.9862763413445714,-1.8588717614587633,-2.2513578585362684
8447,-2.3228618357367203,-5.305194535977989,4.084738963017724,2.011884566589835,-0.22100239952863765,1.7524352416356894,-0.8858901610598018,6.033743646534845,-0.10685835084195094,-2.5327264516320174,-1.1452151621244866,-1.3630535208764236,-3.8632573876272964,-0.44907884208150506,-0.45869375096656384,-0.486609065376328,3.6263415801687096,1.6312974658829198,-3.002142480189253,-1.0857727465275726,-0.3991750351457295,-0.35436756161850713,-0.11720204105582788,4.958659864534063,-1.5329555500197998,-0.37111127855213155,4.813923664333611,-0.7670490956176153,1.5136317463664852,-3.6564394865074537
8448,2.0103484093695876,-2.619696750402813,5.174116617990762,-3.368279632910493,0.04238246231568388,-1.2388711063628044,-2.245206807547202,5.62690047061453,0.0646525459357763,-2.9436057481592783,-0.44295741871429684,-0.05978304212936436,0.3067417649441211,-0.8323820442862804,2.508833517369272,1.019884350450333,-2.634232354687054,-0.3688452337904735,6.156756557988352,-2.4682037392908462,-3.0443305539272085,-0.37013876114118816,-2.4908008840447717,2.2167173804128524,1.3114364489043417,3.287427842885368,-4.2994781736367855,0.07477633122624816,-0.41647886355788444,0.04231641418179777
8449,-0.6580883670666822,4.464818193298306,-2.6627132986672386,-0.006308994237038235,-0.04319924156068922,-1.0945082917667506,5.882625762770079,0.693489192142767,0.3304383554720882,-3.725308159804431,-1.048807987828468,-2.1324371627518595,0.40439126696030314,1.8596151034226942,-1.1576766811317096,0.213900606538882,-1.9800569260614687,0.6598266302712332,-1.8858611491813946,2.947363906151505,0.6525804706350655,-0.32071269843551864,-1.379141917304258,-0.014228611868212226,1.3014346205805722,0.25244845061327936,2.029079745132467,0.5292133437962461,-1.8843363873989425,-2.2278397727205306
8450,-1.663732796443485,1.9586057589323254,3.254180652375023,-2.2780218065467857,-0.7634537777022947,-0.5075780306148499,2.0704819343312657,4.3864932684660864,-0.08783329137309259,-2.17751201333569,-0.9360099946729354,-3.255619903415429,-0.5371952763367567,-3.27733738253729,1.6193126442262908,2.7335138694089665,2.2903355037132727,-2.8286293584745508,-0.9512586832197911,1.736448654001384,-0.3144130879714222,-1.1414090411323037,1.8577118766743048,-1.1870797183549513,2.1547861887390916,-1.0697426699273507,-2.9715270702675163,-0.4153280053111157,2.040683723420596,0.2611278333494038
8451,-3.7364519433917565,4.851498576032846,1.6820504977717725,-3.1322959163145363,-0.4590314278880663,0.7942302137896551,0.7897756395932838,2.8811772139087353,-0.7374933813229401,-0.5943656622484497,-0.6412678020964853,-1.6978260078339389,-2.3998894695901782,-2.160188472367933,-0.8898442151058497,4.074025970244811,-0.39194402665190964,1.7678402134709934,-4.923582670726457,-1.558253800968851,2.499485560151598,-0.9704625011472974,1.3610539723585617,3.5917594403296924,-2.2812736345457196,4.587630186640833,-2.735056274989116,1.2481831712962173,1.8891017497849631,-2.7085851981841067
8452,0.20094638384871288,4.968534758477809,-0.9742580356429436,-1.6332680763774015,-0.9923535742973921,-1.569601456008872,-1.0562756125824713,-0.18866187284853453,0.5310798202600742,-0.7087552583324488,1.2155659747517014,0.2070469487519091,2.76409937681877,-2.807748448109539,3.8723434091121263,1.6248732810048097,-4.222885258166677,-1.230682360659591,-4.691250494842322,-0.7915703948260884,2.106994610807522,0.8216826424494492,2.2363475237851844,0.31779611262348695,0.1903139205844937,-2.4260261368752474,3.421753588375605,-0.0942371271243223,-1.5626751918045372,0.4708709468471124
8453,-0.6805130980504099,-0.8716395071504976,0.2807717457006831,3.54881938588451,-0.5136314580797479,-1.763807068304617,3.4375523981568605,-3.5748551401301505,0.4823749525191712,-0.26552027544764556,-0.4794225825390299,0.39987064744099143,-0.557908757582922,-0.8612517218038853,-0.8741845660407961,4.023063294331056,-3.5631065107399458,1.8333882618364008,-3.585286225161024,-0.7576260214458266,0.7302378435336472,0.794296212693455,2.6892387591579787,0.12913943121900573,2.0466646896617,3.2034137646483565,-3.3117704047766097,-1.0819065250493076,-1.0402357938506661,0.18383426936961378
8454,1.8181491084853825,0.2835017038732808,-0.26203863310501063,-2.484010872157622,0.6167424959056511,0.02765619699823496,-3.2450201607800686,5.433108717710766,0.7730052373385634,-2.9715882395295647,0.07984510397215949,-0.06935065871165946,-1.4667362676922107,-1.917369016715158,3.065037395048911,2.072444563948853,-1.133726307885965,-0.6196503667045405,3.1767395893796184,-0.1535036055532153,-2.5810633804807157,0.6839378236566072,-1.5772216919025865,0.45111126489751996,-3.2179724891599513,0.7092385355168886,-3.7738588439986067,1.0040391130146382,2.667544651715133,2.6110090329149855
8455,1.9435671130294025,-4.883708402967837,0.6557885812231561,2.631567837090085,-0.5778945369333393,0.23067940855849045,-1.3550195924393087,3.4438443865659067,0.9731774708009393,0.45156565241016544,0.11970247535640688,-3.6332703926939516,-0.39260366659619095,-2.7386247685708103,-0.16387214399968997,3.152604255873932,0.5212695745936671,-0.3787732513009825,2.463854165712206,-3.2367216733053414,0.5403113471149048,-0.7569818478994508,-1.676789213848961,2.6663272222238916,1.6836551079875726,-1.1834039125532918,1.9310614269783137,-1.0693908186765975,-1.2696017524761984,-0.09232005125673837
8456,0.8307746465155912,3.8637793264837192,-0.8548672883150275,-5.086589313851164,0.452038199117323,0.794864430049536,4.9026570800970966,0.1351672806905917,0.09067424519162692,-0.5784481652983935,0.7252949126283923,-5.275345353309152,-1.6763709218820804,-1.4071760826022253,0.7340202263752644,3.6458818632418506,0.9007722559566105,-2.1971273410894874,-3.4178542984710845,0.7092908200206551,3.8296703794310396,-0.6639359991260392,1.889114490385257,-2.3462853922425886,-4.580542544765931,1.9567454660848327,-0.01157888021333875,-0.13493109689744465,0.03697344366256061,2.733333612132384
8457,-2.283390884766497,-1.4338615115506954,-0.9035550831417893,3.090647654415047,0.17271778425280226,1.357442040791117,-0.38711778446777245,-1.367140899245907,-0.8123907032711895,3.4384279381149483,-1.211984399722751,0.34020584859281655,-2.823318149522242,-4.009975469394259,3.5505343045038096,-0.3734262936427015,0.18195122390446272,3.47423438415089,4.059311033354671,-2.5905188508268377,3.7654590606785625,-0.3311516795959717,-0.7090580858556077,-4.194041477757583,-2.277041860591698,-0.11129818566521621,3.3490507666209695,-1.2284014479950436,-0.33036068908503147,0.598051416719052
8458,-0.9713684954454198,-3.3413034409646976,4.760038571658587,-1.4033582994357374,0.4318127471994271,0.5241789169878075,2.5163031862430962,-5.850472956762935,0.3125584090158249,2.428371592297701,0.7342546416690263,-0.14101487246260191,0.9409308302047314,-1.1423517066100128,0.6810650569764682,-0.5496994073607233,-2.6489178791569916,2.7189731059464854,3.7373472822249383,-2.881820287027532,-1.0048016194483278,0.4802841008147505,0.6807004329833539,-1.0117099095499817,-0.5098004223396089,1.9830706111054752,-2.53369955689066,0.3966405978652947,-1.4773492544777387,2.1411380247403073
8459,2.3672256679176726,-1.038830765128381,4.599145230623012,-4.435251447546808,0.23951419362110116,-1.7318028794866365,3.2869973448059397,3.041180899841045,-0.5470390675180106,0.04713827098737866,-0.2531103103080188,-5.57516713780824,1.3847746636347757,3.1616297461542437,-3.4456671362094156,3.9642382876948474,-2.2437083088328613,-2.8212672524416007,-2.654333214630629,3.1390703276493355,1.190330732518568,0.9696362568578483,-1.7302689737461225,-0.9144351286518031,0.17241411585135324,-4.734512899778592,5.599518975434705,1.2465613522008088,1.0260019720451439,-3.3099835157503197
8460,-1.9929357535750754,3.7944235055924906,2.1274948179828783,-5.297252193049804,-0.055059976305973146,1.423329599355423,-2.044323951318532,-2.1142213831730636,-0.3386935103352311,0.4212186840608627,0.7753944194899605,3.3006257412760966,-1.1755382207628138,-1.0831775707014426,-4.177047532688988,0.08639987434208862,2.676186935867797,3.6731765139433215,1.2257995662964376,0.5672354981925221,-0.9040832991761523,0.3463021416984393,2.9137019218652895,-4.14895582887932,-1.9343260550410974,-2.167291580147424,5.4463139106524,0.8165512073332799,-0.8753036685356079,-1.2859438142584398
8461,3.6190321122079254,-3.9520053201461494,-1.6656628314044006,4.245040782581203,-0.1028851014287715,-2.1435196418098856,-4.239813482029405,4.507155294295764,-1.1192213094146544,-3.320675230543433,-0.010722205306987753,4.183276932998822,2.0929585554140857,0.8467030254305392,-0.25955192588761733,-3.3996890237988815,2.444857640291964,-1.7252782714501524,1.5500973628409476,0.7069402200183834,2.3239801346314373,-0.3554278344284425,-1.7689542945997392,-2.4566355884653497,-4.5215855647949486,0.6418064711266958,-1.2584736224840611,1.088146976227721,2.7720088578652415,1.278096882062485
8462,-3.085572606371178,5.579368879432447,-5.170218608257624,5.2735041130774185,-0.6938231824262937,-1.903258595454865,-3.106217984184518,-5.680786248307584,1.0951329469775724,3.2526106621479727,0.17885972383614934,4.26040089953052,-1.4237424088003507,-1.3434163462286133,-0.8283558754648794,3.8052584090580517,3.2970604539147104,-3.5068042324789666,5.555107571703925,-2.7914437770072063,0.133112508169539,-0.6153636628167396,-2.6306638041085346,0.34925116405628387,-3.6805808861749085,3.644448948560413,1.304091125048231,1.029091794622138,-0.24727523835460907,-2.0497757436981274
8463,-0.4047390814885272,-2.2692606099729886,5.085135247989875,-4.084396161167302,0.8212096655893713,0.8520509390494979,0.42112214059304875,-4.469991699002424,0.9956795936189611,3.3488985942457,-1.1124358253088809,0.8167271958536517,0.7968001677897156,0.1120750411724849,1.530910305185163,2.095090505386608,-2.484836837980904,-2.050039181553121,-0.3284721694464672,-3.136752058437267,1.1250392265969076,0.7974826858191255,-2.8976140197714173,4.440316335236428,3.3149761744148023,-2.022104048747238,0.5651229830262459,0.042707984263891774,1.3605086254442718,-3.261211718398833
8464,2.8462968955158026,1.8031473369074007,-2.739221909379463,-0.8354424372339544,-0.6462012557589598,-0.4285786300509411,0.7442225845501937,-4.109726562517832,-1.172710192731984,-1.682500018421468,0.6111465021437272,5.609567686977407,-0.9992594262005028,-1.8581981080919228,-1.8618104640416426,2.426324905613754,4.039428478957493,-1.7464853862372394,-0.4470185914038751,-3.201083040967392,-1.9434353144005811,-0.8689269152423122,2.5611693340089783,3.899294528002496,2.5839446656532274,4.1553326285008545,-3.1440423138211955,0.8326172454969809,-3.2155583074912766,-1.2122939183354617
8465,-2.459209616522747,3.4202097190719094,-5.305415481720875,2.2213592765489807,0.6343172991937234,1.4887388034289142,4.06815572460663,-2.0529469319923237,-0.6879964538795882,2.2820145087076043,0.3519453939250612,-3.9611722413673007,-2.240380585696313,-3.5921706775523887,3.849821441125272,2.95855110971209,0.33405703338469905,-1.3098783209734286,1.0365737023168897,1.8010765439285752,-0.9760093933077858,0.7485851840711168,-1.0291972253810862,-1.5810288116304072,0.3256197838218675,-1.3241673924037087,-1.2783647703295316,-1.1520412709165377,0.8243620896249713,2.604591560206064
8466,0.6066198509559779,1.0725373243389988,-5.153341794657642,3.766714082393108,0.928757513624193,-1.221286976654735,-5.204787932968429,2.2372479366368623,0.914069847323387,-3.745557797181794,0.6563759276010268,5.142652018589043,3.479269537270625,0.6903190499939704,1.208933342513408,-3.1807649712859636,-3.5118546843135334,1.314097725821398,2.721196943519992,1.1051288232636267,-3.8155465657558665,-0.7394985657915996,2.999233109168749,-2.270513744407598,2.1002502061385577,-3.9372704215018928,-1.9594138171632949,-0.2967465926800186,1.9286614326473135,2.164519192562455
8467,-1.6622913076737174,1.020789506154781,3.3929441659244652,-4.96126934966405,-0.13517248951198502,2.3449994747704004,-1.092133543779937,1.0256346083896766,-1.1618588997899955,-1.6753500121358105,0.4665088304885172,2.437199016827652,-4.0248006765735695,0.4978566864324101,1.048648544317203,2.068945085204497,3.656372798488512,-3.2470224378691572,-5.828883529978622,-1.0280561941476467,3.8462650219897903,-0.7113544804104386,-1.972729345681726,5.6947585282259325,3.5429161422906965,-0.024805511155840065,1.4501546669216197,-0.2490199459059843,-2.0056842030517963,-2.713561149095563
8468,-0.6044331241046574,5.383593182475547,-3.3178489537330904,-0.2924608411781584,0.23912835181836112,-1.4079786152781146,5.1158960534890845,0.02569412384447034,0.8102459904321844,-1.94540796658948,0.21569465136846766,-4.222122852544615,2.6473726819244803,-2.158918592194672,3.1647995535958557,-1.7896541719644183,0.5527035661282014,-2.416303037489552,2.65125122188444,-0.9905323318633652,0.6806757838088657,0.8170787461426663,0.467468260038979,-3.625941680014275,-4.137075883667936,3.5128577837645665,-4.901744257317134,0.7139269217762783,2.8392495363367694,1.9727858991106366
8469,-0.9583929355652341,-2.9812794534937623,3.3600486243921424,0.5939937188639774,-0.014414514187493843,4.455999024521873e-05,5.0247444570297795,1.2462424144341426,-0.9617148976163259,-2.576532982976202,-1.1520585967644195,-1.5806803941068495,-1.8402099345850012,0.7911553285250292,0.6605931534106446,1.566497211369665,1.4770437016762088,-2.6550794603966636,0.4145736931300483,1.0356567475210898,-3.550383477489209,1.0924144010020473,3.1977822302803958,-2.190043594447083,3.905995404138686,-3.5265365298795572,2.6681801099281692,0.39716801276568603,-3.0904252722815286,-0.3543817246683023
8470,1.8761565670094278,0.9829987298281253,5.221494612194469,-5.323150440441541,-0.27154359677452433,-2.4859558718160546,2.1067321255354905,-1.5576329761617345,-0.19617750093808084,-1.5842962443239426,0.39647187272449624,0.8349027231638786,-3.9657078541714093,1.9215517116228504,-0.822323174735569,3.7494375422847313,0.6271437306301912,-1.5101019556309119,2.1264046515062844,1.2245501242047396,2.8071178368858156,0.5367121693446331,-1.1938611433900217,-5.5009236385541485,3.9358558238787253,4.880179121653388,-4.704082890908353,-0.9413144851174309,-0.3933670700224958,-2.7772704994806894
8471,0.4585768908982466,1.4212737735411523,0.04628871227747666,-3.824977478719564,0.6140924350598582,1.2847456669427508,-6.22746050893068,6.076795790749042,0.4065579110065194,1.9341387767006388,1.0400059524841732,-3.230037922009579,2.1795716784247468,-3.523048285147514,-0.22655944089491697,1.6741441903577936,-3.5543451833849176,3.4502370406446836,-4.692639785604097,2.9739782171172564,-3.237669237143052,0.31530536685449917,-0.9586506045448591,5.599676043317579,-2.3462112753683684,-2.0347829585842945,2.6060791868977162,1.1983335590077413,-2.3018038601832895,2.878385348233625
8472,-2.665200182993786,-3.4633335039291424,5.193420191093281,0.08323895376929613,-0.650133702909149,1.502008244969442,3.7196717798039174,3.2410670167496143,-0.2946382751305432,-3.2009237150558345,0.6916437680763945,-4.156820574443422,-2.8160001981952583,1.1193751985103795,3.509241314752739,-0.08128365577783825,-2.731060168474613,0.9997275091844422,3.6720093698665934,0.46512783119256795,3.6492038016224058,0.053339780626028954,-1.434845198913541,-6.404835584396743,-0.27540790112498925,-0.8338530187887834,-3.534581188454773,0.38739965594369075,0.83763219233429,3.4188102600936503
8473,1.8964939935751097,5.015148574190288,-5.2122535619151655,-1.807471791876761,0.11266650130709666,-0.004583715280629619,5.853104906576622,1.9317512463406246,-1.1202617869784284,-1.0741840076699773,-0.551008465711174,-5.039401892557546,-1.8814853110026615,-0.10919916768225235,-0.2413175814307067,-0.06812457568733166,3.202753969909363,-0.9026273341065405,-3.309813386782711,-1.0456953492101029,-0.12037728230214384,-0.5220083810714833,1.6792426820781259,3.3186517172856256,0.51623913497831,0.13307538886506975,-0.7545891087707801,-1.083691045630136,3.0329613634024923,-1.8439957328418846
8474,0.6520629950516117,-5.049490840616631,3.2100824415396616,3.0002089673230046,-0.812231888151683,-1.0006316751459714,2.027459207825153,2.399073779602226,-1.1305924954634636,1.3417412558288326,-0.8602035121699352,-3.777478235622713,3.1464141807162385,3.5843265888033073,1.566719034234886,-4.11730537457011,-2.356644486547644,-1.8235099426368144,5.568464820614771,1.0912112676768526,0.1262633882511146,-0.679900117353081,-2.7175353796801005,-3.388503979512258,1.0608795436744067,-3.2391436413417196,1.2815597819331899,0.8237198900756271,-1.871611481028756,1.9445959066903278
8475,-2.3976570167141915,0.8898160591067921,2.9597250829922856,-1.5127558956460163,-0.4864628668499318,0.5473346371110921,-1.6912932299027545,1.2201707546628526,-0.5296626663865212,3.117232397270687,-0.46211751827992753,-1.6543297373642325,-2.276461041035624,-4.024262527693125,-2.1787913075916556,3.7683146305533874,3.6197174217602885,1.091482824006583,-1.4173683478012968,1.7922457366787032,2.3345639988698608,1.035356792624322,2.703473523117774,-6.448271703492047,-1.2047955977627431,-3.5648566370440093,6.1677632934414355,1.1931954349618898,-1.0023937013477475,-1.588912792245706
8476,-2.0013978395438716,5.377822062607503,-3.839497725855068,-2.015143158444019,0.9130835579014613,1.5651331033340146,-0.4167274537913386,-2.223256572820734,-0.3865235061460748,2.4963790324255477,0.005860882672737766,0.5242676176599588,0.9441583808550469,2.904384541220452,3.182596876215875,-1.341166470270739,-2.3668293063813017,-3.323144021639502,0.3730380695886879,2.5332402404477747,0.78948548024362,-0.8996002105387273,-2.7416307666395046,-0.054532813104536615,0.905180246368591,-1.9219171319874526,-0.23359537564394728,0.7068065093838705,0.0002826385913863305,0.5432431132906856
8477,-1.3839862130612595,1.162808223554297,-0.3920805880076301,1.094919485748349,0.23558974370757246,-0.7172506519413524,-0.8473892072716609,-1.1836471928668573,0.0828454902106035,1.6598861182530804,-0.9372191672089611,1.225523958883894,2.861918107771512,-2.3321637483376225,2.797993836159254,2.2520332720740157,-3.871042235421635,-1.7087392322457138,3.881996952951358,2.9258348601655193,-3.1437719313542303,-0.21276246161521506,-1.0732348562401608,-2.3780625639099604,0.10385699955796568,2.5145769196622254,-3.899581740222313,-0.6213814197835816,2.6500752069425815,-0.7475459661537798
8478,-1.8928350100174693,-3.3098831586393196,5.675187579020804,-0.8373726347073926,0.5966177486326449,-0.2317145242892611,-4.397864853209811,3.3440311162915677,-0.6648506806673176,3.2941772556807187,0.5811962470113432,-2.1566890851063683,2.525957106632344,-2.9276629701560903,-3.0412361956323277,2.1099675605135424,2.4639606600548127,-1.1309861614124799,5.028455493343316,-1.0975344768294821,3.7614986151052427,0.22525036608078963,-3.2447318790498088,-4.672938118652731,3.122081914848671,3.1687869416443597,-4.596193152404574,0.21992214251848274,1.427448230350194,-3.342046076954018
8479,-0.7663579127504345,-0.5291709815740582,-4.075999401799699,5.973249858717111,-0.9065507236781756,0.30482916108524805,2.8248882538416,-4.96424494376836,-0.9055504194266906,1.190857455239076,-0.6642674872560308,2.5183171413705914,1.2134231810397544,2.70595145726859,1.6193406903313061,-3.2952630079905507,-0.033964790085420304,-2.2094875305638944,-4.22922280057352,2.5116020369629517,3.7787924899792777,0.8556766204821535,1.9302498627415456,-4.8470982095951065,0.49384971893741536,-2.372390784670369,6.015912242401775,-0.02443893822950116,-1.771903102093459,-2.34102913634273
8480,-3.2080765819512163,2.5102293550625916,2.5162766839372566,-0.1139701829112667,0.5283068147889427,-2.232766088926291,3.814200127444586,-4.379024258253473,0.7273155781461638,-0.18626682785012072,-0.7852097031333276,0.8089850836463341,3.315054080077939,3.012121060190754,-3.687436900610919,0.22919720053354808,-4.151329228191527,1.2823937880000145,2.5594322069514917,3.172867513209429,1.6323118996367008,-0.7742642339711816,-1.6938492729809091,-4.896498112848217,-3.3446185420758567,-1.6330712006190566,6.0161634758172795,-1.1045545526709453,3.5173760197975135,-3.4512952002457684
8481,-1.14618225300147,-3.0765384924449393,2.754371140379334,2.946248112904108,-0.1499265344593499,-1.327971973377652,-3.4628628559129133,0.8623806680924098,1.0094031209423973,-0.9181935497991844,0.4026935475414213,2.1065790691360142,-2.415229331430627,-0.8992459439177338,1.2566466318399314,-0.31878622528021694,1.8623680406590069,0.5142468281294548,-2.7078778491932063,2.754465134762974,2.1672690668865258,1.1004352660448085,2.033637764106226,-5.34792938261003,-2.7407826490796765,-3.546919402380766,2.0560950619186507,0.16565744766160506,3.0081510157352085,1.0577985261481473
8482,1.1094337496853726,-1.930097712992012,5.508789406692365,-4.799573618348063,-0.6856920660452135,0.7971402410075594,1.6368088699124606,-1.7855756363501385,-0.02544047629187851,-2.187210994351288,-0.21628937882375698,2.5777076159047176,3.506049272775762,-1.3702838508479012,0.16706154372521453,-3.9910155058425456,1.0888079460542919,0.5993805941349937,-2.491935375733391,-1.0930533799192919,1.4371388758344779,0.6214704409451333,2.724157176107367,-1.1977777372369545,3.1853645989636625,-4.6221581199310275,0.1428701116817379,1.1337084039858407,1.7818802698743639,-1.6216652645714245
8483,0.45459011932451787,4.132710281179367,-5.850725681877304,0.4812553091379179,-0.7159136786213556,1.498083650856854,-6.083797418829459,5.385360618794294,0.7803710022469801,-3.2945478195425313,0.7756606775822439,2.436952939748597,0.424112271970003,2.800201746973425,-0.7533821848888209,0.11514636929788225,-0.29222918158696487,-2.2938490217656966,-4.241371331148187,3.2840680966278484,-3.513779392668349,-0.3665906976428861,-1.746620112618345,6.584293437447279,3.6033474300919153,1.409860428526116,-0.12690662615047898,-0.598879027225637,-1.6836528520603302,-2.6037693531784196
8484,2.331428492883134,-4.510010696614266,5.535805597899568,-1.7587241291849622,-0.7233437360692483,-0.8751555289142594,2.9139450655787584,-5.78024746524677,1.1572198982307293,-2.5431459517340826,-0.45685736719086645,4.709085820362329,-1.0542358455977254,2.2678985033072223,-2.996304753625779,0.1833563635961113,2.9645478908073777,-1.3652621584873579,0.6608589598630132,0.24030388390466406,-1.9385430202103535,0.012232445836781736,-2.6592011685668453,3.6843488991701143,-2.8831954365854315,4.380786369354137,-0.00761234078766293,-1.0847963440150892,0.07247539284890792,-0.47765764081167283
8485,-2.581880137450632,-3.8138532251856034,3.1580720571334346,5.286732992553038,0.29058419287348025,-2.3396558799237486,1.5521153807147314,-3.6227287414219234,-0.9321749431130497,1.3791916702356488,-0.093813676000015,1.7174103095847109,0.347079020598823,-0.529858510302212,-3.8359450065425857,-0.4069915705971816,4.170145073085649,0.2555709937573418,5.384762667140404,-2.9057164605153325,3.242723635999358,0.45949573009231504,-1.421402009864316,-4.759863562855038,-0.001729877428452653,-0.796438832138815,1.1691221655445574,0.058855136958159804,1.91368959371572,-2.3434981866479294
8486,-3.4127237536568984,0.8260963607391751,1.8210426622275975,2.6067671850018357,-0.5470287849343649,-1.2941536693773834,2.1756531357718565,-4.801492958430561,-0.7544421611061916,-3.233420602588593,0.4116990928809017,6.202003493472674,3.69028581261189,-3.9503630793455464,0.2826441334086063,-3.4071549173706615,2.280268666579225,1.1043193841162626,1.4455421204055519,-2.603230154516826,1.774499271865345,0.9707507696633755,-0.691425639237341,-0.8961363681827486,-2.5049757744048478,2.1479080705432914,-4.336840399340211,1.1125660582052568,2.4852137112928574,1.0961283337068934
8487,-2.3694439187489813,1.1938822149234447,-3.675857307477404,4.3619099572753655,-0.7213763881327777,1.2108854421603308,-1.0088032274692047,-3.0163139491971833,0.22838136578469204,-0.29629697693654933,-0.8619304343613532,4.954963222179703,-0.2946820114283284,0.9003820684265236,2.2499937700209713,-2.9842605274442136,2.1176415952098573,-1.9890748947850074,-2.7525312617912725,-1.4071623776371336,3.2038355673579133,-0.9925432098421965,-1.5939947981376914,3.542396080047755,-3.303729621871316,1.5573972875028161,3.4774532043332336,1.0733454448861686,0.28728625311398126,-3.091752567961656
8488,-3.0772314492461277,2.518702429134116,1.260551412946942,-0.48926592100947275,0.3931330023280242,-0.605889474153507,-1.229052686179248,5.923382630374142,0.237666742509,-3.613093962909506,-0.3279605527294276,-0.9909421710648623,-3.786302280313386,0.15964415082807548,-0.11740586397010233,0.2812922604453867,1.1226345455068838,2.340137187502929,3.006880540354544,-2.1680065713811256,-3.2979128573149854,0.1524729864016363,-2.588751197042896,4.895317098980225,3.5250824314008185,-4.52297052956229,0.03426913819273025,0.3626002385635134,0.20888516693121595,0.3921335544772564
8489,1.5369888469526032,2.7741628293826643,1.1943093068382353,-3.8509929228321056,0.11353168616871967,-1.767999746510128,4.005222614862468,-5.332965976271893,1.0536034628999955,3.1256764678833697,-0.1183796076947381,-2.7331569616791036,2.633953550748167,-0.5252417296693359,0.012251253730806155,-3.4321117237689194,1.496000278093792,-0.18485162913471243,3.75914304855419,-2.168628976723829,1.185371776919279,0.13575582842864264,-0.8230761806192035,-2.0885654965616958,1.9943297937803202,-3.0426176389338337,5.408899488396088,1.070680863253429,-3.553453975449079,-1.8778385310437127
8490,1.6196545637122028,2.670557119638598,-3.7022778574944937,0.25004389515821046,0.09653562034501828,-0.9345133413595139,0.6949164206296103,-0.7945373070146609,-0.9605516209441181,2.459146031283261,-0.7428351869988115,-0.6561383369551805,-3.3097089762033125,-1.2696014824150819,1.545732900217029,2.3598514941279376,3.879611031975667,-3.2058849677024277,-0.24155191581131774,-1.4025262285789122,-0.08663024993994739,0.8959802663796683,1.9771514968010688,-1.1424233688532048,-1.4755543026805782,0.49932234930649955,3.180947988579927,-0.05770251298891438,1.565804012035155,-3.712817534248863
8491,0.010035268569373201,1.7732765000119706,-1.566816207171005,-0.06261777353093478,-0.4542635984828509,0.30038581060349046,3.6450356202373335,-5.080630170388982,-0.30878826685346095,0.8955027183177684,-0.7711216052709462,1.6200017039583976,1.6468824989639685,-3.397874658654805,-2.949229977476584,2.9264566826895404,-1.8370921829889006,3.6108576374666157,-2.892232819731092,1.7928220558090118,-1.5634925580387868,-0.6591220290847541,-0.39560685566151577,3.7176322067044794,1.0428389746352025,4.452467061179291,-5.058308573068093,0.1088853272954946,-1.1200825783133652,0.5741997882746936
8492,3.072216900486861,-5.709188748994059,5.558386047138153,-2.657765875952194,-0.9884110115964047,0.7247626889176875,0.15624086102533852,-5.388430681330817,-0.3766622920809377,1.0524366936957605,1.187632695718249,3.3687827229724974,2.936506102970828,-2.372830436628467,0.29870910691663966,2.411625619140761,-3.843883587913048,0.5698731955131215,2.4077271050370825,-1.4458550179430052,-3.8179021115210716,0.3244427082397152,1.4792732291375827,1.0523140870470336,-4.811768612690049,3.9578362253629287,0.8452281687853826,1.0678362413647493,0.2735560061969142,-1.332688029016726
8493,-3.1440969869624933,0.3219054278562652,0.5324543244300557,4.941302538399423,-0.5723531489493832,-2.079212154773842,-0.9228227424904567,-5.758591199691427,-1.2214704688835418,3.2051714801484863,1.191202526158957,3.506510404758039,2.9900610979752003,3.6863568063952457,-3.8800402532418996,-2.702834511168497,3.3384128598640395,-3.4319559998242486,3.3540712909368757,0.09345892675279543,-3.2154110821746844,-0.45320247327890595,-0.24193187418537754,0.4630152119466686,3.396644118825648,-3.0394434861861193,4.650302124316958,-0.09553572787898634,-1.1920178299766064,-3.719949199097675
8494,-2.991878974545463,-2.153271607637244,-0.31147337014108345,4.4835935378401,0.7365238032329797,0.23650661125075167,-3.78448497108322,5.909300292801515,-0.2903423933463847,-1.3457918637284791,0.006939833196790701,-0.49562089784015484,4.019531342885795,-2.9157039817537242,-1.9312145525313102,-2.3909586126086513,-0.43922373679631477,3.6575695408040403,-3.8917998259215487,3.026525529298457,-0.022881069267903342,0.12467745632950411,-1.9227047337213516,2.686182643280212,-2.2044408832320315,2.5522704612155636,1.8838980143126136,-0.5697838742087535,-0.275836260566102,-1.3861074575180652
8495,-1.8054190799909833,4.860905702006946,-1.757233460341478,-0.7679993620895083,-0.23849104768574936,-0.29176275189919565,3.907874912254133,-0.6220641952984671,0.7380976096519154,-1.7806700799196804,-0.3233568405651308,-1.9198814061227232,-0.33330025490743864,-0.2537206648114818,-0.8835904217186155,1.6005257378449826,3.3856740900174387,-3.5155884864250417,-4.712294376455073,3.144702985637039,-2.278199987804129,-1.1469203523926765,0.4865512401520746,4.506160490860129,-0.3362846229303571,-1.229324490388187,4.918872342787349,-0.616271778844359,0.5434151601097952,-3.280406610731017
8496,1.9066232286982405,-1.291228784164467,-5.66660202942623,4.652165531996079,0.055145361048115404,0.3438966918482951,3.9634090574801135,1.3023842265949455,0.4300764539971542,-0.7973046939155743,0.9472743105946675,-5.8458393547512735,2.2933000576673024,1.793005866441586,-0.28452637686591586,-1.252018415945816,-3.706625944014954,1.1568648127176502,-1.9484408840038192,-1.995331292914594,-0.049970344153416946,-0.3551429376088784,0.7984480443429618,3.550437414335107,0.7487515246344358,2.1041184775338095,3.4790486428600857,-0.9131178152701933,-3.6973564020218106,-1.721444427733097
8497,-2.9760304624165936,-0.35314475601715856,0.7690648999255529,-0.3894471833658919,0.9966735579934083,1.9528839438807104,1.6463091300343429,3.6862037384458795,0.5590176641737372,-3.3639967814677227,0.22939846539409903,-2.7569322165802923,-1.4189128248733258,-0.11903209059951436,1.2276738393539333,2.5402487443225716,-3.7882838022217786,1.558306134017947,-4.9066029979480525,2.5071982054632365,-3.005466327495057,0.7441865558968299,0.36168191761190727,4.299002646468459,-3.7340172777526845,0.07583579931693762,2.2696307867190377,-0.9822428600658508,-0.3027439369468343,2.6735374887326273
8498,-2.524001386520913,-0.5760976605851482,3.8693855572337306,-2.4211116496938594,-0.42058269150409666,2.0724078310703042,-1.0395370293923705,-3.1555826571060592,-0.45441707873580217,2.4645123241720235,0.34291104835228836,1.8421133927099795,3.1345109124678032,-2.4474412046111684,2.6300951124323078,-1.2513719595860042,-0.3234772159518684,-1.7423156447512014,3.6094907506831078,-3.37742387029361,-2.680835266769897,0.651388167255333,0.7194140539037512,1.0779661652186476,-1.8356831511986833,0.6269405875106315,-2.479816933341617,0.005214640003035953,3.4848122760923097,0.19853258093760218
8499,1.1383930233030775,-5.275884270152968,3.872545899293719,-2.5553695405582353,0.5343569464142615,2.2859579417001434,-6.1851379921118905,3.325697953197004,-0.739986504694536,2.6145437798890327,1.066880540071721,-0.08199777635125116,3.623767237705703,-1.535654910666402,3.366130721961465,0.11916442767538626,-3.902432691857033,-1.6709747848192098,-3.0987394996368387,0.29668431090545866,-1.9180785545943966,-0.4813992860512384,1.8008373688155643,3.400695660558746,-0.06493079172608063,-4.785122093922734,6.172621900535091,-1.2042311160277959,-3.5579982956767005,3.4396603968214983
8500,-2.4100112919503776,-0.5679515899651797,3.736404689365777,0.11271894778577618,-0.21932372788674748,-0.6518370273492344,-2.2923607708482088,5.333607291961943,-0.791851840607416,-2.623517919582568,-0.17400839430262227,0.5481316333789366,0.07618823817954734,-1.8299767507898625,2.3852500073757525,2.6590643341838742,-3.828889372010517,0.5383635430611076,-2.190058885750343,-0.45533651369601813,0.3675845762182277,0.8063921424150244,-2.0228067348859256,3.494225415696299,-3.561665203542681,-2.1674062326594594,1.5125098156933525,-0.24597685050724039,2.6465919829479567,1.81594648807134
8501,-2.996556783469165,4.67030338391443,-2.850165801669416,-0.9475519328848847,0.8735140072451286,1.2504571268639264,3.4759918302960777,-4.84547284413534,-1.1755559129162747,-0.6297076680541007,0.3546689254696451,2.8200756693400635,2.3414979033678733,2.3567197003468507,2.5336157932828165,-3.0281470160423165,-0.8315529918659053,-3.3721333890894414,5.404057514604251,-0.16379548598292004,1.148136752056903,0.1814366444892297,-1.256991827474641,-5.312843597695554,3.9811985800879697,-3.132342751834816,0.8999710946663058,0.8978880478917812,-2.4255540529537303,-0.22116091785420622
8502,1.8549037730523388,-5.405488097641143,0.22006960039799495,4.077093862587379,0.2631768041710765,-1.0097559425676135,-1.5750182402225015,5.396627813010504,-0.3705042512123491,0.2958911087487177,0.3657427087417835,-4.112739139066086,2.0320103717134614,1.713235808174474,-1.3641115689284753,-2.0021080412611862,0.15024572249902235,-0.5292722921973816,-1.8306299258071377,-1.5815713075250724,-0.5209463143805522,0.21623327655760605,3.2188362664616115,0.4980780046908002,-2.3093890104831516,-2.0378372086673515,2.373478084882059,0.48367974664675284,-1.6987510310846066,3.188819418709631
8503,0.10309410817572306,-2.430585116117335,-0.5548445606997632,2.4839051797948386,0.567775654268742,-0.169345265422141,0.10126293108370277,-1.9317326170513667,0.2552409787164951,1.6767440165097547,-0.5532958549051452,0.4517805456466526,1.9072949229234055,3.185084252188677,-2.8146116406468327,-2.0906336783863466,0.2207046742819685,-0.4078385303609693,-0.28194908732900714,-2.515093529530958,3.2833762418331744,-0.4748276781360037,-3.1262727643887587,3.11476681754883,3.793292821190544,-3.753977735322195,-0.0915449345498125,0.35515987470047694,-0.17643485738229714,-0.12649516863337773
8504,0.4201508334321158,-3.7752547982010256,-2.114500485095494,4.795405748682192,-0.226128355086483,0.9003270562687611,-2.5699933406249755,2.031893355858898,-0.0044303592826109295,-1.6985852472572827,0.9174945278281204,1.3236210634779368,3.1677300891354747,-0.48523137567962493,-0.8594223112252166,0.22545002975737205,-3.551779110793124,1.5032526788050262,5.36690823460868,-2.848373093395306,1.9025567887543247,-0.7929146570895238,-0.7771155883052447,-2.851061684575626,0.9826728522523993,0.20453831679481027,-5.74559111136265,0.42675559188901424,1.3300856796681835,2.801538670761577
8505,0.9184089794640382,-5.620815526447327,3.4739421538736295,0.49737047632383735,-0.2553968403714273,0.9864907571573038,5.905632557055675,-4.880296095362741,-0.7865213111976281,-1.6912830194320811,0.5387312986649491,0.9137365702719116,3.9287779587543206,0.8444591183717058,-2.5604461265557354,-1.8639711269852448,2.2887904811390314,-2.6376103047241912,-3.031764235752245,1.2437860869037003,3.021231773986326,0.5233806567671859,2.3196635084774435,-4.076297790385116,-0.053134405218248304,3.6729742468170166,-0.21096736252485115,0.06604292710369819,0.05820704173453706,-3.533122447908802
8506,2.9673985746673246,2.716745304246821,-2.72640059868683,-4.184225504786504,0.5454573391270281,0.6810248854322651,-5.139238105152884,-2.31749923972626,0.1907747405346898,2.118210782260956,0.8503821387885786,4.297369683295006,3.9774682847432956,2.829008679186309,-3.9935563662492672,-2.320605602111547,-0.23481593471247209,-0.2574990608564338,-3.5742973215131357,0.72702546229727,-2.538496501656331,-0.08218926644303792,0.5927500470397877,4.875207580272747,1.9352298154538694,0.30142846824666236,-4.986693239265076,0.008476863607019602,0.5282401594849748,2.2133179324759062
8507,-0.7298525218523455,-1.6978704668435327,-4.931174945224452,5.3616878945150965,0.29512429826978037,1.7020857411355532,-0.18241088813664774,0.9745096225695669,-1.159645795535563,-2.374295767867711,0.30686669610098605,2.4349761328694655,-1.5456588151914694,1.677419727733401,-3.3410844734675997,-2.6730465935210344,2.8393407283121164,3.0430294261345097,3.574202271435656,0.8772452600582792,1.9013949541663422,0.6399259524643917,-1.9770339085685222,-5.015734529558845,1.9318138485261969,-1.9254413156846724,2.007780553111772,-0.5245927419896335,-3.4712694047330572,1.9817090607727543
8508,2.146366922465255,-2.7136520048947155,0.2783684577775425,2.540973836214601,-0.4593634608588544,-1.792693750703732,0.1477930242695784,1.9815099635676745,0.6954864587106533,0.19909941939862819,1.1045315587605185,-4.128420424706995,3.9720615041396385,1.0061439697208385,0.8468980406732882,-2.479059744038782,-3.6296604558259737,0.2836166853309301,6.0470128109560655,0.7059503568976062,0.6521792971606182,-0.37361551982155117,-2.611392952508888,-4.4201339926865515,2.0977488334691152,-3.4868495740474863,3.088389520772182,0.9400326777994348,-1.5512480204916859,-1.0880734374981955
8509,1.795372124404551,-4.463061301826528,-3.3331151282308724,5.898441543530954,-0.30323124083615505,0.4055940029581553,4.348142274082672,-2.463720300788733,-0.20726897326949612,2.079691267160655,0.973906952885117,-4.730751220070129,-2.395402134397804,1.016528092490958,2.865636912262236,1.3790671911105221,0.5434712851260173,-3.4093013465919846,2.0693708914356748,-1.7456745293861893,1.2448928204660348,-1.1071603860575099,-1.3524091444071829,0.8909803479464671,0.9440571180506829,4.062254050603865,-4.0797757183005885,-0.8642863064508592,3.244830048215853,-3.3070791921155713
8510,-0.6376259985695487,3.3984241569447065,-2.6777768554999177,-1.2695938042328514,-0.6688411760343751,1.8554136773920629,-3.167005807108289,-0.7100325932930112,0.06666445275766986,1.5562783590825369,-0.48928706308171943,2.743382651642918,1.2177449993940748,-1.1343153208776915,-3.2979127130233348,1.7980835141785363,0.1018477040314103,1.314551816296948,2.3556042922068663,2.445775028862691,1.2425221708691971,0.5507986354828445,-2.090751955753838,-4.503948171670466,-1.7283200261164815,0.37813017272180005,-0.8132984422403489,0.40960991222421317,2.5186202242146862,-0.7647418408005144
8511,-1.7707286565423228,0.5048199927232915,-0.8171238161213701,2.8020964119300054,-0.2701891593059673,-0.4488747726835385,6.059399976067237,0.8569317345810248,-0.3434171475965151,0.014689951128859846,-1.1221951840505975,-5.465409330129898,-2.6323270197461497,2.667485753934457,1.9065016213713548,0.4584109329597794,0.44893926458203737,-2.8490105531015733,-3.242223141777689,-1.3209530353077152,0.8144856096150477,-0.2067857451759183,-1.4239717895059893,5.379448102149581,-1.797827127315422,1.671580986099137,6.2385854942416294,-0.4398412160434315,-2.316173503557886,-3.3563246334206642
8512,3.2696991509540823,-3.470312626414586,1.5499679334230336,-2.633519827256304,-0.47284753418985614,1.7570129034837194,-4.172756787352203,-3.265340879577394,0.7577045874115553,3.4370077818881235,0.8530044197442423,2.3903808778857787,3.104898912297994,0.6872933264117904,-3.1788367625202714,0.45036882462967043,-3.847396347682251,2.783672046863021,0.4887333779807612,-0.35054829863769754,3.802860011902485,-0.22199569172577682,-1.4700556256692892,-2.2489937738531687,-1.584800943131384,-3.9663907313990627,1.6649794706190342,1.1885623634363602,0.31127992977420327,2.386369910704186
8513,-0.24793427041001692,2.8961721679920345,4.039885295118349,-5.952991124634146,0.8570697790439907,-1.592201847110129,2.5117018436773186,2.534307746811887,-0.6758623973810902,-2.3230564003299463,-0.6237150287934874,-1.423375763984577,-0.2400329850004077,-0.2955913255543443,0.8338437629348405,3.26204721795089,-0.9549648829388211,-2.6053017873922,-2.855936617941726,3.0511165009171854,0.9804691425360375,-0.8054459892642871,-3.0268243621480853,2.656621325898186,-3.6098426355025417,4.406512163807548,-3.0009056160872873,0.5486830262854205,-1.7890607931304583,3.444613854630642
8514,-1.1319689194695535,4.555743104152587,-2.7587588640144247,-1.328753707518068,0.4370964644734352,0.22664192237608027,-2.2881781449706544,4.966984870280882,-1.244714921107668,0.2508007215463497,-0.4589404892185289,-1.2259520365302805,2.0946967451605687,0.5325593938178628,-0.7413421776767599,1.392409921404159,-0.8655861034391386,-2.412737779266733,-3.6343707665182023,3.1006072817011656,0.2262342108577151,-0.26910745964666294,1.163517433042852,-0.5868806994395399,-3.4562555367097865,3.284139341734871,-1.5339795554489122,0.18509103700166474,0.14833763483900242,1.3726670785864457
8515,-3.34783492719753,4.216620808133854,-3.614720280895199,0.5136186168012564,0.7843005109829195,1.448015272174752,-3.5829514329350722,3.2650416155316897,0.12643059981384042,-2.6910340444407463,-1.2143650881347448,4.096878350165142,0.7930326944238537,4.1702972794982855,-3.147594426829306,3.5593142389127337,-2.144719963515197,-3.230329822490395,1.7648293993091713,-2.531709862143643,-3.256337601058382,0.12605837394790598,2.1885871173256977,1.7085725726165677,-3.773559091015617,2.554643218571865,-4.789154316909386,0.3652701260857265,2.8690645245569044,2.773735538713769
8516,1.3081279927100375,4.9093896377792134,-3.9142057831065102,-2.517572658834812,0.00860184838330591,0.2056589630688226,-3.7943696505459386,5.845347030499777,1.1259228929472833,-1.1238945909383684,-1.0775988059243957,-0.9754068760382282,0.38967260873927145,-1.6224955351899286,0.7722131036098467,-0.8987625052903923,-1.6729835687671972,3.0323558968983626,-0.5690208760061708,2.708318906829369,-0.9071346867641239,1.0343330560453001,2.535472552611818,-4.801968952718866,-3.830281709096603,4.35112178941192,0.5755105741181481,0.8503739327502746,-2.8508812642542587,0.9041566770737504
8517,0.8578294080774533,-0.2961537107583183,3.7402118119457732,-4.6296778749880545,0.8615511788585111,-0.5337608131352649,1.689952283585317,3.131235639677339,1.1445772198914144,0.05156974918982371,-1.1062099384951876,-4.911124953848567,2.2817653438645813,-3.6062837812653825,-0.604656619296879,0.6671788346583796,1.6408334908296744,-0.3788372687904289,3.2847068065848184,1.914490913332875,0.06203970109691426,1.0631024481893645,-1.5281026754899507,-4.796237193716703,-1.2281458294251841,-4.832368057325102,2.331105710371588,-0.9006681594943329,2.6717126662845594,1.9583636695917228
8518,2.3375773629139225,-4.144107514085128,2.3953679622942765,1.4327911935747117,0.36909948818636895,-2.390728492884058,-5.927878767951896,0.5787937407961046,-0.23290679147627458,2.0687217202747554,-0.8221386750006836,4.335408773358118,2.3310373763588323,-4.19159765742617,-2.918673317321163,1.7161894779452922,3.318470040797447,-0.25542592035431255,2.8929131478251584,2.9311729609555073,-0.9580914215537639,-1.0597764799350218,-2.950534556348579,-0.855683650946002,3.904073073668485,-2.7309185951483244,-1.3254337901806217,-0.20405229987381102,-0.7026101426487692,1.0589417541863249
8519,2.8063509909109428,-1.6132554218436965,0.568574120322868,-1.202691861143343,0.19185263179865686,-0.7508304600452949,0.5631987671851988,3.052750918792242,0.2959323314518292,-0.4054114502420969,-0.6513973796862187,-2.8550731875008353,0.9194909645976495,-4.0833876822755855,1.373960579697453,1.7451553308803298,-0.9574595526606196,1.0022403597607124,5.573960233400673,-0.8279905061575086,1.5982147265361597,-0.1850968777921258,-1.7225429949996265,-4.436544580990226,-4.289527034576709,-3.200298021400087,5.40321523610357,0.7240216219493965,1.2622217119191284,0.10036648600801001
8520,-3.742118869106635,-1.2760068706974543,2.799199222228495,1.539027743962194,0.978135363054506,-0.29823658944094333,4.65978843994024,-3.652434323070466,1.183190047122256,0.05618049163973993,0.565642824987659,-2.8123674806193044,3.311160782442929,-1.6671103535165557,-0.018611264206310096,1.8044105119214748,-3.137097722806006,-0.2927519538356034,-4.081111890945241,-2.5292048979928072,-0.9734212100210176,0.3757339945942322,3.1236946920709983,4.084309312291168,4.398016351002365,-4.339930360389609,5.775042919674693,0.9329279053698301,-3.352841175117451,-3.413215640536526
8521,2.2284070661405337,0.5554999559650504,-1.6976313020579425,-1.8717021775423248,0.40643576766776235,0.3789906898270665,0.38998956458646816,3.566839058173418,0.8990299757761173,0.49564892032960195,-0.640625333116704,-4.710882185748769,1.3360193411153602,-2.3937013045375313,1.719272406939183,4.233469336444042,-1.7764414808808198,-3.118618299080314,2.7673722614926604,0.2387316171123839,-3.9924587946484316,-0.23265007410019667,-3.0165125051552906,4.235517495296211,-0.9012168189167582,-0.4884614269114955,2.445498878913128,-0.19735380831163774,2.0506323121629997,-2.909099136932939
8522,-3.5879649748367815,0.9397673489336817,0.31972078104607604,4.550327017830497,-0.9249740661199704,-1.2968761068533485,-1.8062435970553068,-2.695005381798122,0.2315398440449723,0.6829093531609143,-0.5406882377694311,4.127488019417118,-3.208954079712898,-0.587885103955216,-0.2723465012921693,1.5675035643263477,1.3173989626038143,1.1842831580300448,5.492120285365733,-0.4507918297062812,-1.0998163134231653,-0.361154656434973,1.6197977849897978,-5.200155270793793,2.224701004873353,-0.6520593772643792,-2.859246523687773,-0.9839812197973448,1.625750558217625,0.6448355576618461
8523,-1.0811176939813283,-0.4221122451831718,2.8272028695911224,-1.6991754538959292,0.35408279551711175,0.02111972795234962,2.4256032661383955,5.1579592473135705,-0.42561499040170503,-1.648798559214546,-0.20978049760556772,-5.299368466229996,-0.44485131395560273,-3.1156994487764145,0.7292458572468696,3.857906773099696,-3.4445131011516317,2.417911233537012,-3.83804466054168,2.796263745189478,3.5854442856341464,0.7011577321552194,-1.4905745946579483,-1.7542465077818932,-1.5747180593651215,0.6935144401447779,-0.7783718190237465,-0.24098424712826194,-0.4229326223250478,2.3234923077007323
8524,-0.4167980025036293,-2.6933103161280485,2.9017018784139097,0.6960648376128553,0.384484182617161,-0.8721425800120741,-0.834604955375216,-0.21410504597568192,-1.1933499834933805,2.3387280601313662,-0.6116537170205119,0.5149856417336096,-2.962101639843226,2.004493647336993,-2.158757868434922,1.4455384382929886,-0.38270375638942866,2.0535311790375026,5.133018089787626,0.6483255815960831,-1.758438287994485,-1.0424815662015594,-2.4510439413827534,-0.5293798758075781,3.2995969725670555,-2.171427875623273,0.6495226783950763,0.04887190575866995,-1.58784710168214,-0.23871657941204916
8525,-1.3482902812514332,-5.616520070401375,0.40334864753955557,3.6781118793005767,0.47765449766102996,2.405695327151806,5.512976672238107,-5.421876629456001,-1.029112787021941,-2.982762658547294,0.047108210431275666,3.8736671923560237,3.124318336076577,0.5384147392850132,0.9239385069402566,-4.186797844724488,1.7808340415056279,-2.180707779083134,-4.42939525799639,0.04137626686868501,1.9896000740126567,-0.3923163071059159,0.03598844182767813,2.754746782390633,0.9500934504904031,2.98059192845988,-1.5729825883957247,0.013855242591152894,-1.2294514968940469,-1.142106536248301
8526,-1.2889039927299155,2.4296885428411947,-1.7633650627304718,0.4442649713677689,-0.34648145093785465,0.5247969921894136,0.5466518446972408,6.111733594383228,1.2225046336727727,-3.432281073994961,-0.5191670194266491,-3.9294419793314894,3.139476441688835,-0.3600983239029567,-3.1787149534901094,0.31791690237963266,-3.6383519874238566,3.719771920748297,-4.0238622790866145,3.1783192890576295,-1.8360552321877393,0.4625456971293094,-0.20381256918735424,2.422865094272101,0.3214020926267942,3.0040449292643636,-2.5480473600782005,-1.0678175284400906,-1.937076669370013,2.2274945360005205
8527,-1.8116491046854684,2.623768495787754,-0.7863696018973165,-1.4921705560765126,-0.06346213522024113,1.529882902091904,1.8707703429750282,-0.6519368423157132,0.9696905651569683,0.3395322067086415,-0.09616493975011231,-2.4318913327746507,-1.6643280221821222,2.768637249100159,4.088695214433866,-2.713203715041015,-3.5292968726188185,1.0494961463077779,-5.089932180098263,1.38843560164225,-1.3564277795877704,0.034788526128891384,2.0676089304261858,2.955526901486003,-2.2072610390593823,0.6876781021333613,4.460567596307925,-0.8216059394532875,-2.7517784207953095,0.632399700870085
8528,-0.9611207462820914,0.17322267017773996,1.5695100520414549,0.4839367518420161,0.35688830539007954,-1.622437033169092,-3.047283184842275,-4.042555590058662,0.5215617186496679,2.330442164635624,1.050000955476313,3.187833936139498,3.0509075987087755,-2.669012304662891,1.4821539830438866,3.8531877374839567,-2.7887530750259373,-2.9284839395479487,-3.616503191595392,-3.133229444641417,2.987134777194793,0.695520384987133,-1.8027954652076659,4.869872939259867,-3.2646626561102003,4.830027499784446,-3.3206887536084366,0.18554576162718206,2.0951194030715143,-0.5253412547610843
8529,0.30003859072721717,-1.564943818194319,3.427293574010786,-5.198025260534191,0.7521881529579528,2.28344876103265,0.5705844805696856,-0.8496584574961972,-0.8062514021806333,-3.419451337822437,-0.983022841420615,5.487799558350375,-0.17686275659732686,1.3139114443377693,1.9318660633936844,-2.2718954186239575,-0.82598344119857,0.028964108688247947,-2.8189566436960263,1.8358851664364355,-1.543517116423093,1.1367617769916647,1.5767578953185843,-0.1869310786302556,0.8740201695585235,-2.6867724728286433,0.17032984685748787,0.8713506241910478,3.6951942288554456,-2.924122396630464
8530,0.057126016895708176,0.49793817241918603,1.88095677663933,-2.2774860263336336,-0.5739596577296979,0.4154247181092199,-2.021296839421762,1.6350588389049783,1.161665333578913,3.2992383336632436,0.15252047518336287,-4.227186141908565,1.6413659639485019,1.0078210464894646,0.8794198850576294,2.870386322802595,-3.16006924009589,-3.2389239782024752,2.2594092008277578,-0.8001027356447707,2.2747295958267024,0.6749097558449408,1.4630952766392262,-5.8720410934965415,2.8735602351244154,-3.1658927736866715,1.6247100119979443,-1.204235557437852,-2.8634299106142027,2.7352879946197355
8531,-3.532110083125886,0.37833943406977966,-1.541103184930389,5.8621509244500665,-0.2756656526783605,-0.8916114377851123,5.958106174881088,0.7331228706137942,0.2497540091778072,-0.5445693997692977,-0.439922217157271,-5.956491437745928,2.700770067606758,-3.4869618266356603,0.9906855972383113,-0.31899646130540305,3.2330800330766962,-3.1185774099808548,-2.868924540863418,0.14454456456730824,-1.742937386148558,0.704808191957186,1.7750928874173528,1.9874162830674358,1.4607046828814454,-4.146481948254337,2.5403131476550627,-0.8766903727669497,-1.6110599324661283,2.633214422954243
8532,2.7200410411981792,3.234833442096214,-2.524017592425004,-0.8029936711362176,-0.9291292746717326,-1.6987339450613526,1.8410749951763066,-3.1936583707760136,0.9367297864146806,-0.769733945166351,-0.6292504063033224,1.814837940654872,3.4097456724276505,-2.9876067167867184,-3.8478046992661454,2.1611587060745805,2.919705066011481,-1.6551980284609726,3.3046497824787195,-2.9339769607055484,3.6067538263909498,0.4549185151142927,2.1800803763004826,-6.612425539581576,-4.2051882050109555,1.3941297974106206,3.6723512943901326,0.0747064365067347,1.4931545406596385,-2.4291538639528056
8533,-1.637657985409776,4.71152458284736,0.03611829853987203,-1.4138498942771776,-0.8944729635933808,-0.8016620381068371,-5.6930290863570825,3.4104886852947836,-0.15438308618812702,1.472739535465557,0.59531125959679,0.3688726921882548,-3.193791016611522,-1.4867150973726897,3.811571903598505,-1.272328530355395,2.16585047587796,-0.024587735137002298,5.05286420211532,-3.3333176861272307,-0.9217725937028689,0.41279474921080705,0.1829095500404634,-1.393478221539155,-1.2986749164396691,-1.2422374335382855,-2.8776339329736764,1.229589353699395,3.2034378800091154,0.985519049246447
8534,-0.5229672659075071,3.3108681389778383,-5.1842436660771085,3.841758714146259,-0.4726419407346183,-0.9727739804048028,-2.1549424247398363,3.613714977084374,1.1299113989960823,1.4758142612955396,-0.5701915811460836,-3.494306631489909,-2.418213141509259,3.4458866380160202,-2.5415341081492695,1.2204736460635957,1.3218106521888373,-1.0284236866100755,0.7495150032904299,-3.1652131547195594,-2.382671691568115,-1.093384560614803,2.0961724118576583,3.7955819917517495,-0.9106264285573609,4.521688654254078,-2.1019958141859227,-0.13213432770863154,-0.26306228049402947,-1.1138698033047945
8535,-2.866435472078331,-2.3589092590007894,-1.2220200283446054,5.500064183024211,-0.006832636647670309,0.9541332130472515,-0.07850033457792449,1.8068152828790147,0.6264115848402216,-0.9267047886928026,1.1761610666903426,-2.6041828111386636,3.5229237009000514,2.459999366089285,-4.199089294722917,-2.4184770555394994,1.0711127959385216,-0.43646951266561373,4.66169656472567,0.7968121151070324,-3.2390909783131026,-0.26259944924265977,-2.5580351015000335,0.6012168492204744,-2.2921271005700454,-1.724711829285713,1.9234971917538353,0.9911360924720638,0.4104987718044715,0.6917068738287231
8536,3.3862926971554366,2.225954899863172,-6.230976068914774,0.3125989230178092,0.6973786034042209,-0.3912490545257761,-2.5062582920643557,-0.8068344874453786,0.23785768422765052,1.3552170101872356,-0.2702215744897689,1.990239659584823,2.3221561113666844,1.5500481899209646,-1.1130139121160116,0.44110766228339315,-3.7605685035383924,0.5602704520831558,-5.706651913151713,0.26860931530657517,0.39713289126872553,-0.0038499308673261012,3.0482488476047642,1.996510789836357,2.4822902379527,-3.4439774232525124,3.513813849492685,1.2088919349758038,-3.5429387352022292,-0.21807986396313517
8537,2.4552685729912618,-0.8498130271316633,4.318585579051746,-4.534524954278542,-0.5516950556496263,-0.8378211149830879,-1.1388210711039086,4.494227987516236,-1.11427807229683,3.081637873313401,0.5756595523450905,-5.898426269773761,-2.027492785735868,1.895447967629977,-3.372380963270242,3.719626234060417,0.35595870592368684,-0.571159158608177,0.6330957242242832,0.5667171118891865,2.156414496728896,0.33008599630639246,-1.7135385234525948,-1.9727748056987444,-3.1636994939569014,3.363421193214208,2.4295325697913164,-0.5299454253634188,-0.7589954608371183,-1.3403133828448013
8538,3.572244483452444,-0.736843189583027,-5.080165616294771,2.266256556506953,0.6669328296745185,-0.6884250637560445,-1.642785889268918,-0.7790520150021436,-0.035054809100504514,-2.8725460068954263,0.7048370217923541,4.624601698474873,2.1132809261705354,-1.9530858153350152,-1.5143444475620669,-0.3909075067942531,4.01399555008177,-2.268938706561137,-1.888316165553487,-1.7669381404378441,0.622683132418004,1.1507248042134233,3.1869414533911034,-1.3050950840337627,-2.146551430012238,1.62820315896834,4.513806693312564,0.24653308932259232,-2.234376018330547,-2.007615493257447
8539,-0.8293612620211555,-2.2628094000963443,1.952938126214562,0.7463226970011156,0.6103641804791504,-0.2174543415772412,2.8179455330402057,-2.6581349124486238,-1.0861790279912347,1.9120325984603745,-0.9819620476803967,-0.003702143380085232,-0.5772343754539158,-1.976206407988455,1.4780004660272077,-2.473067242042502,2.476357585189529,1.0721499742679548,-3.313797731538937,-2.082903973001704,1.6941657740562839,1.0712973940668222,-0.24778100174328088,2.879019538158232,-3.0990853181765097,1.8877383896550413,3.802196548453715,1.1013105884938676,-0.6933292012835306,-2.9988310071392803
8540,-2.504447235820093,3.338324044364157,5.892127920501107,-4.1469815845990645,-0.719315018111758,-1.8597081263342972,1.6318195434364817,-3.0375760763376647,-0.5775471397195711,2.101290715638637,-1.195186198744536,1.0771991557268734,-3.986772419263719,3.0143961312550545,0.9452252322541561,-3.826417916565889,0.5448366805298974,3.3087322917903315,-5.227546870556928,-1.3223885990979536,2.6967830713561476,-1.0171365036657822,-1.5087984802147645,6.3790873821767065,-1.4973365774291558,-4.422160969456245,2.926575353440448,-0.003211046316685895,0.09799290666082427,2.898140333104145
8541,-1.7932745866788284,2.0614566139440775,-4.057313827464789,5.031864912963737,0.11478175428608406,-1.3575148670502237,-1.9382669015723124,-5.473478239808017,0.17914500958627944,3.4388363266653386,0.4104615964730085,3.383302208655916,3.4961749822023265,1.0678795027429153,-1.045664029663687,-2.0942110740393645,0.2585057280134606,-1.682685109255841,-2.0447839146062705,1.6727584284961434,2.6424886366904445,-0.14165346742236018,0.6691370511088319,-2.7979467342693845,-0.9518305639710647,0.42403029817211646,0.5285889285668972,-1.069428339996898,1.7771223683401765,-0.7084826911079141
8542,2.109632882978694,2.696786878998015,0.5439159232619346,-5.743506583761562,0.8582235213805349,-0.465052622857554,-4.995391338757699,1.5841480817528613,-0.4710140229146722,2.81736364763508,0.6194756119836011,0.4454180203010587,-3.0562599294337662,-3.6442405813983854,2.1690570263229887,3.7620454186493717,3.2906928457421785,-2.5212947798825454,4.719217321566244,0.8211096755953022,-3.7164611029795136,0.5401481768465164,3.20459092826599,-5.568604999297122,-1.206840551743344,-0.6854517823349298,5.561300068805064,0.9981722218311386,-1.8259891779390767,-2.841190778615589
8543,1.862117186457823,5.403460357984969,-3.98007005372893,-4.73277250972146,-0.7972619698156351,2.2445269888232815,5.3005067019764915,-0.09244984287521518,-0.0632883927877721,1.714846349314893,-0.9061757104125601,-5.9534391052155975,0.9852042996767771,0.4153364907405255,-2.4831252243810393,1.2729722085193558,1.6146450006852398,-1.805032775241047,-0.08038714979075579,3.0561512289111334,1.1732480762032118,-0.9231769667762837,-0.014230254574417955,-3.211604933975508,-1.9770874556300448,1.588754544083823,2.621993503112641,-0.9816330235673947,-2.929293179429024,1.6772656114332918
8544,-0.07894780702306825,-3.1082961147311607,5.305097871331196,-2.573769255432076,0.4197979764752069,0.036117329379910856,0.6816072444390144,1.5635267238111972,0.991525987991138,2.998638800457865,-0.29831631360234656,-5.936982443096589,0.9411870048844584,-0.7231621984887546,-2.950240961445692,-2.8910755445536562,3.8108040725101127,1.8124876270933115,2.2512035254469467,-0.8003489926176872,1.5248944156835194,-0.47351426395241614,-1.2982292727745417,-1.2040054117884402,1.2764406809408584,-1.9540233014976245,0.278896481602402,-1.0344153829222216,2.19215219412418,-0.7590506722442942
8545,-0.86534082603273,0.9366907268525893,5.089945027001743,-6.144662029466431,0.7797317343829104,0.2036353672619029,-1.6602346675672983,-0.9766500639280906,-0.4902261316302283,0.4230848578965887,1.0193061217789392,1.684719883450363,2.9043361824826412,0.6702588362409969,0.014081810726317201,-0.28872614738956415,-1.4827646554134226,-1.8171860266471889,-5.070357862342092,-1.4417206957768336,-0.2488496266339233,0.23660339648552942,2.8840548049084767,3.6402699833562053,1.1868475193625052,0.7446139848514512,-4.052812993688988,0.5870214913706455,0.015487897015823648,1.5188421010918915
8546,0.8806065950088673,0.3362744089044014,1.5363353043266486,-0.1404718351459877,-0.21536850254780937,-2.3973759705461166,1.058770100500798,-0.9278185669253922,-1.013488616621832,-3.2308277886854455,-0.6783941016492481,4.791758973381409,-3.8264430803185707,2.798308246382554,2.2847871974708447,2.6807201127725584,-2.378887987254462,-1.5584844890531357,-1.7615373171175541,1.2610806344362153,2.3472752379693844,1.2497358858548049,-2.3111638185631946,-0.7853906225823089,1.1046241957434368,-4.7767008711772085,-0.41419795186100217,-0.016132492252836528,0.6208156911247258,3.4815914284262277
8547,0.3239562858750773,-0.9847633671954519,-4.910513352318823,4.059493170599001,0.1072220697201427,1.4046051933200765,-0.023995668651100033,-6.086835556599418,1.1546521862797272,1.996278252187306,-1.2354695069705075,4.195370293754294,2.951043641811694,-1.8916508619445374,-3.479138663090348,-0.7326144734379554,2.5945710139001186,0.5577893427608398,-2.702626287030725,2.896530318593829,-0.430550925187994,-0.30253842519712837,-0.6117526567839988,1.1509379756033873,4.042141176871116,-3.8377114863824886,-5.3655003131371295,0.10919747889689013,1.4527224333811866,3.5991507103737597
8548,-0.7268765341984835,-4.5556940675302435,2.6707196284852373,1.670155701683548,-0.7481960321741457,1.6898913037341075,3.090909150737943,0.74667529810948,-0.578368112629863,-2.3861833274176085,-0.48679032780107967,-0.38624268099859904,0.9399446238102556,-0.8056678386356815,-0.48844232474611715,-0.3278547961476619,-2.290243625816858,2.972263961535912,4.801391357223622,-3.1774223838709617,-2.6004837791509665,-0.42340148287687107,2.2381993785115437,-0.8382830898389457,0.4408371994231679,1.673197137714162,-3.6906112755653524,1.1310800527884757,3.402904724352549,-2.9574078387097025
8549,1.7072622248318083,4.529744736967032,-4.081817036840189,0.647505812871362,-0.5921113222308656,-2.2105844155991266,1.1208471518497554,-5.994222415218275,0.43352666497789727,-0.9723943211337129,-0.322310446868995,5.734553366393616,0.6413311890313302,2.6261402941872305,1.7315545097786327,-4.213074700843384,-3.4075524679429936,2.6216011757890385,-1.092232867707267,1.4780538151641966,-2.8339439843680942,-0.4955894994903218,-2.9513860941797994,5.895098630578701,-1.777854975609369,4.769784177279096,-2.8063891641603895,-1.128903550583106,2.1211486049457946,-1.1777850918686923
8550,-1.9473323612571196,1.567351883362921,2.047443192907192,-0.42251621290933983,-0.5517626230566834,-0.6931838790470035,-3.4776841804722487,4.634525033348215,-0.3240917991185954,2.030136603776402,0.28191990846370363,-3.1448055659971885,2.8568550337241483,0.9586339683808944,-0.8033364446927784,-3.57447194719793,-3.0336978131078105,3.5960172028933357,-5.214293293523596,-1.3906033138094394,1.4263303792630921,-0.012443955204879842,2.975659648081521,2.215350535190691,-4.954115923562666,1.4927669888496986,2.9133907054725228,-1.0198451482298738,1.6859827735876287,-0.11817939611397144
8551,1.3342583846860379,-1.6907422692941552,1.5057778190718736,1.6132174277908575,-0.4095741443172001,-2.3529372179374484,4.787320724550746,-4.470806532940383,0.23739072944079798,0.37484514259318935,-0.8889305406109553,-0.03981952303308489,1.4456885942704574,-3.4838494381974368,2.549544208273499,-3.808094651129391,1.3656830869984162,1.931028199784329,4.854678751902579,0.15547211881561473,3.459222679757186,-0.45557458642990944,-2.312388567799868,-5.7014103962482245,1.1419463692730396,4.765566107912466,-3.0077370210187944,0.7928430215658029,-2.5065229416478108,-1.186095536081348
8552,-1.2066094158492575,-3.226070264575103,2.4587526587650963,0.3331666073533661,-0.39224366137612154,2.0330040756819905,3.8108575877790827,1.1275163914253383,-0.6255550477789757,-1.746709708601525,1.0515816212972924,-3.617690844120901,-2.1614910627069133,0.4475121993043203,-2.5903449465181616,1.945843868225488,-0.7350729850975171,3.093552926792661,4.006854629707071,-1.180365107163512,-3.7949824511620367,0.8591936269224707,-2.576186238458501,2.685485540151859,3.912984635663193,0.7582186359665961,-3.302693570940832,0.18323490361815242,1.963962662377778,-3.515707266681517
8553,-1.1925313439704635,2.4133150894247457,-0.8893634717572034,-3.409003861163381,0.9223950513059807,2.155188536160299,3.9326331163826787,4.579012307912979,-0.8128180282804953,-2.370248183296452,-0.25534541720147264,-5.073233795516927,-0.20118337448681345,-1.5945668096492085,-0.14744125627365534,-2.9742219687984175,3.847159825127452,1.0702535840804899,-3.063473625244935,0.5770247579134509,-1.5129984816393058,1.2058743953470312,-2.647705714030991,5.441278667652085,-1.036683122098765,1.5028414863869841,0.7241092356048711,-0.21399298808928968,-3.2622461772285796,2.2859715654281594
8554,-0.16611009277888122,3.656934453529434,-2.234268728581803,-4.162361231750118,0.48675830969647205,2.419047289884885,3.9338249372224823,-3.612662729850406,-1.1630011821790647,1.2040315663073464,-0.3934194589212785,0.03122686742123193,-0.23450293342207829,-0.6181503149932439,3.4747095983031855,-2.589953302610901,0.7271882589288232,-0.7592913062059043,-0.041057365111555555,3.4406733796265883,-3.590167446481244,0.7020143288588772,2.5450042207838415,-3.0564671176791585,-3.967230129971508,3.21734103777683,-2.1104804005120172,-0.3573218185385638,3.5516074095556895,-0.3339160983070357
8555,-2.05710768988682,0.6953398178171852,4.185008804424143,-3.575473430583415,0.5525188778441317,0.19971362038474183,2.318825842827515,-0.24814030738123094,-0.11774039932523017,-3.656311576516302,-1.1810744769568862,2.8844409173524674,3.0823156404532135,-3.5508901778764557,1.0609979187163674,-0.1329373065900903,-0.4287137717730367,-0.030772302930145656,2.1126279412938906,0.9530538338327901,0.6842354616431088,0.24696568069467695,-1.2336361581456874,-2.763246759321426,0.9315096294509324,-3.5431591666951867,0.22655302558123225,0.9569610476473933,2.6715174576407996,-1.2433819936217816
8556,-0.888993649982698,3.043790593382127,0.2242276397612457,-1.6002668363654244,0.25338350613460303,-1.0321412529299323,-2.179660923899572,5.7369354167827815,0.7717223622141214,2.4121833619164192,-0.9776698236184842,-5.763510393394892,1.1470586930712017,-3.7137290261303413,-0.4120471258786722,0.45625614543455484,1.2548341652808865,1.267627148222207,4.120702876885769,-1.6545996808864327,-3.8357709889358347,0.9073163776230961,-2.5904958782659246,3.0528472935766864,-2.1904087606863243,-0.019146460644673624,-1.8607603483172,-1.1098896286535846,2.593984633758133,2.586220564547041
8557,-0.23171141858342637,-1.6207051585534344,-3.1071814618826465,2.2767985004471747,0.20607372865428486,2.4767258099179585,-3.089345299216415,-0.7515709012783844,0.7390255762414473,1.0544598395568805,-0.5608373891630354,2.6082681738598446,0.5966132747512951,-0.6888896552930746,-3.3258821285999964,3.045095341718664,-2.2471919021291225,2.62025506955208,4.853859521413483,-3.1954976902545678,-2.204865600292514,-0.670410434709642,2.1022602918668163,-0.8853460880261892,-4.350775932448231,0.6071246488426709,-0.7614944227481857,-1.1471799215656273,2.2099903935219594,3.442335234400794
8558,-2.559292670931079,-0.652892048959913,-0.755861766835114,5.603345978531895,-0.9681565270864694,-0.6671429647194156,-4.855779212462107,0.4204563165324444,1.0851421856775971,-0.5831080639297017,-0.8297110356634381,4.7629998098455495,2.9216742864864393,3.5535811344337027,-2.121372730727739,1.2095833206516247,-3.675254369799129,-1.8882116410450838,1.891238068432802,-1.6220224206051057,-3.1333795118635646,-0.3834835164592292,0.33806625752817254,2.9095811229642905,3.3340839513731098,-3.728135071872398,4.950409578602102,0.1008430550981938,-3.016482965597362,-1.6407185476002955
8559,0.4534591658300471,0.6068513217804181,3.5582231918330187,-3.796868211505288,0.5869236983646537,-1.408589166302935,-1.964930545746295,3.0629231986541186,-0.12680241617072685,-1.0837499811045053,-0.4324251295299977,0.5449848738977785,-3.9221309314586836,-2.1622957871343367,2.135575742543857,3.2637840825233653,2.5806503029656795,-1.8955834094400785,5.785925632170734,-2.604145075682565,3.998932055924108,1.0374010113510828,-1.5782724157686605,-6.6398412079973355,-0.08244167455689677,2.1879299957388234,0.188417011216778,-0.9493522986952847,0.6164242359943461,-1.96097726969443
8560,3.2626628188386206,-5.3401573618629605,3.729520184452781,-2.242564893895249,0.14266067136253557,0.44787858110418277,5.502590673957876,-2.7111897496197415,1.192616081591777,1.1916087595837404,-1.2366047669473987,-3.9390209985658586,4.151809780228948,2.0222221182877824,-4.103091506832424,-0.9356843718258716,0.7709586446626311,-1.9062146645212916,4.527635331191785,-3.4668754033776423,1.5372401580535744,-0.7568794757821227,0.31790879831887153,-2.159029408407111,3.2932276742549043,1.8427557164813884,-2.5037016339879585,0.20618521812567359,-1.164862226490234,-1.6736047483804537
8561,2.243073370251359,-2.7821766154982974,2.268298395518414,-1.7972573827615257,-0.01248845602932902,0.08055068851924929,3.256553689331085,0.4630276418387709,1.1451220408403593,-0.9053881366563203,-0.8830630683685241,-3.07625216698494,1.9510283452524675,2.493789807617034,-0.0008373575724505145,-3.5511548532332053,-0.6248954975751673,-0.26793044448892367,5.446072328865963,0.4586609492467524,-3.4125526293920636,0.9615897576711783,2.7961356693290487,-6.249906075723491,-1.3418221976425535,-4.767455460036059,2.772297995687129,-0.16999611782580804,0.08526408967490973,3.4217116901457487
8562,0.8943615320404614,-0.4210361356554948,-1.2166199244487608,1.9589980125800004,0.7905734230082118,-2.0062769075245352,2.5420132973106675,-1.28555935169015,0.8534785303533221,-0.0790174234894998,-0.5101727911643277,-1.5207422613196115,2.453569192141945,-0.16542062454341888,0.30807792496944586,-2.6714694558638943,2.55821608013294,-2.48297311683727,1.105236957417354,-1.3159579625547746,-2.4665554654616386,-1.195007140819535,-1.3631910699713643,5.235474681387352,-2.733363699758435,3.985269683062082,-0.8012132997493531,-0.4350934108026525,-2.2054386471072025,2.189839374358897
8563,0.22721878969028175,5.261535611594336,-6.154727689776649,-0.06911519420357948,0.07396165963351109,0.6611268230619842,-0.04219814533148636,-1.257651873735984,0.6011751311699971,0.273341617013207,-0.5354076594829689,0.9607409303676206,3.906507959747774,-0.526708914860393,-3.6012717651047854,1.640723144274908,-3.6000020848160084,2.1807516607582116,3.9751121671631005,2.7175017461881126,-3.9494797651043605,0.2575158879827679,2.1085923047715873,-5.109242341003814,0.09168026537279061,-2.967580131274463,-0.8548761673340124,-0.1852724107219892,3.2591811806997093,0.6568672632613328
8564,1.0053917414244218,-2.858487864200921,5.455128443914521,-1.3765189815948702,-0.9932556185117862,-1.232257721031493,1.1679452756325546,-5.135367880365546,-0.43441654590011325,-2.353899979283522,0.5949056559888062,6.160833473928211,-3.786908349224605,1.733519056599775,3.2705188890671657,0.01908778762303598,-4.000684591355462,2.7644672072898295,0.6671922791150919,-3.1789869955286516,-3.0518843629161,-0.23505493418495327,1.2157434211483817,4.582990592363647,-1.7119662150431694,-3.8340586006033206,0.27311502067147586,-0.389586430508718,3.6882742027798088,1.974222022707302
8565,-3.2771986936196225,1.6609708336173838,-0.7811801511042233,2.8007679988480874,-0.8263239650382563,0.4229639772965239,2.1532587901552205,-2.333703444583005,1.239013801436741,-3.649371422797376,0.3501181734980108,2.240684102290789,-4.061716775227083,0.16622500870514045,3.8980625680950496,1.4698200240642159,-2.3151644844316213,0.8427736587940338,4.985455393526319,-0.20314503743696122,-1.6318302734375276,0.6702259570981077,-2.0996887137446265,-1.721017326007935,-4.082043845257704,-0.7166175056130584,-1.220489968049037,0.25659125246318126,3.016883169061554,2.7456768973984325
8566,-1.852336116947093,1.760312629501918,-5.06119896805723,4.091111056883374,0.5391303212596954,0.5229810773592316,-3.935534345779793,5.138031857504714,0.4269034937667513,-3.314222456661108,0.08597857443361878,1.598842876736235,-0.6294873167367427,0.12514707887758547,0.32840569671991915,-0.23817431329552363,2.5732967744315545,-2.1591879199970805,-3.6525941440039063,0.7898159032703997,-3.519846403740834,-0.8057572933082948,2.308043656709062,4.880338281070905,4.55525152785561,-1.893575542644946,-1.174312229944512,0.4821466164872188,0.4382001279798615,-2.4077104997298715
8567,0.029513678755250794,-2.6979865404846706,-0.6142031989053933,2.088953215450644,0.4336343460929317,0.7600884990911663,-2.698422832888415,2.199501014876393,-0.11420109047015803,0.5285982951546657,-0.33686895475400114,0.42139356808192474,-1.1117739126246722,-2.2400933674852705,3.5298395203396886,-3.351929383210072,3.6272366890452226,-0.45327954606518084,-2.1954406084122873,0.8195482106178744,-2.1152537961739917,0.6804472095164718,-0.7871356986749962,3.597834683124276,-2.1682225032767377,-0.977858729227119,4.622326101625262,-0.19150974742942317,-1.0057956345097736,-0.27893948717885664
8568,1.5302915834593094,-0.35873150278758814,1.4401333075106528,-1.6405127821594796,0.8541731746014749,-1.8253537806244253,-1.366240000206517,1.4454843251220488,-0.146962655522767,2.0137073452332785,0.008887026345359317,-1.954876040970987,-3.807336154510944,-0.3240699247247285,3.365624521027488,0.37462410362782705,-0.471465695959548,0.8626231505396298,-2.3593433865216475,1.582705526866384,3.308538392293528,-0.8012510058762086,1.2348065420722172,-2.965456068836925,2.306810045289229,-1.9443022612946734,2.1205428960116492,-0.5401846265438657,-1.4844209163346278,-0.4584451371243521
8569,-2.470548061375478,2.4770560317566392,1.2153526408989066,-2.7372226590501043,0.15497856139625554,1.3603834863737116,0.7587794628964595,-3.9743109176381424,0.660709169959028,2.0505578302487493,-0.8803868868261864,1.3846513413605344,3.064718297727058,-1.3352287728303516,3.397225176033075,-3.4658108546286783,-0.6022722967897316,-1.0586315495116683,5.116631080284581,-2.0173473471554075,0.6085134041850893,1.1213236409052643,-2.141929892434556,-2.687190885787608,2.7841977657203643,1.6930851267588665,-3.039622201909019,-0.7672954606186684,-0.3168051873666986,-0.35356004258147067
8570,-1.670432590916823,1.902238472228074,3.619326900636672,-5.457533358772217,0.08677664073551306,1.5196239360887205,4.917468935327051,-3.8972685463888226,1.1938466257255786,-2.898877235984786,-0.6575469987176259,1.3423772200390722,-3.6955354529056574,-2.326213461069319,1.6553883250148296,3.650024526912919,-2.6201291886643165,3.336465250711232,-4.377469807167113,-0.9269960969080362,-3.540824632400451,0.034085167475832456,2.7300419960539273,6.081163372943166,0.48969416087393114,-1.1069703505790898,1.192845111493643,-0.47605641122961195,0.01963487626079541,-0.11914738681631043
8571,3.3358233661356635,-1.0925917783040582,-5.2782850632284095,1.155305211441501,0.2234171487265475,1.6563311152286992,-2.7470243355676054,0.5344271253610486,0.24981450019421114,-0.8890702489186211,0.35339354152008706,2.4984594174113326,0.9603881021938854,-4.14306901766817,-2.827533320009703,2.8155366465767457,0.2970533902046135,2.89762419870236,5.24415241284229,-2.3944016614727914,-2.9934200276068488,-0.5959984451761455,-1.1272584397489638,1.8669261611597996,0.5642752028430067,0.0687438640293152,1.8212940708087828,0.26287664451106085,-1.325349804870985,-1.3918399773178063
8572,-0.652668067540203,4.166591468162181,-1.4550834021919314,-2.2143138327547263,-0.32940751245326094,0.4848813467778683,-1.4339885290450418,-2.963820856797785,0.6913078573043538,-1.3213834003009932,0.10154907293529813,4.926335855904622,1.1574663911585077,-1.7060729155837961,-2.374418083633106,3.0528312100987556,3.2289811548142815,-3.3587877568549604,2.387021629516621,-1.31937060350044,-0.19061532196304043,-0.44100047922065855,2.6247038947563333,-3.060739119591492,-1.010705147439431,-2.83214101262465,0.938094991447624,-0.6452221567764127,2.285201729527383,1.264771595868833
8573,-2.7828262289477763,2.542569940406608,-2.5266475849530288,2.3214425948664434,0.20918579969426299,0.23627547893343603,-4.006198572175538,5.698031294636209,1.1567536779456926,-0.9572172018966114,0.6519979020848554,-2.5433671005942102,1.9588738937576267,-2.0969264923580013,2.6137248080423703,-2.3710534075472722,-3.257177791625397,3.152558989730313,0.9693609449550458,-2.157025938960194,1.0314591101948452,-0.17741061335829222,0.28353236266719506,0.05008413449877125,0.912640928701137,1.4107681228549254,-0.25989595582086267,1.2206033364659508,-3.420369550937526,0.13625311873973978
8574,0.09659684134266477,0.13368808575398106,-0.7381571332516224,0.4906907364438595,-0.5851725947767845,0.6023540644878107,-4.694472998601572,5.4060900139483685,0.8841036538189666,1.1682405783745793,-0.7191768297738079,-2.044784417766113,2.2781582905981423,-1.2299023119977512,-1.7710470589363947,-1.6022089188505042,0.23427511045980154,2.09072488872631,1.6630130551541775,3.0418737679620165,-1.909977839871491,0.2642455113057043,3.093237744641847,-6.1523922391948815,-2.731598723996669,-4.430864707144968,1.7810019412240266,0.2833781663838417,1.4045530692957122,3.6935302542414234
8575,-0.27637323543546977,4.686546929574941,-1.7895668771522075,-5.0608830801178755,0.007931418599607998,2.432344844530874,2.5578906734358284,4.673541721019323,-1.1129609487473169,-0.49674079008703664,-0.3022042735938735,-5.319526382026478,2.3241105971829548,-2.696870817559276,-0.6079696484714532,0.8713946516149917,2.05435402157039,-1.9450188043380123,5.193992744538345,-0.348772266914791,-2.0755118095436966,-1.1034457222715117,3.0693707212248036,-4.735633667035756,-3.881145826509286,2.017146456917164,-2.7909613596911775,0.7871954155640273,2.5664428495949743,1.301322464127658
8576,1.370954698704125,-1.1203933991192372,1.4450875310210591,-1.0565795593540983,0.5102360652264291,-1.1493053364783847,0.980478428035763,-0.9592042336623123,1.211679464759782,-3.232206562655998,-0.040556538248041285,2.039809441771265,-2.2810501414619715,2.2002381010168577,0.7594515185040649,0.6755649001697464,2.180114492447334,-3.534318870676408,-5.374505469460686,2.0643637776950214,-3.424364900150909,-0.9140117168702941,1.9651648399645048,5.683353468819774,-1.7599704603126831,4.215039042122903,-0.7815254155894102,-1.1450627210645532,-1.0259211607878758,0.49744071563497627
8577,-1.2905882937208268,4.399352283087165,-0.7172080578299997,-0.5099419924532782,-0.8770987124298539,-1.0045152266533286,-6.007003990198001,3.89112351593392,-0.6452355246849963,-1.2165264476664461,-0.06613443883315462,4.043776885449127,-4.093514650742867,0.25678346178495914,3.2848066764693122,1.4795815662801282,-1.581574753543407,0.653917699751462,-5.6122664232602695,2.9340137433208078,-0.4971112525436414,-0.5737518356504276,0.32365571281776084,3.425460055313156,-2.197871612742425,-0.5099041483406808,3.934613413661719,-0.6813288316672672,0.9912516138526808,-1.53676043476068
8578,1.1145450964528187,3.490760450361538,-4.598158071426074,-2.1061644598788227,-0.22310451296277023,2.322121497453171,3.064442947872365,0.15568655602228532,-0.4838733583402819,0.2659003757074565,0.6353622999626829,-3.6375188212240666,-2.8140841247030544,3.51066117077794,2.4686844134913777,0.6905155357942618,-1.5845251366800746,-2.2712518586808486,-3.8144290958825344,-3.1013941100880853,2.643235620323125,-0.1255892521572548,0.26628111061289417,4.131895727189217,4.674190514857205,-4.809979746289674,-3.2568141828962176,-0.8111538180273916,2.021369029373357,2.1823882029860684
8579,1.4088039650692998,0.9539498051846351,-3.262954705830257,-0.24316307720688357,-0.7546131902098465,1.8979772029928945,3.7683161246090258,-1.5965245421295648,0.8467309820945985,-0.4650414483987042,1.0524174166318572,-3.6058985328067443,-1.2045034369054672,4.211426715791681,-1.7754128371366917,-1.9222899625559506,0.48669439607344245,0.20408512473253815,3.1054617295483133,-1.5159994956602354,-0.1467311987925548,-0.6009222688786489,1.1579826273875788,-1.999791393607083,-4.466857239331976,0.5458171184478964,1.8440844108299181,-0.17922627449628514,3.18497600680816,-0.9287940222544151
8580,-1.633639665295787,3.340348962156039,0.10403049017528687,-0.1389949063259941,-0.022338625863553174,-1.6494062548461148,-1.265352317811871,-4.855322350674083,1.227609256653488,0.7126480792811183,-0.5432325478496685,4.723649880401496,4.012340980192864,-1.4339580100521268,-0.4434349771903534,1.540445757667495,-4.019344788697973,0.34395103807966443,-4.334000870226802,3.262132738680375,0.872332161759136,0.9052677036447445,-2.310756942622712,1.6050252087625907,2.5021999263020263,-1.9250871005841326,-2.5870078561167453,-0.24517484682512514,1.5922844344480644,0.6627854427791711
8581,0.4451564054001764,-5.3237004579155425,0.4096597133948805,2.8061118027915057,0.9086234938331774,0.7541490424956763,2.1151199590934553,-0.8001919379680338,-1.2471999874497084,-1.6759092459854266,0.2894873080537437,1.318693904256424,-3.099439822298608,3.8717065343381805,-3.692149191462427,-1.9226697968938549,3.1778729243055146,1.664679352010758,0.9265388205559901,2.579828264931937,-3.0696495698705704,-0.8346314470346936,-2.2380537924881967,2.6359677239028834,-2.5295289129788863,3.002353305832294,-1.9699364055208406,0.48876533901533126,3.575676610826431,-2.56732993717109
8582,2.70852920545115,-0.18899638757133985,-3.6002687038134944,2.9398585786165548,0.41633525347027067,-2.2754579461532343,3.6953841722456104,4.806016241542597,-0.9492149182657315,-2.8775459084678303,-1.1278756965415355,-3.5467638905126684,-2.5174794036886876,2.7528145366976844,-0.06254347596489396,3.8377101147337918,-3.704666875393823,-0.305834896384507,6.121777139949483,-0.9151050064389334,-1.5586633325031052,-1.2228069237794168,1.0930796051612184,-3.518281482391899,1.6735703441855811,-2.1301420001571465,0.3145153015671802,1.132853206468245,1.95811836553154,-2.948915217592166
8583,-3.417811866441049,-0.5715341531451514,0.5143013545883832,2.851726167214842,-0.5991269087746565,1.2224454065575596,3.5168891047992332,-5.465367541077452,0.3812122341455746,1.6115800220384813,-0.06128381666666449,0.0169699967612722,-2.8654468718135657,-0.8345250127825388,-2.637729088557416,2.5685207188752592,4.248795599111336,-0.47961534483353674,-0.09751035151464649,0.2851370870650243,1.5992268441802757,-1.1088607903392425,-1.2524584004029489,0.5744656110089004,4.267239509308965,-0.8197008405197828,-4.503291826189418,-0.6726891724816024,-2.0105592296380586,3.739001559523164
8584,1.4917043646006718,-3.2659199492744158,-3.515226864290433,4.364941609321452,0.3983712006030151,0.5261296390396168,-4.846916262166783,-3.195350901170187,-0.05106255673662918,2.2944357672092615,-0.33802444352757455,6.136918396392346,2.568214389648528,0.4383561527205124,1.1276317190572982,-1.7683197746175168,-1.0549941686531046,-1.3108883181561417,-5.822754943311242,3.18741854368119,1.0512503307465302,1.2130373569959696,-0.09541121469322356,0.4664599265781568,2.568539489172455,3.43855450296045,-4.2981097905228935,-1.057921613164949,-0.6715986717611102,0.020536083319326437
8585,1.361760664128525,-5.529906417343689,1.3384944914434236,1.4879393268445789,0.2831295050994229,1.0585824298276645,1.314140979587286,2.048716660291685,0.1485650909523164,-0.7396336008302384,-0.6170546288362626,-2.1547345011643344,-0.7143321237052547,0.4311322348186195,-1.5258346933248603,-3.497294197966122,4.103301610539145,1.203027169638034,-4.650661183916945,-3.0729310175140014,3.857754721348595,1.0144342562327164,-1.6286098993392688,4.480013123186268,-4.48275178676146,-0.04482016632944763,4.700787548019321,-1.2390290317665813,-1.7567585468167817,2.8225719836582286
8586,-1.6267820184417658,-1.161810456580703,2.8276076973548037,1.0600294984345098,0.28957638683662035,-1.3886211076034947,3.2602544449335227,-3.3947109837351057,1.013406260494289,0.6968105983745865,-0.13990403728969625,-1.4358562827771593,1.3702032039751266,-2.6424763722170397,0.37572905360989495,-1.9988886708864513,3.3655365161994553,-0.47010373068142464,-1.0502805814571943,0.9328074230944576,3.872836432503,1.0178029506686705,-2.7123672804506143,-2.060798944360954,-0.7517647312897466,-0.43809353356672176,4.368765922794985,-0.8556475079208301,-1.2722178738151317,-1.0510422761992633
8587,-0.8935418219417315,1.0636704880990848,-4.396496853336071,5.240558103242876,-0.9993868078663326,-0.01480310819786368,2.7427853719449438,-4.508108385543075,1.187914979345038,0.5733922089069274,0.8976962001922377,-0.8936803748456192,3.365606348710468,-0.5718281036955339,-2.4114019421154165,-3.885108710401054,1.3591714321982238,2.143560975302833,5.504098336007068,-1.3065280630418936,-0.9945961648663992,-0.8914190326218536,-0.11256253906592129,-2.1989925364136376,4.429092808019167,-3.669124526560598,0.37371642183727616,-1.1636302372756484,-3.503947565215883,3.533893099198959
8588,-0.2650917844250884,0.4437796502181648,1.776519915779204,-1.7393243945475234,0.9948556596352978,-1.2107390466600894,3.3837053096146548,0.3038210358415441,-0.4426934629752539,1.334395888632713,1.1857275599551,-5.764956331068287,0.8761220058333521,0.6685454883718229,0.028928086985590795,-0.5144419668856592,-3.563025249071055,2.5038716347654564,-4.520680492059785,1.7384309104403695,0.6783374667241304,-0.3050125898739937,0.49512920757040924,1.91379549719624,-2.8224638850178145,-2.334206129433536,-0.8107369044146502,0.5319525488687757,2.641056045043971,2.794398324956539
8589,0.3290188787740522,0.5891831788370503,0.11325003977093218,-0.9804911290692466,0.8076537762978542,-0.8586147446106835,-3.8133839778497247,3.6998789044129623,1.227419824810295,-1.888104697770565,1.121550355270065,-0.34736040887259634,2.8349702479262824,2.8252434104963307,-0.8408017841892601,-2.5491532798347265,-2.682258242829299,0.4119996484302071,-5.5031271437850116,-0.6518792122501189,1.8241114507682354,-0.30147578908975614,-0.6683837752180395,5.300754469572048,-2.141582866987658,-3.08736312850149,3.8142528426564084,0.5123221407204719,-1.4808836405808634,2.38325465269644
8590,2.3341680921015637,-2.2553354829436856,-1.3047309093525996,1.2390636786792442,-0.5165654533803805,0.503400074895838,-5.506587404851828,2.7610274765223863,0.37432095498403584,-1.222992757424608,0.352090763190267,3.2421409675801556,-2.8016092811926647,-1.0703647807545007,-4.130364327350254,3.169133110809465,3.495684937229438,1.3375203412580632,1.4414864920549277,1.2174292762540784,-1.2192653250955487,-1.239606323960516,-2.936373620926336,2.736329501670731,-0.9089247499540711,-1.0249272348695655,-0.6215274199678795,0.435515943502395,1.0966782338481025,1.0231852274443227
8591,-1.7954614948703753,4.056192804705859,2.3407212912721604,-3.4518087516540454,0.8859780964406969,-2.0356219458943112,2.9737293963536544,-1.449010793810288,0.9373931333679977,-3.649916432690844,-0.9946039483802664,2.1824086451601445,-1.5576222787732696,3.6768474638755855,3.994442852749266,-2.896218032778952,-3.9998590471457174,0.7824090420726559,5.883841825361671,1.5039062742094416,-3.7855425924874115,-1.0432079559089305,2.17173488449275,-4.730732435670184,0.1368383749898534,2.4318600539419784,-2.075306411896822,0.3240509771684037,-0.6013549942427101,-0.21608799995741634
8592,-3.590220656062437,-0.8653430514221156,5.21498219811572,0.9477463322407083,0.6793029800481825,-2.386467802920074,-2.355276059833045,0.2850903912449141,0.9685165596391636,-3.678101502899368,1.114782618237781,3.6649879936109393,1.2421476773109887,-3.8204325493647655,-2.0653437195749653,-1.837188452391553,2.7355055083073907,3.7453115357124993,-0.8909320723746141,2.0413547095408653,1.493609552085232,-0.623804352768027,-0.5087961971546164,-1.5114316393315192,0.18392840382756503,0.976688711590409,-3.1387819568439745,1.0316581258902593,3.7153544044833637,-2.7688476889443194
8593,-1.3444353469987345,-1.3445093047123784,4.450338367378194,-0.05073180484869866,0.3976802172545364,-2.108342128072934,-1.6864529984443024,0.867137840572763,0.26474626146458036,-2.206349832488522,-1.1051575673124376,3.8660762962083446,2.080768595440521,-1.4893629103255144,2.76060313475152,-4.095155371728087,-2.775728396465823,3.5188749483270243,-0.789252214058866,-0.5974027372346651,-1.045332715788728,-1.0119513574336025,-3.0387498639804846,6.482688888493634,-2.685978837266223,2.5871530902317232,-6.046665257863889,0.6448392848206668,3.136608733026012,2.3640429870549973
8594,1.6939786953169218,4.850281879896439,-0.3429740319814414,-4.075354399957437,-0.5460636161160894,-1.579868527158391,1.861158397747321,-3.4300279398060454,0.39553150142163496,-1.1105108176081107,-0.5949725910090393,2.8788214492546977,1.7991504590498373,-2.6173948414565835,-2.1789293548523982,2.572956653988591,-1.6208551886855727,2.045072271955739,-0.38782453640186887,-2.0726877186130483,-2.529577218889541,0.967165601142816,-1.766029315884584,5.788953188643525,-2.5846966396667383,4.784729146383675,-1.4121631958149905,-1.2012729970202796,-0.11506632087895063,0.5284700070005659
8595,-2.941255101196793,-0.40280614751323185,3.4100461587878605,0.9456771452213104,0.48165498208150836,-1.493317037380658,-1.6326820736951042,0.8759285650092181,-1.1318708830639954,-1.5238207751031467,0.4139626256723581,2.998482541181147,-2.1063723164110826,3.8262241437908138,0.8977435289573705,-1.184508635033243,-3.3350250952561478,1.9019383739518716,5.99294497690472,1.9301424654386299,-1.332876124092266,0.48856483932128203,-2.2426185426174516,-4.836157614957646,-3.0398835817221297,1.077796027530713,2.176020067639911,0.4679371455645338,1.6005284841158627,-2.282398143125615
8596,0.7148134059460176,-1.7332118608355493,1.15505337155329,-3.258250581366962,0.9939299211741437,2.1276657435290485,-5.7250891119493446,0.7725967125481326,0.25501212689344666,-0.46133130661649346,0.7413834540729347,4.417428125051785,-3.648204053401221,3.0088506126408987,-0.577139211113046,-2.6583316189286776,4.009668567950932,-0.1348442971493089,-1.27831945163339,-2.064416640628963,2.586113536874258,-0.3000497020955315,-1.5727273022862747,2.629399559767183,3.7885906630104245,0.2981719967520533,2.0025808346434317,0.7014072665836943,-3.194386289019869,-3.596364471966437
8597,0.4426626184644,5.164540551889907,-1.9300082888682262,-5.746068857557717,0.5094202782937511,1.5594536977778901,-6.010150745536166,0.9020827432131497,-1.1184360675966984,3.20574392905608,0.06515293101198072,2.9556072098521042,-1.3150462685363014,-1.7451481893106298,-1.6135181751994008,-0.7120390652509911,3.58735383523965,1.7983978630572217,-2.8874192522417736,2.056910250635312,-0.4955768688416402,0.11171172510612593,2.980663408113795,-1.7662892627745208,3.4699163848304906,-3.0388656266668903,-4.154597264540236,-0.33364037944150926,0.5956475266129946,3.461539359208409
8598,-3.137304992442461,2.3138084113975097,5.390483110613868,-5.492338533457797,-0.19062071034967998,1.1159727142385982,-0.7295208197650496,3.2145797003884375,-0.04929477310426211,-3.539314213575203,-0.03118659450847705,1.134736700565,2.6270280627324105,-3.9841440327371043,1.2089062829689716,-2.111770775257746,-0.2668190582357788,2.526799520528794,-0.8572124371289895,-2.6136417756037957,-1.695192584826163,0.5563788478643845,-2.0468236952445835,6.656491644936445,-2.6659999850867067,-4.0452482451347755,5.312791525403281,0.41413962533588844,0.5993004739206231,0.3850166055649389
8599,3.279172769975368,4.749161074785313,-4.9085917464469055,-3.693563326661593,-0.9036375749671148,1.477458803314974,4.083402547540004,-4.483065881354296,-0.20431301563083615,0.36222123339955203,1.0736933396505801,-0.8319382236045172,3.4204920719013323,-1.411007313572096,-0.24883551860706632,-0.18947759446540147,-3.1835718693361663,1.6124002240789252,0.02696468754752601,1.6815711716185433,2.524320555163797,1.234531742194064,-3.1406656277163822,-2.326722528810251,3.05689032660694,-4.873370623948217,-2.270153110612096,-1.2118331483677984,2.5958916682416557,2.7025748880827223
8600,-1.4518341270499313,1.171912947887133,0.897939206049017,2.174806965560652,-0.5027989257250418,-2.2900260667218033,-4.10814072855641,-1.1624832688474278,-0.1241987931220061,1.3039962707710622,-1.201363730226317,5.2921902499816085,-1.607940139829818,-1.1399825425020786,1.6538425293195829,2.8235495983536865,-2.8930963682668533,1.163626922924987,2.379119566840661,3.292945692668514,-1.002751250967803,-0.20760303343980535,-0.9339896476206224,-3.52772132748364,-3.4678831487374353,-1.8551710268611394,2.503488275117199,0.891197464476214,2.987307970007624,-1.0589395339992347
8601,2.3743094800589795,-4.628303534766172,-2.049788711789894,3.5306308400583823,-0.20022821244900646,0.9733801388877286,-1.4907093518969923,-0.21683685654609874,0.45578436818496826,3.4544789084177374,0.04963642994855011,-2.252353498107688,-1.529643451901583,-1.1428596251147276,2.2932539212814547,1.1516380740507621,-3.4580462842048814,2.6856573658884813,-1.4335079649188351,0.0045727495695757625,-0.04083769770200085,0.7965882394306396,0.37939748932495654,0.293787184292956,0.2253686136161619,-4.755912493031651,2.9108291092842933,0.9248679243492521,0.4787324548761198,0.21611439090902884
8602,2.3711075752426503,-3.7937164174363076,-1.9554448484357358,2.9230211713115644,0.001211849651507002,0.45382066966633694,4.861366011201429,-4.881924023963254,-0.36725032413730485,2.0419477269980177,0.22647699610491934,-1.8806163862033074,-1.2101613483988842,-0.24853184961163777,-0.3058717269967133,-2.5309999195894406,2.956322566404552,1.3392422781916515,-0.8068749207386823,-1.28403919112157,-3.1939720688669304,0.5038781462641211,-0.1339160534949606,4.914924087955281,1.8399280495672983,-2.8066760105124686,2.3119600445496964,-1.1327753449907298,-3.1324647911611514,2.920028052550549
8603,-1.550152139510498,5.389955887689613,-3.88619988885479,1.420352703818807,-0.07723347838157579,-1.2967230847615525,1.4799822530816158,3.203029989709485,-0.790067801706293,-0.9395023006592691,-0.6275126436713236,-2.325929496753698,2.4162370599003893,3.6017389414181764,-4.087371251751122,1.0522313008195,0.48070714473473686,-3.463543195122128,-1.0613088743764827,1.6701213783868916,3.764493831925609,0.8449432430900821,-2.0855712596150706,-3.132678319413742,0.270891908559598,1.1395741262254333,-1.0447380384710918,0.5630855762907183,-0.7187633540513438,-0.2100502185501405
8604,-1.294120474953587,-3.9232657829060713,-1.651688041849198,5.9849218904409724,-0.9562593904424215,1.8404117997103242,3.7744150654207687,-1.41700880490707,-0.04862030372153381,0.6199140686905835,0.43313263893014486,-3.3618326644123897,-3.9618141174403014,2.484862934374057,-3.2645777432298075,1.9618393562726197,-0.2981971331318931,3.0778867031548742,3.826650144977105,2.358026144834085,-0.7418249363751368,-0.4531273111181724,-2.400501799306854,-2.5892222430137615,-0.46230629839065074,-2.729054869163061,-4.124389302311748,0.6409969378315621,3.746357950420201,2.9283955816168685
8605,-3.5667987266545573,2.5328695387575983,0.22155208155299988,0.9715227911976783,0.8754982217857101,-1.0346439066393938,5.897547841822956,0.8621216503461966,-1.2145184918878238,-1.799488002508653,-0.9990386876255082,-2.7466243101466468,3.3925883123130873,-0.268095275957851,-2.9279570473741927,-2.2302540025634094,1.9035845524330277,0.1301334611488567,-0.2579336067989324,2.3922745397592635,-3.0321612547514167,1.1682659046324702,2.4684760702838062,-2.7389216531279423,-4.46790024472379,1.7589210211654525,-0.1525517083613792,0.4491808812687621,2.7795154866784166,-0.3671654360242851
8606,3.665516383518302,-3.9947741296308443,0.09551930844225254,0.26324362567392967,-0.9770557437135639,0.947550555709908,0.8967539261201196,0.003917409588439114,0.5737263145060467,1.5705747135173773,-1.1840812853551044,-1.8608910783763513,3.2499144878342925,-1.0256527119774344,-3.8852636925980963,0.5243127036569177,-0.501341870729636,1.6380310838134733,-4.224063994009931,3.4524055205629693,3.9475250696667956,-0.02278907297146482,1.8698881734233481,-5.02296569667449,2.9563181003174073,-0.7822337881757804,1.2291086039112251,-0.33000758638983374,-3.1331366979475295,0.0599513682877344
8607,1.0509289011939522,-0.28651324328290073,-3.059263012454501,4.701561937484723,-0.27207333213055707,-2.1346412508107333,1.18440548268552,0.595228747008413,0.343244072715879,0.08561951645961763,0.03166936356196093,-2.2401671824308735,1.0413235313881657,1.3475584976619785,-4.214169963457753,-0.2677626896354717,0.3731993138163361,1.7198513102262254,5.0496217642981165,3.1562051801754123,-2.2103837444716525,-0.6650641692028403,-1.9020537868983531,-3.4283252439034158,2.873500277406251,4.931955415927039,-1.9868997628515537,-0.7204504148374369,-3.6016773375157456,-1.49642817812531
8608,-2.0404930957784835,-2.7152488110597197,-2.623309426320855,4.622050718090666,0.4406312472009395,2.316369367867461,0.24630031208493364,-3.3009581696336845,0.9534160688372495,-0.8828785623309408,0.6975225752048821,2.286597775838068,-1.2692950075519693,-1.9370040096387502,3.709072331020984,-1.8074366280117644,4.163180200068297,-2.858516885887312,-0.22875894542294262,1.9848131459160196,-2.175975765688033,0.39358794289045473,0.7159792700111627,-0.6896456477093835,3.4460064500709855,-4.247119443388476,1.802696997336536,-0.9245732482315416,2.336941700049472,-2.4139524558337637
8609,-3.7042853576142463,5.0250701356355485,0.696322343003434,0.013490461712290625,0.37423186557457777,-2.404829448311607,-6.038347099898431,-1.899478473638979,0.48637164029177526,2.9914449335256776,-0.44656285770666493,4.906571857427121,-2.6389934673160766,3.200356049712635,0.7049791083071675,3.607273178521133,-2.7234673661276503,-2.150147503097724,-4.291214149602691,-3.3868900383821288,0.7571725691231492,-0.23311352357597315,0.5986259404440712,6.555419201990844,2.2214161036623423,0.2563382410808899,-4.597993075656511,0.4749996028747878,2.0978924809031874,-0.4526533528614767
8610,3.5546340031952006,-1.5496039542709426,-4.828706993987371,5.060684672116476,-0.4397580153523819,-1.797249711700987,-2.075846514453506,-4.6548554736581735,0.49203911660373567,-0.2536315919977188,0.6960124773745742,5.796281986131561,1.5618367085027351,2.0034075314300566,0.3912525959351889,-1.4383827953146202,-3.891744740818595,1.3736307002646946,5.877445849895928,-2.2254761326497317,2.847935519234742,-0.03283858269148077,-2.4645753688869494,-4.002491284905229,0.154047788296932,3.1243008091516735,-0.9620255612097139,-1.07996561513171,1.225914308615149,-2.4622717297191024
8611,2.5780791626859028,-4.4269834254711675,2.869573929218763,-1.6374309520941743,0.29408076122829163,0.3226805244324087,6.143448639661656,-0.7876369429976862,-0.028053105283216695,-2.150971222532167,-1.0268241054100682,-2.149963263438053,4.136158679004065,-0.4309700029380288,-0.5626277489854914,-2.146085625878099,-2.5266047998903147,1.5301294986873337,-5.574589032529683,-1.7105531149666184,2.5126005552687047,0.9583627202635805,3.0752151503315694,0.7389637216297338,2.465488470164704,-4.844830679614164,1.09623108899536,1.0043221595078329,-1.7834734520569153,2.0622624130063905
8612,2.328639317320569,2.6530405586487795,1.3925730624330264,-5.5686693841733685,-0.6985493618764969,-0.10703419235244027,-3.762695918328113,3.1026820503419756,0.3602331997539201,0.13986762956403176,0.4489438727339996,-0.28903083406532204,-0.2851986684632273,2.2145382525284703,-0.5889809362400413,-0.8448326759380365,2.7989859178093255,-3.2945118896969987,5.12751216248116,0.19002797397251037,-2.8099639640664993,-0.30044466873476416,2.4135359278916777,-4.6206674315467815,-0.6502429849457911,-2.116897062333173,5.914311123926662,-0.4022675187061031,-1.3038024639277683,-1.4411010940106
8613,-0.8695157603692696,0.7578532056393463,2.788152419698033,-1.650017545987403,-0.03688868145357316,-0.9895836375270903,-2.5598649004942367,6.100459154046181,0.3902784445400158,-0.12449867467496212,-0.03061327610715825,-3.775760747309352,0.6509785161672426,-0.6068633460872448,-0.3772526404835652,-0.20734188241431895,-0.5935816143833286,1.1340609672006892,1.2869172253377457,-0.45634044681413677,2.352429409175599,1.2128283561267343,2.3165650427714226,-6.712399586600071,-0.9153685806145297,4.597765837892574,-3.476575074911441,-0.8435330830833747,3.0851838989034874,-2.447472998183489
8614,-3.469225128307265,5.259668345626324,0.7836578919610133,-1.6105401041853504,0.3564390279530758,-1.3200000330477533,-0.7523603631847386,2.1767774618882605,0.10796357007752455,2.679896582770745,0.8580301907142793,-5.070307442265566,0.45073277153963787,-1.4241056249445112,-1.0817711224957094,2.672376558626304,2.314461036844804,-2.9316936195710337,1.2636237373574097,2.2793184071186445,-1.5933054386986818,-0.8903650826344895,-2.4358036976448894,1.3765320744992877,0.7764095304823329,1.129928778789921,-2.475514082360373,0.683173797938915,2.1708098600127705,-2.284807884860374
8615,-3.5905185979008216,1.9295256949619848,5.4944913479397,-1.9275297636035802,-0.6672816303142179,-1.2386870510830033,-5.120799358360955,6.210342773416336,0.3148831242803629,1.1585001710794742,0.7514867301555341,-3.314413440570277,-2.3420359659882166,4.211982264692292,-3.295621110152508,2.5333682047184354,0.8668555060087648,-1.9745488992792755,4.420784415326114,3.429696715564237,-1.0515667270142703,0.9914099419569684,-1.9702568657827122,-5.820067480053062,0.6033681916023639,-1.4392804909040748,-3.3044203831341328,1.0600131634623624,3.0737008423629426,0.0066186766137139585
8616,1.8475206102621726,1.5262712843420978,1.051222267561208,-2.9407213574415287,0.2058800622328394,-1.690172866956722,-2.2367696415616045,-0.46997027710178685,-0.12760325066834444,-3.1047919799200248,-0.18820653703938195,6.1273416862916505,-1.5491589833737933,-2.2601182390413115,-3.6903928178753738,2.8788412956826654,2.5510247024369157,2.0698040421703894,-0.4493652341771863,-1.4385858996597438,-1.509816126752801,-0.2789743965426599,1.060034267162905,2.6167073899667272,-0.18474983267566003,-3.1581736802285825,2.269715172969647,0.05090609582118688,2.3824987953102266,-1.3601965511936367
8617,-0.7991521182428851,4.598829594869237,-4.407578234247541,-1.5513240222831506,0.9453649147685552,1.213859865135806,0.18648196577940368,-2.869210901234222,-0.7671720235308381,-0.7091134300988848,-0.940006024021895,5.099020413106935,-4.089807217867085,0.8368527884585042,3.6068100765607873,-0.390806739081075,-1.5101405733553843,1.5470916652837658,-4.19497949848164,-2.2252065448233953,3.631452098098247,-0.9818458732994388,0.17976895996877928,3.5908108585346667,2.3838466610573157,4.64572038197873,-0.7425679153380536,-0.15870622213409202,-2.4835688670958227,-3.6447240384648847
8618,-0.31306773795788345,-5.414115756688194,3.0530626371450964,3.1602392869103255,0.6651829112099739,-1.1513013406193018,-3.5557877389389887,1.6076079964664451,-0.3092419990601307,-1.732229448903448,-0.24405501042181754,4.233706200858414,-2.2649634197529274,1.5212469126414732,1.580207609334554,-2.449746865090553,-1.789233954861075,3.402489717728102,2.5411745335185927,-2.2029887776965467,1.5373491158883574,-0.8181282011554192,-2.525992612992299,1.4685859424345225,-4.763417291122257,-4.226773236368686,5.813406366660651,-0.6773762829220393,2.1797331630438492,1.6744272807116793
8619,-3.2113509998048233,3.0585809599325735,1.8412738093878502,-1.2406049942815898,0.2719994939597168,-0.719898269193699,-0.7838457986468867,5.73244404302195,-0.8715346057228839,-2.3419839337144417,0.8569379661334393,-2.5920176710707246,-3.5911361814983778,3.1562415223348346,3.3523022554743775,1.0049135176438426,-0.7136635759353567,-3.2086575380197324,-2.44827438466244,1.2877740943675828,-2.1135277063634685,0.161837927171252,-0.03364239627169141,3.1458324657559906,-1.5991270706013871,-1.2891568463631025,1.6202437126423987,-0.5514304487880093,2.4706494626900444,-0.6511788095767539
8620,-0.7866824580721179,4.248330351253163,-2.5738538215968916,-3.147268644589598,0.8602080710613333,1.3992665019441528,3.659079859997437,2.4872263256912284,-1.23707082969328,-3.3052270641088413,-0.6492354623727667,-0.9547728295133311,-3.7901899065381954,-4.096688807208004,3.3888550059006697,-0.9767765959820522,3.2120421597061046,2.2627581441210545,3.5665971867372654,3.482881066524616,-2.9797863540986516,1.028777481230498,-1.3775244713587256,-3.720944909037758,3.362242992939997,-4.592848800082233,4.829343665177049,-0.92770808227848,0.7412669603321937,-3.4122967360852936
8621,2.740332660233456,-3.213793157022881,0.48804832688373523,-2.0817270843293656,-0.142636087566423,2.2097753418015404,-2.09933808745145,-2.7638558397669684,0.6732786214869639,3.6619957716923537,-0.788405340145256,1.3163248741847866,1.5841044016001327,-1.7075627024434503,-3.3778905646752033,1.1464949114766192,0.42062589273735185,1.9342280613041396,-3.0420367759118783,3.4824974517313017,-0.09767163342020169,1.2170398449942024,-2.0147928977527734,0.4549640103565622,-3.7901263929642397,-1.0503149132405625,4.7934215014586385,0.6417082368781255,-3.7080388943589107,3.1133504622302013
8622,1.7343192300496248,4.6063282392963885,-2.661020122289866,-2.711633225400032,-0.1449463465163685,-0.8230477751396474,5.92245524286702,1.5449263525628858,-0.0948449218976819,-3.4310623425493265,0.5709609738106387,-4.5124353047931045,-1.903496463593406,1.8208493919743596,-1.654110967541758,3.7013976162970437,-3.0676404645894007,1.1030008874527475,6.134402475524688,2.5683852102470084,-3.86156090565545,0.4900350735297829,-0.5312465918580482,-4.800015261790797,4.611813205182369,-3.5286716098884376,1.750868504817639,0.039614561530201264,-1.789752431679343,-1.08387222995918
8623,-3.204623150684588,1.9994965691234619,0.7577421655693222,1.3700911388713308,0.6319112944763732,-1.5546180173557858,0.728821420707721,-2.3466468354032877,-1.2482613621581704,1.1472551226373326,1.0778760429351983,0.6409556112816368,3.4018843199995032,-2.4403246414284094,-2.3169701627022175,2.514312385867033,1.5469593989515324,-2.70586130068787,-1.4757418459205205,-3.0365166182103227,-2.873926548343565,0.8138101440363421,1.1898775473857786,5.382497321049463,1.6441768080082433,-0.4643541460609626,-2.075519828182312,-0.9106395745774529,1.8575753974871674,-0.05123865667144045
8624,0.3452879261945139,4.56663591614479,-2.393481788428165,-4.720879267177544,-0.240608652359672,2.443045865626191,-0.8138533279511755,-3.1276596595345794,0.407690656651698,2.458556016463479,-0.9243524633614655,1.9996187777325005,2.0763665741115567,-2.31346805037648,1.2452174052005738,2.227971427413344,-2.3178411800789522,-0.9182461762704648,-3.1643958903144096,-3.4017805964498375,3.1349801044451624,0.31687867118993207,-1.4836947900196833,4.598012501146005,-1.6743151645853835,2.3958040423701057,0.13036360958975024,-0.016710316267513292,2.3069460427281285,-3.142088213831798
8625,2.3466057473135784,-5.6556678661123705,-0.019720734076503987,0.3676241658464363,0.7198890707395349,2.2412696162894346,-2.0011275382297313,-5.554705454148724,0.041433011009779364,3.371723779795751,0.8676107423037038,3.275065459269676,0.6221773242103978,0.49424759340032764,0.49855656961644357,-0.21306972396115498,-1.7099629192029369,0.30805115593648047,-1.9363054467846794,-1.7327395368933889,1.9626180989953603,0.73980185165449,0.7514495392567397,0.21517549376867606,2.8056603887123472,-2.545886165210238,-0.8587344514057449,0.548806634971462,-1.2219233845455797,1.2720769774810456
8626,-0.24950489971695688,2.573952451232934,-2.772575490444993,1.571924311242718,-0.06964885316117386,-1.054147519152444,-0.962816622109532,-3.5583846263359575,-1.2444345761684121,2.6246760026120057,0.179598689227638,2.961361132774684,4.088972986781389,0.23433771778185175,1.4613847396153723,-1.0936315693894816,-3.860683249369936,-0.8303806254196324,-2.631263715712606,-0.999588683786369,-0.4726858960754772,0.15289545725932285,-0.5676300419420421,4.518272880254379,-2.0926511652710325,-1.8273928196869953,3.0755316361503837,-0.37739517656225274,2.617583679947053,-1.3956761545738345
8627,-1.3906082555524364,3.133143551155605,-2.4268000184439877,-0.49439645544584465,0.9178772501583379,0.26078392812840967,-0.11731268223249813,0.39432483573847676,0.5956237658929773,-2.0118480591773196,0.49970803408705766,0.6395041056917492,-3.422492556315987,0.5889915983403284,3.9977936790434327,-3.6408855934746978,2.7232507526362077,-0.2466578802297441,-2.1967890754941592,-2.2482865491670783,0.574076160218727,-0.07262110633587504,0.5548445824242716,3.388775988351334,2.822112005657413,0.5781946247986021,-2.131143234257042,-0.061436095929195744,2.3581588542978302,-3.565886154564266
8628,1.4888266062212274,2.937521276352637,0.0323070500411049,-3.979956333472618,0.29365810714763896,-0.7723567062898962,0.7352006051454012,6.034666899323415,-1.0728271035849724,-2.3114506982354843,-0.5985689802723941,-2.7870207223755408,1.6898391097456802,1.8783302504697694,-2.882812576331295,1.420886067334493,1.4301033606795315,-3.5363462118986337,-1.5479404554296252,-2.9421366567269214,-0.8386090423194847,-0.4710919560279567,1.1448831152165315,4.6548949952846534,0.893013518161478,-3.5835902610212003,2.7177117323287057,-0.8655860037203178,2.345899745058407,-1.5074487308037323
8629,-0.11049695155496053,-1.3125851079501771,-4.3812713116127355,3.238781100524861,0.988652522937624,1.5769197476554773,-2.1657896605156743,-0.5130526481953233,-0.8292492442967818,-1.346080602501793,-1.0303409121843514,5.88451306769435,-2.1477851336361766,-3.112414902797367,4.156204827530413,1.519522511320158,-4.137944995457808,3.7224176930403345,2.2933841806495643,-1.4976397844076512,-3.4817685866258294,-0.4970285470578357,2.974510450084109,0.2085422873548346,3.6481744714984607,3.4033324499951263,-4.1186138062952935,0.9403427768205859,-2.8127383756888147,-1.06049751632675
8630,-0.2742940312812845,1.9489078075673696,-0.34930045269560495,-3.3117614130887887,-0.5088639977804237,2.495312087278835,-2.0597196022977577,1.0405748214389234,-0.47710762363987236,-3.5790445039866157,0.37450762655765146,4.700789281928099,0.25278263196991446,-0.676444091038455,-2.5941942765375163,-3.4419261781622126,3.782743010608428,2.67703890315936,5.146834390354655,-2.157684707814113,-2.054960578217065,-1.0488038577877328,-3.2118734251172114,3.326488178578632,-3.091734657517719,2.160018129059054,-2.775259793602494,1.0258072760615304,1.168423749450124,1.5127452965528114
8631,3.4551631850530917,-3.171388083216975,0.016692585770506696,1.7681014664477956,-0.04584269660508533,-2.022726457449238,-0.9956736782938584,2.773741924481019,0.16737439759614592,-0.29164282996367774,-0.6371104719681844,-1.0166893418510092,-3.506313989940063,-1.887796507486735,3.0435465898000587,2.3286422780196396,-0.6667590623669533,0.6886806919735751,-2.773718673850997,-0.027683137015364068,3.6731301484086316,0.07023051482602316,2.5726353538638023,-3.514594206234925,4.9829563237109475,-4.0106669872983804,-0.9639497934782781,0.9672144529630256,-3.2389939432735915,2.2634399473795916
8632,2.7589374426229973,2.905485388272897,-3.758361291440952,-3.5249802665418706,0.5654309888742528,1.0534877382127554,-2.1781929968752394,1.2140748643423898,0.682259823661516,0.4937906455081489,0.5494101785045151,-0.7613425151408855,-2.8809196193792026,3.864635637842799,2.092828558853565,-0.9953909135988539,0.9833354227066806,-3.0644890864255103,5.2102792942270035,1.9681589779079367,-2.1271761114205088,0.25952349674040764,0.7247304146293363,-6.035516072087038,4.575995679208479,1.1913934385340497,-5.570385448877822,-0.45769129693201727,-0.040543551350204154,0.3012311794208493
8633,-3.2964284042172345,0.29158428039020023,1.0477951476301932,0.08577556404193487,-0.3864348808093574,2.2577082929643293,-2.482621583978883,-5.0090169265754625,1.1960153560994025,3.491225826200637,0.5263925289508729,2.278004799303897,3.5399115226012654,-3.639083147897086,-2.668093722240629,1.8740925202602376,-0.48262853346832557,1.3758013607440134,1.8734220182069699,1.140213920312675,-1.2583220510082036,0.23746067319955788,2.4907442562209443,-4.483518816934826,-2.5949075040562626,-2.1136156739845795,2.8307757423786803,-0.773409628862118,2.552295686701047,0.09886137782660853
8634,1.3264806713428712,0.8111234817809247,0.5418273945361172,-3.545269751295006,0.7901243512336764,0.0757138524014831,-0.9646904477305718,-3.7685809834645667,0.14850876644325428,-1.8026512629521534,1.070151218738717,5.317262708965785,0.7274620109839205,-1.7989895893405965,-1.4579413385382445,4.057698105794561,-3.5840886045683966,2.055859415668248,0.9719241987745875,1.7719146837773767,-1.982940987250137,-1.0919708368462713,-1.0876667657856522,1.4187397073272194,3.0639053338713538,2.0935000556109635,-0.7608446792141166,-1.017243293001063,-2.854515637010037,-0.5248017802537213
8635,0.4659404816669639,0.5868436525058272,4.727446558311588,-4.192087233514027,0.6917278693017019,-2.279871328272007,-5.764867254460164,4.472326883957564,0.6947623104326244,-3.319123571507257,0.5949235891904463,3.321978042387226,-3.849665570210414,1.2522461616684915,-2.1644880400555504,1.09519496322946,3.469833484202308,0.1968790011652075,-4.221387987901263,-0.5611360332608193,0.02518542006475144,-0.7959590692893279,0.8935810320385755,4.659716638345177,-2.3798949650273364,3.179313068027387,1.1617606531359144,-0.1525978055635271,-0.33461574638246994,-1.4739652041866034
8636,-2.289512100942698,-0.09997760856605353,4.5356250624623655,-1.6771183828794314,-0.5242500850662748,0.055233114992120136,-5.345537383694111,-2.3523636470478415,0.5150653413460864,3.277997733439097,0.7551514717204082,3.149686484236785,0.39449089919211744,1.0062904330460256,0.4559410921436289,-3.7288622163231047,1.6060879791030658,0.26605181283778734,-0.21840526229082968,2.2716835815825043,-0.9342728619269209,1.1901650994720292,-2.0478579241743535,-0.26131263266531235,4.443897092571465,2.032111574644688,-2.2756771883488334,0.31911369824489544,-2.945626378668347,-1.573818798440497
8637,0.8336751326966585,-5.725896158757706,4.118146658872707,0.4827864663361545,0.45991932953991865,-0.1686314286877053,-3.573083914359742,4.602334286097925,-1.0709666054551263,-3.403021254304747,0.8308936641323141,2.6138438238897805,-1.8612547417083096,-0.8262459580285935,2.011603393820142,-2.5024595974485386,3.066890406354986,0.11146649700986622,1.9759536731342529,-2.26195780401374,2.6318969795858997,1.0362891057167651,1.9115758176890942,-5.293757772115121,-3.314668371589306,3.852330026055956,-1.9220502096006982,0.7507192133227507,3.4161739429566502,-2.78250460114198
8638,2.183519643788653,0.6544746111394169,-0.18698656108026412,-3.229543312361585,-0.207869469614552,0.7864050881283582,0.7126479531275152,-2.9728823839391048,-0.5914932950402481,-3.4693938920412926,1.1624275225330276,5.158694095360531,3.455954187411674,4.231769031612032,-2.866594934182819,-3.5958549586175774,-3.424780366139288,2.199507039915531,-2.538543768886484,2.4444487024529273,2.189112238336474,0.8830741490565819,-0.224760156377668,-2.75333116458469,-1.99520343022688,2.077332042602176,-1.0132221082731654,0.4160063745771909,-2.7774822966868378,3.2925694180108813
8639,2.8442290336897678,-2.6461925773833954,-4.9015783011438145,4.279035089493501,0.1194548933414854,0.3050518620024878,3.413971314005181,2.6543505447289384,-0.16061583201248109,-3.3189942279360842,1.1973258435624663,-3.786037642347562,-0.7046928529497407,0.5379993420999298,3.50072144927055,-2.23078172544124,-1.6264451135278826,0.5231989005479605,0.08678905283571225,-3.1336762116288046,-1.442758857221218,1.1648114096533435,-1.6335210572823797,4.958355663640493,3.6690308604187543,0.7837419679803759,-3.4293970120756008,1.0369212070529574,0.20247038357519465,-2.2627674069483295
8640,0.9361873476805194,-2.376583591277715,3.6906459661965236,0.048173905765249714,-0.3877426026371793,-1.910681025727344,-1.9463994573644534,-2.8575761648249376,-0.03768495453896836,3.1936364249827953,0.14264552738645264,1.505378624359583,1.445883020782503,-1.2588406059012947,1.3239218146477896,2.120407092624884,-1.4814393805094301,-2.1499319416449083,-5.323089087560717,-1.9288235759923644,1.0769727608503388,0.5789293580451504,-0.6702757838093145,6.266286328464098,1.1211348443035867,-1.7656002774217718,-1.7351522149476644,0.5528136454403825,0.7629454108810485,1.0638585917477918
8641,1.445853104661218,-4.77649462749163,1.6128531713479006,4.004175390970911,-0.5176699150104835,-1.768717124477833,-4.802639938698583,-4.615758019546565,0.39491434257598534,3.4149268648140456,0.8738700375369914,4.734686713318581,-0.5733351339741155,-4.065608168787655,3.930034007140492,3.583238127675827,-0.5418990513869595,-2.3324297806680985,1.3357102213900376,0.8193705763966577,2.772295651006285,-0.6103452732855459,-0.28385725595593314,-4.033173919554347,-3.4270598708734994,-1.3911802500080412,-0.6056613961412509,-0.7360254969058522,2.435511198289099,3.7244158156429314
8642,-3.1415765765530264,2.718253045499903,5.838295434943991,-4.377376094563235,-0.3181080605099811,-0.7194877488175422,-4.366091214683017,1.393792742741713,0.8041539103234667,2.732548971280689,-0.04386318978147408,-0.5205412198808936,-3.1983794469824485,-0.6078975409478353,1.5115301731880955,1.9676593619236407,0.41440145004485274,-0.08731399722677935,3.2149785952645757,0.9879247473834223,2.406166472313604,-0.3950006857118016,-3.0828063152285985,-3.1312628140240584,4.707989569644109,-4.301338313545626,-1.0376879715948704,-0.240558429033511,-1.5541082537700373,2.425703398303309
8643,-3.0139207337957536,2.963989411617966,-2.0702753089366652,2.5270654667982946,-0.13234468447989323,-0.2745141512038316,-4.892175917968075,5.646817714370087,0.9409720783269222,2.616165974874882,-0.2568324949766376,-4.05494735462667,0.565011323157691,-2.7141002081882633,-2.710388004719535,2.6940798531464765,-1.4611925902104748,3.6265896268136153,0.21474306415895938,-1.1644685958256407,0.75714469870735,0.01339392278278062,1.1416240183170547,-0.9624371081433694,0.5152438919907745,2.577522070960633,-5.074668751852208,0.03718053409970512,3.6177992420627874,-1.6730769872583338
8644,1.573286040417912,-3.1169014913421726,1.4377197432074524,1.29806020599057,-0.6723763034222165,-0.5197881948514453,1.5073533902207927,5.506208691309144,1.0192046980536213,-2.3663736987974957,0.40676133835960204,-6.073154419145155,-1.5504342702854714,-1.4109941300432869,2.483109855767239,2.3197698899035935,-0.23913552113046777,-1.6023158242121127,0.027416623103110993,1.0362738778129863,-2.9517528640974486,-0.9910768526122693,-1.5251584211562434,4.404297636947,-2.32876696056163,4.91947353606907,-2.607589515409355,1.1970187455306052,-1.9941863636473602,0.8140505580220125
8645,-2.4269009227873557,5.021443407695855,-3.316627519667346,1.4632199027714705,0.37661024972897206,-1.117745117741487,0.7521927043116143,2.4629563769468206,0.03465471890764338,-1.8291803198418535,0.5062184584390597,-1.926841938762756,-0.27469085456625564,1.0645800428056233,-0.7517583215637664,3.5487241392498703,-2.184218622344451,-1.4026363835814895,-2.8738816249957324,0.4065023083891255,-2.139522674954767,0.8506464555455509,1.1078262970109325,2.64842923900202,-3.479701444691429,-2.1056840850921184,4.549598231492276,-0.871898864276786,-0.8316205790946078,2.739306741666006
8646,-3.624883697202419,2.635398578278547,1.9012716370092768,-0.251483068274716,0.052123192725074485,-0.7124266425356538,-4.125918526160547,2.1895495899325503,1.0589997230594062,-2.713483735255757,-0.5358483020852862,4.126701250510163,-0.6959479780213869,2.887292690182875,2.48006755803733,-2.170418879932683,-1.8396822557341554,-0.6613111345324256,1.803748268429235,-1.0105593152956605,3.8176399574056106,0.006776584395586482,-3.1504416489114977,-1.4671638460261285,-3.4819148822049506,0.7257263309947071,1.995588700368021,-0.5258185048994761,-0.7350818861647017,2.021500241909724
8647,-2.1133559888559255,2.0607087747734596,-2.379887778868696,1.6633106043968517,-0.6120576240569244,1.3812820126113525,-3.744450128866273,4.248055458131855,0.3670361504225994,3.3266656038605724,1.003480347902605,-5.200787431450845,3.6591627519734615,-0.19668664706736294,1.2850158005585968,-3.3666784433840444,-2.1887715680366018,0.8079581059555014,2.9945830514249714,2.484609982091154,-0.08959461779778799,0.23529578947399354,-0.40895284288989764,-5.2159413623052835,-2.895534130121657,1.8501231614123874,0.4160483669695516,0.6061016062057893,-0.625849605986728,0.6491106015239758
8648,3.1349932097889663,3.16793424584554,-6.023178676189584,-2.989733835807101,0.4773992169375685,2.232585839424722,3.864380825594832,-0.6771601100307016,-0.3271361600131364,0.9895904478906701,-0.23414545851073676,-3.615529544930432,-2.922894913528369,-2.2799321869409788,2.63693415849637,0.5608776586177449,-1.6725354650041488,3.677550748358904,-3.8591454801676655,2.8673598323389413,2.83126430157499,-0.8811538089857462,-1.0413626805758227,0.08303783581245483,-3.761024846798186,3.1916626043301335,2.6394144079030966,-0.10342802619455504,-1.9097471436615994,-0.0568769955755446
8649,2.950678586427262,-4.197071739826914,-4.4922156761081276,5.500561277951263,0.630184682984186,-0.3921371314275266,4.171770129570675,-2.4945762223285755,1.088240903392431,3.5827561639019763,-0.5074893660589712,-5.840701608477062,-0.4971500041652064,3.694736219031096,-0.17243997814991374,-1.8183798214468272,-1.4680136144077736,0.2612471991381664,-3.2346755538354515,-2.497984262669396,0.4828594739345533,-0.1916637000638799,1.9717764368720196,3.469687605759301,1.491096288814152,4.060446372418362,-3.81207812478317,-0.8053219688711453,1.0328602294486906,-1.9670027970235626
8650,1.583428141073199,1.9439389142596788,-3.5248111808134297,-1.7694000775110084,0.7579368959033923,1.008907307088311,2.284364793940334,4.226086114175452,-0.5100528480643769,-1.0700466060560618,1.1860252568912601,-6.1163767108861435,-3.362537584136934,-0.7704043657981714,2.4190250347984836,-2.103057799853941,0.3334396633413519,3.4835350516487544,-0.34708864799978656,0.8553878073382162,0.41494440497419305,-0.19996715912006913,-0.15660377022493144,-0.5666726349704412,4.214729131120219,-1.7038308115513665,-0.9313871227312482,0.4324984581496336,1.5292886594316215,-3.541298314415549
8651,1.4335752463358666,-3.9174967857850618,-2.838362096913297,4.520807807914277,-0.3751190321984388,1.1765948606468282,1.1075043547371841,2.515843017456703,1.1025447340183616,-3.7440593904874415,1.0042969572426852,-1.9861296729670386,-2.6039483459115527,2.562167711040221,1.3459407305796809,2.6425819734868305,-3.2629362608154366,-0.6838058083801783,-3.518103388720501,2.4791725478487123,0.9046125758001793,-0.1676770083263035,1.9018262470008516,-1.599830973605762,-4.30051781318376,-1.5577229587071102,5.809690175955154,1.1060619846122757,1.7350981030878714,-2.7926094917611213
8652,1.5398859138606973,3.100343362837929,1.479600295324694,-5.853966432892356,-0.2059546823721321,-0.05990845675866652,-1.2583090131775947,-5.8444239333929495,-0.08566416624141748,0.15606644551719917,1.1213754970689829,5.910955170226231,-0.9223311713066913,-1.0069969789581599,0.3145984866275988,2.582088116150228,-3.5556712917620317,2.5883128392486263,1.3322705051936836,-1.0447526304999215,-3.2371714175801394,-0.8884102333929071,-0.026464622738492594,3.8645283990149863,3.1467021373623147,-4.46711469439466,1.1783992129634626,-0.548833192724036,-0.9973161008342597,1.6881626376304943
8653,3.052830999872544,-0.29226856319205297,-1.514055290571168,-0.4865184068345165,-0.6310317694002474,-0.128956969874384,6.103840070632533,-5.646665030163081,0.31262010333890267,2.656047290912838,-1.1480465505688437,-2.277795884151903,1.192561892412911,-2.2534791987247385,3.8333690968946676,-2.0420085325181834,-2.6050630570896587,1.8746197990245363,-5.741194231287341,-3.487729165579763,3.8648548454106155,0.13406339335283413,2.261340836050149,2.968664322050742,-4.036091886617374,-2.275405521882714,6.017648481796279,0.09824363145160575,3.1643240354749587,-2.968718740219412
8654,0.5500963421618916,-1.964898052609879,1.2829946049196508,0.11164546008970433,0.9900375766423717,-0.9698759312035641,2.506277833414387,-3.0794093083581977,-0.5840975301449776,1.6121203263280321,0.755287204497626,-1.2101785257363886,-4.083832004453017,3.431342948381264,1.1043425954443933,0.4009625510118191,-1.5845426308795716,0.7317265404946482,-4.005432715615061,-0.45744290403465726,3.8391182688975576,1.2449768235009788,-0.5693342137351252,-0.05188525901645846,0.2672509652888735,-1.1230503099806484,3.3015111124275762,-1.234426946858858,-2.022889839199774,0.8116050183261834
8655,-1.8321143570499387,-1.5333651833604698,1.6866613239646533,0.1684464069135423,0.9773743157293331,0.5329974938030855,-0.3832225901865378,-5.0289317171575725,0.9297137317531652,1.9337080057781542,1.1083265813285879,1.4404059884846845,-4.199143182084235,2.7155638252972523,2.161275337283307,3.9877998767459957,-3.8765229616472077,-0.7889728955955668,2.4180737857623917,-1.5620030945757382,-0.7662939637305115,-0.4999103066209045,-2.7853393854714206,3.1954729646333924,-4.51821985139642,1.729459393729318,-0.5277599848001309,-0.4290893686977846,0.2637305624850814,3.481879248683285
8656,1.2886308829559212,3.810560387012039,-5.467972554348826,-1.4443556817579832,0.0607602746899647,1.7523766914491095,0.9596436126609191,-5.200612344308141,0.7530013936503606,3.31089359708114,0.34550002295951465,-0.16842628204331334,0.21463809689462465,-3.8049244710722796,2.263556888963109,3.7102305711896975,-3.3788191364740605,0.9953180504984545,0.21978924925430832,-2.50668605647145,-0.3459025148695929,-0.2633611747084892,-1.0506871754313512,3.946847672223786,-1.7473806984886622,0.7295429392662172,2.1791409786726277,1.0854449310560597,-2.242330540643353,-0.004417609859535432
8657,-3.306137144226252,0.43596049608518683,6.170152143490224,-2.424452739271132,-0.7724115938453684,-0.10311116223243388,1.784299905313265,-4.820874032863667,1.142902826507754,-2.661423499323682,-0.6821487005449667,5.237243500911784,1.662006528679207,-0.42912042594953803,-2.848870327825555,1.489332885725446,-2.212795359441966,2.339446698811969,-1.6641644905472006,0.8773687677793003,2.2719115494446385,-0.8815922083066621,-2.589261016055433,1.9857373976825627,-2.5042131389746523,0.5617747687488333,-0.09391906103536485,-1.016813605092338,2.9051708144253467,0.14800022193153772
8658,1.9096963121050408,-2.215417445590937,-0.03316621614998283,-0.6014130721813054,-0.9569511922123359,1.8972516140297522,0.3808592518535896,-3.1854391361371412,1.2410738739187792,1.6174216577651812,-0.4845326088396673,0.4306169614397035,-2.2629167678448745,2.1195103526340837,-0.28866660221951435,-1.8366577329403526,3.125247928155904,-0.8565171777856833,-0.5374459948478467,-0.9968745073488172,-1.8984514408596187,-0.42632922001511897,-1.5414573513469207,5.400558514415515,0.6509430020793197,-4.441123780387132,3.9213310990608683,-0.5357008951158297,3.232271804571404,-2.8277212302052988
8659,-1.4233221610221758,-0.6720827528658617,-2.7309774265687423,4.531262354967144,0.999180960416064,-0.7040609749261915,-4.469130516964174,2.449370314600369,0.8526688425343529,-0.4021048227475408,-0.2869492909785496,1.8561454735559764,-3.1736147732913125,2.7880557271329174,0.22479292248214833,2.179658473760245,-0.7552572358557974,-1.2636351142286557,0.7774468424736156,-2.3456390494337374,2.7088176214553243,-0.22479878192356217,-0.6701484601074803,-0.24567817246696677,0.6411281610035857,-2.7520551753291116,3.4175452754167104,-0.17640107153312368,-3.5886912378688756,2.458474048314148
8660,-0.32238993927893844,2.5265665070813554,-4.391373161984884,4.0242731498283675,0.09725643976643061,-1.934332995412067,-1.5973986453831621,2.412271217116693,-0.1382464734271167,-2.888056522785238,0.7827917668073461,1.4286386576719288,-3.4097681505596746,-3.087412722879586,0.6022583926971734,3.888724919364826,4.177173426481993,-2.170975865105202,1.7007557600251637,-1.0879428696079394,-0.46638826154307367,-1.0974250247630484,1.4632997861965453,-0.5122993903104707,3.101141790975184,-3.56508936316429,-5.045859663757788,0.8943614302680061,2.396788143184594,2.2186576624976624
8661,2.0530314563233283,1.9104240483569193,-2.2403794798414935,-0.487231516498305,0.6275431569042746,-1.8633876652444634,2.506978370483921,-5.88579016850105,0.2457539509882274,3.5269273938200527,0.5062956567282768,-0.9001652035189878,0.43723506322172767,-1.5291417432409613,1.7067895937259863,2.2188492784203326,-3.1695231460222324,0.33579095389465863,-2.6451507113770845,0.2727882614372916,3.389307027147602,-0.39946966450187915,-0.576245941928633,-0.04122897078012144,-2.8487486338883095,4.350313540178746,5.305532481222407,-1.009777143717233,-3.636140626266302,-2.161179617525942
8662,0.8384694011861384,1.344038961041523,1.696292160014636,-4.571059283312561,-0.5434097271796317,1.235668488250182,-1.5891727260667814,-4.192609490181777,0.01531534733936013,2.3628701059761568,-1.1060800606097194,4.509676823543206,0.09893966228442608,-3.032741049852591,-3.1253523052693115,-0.6008639326143701,4.204871964736011,2.4551456607153384,5.198282116294838,2.315373404362475,-2.7139727812550394,-0.6112461453149978,2.4452796082418082,-6.63371620233189,1.9868612636188416,1.4643249439532902,-0.8047566736278746,0.7334295976010905,0.0022911847476283498,-3.3821503162896
8663,0.5260763533060953,0.9375029263341403,-1.7746579424417597,2.3960425363694497,-0.6087723397601417,-1.4761915338074658,3.258411635028473,-1.9273636658722566,-1.1488909797193707,2.308194145454891,0.9036202990038325,-3.3939714338951035,-3.526823127316101,0.010699957860602183,0.04179691959176424,3.729272151179284,3.0301551209933386,-3.285101022309421,-5.085125018429586,2.224050253542842,-1.3196233667578419,0.9291201877136794,2.1663002330146206,1.0852777109134877,3.3960405214959763,-0.7288073953637593,1.1426362914256423,-0.6127167003425011,-1.788287986746532,-1.4088647304654387
8664,0.024779555300627365,-5.489846313658731,3.511560914271893,3.6616666427285836,-0.8959934105295655,-0.8121673881125258,2.4400812900087736,2.747211621747013,0.6272702127359508,-1.118651555689972,0.386883155405946,-5.082794724207229,-4.07258291231973,-0.4551611952064647,3.3112887537435434,3.843844699949603,0.3738678020521675,-3.001257148219654,4.801157992086242,-3.0803271380489363,2.906058807072995,-0.9344856681929707,-1.2465846705158565,-2.4458193224042972,2.4684139133513625,-4.274297414733496,-2.426710476608715,0.11209143624717655,2.075035202187486,2.0454673395595933
8665,-1.2669224452470385,-4.487113796977869,2.3501823351557647,4.904777570343338,0.10183603360425719,-1.6027596968781719,-1.5706622468448188,-0.7798737311675445,0.14479095074558135,0.45640476471214875,-0.8019216345756082,2.551261897130704,-0.9965468400654167,3.6477966917963442,-3.2446905866973985,-2.6041979289245543,1.3125214876402111,1.8851171762502794,4.279445324551055,3.1609393552409877,-3.1224504232427908,-0.6955531223358147,0.9297616736447747,-4.552142807861017,-0.07657551801005269,-1.5819065783221653,-2.470369477969424,0.39716991344813835,1.74281004455122,1.9888716163056799
8666,0.1559802027224393,-2.876624658069442,6.117362955685028,-3.41483633979054,-0.25213202277747016,0.27024986223027625,1.4713767063928778,-6.003832156604346,1.1895565599833962,3.196498905513497,0.47660300768087716,-0.3302030229657902,-2.1058377045606314,-2.242583524407154,1.510091423382395,-0.8886522715031688,1.3410699528318872,2.38591212425613,-3.780500506660534,1.9676911429106472,0.7237532037824437,-0.1252866190429005,2.8967576451170576,-1.682414866109525,4.928146529284582,-4.3456031583267,1.1940835424033942,-1.1937005819266764,-0.018962485914197913,-0.563963845516982
8667,-2.4903739735919164,1.4794484892288295,3.0039676797610895,-2.096515618344519,-0.2761697266586416,0.3796431496054353,-4.599328074655549,5.908531918085046,1.1784027289177335,-0.47669134365029464,-1.0492773980027867,-0.9616378306936326,-3.1671574259258755,0.3542632814994491,-2.3265247540725227,3.868358281129744,0.33860381628877434,0.9324568010798782,0.27399496633629283,2.578297480834287,-1.8317738211768493,0.13933312452041147,-2.9899965256002456,1.8301447750832942,-3.53274667843878,-3.488639565419799,3.9594473002307353,-0.4672373507361147,1.2499260086998056,2.279250285667569
8668,1.0775697923470027,-1.4290069038284692,-1.3966343436041093,-1.1154440915076833,0.641201169873888,2.22231437671965,-4.125147137619166,1.4952573659235497,-0.9499734967601832,-0.6159964060171355,-0.7244840683061522,4.920343742779618,0.4775284075411541,-0.17862414734116427,-0.7965242419248284,-2.4137970767307504,3.3951154609419234,-0.48369840248691354,0.2273707656317363,1.4954722955622355,1.4436277124541839,-0.9179171979129199,2.2446551096817036,-4.493208685419731,-0.823004989869375,4.9154590554827635,-0.9505866073956888,1.1675304788918481,-2.8391453782013425,-1.4702525589047912
8669,-2.2838813518676915,-1.4520246527819474,-1.7594620525800515,2.5633085808220635,0.7734422909271146,2.1586171854808036,0.049432876831168926,5.252982312257803,-0.44295336179088096,0.07564719259633179,0.2982529395619826,-5.23336195945587,-3.0444740927162837,-3.9988616806816637,-0.8960331285907586,1.7035999227705503,3.3536712600336926,2.8820977191838857,5.390520562256572,0.326332017662045,-3.0701329278630425,1.027663404551114,2.8874548560562836,-6.561837912665769,-0.09264018462036105,4.127723393961588,1.2010022999476497,-0.19512859975732333,-2.935941463983731,-2.1050154455444474
8670,0.5100371846658582,-5.653490117844385,3.472966986407503,0.7117672189663615,0.7458741107644196,0.2128446170405347,6.079375486034756,-5.705749008203352,-0.3469506296016034,-2.721117400509886,-1.1927419216296906,3.8871834739103015,1.547856885830118,-3.636204550425779,1.5619877970321419,-4.184059623836159,4.073656729638664,0.6367627617603748,-4.378669883841901,2.639017254452824,2.7435204215057745,-0.13860855114884973,-2.9348227114625463,2.069563470491893,-2.267094722295674,2.2571056531639435,0.4508636852209946,-0.4534073456193388,1.2033101812073497,-1.19077745167389
8671,3.351013989565626,-5.001661540191378,4.459007922533772,-0.6405800634077004,-0.9381443290786029,-1.2296359794214045,-5.424126633514881,4.761704330029389,0.9632055151216283,-0.6872389544123028,1.1110655382153913,-0.7246097954387061,-4.021923505637542,-3.8642498898039648,3.245567900532013,3.7945071237974446,0.7555746717887928,0.09052369932262927,0.3029578454040731,0.9537252211819922,-3.4412776459754575,0.9410259746548295,1.869240674836906,-0.6256720701051179,-3.020850433689489,-3.472713625060571,1.1937058037301291,1.24018009689307,3.455013319986506,0.6046648381437372
8672,2.01228424563611,4.22578602796419,-0.9914853624736004,-4.100189370070471,-0.7401998697689363,-0.4061956712870227,6.047978768596753,3.9682329143499864,-1.2352664447716357,-2.6661471777672254,-0.6888030101312275,-5.4259950502761605,0.69063526962616,0.32982664547706264,-4.097949236685233,1.4019698626093735,2.130746032973704,-0.45522857400172256,-0.6609928830777854,-3.1189655045029347,-1.653897455410135,0.4479954141263258,1.5300330257436503,3.455827403118054,0.164175697124346,-1.405724884719472,5.77858358952259,0.03394122420552215,-1.6178952893879153,-2.953080336741687
8673,-1.5111537219219962,0.29508551735020205,3.2790310912170035,-0.5303416437791348,-0.13102600247915985,-1.401595240386678,5.297190206921133,-3.783930305187969,0.9094634402254842,-3.123852417557135,-0.9283145598606666,1.62944363545963,-0.8220902792068934,-3.222300501022424,2.5922814133806433,2.3137399184535354,-1.9904227461325963,1.1287921945270796,-5.5434338947101764,0.38087153394805995,1.2832864388550256,1.1116630217748105,1.8257863063410316,0.9418265937884165,3.5514992880860063,-2.853505308958553,-5.312964608641554,0.4426493259719484,2.0594446854545865,2.112876618090933
8674,-1.087929615723798,-0.26585662337492266,5.000252255011233,-4.004420448527021,0.7271866150010249,-0.3692321823862752,2.4140824156621434,-2.836947867875427,0.734564626776308,0.7778460780090786,-0.07612936571269024,-1.013415886858951,-2.479654840053268,1.9848695120029305,1.7589169962396767,2.696607366797135,-1.8544621066319884,-2.106276928355136,2.5253988780579384,-0.8847441891311085,-1.1280307722045944,1.1001266063743476,2.329564391986537,-3.9423149150859267,-2.2747309534414377,3.4962992575042477,-3.0224569436250484,0.22527488400477935,-0.41745765930216194,1.9930714148630244
8675,2.149291609317846,0.11637522803379952,-2.360057423011284,-1.189428574514995,0.07697356118598186,1.2068455989889095,-0.4392492630729308,2.169457541751214,0.21261415931410355,-3.391057839173227,-0.6195609722893654,2.0677963734706566,0.5236125695362119,0.1746375263853821,-2.8368038501787964,-2.9147612087212256,4.026380818962281,1.0269341440154882,1.0589786328660438,-1.9861350650544498,0.21140285808701265,0.04048798324846814,0.24510572924303098,0.43015986160709474,3.925900214500359,-1.610216328640945,0.07000223588831744,-0.24981295062701392,-0.15115016021075078,-1.9847230109065652
8676,1.263175257155865,2.4788429365463642,-6.0010712841946585,4.181540314382225,0.5433211325451981,-2.465808356434734,-3.7957930530833437,-0.08335276711401818,0.047467738646116864,-0.07085604670366408,-0.38066466000187216,4.283198788257259,3.149404534667635,-4.205774844613755,-3.1103850271594524,0.1964095967047612,1.734861528267011,2.2354842121331266,1.1570993907183045,-2.469696368201136,-1.7094829132391123,0.7900197865121754,2.7284184218044985,-0.4963583175975259,3.2302720719752003,-2.3466877239465767,-0.8111007412017806,-0.11891668200569772,-2.329318270115291,2.3757513452975587
8677,2.236059905863229,-2.3198008108990784,-0.4157884887778103,0.2570306429294327,-0.44600431461335033,0.6885030654978177,-1.9430439917078175,1.4260541031090561,1.2309183680154305,2.225500508588304,-0.706996524787507,-2.232432463216977,0.2728499066784629,-3.8876872084723324,-3.4036066565552865,4.090359300871832,3.553993377991418,-0.6259087205147651,2.795637696204775,2.648933261021714,-1.5279447488246998,-0.935203204213118,2.6502779081432326,-5.6317009123347255,-3.8989889488222325,1.8212967828011877,0.20301709938065926,0.9088508564809183,3.239655978944178,-2.2738317687812994
8678,0.3180420648453488,-0.4534235685742374,1.0526239683656158,-1.4789467099040827,0.6669949128706403,-0.10529066760304318,6.191991749680181,-2.219238551844388,0.652210738055734,0.9332007221778937,-0.3526691895943701,-5.20549546847457,3.795684433340327,-4.054012680450816,1.7864592122423737,-3.207134747830768,-1.1268955697747725,2.805899352472977,0.01632703104662525,2.7303055237741383,-2.98340560982545,0.8532010690771932,-2.796685971456526,2.180257957381194,0.8648966959476603,-4.949015763098467,-0.25023855062228506,-0.28653503871190633,3.5981828081928597,1.0227098482955483
8679,3.4714307538461107,2.978101042355185,-4.699691005146985,1.0573130695891493,-0.8289524834869801,-1.9782013771562355,-0.2547208747606433,2.808302553188234,0.40200640668644816,1.9594987917014315,-0.42307289595754227,-4.492013980857472,0.4482178622244426,-0.42065584293731106,-1.0715542256531485,0.5185575729528935,3.7778235059033882,-3.252388872490952,3.7177095074398103,0.2723456260918784,-0.3697693875492618,-0.8857615123439064,1.1216928874959713,-3.856217121137334,2.4561756367759315,-2.684850153280273,6.2146213102347225,-0.41936239996880165,-2.1934391270901337,-3.3731452666680486
8680,-0.25068913807596793,5.216206319618031,1.042176080913677,-5.533012404063562,0.5738339479374504,-1.0485148063293792,-1.5551967547040562,-0.7727878923529126,0.4790786871720405,-0.004739014461781821,1.1312148329354104,0.7224301414117527,3.4066147168873435,3.1342189044718083,-2.597463846010804,0.902925127970434,-2.1483577276538632,-2.6979371756656025,-1.7891939696376902,-1.7809904858356091,3.579423671949524,0.7975354697468058,-0.3461127572928149,-0.46066192893308155,-1.9898185097809922,1.9869391517071548,-0.17338207255694016,-0.021144697914381894,1.1145563457065748,-0.9171502171580119
8681,0.9782303265039758,-5.519808209591439,2.9807236305164793,2.2562955126505173,-0.5914795376650162,-0.10396172241427948,0.747177230615609,-2.5455307015580217,0.7151965169395176,-2.3818295468064683,0.9635472081575163,2.5014392926522966,2.8895602450935627,1.5412571124400323,-0.029491972073426354,-1.9011246711166567,-2.117333078421165,-0.38286763592300765,6.111839598127425,2.1547643808622503,-1.6242462416101926,-1.0491528746647858,0.9939035911249867,-6.587108453842571,-4.2968705454354,4.084386262571453,-2.269686638972111,1.2016114406673726,-0.2878207367612262,1.5683802179333028
8682,-0.31209213935622593,-1.0980498337027846,-0.9678625258439197,4.061403251666736,0.31096256498431885,-1.9943613177478738,-2.5311442697097455,1.274938146942958,1.021600759638372,0.7989354783611144,-0.5976773416245758,0.03334722639229426,3.3288385116798587,0.20572499369085406,0.024877789461822175,-2.6293769456849105,-1.829204716819902,0.8991403676716274,-4.404351952883477,0.05111730276109938,2.5575366495682132,-0.377626581565627,-1.8334118537112438,4.006736435828124,-1.8296601964799741,-1.056666143582472,2.263981093988601,-1.1506835193938634,-0.8635398029420323,2.6365685684131037
8683,1.072463491163063,2.2199539802457835,1.1994608514103575,-2.11495734197646,-0.7141400021808919,-1.6627809786616154,-0.05262121412331666,-3.188213811056169,-0.32886991833339074,1.955900835185492,0.3354954954594511,1.2783086128683436,2.386911053617581,-3.1603249145151544,1.8040107887515688,0.3797001383799632,1.0526661765200558,-2.46296324275462,-1.507419269661039,-1.9897006083122282,-1.2174787983880861,-0.009052053622787604,1.6924396920359506,3.0312110379452832,-2.6580144393853686,0.9326486567705281,-0.8417059768245458,-0.3974033735244564,2.2714457128054484,0.6930294201617571
8684,1.3197032184089217,2.816956015850245,-5.536251426682767,4.718839534679351,-0.8691986603866524,-2.450048681868849,3.800409009634805,0.19559320118388968,-0.21230101853950156,-0.8858722174327092,0.49865096243440465,-3.3964799372804606,2.495109669075074,4.1948484422649095,1.2724059835305503,-4.1855407990911,-4.0259514724899415,0.2491281767098883,-5.314796477731544,-2.448060059433468,0.25018411498276194,0.20357993632295113,2.206685985279341,5.102406500577054,-0.263876056399301,0.09705237888898921,3.917447880528048,-1.0046655019636686,0.9437745539444773,-3.689733254995172
8685,-1.9380099725359337,-0.8650682190003103,5.4956125437617835,-2.049616196174707,0.20256550048493205,-0.8454836565355173,4.13056692258241,-6.027426345783965,-0.9757933813502362,-0.317868883244504,0.42541463844092586,2.7651070493558443,1.1894746029209529,0.06675105912032464,-4.14317599372195,0.5750190848801822,0.5445385192640124,1.7673927275358778,0.7084617527001456,-0.6973275937548902,-2.2461149442289283,0.9566502899407947,3.2336190429847846,-1.9552885476448054,0.8643331443180529,-3.1290251363301245,3.4126309387679328,-0.4116720011429944,0.5380557828899271,-1.274322728499424
8686,-0.6645410207177189,-0.2974221660800751,5.69700613920309,-5.211314548360953,-0.9760424017589511,1.452313997714894,2.325472170151137,-1.2924578987292072,1.2321480457641254,1.7562694604780198,-0.06815805047281831,-3.9532737271907656,-3.2579308245307654,-0.05320781137040953,2.974941838347341,0.47621717111322326,-1.573101193423268,1.4330808198632923,-1.7047116834591556,1.81454060801952,0.8437858773834108,-0.010261413604501612,1.0624279316211247,-2.005781319963294,-1.35103925700772,0.5901115438406457,1.3527692914526064,9.132886107998672e-05,-1.280792766877779,0.6888598597345545
8687,-3.5182886521106234,4.713311134913084,-0.7637701991848296,-0.3237592546917334,-0.9505068236602592,0.8430137947346434,2.886088098724784,3.410392594673308,-1.0861249607420351,-1.3133448387975744,0.958873530975179,-4.855884424833157,-1.340876160808179,-2.252261176576088,3.839870432584707,-2.780339589622468,0.9450023419664326,1.588604152455023,-1.1528629135405133,3.284380787110532,-2.5648224975453235,0.6748829454306673,1.4723221903511483,-1.7139005118093955,1.5931252820760058,0.06813776937686455,0.9995428523740664,-1.049940438317479,0.09415646645033071,-1.705021931956333
8688,-2.0018592630304113,3.459358132447658,-0.1684758084561544,1.2931220363440943,-0.5954252669807452,-1.9867198303241373,0.9961560723700345,-1.204252452273554,0.657087894501581,-0.24841740570319004,1.2229639325300203,-1.4235380414244396,2.1569989021613942,0.8592580719674778,-1.3852788538282308,-1.472896490039652,0.14612936908158858,-0.30421099934314455,4.722501540257468,1.126076295426957,-0.13209826919570133,-0.9493098576655701,1.7103045225329563,-6.477474231358968,0.9012683078597448,4.590825817655585,-0.3235958901492175,0.3525875846944926,-2.3959629362673542,-3.12512288378978
8689,-1.6470944972245345,0.9464980729048875,1.5994300934130123,1.2504640652724248,0.08645645416876713,-2.235754188534253,-0.7609701420220496,4.440648839952974,-0.6083889174442119,-1.578859258428034,-0.33107880990442595,-1.161351712153806,-3.6423211157437194,3.6240098234422575,-0.1416320996096907,0.5250447616393821,-2.906686371967025,2.5415850022381967,-5.783025337919945,-1.2144934999733472,-1.2282414194552178,0.37617760913628917,2.9950601006749604,4.854522547534437,1.5639743899540584,0.8515447357087105,-3.415073720322056,-0.771145937571621,-1.1007390971490274,2.8714396293833744
8690,1.6130858236859602,-1.9540475218584348,4.651659922756224,-2.8220244091101847,-0.5383082536838895,-0.9503655617893791,-1.4217607072798941,-4.181453517244208,0.4138620382838054,1.7577410954860078,0.15711542818375346,3.2744956625709882,1.578747045414218,1.4269802511104075,0.9469262303752579,-2.291391747363239,-3.6941303253441475,2.032868545806906,-1.1729957307849546,-2.673224292424731,-3.0721831172673415,-0.49423906220697145,2.073359639001687,5.339282563679433,3.8179574613734246,-4.207948998459479,1.310727106542572,0.6827786778793818,-3.1918439178152322,1.5883296704827572
8691,1.6230593681193426,1.1148059046699572,-3.0399631156794165,1.4934304184775264,0.9061774854230116,-2.0975100610101327,-1.262385849201575,-5.1510153024769,0.6002054725210684,1.6902288422006428,0.10761690145039626,4.015349935506833,-2.252372065137372,3.0133369868125435,3.0681395685938853,-3.7261437298037468,0.00042743576604209466,-0.10338819623193984,-3.667989650144186,3.0359215690707373,3.063541153311526,0.6874134979153546,-3.0525708839977455,-0.06631568615853567,-2.3652271937841967,0.9123873454110836,1.0622917778506071,-0.6902862499570652,-0.5139339817661028,1.5947683022491077
8692,0.09407784938530916,4.934494977212907,-1.8149146927669904,-1.3893271098695905,-0.1944565279304471,-1.6298744960309381,6.075266837452343,-4.255047751824485,0.9086651503805969,-1.539831557961218,1.0299886203352626,-2.219041298382024,-0.9689305291937913,-3.1768179453773957,3.4274562343365496,-0.6512351707601525,3.26211363355387,-1.8925862225596966,-4.847611512649575,-1.568958968009806,-2.042024340381781,0.1828345355133072,2.0836029940618523,6.192157291463175,-0.3620195760104714,0.3139366418345091,3.449415496790074,0.7044898108321647,-0.921788833814519,-3.1840335396283024
8693,-3.723088464788754,0.7324196055895058,6.147690973659195,-3.2574403915620778,0.764875903543285,-0.6644576264408979,2.7088305572404785,-3.371047283276198,-0.22444695196022568,-2.868571276811318,-0.3516328608088539,4.10686781561656,3.667211986655765,1.204394267003817,-0.41699460992590787,-0.21689561911390243,-1.3731484215619751,-2.8645676030583935,-2.727420771827486,0.997395955839675,-3.240695791001592,-0.19272673313199373,1.047792388952736,4.115654951165837,-1.6086216809796952,-1.434399252521267,3.9426681368088126,-0.47382071743918974,-2.3765101369280437,1.9506836510628247
8694,-2.350331082333563,-2.081479776505912,0.291870003260005,4.195661640547716,-0.8674280688076696,0.8117072838397199,2.072422686305444,-3.312088676539222,-0.6111568952580084,-0.19188188542613815,-0.480820138263522,2.523524909181898,-0.45621307204916306,1.3968584457789746,2.2728537723098405,-0.9598447121503,-2.9733248406520616,0.7196704067620843,1.3530211384735473,-1.6342801766938457,-0.27255808828039463,0.7231889696429956,-2.3304808802043304,2.1611090370592088,0.3251040730720227,-1.4079441558609744,-1.449303118555175,-1.0197745767975213,2.2622856226942716,1.2896321554508
8695,-2.3947535680482694,3.4818860966224676,-5.154483646855233,1.747297410846869,0.30362002087419926,2.0164336865602763,-5.167284521349185,4.526081620934935,-0.6668428414533043,0.8980552289785493,6.71422490681195e-05,0.40992337064038153,0.7056302818926845,-3.8738596091776696,3.057257116929975,-2.2977553327012554,2.166366207871718,0.24236133518388492,3.217895448313868,-2.7835805391427257,-2.1313674009674806,-0.05688728872734483,-3.1607917240599868,4.914731504580857,1.928235801689155,-0.1504973784257082,-6.179914515875012,0.9487280758640866,1.3497262620917603,2.103721754659169
8696,-2.550665860858551,3.6099111911324933,-2.3303357779861322,-0.2793091255639055,0.8362424098252257,0.7141571634511692,-1.9816833121932298,1.1748497425553523,1.0292059888508227,-2.73724170922015,0.5878270344339933,1.9270422555736744,3.0977839772930373,-0.5180502870384665,-2.1839531495984392,1.249805643685086,1.3181978526397025,-2.9637840369815756,1.411305728030264,0.0019882222783813575,-1.500313041866054,1.2222188672499552,-1.9234834507055094,0.7882836750101276,-3.2940741105550835,1.603589936089005,5.3000357325706915,-0.49174579519812767,-2.244670917533533,-0.873134845369476
8697,0.09640937287836948,0.6629557125998993,-5.46389851358909,5.17578742905372,-0.23602598446591938,-0.23522801647667535,-5.743780768366367,-1.1081295927893713,-1.156078319479556,2.91466441442628,1.0019637833902149,4.091360482819265,2.173718073148109,-2.700971146714055,-0.40686434054427423,2.7862363893336237,-0.07191290478859358,-1.780206070435442,-1.0679037629567212,-2.589630812154656,2.49482561117901,0.6847679301544147,1.5751203752117284,-1.0971793414365898,2.9361859723277703,4.558662134926031,-4.517574797357547,-0.6627843325230618,-0.9386648229384793,-1.3758241544312213
8698,-3.351482247252248,3.3695925767260384,5.274920669340915,-2.8948031684698954,-0.9779970119591814,-1.420230818385333,-6.054151204952017,3.5198051307240874,1.2344138257170254,0.46124015156669707,1.1523573540939491,-0.31366525714925686,-0.10813102154041943,2.0482156533574916,-1.6579969050975656,-3.6767998082096245,0.7514771411864842,2.6432349403030138,-3.612746747110549,1.72137892122975,-0.6804437593243051,-0.4191914189264381,-0.8691526126896783,3.8601556168183997,-2.528476748526895,4.097863031354986,2.051245791732242,-0.5849306778405232,-2.954668190135896,-0.08103320658039515
8699,2.752154634864965,-1.438332925422337,-3.6367147251890373,4.864637609720425,-0.2770536544666524,-2.2646909395070756,-4.4424529055968485,-2.6280225075957198,-1.2004505260500258,3.045659568105762,-0.6313057654683316,5.856572136605603,-0.33604280329180014,-2.5908765872750905,3.5462244734901844,0.31318896153565134,-2.6195639974921416,1.6870699530326014,6.189172872048189,-3.410421756276641,-2.4399143867925996,-0.15154164952965132,-1.997806502351395,1.8105114228992676,1.18986713638364,-0.006555357756468538,-4.426638368116379,0.784767220262081,2.09345988157218,0.36509948765845124
8700,1.183893069069498,0.9681973294474844,-1.1104527848208434,0.7296217262922831,0.3907120720518349,-2.161971412039975,3.8729896922036247,-5.314189975732571,-0.8364131321141217,-2.19121822518456,0.6304982466331017,3.838333394194965,-3.1078711919292843,-2.9032359698978922,3.252598390246309,3.627612230718622,-1.4705147996987424,0.6014113405604018,0.7840624908088856,-0.9882601107477438,0.9916202469981705,-1.0481450142045676,-0.12285279677434069,0.3835751839167614,-3.8345586848708066,3.351987727497189,-3.761892827661974,0.16629467854886748,2.5270638466670974,1.5511052598231458
8701,-1.0558566173269899,5.291768771782856,-4.975293619072293,0.6726196455544553,-0.029990959928192007,0.09675277899043877,1.6321336223868848,-4.3773029802273555,-0.9214517482307976,1.9096956639291562,0.07545350699708564,1.6814719351454706,-0.12975571537554842,2.112271800176412,1.6036395020377157,1.9277024318732394,-1.865365459772784,-3.6484925589395942,1.5583233707523583,-3.2230594718673977,0.8619665505338787,-1.2439634827688995,-1.3923193444481665,3.439052377795381,-0.2117974488212937,-1.3175611872414237,1.7483103276095378,0.08120789911939408,0.21812688698454963,-0.5182864776472265
8702,2.7136674065762527,-0.5461147899000878,-2.560642245203539,1.3985993057300696,0.3168664279724802,-1.3223761051749072,4.183689103761576,2.2031935909515177,1.1019927240672578,-3.1411554709010776,-0.7991940349821984,-3.5485259128966256,-2.3426771203905457,-2.8944544751401793,2.999464794694603,1.5274617775063284,1.5957408668683755,-0.8855358435391558,5.261829502772848,-3.1571811400182472,0.19769917849342988,0.9038656380101422,-0.941191612784051,-2.2650215664769746,3.980749934844976,4.5585754071145566,-5.184356740504043,0.8330623253232226,-1.4834133596375452,-2.7046175671376496
8703,-2.6777240698330544,-0.9329347257295275,3.9422366850121158,-2.3247366639318585,-0.010835755145333525,2.0039945296279065,-6.054160502510374,4.9570309863204365,-0.7972761758808113,-0.33846698315110046,0.18554588726795362,2.0473267879543613,2.169126329902088,3.227020975685953,2.332862244214482,-0.6190423795131288,-3.865643284401603,-3.244323885888363,-0.03721469122869436,-2.4932051593115396,-1.264908751222901,0.7499593226057932,-3.0124493131721373,6.057818592326647,0.45288112882859366,3.131916981590347,-2.473048986051399,-0.5154604682981843,-0.86317419478139,0.266885538715556
8704,1.7306212508964443,-1.040397859603189,-2.789863849035086,3.2459321239592,-0.6040417893081744,-0.5422498769089259,-1.7150304716807057,-5.472801503996045,-0.21903552287144823,3.6207829480342504,-0.43530638850364145,4.22139093901805,0.10470369976482985,-3.5526140221874876,-2.5345659435514314,1.1835582879554565,3.643934977768886,1.154983000249171,6.041790586068242,-3.1245046444983267,2.25016379436682,-0.550056936084145,0.9916198198847166,-5.609012619740138,-2.0035766340628562,-4.186944264179527,6.014370438026052,-1.1042762091700355,-1.4614396225291806,2.741866291919056
8705,-2.8001954655658867,4.741690369963468,4.1289757992729115,-4.502629544242566,-0.43572198160278175,-1.1321191778248991,-0.6071970295908358,-5.427250574014991,0.20048538501810498,2.292307268599682,0.3934236198253629,3.148231330163135,-3.644513633671483,1.974701268046445,2.4985161877468585,1.8667052028013984,-2.7215740479021875,0.026165022978430486,-1.101389670926931,0.8894255686289245,2.986035209743317,0.2734415637660774,2.0026100420590325,-5.050122713273268,-1.9927961148140128,4.170541351156654,-3.296308413078531,-0.001541822830571249,2.269491374058937,-1.149386374488964
8706,-2.3444713223913975,4.72488130044751,-2.375365010891109,-2.4573267971397037,0.9187172599145672,1.5335645700603955,5.111842627639476,2.42894440878959,-0.8918199247667467,-2.653015620030448,-0.4262166329169821,-3.5697348587144617,-1.0688734211332278,-1.2504168438176375,0.11072951831681621,2.2684114666715303,-2.4503002934427176,2.390449573404652,-5.296677837309893,-0.5504634394835062,-0.15142599209452,-1.0842524004157608,1.9709813950193098,5.111838274281531,-4.154456117944731,3.037638165325795,0.11721231960777345,1.0077005315436285,-1.7119752425017616,1.7038803439727879
8707,1.8647095946341423,-3.6631454442359015,1.129275444870757,0.16641134154090764,-0.751585066016389,1.254334129206729,4.738509164782851,-0.9796447717314472,0.17373738132775962,1.5192560852546855,0.20713277316432954,-5.658990632797753,0.5152349745189042,1.1282772694131786,2.643167410816961,-1.776292362762181,-0.5260092955816482,-1.9843779964058257,-3.4242317245875142,2.1266154295968853,1.473811232147952,-0.12235407893090944,1.78945720143194,-1.843298059661148,-2.5854441784481104,-0.014689243997835888,2.4870625603751186,0.5445308804988986,-1.9031265417225747,1.4716665232980013
8708,2.4275495748707705,-0.734691151965535,3.6504788817050233,-3.7215400628252375,-0.6723828436645314,-0.9494143981202328,1.9290394475849375,-5.180335520548127,0.9677514176907813,1.7732316558978667,0.6405490466443879,-0.13023604726942395,0.7587829936848856,-3.9344326342869795,1.9991891049120625,-2.93893448753151,3.4276020369549727,0.6877929862659453,-1.8087947982098598,1.8763214810710576,3.2352055455647495,0.7799324031838335,0.09921550480108898,-4.18188013641366,-1.1521824707282704,-3.3314097439023307,5.137131219889152,-0.5954859582883119,-1.0340927393796608,0.9760396924128969
8709,-0.18854005711885335,3.794439762285702,3.07302469052933,-5.796045968542977,0.9627940594526425,-1.8456724866055794,0.4253522578797764,2.8214874104234084,0.5528604434092825,0.6776968209176086,0.9924429836760602,-5.4698399163057125,-3.2841800792187374,-0.7658382651427544,2.8884363077008075,0.23677819146470114,-0.7227445795004357,1.6475484246958025,0.6780130916688734,2.4138275567840815,-3.378209263178304,-0.4025843622847596,0.505149879253235,0.18380309775402992,-4.255605773024726,4.376587214196778,2.4774875366014157,-0.884612742346766,-0.5811779927888043,-1.132678242634407
8710,1.9981492915708046,-0.9478115249439121,-4.903782575851231,3.535218684108955,-0.4184764766667375,0.7367026017824028,-0.5372970029298791,1.246005207701593,-1.1725896382450869,-0.4362783917268871,1.1305049092580433,-0.2303450840574044,1.7963958647097478,-2.270617765960436,-0.08575189467741495,-3.1633805696512507,3.132087369617519,0.5912669959611971,-0.49766963828398403,-3.061682796787732,0.5513224519639479,0.2591878665024634,-1.4658410481533686,4.214683164755844,-1.7205785839023129,0.15088202582180088,-0.4158882429289257,0.8009199387471746,-0.9723545560785869,2.1570194183443405
8711,-1.6990317045254972,-1.6104408360504756,-0.8516499288163075,5.902414665865187,0.39874065310181406,-2.1400328495744505,-0.08328407521817027,-0.8787563365131312,0.6156685219389635,2.8814189748269925,0.7600974139195023,-3.2951444989537713,3.7903849229925726,0.3633714825481462,-1.19997075176863,-3.7505985592570905,0.830003261185631,-0.03319035570129891,0.260569526249931,2.033499509910289,1.330094828804409,0.7186126036720184,-0.945976336003227,-3.3968001326362476,3.510824015557052,3.3482527528778334,-3.625293249118215,-1.1043418571444787,-2.9240608135182864,0.7946191513495808
8712,0.7852490977065063,-1.732122802552496,4.871420517356938,-3.4956388854751594,-0.7761538883692067,0.3472459613336998,1.6039285260181728,-1.3939487743527366,-0.6955096411805375,3.428555322380138,-0.8008961540873596,-2.142129278777304,4.090985730489091,3.8204806289832227,-1.10438473004867,-3.8612091990115953,-0.0014470546464799838,-2.9444253757662278,-3.759270731136173,-0.13160117604170907,1.0056990284992189,1.2382796275278896,-1.7604319341164931,3.407325185264437,0.740213061595334,4.994749414406783,-4.5129093440837735,-0.603120698684668,-3.021580768249404,2.4026483350192116
8713,0.561260467381647,-2.084932635140209,-3.2737280351372924,5.15235810059103,-0.587694520128133,0.23273662243325077,2.3905676114330134,0.8017225329273288,0.4829544748169008,-1.4339710893559463,-0.9815395555891788,-1.2597339742317466,-2.8017634335917396,2.6228239878787605,0.32645422133802526,3.5063087839079436,-0.16692114665400481,-3.4869024128796315,-0.7433211775499728,-1.5856512127289992,0.6396255452741926,0.4132585681473131,1.065600721429913,0.21048755542469877,4.869888406267716,-4.601458274654263,-1.6631997192674461,1.117137202911466,-3.4201038150209033,3.697736199766929
8714,2.287224812610223,-5.33431345540199,5.076450233231768,-2.4481005078969,-0.5979237884553803,1.016662705912596,3.414505520420498,5.141635110835384,-0.708082985392668,-3.3789259405165026,0.8979210391256442,-5.367052744471966,2.253240536748269,-3.393296150868615,1.3612489259410943,4.124872462663124,-3.0210238249698946,-1.3250419495146115,-5.79916694366791,1.5928136247334734,0.42329598928290935,0.9471320359240005,-0.09022231893001553,2.926147612654688,4.268417925004034,-4.275470206981472,4.0606892063108475,0.27361697634942583,-2.469604155638857,-1.8576497450404652
8715,-3.189562027977848,1.4950332771398003,3.382370570891389,-1.5869890164916143,-0.5027833404039315,0.40193053684253144,1.4340444145034397,-2.426121288074654,-0.3739580415552535,-1.9058038440502454,-0.47854621697849886,3.750384976155601,-1.6779462420029265,3.5846959410426287,-1.2649619947430697,-1.568011189917975,4.106129340719718,-3.1799058550989834,0.5541316828582907,0.5528768298299003,3.086866128141601,-0.5191810573478133,-2.740083167797586,-0.9346104156872492,0.3937722576350957,-0.9263890359268672,6.225141435757632,-1.0367602764709094,-1.7485294817947263,-2.9072348991966965
8716,-0.8175687523173654,-0.5327042992545046,2.4427537885812853,0.614675947919217,-0.6747552589558292,-1.032401425972484,1.333124716745715,-4.6687320686607485,-0.13447680959919595,-2.1404891781374698,0.34764144481971826,5.262931894832388,-0.54021016102514,3.3838129160027677,-0.2887811729499177,-3.910820557904229,1.1050667609827691,0.2509322148931581,-5.142229188169747,3.4835802538430656,-1.5544037884908057,0.22095750728679775,0.6651831573049236,2.3269120582229093,-3.9983857444182966,-2.6196841378729907,-0.012948647095679888,0.7188012125803347,3.1287786580376853,2.7834386587724858
8717,-2.8397340636821333,2.0534474023029787,-3.0004270852009007,3.823149290669935,0.49534035089848194,-0.531775894988014,-2.450293334815285,2.5587580163954193,0.6558599796220577,-2.3882797924340124,0.16572306660301894,1.4582320646292217,-2.387528144549613,0.7903683774627126,1.5868493466041613,-0.8480246596133121,-2.062396314331142,2.9207313944265785,-0.3018396738022098,2.4116983725580816,-1.2072524958837096,0.5009397637617008,-1.6209467695576762,0.21740080292095598,4.340144696374114,-1.0266434917070804,-1.7460075981648835,-0.6710649759930662,-2.7963502080221385,1.8999215775166185
8718,-0.6721042339609049,3.972916546954604,-4.396261523651177,1.2409476619910969,0.1480225506401447,-0.2935210019734562,5.76827238884858,2.0725570267228477,1.0320795855591083,-3.068693163100832,-0.7849600588169912,-5.019255779212312,3.5001029653855866,-0.48390728341360045,3.628405547299476,-0.5426505143436309,-3.230390246260111,-2.871560468668328,4.887728906659202,1.3109641085977497,-2.0217464387537696,-0.6495954575474094,2.6438827209432674,-6.171233839901888,0.40041309556105986,-0.18011637422668514,-4.646878834219848,0.5652759076456189,0.9530990615824919,2.90820714366091
8719,0.7084159333014046,-5.459687480363332,5.187683229170091,-0.2580983417310243,0.009093179965707243,-0.18740652034254524,4.942671091029066,-6.112207372483258,1.2219743308633042,-2.9676718134639017,0.22545403556446253,2.6897797284907305,-2.0276379838424017,3.6833435935183836,-1.3235119738408514,0.9280366396770887,2.0164366661354727,-3.2766669416482834,0.3799321233335853,0.46174806819613146,0.1838737461144646,0.2481640118586217,0.5374606682781291,-1.8111786177837956,-1.4645631803801216,-1.2909093952445332,0.2688834065826171,1.1820227417434603,-1.4967488339161115,2.8013152612182317
8720,-0.5410232952926695,-2.810965599805403,4.943889701990997,0.820205150760497,-0.27031567569888093,-2.1417902819542283,4.207552354375842,-0.5788364899562026,-0.208043333605465,-1.9420218754046843,-0.8573558240007477,-0.621294831408342,-2.2518403013125337,4.153678265418041,-4.106393023907364,-1.7529292927866287,1.6806396513590585,2.276844701228814,-1.8431149098798763,-1.520182812415447,2.1693517341147412,-0.32483622845046867,1.7675579807523256,-0.24877576412417213,-1.5665038099136375,0.31900492024220384,6.190711354532123,0.30729976104972767,-2.2642266530719564,-2.9862855728349587
8721,-3.37035093034865,-4.104491714527271,2.7636514160315286,2.838637962412605,0.6226730134537712,1.249880252978297,-2.1937333663036895,-1.877712840404186,1.069254926971901,-2.42623667689403,0.8063738519031007,4.622054104727294,0.21216918980555022,3.6277563343937977,-1.5420669522361496,-1.1284557752695807,0.05612953690126332,-1.2255323335954849,2.359710778153026,2.9371148490097774,-0.2620777964897716,-1.2195297488249608,-2.4829874779653203,-1.3322306038855913,-0.4415750562329883,-0.6545104067933281,2.6155423401314692,-0.4147965063108794,1.7963038263396491,-2.9009641971304383
8722,2.961288149413999,-0.5791120284947731,-3.0832440764791507,2.9144975618194877,-0.26704596475818,-1.946383641501086,1.0255415030174113,0.6532220115011995,-0.3769965906992363,2.4648583745895465,1.0199278108376388,-4.786553109246164,-1.6332752835968307,3.942354185320447,3.9513368344869058,-3.501960954058468,-3.184208711096062,0.4257539289434078,3.524882417598743,1.536106317397575,2.0034927531674214,0.3591726816241385,-2.150871221370906,-5.2727829484197954,0.7673316420263738,0.49946716315958284,-0.9025342847666415,-0.33501733710450665,-1.3530797235542238,1.323832540242904
8723,-3.1394952035226105,-2.5565012205821986,2.0293737513433854,2.6917758959578926,0.9244164286662371,0.05043034813760805,-0.48901819475856456,-1.7740851326615292,-0.1361820967595131,-1.3572592348296357,0.40909894375089806,3.347445715258768,0.7271169960826107,4.130468387122509,-2.1670421029264944,2.593305873973751,-3.28231010677,-2.0015390474829697,2.277011763085003,-2.412164704413037,3.5292127692393045,-0.3812681124678452,-2.7105724728879395,-0.3022192425583192,0.01710030245532934,-2.914065978613781,2.537631130793123,-0.053894792010675374,2.0872409844203865,-1.674011647040908
8724,1.385122130099635,-0.46440190987874885,-3.385625681616464,2.8715763830413508,0.16300793850942874,-0.5696788601549265,2.605867671209456,-5.1025323990853195,-0.32361566673886344,1.6580786720568206,0.745517096884722,0.4166846256736143,2.856173856945283,-0.694816662605632,-0.42841748995375895,-2.2380045216255375,0.47821989764772255,0.026844919591313854,5.85202860700203,-1.7518497273224583,3.0640169435796096,-0.785447953489931,-2.1145478455141937,-4.264200024257892,-0.9517486793570207,-4.206229516853497,0.5092615038745762,0.16940648934661606,2.1485957434097145,2.3307144595830636
8725,-1.402951985614024,-1.6465306974655363,3.425384863865748,-0.8138105087423959,0.5707278383402379,-0.13281951038374373,-3.3508466818076137,-0.3455812329188639,0.8884147684772001,-1.0227750819662305,0.7509442805429876,3.0798439476729484,2.452251826770336,3.634493964434345,-1.409276622635712,-3.804283593954068,-2.823278967656705,1.9500933930411577,-0.766897112419592,-0.14716586143969224,0.3455984493833384,0.7908221113790432,-2.4375542171902342,2.215196630284293,-0.25900164146522187,1.042552925369204,-2.1606666258812446,-0.01892096153707179,-2.122154538413973,3.518190841931741
8726,3.101563223817898,0.9142795656138958,-4.65379213497479,-1.3953114068127448,-0.33800150652924943,2.3712622588852152,0.194548037341562,0.3385737054358877,-0.07709005759098364,2.969808493325818,0.7987571074183819,-4.224597285930216,-1.0284438929925184,-3.680223059716665,2.4416593311025636,-4.235038965919241,4.226977269058828,2.2750693184663646,0.7001366762232202,-1.478834732905586,-1.0705050723533098,-0.9444036291195248,-0.8830367263446206,3.6766434844969886,2.9273206011187938,-0.13619701608514845,3.5769343734515466,-0.6303887773169636,-2.0860777674302717,-3.6515914137345167
8727,3.3602541908610526,-2.595449537173444,-2.525234977430088,3.270866134998588,-0.43665122151565305,-1.0737845897402352,-0.038839232380489364,-1.2585107362145216,1.1968251276093582,-2.1613105595107864,0.938553766750637,1.3232816337462552,2.1481491113249156,-0.2811181537853429,3.1702750721593382,-2.699179872733252,-3.5376364843475496,1.1995103273812049,-2.977032034284207,3.1112055549501925,3.080443749510902,-1.092558794915639,0.6905374621909601,-2.8125959374550433,1.0969601468736805,2.774102356971312,-5.005620805870041,0.3881494850183502,0.36678261054352745,0.37962620646660383
8728,-1.8845206762012232,2.9233502669531184,-2.767741652656813,2.434737723497058,-0.3832094653086062,-0.3226161962833185,-0.2194035425505838,1.8967984110877723,0.23594498687625265,-3.157620443809929,-0.39317687047069505,1.637457458867594,2.526846670768183,-2.301784051508861,-1.2924268153553253,1.4707039781501443,-2.4140768337481635,2.0107370516933543,2.2358826065599864,-3.296413302668494,-1.7586473781006031,-1.0857662420982512,-0.034917718980118195,3.939862035284623,-3.0767366738541533,4.318943674892097,-5.03168319331413,1.071471212908416,0.03110737390733398,2.686897605463887
8729,-3.5826899617746104,-0.4661636284513513,2.6393562205323917,0.3254993379502338,-0.7920215098639289,1.8760195416074712,-4.6051871023677755,5.101317417127092,0.4753448681935488,-2.6538144316197236,-0.4001103557251886,2.0824496043924583,-0.5043644218176304,1.692510437398461,-0.9926473134466605,0.47747636889819134,-2.220021560354194,1.5470464893211826,1.3279703221611712,-0.13249888859315284,0.5183819573665893,-0.16409096173305304,0.6859385123758646,-2.2357009415802906,0.47968320793108177,1.8358704125754066,-6.135103209081617,0.5103988212942543,1.6153562501956102,1.693794517088758
8730,-2.474877365455141,0.4206814900483593,-1.8679963956874346,0.5926912752071516,0.9151733389438341,2.414327656943433,-6.174514594510978,1.984805226794812,-0.5059962316844357,2.704145972607943,-0.10026921369884967,2.0918288404919387,2.4009114091234522,-2.8396202776195896,-2.990142672602911,1.5786040593705692,3.0535930008558765,-1.2033455191280105,4.053754359935027,1.1967375267440215,1.6759040193996135,0.05911632557727042,-1.2091941266259436,-5.776318105032832,-1.517956254176962,2.630293481818807,0.2658271197964339,0.8622749979233673,-0.4053213751457907,-1.8351179702123908
8731,-0.37820385964684533,-5.574636244393037,5.377187846396108,1.5264312932326156,-0.6176940434101514,-0.33308499217846155,4.842542267337219,-2.541932333518453,-0.7793211557334638,-0.9911026228301321,0.6188052250945182,-1.1489913803492442,-3.941666240044814,2.6841817390222076,-0.7084349395905036,0.5646875311758919,0.12659147670074944,1.2746404327358505,-1.76637405374003,-1.5935485284357558,-2.910125737837612,-0.36686556082599875,2.7068205530448903,3.9300933277916528,3.1808688270273535,0.2124014916815753,2.272583206992852,0.034135718272624516,-2.0917159812702977,-3.608273262700653
8732,2.1131953416691935,3.1929156211873924,-5.736639830847405,1.099689704353466,-0.4449887774743886,-0.22417205888799607,3.371562842791235,1.1062496377369726,1.1527100204292804,1.1387788823552114,-0.5239036763258085,-6.245397706986434,-0.6409332313104095,0.33892924877267916,1.4907566885876165,0.6373541377947625,-3.0713296912021697,1.245222847356871,2.724787599211396,2.1014563062592906,1.5019344708235103,-0.471550971199572,-2.214141672222148,-3.642485732875329,1.9376640766659605,-4.275757271894555,2.5400731251182087,-0.6484720508345392,1.1620167689844543,-0.7155246480360731
8733,0.3283481796501704,0.5773163973283744,0.6033751654885791,-0.012856409024827542,-0.250708987968135,-1.2454743454738644,-6.134208928496122,-0.13136441938528165,-0.3369078577673301,2.128794535107282,0.7166435649638023,3.7570431055780666,-3.8843448667304994,-2.853583147217197,3.0258327688750057,2.0244055485369365,-1.3784666730498571,3.0661563695849523,4.315512249858898,1.9177967401141984,-3.2830280649297006,-0.14616410021072745,-1.6342869457461813,-1.1698298790893418,-2.6927851359482418,-0.7871336749621527,0.7123413125813656,0.48724337463074274,-0.19991324972038527,2.4802473734221167
8734,-2.5161332701409655,2.1917314767463374,-4.4089818064755875,5.018341505427262,-0.38288582903937574,0.09792792348262758,3.4122994999828293,0.4102377395838701,-1.1640760499966984,-1.7528744446731217,-0.3331395563442445,-0.5724471885522568,0.6306112869818499,1.7157049827437199,-3.7615639690734763,-2.868992539563747,0.5547208140571911,3.729519424853809,-0.15015969332837997,-0.5568902710183341,-3.3120658599782296,1.1810683040622054,1.5361429640711606,1.3019045561887204,-1.7838449184759995,-4.690386733709577,2.27271630072989,-0.7418917519153689,2.040442980018053,2.9029641233564334
8735,-3.294314577377989,3.693247495904046,-2.4257145271274148,0.9663830958690269,0.730571067519544,0.3298274452130734,5.551540918910785,-1.069315686285723,-0.8849886300675305,-1.7771494453507533,-0.7981713541370477,-1.0219158030693656,-2.708021302296837,3.363750620751574,-1.4239728707773498,-1.528643454184639,-0.43250841700071163,2.729395423507313,-0.63253836225676,2.9910151401376126,0.33704756545805736,0.8971754644623466,-0.7637660161411652,-2.828933791662937,-2.8832955700168057,4.99070041127349,1.7798438494779703,-0.7833811327444735,0.6384670343023586,-3.7423345922890956
8736,-2.7784663794203777,5.166506324603414,1.9817433066001442,-3.6022843285419803,0.910331556951685,-1.677830480192588,1.5113056149546544,1.724212388226995,0.11534909885112121,1.4686704638694685,-0.07982084116745902,-4.7397167247344,0.9040386266257592,2.4481277466194875,3.4862566792727883,-3.934226964769058,-2.6325502565535768,-0.27164583119603414,2.254643004551177,3.461784691825649,-1.8994291628073832,-0.7694687598373262,-2.6689009675619317,-0.3786288061730154,-2.6951678663675693,-2.0201982472087217,0.7551443859330682,-0.21257525243876074,0.4949248560587769,3.677872124026635
8737,-3.6506061768050753,1.7305580310872237,0.37028580068200867,3.833824823185477,-0.9270574713819673,-1.3570050067673574,6.164861538255849,1.717581386671597,-0.9014330635220631,-3.0634620213286414,-1.2265692894269122,-2.6909785506494295,-0.5521136420929125,0.17453970700870158,1.2052893481941638,-1.905281050708247,2.0553256551988426,-0.9777600176011685,-2.6626202446558267,-1.003426933986841,1.1326679190157698,-0.14606068357691981,2.361089770181593,0.3183501730194038,1.0345826972903183,2.2993952186369597,-4.2262594657180195,0.1422773253424925,2.290476338738369,-1.5404721142867075
8738,-1.8078369936844965,4.606541468075097,-2.1869041045181703,-1.5003681977690313,0.925705893903916,-0.03713806600704217,-3.336307452251841,1.7799853888122144,-0.8148769037749597,-0.16983810733607285,1.0103628593805896,1.5306742151704782,-1.7973572377694609,-1.6752345894899552,3.39662138896907,0.9554344607641276,0.9608995190029788,-1.8403635414773554,0.40450800978323187,3.4748714406595482,-1.9873593028969658,0.08150673947202058,-1.8906864870277822,-0.08284039999286108,-1.009171398173141,2.73001362947533,-2.870110292685677,0.5839763445381418,2.8275525337096674,-2.2622608168609
8739,-3.6824828255933273,-0.6295184716336557,4.926282309190444,1.3669103911906362,0.1498205621405302,-2.13101196529432,-5.708165107857035,1.4813820241394424,1.1784720047243225,-2.4112023053836253,1.2440517458080418,4.215461638569241,-0.363842095774892,-0.5467193583716821,0.732394319789492,-0.33527887977426474,1.0537665942833812,-0.5403205801526081,2.7093771468549797,1.4240965360851714,-3.245509309407195,0.8305889046138324,-2.759860493710704,1.0413072155610763,4.509825505133037,2.0066404367614616,-2.980408785292056,-1.0060809871608623,-2.4025081222902074,-0.12746804714797833
8740,0.05795736823109365,2.5316093161775903,-5.998457771394907,0.7023602140657275,0.5736747321506699,2.1328561407701194,-5.93431409439064,4.05672502869664,0.4204178307882609,-2.03620606303193,0.8121782672369591,2.6811990307010873,-2.2278788201260955,3.3513668486597368,3.4838856114467873,-2.9819677806987652,-2.913477401455154,1.2880715421729079,-5.897852820625012,2.534491272942372,-0.22138691192086668,-0.9260373606438774,-2.1307186591019,6.641504479346452,3.6522744022401916,-1.6610188215945065,-0.37603270692901347,-1.0259802426431457,2.7669298700434375,-3.356172501113619
8741,1.034914563718793,5.567757705957565,-1.9832218665618413,-3.832197163915474,0.5318168617501042,-1.3190701009488528,3.236418487901652,0.9685104390707409,-1.174365309283342,-0.6087111475593616,-0.552372557468046,-1.8694799126612587,-3.5057791391574913,3.1444968353091234,-2.8816903098750934,-3.0545615027127813,3.604994249650055,2.6925398667855767,1.3127985050034567,-2.60212146630856,-3.12217805014396,0.8170041420378524,-1.0158531584097972,4.610350027818193,2.920708585891017,-0.4905628122246526,-0.5048199199740502,-0.4962532232459891,-0.7681301392877842,-0.6609424911552182
8742,2.0648894294854365,-5.4771351780717445,0.15958990291506225,4.12855105688212,-0.17315911233548764,-0.7027360988750839,0.3101682121420275,4.5525747038118745,-0.6288731423930214,-2.326762966948257,-0.5791242506743721,-1.327982555937865,-2.390616365328082,-4.160408116307162,3.770809580722858,2.921325377282674,0.3574127786615975,-0.49852325503250405,-0.4163782647345293,0.21577354494934653,3.2497824599327423,-1.2367594815038743,-1.0747348788795463,-0.737683379766974,1.3344255524493782,-3.9678435800000145,1.420142187763119,-1.141336890126536,0.696166575274578,1.6584461546427995
8743,1.326238374029522,1.9532100230743588,-5.753775666646849,3.65473142725153,-0.04388305025525763,-1.1365211074529977,5.429624375895482,-6.171564635093155,-0.7036243174100258,1.0021668813049374,0.2685882030666997,0.17480949223648068,-1.5677326513716423,-2.639017261965698,1.247313974901644,-1.6123352071622925,2.2879662364574678,2.2838049091398815,-0.44037875032984175,1.0185428630370978,0.8878473435132541,0.5070293135948489,0.7847786880232412,-2.7578194578414603,4.077725867181609,-0.7580179980152302,-3.1778428206189275,0.7759538588778794,-2.214022768901046,1.2962038614790572
8744,-0.23005368626107092,5.0991535124564,-0.6723457817890299,-3.1102936113419055,0.884327203423604,-1.970787636487655,5.104766226233281,1.1286360677831269,0.626614534951905,-2.378306841066225,0.3104348941562298,-4.792144882057897,2.9668485457028666,-0.36631474571053246,-3.6296941808446572,3.5800036218433213,-1.0690405604354627,-1.4818026805561875,-5.0115359387254195,-3.0785388310824846,3.932059048483879,-0.8097057418121301,-1.2962113927217107,6.263932855854989,2.5368029214552728,-2.4151163718898694,-4.295132477086884,0.7907395446143326,0.9150866710798713,2.4676197118305865
8745,-0.3675192993362746,1.0564228767713004,-4.880321145797634,2.068972778341635,-0.19340669509176878,2.315851485113045,-1.6001213905227445,-2.7456567632963065,0.1696726113877256,1.651246264535061,0.6544156755300552,1.8704436023666204,-2.4998106327808554,-1.301195943681856,-1.3512601346090563,1.555203540838697,0.5606797727110227,3.0363833975214476,-2.1619335056907687,0.789912210568712,2.0546550089325244,1.1465895097959669,0.24453575390911908,-2.0737589775184375,0.3985228694079659,-3.8987192097763312,0.4183901624562978,-0.45758008444270803,3.4726704930639407,0.06671576929417533
8746,-1.392371612913733,1.179952679656889,0.326554153729699,0.6134665970837325,-0.30859214631238463,-0.4190096712439111,3.1600715609751084,-2.5523971167389163,0.7951683158500309,-0.9662583684045067,0.566849324495335,-1.003433716176616,-0.2004095582098131,4.061966965218378,-4.244255447808898,2.489439679552145,-2.1516143006018194,0.04487266184942662,2.6791844499428663,0.07528918125700201,2.4868301135875903,-0.6660797530104352,-3.072935321143067,-1.5022886706368155,-3.041029565695407,0.6808292049655336,-0.1679564707592185,-1.086513823433549,3.1817417419447906,0.4329289129812022
8747,1.6834526812762114,-0.8779110428989725,1.1424973804351808,-2.3677551861950086,0.23960777003407685,0.18010839734881934,4.568935113363775,-4.5309832759801125,-0.9631581538149492,-1.6230528550478667,-0.25346821701822275,2.8017273884978167,1.8636562649036073,-3.955025851007072,2.33341567863242,0.6879882202717233,0.60348925760632,-1.533523570407537,-4.628181754617547,-0.6378178195878412,2.86923841801309,0.4829302369434405,-2.1833585881156914,4.097189507361676,-0.5612776430278217,-4.120757438349296,5.3554646773957195,-0.1609722992704743,-2.2852025865652905,1.7727452898205271
8748,-2.8435575268374063,-3.204826063670456,-0.22019763801520398,4.056086429843635,0.0065814679487945504,2.205913330730965,-2.3313704140482194,2.733752460799508,-0.7604995857325907,-3.0895895478511886,0.5751663255969977,2.872540761235946,2.8169832027396,0.0831364402157142,1.6785449744476963,-1.5131367759792784,-0.8520893705596428,-2.2134384708646095,-1.7638019271246712,3.4949745922571616,-0.509274990547322,-1.185333468658468,1.1990479782341552,-1.2356121841637133,-0.05454650713410558,-0.1314561787287829,0.9587325023107631,0.7020070370101843,-3.666195792701897,2.191458939247191
8749,3.116480068052926,-1.30125708615018,1.3154578893094921,-3.124193627175355,0.8575861715985611,-0.8640734156351222,-0.7945539426571457,-3.4021835713012223,1.0916942335476332,-0.4136595632624882,0.16075090571913453,3.357951937954553,0.22536140487033052,0.3186129930694541,4.210651658623213,-2.4511961271584664,-2.696002617481609,0.39257268807653034,-2.3459740371219695,0.9818305158739076,0.3496637883852891,0.2765660619903212,-1.9759218508451273,2.713835521714735,2.7516701989670125,-1.5551759211888943,-2.4974246097438844,0.06895174992073017,1.6894198422671245,-0.4574412602187472
8750,3.452803902426144,4.890051710294351,-2.0698248561344776,-3.694992838558562,-0.6115234993976262,-1.9665144186295045,0.7269492241562752,-4.022376417597407,1.0242417756236861,-0.5689717810160069,0.8458817982697919,1.9942754005641312,-1.7178867695508888,2.7300099777247553,1.3058070359950094,1.203649043773087,-1.56577878400401,-1.9558005039385264,0.6524915606063182,1.907997374642921,-2.414260834932195,0.21270213755797673,2.2933643592721094,-2.652294597149954,-0.5013401896273102,-3.7145096281511343,5.937086476414347,0.9302757673239572,-2.1305880078465584,-0.5209244181099866
8751,-0.8428855898277092,0.14166973147623096,3.604354768386159,-0.44346417544183225,-0.32414206907309984,-2.1355326655194142,-3.8063239449008286,3.69355409530721,1.0580753721811185,2.6690640519566315,0.7836144956667539,-4.39798407021042,-2.714926981163188,1.9037868606691717,2.751408241166473,-1.6116901354404707,-3.5824676437101015,3.2538896584775436,-2.2216008668596388,-2.251540617170674,-3.479814017811016,0.30884584051865893,1.520430766181807,6.123678895138049,-4.28583271015891,2.9951665629287483,0.8943954329298052,-0.9874669837521068,1.6939578911199007,-0.31022019306413995
8752,-0.20904221766007858,-3.4682497981123106,0.7455142755093007,5.079336808344905,-0.9900191805021599,-1.1575398875793237,4.7396258488160505,1.549812032048834,-1.0726217259314343,0.6690537868887834,-0.25353112751672313,-5.632338814305051,4.059537937354879,-2.1052570264431925,-1.98748459180832,3.8889474725435065,-3.8087291934522813,-0.04701459819514753,-0.28326967406838577,3.019621239966064,-1.992194522270502,-0.5223825958199324,-0.4428043037756524,0.22102985596556834,-4.665760196931586,0.6557019269333821,2.2925618709952786,-1.0264362973716779,-0.8268488386142359,3.5707815349921255
8753,-0.07686510414350067,-1.8549924860376201,-0.9264799833334258,3.912837782112323,-0.7040129508230968,-0.35048725777437006,1.5995035765314611,-0.4441239928243945,0.8568133676181917,2.210903167945709,-0.6271981356237459,-3.5958979836467613,0.15397834225355922,2.0253567677877236,-0.7670566549178304,-2.788149290598753,0.9304763452614715,0.44539449021325517,4.984563495235513,-2.845465662416995,-3.1168712133125283,-1.1012348106293102,0.9620648681589383,1.1169433229615322,-1.343356770167091,-1.9430182062689845,1.3296597908830634,-1.1052890886752493,1.1411708681184756,1.9208334061130898
8754,3.1748518692599426,0.4079232358622953,-0.6335097724534684,-3.100499510484017,0.09568530541832043,0.055548872397253035,1.3606743108110386,5.70740772003283,-0.38620186278162194,-1.6456551740142515,-0.41231427269447707,-4.623910721353042,2.0336569258799173,-3.202722780112909,0.4315037880402741,-0.9445934571070964,-1.0717546950861987,2.753910218385446,5.7874420848094275,-1.7535831135620512,0.001127440135732627,-0.5011416671049354,2.1260756338966793,-5.659920378177663,2.728106745365615,-2.426469830691424,-1.6926859002075254,-0.7799083896152945,-0.7294118995631873,2.9003692747151035
8755,-2.820445446359731,4.124353710927956,-5.697230851747335,4.902323762139591,0.6975154989351413,-1.2065166738952549,5.82073231386104,-6.051333229556775,0.13767905799881675,-0.9407365639447303,0.799037671060491,0.23462075058165155,-3.585629139679723,4.214459910476592,0.9666255600225746,2.8688929954729936,-3.5962527987504593,-0.8680965275425621,1.3275538676282963,1.8377270708237123,2.2730241199338366,0.20411950972984982,-1.1510437506197881,-4.491380817498712,2.9518254032368816,-2.4553104920097475,0.5557284966447575,-0.6182852571238939,-2.149814823246979,1.7158566725022801
8756,0.2143279261453621,-0.19435707423317083,5.932325941049218,-3.9694634032543377,-0.0667928580697541,-1.9160405316369573,2.3157242748130216,-4.472191056868542,-0.8554540950496428,1.944782266839887,0.7343204106739432,0.3328181995918662,-2.4235070300191985,-0.696548512548592,2.8008049843578533,-0.6512336808175831,-0.8782922106084889,1.8487764496354444,-3.689468946525583,-1.190578861098098,-1.7402912463853681,-0.07609973336190468,2.7917677415568356,3.9046710458113267,0.09567257260071216,3.8036314500275346,-1.6538093826473634,0.6345294305267712,0.7888987910244527,-3.6689228615287917
8757,1.2043618129993945,-0.5228664152721478,1.8128290592399736,-4.260182143256522,-0.004393859585328563,1.7702515458749986,5.649541117737481,-5.6134869043829525,0.034211941170185334,0.047460640074003635,1.1450842151214786,-1.2628110097196767,2.5454200706758385,-4.031383749721922,0.625832272205411,2.789521349945609,-2.4231926297193596,0.4938026866138454,3.886092592175146,-3.4567574214673336,-2.7361608856166963,-1.1090110943228066,-1.2275708620267114,4.643407671255652,-2.2055924311891744,-4.264955364816837,2.6739708387319503,0.5350079129648062,0.7422937781868413,2.5192752661256854
8758,0.30487167246250735,-2.0753757155182164,3.2123464265153494,-2.9771154338703987,0.7359605084628855,0.7993125419482627,2.926332086811545,-5.657515346906294,-0.8879718305130675,0.6572027967964047,0.4811757308267657,2.480776562985188,-2.2728780639182027,-1.6204025380450098,2.4152906048025855,-0.71998312443732,3.0846721209760375,-0.88669899937865,4.350012433807635,-1.678471240590392,-3.3150402631625315,0.3407241448118645,0.8903749179406244,-0.5875999928099809,2.521305844497988,-4.13598022471151,-2.7240001802736273,0.26141218178372316,1.434623167402897,2.6426392113037878
8759,3.268391848452641,2.2637160140975396,-0.8042698830134647,-5.0250796240827285,0.8229019286458525,-0.5256602840994535,5.831953149482242,-4.451324287014252,-0.45050486766199516,1.744688215800739,0.04372311384477712,-2.718535324450997,2.33744769824148,-1.0247723900274934,3.530418540650789,-0.01281208562706837,-2.3613990041165636,-2.468882759121712,-3.397787725031556,-0.737704077985212,-1.2414446594445145,-0.2010692248995909,2.2654250714484796,3.312580615909628,3.542766515490488,-1.0218773215357224,-5.062696318171998,0.36575562334004896,0.8557525327982329,1.3202989680822057
8760,2.130246447215132,-2.029563457574749,6.022035676413289,-4.019115160941478,0.3925889053218352,-2.496192410433604,5.23807554244409,-5.605268971575882,-0.9539507459001069,-1.248867509025544,0.3257595447468473,2.2442521393111186,3.407070676979405,-2.5588426491758867,0.30486897217893016,1.378342994796629,-4.060564338948497,1.5291243441688493,1.9991631949884834,-2.762654503090072,-0.7745424467584705,-0.40953880504236206,0.3162106878725748,1.6313618720270995,-3.775141096704356,4.676910323502625,-2.0124530303290165,-0.8216378314013557,1.6540185133682073,0.278303121567129
8761,-3.688449662268164,0.1303693049776662,6.008809200481398,-2.452384936153031,-0.5987642487559326,0.6004203417184684,3.466424514715218,0.8066037954710694,-0.31672515936251244,-1.268617001222058,0.41609016573198065,-3.103776315333164,2.324081673054902,1.5036978403764536,3.8187069933341107,-3.3665832590371814,-3.0872882866026092,-1.192614961126253,3.524779753205106,0.8117084184701806,-0.7822019078946276,-0.5201553955394926,-0.5766979402651167,-2.4574329279788003,0.5324035924438526,-1.1662510844674223,4.8049816056720225,-0.9142748908866158,-1.5267015566057154,-1.73015766615287
8762,1.7799165443086196,0.020337950546288397,0.34098638372653056,-4.588270903784988,0.9570372415332344,1.489992783670722,0.6200998280700958,0.2986328288241644,0.2958561314090371,2.4917024106820485,0.8265378992135357,-4.532829098198345,1.744368842355943,-3.261026276639157,1.304808658962429,-2.589741535788324,-0.719376514287049,3.520966825395618,-3.08237841576819,0.19473069579247593,3.6852517307890515,-0.6784484949423302,-0.9331463696334836,0.8139908537597123,-3.850719917942371,-0.9972048718134481,-1.3253407556089094,0.7262078070914804,3.0579622949402,2.389095443336295
8763,2.002481422804813,2.5282408225402406,-1.8457120326055403,-4.2608758289759585,-0.5374722565518029,2.1133378727886907,-2.989741461311638,1.0346347615797065,-1.2453161090617617,1.8375656670444833,-0.04164822559255388,1.4045053673423027,-0.6708832778059843,-1.0165693499742154,-2.056285682316396,1.58472599458808,-0.1744948161376101,2.3335071316455753,4.902427085036894,2.1457764500959335,-3.5057575378370647,-0.9528493678565351,-1.3088503438737629,-1.2807462855682488,-2.3789675333522595,-1.6941043746294113,0.8932084338089155,-0.7048561995240679,3.0001293739568062,0.8845902997432589
8764,-3.4832524301577266,-2.462676343364727,5.368800090842569,-1.872625126185806,0.979768848436688,1.4699849604294233,-1.5611997510084414,0.6589963546508777,-1.0797354464607047,3.141613562890228,-0.6125319607929587,-0.5471427592784508,2.5571668063455277,-3.831185195475971,-0.21233658536744926,3.2360907103242624,-1.5003185004958866,-0.24941723533105709,4.125796612330312,-1.5189757477159418,2.59248238006408,-0.8146358956757238,-0.30506439991715517,-4.079602949088361,2.369984249125693,-1.310599131637165,-1.8149705439139368,0.9338454824737159,0.6263908247237371,-0.8046508807687722
8765,-3.5729154693000034,4.189953239362723,2.4727666351479556,-0.2356037403877096,-0.6853127913392132,-2.1688878734833335,4.598331159474604,-5.1758755078275165,-1.1945570628654991,-0.461083502420216,0.8430760111312283,1.3901089025079258,-3.11607027727751,-0.2111186836267258,-1.7931459142561739,-1.5883613865870352,3.5594040229519592,3.1492922387949243,-3.5846219440810536,0.9172282043381887,0.6329667639444239,0.2989099776023494,-0.575196726937035,2.3107137251303733,-0.4812914425588417,-4.1345683015583194,5.931368100295909,1.171582797826792,-0.29363028958973914,-2.193460864412481
8766,-0.6772843109783881,-1.9333225354896797,-0.976859636413888,4.71972651886448,0.3258322809917513,-1.4580923169738487,1.5116222928282,6.039295241782906,0.22586496595277517,-2.5730102400473367,-0.5701259996746,-4.633646260841427,2.266790498657887,-2.5833008431078675,-1.1235352899267355,-3.537278937875497,2.2274529219716044,2.749871650280017,0.7998697961797312,1.6266585743991708,1.9357265774441643,-1.1312937584713652,-1.2203924233599555,-2.010568766194517,3.1976122463108325,3.463335906988732,0.006011291747171299,-0.5979659733822507,-3.1350321014810376,-2.933961370180146
8767,-1.017352520113434,0.6576489396881904,5.927797779810604,-4.533327424838852,-0.3141730632340516,-0.7205937113120306,-4.209435727256118,-2.5338066779992374,0.18132883914498432,0.08294844827089953,0.7844610055882253,5.694504112251746,-0.7088511489885931,-4.209670804407091,1.6743434480890151,-3.727186263155941,3.2344429764756377,3.7369217919863473,-6.077102067838684,1.2165598700178464,1.2837731128954672,0.19537105989529557,-0.8211401617243208,4.202538186751646,0.8222832714293382,0.34080771514780395,-3.4874763994952005,-1.1542516517846027,0.28788987419358314,3.1907471905123934
8768,-2.9002725360438735,1.8847450041513447,1.6290660980980434,-2.668905319723393,0.8995798158283481,1.1557869376899692,-2.3978008790430714,0.3498288756526975,0.3872811430931815,2.1514969392802215,-1.1304840010614825,0.6396779220789846,-3.4213367792114564,-0.08546145618394974,-1.0728656509210044,2.4496849087054784,4.074827450869812,-1.9448484732594995,-5.805934104626129,-1.3974836837413651,0.24376124539148236,-1.2040817551944252,2.548353815443196,5.615384482724494,-0.9117827726061911,-4.562365646221322,0.6654591995186081,0.31087545118970983,3.720366454504024,0.7774473136184774
8769,-1.4204932174140659,-3.774495409280295,5.5281587414810645,-1.2853474728136511,0.256907063215583,0.6952702948118166,2.195035923828282,-4.627872491411647,0.30545024601156534,-0.7646821852518979,-0.958357364074006,3.850425870898235,-0.7762945879472447,3.1950473468531726,-0.14101874280165916,-0.21766005210249162,-1.6844432056815482,-0.37563075832086135,1.143024476736361,3.1278350061368023,-3.8676023354722364,-0.011297610066720587,2.876761682298053,-3.2687212196349797,-0.08246939981360413,0.5657055745795958,1.9971630371778097,-0.5746180172696995,-2.8592530419368476,0.9534718472660693
8770,1.4266346570258506,-3.1658296431637254,0.5729000878221839,0.8608680751597433,-0.33637406172481876,0.6418008848812278,-1.17515115528035,0.1807709671040172,0.2620357204732251,-3.728001340471362,-0.43585163357396794,4.89619744174896,-3.6565949983393917,2.607919248820558,2.130776256050005,1.1595066367692475,0.4901149406588168,-2.7317220839598466,4.5831424444533795,-0.46842387676547403,-2.1757043570644843,0.31628425716602404,1.925598951579433,-4.180897419371579,-3.878872327286963,-3.3161450630741243,4.132871455585747,0.20242074579099967,3.147221195817991,-0.28749600683033805
8771,0.017424505553035985,4.338372983275523,-2.499072677675052,-1.8545989301016057,0.46851781827629413,-0.47064369932777694,-1.9936333258338728,-1.2416954669850107,-0.8766582294585694,-1.8984222708760363,-0.12455258572475003,6.134961878878787,2.798950810450286,-2.63006243162833,-2.0765729027395956,-0.9760897400904085,-0.055665933673921586,2.9394401976813604,1.5623063527258125,-0.5038806933159368,0.4449041416429935,-1.126015602006524,1.5714802977582032,-1.9487944968072384,-1.1113779943738287,1.9502674550782935,-3.6681962247989404,1.1787978978043716,0.04877356013508205,1.6017353061583108
8772,3.0931574217277173,4.493778294589227,-3.8265619851651422,-3.8917723054261195,-0.2113049968200731,0.34270357109483385,2.8310127970811614,-5.849671163036888,-0.5599797912789253,1.032543443917703,0.019178396950584542,2.526916316366947,-0.48674475893459856,-2.699447107145776,-0.3212308816036469,1.3293330670582577,2.0494409601955397,0.12864872042961295,6.2373813517354755,1.1246363860129804,-1.3114081921197371,-1.0523176927812758,1.4657507221076909,-6.464042574957833,-0.3020988251945482,-0.38378588106595046,3.6592382906522367,1.1129423682946076,-0.34214633892003476,-3.744149613763028
8773,-0.044986559932088,-1.1376657101213077,-5.125472671225143,3.9545038482387866,0.14569966569515547,2.207921427345026,-2.929535696423173,2.277939341929901,0.9682497159118872,-2.065212582741273,0.44430918257903684,1.3042500387442004,1.5106890203123626,-3.6647713772486554,3.8107657698620407,-1.7804537073425521,-0.45038249182377044,0.5741527862399494,6.039798433940405,-2.927183773879996,-1.216343643314687,-0.41838874976453777,-3.222114338294789,1.7442320713109325,3.506996587626656,1.0840331052010441,1.63057603248091,-0.7517851379430951,-1.9945218439106096,-3.4752987434516065
8774,-2.6011027485106997,5.443268278016127,1.878601441917656,-3.4319824588352574,-0.21919926475595397,-1.069585247831478,0.60535253981217,0.9197545412831225,1.185602914115731,-0.9298790560957357,0.3043263501586262,-2.0851572892733223,2.561241459910377,0.7426722933382628,-3.0507614009422674,0.30767720566780454,-0.020440990050289543,-0.5403885679245075,-4.551426660689234,-0.3180832362959176,1.056856337193615,0.018725461810188193,-1.7691299561235247,5.563058054102179,-1.6758116090205242,-2.7107268869310523,2.844051070839569,0.09326889675230365,3.5141084899369055,-2.0648899615739165
8775,3.5254268722166273,2.9167723232351257,-0.7605675615179557,-5.710569622887665,0.3724183405145567,-0.3434803515603164,-3.634745522586755,6.20053515548129,-0.6442599425987243,-0.8022388303089887,-0.9680521725649527,-0.1512386874212588,0.5622535528951786,1.8162042386718191,-0.13781682939886863,-3.7686770967586547,-1.0214011308262023,2.5494372654161204,0.03843927818452286,-2.530799726657637,3.78164394104153,0.05215361469393187,-1.678745078222219,0.3373079709572018,1.3755709240160918,2.429171280698732,-0.0069413934848654435,0.4914810367963609,-1.5872777947032848,-2.7020040533197403
8776,-1.5053099699512273,5.011436205463863,-5.352029347387656,0.41706774363933974,0.2233137349594312,1.2055216332766143,3.1685606454088386,-0.756459266724999,1.0127145895669818,-1.2093779753964604,1.0958822904533827,-3.311320283307129,0.8978290448394297,-1.5604290846956417,3.1104463038352073,-0.6293158009110726,1.1419557645129075,-2.9604862275814483,5.322019211210357,-0.9714519954540908,-0.96846069039381,-0.9238779844778797,-1.6723104574138343,-0.7859180834734012,0.14289177471175663,0.9811237378997824,-0.21702649058767065,0.3768341323682902,-0.6154406043837835,-0.6683825500051235
8777,0.6121299860231009,2.1244159331879082,-2.0855686874838106,-3.2272284547686176,0.2652924548148179,2.3109587682269233,-0.2586811337696098,2.1857396731972507,0.39251146175289175,-1.104911400991698,0.4971128578647548,-1.7117714580530006,2.2749254880294103,2.076559299366963,-3.0734903434990883,-2.936610329776423,1.1969490760808945,0.4616668097976291,-0.5707540480043818,2.534175613383006,0.041260257251657606,0.48081225193727306,-0.9733102753549154,-1.5121837992152898,3.1848216527248603,1.5528373589414635,-1.2670840683756417,-1.246150765741561,1.4104354042265008,-3.6348595817723695
8778,-3.261434415073854,-2.917380519043352,0.5745725977231331,5.0670783799613766,0.5587151067243536,-0.021551150291349686,5.833406803468556,-0.3727250692267887,0.0815610620969025,-2.7506239531829593,-1.0503305689261144,-1.7412882742290172,-0.3325645623749409,-2.7466681419181818,1.9736261605670187,0.5160472589434555,-3.0622739960469545,3.6518332808290204,1.9625783877988532,0.4528410861888936,-1.7808879450242898,-0.47732234708338606,2.429042120916824,-2.586251302799539,0.7967962328546534,-2.1641591202704973,2.145354493420861,-0.8404579153437215,-1.123252459752404,1.1857187690943896
8779,-0.1937196073957992,-0.9646858211554665,-4.9401364917663635,5.858372723125086,-0.8583455177739581,1.0985147149668038,-5.25279137145893,3.1365981507629606,0.007183376585675916,-3.122995066613335,0.4909819416868384,4.741022969037385,-0.6303525790624,4.188923819358429,-2.1509879389999753,1.6928686472480265,-1.6756603114573103,-1.4247916370873401,-1.963858352298164,-2.7063934623784824,-0.4850439772599433,-1.0206158961083829,1.5774105829779383,4.598501105064354,3.627064261483625,-4.032094262771265,-5.314163890947306,0.8237387302415131,2.2121949550791804,2.683260206917506
8780,-1.3114383070752744,4.74201599283785,4.070483275629403,-6.152645986736111,0.4246425522908628,-1.7730575269464488,3.4585564918438507,0.5060615526432777,-1.094087712320691,1.0280498964548528,1.2372685180659309,-5.135848746686641,3.990818968391377,2.7366165963837368,-2.825086506367443,2.089485731169294,-3.5414807677494817,-2.450354021828055,2.633507724393862,-3.429793014914708,-1.854222554803668,-0.3865015793802966,-1.4529781864012303,4.4899876111033805,3.567290094592927,1.043819353075083,-2.864266678751985,0.10520002274684881,-3.467062261184166,1.6150194695245688
8781,3.3767644045858205,0.9340773708904493,-3.0171691860624534,-0.19078192611408795,-0.7249849429453263,-0.3779057203541232,-3.7626892779980103,-2.9660443245171457,-1.0840316183285594,2.5475993424254035,1.1388506372848024,4.126315241134087,-1.2799101177799308,-0.9049536643990379,1.0940165410611797,0.4394845857071594,1.747948564601625,-1.0965859091915906,-2.6655323666370236,-1.8013963123096133,0.35801776324649026,0.5295217877051837,-2.3507940774082208,5.930183205400567,3.4218356678348627,-0.702268683235225,-3.28004114022977,0.6571650880975444,-0.20072922940211235,0.10403829693800404
8782,2.924438836494634,-4.35806170402704,6.206858194135705,-6.135044230419943,-0.18613883697123668,1.5479477407881834,-1.9051587168652517,0.6726704562286763,-0.8602172597574071,-1.0368578453144952,0.0006510467945028964,3.128912318914562,-2.8886685449215346,-0.5220144483645228,-3.691855462594326,3.868323849567062,2.3397445574288227,0.8944700488839246,2.4554078090908398,1.4600669213777984,-3.3558910516985687,-0.5235360025292728,-2.5598793575753778,2.523831681331963,-0.3994475256214365,4.476331197263406,-4.405163558858714,0.7574082062015801,-1.4866505173357467,1.0575221983541994
8783,2.0149452122974445,-5.214820136313666,-0.7015440328193421,2.3523526826223033,0.9546297750590504,0.5944364991545008,2.608510890294859,-4.922136371359674,0.9052214478783744,1.4714696832578262,-0.43994099836210854,0.3768753482912821,-0.13315403849943053,0.7872825761645039,-0.9375689767387989,-2.468874001439998,3.0379731027190537,-0.2856586622059023,3.208390958485456,-0.6059968028369429,-0.8531307493594493,0.21792247574175683,-0.8151555823067511,-1.1520302997267287,2.905818343835552,-1.5712016301187255,-1.8250831927766562,0.9744547113224282,-1.9176327900488097,1.4336445577894885
8784,-2.703810067335125,3.024411372872244,-3.2130808228101877,2.3129090875979053,-0.25938935253462536,0.838959782210086,-1.520951534853662,5.856388544652404,-0.7477549659023506,0.006902602754127685,-0.3916455976410278,-3.202939049008922,3.2006313233524324,0.8121026570899659,-0.1586859182235365,0.6649261944888494,-3.3628085908578242,-1.1561656658504162,-3.724497021057708,-3.25833367682122,3.586138908156503,-1.1162023190868444,0.009635640007957136,4.503258468798631,4.567767727714248,-2.4157410166787265,-0.6522623739047297,0.5505932613916427,-0.33146912876715895,-1.718888469752006
8785,1.5957845973339637,0.14953428035595806,5.006838005364241,-4.757187957169563,0.09309309647303943,-2.0880620223573594,-5.565279286587959,5.440461259604579,0.42070565106897284,0.49294998480872465,-0.30571433255496583,-0.48312327633879093,2.232052549233078,0.5509020429640508,1.3483861922313487,-0.023636826803912214,-1.6752364975458072,-2.432467460079298,1.8457336840406775,-3.1033922127805837,-2.3557884547373007,0.8894822819917767,-2.332533699224406,5.056498400707113,-3.661119062470714,4.733501569560559,-4.085524393986361,0.9186965277426911,2.9115956580161892,-0.8171502988591133
8786,-0.003980407926770013,-1.178341714929239,0.3046753423894195,2.3276446001992355,0.25756062843261196,-1.7075584481649848,-3.157688842664225,-1.9881118226568724,0.1285323440362891,3.348450527430643,1.1720266479018457,0.49679114595288,3.8982954715500213,-2.8146610403337764,1.7321999598587645,-0.09372451291874029,-1.0028732233318145,-1.7192366548250195,-5.5849002236974385,0.6127677550470256,-0.9290346315810698,-0.6666005134437638,3.081416715325119,3.4863508983474247,4.37943431157742,-3.356364629321231,-4.297707620516778,0.10815896200569153,1.7208069463914022,1.445672029866742
8787,-1.2374649304700274,1.3112874568957977,4.807453842686904,-2.347654335225414,-0.3746785939778814,-2.158943439909052,-2.319602842778096,5.716488386989106,-1.0659039509963733,0.09558532020490595,1.1155038917385092,-3.5420708051575005,3.36960408687143,-0.8473359391182136,0.650388712571722,-3.1957823751520085,2.9909231660902975,-2.9677976512637674,3.209204893989927,-2.7131239323725236,-2.780762146601436,0.010183905354844036,-0.46140472246305286,2.735902002089553,-1.2631488000369941,-2.885117702112179,5.857785909894876,0.5346144117155216,0.6330699746833837,-2.877203794141371
8788,3.3481372369729243,-0.32297700038541777,-2.7558996194646177,-2.2523722189575324,0.7130180915910516,1.2700935102439352,3.924011164892722,4.003747218762609,0.6498051574851971,-2.6346994090375926,-0.2540243158132185,-5.688839816289168,-0.9338287379829389,-2.1185635456970875,3.6500458883928424,1.8262976760014062,-3.70737325141908,1.2834219707043282,4.011428696202799,-1.6343144251583244,0.5797868553156782,0.2613234944614389,-1.6628954786304977,-1.5553291421938198,-0.6506518332781077,3.5503129546937906,0.9135518340366069,-0.5323704342394677,-2.4743299715710094,-0.8065125496385654
8789,1.8363490210397195,1.9315889059814069,-4.122151068964719,-1.591468627777651,-0.034534386827224095,1.9802161565487761,3.3102342191202645,-1.8805363396337818,1.105959092047871,-2.7792460189138524,1.227966251813645,-0.9843772044335886,2.0572583904402926,-4.237060582506359,1.7641315338740213,3.376809475578497,0.05582905062707155,-3.016967868014067,2.939535378339585,-0.36712239963156534,-3.0416219252021754,-0.28233083596495323,-0.5431525866299669,1.2946923690863485,1.4684227085939199,1.418829367841937,0.7883570235248278,-0.986102208891813,0.9357350020770934,-3.62524189314275
8790,-3.057636315250626,0.2677405686069747,-1.0779482574194148,2.932672302860084,0.29476987478297767,0.6404018264203444,4.938066447110863,-2.348801138308108,0.9542446688289319,1.5712675026054619,-0.9110631738536128,-4.203714306382977,2.625122980789296,-3.5956460024145276,-1.2127046728664936,3.244741308137222,-0.03564662323625356,-1.0258669904098294,-0.6919556066489854,-2.64183931581473,-3.7383115808611134,-0.09529406856003764,2.352183137739324,4.815217434142834,-2.956358005667571,-4.977411561969687,5.65778506064526,-0.9010413176934495,0.34749453073241376,2.829531293956233
8791,-1.6391561563453632,-1.6745871443434766,2.611696731961043,0.9783626037700479,-0.9054080055752838,0.6290919705333877,1.049665037265811,2.1129560678462447,0.9318996773264274,2.8346023620704273,-1.0529044565179033,-5.876218687990427,0.15225223228814144,0.8433923760372437,2.575314228051134,0.5416611559155307,-4.179323659868878,0.06670366757622048,-0.722725205908958,0.9650250309228543,1.1794239055341507,-0.561818819493447,1.6417064484655768,-2.501611359522901,-0.7536941725972319,4.543123742603033,-2.276943457782231,0.2546799785052727,-1.4667485587499254,-0.30041753197574117
8792,0.4766974611340622,4.7007811240646085,-4.818516620367678,-0.26871917242004884,0.315055129638945,-0.4052979220495434,-4.900234789249659,4.319795923424866,1.132136642267957,0.5916581692334333,-0.7023272427955414,-0.44102870288048024,-1.8554168885228588,0.9635024085585613,-0.08525219247164983,-4.191130052387688,1.5225283159355811,3.645768408887484,-3.432910730527599,0.20729798939515653,0.6861205326513584,0.16951586970546018,1.8150510878113426,0.5549252509615492,-1.4667422902865113,3.8826805292473345,-1.4420132070949556,1.108689374019491,-0.6950149463317352,-1.3875994595504757
8793,0.7114618948847635,-0.628108244848633,-0.6766688226156177,2.8639012372353427,-0.45410609500923904,-1.8164799696462754,-3.6993048341337342,-0.20655681570475437,0.8014387620508199,0.5066963523478165,0.6407417998408613,1.9569847355995655,-3.866833030852302,-1.1483378940514903,-2.024659115277611,1.9237778102395175,2.5704424811215034,2.5456097488198495,-1.8123550482983042,-3.060058100837077,2.7353573537116667,0.8629017908417378,1.490196290946045,-0.21604228636676126,3.1768310656413803,0.81471036484281,-3.8786309496337665,0.6473058586272504,-1.4280843585938339,0.667868019119334
8794,-3.2060529444465455,3.750361865812142,4.8548514022237335,-3.4216009571544213,-0.5862222486062438,-1.3913371178283356,-4.753949003669973,4.318649773911385,1.0280753846306565,0.3528247709534913,0.7795115749229868,-1.725112500747997,2.950539722718421,-2.01966568499698,-0.4878847940470443,1.323883743756273,-2.321997838104979,0.5551248506737902,2.533317817264898,1.8962359270047102,-2.731301538118691,1.190054372483032,-1.1261658518897253,-1.7621407267469316,0.9296236815866621,2.247795369559846,-4.7563483708089755,-0.9013327099481101,-0.38713709502549065,2.867399124639288
8795,1.1150180134399967,-0.02878273591657532,4.484789847770987,-4.588733212638449,0.2486939189879993,-1.2309858316436575,-5.206683025956451,2.3446778803496784,0.8211127644815672,-1.5491656116638257,0.6647546949847198,2.925303297804856,4.196919324864876,-1.1881356532821794,-1.4968183828268877,-2.2085491875314656,2.733250065829619,-2.0366661670544737,-1.5738809457267102,-3.0944570284497352,0.4652961378533895,0.3793335291334854,-1.9275564791702422,5.751264786357126,0.6948299345779283,1.8419140064241475,-3.6928484076466397,0.9699346013541827,0.8613078529419305,-0.6751379876483323
8796,0.8940759470367627,3.609260710742486,-2.807624704488081,-1.482495692971483,0.3988854156701116,-0.6121016759894999,0.4856555180290947,-4.434641520726011,-0.12809027434357478,2.1554930851490752,1.1424129189143963,0.7791702729775558,0.5811664440452304,1.5288513241369621,-1.7112459717650026,1.1602736989492826,-3.5502715706403123,1.9912260752733353,5.3329494864258535,-2.3173196559906337,-1.1228599786437439,-0.9327645937951914,-2.3446723331346853,1.3846670751356704,1.4099529272780096,2.2020434756904415,-5.318300817280775,0.5144496093818205,1.887464243102304,-0.6956094381685869
8797,-3.0959048837140806,-0.31628989922984374,1.9651314340703223,0.8240150021394115,0.6814246445332102,-0.0583762977986968,0.24104109154524878,-1.3880092089014084,-1.159300190872747,-1.9756084508135885,0.8044598350523628,3.4774169239906634,3.490348937178954,1.136009345640833,-0.22103050628896526,-3.4090472112950767,-0.5869002290608947,-0.4093803361753494,1.4692289990636667,-2.4074665948640934,-1.7092156083072343,-1.0172642721965444,-1.9095486597507012,5.574266136052181,4.764861659651608,3.3924718775279317,-4.6176155075632614,0.6835326630171483,-1.219448038279678,-3.003802654350528
8798,-0.7934057091817017,-3.6472986639167466,1.6539673028181063,2.130094247872087,-0.37801629848359153,1.034659120892158,1.6572153476623974,-1.6330600112056075,0.5980303098340762,-0.12572852645690702,0.5914531296402146,-1.0879102494736657,0.25378869181635366,0.9937885444985355,-4.033848332997511,3.0804536105901015,2.8060887366217493,-3.1002712505297563,-2.6466288138922884,-2.113295073954715,2.3324300315460107,0.978514016473004,2.8069966485853453,-1.3580168087600661,0.9680046541112652,-4.61217065670048,1.7044762542821772,-0.9010960966088186,-0.6431435548002362,3.4839293997193366
8799,-1.5324561489864674,-0.7690377301108242,1.3945277833044472,3.216941240965575,-0.1905651667136996,-2.1194099784587044,-5.382503340961179,2.7030097748964828,0.09558433670293276,-1.6995525023590368,1.1799239589148236,3.103537772806458,-1.7458810705873269,1.6605354240095878,-0.058367658730162475,3.987644912069076,-3.4703086540049313,-0.37362295275675983,-0.31930061613357097,-2.840941778283165,3.500975459913583,-1.2104806011018843,2.6799826861584517,-1.8102351505561103,-3.706038366063961,3.7669892086049757,0.7091677630531663,0.7840787900951591,-3.2486452688084686,1.6944478731224137
8800,1.256495023051805,5.0593692706007545,-5.428656269564975,-1.9055131164645296,0.6205377143948998,0.39776737798236006,-0.7879835478596995,0.7027654626146358,-0.9268048970980383,2.2605758176292277,0.9645062576741399,-2.2130590929597886,-3.2457685549603994,-2.0274012482486494,3.5474001875461987,-4.175660817325699,3.1562112723278624,2.7452191606601595,-2.905262922317089,-0.980915814598939,3.4558670438947026,-0.7268284178773925,1.0920239923955197,0.0651161185004625,-4.734096655624711,1.9540894860561586,2.078679042255338,-1.140945413503426,2.963237806900061,-1.120964266080163
8801,3.4511552356950865,-4.267309912877707,4.4495112649017585,-2.0768546869190203,-0.8098525929289464,-0.7466493078708556,-4.149006464839918,0.29914940700679793,-0.18856006741064668,-0.8051891115728029,0.8444558823391564,3.9991503544779192,-4.175331125798069,-2.755935310852747,2.425365034422075,-2.0007279953233468,3.966998773524157,2.539630624027435,-3.7833076162662245,3.326535957733995,-0.034901271368147135,0.4433362824841902,-2.1098726169123694,2.158209264325812,-1.444695089910315,0.8640641823331308,-1.2494898017174947,0.5221953128030687,2.393472860672869,-1.0855474641779743
8802,-1.5117822873544036,1.0591591264493978,-5.981986115744707,4.028185973091979,0.9404989799383552,1.4659243236197241,-4.515763016566147,-4.875872322493493,0.9769782231395112,3.6838757867168113,-1.1202197435097192,5.851001072713547,-3.9587733697179512,1.57639895133984,2.9890956972546974,0.3650376224089804,-2.046024132300401,1.074265231014337,-3.3144224808209017,-1.270812364159779,-3.380145086690362,1.225974624064417,1.3076623663052622,5.431742941298658,-0.2512618638222257,2.463114633529404,1.690160553018714,-0.6450729382853542,0.3949527928354133,-3.651893177272706
8803,-3.4231030354848286,4.099506775028356,-0.4331054388156268,0.4700857043069355,0.5788532888339986,-1.2922372938684976,2.910773189040885,-1.3407103993928509,0.04275620320184359,2.8678823108058467,0.16456617884758273,-4.645267482502806,1.4323384908013104,1.7588024860731153,-0.6856412759472903,3.851856777617513,-2.7119229638144695,-3.6454335147307173,-5.194598089601929,-0.44711969064073465,1.7853295337159665,0.2795369602191764,-0.9144969692519336,4.491348255556751,1.633147400020583,4.470355651939801,-5.869504157069155,1.0588050035051593,-1.9890103007581565,0.6962064023650676
8804,-3.1341446459513556,4.801016439492926,0.7316498674552001,-2.8941181423576516,-0.6220102977855628,1.1176067791467936,4.188306399612749,-3.452499937773702,-0.3425492153673444,-3.550142915199416,0.7273176626979136,2.429568006030305,0.30008794126013427,0.6900839339606826,-2.995073162869703,-1.7271495134879,3.2898915095772203,0.4421592915590278,-1.19557222320622,0.19423532338222493,-0.09967002011352832,0.8263006285251615,-1.5362174599579657,1.8109237513676355,-0.41237749698986903,1.7584937102355163,-1.6859052295405803,0.8502853995582393,-0.44073078078167427,-0.06976560247831998
8805,-0.051744346779736716,1.2951075660029367,-0.44286939982916707,-2.3254176127449817,0.5636573975509096,0.9612663958003687,-1.5076074931722907,2.692866626529952,-0.6799016765582238,0.5321067052967123,-0.48105539771457373,-0.5564087643810538,-1.2657341966218016,3.1008214365580713,-1.8517095107874688,2.838770482434594,-2.6897790991671595,-0.13236911241679294,-0.28591606593019847,-0.055256364657182644,-3.7828810125408285,0.8117840617119851,2.5211826168241114,0.7910867645894193,-0.47729355527538786,1.6628439078609496,-0.33011889700917507,0.19795620673320435,-3.03626624864744,1.9828785863411866
8806,-0.5290265701490604,0.906001685490935,-0.15365020701658594,0.41446055402353466,-0.2054733887698792,-0.4323120735786219,2.2686553118594865,-4.71005154161233,0.2894644451899664,0.08732170547165907,0.6831190667684846,1.3814910123232522,1.7581215617857353,1.2715658903235827,0.27784953074098695,-3.035520435437265,3.431519436846486,-3.7035359842600766,0.5719276053237046,2.855247522275654,1.4352006778230937,0.8592507149602309,-3.238486936668304,-2.4831395837170653,2.519057167449837,-0.5364594694511773,-5.403319398504085,0.7678230030435307,2.8326486164506903,-0.17974991898543458
8807,0.4841659891651471,-4.768856986655397,2.1656105546741777,0.22357984321152102,0.43789034963199125,1.4576102499728876,-1.4265346476937495,-4.2874594997956414,-0.2524703288712624,2.045850896249302,0.3683081735692637,3.5523054065425974,-2.308820876953593,1.3739992095822124,-2.127752156117662,3.351053775315407,-3.6516030696994104,3.363123117872501,1.4959821996465088,3.27278547741469,1.260295985618697,-0.5633868959367243,-1.6291978111908652,-3.836478955554952,-0.0640654250162882,-2.8576014610429326,4.305659778864424,-0.6982570398487997,0.3112016342272099,-0.9969374871802934
8808,2.797477597020439,-2.5920216889373506,1.1589734848315203,-1.2723018323505713,-0.12048518891607474,0.028357628352381425,5.214828547801218,-6.208448248279193,1.1070320586161513,-2.3451107212823548,0.1510102428866782,2.0806881202579817,-0.4977686827493173,2.075142096627445,-0.5088768252036324,-2.7169712331246476,2.152914871185132,-0.5044402267354844,-0.71224528078438,-2.402721471695582,-1.4341701052441707,-0.5011272582524118,2.7505433380726103,2.2997207779013067,1.424567263491145,0.6756558198982177,-1.2196210967566756,-0.8927140151138966,3.189058028236939,-3.1769459997524407
8809,1.647159703576456,5.6137783129380665,-4.88384617684342,-4.1848674428626005,0.6115963892846068,1.1961792139071985,-2.7566024348339546,4.865265017686685,0.7295499800599847,-0.5650708120304486,0.4823455758246773,-2.7554873267064792,1.5191255736456668,-2.8642153622306985,3.845405830220809,-2.2266012092606378,0.6419426820876453,-0.9156575144632733,-4.504179559008776,2.7837905812549977,0.06148517932720665,-0.27725376130447543,-0.8811325746023098,2.8172901343307366,-3.045072935151012,-3.1752400224719146,3.7114223274949367,1.1537987253746547,2.9192160254498987,-1.564124120693263
8810,3.6063681372920797,2.3002896491576337,-2.5909749297964844,-6.0805152263782105,0.31184094351444713,2.4529914262108363,-1.5631737712190734,2.2967015491258422,-0.09392475446512183,-2.2486364006790804,-0.8003751739141594,2.409408551152037,3.5709186874639123,2.839564846007981,-1.7608351377519025,-2.7898801243265847,-2.593185793836488,0.7334175224425952,4.0700975026348445,0.35743550053201645,-2.2916668291454556,0.11280157510991273,-2.402741213621594,0.1540734644876416,-4.974504885628134,0.5240773876069866,1.7931961319972096,0.5434915287757667,2.8191581767619276,-0.7054183395104765
8811,-0.5484740318709633,3.4357933944598926,1.6853613766730895,-5.775785285299403,0.9955100757668971,0.20759447027078792,-2.0552093598774555,-2.4982826146161266,-1.1079336396242727,2.415260936096658,-0.976297761242126,4.222462439263772,0.10250774283695208,-3.4742298810538443,-1.0167089577366522,-0.8600649161898524,2.769979730400692,2.478516281742177,1.1276312130118882,-3.3618433085286377,-3.379095101546179,-0.7601435454325758,2.349931629161796,4.0235191133310515,4.432189290597133,-4.574180565531076,3.786651098394838,-0.5026157627829138,-2.5364631559490913,-0.6055809047256151
8812,2.682189652851573,-3.3253528131343586,1.1990785708508227,-3.763592313038245,0.7273790047117119,2.4802978977587795,-3.560222988138701,1.91645399842335,-1.111806374613531,3.6748587223859346,0.04908795756199691,-0.9683713156186151,-0.329425355589116,-2.8330282487118126,3.9463186863843127,3.199060471623582,-2.2467481069652546,-1.736177446742234,4.542736537448242,-3.435895340604908,-1.3952376331129699,-0.3231522615815807,-2.624802706823049,3.2363514046716233,-1.5858209746203755,2.0467912435477373,1.3786073170271713,0.3170154487211754,-0.8133184797761981,-1.3432745548962615
8813,-0.19965989666215833,-1.5168806888698008,6.112956124383537,-5.7458514192070815,-0.04852608170444972,1.3979619620602328,2.888808027956202,0.9502867969686477,1.143012707807883,0.47949873837733215,-0.4959117301687703,-4.965694540940859,-1.7586193645806247,1.8301893177347353,-0.5072088251853017,-1.8216535344748017,2.2354295151525996,0.021862891352917302,3.906052310143881,-3.1308039753717125,-2.600785195155188,0.9746651109706548,-2.9601301602887755,3.811001909698497,3.670867541686981,3.6268575465662103,-1.1302155366498141,0.5482739402488486,-3.422574147747877,-3.2932093441010846
8814,-3.2810683616358585,-2.012184386727828,-1.5986150901967449,5.882528335256254,0.5868382278688475,0.42250127543559657,3.770181620600276,5.894934794720921,-1.011716962346508,-2.212795681528755,-0.35289425753625103,-6.087709513909257,-1.0638219840842584,-3.5255821987019402,-2.8320174098020487,1.094118572160017,3.843264369679641,2.484038650748097,5.798335423667709,-0.2794480582578469,-3.02732299274194,-1.0958687284129414,2.3184760996503417,-3.7141717439079756,0.6847634784813685,0.7999144277733556,1.2320588486215414,0.7457848610751219,-0.205493466255513,-3.2570281496925997
8815,1.869390438902439,-0.23858919680149526,1.824196842949,-4.81905985688093,0.03109874355615494,1.3329630282750777,-0.609442776077568,-1.9373487447703823,-1.2286783947046098,0.7045054870474914,0.3457746060580904,2.7251898224473727,0.9439349900142595,3.7848316424454858,-2.0191260539326965,1.5230900155991058,-1.4147966745897964,-2.8179339195368787,2.953148803147272,2.3248817946015414,-0.5301838894865565,-1.202120509803791,-1.3718968036911736,-2.1738293947699425,3.7549305638982275,3.9986229069945374,-4.387422639242459,-0.917491184415371,-3.3983430879423366,0.9497034407106799
8816,-0.7672228628577926,-2.164274116948082,-5.274058853330452,5.748250429218764,0.2987104933246858,2.1585949105931483,-2.8282860935970184,4.7022221200167,-0.7964514878578806,0.3111450013119601,0.3609439755339059,-1.7495735154072563,0.540257658892024,-0.634541157543044,1.5281813313868753,-3.9705828383202775,2.9835696434968,-0.4468846379128628,-1.1301358426033268,0.6190648395572911,-1.4794878506458335,-0.015174763275992653,2.2892870376262113,-0.2835534206610042,-0.364636450131691,-1.896245675234045,2.4974814362456854,-0.088628384567361,0.2799622156585304,-0.4279331419678858
8817,2.1231525630340613,4.509993353452149,-1.2424474359779722,-3.644850403478465,-0.8665149918728221,-0.8793330851566861,-4.6838556156603985,-0.9998824756026679,0.05008703803013059,1.7629007773883387,-0.2489785737869008,4.1197288496318905,4.080377032492287,-3.342114749059647,1.01764980897633,-3.0805524767444155,-0.8439185901901958,2.168558974525144,4.787874236832948,-3.424909051569694,3.553020108254792,1.221775837636856,-2.3709394606743004,-3.7668216704832744,-3.3745609136817443,1.685578909680153,-1.6524529727847792,0.9983741421082986,3.453349786202626,-1.1102889515213352
8818,-1.7371161440929725,0.46924310643234435,3.2167828922569512,-3.9057675129334832,-0.014577221360732695,1.9714348796981245,2.992219135885602,-5.087305183983474,-0.9526547031398911,-0.6036081818712002,0.2934916427482115,3.35785729036116,0.2754185679641701,-2.0694571900491407,2.982297863683069,-1.2487214304247178,-0.36176763762891895,0.42222982645507123,-4.471349801271074,-0.34594833998397334,0.4674480209734213,-0.555472513516519,0.34324191573128715,4.562080718064138,-4.187438462598346,2.656766951297758,-2.0062057295583955,0.9221694944178891,0.15016980596608143,2.4645379404782624
8819,1.3700380989537457,-1.9507484721268185,3.4948352969396836,-0.478490476347325,-0.7322825944782965,-1.7033518529407576,-3.212347815176223,-1.3675192343069682,-1.2342310162360373,-0.22851402264683074,0.429422945290189,5.613189143076276,-2.5229485924903585,4.186643378969887,-1.4645061089369076,2.312155260890222,-0.8294464529129506,-1.6818974855203699,-5.060586419130637,-0.13282288843372392,2.703985987442394,1.1253171141583431,3.181423135453038,-1.8173169294921578,3.68018085258095,-4.100939816403605,1.6300347536896673,-1.2478777725839496,0.769614626706618,-0.731012643986455
8820,-1.0848332856669547,-5.669340364170544,1.6658554582972158,5.617280931342261,0.44097287063261703,-0.9699356104343355,1.9686064323669292,-1.6823932285447505,0.660725265040619,-0.06649941906388257,-0.3404572158069925,-0.5399818339914937,0.027052400112538066,-2.351662839072297,1.7739630962342297,-3.3242758467898224,3.795396933990819,0.07952625552406012,5.261565507266475,-1.2151565555456472,-3.306133249303679,-0.6047253525675806,-3.0190507724520455,2.883500422599731,0.3961065434941631,-1.1828015567385108,0.3299834086453295,1.0826045719777886,-3.354856692959009,2.7289637255834727
8821,-0.7847729772883998,-2.369343495892746,0.3987747988018633,2.9426373813839035,-0.5557056899966408,0.36840998299225447,-0.33446058393395717,1.652742815009848,-1.1057470511593719,2.7131570279823833,-0.6221635974163551,-2.3035286104821324,-1.1310513842179333,2.3804006623264087,1.8339801863132337,-0.49765849269503093,0.26767655545985036,-2.8533475271869975,4.4446545524153755,-3.2168433710255577,0.06918859773998065,-0.39687569674665735,3.0518446484080997,-3.9519687307939613,-3.258378837433362,2.0058901506493854,5.782395665797107,-0.06970983107251172,-3.5102710013405307,-0.9499261465968498
8822,-2.8090986549017245,0.5682543972000431,0.5916458645308715,2.54280968663112,-0.7515460469841722,-0.14206524647590868,-4.316944915446339,5.96408223023073,-1.2058320340880981,0.7484824409304096,-0.6584681443458322,-0.5313195772804491,-2.7197754221934076,-3.220152290705979,1.3296031966187982,-1.5215564490254714,2.618284133316834,3.513596831988732,3.906490812182792,-0.7057190750415536,-1.680640097590457,0.21775307844733405,2.8202655843718,-4.55815030237261,1.4024694204739525,2.569366009877193,-2.092037917974853,-0.863796711134019,-2.346004477709844,1.3300036764708167
8823,-0.40573944790516414,-3.703431266255919,6.02760388411566,-0.395511026723252,-0.041202494457727834,-1.4817196487733497,0.6510313620908157,1.6334083714181844,0.5692609367518688,-1.7341497115624058,-0.6496573157360377,-0.4698936429620133,-0.700027606326536,-0.08655723954104744,3.774096025210426,-0.11529534390859553,-0.1280456615862562,-2.7441701738485325,-0.20977242352385872,-0.248578118851988,-1.0805772211393858,-0.5561811691260194,0.024616161511557877,2.070492771126986,-1.997678016680684,-0.3289016089850172,3.4839480820439626,-0.9946239450538688,0.07793151865323189,-0.2406760299743702
8824,-1.0783213831221516,0.2680169345885979,1.780134292566867,0.3617099148915024,0.8842617165265594,-2.2158014754511255,3.21623799595303,1.75263697455226,-0.7575971881282371,-2.6583049918322033,0.3879496206764026,-1.9409224112208463,-2.440372287049472,1.4739911552079121,-3.294461791286304,0.8248116908305398,4.208257697262159,-0.7722264649653745,3.7921920253672994,2.8264856938981637,-2.7094340010439026,-0.588844919544627,0.2065790360006865,-3.5269778346803307,2.4077097250234196,-4.461124249431677,2.4182013500271324,-0.8560741453373559,-2.85777001665266,3.349057336374443
8825,2.693404198232731,-1.139457541966916,-2.371837471758294,-1.7125743997552476,0.9813153476066283,1.5491498676413382,-2.4875890032706742,-1.8333356160760736,-0.3380207111465712,2.172255665292198,0.43478552019455297,2.0519041450069864,2.761051530415024,-4.132254539518092,1.204895449349248,4.163533870163672,-4.162659677570943,0.16543336716054569,-4.063073736707356,1.4862767674827673,2.293949013302587,0.6050264689095863,2.943161943916234,-3.265340456906525,1.5936660316775395,-2.5029490044692047,0.08164581635775292,0.7187417518164523,-3.1735820948800857,3.282477499500832
8826,3.2144346463331495,0.9952279506701629,-1.3210175794287764,-1.7687601917249722,-0.34446276731800296,-0.7754220585313103,2.6183864163460377,0.775037368475985,1.135253195345049,-3.2453959668315306,-0.5951895474523585,-0.6880914658827351,1.1952378843960858,-3.682992931760797,0.9944843648177226,0.434726824155657,-0.15620218968267707,1.2147460480734544,1.3764919718193482,-2.8517400975692695,-3.56287404970381,1.0532189191182146,-1.0062726464124587,4.991175902745258,3.6734985277479986,-3.6016234966907135,-2.375399285050772,-0.7411906613905126,0.9377101122119971,2.1070048031753252
8827,0.8728499987080074,-2.1947044285260873,-3.001483130235396,5.325068567589753,0.2156589935802522,-1.2173900011163248,1.9989424600912855,3.6850326231606942,-1.0333826180492194,-0.11290617718341345,0.9805392225446834,-5.518225510563568,0.4498596489326765,-2.5072512985131095,1.6225982789294235,1.1505269343446756,2.9458481010798465,-3.6615816647740846,2.9630069967993578,-3.3900063404226,-1.0497404769867096,0.16348349530634287,0.24158119983564497,1.0716751254652337,2.734579312808986,0.08655449946174087,-3.676892522978065,-0.5235033911740548,2.057563000711525,-0.6783008988268406
8828,-3.681777960848299,5.1920162795041485,-0.5710834543554704,-3.296368353475689,0.10952817101104673,2.2476853181644696,-2.0941023866970525,5.179532141352887,0.9610258408488486,0.601204466971712,-0.9545854794434296,-3.6930745830325193,2.2212782327596337,-0.49693287986153223,0.35257555337653557,0.12074239618000959,-2.6126112380443836,0.41494793558913834,-3.649820622877055,-1.824378621892576,-0.5726088222865879,1.007780217644255,-1.6769338100630904,6.71596165947232,3.1903594082915134,1.3152667749863909,-2.6915135796346874,-0.30354109768636395,-3.3925409876936765,1.8819694817401427
8829,2.09265165144852,-3.8965947029762944,1.2526601807773687,1.3533645211182836,-0.8946333021371218,0.09255165176945646,2.2447231515307386,-2.8933529333757093,-0.9118745329676239,0.8204722851175816,-0.8865378127019703,1.6265698423974513,-2.960728850742907,0.16034907734434967,-3.6697069193196814,-1.334102508274034,4.2304335416842775,3.5737556593073947,-2.7677550238077657,0.18194283845766535,-3.757107879245389,0.9803291860037397,2.7110777727511923,2.6515131058378287,1.419586396446551,-1.172186684495287,-4.056264744451525,0.8697988886767378,2.024181533825505,0.9148846100013284
8830,1.2316616698434757,1.4886093028563998,0.4553342968051588,-3.7712340406779,-0.1847860646395798,0.7804148358126834,2.458074229105197,-5.060466487046028,0.2829723195599163,-2.6787597429347905,-0.6417835591777914,5.639963240493987,-1.075470753087476,-3.580724287900569,2.77681443352418,-3.232704683241332,3.416116111231755,1.69596917947284,-0.05471198607867578,1.459552619487427,-1.194537670031325,-1.1762179879254706,0.7324701966954752,0.2334448278498371,-4.067669084687385,-4.989016553810158,4.977093495842251,0.9267549178635699,-0.2974403224801119,3.4502775472751317
8831,1.8350251403068931,1.9760174483942414,2.621499873415754,-5.297512101157274,-0.11532848627415393,-1.01970187468525,-5.363759200111598,1.975636831504044,-0.35634497575276125,-1.2602751921438404,-0.5406152402176083,5.5453577767222555,-1.1276276655622688,2.3286226013918174,3.5718899255151833,-4.1474551883374495,0.027685643641998325,-0.6531153166499113,1.9319783776451303,0.6731191433025163,-1.1755772125619508,-0.19659572242944723,3.0944062029601476,-4.32733078891912,4.5642570160288685,-2.767996259587612,1.1353254119614462,-0.3501564182464225,-3.1849670384741753,0.6035372883211956
8832,-3.04696360949319,2.3739492920542205,0.796805331165622,0.22083121146504325,0.11347515869116931,-0.4580973838826612,-1.5632805305473916,0.7968408795690252,-0.6647686044140491,1.9482759148672812,0.9004993051398564,-1.4175669646142204,2.869834992533498,-2.443082196374986,-1.4931510527675034,3.549224514362649,-1.5526745254580963,-0.9301517322961974,5.773120759518807,-0.5417438166664024,-1.8715342625486748,1.1115308673759863,-0.4903676464267672,-3.9810059012556955,2.3787138856101144,-4.1393495357566685,4.502455790125381,0.7855689004953259,-2.8186038012165007,-0.7087852392543361
8833,-3.416468756556002,-2.2651630566805743,5.14849137926285,-1.7138762651453447,0.890406950609421,1.3566097485098325,0.04413972544468692,0.749849694079785,0.0662711837203922,-2.1182422341044074,0.3925838595946223,0.8653977712654424,-2.5519519638429813,0.6637782115877258,-2.1528335958943075,-1.6215957948009585,3.906186669927429,1.7564164730224903,4.396356780595511,-1.5251072920869913,0.11119728596885636,-0.5244176382860744,-0.6741263412914176,-1.7839027949026232,2.145738657772931,3.3679594955061347,-0.6345433745944149,-0.9455564966105285,-2.751766934831302,-1.181831347239477
8834,1.5606765948295234,5.079774873660703,-3.936699426416567,-1.0595819972619722,-0.32232847900336825,-1.3218415658081497,0.4810948928106171,-2.9191779129099586,-0.40343309191432564,3.188601414712931,-1.1993500852212957,0.8522647825225569,-2.223208623490976,2.6843970142713616,-3.73603849228372,3.635848362136695,-1.4028736343164336,1.0418753736824833,-0.7383398552238276,-2.6369540612895346,-0.004294270161128821,-0.9027477044008618,-1.3252773918402205,5.607613282912865,2.0147119253145824,-2.2498981535217304,-3.2243680901782668,0.8518329412011889,0.9804147755694164,1.6273066016181588
8835,1.4404410020209966,1.9135346235793556,-5.019592173721783,1.0437185956979924,-0.9785320668837254,1.6004300193073213,0.36112788276127006,-2.5502111096094673,-0.4775602015496858,-1.8555299249264703,0.306287219439902,4.2158861338849825,-3.5256017520717133,2.5376223186533267,2.975693792540458,1.4006812477271744,-3.0545930168002364,-0.33380259004960067,-0.492810146875744,0.35026127944922436,-3.690834465802867,0.8676293162883342,-1.3204247868701398,4.286178803808475,-3.7370050419172642,0.5385537183329276,0.8181623907187827,0.33009153853898265,-1.1867082727926572,3.236905667122567
8836,1.6259195077869286,-4.968186661124623,4.647517266397415,-0.7907667581724844,0.20265715620516822,-0.7171405110922215,-4.052403699826911,0.970236659187357,0.10739257014537706,0.10292648789118708,-0.28263794561545996,3.1544859282189393,2.803192075542814,-1.0645289937305602,-2.392134063433012,1.950299292787367,-0.9851646782006647,-0.3116636329664981,0.3719386214608136,0.5973427008947922,-2.2002752354066377,0.1087707417967092,-1.153352725867144,2.2755758971187703,3.788381629940762,1.1263810264764942,1.2360628833882714,0.4001450528827286,-3.497223120400987,-3.0537474722839235
8837,-3.514103491856856,5.305622940566252,2.604974023810552,-3.098322303227082,-0.8075496660587915,-0.490621503233891,-3.2178243752826354,5.4224260174635575,0.7113071533443662,-1.1113339403174418,0.8531542838907953,-2.6577291390981586,-2.2913846512526703,1.9946105488932702,-3.168555855657514,-0.02713279977822225,0.9235996067160208,2.5688631510785527,-2.670705709986958,2.089713018386,-1.214705486331754,0.9264329069270927,0.9936130441445457,-0.12434777314162204,-0.720984387804215,3.217303751181202,0.2672859952015756,-1.1137029124404836,-2.5812901631162894,0.9313877169815541
8838,2.3213982778997106,3.8410882625355747,-1.7863885428379511,-1.145751184792342,-0.8707823574033704,-2.359564455401438,1.0953571002230547,-2.2788396126437256,-0.07705751129923222,-1.653161476119834,0.466515845256426,2.4471856545838158,2.518186310237887,0.7878319956445559,0.4048330082436813,-0.19037020487723666,-2.2372980456081724,-1.2831830636413049,3.893319098337855,-1.7374414693673472,2.5600644697266652,0.05924453086445425,-1.3600943203346318,-3.4150923092297276,-1.2203543355854798,3.001885473972788,-5.031246512424499,1.0590800582774182,1.0925105171741976,1.0981247985889127
8839,-3.092256110725989,5.669398336098002,-3.1789959479151584,-2.136638233571535,0.7703916633325236,1.968100292782328,-4.5626227682695415,6.141892211247878,-0.22912583564269084,3.0402962233580517,0.11320093208255866,-4.50364076277576,2.209253089907566,0.5527369304246577,2.12213519437649,-3.156969364995291,-3.0401817520133516,1.313025902299323,1.841901715317558,-1.7144179088365892,-1.34865926303784,0.4704478641989436,-0.08543941432195723,0.836167006677158,2.8985052438194145,0.17319554898129752,-3.8246931497690397,0.8702720423134531,-0.6339542504795563,0.5166745651377553
8840,-2.515795286087849,2.805425320092244,3.092889169546904,-2.5024777109675576,0.07127638111882817,-0.9513178737023704,2.8418118833028707,-0.03849196882722339,-0.6985494969928752,1.5485568190455865,-0.29916520209816433,-3.3541620344296383,0.7089426150467979,1.9552328206182636,-0.36940437356146916,-3.1811771912594633,-0.0742162835602862,0.960622412715562,-3.9239646900488445,-2.725743197127853,2.9470421187221483,0.6314307742825367,-1.7772991633936162,4.848534157562909,-4.234171815906006,0.05282777851049758,2.446889529406537,-1.0752856105755622,1.0089396911034996,1.8008004274643312
8841,1.4082283300031868,-4.010050144010407,6.046127340406166,-5.172247701037225,0.21504488699416902,1.5128972876442806,-0.9634495591984944,1.6543983179838904,0.10878542508782552,0.40293040098724475,-0.7256791099540898,-0.47698547490588084,-1.8329364928653895,3.093433864268004,-3.8755617480227897,3.015784908397272,3.2505489095883853,-3.651269441366063,5.279898840938561,-0.12110057882975944,-3.5407296527866308,1.0659520574446546,-0.8307995752094932,-1.8532210915601155,3.7466166729750334,2.4363043422435666,-1.437718884040656,-1.2060769198528414,-1.842802021548243,-1.6963231897735351
8842,-0.6106123043362253,-3.668408369770951,1.2958681824275295,3.3051964932639457,-0.040610239810064286,-0.2814337617740179,-3.175393527469776,3.962918942950459,0.20969997435903753,0.4906695929811047,-0.2870266062860303,-1.2008683765343058,-2.1779486135465795,-2.288022807451892,4.2352357428001,0.8884366739410119,0.7804469009817794,-1.4381478967249794,-4.182339310392848,2.723002127727849,-0.99710648115426,-1.2442937741510653,1.4742550895111801,2.2264823484564182,-0.27092403315017677,3.744773116864369,-2.0454829350558974,-0.03194043250441503,-1.600358287365129,0.20393257121460806
8843,1.9025759757700058,-2.3455706348423533,-0.4880312867063523,-1.839611901004183,0.5551332618723346,2.215504584910782,2.2323740218659296,-2.7097013709900857,0.24962886564415765,3.057405961163102,-0.2774299270311005,-2.552277550651489,-2.3947290510929413,-0.4277959756621996,3.7856938746750792,-4.055088316967144,2.839939906117504,0.25197956292913837,-5.006445104412542,1.0030828956037503,2.748514797784246,-0.27682126772753346,-0.47284657222293447,2.00451525097224,-2.4487175177613842,4.1509193032915555,-0.9331540312895683,0.46737020638047877,2.0535753554961964,-3.2899933161139785
8844,1.3837464422197527,4.033546885737554,-2.6539022223267317,-2.387750034187544,0.3827314106555306,-0.7583724820983129,-2.9788478273067405,3.238383345961072,-1.1012878689706556,1.5085279590898892,-0.6292482646429312,-0.0375273441301367,3.8632822734308156,-3.6687270674756842,-0.7757700981721705,0.18565344219830848,-0.30439994321705655,0.6999613932352489,-2.670545472601141,-0.19613249768021568,-0.517769834050263,-0.4758403211243998,-1.9886853740553505,5.848973499508617,-0.2914068673680177,4.666775352767896,-6.012127376789298,0.4658157657866546,0.5708046812046419,0.6001384444014057
8845,1.2347055496196795,0.6247371675250477,2.282210368637468,-4.8902041280835284,0.34246903479622137,0.40608200750535595,-3.623697814161286,-1.96524048620158,-0.9291826607126765,2.0830441585653148,-1.1173278183808493,5.552404620891579,0.14140875952710985,1.2604865961629201,1.52538001384098,-3.7540615803801387,0.7612029363377388,0.06558327451087109,-4.2333172501594305,2.5888409026783705,2.228513868456819,1.0836067170128194,-0.4802003209384704,-1.187443917052864,0.12172924591972034,-0.9683494403468984,-0.738546193955198,-0.2320662934813411,0.0076661586126736125,1.809566523254361
8846,-0.6516915604530276,-5.505723569117915,0.33401604016020414,4.530899003209409,0.44004718633399476,0.8524528998675898,-5.394798601442968,5.625280804311956,-0.18236845035828697,-0.22146612985574343,-1.0359455908164064,1.209297968161934,1.7402535538812245,-4.034152440989143,0.50952211302641,-1.353626036765844,3.374869483663204,-0.23686667281637064,-5.051947605684063,-2.800894082859916,2.7207240988856825,1.0455240206323273,-1.3760216665015435,5.462615235524794,-2.7339312504331232,0.4137904475241925,2.5010927453290392,-0.3160892780958173,2.2004163782167616,-2.0652790425377425
8847,0.600431724840174,-0.04443526642054252,-3.40861720075349,4.255665965059009,0.17415450527528353,-1.5771997280001742,0.9909608789427189,-2.822894624213184,0.7979812206124466,3.026003428827469,0.39817473795750224,-2.3902256421264454,-2.194791204841236,2.0089089834887766,0.955060974295904,-2.1845883972548528,2.834459866445105,-1.4190502221342118,2.2983973732972274,-2.2615396692286662,0.9842072002231035,0.032111619449790574,-3.1989218812332982,2.1457453574891225,3.689351092481459,-1.9110410935343225,-1.451143533623668,0.21049263717350097,-2.2984170657398746,1.7607579632461743
8848,2.7836187416117397,-3.062185013304944,-0.655676056588959,0.7884720172643931,0.45581309820256255,-0.31004278718456924,-2.845702986100939,-2.355998701198164,-0.8990184441121496,1.9403054911225581,-1.0631027022813448,5.223517342570567,1.7675848293905858,-1.9654213142025583,1.82912922777372,0.04889986815154046,1.6634991418798428,-3.3436917529936867,-1.7190851863526575,-2.303332126155338,3.146510919070849,-1.0385503219347787,-1.9764083225236622,3.890865037892837,-1.5454280847214967,-1.7178625156013219,3.7362912605337257,-0.020957532952851743,2.1616440719787775,-2.6136871992335475
8849,-0.9821993754110689,5.457155161016377,-1.392965519876956,-1.1378100685467523,-0.797624491496765,-1.146555705684614,0.06660585572670996,4.058105096921338,1.1014830649244276,-0.2347850094873678,-0.06106140607547417,-4.930347602009078,2.3588405448072685,0.5193758072719632,1.2043990451522788,-3.2271066821398104,1.8966489243357465,-2.7521576394279847,-2.833337698021463,0.9256956630933342,-2.7806574059302402,0.06026923047904642,-0.2765712005539598,4.904601410930557,2.2928506474226076,2.934649825232505,-1.9257565452487597,1.0061018321911632,-3.048361829826881,-1.2594839297673683
8850,2.479999923436992,0.02714038965066834,-2.192203532587289,-1.37190522634668,0.9594801234418946,0.09748832240461525,-0.3661439333396821,1.8285233889851114,0.54947954778683,-1.7080064730955353,-0.38789340847998943,0.08404087814381,3.1814349784256954,-3.296075040754726,1.2367674126149453,0.13256259199871678,-3.2379091741841624,1.983219231898989,-3.390986112660535,-2.8995525041005976,3.245456014218952,-0.9877621692714493,-0.35691327017423014,4.3897580419851,4.8584119223734845,1.16603453117812,-6.099080573017822,-0.16989515915222508,1.0719056127012543,-0.8273763340795028
8851,1.8011478876461133,-0.08027260565449268,5.411247604426343,-5.635694037262088,0.5531487384225175,-2.0495775875782067,-2.8006742204390953,-1.9679262111543636,0.21134834772111688,-1.4793301025179968,0.4613421273189573,5.575240059071941,2.1253336194443158,-1.7345819745142297,0.5243274035398819,1.490053374028836,0.8323069449465166,-3.2374393674458677,-2.5939672074307616,-0.019613438648121928,2.6154549846009196,0.8395484545289884,-0.4850058187145887,-0.3564169743391652,3.6861783522089056,-2.510755976210124,-2.583110410512859,-0.766156333699409,3.708659625413169,-1.5348152571963514
8852,-2.5115129493686315,-1.8944656151807102,1.3130192315375595,4.25003500573759,0.31627732498460537,-1.4733529977102453,0.6377578656975054,-0.5242273867729885,0.052163906435372276,-1.4449846280604035,-0.3978649862460557,1.6771552289471252,4.074964431151461,-4.073985581397819,-2.5048997466373013,2.5401100783351183,1.9900562533717938,-2.0262454348238492,4.1338322447986755,-0.14990003740284052,-1.1790109553386365,-0.1717531965562502,-2.903647047716582,0.27047899221290095,3.6913360254663807,-0.8272327259440857,-2.728649513299864,0.0362218952432416,3.555479395587735,-3.7271550770500568
8853,-2.477828592282835,-2.6186983040733764,5.027140423868026,-1.6493041086023794,-0.0942377079757506,1.812928289066475,-4.038941389977104,3.1280730598196165,0.7600985599788759,-1.3885423463298565,-0.753066953781576,2.2923790702906004,-3.4810646181718976,2.9122911446584894,-2.1359180967904177,1.0691576006557604,2.1796616716118464,-0.5441277019643671,5.05869804202359,1.7814382393518553,-2.0861875247413284,1.1738092323516724,-1.6423109599628294,-4.28544702902569,1.3101989279507293,-2.6146146927289706,1.5495834801531423,-0.2952586168010187,-2.7557102402670424,2.805801141696545
8854,-3.0851269863429085,3.77261259298448,-3.743345310989355,3.2056288498245173,0.2979080408763557,-0.44767718635293186,-3.390386398039489,-1.1467851243795728,0.7597082552005432,-0.7147417523931043,0.7761946215956135,3.716010398016561,1.7643495081852123,-4.067948344364982,3.3091078813281207,-2.3613622544258686,3.44569580298635,-2.0898425937094416,2.2989659266323024,2.0947192356137556,2.1856306108588726,0.09490621273956013,-0.6202406465092754,-6.05398133933797,-1.8554847893211992,0.5564306799115855,1.107917590237907,0.43216479636158134,-1.9415366903959619,1.7005084132094517
8855,3.425854269649246,-4.1759180758410785,-4.586294800230885,4.725133219326285,0.3101090250043357,0.3011163620922588,4.60587858988,-0.7232130910911074,-0.9674543145468117,1.418097906884494,0.13202998864251114,-4.465339079768512,2.622221922453271,-2.2739921431766437,3.807786553038138,0.2738804833887585,-3.8977432654410435,-0.532153550263061,-6.179765724441015,1.742680801581992,2.603005529815327,-0.7148816542875229,-3.14203295599358,5.690994003322018,-1.948512120958906,-2.0545577127426746,4.528310873668701,-0.7548994693181772,1.4150731257846054,-1.1854146964301844
8856,2.159438307425642,-4.023030128392168,0.9057028649571457,3.0150742179237042,-0.3644179601630331,-1.6927673017511342,3.4540814672568487,-2.361014996886478,1.2073223241474738,0.11677244401861842,1.0300079163064542,-3.4471691548423493,-1.8343158571538467,0.6435342384322595,1.2365316472815664,-2.17383325728529,3.6442643818107996,-1.5161811530860714,-2.715827851276316,3.37630351561889,-2.8407079089607326,0.4266683488100904,0.3169301600021832,1.4366337358031167,2.086495594437885,1.5550097956271074,-3.3741227522607495,0.2822469970771255,2.0364883326438203,-2.586117967521835
8857,2.8435713997829986,-1.2240247810566558,2.4486781036379455,-2.615360826872294,0.9420388319655695,-2.394902727457417,-0.6711995629793357,-1.5509641015109281,0.34039598593147335,-1.3329263550154806,0.6990741143871659,2.51561991918771,3.2702374707993194,-0.1846293878382852,-0.48273501166139,0.8174654822927252,-4.066468865004447,0.6461303114114791,-1.369581083634266,-1.1114948623307725,-0.7138649717929333,0.13949080689326188,1.7678581798635715,1.287591930998392,-0.2897870222363643,-3.41218378520184,3.9594597674390677,-0.7075528120288697,3.3323776876559563,-2.8823138356245863
8858,1.1794717398287453,3.366502614076591,-4.782185882439968,-0.3255301681828797,-0.9769376054740415,1.538679302191703,0.212026291541072,-1.4316713135196792,0.31811066160630297,1.7800267749290484,-1.0209575699070297,0.14246515535086246,2.300609385590551,1.2226823278576688,-3.890421076934741,4.085844012923626,-4.040851582546736,0.32213693310906244,5.451059255369763,2.001635455913128,-1.6364364995378828,-1.2453881603928387,0.31261115942938744,-4.883481210784293,-3.0934958053842365,-1.9379151969175084,0.07015884126798966,0.8945760539878336,0.5902271171914304,3.476448989857868
8859,2.3225482136274493,-1.868085369499621,3.836555685086246,-4.089851902448984,-0.6537623794800185,0.45259575271509433,-0.5833641624321508,-0.48519542314681274,-0.8067774968843278,2.5964750210500327,0.30338639965641434,-1.0245243382425677,-1.9484489705661527,2.375447516351894,-0.7719544767514357,1.0980172372694952,2.0893330993759456,-2.842394405680313,-3.022656014038539,-1.778288584140137,3.066036817831691,0.39985556105451003,-1.3922741031648265,2.727326322454587,0.7103273486460822,-1.2889158254185524,1.8887305533118912,0.6994812007727704,-0.02648668382898478,-1.983136593479843
8860,3.095024552521078,-4.650513940586482,1.2882482476979824,1.4065737977892212,0.03714732328680581,-1.1764799807084287,1.1069546870088978,3.2948466762379915,-1.217506458621366,-1.7010265326608778,0.25949366842671484,-1.7427620403907547,0.25924152638216924,3.401554266814088,0.019700913700397393,-1.3175644372104163,-0.2623263094532611,-2.100605960233585,1.9442957602753523,1.898754597185409,-3.599083868848844,1.0735902588277657,-1.9092506728857703,0.5916939254433728,-3.478577077243557,-3.1495811156741453,1.5192793478038134,-0.615726352587064,2.0135389318523096,3.7110662658520255
8861,-2.3064135672846433,2.7889006776288525,1.9595025889769886,-3.3587948311682183,0.9224931519054502,-0.005688020058240539,-2.6758760441996507,1.257805300022575,0.09395128070111092,-3.09454955490164,1.1438668525895572,3.274802165788671,-2.7841697130008,0.6050295145954152,1.5214021917039737,-2.6060369641591876,3.576512793772576,-0.31273782291260943,-0.47571240176901597,1.2913510463491438,-0.7365221806257569,0.4891565065406436,0.9564163090736866,-1.524689279571433,2.2833071664975257,1.7293850480102293,-0.1475072074616115,-0.08139052275619996,-1.5510774061601502,-2.2327170781264023
8862,-2.47389536302453,1.783939588203669,1.0681315654338732,-0.1857026365299852,0.17782027640582054,-0.3702934304886334,-3.204444424392065,3.7025076858320958,0.9288334001479779,2.2728126976705205,-0.6228440211572162,-3.0768653381006708,2.653240216185079,-0.053124014633599614,-1.1162849771631294,-1.5038343702108374,-0.3534122301052882,0.37341537592715923,1.9149070535953499,1.4679967284647475,-1.3663781592981419,0.7001806163126583,1.4900235227457426,-4.2067297618230555,-1.828655608584988,-2.806747185026264,3.147913264973443,0.5855947724233079,0.7800954533819073,0.1217993028359654
8863,2.5808137120165178,-3.502727430341743,0.4337103801131228,-0.2570769897616181,0.06840537241547295,0.6768749555584428,-5.341922157165502,0.6948339226432374,0.03965260292256012,3.278154543977216,0.30966764206886666,1.0196134455542456,3.7234865422917913,-2.229720500265241,3.5164494788871785,-1.379025270521666,-3.880098383594758,0.24890813320210725,2.0849939582715216,2.6119495129554977,2.426059819671565,0.040727448011171674,-0.5294126723578874,-6.634318066554567,-3.532103906501977,0.26054778373980625,5.159038388126351,0.8794873921479107,-1.4839138206499989,-1.2830558368586704
8864,2.1913169878846475,1.7466288898463525,0.28395062569032703,-4.738485914409008,-0.8968894238741612,1.4134788348620706,-1.7215197387648011,0.41624686694687085,-0.15326854836025028,3.6221100206256196,0.4893543763588646,-2.6529229768056517,-3.976871936377231,2.633232409692699,1.484951439322117,1.3220711022357499,-0.3306808126889429,-1.1327022021849888,5.664945559162419,2.1825151654137294,-3.8148864380449368,-0.6723643598984355,0.5657887902338548,-3.9259987168693264,-3.533632413016228,3.859746701277885,-5.970192267155287,1.096799155815666,3.49630141772856,1.0509774053528247
8865,1.2365352309155888,-2.4564114266783257,-0.20123099258793076,2.303732264290545,-0.7781987868724738,-0.10442628906719342,5.2231272072040795,-4.21936178205652,-0.3274363215855267,-1.20728552294654,-0.8593472933334816,1.3903037127186657,-1.0867846608591325,-3.562613513392872,-2.91800671719726,4.038063031094197,3.4184577065832293,0.11088415377126104,0.9895601553090287,-1.0868684872181937,-3.5147071362909745,1.1145463120289065,0.34809666434654396,2.1493724918220067,1.903915549664383,1.8251903702755463,0.2536811379001378,-0.36537850461438204,-0.6344468423210934,-2.9829617109011632
8866,1.342627321679906,0.3385884562245245,3.62841659657467,-5.74827085854832,0.8319179911820935,-0.3932795071126396,-4.187436137022413,-2.762530236841016,0.24517790462353783,2.057033770167319,-0.16170184185957126,4.809456540932821,0.7812693497189471,-0.18978679184286662,3.9675432937388884,0.4402127427013163,-1.485833390281357,-3.5134052040354824,-1.7960415628297,-0.7386919057574968,-3.5726213078562594,0.8172566889469364,0.8355421324322378,4.454555955061579,-2.516756678824322,2.6612768219160223,-0.05526145560943618,-0.381743433123539,-0.3041449827195031,0.5966297283642135
8867,1.2980080108829526,3.3804680420296016,0.0689582320332569,-4.419942623602868,-0.9110787585528484,0.5835870972101276,0.09119432625337254,-3.7763666437644723,-0.2736163046591562,0.8098972167893894,0.36530062522870477,2.7835907801528386,2.4421249356888524,3.6105059706344917,-2.677375168858111,-3.361843753873755,0.8779427188792326,-0.8913547024712791,-2.908095875416681,0.2596680066762076,2.98067975099773,0.381845246298524,2.065967300822246,-2.7800644293807935,-0.7662179679152032,0.4008196096721335,-1.905841109927426,-0.26825543800416174,0.18522641405039408,2.354268492127723
8868,0.9290277613185864,-3.693031381796594,-0.15198303855733286,3.763059332997198,-0.5553789747595694,-0.2916936992020478,2.3529339908257967,-1.7412383049615023,-1.1596688405609727,0.13446380131485824,0.46915553644659447,-0.05564618306407709,-2.7683096553894764,3.617375454807167,4.033557568748915,0.373342525255417,-3.5398991158977786,-1.7160667775248193,-0.7710310710325494,2.747723009390416,3.2069079100237268,-0.4698640376186569,-2.5285917313253155,-2.1851440794403842,0.6269173925843461,-4.088370283844927,-0.6843132917780395,-0.1457243455777455,3.5543203283722278,0.737170200247597
8869,1.0710649553806846,-0.09241087417940008,-3.348676230022811,0.8184107062095833,0.1329630286010346,1.4186484140111464,2.5117398164733906,2.0906187653228976,0.47008901773386125,-1.9434521544992602,-0.8392089988436107,-2.289786446186607,3.3529538873518625,-4.2312960360835525,3.044393664938724,3.924792194817986,-3.034389128716752,-3.0564545823088096,-2.6890205579124142,-1.5907184401274428,-0.36645378461873257,1.1756486459924176,-2.9430571339936353,6.413601270657047,3.0802529146416333,-1.9226725192208534,-5.103190744711128,-1.0174636137165658,3.233816792679047,1.7292571703312873
8870,-0.6102957569938479,-3.5362806314634625,1.3684469779337292,0.3797633727181875,0.7454936478473528,1.6528723899582687,-2.7089279200541867,1.648324565308318,0.990880221458136,3.4941072715635464,-0.9874031762610276,-2.4369809620140828,3.403187875193737,0.9218474686447209,-2.770665516783275,2.5446288556039605,-2.9147660345471103,-1.184232648112575,2.091569505321015,-1.7940667798052985,2.815235112319023,0.040130363313788386,-1.3632373367440156,-1.7896308644072505,-1.52923479967383,0.8799845177530372,3.173833445845215,0.04315704816900379,-3.4103047799616526,0.8425645678716229
8871,1.2160558571366558,1.2934320989884398,-3.2640431953178677,1.2699213262700937,0.6196172751189986,-1.1349833621960883,3.779149946979757,-0.6792042217935439,-0.7763784702572325,-0.34950328967043376,-0.2113944118780493,-1.7626695533797907,-0.1283422346225045,-2.776389318131926,0.32456421700823057,0.2572896512864524,-0.9348484328931015,3.257726117352334,-1.0179003750780033,-2.073098684501069,-1.6985220070638842,-0.21688408281748384,2.84720519567424,2.1591999537834674,-0.3238033338256763,-1.7449355937716469,-0.3876039893731189,-0.8083328751453882,2.6840210348333713,0.5806547572858598
8872,3.5633589962129193,-4.420002560115549,4.427227641323352,-4.106513491916662,0.3144366577138822,0.22149275678230573,-3.6285186639853144,-2.2677577966136546,0.15381780672732148,1.5204699924249745,1.0548057360790537,3.1671829253683477,-0.29947138231834103,2.11066198319104,1.735739695230901,-1.360635504173315,-2.4524148985029015,0.2661201065720977,4.480662876009902,-0.8681976083540928,-3.7091759534616315,1.1992972519657084,0.2887949685766227,-1.3913815347392529,-1.1803290008895537,-3.4697638204839656,3.767654097194171,0.15962227536281937,-1.8033404497316265,2.5261568985515765
8873,-3.593411004237705,-3.0989550527445537,4.428175643214217,2.807880993274022,-0.5052398010077899,-0.0384507784979391,1.7379532779827578,-3.7389059263306166,-0.011305325353994533,0.3039843633832646,-1.121811842860085,2.830085453179411,-1.986877786740397,-0.206949090552488,3.4419012457485785,-2.2111275591136526,-1.1158208405303078,2.078874031187759,2.449386176174748,-0.7721482699414182,-3.0715826188002744,-0.2874904615555032,2.1934306837816067,-0.5115955096618912,-2.2851345462212933,3.7633968663493427,1.4853419845598133,-0.5222180477161285,-1.7768368141147235,-0.6645494428535965
8874,-2.490173764938511,-1.7131365764663826,-0.3428933471348117,6.124886386336907,-0.4066187863990285,-1.1720639113979523,2.422002582641717,-0.34353275758414625,-0.6762013606502197,-2.253657849760767,-0.814410763603588,1.6658001489577536,0.9575249534664216,0.8253174787948403,-3.616726564587019,1.3424740893234777,-3.080957827004946,3.5723678700067047,5.063764509708054,-1.1638842971958336,1.332243657186936,0.25248537664967596,-1.07019372962559,-4.414415516725988,0.6917872158007015,-3.8081694971458333,-0.3083493043224337,0.19939172691131368,-0.21424888772068584,3.439588746480343
8875,3.427998225805741,-4.355683026814756,1.988905620978933,1.366274332264215,-0.6909021593255575,-1.7365929929083403,-6.234282276022785,4.657445991839502,-0.7901875172790067,-1.1453309769932698,1.1759185251903626,2.336436253265923,1.6791087212325806,-2.239042200936945,-0.10847322301878393,-1.170106654189869,4.216051109388641,-2.377537752476149,5.560543475166323,1.0158572440019888,-3.088421181778985,-1.0158352162360362,1.1748252562596466,-3.646969577415689,-3.1022912292953286,0.06175485642148715,-1.492162307734155,0.4578494373265505,1.6510812193572058,2.4237680239276216
8876,-0.7554083854108118,1.9885886823585253,-5.905543592767341,5.727599619420843,-0.23624432221302083,-0.8189920013879934,2.2490793790284087,-3.7519910617696475,-0.28027052634223537,-0.901927896117444,-0.2876777815298208,2.972787886731446,-0.9107399309406574,2.9337461968143224,0.724824454317222,1.447893460412331,-1.8499198425742254,-2.3458043380295095,-4.325630639254921,1.4980080388145183,1.5320479663909623,-0.37813663823977706,1.987247950547129,-0.3135366782606894,3.2551280763944064,-2.532311187366904,-0.786227268301289,0.7589277289470333,0.40209836559994905,-1.0976157152698232
8877,0.4338139830095482,3.411784544097628,-1.7700741357580263,-0.40763424326200237,0.40087223930932936,-2.0687623873962577,-2.136701646127598,-0.11963458902267377,-1.1959608086120124,-1.9241849138440958,-0.34733389197008435,5.723815849577203,2.9262422808320387,1.9100074164534533,-3.360625707469575,3.5414359473498287,-3.9237428612913003,-1.0933170758749853,0.9333521907365601,-0.1241617483954478,-0.40266458338297006,-0.1969185761426484,3.106638333527247,-3.3162456163455083,-2.97414610697113,4.372007084197275,-1.9834179743637144,0.9037858647741279,-0.9093264461121464,0.5910975784789514
8878,3.317809300279407,-1.7699733661704613,-0.7706760554877512,1.064755403016509,-0.3713347637564066,-1.4705805178810838,1.6163738129830598,-2.4911922079923734,-0.3109424150663411,-3.090130861798027,-1.0266411445568218,5.302532816431224,1.6557620311267485,0.6947783700431849,2.8184851694291098,-0.9733651124178131,-1.2266673191396542,-2.9689931390421425,5.171332338465039,1.5038176989679535,-0.1840210154781996,0.43103831308619167,-3.1267409516054254,-3.7954263834383184,-2.4744754410198198,3.192581003924033,-2.4794425941407248,-0.2607359603858326,1.0365337172289841,0.9855392743967091
8879,3.4113352290703247,-1.919721358154682,-0.46255913083133393,-4.171893593357279,0.6925495657763321,2.450289287496858,-1.3373317521469765,-6.202962821670216,1.2263687240916186,0.7758502176311737,0.8343178134832643,4.7037578186118445,4.172112647259173,-2.3091026573199507,-0.6425328482508448,-1.5692163492647744,-0.5207432236165452,0.8694824311923828,-0.4189881771201769,0.6226289356192733,-1.4803356949084279,-0.9696079299914162,2.1240643954318212,0.1222384709661597,2.3086766439978277,0.45992451498386444,-3.339038067133501,-1.1120938275058787,2.8496649384482247,-1.167134202787203
8880,-1.7108528093975437,-1.4769187184414783,-0.1637406175046543,3.067714401104478,-0.9925005027959644,1.2762982470353794,-1.6633668414217802,-3.9371406227891406,-0.6183656564977085,0.38145050654796187,0.49606533276764253,5.341357281393709,-3.156671374014122,-1.1781092382234721,-1.8744912426852132,2.0060422663227655,1.3346602892118433,2.8685692993876906,0.6371221429446194,-0.4090945332862699,-0.4341151235766514,0.5593113280610922,1.6388867515658703,-1.9921105657114033,-0.2315116512660964,2.116926386497756,-1.0736166866801788,-0.4872038257585585,0.9921688483630291,-1.3167630711526108
8881,-3.276477896475731,-0.6783152540908901,-2.7577618049838364,6.092171564459047,-0.6059903239462212,1.2263737150378553,-0.5671689310912349,-0.7686719535747599,-0.9948303148762818,-1.6967627120624034,1.240734665789021,2.786699245816383,0.6422612658341222,-3.3497296284401212,2.6737950026541206,-1.438190046189952,1.8568632177531512,-0.3849998116118485,-1.1795535815214109,2.1284657023839095,1.041549351655604,0.19787020284405,0.3826884781135682,-2.5710201534784787,-2.72392752360318,1.672112796557471,-0.8957785010768653,1.1934549596291113,0.4871543174607851,0.26698395103598926
8882,3.1668493939551965,1.4532165101980645,-0.1463041956408766,-2.8922173257979686,-0.8609655740573647,-0.7205788086568159,-1.8811273404607327,1.4467349904828843,1.0636431056545828,-2.7940305491374744,-1.1338342629338056,3.298614056395291,-2.86668221830152,-0.7165036040627903,1.6089067395232703,1.5378981905916476,0.6850094997419909,-0.2486286074931474,5.654072038740903,-0.036630728631571685,-2.914470482483665,-0.36141204603500476,-0.7554328518297613,-1.586125929763643,2.042180874185636,-4.169765191136726,4.826908650416549,-1.0441769669658707,-2.780753223262229,1.1256058567659721
8883,3.308113601030577,0.8708059187067008,1.9360765512218272,-5.062441935943454,0.6100206724608981,-1.6625748074763251,3.529864002982549,-1.5294829309729039,0.5274198650690414,3.2916100905760715,-1.1023144918060837,-4.717096535847936,3.409234841445361,-0.4448058182555208,-1.8944401991289688,-4.215241890106551,-0.26504653893941565,3.4102996049845586,5.40428903334892,-3.4234748288535624,-3.2294513582976734,1.2204075510196226,0.9108757853536975,-0.8826461825737333,-1.23966401386026,4.136170242394137,-2.9236534660016247,0.2932982132926334,2.551594614535979,-2.8177455903575304
8884,0.21970641825546977,-3.129584701606486,5.009505213959979,-0.6880411482321414,0.18869848240048492,-1.6002842647770947,-3.696683737778269,-2.4677535030643867,-1.0412235156933267,2.4390756317607156,0.6630187050749434,4.103566419701064,2.5047679739220925,-4.0804640924935835,3.9644603419442426,0.7047684577928202,-2.912553206386102,-0.18097947478001153,-3.3913094542686224,-3.1932173269511672,0.7477646953264774,0.6637490830532515,2.980567205843915,2.1924457969933577,3.4746871156596377,-4.9417316649753165,-3.001918588512961,-0.05457569689966135,2.2604484547930532,2.2630903799386033
8885,2.5487461194515717,-1.443227682410157,4.434283609625496,-5.332397743644041,-0.2720391839202707,0.06463488089763914,3.153614104334597,-6.116675923097183,0.7983283045761853,0.9412097122686447,-0.9487094773917866,2.1722332793103263,-3.207009869215728,2.7774090994296223,-1.8699022298198074,-0.7944310988481114,0.5315253447829917,2.5624087536705,2.078302446511124,-1.4412836555482293,2.8133843009823423,-0.5965330323172289,2.6339982503025183,-5.487868309933312,-0.48331989407104814,0.2788423290375981,1.9105733631223636,0.508777960886758,1.3691351556817182,-3.5840089146540244
8886,0.24192970426220484,0.34854959579648437,-0.755022503096459,-1.265878793237043,-0.4299241333756907,1.8603461296507522,-3.426151809549026,-2.7234842516565436,0.24276453857265157,2.6386862304397525,-0.140293925065909,3.4084792172598384,1.4138638299989879,0.601264159456889,0.379521261653867,0.4897775333924983,-0.5077473539468436,-2.3766794305559547,3.843236506883464,0.14953125585704186,2.015070237649155,1.1523900224743322,-2.8739005037281373,-4.286327519138631,-4.633127259809884,2.02010486253743,2.5650366598735843,0.44318826339166595,0.670959533122435,-1.0661620591118535
8887,-3.5544182971958556,-0.03508823987680998,1.2302876299853835,1.6687965232557112,-0.9700214634507045,1.6604438472825063,3.3547394080809916,3.8472506461140874,-0.795778521560571,-3.0360374360424256,1.1485837298516826,-4.518757826443007,-1.38404603717834,2.2328508473293915,-0.7305959787170409,-0.43314974199514467,0.5709320660655841,-0.2559911555049741,5.939207008061089,-1.2471357293797851,1.279803605499744,0.04586418623218247,-1.3087706234237668,-4.708968446992234,1.751753538279953,-0.45196750869043,-2.488991942911799,-0.7276719242111866,1.3822642433320134,0.5346135942048367
8888,-1.3340637284982044,-0.648630495243971,-3.2684899163350494,5.98548798364364,0.9700775269454027,-1.704381370511582,3.358787935248401,-3.7739387950133043,1.0888769640919191,-0.9114961000526236,-0.8118380453314149,1.0496080410577875,0.4736860209862783,-2.3869238897842084,0.08398290391090057,4.131637138399139,-1.7277074376029748,-0.5746747359096425,-3.206302987919724,-1.2099498667266584,3.236501126665406,-0.02205729863070971,2.6107239953385033,-1.40891496872959,2.765371837821693,0.2595900237498583,2.740011127341905,-1.0382276738567229,-3.280545505897008,-1.4461998091563348
8889,1.6096538493153574,0.029013617305416517,-2.5668039318883125,1.9742461857310083,-0.8093217107170108,-0.23678800974619918,-5.895207965540568,4.926076628254759,-1.2231716928772793,2.456318898041932,1.2369633019288555,-1.500979169806918,-1.6806053786954678,1.5679747802594761,-4.140796742081619,3.954909213953087,3.7268443577474386,-3.4283262311834246,6.039394727468125,0.6759973539159994,-1.1353033080251684,0.7514730621827947,-2.795944339619611,-3.5356174959249174,-1.9696929848544897,-2.9715082249610028,4.712600814458714,0.8092650612335968,-1.159104143600885,0.5784394777274304
8890,-0.3030576474719151,1.8017490539511414,1.0409231728790154,-1.156079365818659,-0.44180746470699517,-0.9417277488323332,0.0281306441313518,4.101477759513344,-0.6945683378945189,0.7027528507346847,-0.33054458063796943,-3.8072483358461042,-2.4470450649870745,1.3580458965435227,3.804158833792428,3.5142523300706365,-2.5922055255191356,-3.637206469900894,4.351556979509734,-2.9584519739675166,-0.07652806650298416,0.42275786875391663,1.4306177209642357,-3.1699525287601737,1.8727354601958943,0.462987321163304,0.20254847695183642,-0.7930492924122339,0.4682062872126451,-2.213428253108086
8891,-2.838240036164498,1.6552435421823013,-3.2014482488274574,1.2623229397022477,0.9951127802598756,2.127009022847796,5.165909578806136,-3.9867130633774828,0.6777188232378659,2.834006222516102,0.2966943731282905,-4.987615934310128,-3.5109146454576727,-2.2060340009826263,2.7357879518273442,-2.978087069714425,3.600164825966033,2.359082938360835,5.894663330751481,-3.1091724045023756,-3.5444779775337185,-0.3241133674535357,2.0707063705194866,-0.9876059517841682,1.4558069084138943,-1.6080448609305655,4.8319050801645425,-1.1832780892479455,-1.1844708011600709,-2.3119182372364726
8892,-1.9311711281392743,-0.34075971635432367,0.30734078942014875,3.972043156354548,-0.46303743808531816,-1.5444156631955241,4.853055835084348,-2.2047715615253622,-0.3343918132352428,-2.7021147950951914,-0.2220504718786458,0.6102728066508867,1.005738704699155,3.7878049021970774,2.32334028170294,-3.8144644269656105,-3.7778871743754845,0.47546771274139843,1.8239872760277294,-0.9061084032183668,0.7537704146253077,-0.0744105631094456,-0.5788864738054986,-1.0183522505225255,-0.8586548166644441,-1.2718439407225226,1.234446283523237,-0.5208708500064736,-0.4023413125585229,1.8192646364320915
8893,-0.9329608223830874,-4.531551346344639,3.1277822606542003,-0.18099901884360037,0.3753000741116761,2.1424288528057147,1.41739464216802,-0.3065192753349706,0.4837414917254801,1.0455229379127644,-0.766424817582589,-1.8737149788879037,-1.6578005674879304,-2.53440625486307,-3.147450833037464,3.359651048533916,4.1253824274290345,-0.14537582057501552,0.19625377686749346,-3.0256803243539725,1.2817742657242697,-0.7968734446785479,2.6650088801633736,-0.32048315372539093,4.9080651938106215,-1.9093884601991462,-5.9087063716773365,0.38779091150348677,3.6922586106644815,-1.1700198840987568
8894,2.4288939181316778,-3.72492199467618,-3.7888552556476434,3.057528475285867,0.151163369692497,1.876191487214065,4.651211394099441,-1.4698477077771592,-0.5834213214663713,-3.593499172054676,-0.8635863916002933,1.8591431987998597,-1.8187555923483707,0.3448966428503546,3.8972455524052556,-2.6817796436253474,2.289889773052085,-2.0314967323345297,-3.199947630837631,-0.2790714410810633,3.7924604606307213,0.34161409176770263,-0.5950214639473277,-0.06003401653518026,-2.7071910041834606,3.168567887366951,-3.1398029698939283,1.0252132547279205,-1.3502866245313125,3.0034994565171793
8895,-1.174005366794118,4.547931452078242,-4.542075891066311,1.6093140207616798,0.18219265019575426,-0.6233568651749692,-5.74942698963935,5.389331898462604,1.1916773570631154,-1.1430155331578664,0.6599930705823231,-0.3485598033100281,2.3800656185252826,0.4019399585439949,2.1398384015510032,-3.5670086656230353,-3.0899414122129567,1.7351060992150877,-6.103739126098482,2.707390637317971,-0.7649467848721248,-0.9498229138187719,-1.5743005689778098,6.685418756446431,2.416335316421655,0.2258622057386468,-2.9675672059698215,0.7585357123304028,-2.2144414257078946,1.781275397190388
8896,2.017930375115327,-2.7069984061952717,-3.575979482711869,2.1267241959862986,-0.3270999482621961,2.465423266068001,-3.1726921758642526,-1.295331132583108,-0.06086731588192329,1.909783548901963,0.9186690582046575,1.7004380172234583,2.063798578291248,3.1099808446196597,0.5264545702827199,-3.068260049880786,-1.3063157020609673,-1.325658241252535,1.623653142706516,0.9658520000170991,1.8912924988271769,1.1226436511001499,-1.3065924194992817,-4.296848873154449,4.681315465845138,3.9511700366268165,-5.336832394104359,-0.022470629406440068,-3.56289958315074,0.28971710419297025
8897,-0.4572311952195207,5.3361335393007465,-1.0622971557353758,-3.041347937139623,-0.30034559101653646,-0.474911660189381,0.1182130770242793,-1.118596054164179,-0.7280243501869439,3.0157200036003715,-0.3566821437409349,-0.9306305325317723,2.3220188480454205,2.5074248162636117,-3.6968009053663238,2.387043662429903,-2.5740617335120852,-0.9456246878612049,-0.7702173641873031,0.01821244489565288,-2.885036434834422,0.4366159573755253,1.8390650748716588,1.361360321876088,2.4697334051531357,-1.1666149686611504,-5.523648904978991,0.9867020391318739,0.2694520663409641,2.964376363017564
8898,2.253108092647345,2.0760851960458417,-1.8534874269792532,-3.909101667064501,0.08721498288346519,1.3461808224674172,-3.8776393417819506,-0.39865157293777287,-0.9014825101346124,3.016770435798499,-0.972250941277438,3.13325393033411,3.2951005875410964,1.0673083740585554,-2.1173102307462113,0.7093746534407934,-1.4622883290493007,-1.49218505524561,-1.1520630300241521,-1.1987284802610674,-0.010438257574630683,-0.9573985377681256,0.7306742205669536,2.5879540850582003,-0.0027118329875683855,-3.0312018234214833,3.946396083666592,-0.3566954704375913,-2.5477421924937804,1.9919552356772456
8899,0.61943635569828,-1.572818926328246,-6.229734824903709,5.548871888136301,0.4605634095498954,1.1736820978477631,0.3121663072316032,3.8895216432580604,-0.3520161652337528,-1.22124903586759,0.8254660965633533,-3.453888845950811,4.065681800578716,0.7614124361676886,-3.772454068872504,-0.4745043676216767,0.7546817633639691,-1.3348175636168857,-3.661048090611125,0.901851254718558,1.5958730616740553,0.804727125666794,-2.1600137639386237,2.518610412487508,1.1420575755296944,3.83326853743279,-2.3660443816976624,0.05056163290443827,-1.1156002818122914,-1.5442430823535869
8900,-0.9182115747313215,-2.5094940304974003,6.056810631613416,-3.2426648400832825,0.6799799065342733,-0.06642009283538997,-1.027736104404834,-1.9801190689007129,1.0206522780899316,0.9828798856003385,0.7053423585257894,0.2989806510903428,-1.4583224474804073,-1.3177589837601076,-2.2260153726637792,-0.3927575707426705,2.0749576969295873,3.3198966777166845,-0.23338666166756994,0.5336852769772111,-2.783808150361642,0.902241030732303,1.2916647290319823,0.28960377528485637,0.8613206505012734,-2.1692904428835647,-4.128885240526621,0.5710541391374901,1.1529982847126412,3.7128026090621553
8901,-0.7104199533031874,0.05815034526074214,-3.040423335796998,2.3989442375670116,0.7079798437900848,0.5857688624826256,-6.0579287007298745,-0.3159424877949597,-0.36404643716154617,2.0804213904002395,0.28668590175880304,4.370810333528194,-3.127096486625229,1.798505136954386,-0.7617183356186281,0.520939164314818,4.114850365253226,-2.5454798442792725,1.7194731549583437,-2.9137487292684146,2.01144295168983,-0.25056568784999556,-1.7108778533788591,1.1442761638462287,-2.143420924304415,0.21109041914750648,5.8024971698261325,0.6911156622444423,-2.1916785228941436,-2.3696038040161316
8902,2.2338232783692504,1.9264173457353095,-4.36655999552093,-1.9689747660117618,-0.30957290933023973,2.484867046758648,2.1737182296265942,2.0783522556336216,0.1955505421094479,2.0542305522475424,-0.7763300845147025,-5.725521495101617,-0.1590926718509138,-2.08451617483332,0.13383135682772718,-2.7799066426915022,2.0739455895819425,2.815738542965402,-0.475879803011523,0.05347775390415066,-2.526100417339414,-1.2212991141566851,1.3993570737877938,2.770444506812858,0.9066367133011362,-2.068205510845356,5.389853812449299,-1.2384843548919795,-1.7740765169414061,-1.2157241430683055
8903,-0.045318235529352435,-0.35896793379423997,-1.5179443299002635,1.720131984480581,-0.6736039631608703,0.8757024779044205,-2.0225854194474557,2.3761871224479982,0.5249241293438622,3.2179599064986526,-0.330190902927173,-3.7662948359149873,-4.231720476306913,2.829720185353011,0.9228579973206124,1.9756211599473836,-1.0085862818781877,-0.4878925844366009,-2.9587444164248886,1.530855574712028,1.9533208917888025,-0.7820578749566653,-2.9957892488282827,3.2524150737061603,-2.4675093325668094,0.13060116060463045,-4.203233573659112,0.21435680393617496,2.8370671442418924,3.488717797446629
8904,2.059574133703702,1.5236739527327465,-0.45425903218597696,-1.5555876888628006,-0.917552792324265,-0.6558485730631194,5.296934401061506,2.6840318316370855,-0.3513300057260489,-2.1330388061556143,0.0035827786676891904,-5.5001801994837365,1.4737658220635481,-1.9680234556375265,0.5828849898509816,0.6185725218030349,-1.2721964183828192,0.5649965403021078,-2.7793623904882736,-2.9237568451908142,3.441882449240154,-0.6560613982316523,-2.7080816746823846,5.625379859350112,-0.7745427438656236,-4.860482709085021,6.058070602138738,0.1975711070171604,-2.547603333206533,1.926987077004675
8905,0.4976703054540028,-2.703700864403057,-0.42107129802878873,3.483692544603702,-0.8469448898905827,-0.009645797734975758,-0.5888351273822323,-0.312224601446065,-0.7830399970336197,-1.0695952687685395,1.031947649895522,1.721747344735828,-0.0008691616808498281,0.24048171455907053,2.065922979065853,-4.181366842089572,-1.2021853155765818,3.078016625721375,3.7000855387853946,3.022285684793321,-3.1587676918883663,0.4270118654307016,-1.2358734074996143,-2.754741989624275,-0.22476592787779026,2.2757255260413167,-4.244053553832842,-0.16049223360714926,1.9574783965807896,0.39610779269903773
8906,-2.1153754721976554,-5.459820002925756,5.773918292017569,3.687264018035865,-0.9533593065518078,-0.9326275283778962,-2.3092938202816065,3.927827047945481,0.3271777465433745,2.732287586082311,-0.8106287731169104,-3.8673697871717785,-0.8807943740545845,-0.5161417888401907,-1.3934203992361063,2.247098813031659,-0.8466434736230717,1.3899012227216048,1.3875802758343383,-1.0276642829194067,-1.407359650329175,0.5017427416617402,0.43694360282539435,0.10875731292426494,-0.11047362513243186,0.9794735837556594,4.867899124343204,0.5768032562113872,-3.5540985034212245,-2.759603835753264
8907,2.1747293645507284,0.4629867559600065,0.05465084587397584,-3.5109610272320317,-0.2814922851643109,1.100086346011965,-6.202733636666235,1.9230801651847678,-1.0038231458549483,3.2310516273969156,1.0192186753020378,1.033206314638317,-1.6019167255971674,1.8836199429937786,-3.233605721192699,3.2199841130421163,0.6140377736645597,-0.882119382911279,1.1316314306252409,1.3894990456862004,-3.5161110636657007,0.6333930897697906,1.4440588052021877,-1.082471307620537,1.7782724743296363,1.324342530480532,-4.200955227383414,-0.1483177722310698,1.5423729798779533,-0.2957149850702798
8908,-0.5119492524398765,3.8383920238610436,-1.6484846171003973,-3.4355172357729487,0.3398259876652987,1.4177330937872217,4.181354886269265,-6.167535147001029,-0.22267469582742105,2.072964356782478,-0.6304375328923353,0.7663281326699014,3.8032800529723687,-3.3478529337508505,-2.601961127393505,-0.37086560621968445,2.460061313993325,0.057338300397663744,1.9586058622258413,-2.8099351164714648,2.933184858463246,0.005376254139075165,-1.6971335559853582,-0.3900983023741489,1.4538795267142284,4.297588388646734,-4.4964819298534024,1.1577331450539505,-0.07645309274774448,-2.336266037810381
8909,1.8798931041218836,-3.29494803266633,-5.364308560900234,4.119506187027913,0.6622752194880932,1.9975820829290356,-3.096724285544017,-2.7109627451037817,0.6295359669143084,1.2446078793520812,-1.1632673515335954,5.09681053591585,-0.3723418761975381,0.7056507999280761,-2.232489497103993,1.682832677291863,-0.26531210563890184,0.4816600017198187,0.09017469000431078,-0.6154436506739884,-1.5198497430818279,0.9474824647739952,-1.3810987339278213,2.4787349729025223,-2.761276091151018,-4.028199825407812,3.161832549656296,0.6507593186555773,-0.027846989550706525,3.0047310378010614
8910,-1.1744573655008015,0.43146249782862256,0.8251653915981905,-1.1441009255793162,-0.11104834143603193,1.1729787430896828,-5.694425332191717,-2.0059747559573786,-0.2842414991131337,2.242830579766263,-0.03457916584936882,5.7763901733461935,-2.225992034114686,-2.4197546456856642,-0.2853988823439906,-0.4849657863516583,2.780292384105085,2.635818964390239,-3.988241405038945,-3.343319549188559,0.9766159844775082,0.25068288798831073,1.2635188019689831,4.840743279789912,3.221646323491978,-0.06773929506791276,-3.5742060552942334,0.9024118679202076,-1.1752071113607716,0.6930942703141127
8911,1.5556526788577045,-0.353511616243388,-2.469124850302361,0.7918167210891234,-0.6379454656212209,1.1131125322204998,-2.013016759525385,0.2646486734051692,-1.0329245587195581,2.197821360566369,0.06291939190983342,0.5205518923644554,1.1589274106526766,1.8359904062243828,4.1345299186348825,-2.106955554308076,-2.9047756377704825,-2.1177165434340353,-3.5731506216279243,2.4931621720427763,1.90724395874717,0.5942865471439749,0.23713382621295587,-1.6586758825217451,-1.7905992742474623,1.2909630853573333,-1.5927042054728773,0.9689632462725317,-1.3281253920404907,2.4515025401343777
8912,0.2731698935172755,4.969660126139569,-5.632088942422868,1.7041028906910647,0.7726280985375404,-2.087472066462217,5.456734761259842,-2.5826015880063444,0.9341429262865848,-2.8408704986950415,0.16054464562387594,-1.1279502464680107,1.2899868693733865,-0.3735056481484378,0.39025485977464314,-0.4381221243580242,-3.3472437051717367,2.4786297485295385,4.090497494036526,-2.629509187857151,-0.47176307065064194,-0.8766581776044173,2.0843180170582887,-2.19688507498541,3.7948485541831474,1.514742066411305,-2.691913348487258,-1.072570237756591,-2.281627147168674,0.7365201128214558
8913,3.2901985170111026,5.228551593333677,-2.378194592120348,-5.390805187097641,-0.6132184863836427,-0.1365318447427768,2.0614306334417414,-0.6994689309573587,0.38418131172588055,-0.19185398316711044,-0.5756085258017531,-0.9786805052404617,2.5879992752268244,-3.898621917627594,2.517115028269181,0.7693885142376935,-3.0319498579265804,1.056068957819818,-4.202802557002485,-3.1738498161344797,2.3664293287404696,-0.4523737207877012,-0.7561111818785236,6.218707947059912,3.23553449343801,0.7882751426512691,-4.436777070485611,0.39459111943240277,-0.8131070004459158,0.831483315413239
8914,1.613581290437562,-5.228478387291958,-1.1562140665887632,5.045079331101057,0.5776329540118113,-0.8516011216693116,1.7977432499842116,4.494945771797404,0.19608279886799274,-3.3256494144992637,-0.26775104088237356,-2.8953713652669997,2.1525753095993103,-0.8315625337026447,-2.602854437297376,1.6928511415538523,-3.2814553102427872,2.8704458300890074,5.397448956867009,-3.1035917345020714,-1.173494162100086,-0.022096590235713087,2.320685482971628,-3.418951953003564,-4.767389375858732,-3.652951832675658,5.73023147355897,-0.6288546054870032,1.3269040300967383,1.9920603103690517
8915,-2.8102642318643056,-2.3505810606695334,3.1024642828612627,4.800229657848458,-0.9901842236801792,-1.7516644244952957,0.5859438092981613,3.725808287513516,-0.9225001728052682,-0.17455593690242566,1.1596782874071065,-4.374374274510114,-0.16605274065912567,1.4098988717954484,3.453920990652083,-2.506366072852762,0.2417370261530749,-2.433138075089353,0.2547728682501358,1.1338527003523655,-2.093548739713489,0.14490578059507353,1.9269957624059355,-1.3669783718927953,1.0740536616648697,4.112630419520368,-1.4935151860911162,-1.212824390057766,0.3132499999309353,-2.7935945049639113
8916,0.9328457348860084,3.2393526830802912,-5.7969066841153385,1.9369783335744906,0.8070075871011513,-1.1192776545262237,5.369700672195119,-4.280483439755066,1.1616436005606001,1.1095554059403057,-1.0230874468805573,-2.3373287920594343,-1.1871958186007152,1.672656619178447,0.24399521915008648,0.17918689040571323,2.492883012903505,-3.401525923037658,-1.0869574512507185,-2.9181602265474016,-0.4780460221584768,-0.7550398041665929,2.0734546667679137,3.1647488373525157,-3.8213035760527703,2.0415659581128445,-0.928193025627639,-1.2413209290312532,3.2229984149260176,0.7262531576762115
8917,-1.217172899467025,-2.535061232412044,4.215062358247412,-1.27889822215786,-0.4260866768857767,1.2421566726756659,1.9703624483528515,2.3933947157812767,-0.5328008267815108,-2.268328554637428,-0.22658635860081588,-1.3360414241133967,-1.9826753155840269,-3.260066956352226,1.0952815053321387,0.5384669336602599,-0.05431386906260016,3.6633077020058344,0.13800607678184207,0.9608902745962666,3.6136163511390897,0.8573225524948089,-1.8015994091957523,-3.7682358458189924,-0.9755327534621365,0.4136259155473283,4.362529893981389,-0.4320063020902296,-3.3408378409505612,-0.027778913022403984
8918,-0.7694162789136669,-2.8469469984110916,-0.1388160339898903,5.553804508126959,-0.11221522286449659,-1.686409973947459,-0.6934833115948145,-0.19065777827766084,0.5230886642024464,-2.5318490702772483,0.3892017167575661,2.503699779190722,-2.9924562339084186,0.970285264470494,1.4522334595255622,0.9038199428220182,-1.9252048695627266,1.5913224366524226,-2.8613010725634105,-0.7824865255615396,1.7266853197316507,-1.1784975993798752,2.2147385306091945,0.8808613471612503,1.4800060241530453,3.173279700820455,-0.6540759999646149,-0.45179650946525385,-2.27486460378738,-1.272548611752855
8919,-0.05593833972202589,-2.7747700336006282,2.1557109939456645,-0.18348573765102216,-0.469378831676905,1.3278619487053174,2.766363884005912,2.416552389993747,-0.8717166197330926,1.70440821758055,0.06193878328052804,-6.077546655126614,4.174306138159917,-0.3116435572323404,-1.7674220786073516,0.7221484859655583,-3.8994157275232233,1.0820267392367882,-3.0555394419081168,1.9530608791597892,2.788125004239614,0.41510425939326545,-2.7707271231672532,0.6699764222799693,0.13619673376576102,-2.0737400326033963,4.944320190838464,-0.5531848487724762,0.8491955535760809,-3.3027875968010036
8920,-0.58208886891242,-4.450362294154772,-0.8184469797533325,5.726126561731647,0.766915474963942,-0.6421438938746835,-0.3911474514708715,-0.9001431161434503,-1.0061443570095157,0.31760235005747006,0.8378899523948391,1.1419426221725466,1.0572624266368607,-2.3877862955209235,-1.2548319699088832,-3.838878540316683,3.041546334906073,3.3826880442029115,3.9255612582006876,2.1757389811188474,2.025607761147608,-1.143919752063165,-2.5872053151416363,-4.395782933265078,-1.5089094858701522,-3.538549064319053,5.65093308878134,-0.11704624833327859,1.509725855754052,-1.9961541460095038
8921,0.20722142616697425,1.9728406472699298,-0.6802376368947023,-3.3059425749417564,0.294235547727109,1.5118825906728564,2.6825317915354745,-2.3704465407005024,1.0601499513776371,-0.6615664879295835,-0.7482684206664674,0.0375997063844693,2.1446586557727194,-2.7181006856932726,-1.5157937422777295,3.954728997719293,-1.115671938563219,-0.7498212869584044,1.1648012176296376,1.163217852571881,3.464579090266856,1.0365704039308632,-0.6381542086841705,-6.191014355717815,1.2640466483942774,2.316610118070841,-3.6176614748898857,1.082680673177487,-3.302730361715371,2.257054396966069
8922,-1.442305491560285,0.929056850286532,1.4883530702330638,-1.7179789823372573,0.41819529594108173,0.3246792574372819,-4.472501453871455,-0.2426664892435646,0.7890571582455967,2.355706460139153,-0.5932074998114052,2.163611824542663,0.742973693950951,4.071697942626109,-3.89939301564422,-1.3637638545613395,-0.9910659968392856,1.4395512304671527,-1.919691380539927,-3.087183939387007,2.9721087538405087,0.5751317844878177,-2.523932919307539,3.983567700903418,4.058218494745088,2.034193896829784,-6.072708409798267,0.9434733859343378,2.2065012837952303,-3.1696786515027036
8923,-1.963425590467807,0.7119133417108188,0.9126890376426786,-1.435142146922594,0.28403355671888875,1.4899318013184235,1.9108531805855016,4.141697245895777,-0.6686602197833365,-1.4771666281594698,0.6415139052625332,-4.548237483800037,-2.4435731425327134,2.0208484100020847,-0.3339108524522061,0.15684770736288556,0.2599565974164335,0.3398312802028709,-0.41789256759194515,1.7106441648150312,-1.6810761726788161,0.2944022811791003,-0.38849449296325744,0.4824167872372058,3.691222299393395,-2.4025723326411175,-0.9991329343660738,0.6187772394926254,-3.126439806139139,2.2181455342637584
8924,-3.207698166942075,-4.596480452420604,4.659700560100603,4.190039386072321,0.7703148953713215,-1.8158762221811475,5.783796890144345,1.209684995046743,-0.6678707753312443,-0.5544440737361498,-0.12256120126238024,-5.648605834860362,2.6196739816910224,2.603933473482847,1.1895686520801476,-1.9084081824903336,-2.15635467852821,-2.3484132462361114,1.270691776700918,2.828956907767502,-1.7344109167327684,0.6037915716646998,-0.45620844662236415,-2.5128208927806526,2.297318614876211,-3.555726418955704,3.711878408099917,-0.2080989115984222,-0.7448865000675546,-1.5004851923510127
8925,0.8114132128499989,-5.604077076525485,5.969185735059192,-3.150478698156032,0.5516928816363,1.4222639451364607,5.035842713787506,1.272901357232687,-0.033567626926900296,-1.896581748403218,-1.1432923540942914,-3.235302341594835,-0.9000214220074128,-0.400565411634048,1.2333298854690113,-3.2442563491006418,0.19295261545616782,3.1185606818163265,-5.741172865041396,-2.2610765570469553,3.439580148007,0.9189680344516482,-0.6317105563636307,4.275411795990646,1.1321824863252097,-2.12681365738122,1.9585557968882696,-0.7702118442420414,-0.7960805852742414,0.6023678036874944
8926,0.4228403543307202,-4.307397578567944,-3.5886600131039046,5.663220302441584,0.6109859969163045,1.199010937983676,-0.936085712084342,0.5333113884025842,-1.1671219645138966,-1.7504521382439275,0.8093402394660876,2.511008186974472,-1.4208534718587327,1.1129962451304962,2.307734710690333,-4.168718101404828,0.24359259605106232,1.9252480213910559,-0.09512067386890877,3.1959956150848683,0.54075415281903,-0.5101435880314469,-1.5368323841354243,-1.5946531218708166,0.5756269412957487,3.7336978475071874,-4.119085029831528,0.5728620622390119,-0.6614427506873408,-0.10165907051960765
8927,0.8264587883317329,-3.99427632890718,-2.064488738517465,3.664377175113156,0.14772680201842148,1.4202023019617585,1.1844537841142646,-1.5460287577477487,-0.12503986101316666,-0.9030112531009085,0.6347387777694085,0.7548873099791678,0.8330354801032804,1.4509029738351238,-0.05627381895186545,-1.329103853191306,-0.26969471768882514,-0.6288660641070329,4.737380447301959,-2.354140736928075,-0.8569076249086436,0.2087025359122654,-2.8143292145925365,1.0792945932123317,2.2230458766345187,-2.1341487958203516,0.982374168326583,-0.5925067247700779,-1.0951522852404274,0.6163877608732715
8928,1.4099306666692364,2.0312931737528857,-4.143534148730918,-0.791064220142232,0.5402688258088091,0.9531057026426542,4.796488198554311,-2.696337904844551,-0.2513669332898161,2.1673044796338523,1.0427565539068846,-5.058844393959625,1.3386829714470316,3.2621427426671126,-3.346263179782291,-1.7478348732298237,-0.025204294017495243,0.518476632914858,-6.168971641613432,1.5201674320863763,1.6076323715180827,-0.9077708113639709,1.9078408648179987,2.041101784552268,-4.02951736596448,1.8882594227486642,-0.5361447706253344,0.3671178310793284,2.1205493836290934,0.18973549913624232
8929,1.2935608313270244,0.664675056668667,-5.959965802073761,3.2346697268839932,0.754418538533542,0.01264164866097417,-1.1521280915489527,-4.5268300780242505,0.20864511600788305,2.4500559392365773,-0.7386572788127603,3.7589143931425646,-2.6015228740759717,-0.031133468621586502,2.6524104914753224,-3.237663952894094,3.7446809048348655,-0.526771100719106,-1.1174749721111041,1.0019042265467881,-0.7947729155431258,-0.41970195230059293,1.2001355082624734,0.12991010514288348,-1.2847117041968268,0.7575300359582471,-2.982316698867411,-0.9462287316043279,2.4588095146472426,1.9969175840665585
8930,-1.6131314473799527,1.835621295911281,-2.4923660758593833,0.444055166811701,0.043314546962344824,1.7825065135544662,3.7385549407935486,-0.15940915583247772,-0.7119393589373049,1.1450888661556782,-0.22541194518570684,-3.786883346992667,0.11400167051958832,3.114592856833692,-2.7569250326705763,0.9444597848608325,-1.5120801721903874,0.09595089264629664,0.15626448231689238,1.4085155779404293,1.5740172839016502,-0.28909083694778914,-0.24403658385624816,-2.6056699233576452,-3.9196588793959997,3.7784236434847465,-0.2607150192733272,1.1755311226901108,-3.6297215844326605,2.8561407169306072
8931,0.8683759965881794,-4.0448784845944274,1.4833943875739237,0.14261183449449533,-0.11021054528276197,1.6607068112210328,-0.2953242682526529,-5.111599402113281,-0.9614491618438201,3.740479413556354,-0.6776374657478392,3.3055308844022946,0.7894136580188942,0.5276822395287688,1.6249066863590969,-0.0996251767964047,-3.181427500473605,0.3390500933627152,0.352393658803301,-1.0663993935115101,-2.8420949215689983,-0.3685928261584843,0.11100178486230305,3.813691697570686,-1.429987300940109,-1.6968986492346367,-2.8477546261950835,0.949389217914546,2.4076785576259,2.617572800832889
8932,-2.8038158075655453,-0.38709578919986853,-2.064523940485234,5.615871926988181,0.5207621519043677,-0.8811985416414494,-0.7898504583585861,-1.8431285968928215,-1.1055445716501504,-1.3390016972894152,0.18646846721610366,4.891056856975901,-0.6364984997119834,3.0645881204928287,1.8680942604210458,-2.9729738219099495,0.802237672303864,-2.1254477315963474,-2.208602934740938,-0.415653897392426,1.5455466860114235,0.8570242289240841,-1.8484258309076065,2.0701117481027573,-2.501084557918574,-2.9939992582541777,5.498144761365985,-0.10236662455977719,-0.7021680120205236,0.8014736913905942
8933,1.4761597643552484,-1.3727615513984261,-4.277400377771908,5.850706902666019,-0.5318832987548041,-1.1448214390957396,0.6843804876012349,-6.110415648594788,-0.2724955785184191,1.8497184260573576,0.4421659691279176,3.406646344327715,-1.2416452847095698,0.8733730664038895,0.056870044821884846,-2.3723916868684487,3.389234223857116,-0.7054403635054065,0.7966371293800023,-3.4294498215153055,0.29000422192011044,0.8032334942621997,1.7804056713693566,-0.24083069541907065,3.416433198530747,0.008003165203092522,-3.004417682141721,-0.263535817969915,2.207257720490478,-2.3637405841092036
8934,0.7109292838880048,-2.8617930067222197,-5.574465470189672,5.507406040034741,-0.22598994683896323,2.4439130998284746,0.6475499690730544,-3.1615173965000523,-0.6920883799083848,2.9535526937193666,-1.1162420951379732,1.3687452087550156,0.6298423662283774,-1.9042117322352485,1.7923264318291885,-3.4824575512272133,0.8757808405006102,2.088719644903758,2.45219919792061,2.874896828963063,1.1893058243424903,1.2446872552151635,-1.2064269623319142,-6.554662144112129,0.04023196231615245,1.560469851679688,-1.01152792203591,0.16655798608863215,-3.2952608906829717,2.539529012637857
8935,-0.8322796809591448,4.477462782267882,-2.334031908909413,-4.000529543775279,0.4433432620086921,2.2460350893676164,3.602584460679033,-2.6926791773356022,-0.5433944302427953,0.7697335788541135,-0.4667842358227041,-0.6694601961310127,1.125988588504736,-2.2981836946649565,3.363424438381916,-3.5156055810458806,-0.10666746116376302,1.4310437099874314,4.492620141883997,-3.1450300686390555,-1.883591282835754,1.2290550840659007,3.0123928687107657,-3.7054467431886096,-0.8733771193756041,-4.965286219497621,2.9394937509168386,0.689959673148782,-0.13577201469482603,2.344981929505895
8936,2.0874964851931566,-2.0234255354407296,3.511161915361022,-3.0070457302027016,0.511897114527923,-1.0800842494383645,2.694718950333879,-5.7050235697182075,1.244168096045481,-1.26481314458003,-0.44930120088276126,3.4802508688026634,-2.283435912958602,0.41402188622801006,-0.8120236196955872,1.051465333692299,3.4165713734967547,-1.7865990607633968,-3.574282217593222,3.2035635352414182,-2.5727649251263394,-0.11111217100059534,1.4943739261087874,1.5602218523672065,-3.975366859062696,-1.837032255738201,4.440117008716584,0.2372541079949011,-2.2221694199527207,3.3571974180456152
8937,3.3243980643464575,-5.700625321386365,3.141495918085301,-1.0925015228075488,-0.04112579110079251,0.3683586528632361,3.1651399209733846,-2.5007481136469316,-1.243844303135452,1.54330194805706,-0.4446812248655121,-0.519168227381531,3.7095782916986764,0.1484496168134477,-2.505686009911221,1.34777486724688,-3.1762668335652453,0.4761500677169028,-0.06385273593361518,2.756965166787346,-0.34979930259107306,0.7509311341747829,-1.129522668495385,-1.964721593944791,4.322848321297926,-3.080644233549375,-1.8723198022678034,1.0970619781136852,-2.524384169894308,2.057437906303335
8938,-0.7210194308382754,4.821140385979255,-0.934881728379878,-1.9652159124928446,0.5258075317112096,-1.7258308459791714,-2.7645195655424963,2.5678430228686366,-0.276551385535174,-2.5528173806812333,0.2345308513673654,2.7915144575239452,-1.960859479102588,2.397584055772789,-0.6134871769014545,-0.22337916665522073,-2.4873090318395104,2.8874507987254283,3.5696105034534753,0.17374259531567482,-2.891535721486827,0.3731656267096435,-2.406301315968152,1.1813183119734632,4.756300163802493,-4.64239004073843,3.651145174808015,0.49225152595607113,-3.6631629714741614,-0.5941438523505305
8939,2.9088961078124527,-2.723826054569791,1.485147078053508,-3.276627155503469,-0.006033261797357525,1.6124432860049396,0.07256737963909288,0.7385708849219732,1.1118317727261973,1.8443762190585034,-1.1431529149060777,-2.624193341438648,4.13132327377841,0.6232927052198782,-2.6845772483144064,3.4764802327453737,-2.0090481057564844,-3.5374708576733127,1.151753005240522,-0.7654985839565143,2.7323322144342974,-0.019607576628299483,-2.7064945854407743,-0.3924844736519937,-2.145133282652168,-3.351021250109426,3.569899716851623,-0.0429864699273228,0.7697040017265913,1.1995372841141538
8940,0.8731877314633003,1.3553534374536618,2.4235674055451923,-5.04043800481319,-0.3478352333558994,0.7361646637072123,4.615340224972758,-3.2790967200760193,-1.0339714459126226,2.288645489812179,0.9183889064035471,-3.5093064551987716,-4.225537986861909,-3.359739883915866,-3.433489991115751,4.224623564425457,3.622087633823366,3.172056663644174,3.0851135970213406,-2.18635668446999,1.8486036063923343,0.341201613053018,-0.9041755083939744,-2.184386623605487,-1.0563339286820792,1.9439868943310685,0.50159428840686,-0.9206654367702782,0.006215124941158834,-0.4747969422232323
8941,1.8241726415905575,-5.266889215606071,-3.0784900879292003,6.0088620395153285,-0.47755636026010695,0.9899009826897416,-3.9426446631620173,4.220984203343381,-0.4066073631374598,1.8723196885140077,0.014379573086561237,-1.7584314386433597,2.87845498773752,1.6900886559449368,0.7712344260236677,-3.629272259973522,-0.6706564229277738,-1.0398493868053595,2.110619024559522,-2.038491254922203,0.00023709728589693668,-1.074957712277591,-0.4159330773374528,1.4185259226890459,-4.191039911519015,-1.6045065640124463,5.497020528186102,-0.9674789076888572,0.347383140440952,0.9186217145967515
8942,-2.9718360566623634,1.873125578973685,-4.442359903861469,4.924895687551238,0.90461798579986,-0.2884432918007356,5.620238247187903,-0.8101101967086706,1.1094070870854784,-2.9164861455716338,-1.2267530279812253,-1.7762959640106928,-4.076556445235967,2.746460286744089,-1.9476590621140915,1.2950072595373037,2.752147011782874,-0.7693990507147603,2.2400369252315144,3.188345745987025,-3.383920368037103,0.21631704513025696,2.642171201456655,-4.902950549771095,-4.615747138814228,3.9783755418652795,2.796486915893464,-0.8398210984739327,0.2920796355601887,-1.611373856027262
8943,3.0102047077826377,-2.9273700388188324,3.079852372677113,-3.38603171917752,0.061868890537007726,0.16147578699981224,-3.916019332833958,-0.02064330384591173,-0.6722750863099236,1.176778168561043,1.2112301044420732,2.2209294499878744,3.9393209032122023,1.931531849450014,-0.7094440373764073,-1.7448367079837617,-2.99249437414697,-0.4240776331556315,5.7958697930621454,1.5112310663411126,-1.6658284295354697,1.1599326908622842,-0.9049676596207163,-5.896237461112079,-3.187886014827896,0.0421796148980782,-0.08921260527335662,0.21607938522626657,-0.6976443916283319,3.7164840116087383
8944,-1.4952839979796178,5.045772586360815,-5.283704235988786,3.1478714849077534,0.7160837506853461,-2.130739587985307,-4.0075362031665485,-4.9070645517074105,0.8026846605762508,2.1989434332409594,1.1372724162509495,4.775700244806977,3.7376740601328393,-1.608210989769729,0.4419475075274448,-1.456849005017462,1.4975103903582792,-2.6120719632319123,2.0935853931089987,2.957732681876113,-1.5315044599537995,-0.9218148111799778,2.2597358196423567,-4.857734623496398,-1.428166543995161,-4.165162777584921,2.384216573940442,0.7561786251187286,0.7575604587209117,1.6953736638035188
8945,0.8229108493878208,2.4495728083844455,-3.5521590719726532,1.8953937405755887,0.46386763741308235,-2.0795859637880847,-1.6644290405380175,-2.459148415836669,-0.07994726577144728,0.3101279084558719,-0.19568822620356485,4.089085039894993,-2.2878680314381388,0.5598288003891518,-0.5645534354080084,0.200247596761308,1.820557545252111,0.2717875244430612,0.24467602397139387,-0.33663838670097945,-3.1169872514651225,0.6386585597448864,-0.8611136909299884,3.4314047453771224,-4.477869814020471,-1.6947652709017085,5.057105824475318,0.11246709026793056,1.6683973194739679,-0.6653351492915451
8946,-1.001751865403115,4.418859733892816,-0.7314149549054676,-1.4553592786699134,0.5812237812855661,-1.8115574161997188,0.5937645985787405,5.898905434740097,-1.0336884225628324,-1.563000830935767,-0.7590688821493492,-3.136911897669709,0.4231553302466331,-0.3492156091886933,-1.9187613797523966,-3.321857395811726,3.3560501219998713,1.8106289325058071,0.03515194032806335,-2.5916581356543897,0.5033908344195517,0.6369400500355082,2.522032571707989,-1.1058572608394215,0.14417865215182957,2.965483752488897,1.1557992225505949,-0.21761140306420046,-2.1677881013296876,-1.8800621227939445
8947,2.744427714944866,-0.5043599623329769,0.6440282793652692,-2.65345229651626,-0.3121267145744022,0.08148297911367486,3.1657016601793515,-1.4107923573623893,-0.2111211078374584,1.5858295925082828,0.128691716149973,-3.2583095036366174,2.842838774388582,-1.1684898434629556,-1.6223988778227572,-1.6219581836135077,0.5782058848296359,0.9918022456804927,2.648707431521757,1.7725182900008871,2.46345223670658,-1.2211572873637992,-0.3772761930777637,-5.286244477790383,-2.921315676996322,4.75200698608198,-1.200947863235843,-1.173023883088562,-0.6006519562440396,1.1439323934862706
8948,-0.00847331108149696,-5.165012142827607,2.2928284744105056,3.1951212426106856,-0.004068142676000974,-0.31039612043595,1.3456549294074236,-2.5030095786773714,0.8028744996584409,-3.2604931724674877,0.09706389558971562,3.5179094264904123,-2.5684869303465234,-1.1515334261711576,-1.524279406945439,0.6253434591918889,3.9080029215950134,0.7109533826757009,4.40458604365455,3.099908601075928,-1.9289508423017203,-0.8892058558689202,-0.6615184872173145,-4.02481945934521,-0.6679476303724421,-2.047981026315643,3.162863482069927,-0.49540988526077623,-0.022710621861708802,0.07118568174411699
8949,2.7912306948646055,-1.5269792310726764,2.019394861378,-4.7452157157349575,-0.6949729269732641,2.1565423175383867,-1.5812521925315721,4.505138787113662,0.21151392791508616,-0.4266819134735229,-0.43135963017277845,-2.2773589788497652,2.038932990492164,-1.9140811829115965,2.1392079649152294,-0.5729096509721323,0.22382674193923435,-1.9149768634633944,0.8651612637861632,-0.5092386371565638,2.8222352387621434,-0.45056351054470145,-0.6284388205292935,-2.0991555343204418,-0.6704746375875565,0.2885629716958036,4.484585911133255,-1.2451482678738954,-2.5130066442263566,-0.34451933313778405
8950,-1.9098765547151917,4.103270056923648,-0.1414257002969883,-1.6288889522308416,-0.5195596909700984,0.09648084128958878,5.9924951088098375,-2.5335730352055563,-0.8383694345463928,-2.619568285616923,-0.3882208894348347,0.38723653599497965,1.4539469338823245,-2.0011854657453956,1.7409484961095458,-4.233829546223504,-0.3313706580667599,3.3714902400433004,5.1254719661121335,-3.358730763563047,1.3910711448740152,0.6980907202591871,-1.800963811196434,-2.054939256488531,0.5267501139965773,1.74717327341828,-0.9354799746936564,-0.07380255841073602,-2.6606696840454074,1.3960288297384231
8951,1.1579860186708189,3.036734491294517,-1.7632190490708943,-5.031041754645155,0.9503423149340575,1.649197978816769,0.4345428066964381,-1.5272550632000836,-0.332534623489515,-1.029536486248908,0.5243144131136193,1.9304689531295764,2.806242306010006,-3.368321809298557,3.2103711465100133,-2.7071660572901024,-2.2750856631476424,2.3339600772158065,-2.4942910484968444,0.32014284261697057,-2.8485051932284424,0.8165531315208492,0.6990144161643883,3.507085851420431,3.0481720457181574,0.022551630661219235,0.030701306637368475,0.5142008426109417,-0.05330680255274345,-3.5623190230714137
8952,2.3828046797285722,-4.484882990847819,4.440190198925553,-2.8991909298170953,0.29525952068638617,0.2658195213244898,-3.905736546803986,-0.7275157538052746,0.45044964488606265,-0.12479249070903187,0.20523244610914304,4.102362700324189,1.218846412205334,1.9693129150555357,3.8882804970807605,-3.1333972812854594,-3.803189955516297,-0.13985258754033225,-5.771227191118015,2.8383020411518203,-1.4182355518997376,0.23154127471950314,2.573945750258721,1.545673676885034,-1.4897304018498012,-2.123033843925647,3.8790029834351607,0.02388034012709106,-1.5683359774738186,1.2782168996905625
8953,-2.048178488723712,-0.21994848154960422,-0.25128189535634604,3.0410245366209168,0.3945896404611111,-0.9162053114522415,3.087067370227242,4.123732211809205,1.0305650843414478,-1.553069315639405,-0.767161860847688,-5.921133489889687,-0.17571350712204037,0.7506265046886753,-1.4270242121012604,1.512338972011836,-3.8974033110736848,3.2371755535960105,-1.439807426096671,2.4012655990480347,-3.401873193084814,0.18448681251259647,-1.809423101120629,4.065351308738812,-4.441260364630283,-1.4925697965542568,5.659639955981959,1.049567338230518,-3.3201475812341634,2.544770448209764
8954,1.4299159794979168,2.4180614802940745,-3.916758726690084,0.5338604456943798,-0.8889724498691987,0.42389327107301433,5.289564185074369,-2.1491599688021132,0.40731363041944313,-0.662327188611668,-0.8254771547023898,-2.0599135033765066,-0.9431673604709232,1.4529895839227827,-0.4578502400902593,0.6285133716954903,1.3352484238970028,-2.015733778954562,-5.340285538073477,0.9420338956192786,3.0708875643206213,0.11785845521272975,1.2836573747320745,-0.07415175181389344,-0.26931384113789747,-4.1801593499082035,-1.761705395838856,1.2297073438427777,2.868839682693988,2.112631560351744
8955,0.9530565294736917,-5.707492586269591,1.7902659792303162,1.880596958637632,-0.561774825425454,1.645347944353496,-4.676854068116093,4.955274818279246,-0.8682403628071782,-1.1301787875350975,0.7351490545949702,0.9848493455852285,-2.9933521487337487,-0.8389485819885394,2.278792821884437,1.16487528353235,1.051294941387244,-0.6626623160821978,-1.3978425255555962,2.9822855371019585,-2.891521822028732,0.4668170997499743,1.1947191186772805,-0.35445740794757086,-4.715105473373896,-0.2982527022531194,1.9810254442933761,0.790432845134414,1.6524198574821654,0.5894800287206365
8956,0.2536196851581316,2.7717066476368863,-5.483675479172533,1.6070864590548908,0.5914700406528923,0.25979264666984747,2.691973550126942,-1.842360481156227,-0.7455029503382704,0.6412511097343163,-0.36103007586258773,-0.3843311525030799,0.03246266377346174,2.589597057295027,2.669270393348828,-3.3705315692726767,0.9946919858072114,-2.9154905309523063,-0.33134731977824927,0.3194160942618627,-0.9272668316647845,-0.6996218579533258,-2.395686887746786,4.034506802878603,3.1355361298348576,4.016303613465375,-5.576868524654223,0.49418196042090123,-3.4220481486237517,1.352894969560392
8957,-1.6862942608339662,0.5211349347106982,5.027445133877507,-4.233573503910705,0.1185190771019351,0.25276861905465076,-0.8573751676946877,4.3746286036503506,-0.3677064176285576,-2.2351371409509593,-0.6634182580473587,-0.2509916193277064,-1.6847334155753977,0.0009574381611869853,-3.4251832916073734,2.331466475407698,0.6101107637001135,2.167382029913334,-0.993960687089789,1.969120347693444,-3.9945161576175288,-0.24014722846503034,-0.6523719096196583,3.911875635095871,0.5702474986498736,2.8091776278773395,-3.8343895761988414,-0.9498989852876312,3.3643549472806633,-1.9594915123178325
8958,-2.749211732640596,-4.351974705718636,2.180284416921154,4.5247572323393825,0.9440386045661158,-0.5478938154672903,2.180229273689495,-0.5922021798078454,0.8620368492981116,3.538274460800565,-0.0764211771540344,-5.911917226825217,3.7027492688537222,-1.9768933086391556,1.9155357539718665,-3.237131089508484,-2.9398327927538883,2.5355721680755003,-0.15952255443971453,0.07905085999165351,-0.758594156257665,1.0368876081210523,2.5558096420403373,-2.753631399458367,3.1310508940898316,0.4962844335372445,-5.020997789647005,0.9469579223259146,1.4237813376535442,-0.9770767979560127
8959,-0.6174334155298826,4.388582069331775,-2.735516985633307,-1.3200437772743996,-0.03139742701189441,0.31580953611784857,1.0294116478164526,4.540587477425255,-0.9551890884531078,-3.156726287983668,-0.4392281851162769,-1.0188555636876053,2.516211153383324,3.7213268703145417,-0.9560676919186761,-3.2706586442297407,-3.887062446277323,1.876250758727437,4.299524873755722,-1.5015699608021453,1.1853172396718854,0.9409620971294608,-2.0054516128817745,-2.918782636875818,0.3889729007282554,1.3044806792256978,-0.8608039989136103,0.43806417261645514,-1.5664736555123913,0.29575990185911394
8960,-3.696055425738866,-5.605601158172359,3.5264438147947885,4.13804351061933,0.3673390692451797,1.2698301892520405,2.01943004914974,-4.3943786223591985,1.0645490939718618,1.9037308619565003,-0.8846573374689743,0.291325954751148,0.8830562581034584,0.32177396166653693,-0.32936638687122155,0.9437240207864157,-2.652878570801475,0.8336907171158181,3.6520348690379905,1.4755292801850732,0.17436443989730321,1.1244288649169825,-2.5679627099800886,-3.8583947440599147,-3.2778093890187954,-2.9917133609644964,5.312470677539135,0.8174822337583736,-1.845964249424009,1.985534088113294
8961,0.9256653844679565,-5.067004130031897,0.23056910954104382,4.5632738465288405,0.15485517764587842,-0.8073593881517009,-1.7985856783510634,4.469356760261469,-0.09939323427654934,2.0355847328682266,0.9394128147926919,-5.546375395293705,2.913672966806107,-3.0847642077162014,-3.953563985936963,2.9836619826506556,3.4671682350775015,-2.3261749908815954,4.791296459212791,-1.4210592140061955,-2.730091409339476,-0.9079519797103046,0.8981146460623286,-0.6303085022217978,1.307254586348165,-2.7323530156464706,-0.48202815885739625,-1.0238559687570619,1.3725013966446333,1.5584811602716542
8962,0.30675997658114085,-1.1342434130982717,4.350734067159237,-3.450956000015921,0.5586772274445879,-0.630971858070664,5.550173985314974,-1.7020915992893784,-0.07310995489425487,-0.9832291034598235,0.37015576495651903,-3.1618990926269603,1.119029546440789,-2.749105708163448,-1.7476881206706114,1.782382838472376,4.222466110771084,-2.6270846668506564,5.283890664778383,-2.049704189857957,1.9431234898566245,-0.6089285957228823,1.3118542136103315,-5.8802355826671295,-0.9269003458928076,-1.6028411173805175,3.4310443585128745,0.38238304627799735,-3.2312884429596735,1.9476025014456546
8963,-1.631263900976526,0.21164687183025066,-0.7775337005702525,2.289622871839601,0.828891042922888,-0.9213631850458448,-1.4544560152589376,-1.324204589753517,1.173681519158861,3.5925040001998383,-0.870634989050501,-1.1168899252946716,0.42569952959254564,-0.8666241993994781,0.3495910325790028,-1.889537568357401,-0.7896166518408805,2.7704878574257705,1.5073484132419601,3.237898511769167,2.3969073610918237,-0.6884460598099684,-1.5364720706981565,-4.917236155597482,-2.1600513863597968,4.826777021691939,-2.448362187760729,-0.39022699963567575,-1.5071156012696179,1.678979153337412
8964,-0.8621707456455407,1.3707524486091387,-0.3294349313421172,0.9671843945471501,-0.21512150172523992,-0.9312096644432497,0.5614351273979139,-1.0957584035740844,-1.0569506504912978,-2.5123747928325795,-0.8658646419547855,4.969513361455924,-1.015755604417775,0.9096709056753056,-4.231989689703029,1.6424764065801263,-0.80139325585629,3.496991237721211,-3.5348753038301695,-0.2890124958572837,2.9084298368972483,0.7409818789521312,-1.9016373390444201,2.076113422879839,-2.875148510074606,2.149695803086736,-2.6107039531229823,-0.37261741290171724,2.516252967508766,1.1925211055073497
8965,-3.081942631205635,1.3844817722165033,4.4613606276173705,-4.46425162807186,-0.44544011202400613,2.1457919714677587,1.944672997354857,-1.5275243017440054,-0.33375712684866166,-2.889312918871509,-0.09427949063355712,2.9002008407439526,-2.342842794220953,3.286464967589172,3.4695790487475477,-4.016839255489105,-3.147349411428177,2.750987444801069,4.402350420712388,-2.0529262906680916,-0.831016222204692,-0.1735974049010789,3.0828106145193708,-4.427621117460522,0.014009626429764666,-1.3670495535352423,1.4102110832652635,0.6812615660037,-1.3674429078793775,0.6290101857194639
8966,-2.283420267676057,-0.9934513559361768,3.468319138272115,-3.2729203660066375,0.7308297414321077,2.3506431099147918,4.128784821555538,1.7614172945118725,0.5670272889842689,-0.9873193342414073,-0.3319682364575822,-5.137941834351601,3.7322068970137607,1.10129760786376,-0.43178548997172683,-0.12668675464424695,-2.452398959906432,-1.8226333003555588,-0.16249367411867155,-0.017634957309939026,1.428539126225271,0.6199994609454889,-0.46358360857013814,-1.4048263471746374,3.623388322302546,-1.87513943643199,-1.1552888301248139,-0.13456179033072058,-0.7283835703025971,0.269985304891156
8967,-0.05474682059891656,1.3097094841426866,-0.2337012466977626,-2.1780235446541347,-0.0498220839601935,1.2065842117684635,2.3805066095047813,-5.3019454007439855,1.1000013289051047,2.8601169888423534,0.0011967161659498515,-1.0398762426731096,-0.7746489942302759,-1.3198997966455401,2.649749032997182,-0.03304285661069528,-1.4865952469697135,0.9644378614586628,4.049733149499318,-1.569982386382872,-0.40526888815239914,-1.1674479928742452,-1.9520228399124697,1.0449889578200633,0.684348029385152,2.198566075215421,-4.7260939968775695,-0.5485355066708761,2.264903317581787,0.12681208136968714
8968,2.0553597026961974,-2.887354652118283,-2.974377495873771,2.4353442087665016,-0.7984707322957667,2.169498968825243,-0.40876418073887066,4.46862591013198,0.8347976023673187,0.17893889009203612,-0.22928719241568007,-4.844311029435723,-1.1286894922293875,-3.4166354075353773,4.222511150211606,-3.5323216726278623,1.5138900508631963,2.3412453713174344,-4.487269765886683,-0.08454476035854519,2.2345302757193224,1.0413794902366655,0.7997634184435789,0.49614134184305314,3.0707740779128407,-1.3525724843775748,2.532707216667024,-0.9639610775237504,-0.25161862517306943,-3.035329107501827
8969,0.5320055419710652,3.313325533326573,1.0052090411566645,-1.722443250507574,-0.9415087823526527,-2.186588083593958,-5.3939143349737755,1.1581384408032882,-0.18792536520817826,2.8886043182787766,0.1965196133575926,1.3385773277433657,0.5447178093411118,-0.7865354125335706,2.740290159561912,0.23278028855523303,-0.8900367126194837,-1.8412161323056075,-4.448363329503344,-3.436484389379194,1.3186126518282002,0.35822770436582374,3.131159748557664,3.0768476141282264,2.7027737256384334,3.8527151919364435,-4.9619986262144735,0.49284449840101363,1.095883038779725,-3.1822178285375315
8970,-0.7373465993741277,-4.999718226774409,5.625385491729492,-1.6897879708123114,0.2823162024905992,1.5191511027408424,-3.9648776338261413,1.563489216392174,0.9102830918090357,-2.580038276967535,-0.04772016562773551,4.1188637682212885,-1.29580622626127,0.8076285096059976,3.5211038051114265,-1.2588685314505028,-1.585493094630941,-0.1885644623751208,-4.343639593611979,0.2993879462166049,2.962740298978556,-1.2041225319846416,1.2874615333869386,0.9981723470119306,-3.737014372772066,4.0429746436480265,-3.130614877731251,0.11545270662099494,-0.04100835146609505,2.750210251703976
8971,2.851910312181335,-0.17691371528220046,-5.916773433919431,2.2027910523209044,0.2083541731995222,0.8306316114999408,4.565148860316604,-0.8097755205660349,-0.2398399246067502,-3.7431172327202002,-1.1442430950036906,1.3718269125811702,-1.8868613205636358,2.9329227465063177,-2.688083870767638,2.4042400630169922,-4.126314210019309,3.364096591826872,1.3244499907143528,-3.2410481175581847,-1.0201433518470022,1.1658202360772387,-0.7309269079101188,2.5018481505211234,-1.2162347526385773,-4.9219624505631145,5.525936398859827,-0.7624486466162708,3.038671829849388,-1.663962378887648
8972,-2.0076760970171446,2.2596895867117226,-3.211486319249289,1.00117824765179,0.5852370354768226,1.3730575464261907,-0.6209324174501774,-2.6288884161997146,0.7051887846662197,3.0892162451784344,1.1307311671531979,-1.6753153633468543,0.39685018137298655,-2.0051836884212033,0.6339770627501551,1.9375395917557263,1.1452907393206573,-2.108473886778704,-5.790813341830738,1.580306425860071,-1.9105376367348939,0.10447044500190739,0.19935722730759586,5.817216880393467,2.1991994996890476,-2.4534015688701096,-2.686888941755573,0.43191456992346566,-0.8802311066332891,3.389407547650034
8973,1.5105738809359188,2.8949242580719527,-5.382596728219482,2.4573403043032798,-0.01998126760262675,-1.4602604474889809,3.11268062468136,-2.2881280946122047,-0.16103055027956525,3.453016434415712,1.1044204834922065,-5.2209588976963985,-4.015876599546246,1.0877432857734632,1.7950276948851744,1.0147536752455295,0.9344385265618804,-0.816086582920164,-0.7639274529350075,-1.9465557970636134,-0.0010265145735406378,-0.12963625027483872,-0.8162363037804088,3.6573823186248156,2.218127354921563,3.166877627066814,-3.927952303369125,0.476250062602821,-3.604492573870621,1.671189832652093
8974,0.2368458438378216,-3.7407344251725227,5.707930082255622,-1.4968638624632753,-0.47206106763211286,-0.23511657082548254,2.4005953359637004,2.006795345406996,-0.894038946899097,-3.2138100912073675,0.9881296342432551,-1.28767127750638,1.997689733334994,3.013839072765542,3.2046364379506898,-1.7930969680036544,-2.996634677662435,-3.4264335983854988,2.9825431354619525,-0.4900556707884878,1.4947120559862945,-0.37493187903976555,2.6768877655176784,-6.289155407140285,-3.060951330891644,-0.6431655549899915,2.742688688772816,0.424754858393559,-0.46822739759995713,1.0049007363187563
8975,3.744115300110142,-4.35588854781394,-3.936318188487146,5.735464762028709,-0.7050468346741376,-0.48232649116358495,-0.6904376141901132,-2.693955619182674,0.7143343008758185,2.8415300037065023,0.28015596819534583,-0.4516270394037889,2.261637475548092,-1.1533133663687387,4.0808207306623245,0.08929045076253672,-4.1271565183625505,-1.151278772242014,4.899631524934517,0.9490167016374293,-3.4867117362922233,0.8919254893498305,-0.08452740099155243,-3.1693345786406404,-4.410926865626621,0.9525881580382816,2.1457521066478336,-0.25330294944582654,-1.6149546330956834,3.1808441834855863
8976,-1.1315110601427918,2.194538760358661,-4.016928471756902,4.10730141334647,-0.3423384306859094,-0.8110622111195109,2.2561244327901235,-1.1894696624806613,0.3971009812094275,0.08262523920808995,-0.9678305732529484,-0.578550417472897,0.6334271085601237,-1.869998463396355,-2.5960258520162416,-2.2991280342323197,2.6594113116468527,3.472313929437586,-1.2438072207671595,-2.491442969095397,0.15864703678749237,-0.5289300634695246,-0.5566550760415634,4.66218829258348,0.25315417616971914,-2.5228815222513,3.692104029569716,1.1356637400182779,-1.3948829329180334,-1.16315749058481
8977,-0.410964974879672,-3.221554822756577,-2.963952046742385,5.403662070722351,0.05249656948607795,1.1403132041702229,-3.783865027717969,2.25772560525089,0.28883390904477935,1.6968062965980515,-1.147314460440322,0.6878136772656873,-3.5807420042682345,-0.5241560470715498,1.2602643967717775,0.6531121369424078,0.8619801781653109,1.3295413394599223,-4.416766945367495,2.116804149007148,-2.5602111886367496,-0.8824436005487346,0.24088800028777335,5.501729585255383,1.9206898704326179,-1.2109752274961956,-2.535796195464094,-0.9910476727606943,-0.24338487809850307,3.060514103390453
8978,-2.409828070950727,-2.1857273287165526,4.153678755506416,-0.7467661593653929,0.773418131635208,0.4152246718911172,4.996209439040818,-1.4990348292880995,0.6989587378175486,0.08199202161644159,0.4053619232508865,-4.683487292436453,-0.12174150730776745,-3.8627407117984482,-0.6037470686700956,3.7502152219486646,1.0300542608576784,-0.19204019503043135,-1.3739138142382288,1.701408961619439,-2.5750701284137207,-0.9380202709999921,-1.4524384737292149,4.638033725759016,0.2029144662220972,-2.8916752619701924,-1.5314125023064626,0.858257960949615,1.66393472570104,1.6979806114074805
8979,3.3184330509669877,-2.947381592624012,-2.936776202755471,5.489136932575207,-0.48114961432090286,-2.442262573841729,-4.282694425495489,2.0759404102913344,-1.069579816214794,-0.25755579266935946,-0.4163358099949477,3.9502254340843947,-0.9191689776147598,3.1748296484730076,-1.9098717577480055,-1.4186331337567921,1.79102261551078,-0.7181783948646334,-3.477407157968379,-2.5403710917220863,-0.7728238997814234,0.4339222879926803,0.8121678822155829,5.544511979260918,-4.289754662901839,-2.2976225871785942,1.575504210515291,0.670995483373444,0.7213339654059876,3.619543590789288
8980,2.1781953974060073,4.497289026878459,-5.390757405589934,-2.359868823945522,-0.7532477937204205,1.828389598971512,-2.1777816185848593,3.4965703985307925,0.44106820698132054,-2.6118187776898605,-0.3022240612287783,1.154185851992537,0.4360325249984811,-3.021303574439605,-2.945717717645257,2.8974997272725744,1.1769599955545544,1.4565290442588577,-2.348330129651732,2.7841496866574964,2.6897208523103195,0.6191563760599958,-3.1006235413490835,-0.6440732440297019,3.747316990450461,-1.4120742747712853,-2.116278361066918,0.963708202056031,1.0915692181855512,-2.2742417748502284
8981,-2.3218688498388698,-3.6198630279211415,0.5326505724658759,5.255762624325914,-0.5617969988590537,0.7151156798273881,5.112090886845703,-5.883045782890388,-0.613339883552964,-0.2471432668895428,1.1491940143492787,0.4822440321390573,3.199661110993059,-4.227435685203636,2.287272456925841,-2.0610152349746116,1.4633776279212078,-0.6618602756622494,5.406767948429337,-0.5833935379993136,1.8757599880707083,-1.0575407476026788,-1.9904206765818948,-3.6511729743188646,-4.459161799687347,1.6692157393872264,4.575097242504693,-0.3912752137965274,-2.680886090726746,1.2870101223223287
8982,1.3579830357324632,2.0120092421151377,1.0086772661592676,-5.788639563045791,0.8343785932763419,0.5755914257626902,-3.1363405461171645,2.3160326887216627,0.24806163498138645,-3.3217717162992724,0.48202159934170563,3.411996339372841,-3.245725709654593,1.2303241721599747,-0.9023074534168494,-1.3869233436659663,0.6223655233757128,3.6822668112013446,1.9804873436336585,1.52032455396672,0.8267683734298785,-0.8974088675392258,2.610979311949336,-6.04115071544307,-2.080901233875508,0.7998578328516395,1.3289084151734052,-1.090855694236704,3.687070163929711,-2.6440794838389454
8983,-3.440570446794183,2.2351566131774696,-5.19819652125452,4.800785126040623,-0.6166100142475379,2.21943524307828,5.256461175070886,-5.920809231827029,0.4555104172240254,0.8507463395759594,-0.8253195203735846,0.183410820330959,3.744719417421731,-1.7718858329620044,-3.745788434831214,3.189579577147594,-3.8804352460530147,2.463810519276503,-2.946824250130799,2.4790514408987256,3.146187523836506,-0.5701510180692884,-2.7355987226296357,0.6273350260917425,1.1172202260557853,-2.260320919447782,-0.2820141168000454,-0.8434991251957378,0.4997603326594362,1.7688536027319302
8984,-0.6105858768555219,2.0225404235482074,1.374812545621662,-3.813731912517312,0.35620263771006266,0.6707621824930659,-4.889877838987406,0.8562518965877928,0.4402178858210055,-2.9289401786231775,0.2945730991632347,6.227775136039778,0.15819372991434832,-2.715252156745901,-0.5715357142474957,1.370299050556234,3.655213041622609,-1.8969179511001553,2.225567968523798,-2.9037978014820656,3.1407928999591306,-0.7634721788178052,2.137540565275456,-3.8366314534612833,-3.470492396501996,2.3021585106667324,2.9358243112506166,0.5508468318184985,-0.6678858483692345,-1.6504514088610414
8985,-1.1695691276134035,-1.122381680699167,2.4512937877290035,-0.7874596156036482,-0.5581612805114484,1.1862779166988116,-0.5496066643012085,-0.11237580352758769,0.08273244478734476,0.7304433517839648,0.004807778005128327,-0.15600110674642664,-0.08767004746983531,1.0690564061250356,3.460200727500876,-3.8878721153810005,-3.14925113684245,2.5955361660670206,0.5816281925869404,-0.7401708587544338,-0.3504218717374119,-1.2412345944630028,0.4251570548559247,1.325042077509174,3.676003757694769,-4.7856958178144104,6.19670468192275,-0.21626815902385488,-1.1859591474319124,-3.684785315343781
8986,2.6453364217764026,-2.992013981599534,-5.111745411420365,2.6455225198594086,0.9681823107715681,1.8447181406126596,-1.5168441210550014,5.329957936125254,-0.20783326978343997,-0.899712052404027,1.1349227545841494,-3.840491247465728,-3.699278952665681,-2.792865730757434,1.9685757003896498,-0.5978734130888697,3.735352728196709,1.3860896679252868,0.9967732072159414,0.1761929095769421,3.3294341588587884,-1.1530438505925131,1.1073849665286897,-4.4567413915906755,0.9682608402259909,0.6307439126700238,-1.7126852466743827,-0.3089355699262013,3.493165490877441,-3.0705494271693166
8987,-0.5904043804297814,2.390151183605173,-0.03833105511568391,-0.12732305758410334,0.21946275229190704,-1.8535554427673553,2.7772669613672285,-3.582735651352543,0.616185814175422,-1.1013709758857875,-0.3638901782416202,1.6545440299385206,4.224583626290954,-1.4571397934803603,-1.951366869279898,-0.8576941543270244,-3.2096343305965593,3.2512515213925433,-5.516759028867927,2.08955605785966,-3.874805938746423,0.5584673240602465,1.3090471562186288,5.434494429472984,4.024809164890648,-2.001406220358664,-6.166540934016837,1.2045712742212826,2.859946666070364,0.07862004919674881
8988,0.642889672534908,1.7009430409231001,-6.067516295963955,3.456289410721876,-0.3494710726599455,0.6168652444441651,-3.6452722640818997,0.9602345988101,0.8245224633330475,-1.7498182704171423,-0.25137791122035225,3.861711383577468,1.2273090279596985,-1.0584499759610217,-0.2114708178326481,3.660533250255579,-1.438926298478334,-2.178995185943606,1.9173272217336645,-0.735852459807834,-1.3192176120838415,0.06886223721103057,-1.0385547056692293,1.1074353186133834,-1.1165048232967152,2.640197441662597,-2.272987133667044,1.1039171273686872,-1.3936603981218614,1.0390377860578681
8989,2.0735658276385394,-5.42792580739221,0.4693895295948103,0.6023466442403418,0.6844720397679471,1.5981517661507247,5.241498319340611,0.31270091636375597,-0.9454513090124408,-0.668521235298515,-0.9926461428182387,-2.947580548573935,4.079229371579579,-1.0008088071709036,1.8331070862574528,1.2315338166914493,-4.124005615887196,-2.0190558514707284,-0.2181265613775274,0.09501117675405446,2.9392807196056907,0.14287892570684146,-1.967109049574164,-0.9919352111177204,-0.45240809288866046,-0.5989330813622438,1.351043214634629,-0.17104549244177747,-2.4342344866575907,2.305577938719175
8990,1.6563267860695774,-3.126193680033527,-0.33984997321710964,3.052714644057751,-0.3359459384256229,-0.9070518384509292,1.0058583890991066,1.6636498933219777,0.544216616374599,-3.1328974669767167,-1.1746553374055058,1.0938279055877516,2.700518648129087,-1.9298404212229858,-2.12340241313815,-1.0741594898861582,3.146866427166703,-0.7199827510488106,-4.931368900222612,0.1259237964601887,1.6473337237334995,0.9311724982599685,-2.6052147048915852,4.832153586657693,-0.2566804735134198,-3.8830076255348267,4.481813609205396,0.609663957877304,2.711885678617225,-3.663675146648183
8991,-3.000857676091835,3.183703432216749,-3.865353835446893,4.667523979319633,0.20803403639109863,-1.1930499363885971,-5.985429954257647,-1.605419900042346,0.5388420271064351,0.3678505293199894,0.4836740582352519,6.200483239639539,-2.5372804470332397,2.7806632171636103,0.30280126124160844,-2.2155295255200667,3.406349968869648,-1.7370044747218767,5.073070942344547,-3.037863072640002,-0.8814714725889328,-0.6158519774444571,1.2728006922768422,-1.8106851119508391,-3.3514135506064235,-1.0437920029859953,3.726279220289843,-0.7435510294807415,2.107581820543345,-0.6951044577565622
8992,1.4300801760482287,-3.1772094479347537,1.742809516802705,-3.1866908570286867,0.9496977543206548,2.2413128577920194,5.251767710990496,-5.509289508395774,-0.014980109583172307,2.7510287758019274,0.5380606909048504,-3.0165875597171095,-1.9299644691520168,3.4366843614607525,0.0986793836328701,0.5755534670774125,1.2366464746600947,-3.417599217679438,3.940951766641909,-3.43066354428926,3.983957649777487,-0.6108084197332158,-2.5351624430179456,-1.3482750093818296,-2.263714552728395,4.761278529156776,3.096849102943729,0.5273895354777212,-3.3042942239686326,-2.8175083908777463
8993,-1.2296713019607086,4.92675665422021,-4.694983774151254,0.3052171097782512,-0.527513848119104,1.2201951602327465,-2.9478642747870936,3.1753538340652803,-0.9820878994446476,-0.4112308619526104,-0.8018625773382748,1.967691779458562,2.3744257898962253,-1.2659620800407527,-3.0421722647841882,3.2596785254857146,0.07162695704130684,-1.3975969275985918,1.3291324161894664,2.424650484367362,2.4437569905650456,-0.24811067662591846,0.22874614794889148,-6.1781753624477105,-1.1826697137288313,0.33387849144670767,5.6586723627591695,0.7129933068029404,-3.3503242490198666,-2.1725501982566833
8994,-2.0983162023904907,0.5461331503050317,-6.089705416435802,5.64403984492424,0.18608589897051298,1.8117627246266892,3.162497199299729,-4.578167955881071,-0.5129782342842519,2.6512674405287413,-0.10370690542359728,-0.618911544238351,-3.6339446481068727,2.4272425094704495,-1.790499028164314,2.825153425422762,1.411109166206824,-1.239061424829167,0.8177118174458187,1.5313113562928589,-1.0779930513198668,-0.605594801624644,-1.4033454349599275,0.7379101141628794,-2.425824793967898,4.743017618136427,1.6151963703788752,1.0942622602104848,-2.859352559151855,-2.1672988956025883
8995,1.12581294088141,-1.7106156851866672,-1.2995821952729862,3.3011976636469207,0.5363734859381855,-1.9531862100066952,0.969952721631433,-1.429245129855392,0.7023497919371531,-2.5716318043542845,0.4788078830800355,1.8497665375622532,3.078436663644162,-1.227635201673559,-1.1110138713908135,3.0799133366592493,-1.262000394317548,-2.557700532921803,-0.9699653448535877,-2.5928993779682727,-0.026941248136663987,-1.0618634851832986,1.8057544279806237,2.8459150281583128,-3.6587873759743985,-0.6185661800137972,-0.429129177877126,0.41414647283108685,3.573961342673435,0.7183749183641996
8996,2.790745887453987,-3.5355924774885708,-3.340562452359709,5.629760393390427,-0.15765406084891032,-1.3866972901470689,-5.909580881349136,3.0943623620508305,0.10896590709034903,-2.900390271154439,-0.19282307014690403,5.799465953510513,0.6645928474167349,-2.5744485260569974,-3.3213333466019908,3.4498429154363386,-1.5879407781466348,3.3692868879522386,-6.1588049410573475,2.158968637010048,0.45295689521265103,-0.295838895798779,-1.4258674294954208,5.268585734125928,-3.929644399152579,1.237856773660365,5.7932903433906695,0.44792496694929795,-1.3204277623005005,-2.2289999225438812
8997,-0.18130567975891054,5.424503329985107,-1.179032630638929,-2.7376298038302593,0.37969929680284986,-1.706234512559698,1.786016341247496,-2.2489055130031907,0.8117425792768058,3.6915685449214877,0.883388945597174,-4.923810898038557,2.180850666941044,2.9260646749898385,-3.7422614611690737,1.8177487589296923,-0.07465653019252017,-3.10774610949929,5.745377484767754,1.112573581852521,-1.5389835739719349,1.0500030594962961,0.0025131164577558707,-6.371483668605293,1.4743053738386216,-1.4326800845268295,4.773022206723677,0.5862683719831345,-2.160696355549643,-3.240219512465611
8998,-2.9589952961283963,-3.5030666403407267,-0.6809073801808587,5.968705729585626,0.4553919853074082,0.7188716017570886,3.7102819967485523,-4.051254837828459,-0.6873403425587012,0.7630788705046339,0.10293169189512952,0.16230262124004824,-1.3266552479170137,-3.5997826714119263,-3.289420030959766,2.9115820794715788,3.2752634112030314,2.0290124596138135,0.64107877454666,-0.45617774105759956,-0.23014444869734163,-0.7203716510989215,-0.6984401495673431,1.464055215871653,-1.0956630973394859,2.054297989196634,-0.24784043987828497,-0.8673917588721825,-2.705047786322007,2.8616450932186623
8999,-1.2548338436618387,1.997472264830396,-2.5587155432526885,1.6263425300938152,0.6897567384859808,-0.5000221464955263,4.101894800299998,-5.514935112487247,-0.19784930336984274,1.737838708679945,-0.3040095297440484,0.17706043662241555,-1.1084158985255126,-0.26839893263025516,2.0143690212189114,-1.3530897077069088,2.7570629049924236,-2.041527387348964,-2.5306456244983764,1.6131345208479395,1.2991104905105857,-0.8935401813781532,-2.126874430607808,2.6388152251229364,-0.6815572704926538,-2.055097669523299,-3.4514464379752496,1.1473315489825167,2.5040702833404502,2.5366995456715813
9000,-3.66667191965327,2.2278089012706523,4.653053047075854,-0.41531973607963124,-0.457608404321574,-2.3412618882919016,2.5989693987993263,-0.08032820125896478,0.29482930578133537,-0.9814462517212785,0.875134555481937,-2.707158807081111,-1.0169052044954814,0.67296729339796,-2.328297287695108,4.184405322425569,1.1934866912205067,-2.7056568148537554,1.104571929830012,1.629961527879848,1.2494439023749742,-0.7631052935622513,-1.2150262317930043,-2.005845834732451,-4.745386094966177,2.33728232318526,-0.01114571469298653,-1.2456617327380513,2.0051068790192836,1.659804340195997
9001,3.3659697148762078,-3.6535392207423314,-0.1268542157453929,2.033909445448664,-0.8949663441821047,-0.7245193796549092,1.7719060174615464,-4.345784058465171,-0.7896480178857104,2.528524494651357,-0.28589012616336884,1.120891690402594,1.5852502102945571,1.186662178317274,0.47993888267643214,-0.0063536874449177105,-3.1116783018683556,-0.13381928197532922,5.327971410592873,-1.9865651799590545,2.69795015069257,0.8861820208684819,-2.876718077364071,-4.0488203248336525,-1.4302876263726034,2.3130289660741745,-2.4490924191581804,0.6539896090798614,2.0683401478565173,-1.155978677476389
9002,-3.658776227283779,1.644260003489645,1.6511768697299942,0.24133616980389405,0.8971853625238335,-0.77518217826346,1.1636641648377228,-3.220310681183591,-0.3180890507103227,-2.0853962276326516,-0.22091086707942154,4.681042661769499,-2.9063490485633423,3.963666574517873,0.435907312513816,0.5157401459314208,-2.2687134631967574,0.25974847879662555,0.06035484296560156,0.20480633037425378,-3.9128435058609856,0.9326382807624052,-0.2077443491984532,2.9227884009543246,2.6240850684904764,-0.4447980403499088,3.176584875499721,0.15915637247234837,-3.7396590680035136,-1.7753692081057615
9003,1.9185995138348915,-5.066201227335384,-3.653551631823113,5.091276312963185,0.8369203036639856,0.8729567286965576,2.303808988586063,4.870464034852461,-0.9806423518475915,-2.3369668143404017,0.8591593720838038,-4.715823229333115,-3.1038867883935044,0.9694109399666573,-2.2724131985507423,2.3775578329671525,3.887250590607966,-1.8579193765979234,1.75887211075894,1.674184628129204,-3.839335156308975,0.2461586914026217,-1.7545413940417198,1.9146611200570547,3.3202349764963905,-1.6895152180131454,-1.2287046763369354,-0.46159778193618184,-0.04481243413150793,0.10439513392473998
9004,1.0616161426835191,-0.9757226591372827,-1.3920864732122773,-0.2814936408268949,0.38927121934958464,1.1984154111434577,1.7330368556274856,3.1100381251586917,-1.1294410533292156,-1.948139176516655,-0.3475580403395222,-1.417936710599598,-3.050995533860826,2.246914723610111,-3.7173573356456178,-2.3151490969817825,3.9393998934530003,2.8971873494247404,-0.36418528217256707,0.37803416823355995,0.2548848458992907,-0.06645592587663707,2.8701306030726705,-3.0724084091592054,-3.1728974573605804,3.92724169540519,-3.466089917171942,-0.1662244019638779,0.7100899264141916,2.1678801546803825
9005,0.5668673951962262,3.2358089039843705,2.309301049028214,-4.133704026646598,-0.10145715845010028,-1.8768161631119966,-3.115196629333333,4.0837152943327055,-0.5453820011807915,2.1034578335034517,1.2439121494861611,-3.7705066468069894,-4.118916846747233,0.08087682733219381,0.7237430414629316,1.1920045836197204,1.8108416275116284,0.31145076682040695,1.8279047141414893,1.050238893575333,-2.5442897046421944,0.7080704760307936,-1.1101738436960815,0.06824946458778314,-3.6296639649670404,-1.5008371444779094,6.122860444888413,-0.7367683271822676,2.825970873229341,-3.081561881487138
9006,-1.5165429801271415,-2.399250034707155,2.9244061177136693,1.2634724850915404,-0.7033118503520237,0.4312262623812355,-4.213961490079804,4.629868186295639,1.1599639705687563,1.0185944850174025,-0.5129937688528763,-2.0814713829479246,0.9458959613354914,-2.9084635055559627,0.9517073482459466,-0.34637227241954704,4.0672155814914,-2.709983113097689,-3.5999226204549437,0.35124732533863146,-3.6492932868167056,0.9216781341826588,-0.5390984967828931,6.515388944530372,1.2792741162770902,0.5055418269798224,-0.9607927847134974,0.551223843202088,0.277581813088263,-1.6528288148303751
9007,-3.306372414237483,4.429231350311245,-1.8335681121101821,3.2472268000848494,-0.7426680918993731,-1.7938495321489398,-2.604973140219972,-0.6048385398083092,1.1233123255332735,-3.234204902855863,-0.3604950912617326,5.681199348613774,-2.2970569195282913,3.1108005556413794,-0.03519747733172096,2.8231898510159255,-0.5031394536487319,-3.0985965561489177,0.0007434858620918305,-1.4284054591851607,0.5689630230492035,-0.6177941826037161,-1.4993550775679498,2.9758482104426385,0.7541708588459528,-3.2105176241992623,-1.4266181521884604,-0.24822472657813854,3.0168483757198317,1.1143412684034821
9008,-3.5678814248233657,2.4745361873228973,-4.607643550566642,5.111176071058768,0.1903471665321521,0.3994655504762932,5.593101703397981,2.0562219976925036,-1.2004527420568882,-1.2656090047056914,0.7881731182022982,-5.971435072529022,-1.0271517972215012,2.198539903936208,1.5538416270944282,-3.080843586958011,1.0969474734926763,-0.7413336203441414,-3.375128391464216,-0.5795802155629399,2.560005898365045,-0.6714096439903292,-1.027527969980337,3.093640322629856,-3.4735058764905204,4.422066943060237,3.721934298478544,-1.1402328025572839,-1.6707571428829908,-1.8595054196045844
9009,0.6917403776968385,-2.010450874621913,-0.3617708680904457,4.324265858617398,-0.8191573150367562,-1.8246271785649917,-3.980455024350025,4.223169659907086,0.4923183671245912,-3.3759477181398605,-0.04395411711124986,2.6848688325706362,-0.6202362592663846,-0.27708195164602145,1.9919650527833248,2.281471426695397,-3.9461213317247914,0.5700030631581487,-4.431378856114673,2.8998695907189287,-1.8926790796452515,0.37077139084156485,0.3498768507843799,2.7035401034121165,-4.171215741686176,2.7645635595517035,3.765713237682764,-1.0763743274818274,0.15486679589557895,-1.4375535239586288
9010,2.5013965344066875,-4.489425790484088,-4.3608424550344225,5.137078605342975,-0.5991621086232057,1.8109552143921483,-5.758135302013088,1.7368664899317743,-0.07993469083524829,2.4622766839551993,-0.3803534940323354,2.019280312994894,2.734469203146187,-1.7928294107996585,3.651172465563306,-3.0909340019442144,2.070491609654095,-3.5723698656200362,-1.081073363129729,-3.3641705706179224,-2.329920530068904,0.4850569163273537,1.1802198762202654,5.109887671266009,2.7574708444492373,-0.4369947545033668,-4.900154561227872,0.4052071916165252,2.9798256804618717,-0.8053544007929556
9011,2.563430510505917,0.6224343157706791,-0.8675596283717617,0.28447563261859443,-0.9084758654183676,-1.6943049651049868,-0.5748556578507547,-1.15729796467118,0.07282265195067605,-1.3337382249097143,0.9960451477171182,1.997024047765077,-1.032449653973515,-2.4098392134002484,2.3256199955391565,-2.3882703359818436,0.4091805432699829,3.095758664546132,-3.512453016788328,-1.7768644410219725,0.05848447244375521,0.06669203723654249,0.108629906014313,5.055511042112727,-2.439373003985512,3.9909449088867675,5.844441405077966,-1.0513422181619356,-3.202223957346625,-3.142447134467229
9012,2.0995747677993144,-2.524588718367543,1.461123967406884,0.19525657238289185,-0.30535547206819746,-0.9260111171532657,1.508331028309751,-4.344787194502988,0.030289517338145444,-2.560173280338743,-0.4834290296398782,5.8497689588349395,-1.4403015754150932,-1.7910229800072432,1.5855736095811643,-2.419670169054463,3.0045067780753705,1.060914336819895,-5.466779456139111,1.1845684593303218,1.9566283739735368,0.48026990269650227,1.5589468886727822,0.28636583146299444,3.3598557004713285,-0.6163362390132896,-2.2155448395078707,-0.419830156147051,0.5137064027904561,-0.621850868590144
9013,0.5665867407335554,2.9044313768425205,-3.67414716442698,-0.1518887176255319,-0.474904391403564,0.8299221558800483,5.639563235094332,-2.0734708947420053,-0.6209492863626718,2.757838133311065,-0.42603873808228787,-5.276942449217213,1.741566067213423,1.9026541321861643,-4.13243117202304,2.599656402048719,-3.7468951396264885,1.635449710200838,6.204273982874241,0.5715391412896853,-1.802535138092713,-0.48909827779562676,-3.1240093155318753,-1.3601703927466886,2.163644212583719,-1.5429621023705593,1.925069194319338,-0.8335186700707666,1.8361478601268217,-3.5483804945850927
9014,3.7141947746985124,-0.8639220992912051,0.46447372693460665,-2.2495596994606224,0.8320856457601842,-1.8972723486414438,-2.963514855008082,2.8934259542535123,0.587816670962666,-2.704288113819965,-0.9972069295838786,3.1837672731969846,1.3677656747035982,-3.3127349097514394,3.7834505377481378,1.3245722597009753,-4.122505302340739,0.9594517399391158,1.8823553890841715,-2.7570393074633994,1.160469088002909,0.884703094498807,0.26906427244009556,-1.4395525365655644,4.761834146315607,-0.46821825567657527,-0.5156248516507809,-0.8787081892583037,-0.9792087284991027,-1.920074121227346
9015,1.9279038311773036,-4.023451937968414,-4.76461129963986,4.7023742322964495,0.9092266664558681,1.2485585076786592,-3.0145301234111024,-0.17019503282380555,-0.5886421313036481,-0.40639227949722034,1.2325786210220508,2.94718094601496,1.1611115484157928,1.219785257798879,-3.7433460028138796,2.2629754620755484,2.7612756890689134,-3.661801954545627,-4.898654158551025,-0.6052814987295339,-3.0345662732819623,0.30862154117085794,1.6393570813013802,6.590523308087292,-4.397085374722531,0.1304044308941137,5.336453835143715,0.32404044894562656,0.9406842856486417,-2.3344976259060353
9016,3.5850260731123917,3.946917931159284,-5.387706040119852,-5.2998674289502254,0.7456028544558491,2.410026610342536,2.8630282871932025,-0.35600781895398015,-0.6754518995778627,-1.2147395646052335,-0.15226881647960955,-0.4645601875752945,2.7768532153171535,4.244366920974333,-1.706199474301176,0.7167185068144306,-4.027866564896714,-2.0038726039083876,3.0553753624414313,0.7295011690923339,-3.5614891705776746,0.5722632976201165,-3.0026598538397593,2.2070091952605786,-2.251725198330984,1.9222149096351053,-1.002157837843086,0.27078456408601514,2.796850945784339,-1.7359673833279086
9017,2.2731914436086527,0.7567786664933784,-2.499203395993696,-0.1691918066869782,-0.47813126905036274,0.11655636162899086,-3.533035722810812,-1.343074591054755,-0.7583267932746791,1.773773921744855,-0.4513518863967825,4.31201507179339,-0.9431630519243797,2.4616692211362334,-1.950494686201159,2.0421058333597912,-1.0691894793235814,-0.540927837047299,-1.7777655147058766,-2.8345722336110803,-0.9409721723398512,0.315379178946829,1.1189710415694556,4.118959700137591,0.07528486881072283,-4.022486933090494,-1.7195821852276119,0.19172184096018796,3.0220870546416094,2.4529753539090926
9018,-1.3235550818457664,2.178750640482516,-5.261245581634281,6.23273485159752,0.453832540973103,-2.280517369573115,-0.06507661547384913,-3.4201575494920036,1.1602100486640223,-3.5785534098584098,-0.01685427696162467,5.920431803123108,-1.141824453817872,-3.573669100923384,2.7937052556830153,-3.74418289550988,3.6500674223508014,2.0159037722169373,-0.2523635556809509,-0.01699875611242163,-0.36668656064899174,-0.45879174433936853,-2.6924456885964023,3.7872863053752504,-1.1506365589197607,2.3361855989046454,2.5339370889191066,-0.012218717653893485,-2.549873399235933,-1.1573940120106254
9019,0.90220379368618,-1.6161871085232313,-2.111324487518864,3.1401470734959176,0.9635618945180147,-1.2784011656580248,-3.477220203557078,2.352964822306518,0.3109462808564878,2.7717776248919215,0.293567446060659,-2.2520359705572695,-0.04333485694057515,0.9219518319996283,1.4017413871525015,-0.1847417296295184,-1.0966289553038369,-0.9989876772785813,1.1679863273501958,-0.4499758485487355,-1.6015593263407357,0.7251721902594541,-0.6630219421263881,0.8213985994033202,-3.2104526210095443,-2.421111688845542,5.3464641282416565,-1.1986005804279305,0.2692861008573644,1.2144146611875257
9020,-0.9728190554740888,-0.9111091905650035,4.256000284840095,-4.118107425460881,-0.5242875915350462,2.2703229781949013,-0.053194774907236564,-2.134028820198324,0.8660107177473311,-3.4648840990232497,-0.2451314702592544,5.031228446641972,1.1453752643647697,-0.9741487362615615,-2.993429642184717,2.0548276211021275,1.303148227153116,-0.5357727341741398,0.12073217522229385,-0.3369335503624864,3.411631976488671,-0.47940365872394963,-2.4746313070776864,-0.24139563554971843,-4.261678143015448,-0.1741581138199031,1.9318343395103668,-0.4130158685379177,3.2381467999002034,-0.3211290140337937
9021,-1.129003235959635,5.379217578823855,-5.393636536410334,0.46631296185600135,-0.8277388254048945,1.5048480570949962,-5.416987020770058,-3.5342127872606,0.15934559517326896,3.5331909104171473,-0.5297633563332784,5.788426658774757,3.520406567342299,1.1815949670233614,1.0789528439382927,-1.9659496338152636,-0.31728020779084076,-3.4977245366982768,5.40229807121808,0.9132890905170523,-2.7230763013542045,0.4802106434930966,2.3760978488826865,-6.448819352759557,-0.8746593012868047,2.928557635731444,-2.079705983178002,-0.9030185878715287,0.6354037675181043,0.2934224690902969
9022,-2.8437004325758757,0.6833191828093739,-2.9630753207799465,4.891087262540239,0.9837033988424171,-0.7513340908362132,-2.7148800067219234,4.288330537070234,0.4669817111498382,-3.5236327594305052,-0.19925558165198343,1.682456099585611,0.9329290978059781,0.4995405517289697,-2.0197789443347762,1.2903581802588349,-3.4896605343380376,2.7866116488785906,-0.4257936180904629,2.5391284839553627,-2.649445006510696,0.9307953397963278,-0.6535847481024373,0.25889954894906353,3.7156897975986745,-1.4128602811877364,-4.904031212618314,0.1400212862094019,-0.9215902298478795,3.3827706398493618
9023,-2.570755699970709,-3.962732753340916,1.7818488197281575,4.608248945121808,-0.9246060046798121,1.0679966931414615,0.3552724693053442,-4.703704867104491,1.1789341481081195,-0.011648412273219222,-1.2377955420421451,4.418942204007664,-0.2165476847059118,2.4809281870770548,-0.1816735375307239,-3.1250868031821692,0.5507710395159968,0.49160879882531994,-0.6560106723992902,0.06039975892966787,0.42496620503004223,0.23051151341935938,-2.8929900974150655,2.8331232924324325,0.7043226540656278,-2.9662883839887932,3.6133152649009403,0.3743800498017027,1.601175968150038,-3.3269055529259894
9024,2.9029072859771112,-2.2402478834432706,3.995837513879053,-4.144370979497861,-0.2646227582064071,-0.24950317870862015,-3.104688223191573,5.761049578084258,-0.4081377763526941,3.203449797044616,-0.8503594723406955,-4.601313903242648,-1.920876942026446,1.3821247087051063,-2.964086991878835,-0.678172707499467,1.2164025699589018,2.9646093627403047,-2.1334468370358017,3.1362121818302455,0.37219340382149113,-1.1398033454961078,2.354481290361475,-2.5896366934841737,-4.012703791960602,2.9280599359548347,-3.710794109784917,-1.088555730999377,2.3223121433953153,3.561681553398291
9025,-2.184479367008345,-0.9954071416879771,5.126391501217601,-4.497525721537208,0.09473424369971983,2.456286485316193,-0.7321348210193328,2.884595488720503,-0.27683464801450164,0.37894596830368243,1.1802458808212215,-3.434817868810306,2.4318904211170285,-1.141330354898182,2.0014907859538233,-2.0801540773792038,2.494765031607354,-3.7066618064012484,-4.884781422330764,1.698071528084844,1.2486611074826435,0.199532901814373,-2.0422898686945494,3.780805753640582,-2.2099205578719925,-0.35521438521809046,3.315717161631113,-0.7051628114291599,-0.2713943899795108,0.2259749828712021
9026,0.9032387611733412,4.631650416236084,-4.973239240237579,0.1691727780883241,-0.412672197278225,-0.31815051798194105,5.391115429750283,-2.2770717781962944,0.372453468641063,0.06104938869463794,-1.0862275477221832,-2.461318961166242,-3.197692319690727,-0.3714879226477983,3.4564208365979567,0.1486410697666578,-2.763844029188869,2.7279623651623908,5.799007145897669,-3.3893389174257553,0.698637876676905,0.9435517254692636,0.5515745082621422,-4.603432338883074,-1.6467994188694277,-4.438930321645014,4.988603224027859,0.3140031034300552,3.647168797972544,-2.864045384912414
9027,-2.203614031227662,-4.680763454814382,0.9183674080527524,5.775728397343766,-0.48629728017205176,0.6765789608175492,-2.092451515319631,1.0440370852319916,0.05711979692086633,-2.390943191769235,-0.834291040566792,4.216528865504042,-3.2219645877761014,4.197668856468582,3.8188478999212663,-3.058778257134998,-2.5522835357565885,0.8165096242774617,-1.0532247867397828,1.1671661682748287,-3.322667245750118,0.5011451845451962,1.5220688199615804,1.1855118597054677,-0.7679339447995268,3.0307184934339197,5.36738900426074,-0.3656092399848845,-3.556766756962503,-3.707797555944172
9028,0.9156449213657201,-5.464673779792424,6.2412515506795785,-3.9792299415781685,0.7860676571924055,1.5009395921329354,4.761155972048165,-0.9824882207500281,-0.4965133179218597,1.8142852248924513,-0.7442599272109351,-4.352179731056573,0.4667901148077469,-2.7048928888511075,3.2900810748719778,2.1376679930702203,-0.618757045534597,-2.570889248364608,5.382028370176474,-2.6133306437800243,0.2751441786792519,0.4282915309339721,-2.99639640081004,-0.475737035202485,-3.1175372478181558,2.796091193517995,-2.582615346391229,0.3379122968627364,0.3304800174418112,2.2356690863903985
9029,0.37352549103684396,-3.7999568908486623,-0.8981029232163138,3.2820531491128655,-0.9086694967176971,1.951150670633023,2.0792772953422087,2.2004834730382505,0.9571100005384059,1.1657733946554671,-1.1895539753538866,-5.213090188219233,1.623413644058573,-2.0742302738055507,0.17475674113168438,2.6296795117621734,-0.1655477111763517,-2.188071911970944,1.1609308589063865,-2.787738748447289,-2.33204770754657,-0.9578908070248442,-0.9806959330559426,5.8974423371654225,0.3514270436114373,1.9601143796427287,-3.602729164997829,-0.5020735142859012,1.8223926763600176,-0.029131420326873325
9030,1.6941376898451779,-3.8798523829516114,-0.7552110202025872,0.6928925785824589,0.5603046589766656,1.6877284757499496,-1.135834575138638,-2.5410211430862617,-0.3153524234433478,-3.28913104259499,1.0928955256337884,6.188443658630664,1.9137117228719447,1.0859007600563721,-2.3351455032043393,-0.1372907318539056,-3.845399002354256,3.3182227544837986,1.793122991715098,-1.0691150676236898,-1.2035689370497131,0.5278132668542312,0.05966572695401773,-0.10791798085276838,0.34410785310692305,4.439864866173487,-5.219937324509331,0.9628292226292094,-3.248047410321469,2.7211827929247754
9031,2.935124548125909,4.842892521727585,-4.198199974973992,-3.8822435964185757,0.7646421899023799,-0.4622156883632407,-4.196609712560466,1.3195574821198335,0.24211977659536732,0.5058642818634045,-0.3526721013721712,2.4817402733552534,-4.217222330974733,-4.045616735916633,2.8196640986122503,3.652199268947932,-1.1438743160477056,2.9348500153785047,1.6954729813061213,1.0987372213795332,-3.3541594887391515,-1.005845068114609,2.602911004533448,-1.0371166503681586,-3.8680722531470515,2.1315309093743444,-1.1433962148114851,-0.5985508399768333,0.23498866838518317,3.243499730179419
9032,-0.18600798091142146,2.13817975446754,3.299031726706822,-5.414064042260147,-0.703355253516172,0.8662157955134457,3.9359470381092123,-2.69718511518278,-1.0174857743551775,-3.193079430417466,-0.01338308198872351,2.9851863638361387,-0.5190363205670323,-1.2118106955826864,3.5119217780566103,-2.0415335004307877,-2.908726408963485,3.169185147486985,-5.025526070917792,-0.6913370402667454,-0.44524032301749195,-0.5648171908283972,3.0511344553095157,3.6757861697180942,-1.4924506494236667,1.9733376989180833,5.511987281085009,-0.5194692157306626,-1.9224572939415339,-3.5509478209036622
9033,-3.1643140693813834,4.998684593610303,-1.5490849227739574,-2.4078427966883567,0.32868033113682404,1.7938768640966298,2.875181763518036,-4.777680677639083,0.8317261940270662,3.634383429283787,0.29578330126476526,-2.8593940104533395,-1.9854130830415073,4.051546227636745,0.5101509830580575,2.050597818674788,-1.0558124680546275,-3.571069478273861,-0.598072150032813,2.021948449166395,3.7907873397607688,0.7694610014217238,-1.1872200625019076,-4.796904577816967,-4.740753504476025,3.6533787615907123,-1.7165564985076358,1.0747787372910587,2.349417473383685,-0.6202649692782352
9034,-0.22253236321750336,1.8543843720304345,0.2020743503537048,-1.5500874119648707,0.5088768832790853,-0.792715830480784,-0.0405151946065061,-2.386591085296601,0.9871616480660963,2.0733041500353266,0.8653548467215204,-1.4987143649185946,-1.8491374556817135,-0.956073470942151,0.6447558480812852,2.0603630141841336,-0.957592411033243,1.0576844753912589,-3.4652190379921244,-1.7093712781055057,1.6936891414351152,0.396683739109017,2.0849007377499493,0.9993166978007864,0.6845874989045626,3.794558351925957,2.5036901422025686,-0.19907015280361495,-3.6684546960483537,-3.1153111441775927
9035,-1.9385998801011013,5.430901763472594,-3.1009382171244617,1.66821308023259,-0.3937318365578517,-1.6658449099216952,1.4159670001921931,-6.050257888468945,0.055197714434045864,0.23908587351858124,-0.8580877269160112,5.198095027241365,-3.419202589903314,0.5717553763551493,-1.4689308555134684,2.1236471956439615,2.796457278885647,-0.6037264054684179,-1.0988644150943863,-1.9052640363862121,-3.8032743361817367,0.19526828543716324,2.4838828026896724,4.128251699532701,-4.985904492463591,4.979695664590118,0.5589797660770515,1.2115539770498733,1.5907215697660106,-3.3550464850159454
9036,-1.2177445548557895,-3.3419133418045703,3.378481473558523,0.4201590105753894,-0.49589822830895924,1.2569156408354853,0.008785694707071912,1.3815490241942427,0.5830215713943989,2.5726951973951877,-1.1628990554304863,-3.3831524322592053,3.1162913724963452,-2.6885918588418427,-0.1531206146117441,-3.7138498927513126,1.2204357060174829,2.21883528769062,4.561893871930597,-2.2227726925829394,-2.3465792566124044,0.9450252486652806,0.5356032390915821,-1.4731704104949088,-1.602584810448061,2.596147972747069,0.8080456692778952,-0.14299704577939742,1.6216607832729295,-3.280272569066936
9037,-3.7254984500511323,-4.94292488660194,5.3170346711773,1.4616719042055841,-0.07195239726898772,1.9616691585392587,-1.8928266007605892,3.2085809738902356,0.5425381373529925,2.798427856045681,-0.14673159833008942,-4.509988768197015,-0.9414521451889186,-2.7648794636708,-0.5018538872682683,2.5259303406202456,2.7887514295025717,-1.1064962739952886,-6.205043545285175,0.10177810429858525,2.6155868552977566,-0.08570614098427498,-1.0519747419528578,4.625359468623206,-3.0855433092836684,4.031997985839197,2.1874563620172722,1.1601250015909699,-0.6728763122115602,-3.6211597279487577
9038,-1.0353801473800797,-3.473380657327624,-0.008611253180053069,1.9960984113031017,0.7291122482040597,1.7921613983806974,2.7326165625034236,2.286741929806386,-0.8508272778177073,-2.947752469294878,-0.2615420320599098,-0.9592367131361073,-1.2789791248776545,3.9940719916082372,-1.385869731555859,2.0156589590971343,-0.2911915816125301,-3.0536905126597915,-1.7824476420348816,-1.8270368809149442,-1.4603278791819303,-0.7158608959068298,0.6293303223190829,5.15634297571674,1.4975209059752608,-4.907947687208068,0.7268264064914192,-0.10708277655088239,2.6352302782235917,0.15545287307210565
9039,1.2915884250807608,-1.236262785654187,5.3839774828956735,-4.753225123373085,-0.013970771297985518,-0.6721072276510576,-1.2812412893459317,-4.905433492450623,-0.10482227158475244,2.1013941717885594,0.12562136393725165,4.064481517656709,-0.35472531092682047,-2.635177445679302,1.263940749344819,4.169204672237122,-3.356901767201771,0.9136591022254645,5.2048371962823055,-1.7825342831831428,-1.2633875481934211,0.5080329274622981,-3.1149336645258643,0.4479853721550562,-1.0337640712244571,4.884901905800813,-4.313666996999082,0.8672156269043443,-2.069137193184666,1.6644507287064911
9040,0.6250352915843269,1.1518862910370409,2.4794311689595396,-2.861041957142902,-0.5691350212761761,-0.8261757731616957,-1.7724484335853283,-5.978121267919196,1.1206390034313607,1.4815130157135172,-0.7558071745401032,5.904224856900971,0.5146295402139032,-3.6993698959053134,2.530153539831584,-0.8662526896496843,-0.7232879803156962,2.244127485824716,4.804518753991104,1.86860216483878,-0.37523882434001266,-0.803927375622215,-0.1485894670397947,-5.345365251830636,0.6665431752020332,3.6699170520820275,-4.13837804614521,0.5626247626660694,-1.7623102472543728,1.0016033034528924
9041,3.532791423582651,2.462415701126112,-3.462053296240434,-2.4962751846156372,-0.24336460200510746,0.20648595815253756,-4.447880437503446,-1.585964836376828,1.0942531997393203,-0.11138234181034079,0.5343340728268062,4.516640343125676,2.4938310868530102,-2.9411963461145927,3.558569750021391,1.162789286352698,-0.5673841604336616,-3.706609616679337,1.823120207063294,-1.5423435266366123,-1.7819609596868808,0.4259639253659371,1.1320569140278938,-0.05683656013638938,2.0153612266205023,-0.8519679384822965,-4.365414097371389,0.4548520878474456,1.996465230512296,0.7507034908768695
9042,0.5546503636828675,4.3254331902464855,-0.41328026638005966,-5.527273974590287,0.8287507835448826,0.2317199034962414,-5.4654832329285306,1.295193937712341,0.17942230769415524,-1.7421936446156714,0.4110499672366732,5.322010664902201,-3.27306038438784,-0.9932992658489894,2.0908785041734568,2.991217857624033,0.33124002841762135,-1.146976739978772,-0.2601330747218995,-1.258868533463966,-2.692530824845928,0.06547574158490033,-1.946696343312457,6.092753034756626,-0.9372783421052375,-0.20770426739533931,1.3610655455207237,0.14554278216921723,3.0858798985251212,-3.4475056167110782
9043,3.4504791718998717,-3.815980237354374,-2.0461423577259765,3.6961579853426656,-0.7720012364762556,-0.5125133256858057,-6.049591057916196,3.8755391040613922,0.11583428609572,0.28745012601630293,-0.7197533670715055,2.490520908815501,-0.5622060049721576,-1.9743457184942201,0.8131543844377056,1.0398399316603175,-0.9558097379673427,1.6393671453351892,-5.249002401567161,-2.3533191362717556,3.87713137402519,-0.04271560371437921,0.03510070557288181,3.7328050619524618,-2.2226515912751417,3.0783311955892287,-3.1083043760177063,-0.40055648304215463,1.0524370545652708,1.6007442001839536
9044,-2.573442285515659,2.657939303583923,-3.7417596537567306,3.5547400821255977,-0.9578151800916794,1.0603377336546878,-5.749345854816589,-0.6132459390945009,1.1676146859475027,-1.1117641807496899,1.1671891424680148,5.139552146246434,-3.375159284352872,3.461915221161778,2.4705645126542386,-1.2596299541400722,-3.0497989999527864,1.752108504629195,-2.6619749388610643,-1.8386347653059492,1.5300870631101127,-0.9588475881384566,-2.107979732447369,6.037349961639968,2.762838603159679,1.9402396468025387,-5.2338895154763705,-0.0690553620794061,1.0241503138552623,-0.4242836862582742
9045,0.8614058310162847,3.787487922370957,-1.941806765408085,-4.2940427481699395,0.2762912550036192,1.3106645051872832,2.108443734056749,5.754496916570165,-0.07145760802660028,-3.4710427417790317,0.3066223000429682,-4.627062600863059,-1.4558167953315753,0.31303672113250514,4.126875875892225,-0.7010716826235495,-2.0766674180577684,-0.20635670101234282,-1.2284245261259912,2.1514873191572335,-3.825309571051152,-0.41949561937098956,0.13248995933336793,3.189252438054748,-2.5688679331255493,1.8816527464000217,-3.2639082072105765,-0.7030843293745646,1.857697866266136,2.796509857047944
9046,2.5286884561442804,-1.6342803224459495,-4.802536666332362,3.6552805274773092,0.13586157417183342,0.11698643098499595,0.4715142465344684,-5.520945453752912,1.0417688176488928,3.547775225088106,-0.15115841668793717,0.6110455811706039,-1.8372081233034958,0.01120365619736674,2.4698257453569497,2.514205984001375,-2.96743852571484,-0.19058873653790087,3.3386924189393845,-1.2791997359863565,-0.5681588808535789,-1.1569835062013971,-1.2558594624108395,0.9215091665099742,0.8614072732774325,0.30127925479510864,-4.259183619200897,-0.5651462076373592,0.5328600442140701,3.128783254555035
9047,3.079515018646898,2.5955443696448093,1.111970076744278,-5.4760931507089445,0.6533628926271571,-1.964299206954081,-2.5231546310752684,3.0439405155614914,-0.8101962095290451,-3.3122896267022988,-0.7616661308456676,4.3633660825920195,1.9489696807088635,-0.7284355554100479,-2.345668475948697,4.099961368433398,0.773357064554073,-3.7481840823381276,1.4787993795555394,-0.623010282870073,0.12069713292028794,0.8933821942847571,-2.3005513787150083,0.4306829548216804,-0.17044463289192535,-2.2000525572884087,1.4681674910902096,0.07213994060381879,-1.1743632212315305,2.0045529797212573
9048,2.8970737944871843,3.580807619161149,-5.320539017026768,-3.290866787128479,0.6377077873298536,1.495816603177154,-1.6539878482556745,2.679726319498016,-0.1821250351759458,-0.39426961604168476,0.11069466365685976,-0.5600384836803372,-0.7031041776047893,0.34393088176107867,-1.339620625828795,-0.7534202467271705,4.0881685745867244,-1.6359544061875795,-1.7318345752556468,-0.6932601595774219,1.7381305630934563,-0.35945380423324025,-3.229840804065489,4.276258780035494,-4.1146682564674055,3.3489321402511294,1.0800180942691249,-0.7737528756563377,-0.43191184816394745,0.8913827457708461
9049,-2.6376248499876898,5.448104523854969,0.40403394160374617,-2.2334879895000057,-0.7317695540943256,-0.24925607187660503,-3.8737877424810883,4.517517354133172,1.1229054712415856,-3.2128209068437634,-0.8363753632124755,2.2825611871637896,2.3130814282968153,1.081403420766918,-1.4020337720126612,0.2029851763090278,-0.6350912400567026,-1.5603450133039836,-0.45622184370966323,1.8639891416932315,-3.7317614129711814,0.42130021198521117,-0.43209256997352163,2.334786472973086,1.694402738930549,-3.1419265947594575,1.2200950349645545,-1.1065278619571952,-0.748628255783002,2.082584938607962
9050,-2.4920556944342405,3.3244254561627393,-0.6682033690375064,1.607450338526629,0.5476652101992503,-2.3192819414167847,5.826837402882379,-2.43005025897034,-0.8980584287604065,1.4646615501820612,0.2020211044761444,-4.165411369808634,-2.558161793642155,-1.0511736397823004,3.215474558678242,-2.623921157707251,0.6938886533158701,2.323893379136994,2.5572422513026183,-3.130074273308214,2.5082369028518556,0.8362947621983885,0.6408494328330665,-3.4125490758805626,4.521507867276622,-2.2154404339797296,-4.978778045499517,0.004963341975515512,1.0657398368617201,1.6020074333687688
9051,2.2254974280902857,-4.353707162575866,-3.3381151010648438,4.387213957085816,0.8887538351411877,0.19035704332349468,-1.783075925282418,-3.460666651206523,-1.2077122242025347,2.3241496023258073,0.2880792907265075,3.8392259076403548,1.887387339103615,-0.8983216317360032,3.8881378285940116,-1.3115041134668992,-3.302050089455335,-0.26364933303997873,2.1809361710808552,-0.21974868254476654,1.240728052855406,-0.0306758810248402,-2.7750992582619407,-0.3961404021075765,0.1557491724430129,-2.293784835809827,-4.788353402107354,1.036258287365106,3.618718416078238,2.2714123620341944
9052,2.551600296939654,-3.3849172406497807,0.835868109993946,-1.58789202385136,0.5093932122500933,1.0759476453175107,-0.45050112032111755,0.9510913647053911,0.3810488262004066,-0.553099088942222,-0.6638935244538748,0.33535354281262997,-3.755115204531357,3.1118831580136224,2.0914083396052305,-2.856860402220992,1.0972923029985076,0.3113918061343828,5.013130631488817,0.6543378848523052,-1.5961767649130696,-0.690372388745252,-1.0412311782875392,-2.3396881843981454,1.9902175475013948,2.7842442236174065,-6.221340578828915,-0.7580269239453177,0.15453588092004544,2.0503698507387647
9053,-0.2905196738977214,-2.2063039897138523,1.4570640139598794,1.857170316127025,0.16015279213900335,-0.977563458614263,-2.7594906506729053,2.9059942095764413,0.2026125815346136,-2.3673714027390353,-1.1738628068570205,3.1921180691591466,-2.286362537906186,0.6722001882229733,-2.9230908955841777,2.2081944700996807,-0.3239806294812162,2.6530394046483075,-2.242225774547599,1.1298228893463662,1.9103397673012132,0.915903438893344,2.678704865314595,-4.392545186310812,-3.6737050325608465,1.0634167048741325,2.290199556619342,1.0328737635751057,-2.514123002617753,1.8013380101134224
9054,2.9880825271512634,-2.760914014865186,3.648392791481104,-4.207458957767425,0.6920770906623419,-0.360179436662003,4.772924409919646,-2.9246186975239894,0.02246730164543287,-0.10389524120027893,1.127529601804417,-2.8944073746440253,-0.7837618774872404,-2.027153839152163,1.3869858193060196,2.342447901956266,2.6871158166860063,-3.6056338213095085,-3.715327037729935,2.920209202404486,2.0310829596587006,-0.5062066502225324,1.8451120124021738,-2.574870486515753,1.3274429501124487,1.3511750655388184,-0.5689219669019465,-0.3285157766342204,-0.37884151115302345,-1.4023387609586973
9055,-0.49406334605665414,-0.949919057216821,-4.072982641496637,3.8483790659488193,-0.6017112198565788,2.270297198677987,0.8792518267504192,3.733776223514294,-0.09219448122046714,-0.5218554903068728,-0.6362105414721704,-3.3627675372639843,-1.306174250796266,3.509984058151339,-2.9844248214720555,0.34767999250413695,-1.2609090792634294,1.693844100875637,-1.8356123424832695,2.348906475711644,-2.162347344312625,0.7949663110743925,-2.473330929940854,3.3274178299478585,0.19871996259077207,1.5535947091536677,-2.9363888493337242,0.23788587360410407,2.597657488875033,-1.6514691848864338
9056,1.2435055702223465,4.409644495850397,-0.7220724092015125,-5.141163447040423,0.9761251926881442,-0.7660394025188566,-1.4702721117513242,1.4675494912635116,0.9604767547959661,3.3304158707432627,-0.6590387056546554,-3.6291312993955422,2.074496586121402,-1.7290700412261604,2.021097131458223,2.3401849865825177,-2.8756712012703733,-1.8310374616662717,-1.143509845208115,-0.09008919340981869,-1.8047366967969385,0.991755168330335,-3.2052754340828447,5.251856001164548,-4.183736728817019,1.283886763445878,-3.043467507395569,1.1690302182549424,1.1330570901505723,3.641230164364625
9057,-2.217673439342569,-1.5700394299568643,-0.9839544969533698,6.030474925322988,-0.43571272147003914,-0.8230948376000313,-2.1329444147231413,-1.98587736538758,1.1110273956447596,-2.1665473558127175,0.5587280469022247,4.615613693377625,-3.237798255581737,2.5699346114606954,0.31001842004178215,-2.160824389839732,1.6114192252546076,0.9072503886637531,-5.872989932805869,-1.774904029704551,3.094121749030343,-0.9505428948089314,0.4056148338296257,5.098700274456526,-1.9888274765463336,-3.7715504117722425,0.09129830811421158,-0.19951930659228534,3.3865925375550354,2.482006349245058
9058,-2.9458253480117342,3.228615719526914,2.1848293715813725,-0.9479723589362692,-0.9051706033247475,-0.6144767808354636,-3.7007351922673983,4.0801762976322955,-1.18407421155639,3.096251911965716,-0.8999657285451157,-1.3916530772279323,-1.4041323179178953,2.240737421806518,-2.703263481294769,2.5116316352991213,1.484470997067941,-2.1294442549615287,-2.8120160282954494,2.366106539021011,2.8836271552531834,1.0570752083410335,0.18562392107488712,-3.6804167953975124,2.7704524781652573,-3.5891798268154353,-3.817544007593419,-0.44282639183621253,2.8900611276404575,2.1890366204428453
9059,1.6580731983716603,1.661966106060742,-3.9284566341626928,-0.09771709672143558,0.3799481781039544,0.32618624834783105,5.4284050480195525,-6.037086381748971,-0.6069538397759855,1.0226967339640964,1.1817368140990459,-0.9887983745565272,3.394735112832361,-0.00022760409276401106,4.183805321465751,0.1617115551651871,-4.085151860305,-3.654872525066148,3.3168919664092407,1.0248465467604628,-0.32137477923934377,0.24688086603914616,0.6851816919404108,-4.952426291912769,2.1973554741953905,-1.7544820305873436,-5.9564241304541135,1.106612176362039,2.648401215393619,1.7585372950939089
9060,-0.8863058530960064,-2.825224148213149,4.742385267370835,0.8280572108008144,-0.1652956339160465,-1.693616842946403,-4.569147457452878,-1.3477257174145514,0.6118926859497922,3.7430335747202044,0.9741271177870487,0.5878197964116048,1.0853345859178951,-2.504845946400108,2.974848359151533,0.9999078067507625,-2.9882021012184445,0.43295729579773123,0.8514026383932283,-1.4439653286907035,-2.210065138424909,-1.032712588457362,-0.42632647871900176,4.261666895895885,2.4374585734828536,-1.654409913181329,-1.0579422775712608,-0.17402442118121186,-0.9617193292793083,1.4106373677337487
9061,0.7487189526283231,4.564832416562137,-5.689754351754065,-1.749177294697656,0.009241991815000183,2.11613828544632,-2.8178472834479464,-4.614015394167918,-0.06399317443746444,3.112139477883531,-0.877003698979042,5.260720073150054,0.8965173405330802,1.5658422362164863,-1.155527957663601,1.412843124286237,-2.160045621423741,-0.5596291219490865,-2.319969591476333,0.38500732468270193,-2.402006315125547,-1.2475507425992478,-1.0863438527304616,6.670863177246034,3.1799434107357705,1.9917335713866748,-4.002658628579759,0.44117213798248756,1.722855825719467,-3.333046317241161
9062,3.4692696179635973,-4.226500365178527,4.082377516586263,-3.132761422500902,0.3180966736953721,-0.5104820205657514,0.33040629100704066,4.2706808615918135,-1.1708837145856363,2.497018273644766,-0.2565397563842575,-5.670681955272524,2.9748706159816507,-1.7037157729135313,1.7369882070382658,-0.359134429808865,-0.5433293672123405,-2.1056792530857944,-2.2928187279269174,3.3791794442276597,2.1966878753572523,-0.930126185183604,-1.451772812261618,-0.9011495942155889,-4.4443801154829945,2.256456143558367,-0.2703965426238568,-0.5359233151376355,3.110414378112683,-0.11617054842310814
9063,-2.4908729567447523,-1.7118735355622086,1.7169988271114107,1.153159506669727,0.6850462977948983,0.6475418607309873,2.7494860090025774,-3.243546308524092,-0.6205608820324757,-2.7402941190181433,0.8792635281645893,2.97565177240876,-2.2977802109085648,0.1629171380475789,0.8347560702759154,-2.6088319551595163,3.81959428733537,0.08934467040857719,-4.435103096393945,1.001578346735494,-1.006763194692363,0.5469925355284309,-0.17768202235260588,4.070977431172199,-3.7509205978304827,3.290025782227435,5.6546680863518795,0.1360858196247534,-2.88214707215249,-2.4477120182176435
9064,-2.7171011311226447,3.286937441828762,0.2144828260406335,1.5266630367580554,-0.26271794136400883,-2.048264232140732,-4.2583504357727335,1.4366356786087344,0.9049750626234889,0.532722674793062,0.8011240666803596,0.5828929530683133,2.8218937102493378,-0.14345244652801625,3.993806859303163,-3.5629751815482535,-3.622166797045324,0.5128938555684464,-4.294065310998118,0.4069875792749649,-3.898354859998296,0.45018170759491394,3.017170666231749,4.318080217891982,-0.30161955745282754,3.2913416944755944,0.9285782600016113,-0.2941764275834853,-1.1077893832773142,-2.516334586160138
9065,0.7135625999932866,-4.264802200902409,2.9090507102020347,1.6519726827216559,0.3237642680895192,-1.3335480601040608,5.445571411491574,-5.411599395611965,0.4113661029398843,-2.3631668450686103,1.0786055630096225,0.8392231632406819,-4.087922524903512,-1.2210739763667284,2.9096592483497012,3.0071654699574175,-2.9859956556907505,2.3781674386532003,0.29737471592807196,2.5563597011729193,-2.8943323874933142,0.6372695842913405,1.5572630622365722,-2.1539346761383946,2.184056387627809,3.1044771930932136,-2.8200665554891806,-0.24152319132417954,-1.50578106696741,-0.7211627669368177
9066,3.4754642087834284,0.8445021838701123,-4.725360620289756,-1.0210328022741741,0.17831089025543134,1.2481161396550142,6.0655306528475315,-4.49988991933947,0.9665353466000699,-3.2115778338096916,0.40115660816697485,0.27824514553580215,3.603837264944019,-3.3450312127060595,-1.9066187270545587,3.2157814450248274,0.8024660267538231,-2.3704347969627158,3.630452720855274,3.385546534177564,-2.8599129917365804,-0.026332745421663084,-1.8153555737938039,-2.3143979440836446,4.383825583964214,3.5032235228619726,-1.6207525093508472,0.17169770667476225,-3.3929555383769543,-3.0450387657697
9067,0.5681109293434634,-1.0106814262749175,0.21465570264162892,-2.8647341877555483,0.6599918906599389,2.432657091385476,-0.220686150070609,-0.9576153860260206,0.31842916511532415,2.8187742413427017,-0.8038173807851461,-1.155084489575053,2.851359253577371,1.9826257239744294,1.2059847286791268,-3.3024848363032966,-1.1228796526516707,-1.614605217276626,-0.9108489260118873,1.304630786180363,-3.2739578140928867,0.5437169136437543,1.1674384002616325,1.169020640016189,4.029827985397013,-1.513539798646054,1.5086322741902194,0.5208084197414644,-1.7406705490817824,-2.8050583315974116
9068,2.818187394889126,-5.605147945805612,2.985170099684467,1.831946029435887,0.25469369411382026,-2.284849272317633,-3.064906003350245,4.0888688280825995,-0.07754653051523341,3.678810813788555,0.4703572539303176,-5.095584361934797,1.9172251938423912,0.9128396271299195,2.6796459680875273,-1.646920486775242,-0.5023435109453267,-3.3604467913399425,0.6891968443319492,1.5626519897510303,0.7451358438845297,-1.2112928251011974,2.4203359032243323,-4.206027756093469,3.95556928415105,-4.032271914059756,-2.4051646760999716,0.5185267395743676,-0.15025951299352158,2.1136000794312757
9069,-2.177305654220415,3.6083491256524844,-0.8906221742284153,-0.9528464638365293,-0.1434534210445213,0.5558785876774941,-0.19413346118274788,2.875454680661395,-1.0360773945311483,-1.5813555342369412,0.011878099693717559,-0.07576639040312472,3.2251465300568682,1.944849291226788,-3.099446469292504,2.9806408943851466,-2.871626616137446,-2.17956363023953,-1.038081959914475,-3.411962322446593,1.3890259534560663,0.35353040401498603,-1.7504669142189009,4.457954839106105,4.3371538486226555,-0.48978163461177004,-5.734894270736557,0.8790419933369629,-1.3455033146380107,2.3539833780301684
9070,3.0617701516282487,4.952986557258825,-5.445920814748913,-5.349234189672941,0.9399895514124217,1.8404087441224775,-3.4627572302592036,3.9618069951999075,0.6308729559538486,1.9329592487513487,0.3798114206300882,-3.4426933902748402,-1.8640035037359066,0.34219225612841697,0.22627711745607115,-1.5328743855217937,0.4056438150672754,2.422764700605235,-0.5290955932541763,0.6645951524781406,-3.6849103486367962,0.0856730511858288,-3.158409066551716,6.622146804775916,4.506151105687614,-4.689836255552093,0.9179780507672746,0.294706044497822,2.6984169550988533,-3.7274159004960286
9071,-1.6091720135063579,-4.901658714417891,0.6775570250499712,4.345633098633613,-0.8427060120665655,2.3303466163073647,-6.153242603358063,4.123219506746047,1.0064563088766816,-3.2683151906234773,0.9491608438201968,3.3427211345397687,-3.8514102993671173,-1.415030213366574,3.9779922499074836,-1.200248260088939,-0.24529153139021886,2.733988054304678,5.722992756509242,-0.7464621714602657,-0.8247215336098073,0.5318433541871457,-2.80721950048658,-1.876432905142547,0.5316389358246418,-4.624639213402531,-0.17810244044844126,0.7384829246091407,1.826538491671318,1.7060813017493288
9072,1.7691853442420324,-3.596770609486576,-3.8124261377814754,6.120643490637406,-0.03145188596742354,-0.4491802016438342,3.118084138108472,-0.5786164415599231,0.5221386905707535,-0.36575531234460357,1.114014104499593,-3.8098651792731353,2.0187029100032667,-0.9145788628122133,-2.5220712973162005,-2.083534898788489,1.1164714564074991,2.3850106925054,2.05964016075378,0.79553609649229,-1.1543267040530125,-0.03370677452454096,1.8523341969730982,-3.5194769756444337,-2.518219469035863,1.5437778157985491,2.130537436387172,0.0658379734611696,-0.8642784999988145,-0.3576552566087816
9073,1.3511461354074683,-5.387154257865038,-1.1285259261261658,4.356190951217172,-0.3667753655955821,1.1751184629622813,2.448532828891839,-2.113724440945635,0.0907381194657928,3.509806586594056,-0.2512915044665549,-3.684061589538338,-3.9323025575469632,2.217880761603727,3.6661056238912977,-1.702042627513114,0.4444820601267452,-0.6941232605624172,-1.1252002404316706,0.346393134500115,-0.43179989029540167,-0.40229845430573175,0.44449363142220477,1.1684118191076678,1.4718495137934902,1.5302986534733556,-5.6890747511398985,0.3343403814680075,-0.43299428076522517,2.7855804831736997
9074,3.553646913869624,1.9136088638468784,-4.496635380037443,-3.510292928262661,0.8156307710690847,1.724041759514643,-5.948709792780104,1.954465748084285,1.0022144337885566,-2.4056168143298695,0.7392066259542807,4.658439799284025,1.7284764011649862,1.7068719243154682,2.107482671662801,-2.7222862916378023,-3.547422895066582,0.7268781895604413,1.0045347368186484,-0.46566476108558597,-1.4443131215272462,0.728019066248196,-0.21471584713295577,0.3921399266761121,-0.4812182804546268,3.2209506408645616,1.6198708838590505,0.3814861457163303,-2.191738316008829,-2.549351073973085
9075,0.7547023975681899,0.7117453051352527,5.31610325638195,-6.0587703893937785,-0.5806791225830341,-0.1431014471084353,4.719233302174192,-3.1089066324156853,-0.8875912248453321,2.8239442771056,-0.39493573430507656,-3.151743987712514,-1.7530218339019488,0.6822037860001302,0.6133071261616188,-0.3750757368124127,0.08249361496848806,0.7500930435834139,-3.1038211637292115,-2.349870277430517,3.231798846563251,-0.5390187375004132,-2.7552642865964607,5.516175618690532,-4.181766107123362,-2.3637630304629234,3.9534695457525864,0.026105937737320062,0.7473396285056673,1.8186140255941083
9076,-0.8479131831774716,2.815766410002542,-4.098520283155747,2.3226267968048013,-0.016543488435467157,-0.17541625203850408,3.1122946181207922,-4.440185268685987,-0.1569816067228258,2.7692453409227653,-1.0810949285254279,-0.20327815510812997,1.0289334629136704,2.08752228507435,-2.662470284920097,1.3050193835289328,-1.5038045927518535,-0.25520025384572165,2.767896434117411,-1.1400507031233698,-1.8537404663310024,0.39087242515956433,0.6035799404775375,-0.7685576303029436,-2.9950496251202487,-2.5070308332297486,0.870354529752845,-0.4058982576937389,3.4619287589048326,1.5756954273894657
9077,1.7178603770237864,0.33535376987858356,-2.732950843096308,-0.44322592376318326,-0.036640365514086115,1.159602985471345,0.43334494255977773,-1.5931164497650698,0.7248383794168447,-2.963007776560506,1.176851165017391,2.2210897393327365,-3.541796201757574,2.1275400932799897,3.5093186368042026,-2.325180594335123,-0.18444231705728242,0.4145603830650604,0.6558379995910393,0.4580759624349522,-2.630989136454442,-0.012825219373832297,-3.2480345601549327,4.777934953954425,-1.2639912682486987,4.537962173644516,-2.7182448910011665,1.063135648992005,-0.3710889839720348,-1.2477726794112094
9078,1.3734216198457325,-4.722834538934929,-2.6941472803874262,4.960732941860904,-0.6298305771559092,1.7126578347717416,-3.050918079821308,2.6498859372204855,0.7805393048290057,0.8040534305381772,0.8364822743769533,-2.0200428671421413,0.06383789783232885,-2.6417801743426903,-1.9337621665215163,2.1543229998906064,1.9120783067690112,0.44530313637154784,2.648895109589329,0.49321133606012957,2.5290299958383002,0.855716534268252,-1.4849895011014347,-5.041863474657319,-0.09590833036356372,-1.4443255084340159,-1.2948902841167822,0.6249541487706107,-0.032762672486542854,2.2429326466336974
9079,3.658703228410509,2.108049970142627,-4.417332650159885,-3.254431642992781,0.8729984390745607,1.0320126555250972,2.2633227861470395,-1.9472937790961318,-1.1177181766235118,2.449849102835742,-0.8968438497735809,-0.7513160834883905,-3.5627436052498602,0.3804726234610989,1.212300266193246,2.043113149582748,2.421103196858674,-2.4942456308466294,3.6247752820465315,-1.5132556875466072,-3.930169358819903,0.4255543356706477,2.874688835653723,-1.4815934070071215,-2.227347846976105,-0.3843128269657683,1.7340058149064923,0.2728164390259131,3.4199634806954258,-2.8151250606825755
9080,-0.6403193006530987,0.9116101457875558,3.365835061614181,-1.7930247753601982,-0.3495635753409563,-1.4945375560473195,-5.551450534356974,6.038777804556471,-0.49928362038409,0.03248579909043059,0.2026676901152209,-0.2231971390198737,-2.251142541271369,0.225746023051137,1.0481862591202038,3.693837768825251,-0.49326294807901405,-2.223364561646971,-0.12922877556550105,1.9298990813450256,0.0063425865460331465,0.40563362448879836,0.6669360659667447,-2.8795825827838257,-1.6695193310096066,3.976594512628239,-6.159232859657738,-0.14538168598901713,3.4110658505566427,0.5864735134749051
9081,0.015130008981319776,-4.498631916207774,-2.62054832430276,5.631527129761352,0.9556932951618213,0.5168298066062214,1.3684796722673163,1.1308891318516103,0.11211124590743005,1.799788850018988,0.36595352810098714,-4.7772224281451265,3.0238947676940136,-1.7715924363462339,0.5384605827174624,0.24119864786628753,0.7600829692122026,-2.7920445311445157,0.58533103136417,2.4232301729692836,0.45725205158399973,0.6635200608998648,-3.21640614145268,-0.9129271753673791,-1.5042139889444854,4.201142840884884,-4.291664117056488,-0.47236920311412867,-0.5790037086186484,2.646108176852259
9082,-3.4702444392441514,3.4527010507317257,-4.155732049104177,4.298986847978991,0.7026894938240651,-0.8284009041862657,-6.166224619114896,3.0458564020023573,-0.09342852633180332,0.6657528628633038,-0.14602485041312718,2.694068730995383,2.486227687590457,-2.8774567802314817,0.5163542317334517,-3.518015667122704,0.42470801193352514,2.968182516095972,4.582006457519494,2.91071809157625,-1.0430216857092631,-1.1705551470245976,-0.8371265361024882,-4.442021180262131,-0.481784755707487,-1.0860142908381185,2.725704559043738,-0.9522717498046616,-3.007699963956897,2.8020662012667934
9083,-1.3721257531688522,-5.4364532495754965,4.846417222972175,0.36667309387513214,0.6491603794983822,0.9463283063988293,-3.0679452597957066,3.778180122908367,1.062147841776219,-1.1557744530015839,-0.23650709685971982,-0.38010115502635244,3.0393104252992273,-0.9446517217171042,-1.3751234295096868,-2.077117960905934,0.6319873756755214,0.7255953111571891,-2.6105752064201653,-0.3344419955429814,-1.5074070161519657,0.5923814215795735,-0.08672829259006853,3.946771089122876,-0.6678707196493043,3.7440276836197484,-2.9033146346043175,0.8772336689979596,-0.7829726751782502,-0.2671033231824893
9084,-0.7611471615753462,1.9942497917744895,-1.6641689146408787,0.8130260034730341,-0.9310924060419161,0.5491326870107702,-5.6915877008283395,-0.9037418878968246,1.2048847097484945,3.308563791379317,-1.186436646124534,3.2683177337231157,0.7855692851707694,1.0746432754554078,-1.3519722062364483,1.3095673645123114,1.3094849772220343,-3.127292696124888,-0.8906819791318945,2.2540812848563405,-3.523861980685723,0.4074057855222346,-1.198012144607377,2.9510690340436483,3.8930791317081805,-1.162327474138145,-5.4254998926333755,-0.4168808952677958,2.3505669045812922,0.7610622257531787
9085,3.267560024248599,-1.8544901530529252,-2.8220018551980814,2.2581099970973675,0.5159066023451171,-1.3650846154399243,2.13612393000313,-0.033473573598403306,-0.8418568716590666,0.18966864674468198,1.071939063098002,-2.522401194587097,-1.44562481169363,-1.1522777012173542,-3.4385548374001473,3.0794368506257612,2.06598707111705,0.8910334285674679,-1.8723508705668657,-0.48689061972819303,0.27352268009846625,-0.0856348999649974,0.05905444954171557,2.112299260617089,-3.7553517902613045,4.634670849961555,0.1557757398966615,1.0792148627469125,-0.6519942933896363,-1.4623153689508452
9086,-1.4978576947229278,-4.094578249560897,0.9292612990207054,4.653100427810944,0.7813945829372106,-0.7713203654848702,0.11326050604098015,3.5234021751600224,0.06734684559769377,-0.014296570352421156,0.22367465220996152,-3.913387608654997,-2.2379972886773505,2.1421691722953575,0.05517998065446861,-0.4052802124550112,0.9263486652476054,-0.48042031706593136,-2.175911645214331,2.7853348239761218,-0.8261307476068005,-0.5607610542948986,2.1597366715416992,-1.3822680484045549,-1.2899598266769061,0.9488923805722607,3.366538514695769,0.1516448461530162,-2.0512773703794824,-1.1258385443613257
9087,-0.6407902375204042,2.161311885421462,-5.125409065806288,0.39856717296159516,0.9832639229254747,2.223056322018291,-2.231790520707211,-1.8385288532802093,0.32365132334823077,1.8861248981836702,-0.44210397752310726,2.3026471299798494,0.43190373609284904,1.4579106155551287,1.391585064481184,1.9161907435837833,-2.74710535950039,-2.450484800213397,-4.304109170125951,-3.4692467099386928,3.5564329785064785,0.19179683194642205,-0.2763845033010597,4.30151057291004,-0.8357109621458321,2.1928990756778894,2.3341038584081986,-1.0493737532942258,0.13504149813206112,-2.776959716774785
9088,-0.5221055444939662,5.583337130609699,-5.031021873603571,0.6550546516085234,-0.45777258875606486,-0.22749177536446297,-5.575925139056778,-1.0694736483723055,1.2362638822690926,2.778627030088664,-1.0364558915903537,3.666963766662917,1.6033098801177523,0.011000547571047292,4.066660257024385,0.5213156483683825,-3.1929998622289553,-3.0092864708534464,-1.496539408562647,1.2541190124004178,3.2498503073486233,1.1417926783605994,1.6028163909141373,-5.752038980463912,-1.451843099358367,-1.3631619704573303,-2.9570423267333865,0.4745437696423682,2.4726415115441185,2.8248621153659244
9089,-2.4312971507887653,-4.940821904416403,-1.557784565601203,6.070187193961878,0.8249760736128255,2.0347403532318182,4.621630897273679,-4.837281692933587,0.002669141980539358,2.529101168502155,0.9976307483604225,-3.313750263181994,-1.6684277320167258,2.275068748739681,-1.36629267142939,-3.4584059598526693,1.519653475968397,2.6984041385898827,-3.884678326672482,2.497733632215155,2.253522597678508,-0.16717631662136778,2.0649156182155224,-2.764317204818113,-1.530129216779823,0.2878385871392126,4.383930010054051,0.048037174407274286,-1.220741501683639,-1.9689350531337677
9090,-3.4531754059920097,-1.4810572194999452,5.099662880761002,-0.36922249312008404,0.8757954371225529,-0.6720031992713817,-4.477121234719679,1.7670274345914194,-1.0727566583062758,-2.4308450076241783,0.8604294908150383,5.353265975244902,-0.9140688287768732,-0.5716331840421773,3.815646264203231,-2.9612003363805908,3.7246465598955822,-3.0933904749000085,2.309823714343615,0.37997344041838765,-0.04965670020633972,-0.7935056950078296,0.6978171066975936,-2.5444518662482025,-0.17353862262359954,2.8579696369608456,1.2480931566725637,-0.7461286093854271,-2.8668258058353384,-0.3195697557857322
9091,0.5495347763234726,-4.89179007429421,2.5454835374267795,-0.022294308207399638,-0.27470863020947034,2.0937746989609796,-2.340393384174245,4.8699416099396124,0.13289297034591563,0.8803085541270708,0.7217696402029716,-4.264519390440114,-4.013058111088158,0.6733249161273491,1.432644323701556,-2.475240058419473,1.8061146939520007,2.5762142357258853,1.0710338863929252,0.08968152282667852,3.2942872066078763,0.19506378394749202,0.15041973377871187,-4.800486133556479,4.336521538963019,-2.9617937820243867,-0.9329078883938493,-0.880992708965513,2.8110389631164523,-2.3718661226923956
9092,-1.6713409772669223,3.2227708071983407,-2.6239132123458404,0.9689863547115998,0.14824373404177926,-0.04474670633880784,1.1886066103593755,-5.762985682128285,1.2492307510285094,1.6752642857795799,1.087501193632554,0.5623828413294802,-1.8163302269765111,-1.430852806999475,-1.9518957205132565,2.5344522419366164,1.4255355427802954,1.2390909697715031,-5.154722706610393,3.3642125622243313,3.5449623117445945,-0.6321962704286106,-2.9566632664023444,1.8344073694696377,4.459463535302824,-2.8647067591194464,-1.6866283998234977,0.7035111152175206,1.1321090539074206,-1.7437485454814663
9093,1.9229410996221503,-3.7781788549832775,3.9865969959455683,-4.055853110025083,0.2850597310295302,1.6394341384112359,-1.8167068686503072,-2.7361494420680614,0.46183755012410543,0.44200555618465387,0.409014143055769,3.23999906135505,-0.917007664090491,2.00620110475878,-2.538505674998767,-0.670808311052955,1.5227115343380646,0.5974090110445491,-5.407763343268062,3.4756239635801656,3.75798760849192,0.7708627729511361,1.59862128833106,-4.195332290089016,3.043279478590488,-2.696566937227697,2.7000406341262924,0.09815125181989792,-0.021044716438773037,-3.1238597108668493
9094,1.2468416004081,5.177748638771497,-1.6749229582637106,-1.7404097270034349,-0.6331936573802772,-2.3760638965320613,-1.970686593623153,4.786297767372385,0.461978171492464,-3.3129767354327466,0.8574709282615727,-0.8220835380693003,-2.712780877106045,2.6071349817931306,0.9932365639511431,-3.1250180920376547,2.124811098874961,0.11261632452365689,6.19873860617076,-2.2615733020804143,0.8253051446994313,0.44725388421023204,0.8668646706533671,-6.0765890036561565,-0.7927245061553094,4.416794399191211,-5.653966032519989,0.7990635626247711,-0.8507704501697635,2.0816030270324326
9095,-2.0295720817987295,2.2018835179840544,-2.947243233557046,5.703995775643374,-0.595155533499885,-2.3339084447716703,-1.5149691529736913,4.906301606897362,0.09059046796394643,1.937265427817401,-0.9804883962085409,-4.43869995349522,-2.354525054390356,-4.021803601124951,-1.4633739073083802,1.2511894536323176,3.297470583322184,3.2910425258683453,0.7726989249490863,0.8107861534149201,-2.8793712634028363,-0.5202811148215849,-2.8499261591105896,4.666093458968231,2.45221147171225,-4.723946931618636,4.936349830518587,-0.28193206008265737,-1.4176682974492767,-0.9650140130769334
9096,1.9555627572062413,-2.906156485711673,-1.7915280973416827,2.2061240506082527,-0.9048913875237143,1.4408891627626677,3.148773707672003,2.4220869477686513,-0.18961956359982146,0.7091794012588917,-0.005765225742024427,-6.084655267356418,1.0019154652330897,1.6398168530429942,-3.052330867432177,3.188472174669382,-2.3345601503218276,-0.44331347519228537,-1.7230497580629809,3.0278377077886134,-1.2149994974591145,-1.2077162815161584,-0.20505938153808323,1.3229872107849552,-2.6918219236451435,4.054041119515599,-2.981690787209331,-0.4715882979262602,1.7214285625120311,0.36963132675643706
9097,-0.33287721788365765,4.706797034858724,-1.721867006058158,-2.9451432356921323,-0.2450465153641166,0.5381369401394362,2.096666769841857,1.3176485927563881,1.104227029880632,2.1614277578320653,-0.628911825031536,-6.051058325278152,1.7700279797855707,-2.816614939992,3.0360326535208415,-2.6001335189072208,3.619279092090654,-3.0085912664986783,-1.6921053342000505,-3.0897986325217435,2.299807227448216,0.8343403369563998,0.27847890078187376,1.3692775015325545,-3.1660874482725774,-0.9514766345286709,1.8432799883169153,-1.0313834099128631,3.1138936706363403,0.1917738337641932
9098,3.7357821552758175,1.0494170253807233,0.18467011974025027,-2.7800073681135373,-0.9812619991979206,-1.2085999330852193,-3.9536461553259734,-0.9940210297895824,-1.1538284742353069,1.89374680487974,-0.082149644231988,4.289898498704375,0.4912410437272676,-3.9705794989574112,1.2345087691383583,2.982772706826374,-2.149161378617011,1.411218357881566,3.7196922639508507,1.6631311743387158,-0.40740843807687455,-0.5534680975459052,-3.1347343212827123,-1.287212581386843,-3.3662163964567284,0.2542735882477132,4.040399393600364,-0.5556355124818211,-0.6528785555113483,0.2800574826051623
9099,2.9398963064423675,2.1700355385401906,1.5013268820196473,-3.4143589333293036,-0.8326430855408053,-2.3642567081319914,1.328779494321683,6.1471989441607455,0.6996667422866931,-1.5592693208258623,-0.6470862643539341,-5.969289595588098,0.256710000414234,-1.4077472899985217,-3.046696292575959,3.161177855241153,1.9233866790022915,-0.8868309520840487,6.1264241618430795,-0.47907224771509327,-0.3904285061858044,-0.4578572259007174,-2.3975135048291367,-2.4015526772151006,2.169922258743707,4.4786712145336836,-6.055459446011124,0.24711685436577824,1.1053380549904794,-1.9455889366192451
9100,-3.6268359527412155,-1.0128699438273223,4.839913602000745,2.0724974086619596,-0.7335099108303056,-1.539195203263768,0.2553483184914178,1.496453900394144,0.004453163402531324,-0.7459052704979605,-0.28018582201332976,-0.7301642897755691,-2.547718153488157,3.5877941342166224,1.120382211707426,-3.10869344171466,2.841946117851588,-1.8937108685736526,-4.242210268552089,0.7188042712629077,3.911618197808995,0.7989785512494123,3.1100258124970566,-4.297216564269043,-1.0598274059268746,3.5884030320835407,-5.5807058276681225,-0.45353564867655827,0.9384891052884257,2.5671767449028913
9101,-1.8602230077439863,-1.9766018453711034,6.040231503714686,0.775306754510126,-0.5257055684651095,-2.453007836644489,-2.0480027597212604,3.1071223368544203,0.9033504583874699,-2.3215507325513336,-0.30305529871783854,0.6621359957497788,2.3047550906545133,1.2640896333310394,-3.626287387699069,0.9064865229051975,1.8108584156425174,-2.659902274835078,-1.4942050153305075,-1.5729660500329032,-0.5284059298851105,-0.9155423290475353,0.9765855767982643,3.5345337474950504,-0.8528768293827547,-0.2532607364977544,6.05254934267424,-0.14065984750693783,-1.6662409365736188,-3.139510992709889
9102,1.6177529384964089,-3.305837581625614,5.772728910042321,-4.865226059672704,0.8938773120291303,-0.11329551926942649,-2.122369477873388,4.100480556903904,0.6082980577241388,-0.18101799109136074,0.9475580358386004,-3.3529491815006622,-2.268985415576525,3.743023761343647,-1.8402443879818566,-5.250521595456803e-05,3.769161108291069,-3.402902560861266,2.4214632470367192,-1.2184248480140312,-0.1759956128164859,0.8533629304264405,1.7079079364372323,-3.588313653072621,-1.5367477501776143,3.7330162127140127,1.9788059159464204,0.4947191625487708,-2.8461165987772503,-1.8236769422510637
9103,-0.6807003351250067,1.6157150774981623,3.7576644008039004,-2.6304700222488755,0.2999613985662726,-2.3621705194943425,-5.318706508300561,-3.4635471053930225,-0.4542105842339712,1.9397909741672201,1.106515283129096,6.190157940632449,-3.5893748575225093,-2.347740232726686,-1.607387924384561,2.0336159627133625,4.013608194877694,1.4972788570417954,3.8007904934119594,1.095241802074769,0.3615301635114214,0.4345078437447123,0.6624298100005586,-6.35450011274618,2.257235841471836,-1.3078282562157106,-3.2576124957696457,0.6978718139688054,-0.8817499312755732,2.4920830278235613
9104,1.8197112429859317,0.9750616623588222,-4.087204407468693,0.6543354271057602,-0.15708241692389846,0.7951784919421723,-0.1734058978564299,-0.5477205945190278,0.8555492920039303,-0.5253909904564171,1.0275864796311112,-0.636618288801948,-2.5126527888792083,4.053108172166944,-2.5381799176655075,0.3358285493990252,3.712189439853656,-3.0502934548758542,-1.7181864200777106,0.9175564781355607,-3.369605779611426,0.06406657950100048,-0.07448122272663937,4.180650364776476,4.977216148906134,-0.5895011483885888,-4.225253267488245,-0.2485264788542736,3.3286271882581815,-3.2425624424299464
9105,-3.214983437044717,0.8642449387044415,0.6835862888258575,1.413936674291115,0.15435816220244458,0.09885737302096587,0.8577693691941803,-3.4366898137488064,-0.5166099217017077,1.527508548716142,0.40481025354790034,1.1632115639935243,-1.5886689165222805,-0.6260724926037717,0.04543517761250371,2.8160848545321535,1.2263720400413938,-1.8731506630609545,-2.0125436830456067,-2.798395100516185,1.3906400006146669,0.7812937375115183,-0.504623299739686,3.1436283451725444,1.8402397726768704,-1.3116023837058606,-1.5778563074375533,-1.163740002359905,2.6184831655349896,-0.40552424470524784
9106,-2.8753331328584615,0.9075435634434506,-3.980538078823006,4.466658695477641,-0.8634340441922566,2.3451029969526935,-1.8862091390193463,4.293383358010232,0.21631236780934326,-1.8837915704660801,0.552459631684318,-1.292154648017224,2.012689700185998,-0.6682496676787224,1.1094033743710874,-2.454487901520057,-0.9003022001830061,0.9009466948237606,-3.952395051249489,0.7435958703411245,-0.33198704285515035,0.4470839385610912,2.318014223987717,0.7756880612119694,-4.928989977660983,3.553624343502811,-2.946454232210005,-1.149035384064184,3.03940664272465,2.4314486077110367
9107,-3.1648818558944907,-3.2594190514148913,5.013588972658816,0.36948341396061224,0.6603002085390668,0.3809283121509619,3.065492492192682,-0.06660186109305855,-0.900143922143366,-3.008246652913771,0.32493287618209266,0.5845670677767068,1.5553166203981093,0.643567223714534,-3.0290327739641576,-0.32873380560047494,3.0316579843999705,-1.8727752489489653,3.370549373288771,-3.2760424623627618,3.1450705053530363,-1.2001001867670262,-1.0766169815603774,-0.9628602479544028,-3.273406701427195,-2.6902897234896734,4.429928240757224,0.5921347956611935,3.0491418656216673,-2.107508477119927
9108,2.6169361827461515,-0.5771642001270649,-1.8749828050360335,-2.3851454857683336,0.300670123083032,1.9196861851023002,2.2877954179106936,-5.702345286314777,1.0986252742035827,-1.5248603388756727,0.11523605207913779,3.725548880998314,1.9978767747147863,-0.9610775380340826,4.2212041124366735,-2.8846089808873234,-1.7909639841256269,-0.5824303841053844,1.6760236445075698,1.7198626735845526,-2.775069542941962,1.211160345682389,2.511955119597909,-4.343932240433187,-4.609646564577867,4.516856586330952,4.688941563061164,-0.7884747898566333,-0.43273182467943094,-3.3749449702748873
9109,0.3667962545552239,-3.8964413272825418,2.806441413742153,-1.0868277723481654,0.054119470696893046,1.755911960636503,5.377695072164478,-5.037274772945995,0.7116135526547147,1.601607513910512,0.220712533354825,-2.874353899137258,2.421471446549731,-1.8294535233286133,-0.1487000050245122,-3.3808618772975034,2.8773138471396393,0.06023011196031369,-3.4910510271619692,0.6516651684954518,2.3341970274421797,1.0729979424691303,2.568863232716531,-3.1366723439640545,0.17185806158025585,2.304565570536443,-2.698595380423633,-0.4332634474460155,1.8225023149877337,-1.1670671192314934
9110,2.2527682211633895,-0.09122186201364713,-4.975877960458334,2.456681788409874,-0.500492578281162,0.8581423911799639,2.5393205325209927,2.0616931133582916,-0.43181956651512454,-0.7147721324345078,-1.0646365417698558,-2.389785405158513,2.664285896114542,-0.7025832944794459,-3.984936715722837,3.3024180841201307,1.8650108910203649,-3.1441948610536414,0.7335472343299934,-2.731462677340085,0.8994525646595974,1.0839963338709229,-0.09090065318681084,0.10536719766366076,-1.73800071044014,4.5700033233549995,-0.06199187486330615,-0.6461713645839726,1.3061762094936533,-3.4300155829579264
9111,1.2834484714411154,-5.396341756612852,6.166949036899684,-1.1250106560948474,0.3633521097532286,-1.2923972053862585,0.5895412807738758,-5.9766208162823595,0.3408706926405429,1.9267604164920158,-0.629487849014267,3.7489362753914577,-0.823515409589497,-1.0221341565914486,-1.5202212584426071,1.8615897235557668,1.7113748800400188,-0.20709377897310688,4.166022096504008,-0.37215250937900635,0.04655678226031057,0.5780558037676267,0.31544695590240757,-4.733929129058026,4.562686635322429,-4.414063013679321,-5.871437275214429,0.5147778999405324,2.21818419751774,2.989851556116381
9112,-3.2225153315552006,2.214037221738973,-2.3354010243743915,5.290468834043658,-0.32946038269138,-1.617129317161595,1.7960944034507413,-5.864946108133278,-0.836661320720447,0.5908649709367353,-0.34218523897551734,4.6568332934430785,1.8521157228589402,3.9840021163057884,1.8580248007304583,-1.747778548085627,-3.2335611100520083,-2.7128029817584114,2.672267096619077,1.0115524908318214,-0.831298651706641,0.6048279821077029,2.4815111851758047,-5.938860103030439,3.6297307807998678,-3.247098154781778,-1.679351130458624,0.7007326770563553,-1.9288816287645716,2.524867456152073
9113,-1.6200306031061444,-2.9578731378796945,4.341892749851404,-0.8023096342619169,-0.7088152604390199,1.7471358858354442,4.66308276152629,3.4873052007778327,-0.9502083760182147,-2.4132144245001843,-0.0954332018292039,-4.691531959955224,3.828792173414996,1.661030281032847,-3.4237550210283327,-0.03635072067407563,-0.8031954848575005,-1.2265212278888207,-0.2417715659381301,0.3728897936420079,1.167195035330856,1.2238698618417647,-2.1381916514168715,-0.38399147346231643,-3.725113929521168,-0.015978858616673364,4.1333527761078805,-0.23700578470959233,-1.6437121658720706,1.4884579626149375
9114,-1.7305678871011647,2.5939017682871572,-0.43269987590864645,0.42600886700768825,-0.6780376088046627,-0.17860526348028394,1.8802842831603854,-4.930088094292419,-0.8359211493554071,1.7998808374728021,-0.1413505876141743,2.2271947106301404,3.206560319467634,-2.293660149535313,-1.646621964973244,2.5705590748719587,-1.4416032360994677,-0.39523404373245086,5.898783428924244,-1.8115342579447926,1.9629370481188353,0.744056519352748,-2.121005612485458,-4.673237125968267,-0.14264123630278647,-4.751258634922852,3.23442959900893,-1.194386649230312,-0.1439587200934902,2.997815641543827
9115,0.04620730805106987,3.335109189918704,-0.5488586622316909,-1.6417351023075533,-0.6667035789665625,-0.5240191544638737,-1.1569441917156063,-2.342138591419886,-0.384757352193283,0.66728580317994,1.144757032615341,2.071797299534836,-1.9555682988774201,-2.431119625330556,1.393120752195255,2.251039493882047,-0.7861916132751254,1.528719291404908,2.8995477350899357,0.06878946346684245,-2.458310810767564,0.6325152251039068,-2.3611276050069847,1.2185859921111977,0.30822689472426745,1.2152288883503424,-0.05312324187464057,-0.7562758938099314,2.2429091478518615,-2.9569657952385437
9116,-3.1819705074723714,2.7802549566857735,-0.2536404957371161,3.3107626599705107,-0.8122647012835689,-1.843141912163162,-4.3130453100929,-3.0899122609532554,0.054400441622090234,2.4678351626545485,1.0872043298550436,3.7935176369158086,0.25882851199736834,0.0494679022201332,-3.861969414121166,-1.6358315724477581,3.681715330778456,1.5077892415721053,5.909942641816972,1.7192894426871046,-1.330511410042961,0.23102301714795725,-2.3763985031885095,-4.153345188423248,3.4218061957525805,2.8232809905176808,-3.604757522890189,-0.22196817792267964,-1.5660010217134541,-0.8523604637405828
9117,1.906902016969788,4.9623615141620725,-4.312541832817914,-3.1768635174510216,0.8326011957525008,-0.2124593766153673,5.742654332108295,-3.026830982965503,-0.19263277428876258,-2.463597423244064,-1.1086496118661349,1.0490564602574715,-2.904036906510699,2.345797989257008,2.292596225169614,2.0046650842221894,-2.4049541403552546,-1.3340682517837301,4.272290412362551,-1.1411823477601963,0.3196777215336901,0.08070390095616808,1.2731441267660522,-4.804633813860939,3.265508750951099,-1.5806482870429512,-2.3593934601833304,-0.748074329053436,3.428089981991466,-2.0054826566595167
9118,0.3362004518255546,-2.8898238648673775,0.040827042631871535,0.041309158161759285,0.16105410631403982,2.3104331059342424,3.845391355753094,2.9693776086144013,-1.0129514763908758,-3.3523095309275153,-0.15791870039879896,-2.2915892566490115,4.207682454937444,1.6711999964328363,-0.19596894062630454,-1.1917014714492211,-1.2252522347237598,-3.2659598045718763,-4.515738691733453,-2.1464810338563662,-1.999362216505343,-0.07906162597546285,2.5455642327270134,6.195079335340957,-1.1097796448462702,-2.310797151979834,6.067250108536324,0.16109473849294353,-1.5199679224867317,-1.287800127713087
9119,-0.527603406454622,3.4826819420434454,-0.5295149583656489,-2.729579048041707,0.47562660627538733,-0.17161113545676976,-3.4853614656236083,2.1753714035144576,0.3281050798232297,0.45113831613040745,0.28264177801816714,0.2481048881386343,-0.11648737317523583,0.8058659833609774,-0.7217142549243576,-0.13332266205996746,3.0585046962214726,-2.8928463894237897,2.124699707374006,-1.5017949865030804,-3.522389353511967,0.9946413356567243,-1.2648939131339194,3.169737210115592,-1.1597225251272647,4.767698643012526,-2.612637576594075,1.2172487433594261,1.2723741507329684,-3.484961435380235
9120,3.254540136623305,1.8417373252743197,3.2276389187593963,-6.063093706913367,-0.6951603119418293,-1.5656623618017527,1.1430042346629037,6.129071747183563,-0.7008154986345501,-0.13920495401020894,-0.39894261791377517,-6.03311291128664,-0.6817890395711004,0.1615193199872209,3.042915657833831,-1.4347337924434989,0.3311966174315586,-1.4191087632388992,-3.386084147680961,-1.1979571975435928,-3.1330636316805354,-0.8178550541663929,2.709673720057136,5.825286311011702,-0.06336762763166348,-3.8577218226523655,3.6933306379614343,-0.17017598994219885,2.672089433729859,-2.2741546314617125
9121,-0.4462139685554778,1.8335299977841437,-2.985017617302539,2.3391964933664475,0.9288732445163852,-1.6703681498088976,-3.337734515402122,-1.5164928976019354,0.744815164667747,-1.0820785671081605,0.5423664656980449,4.649124349747673,-1.121438914253769,2.5319865677808444,-3.804701875409517,3.271181318967841,0.6676744409383559,-1.5447015380246505,5.934820261108683,-1.026063901483342,-3.850129416614127,0.39079783092908027,-2.237963552843601,0.7885387789006586,-3.195836763506133,-3.574257247741194,2.6315877972007975,-0.29517500319441226,3.6256774503511764,0.8080037668931102
9122,-2.662387287355404,0.0706881075489072,5.541824129673927,-3.2855246654736376,-0.9152596647563744,1.2506593803626256,1.64338892195223,-4.091232119542205,1.074570930146991,0.9140234908656399,1.2136619997323965,-0.7544132231537866,-2.9211972409668885,-0.8581836157370866,-1.6327341112992393,0.31874450141512156,2.7888377072672554,2.3045327593199545,-4.323500032312815,2.4702008594515164,-3.3348983960482492,1.0915102742034808,-0.4412225196040698,4.537909814307458,0.0021045320898664954,-2.766141424216297,3.65246426940951,-0.03250351452101086,2.51872475127227,-3.3746486140310665
9123,1.7342473354950982,-0.3752395479817032,-2.4159670254290972,0.9384839225518888,0.07513621626049538,0.043339099103409495,-1.7016559211253082,4.292302567024816,0.616606972813555,0.4303057526510017,-0.8731445844364423,-2.764414786926359,-1.6005271368200304,-1.0570244072463222,2.0725165082130133,0.06005127893294926,2.8541233235127947,-2.3291395665932804,-1.2858423071477922,0.05196332347795796,3.934692864306946,0.6081930377231339,-1.019885475754636,-2.2891214426083017,-0.49257292678482756,-3.7327913297088813,-1.7765991935324976,-0.05385517136760498,3.59016661160733,2.465652009789771
9124,3.3402969841331185,-1.7111365288665255,5.3491438275866265,-5.3674301476409525,0.5509297990776738,-2.1618039342899005,1.7842322065525664,-4.752725982893203,-1.1093378192147703,3.584991291440055,-0.337862120261776,0.8307024243783836,-0.2139348737034794,0.3827826329785573,-2.5116893601856454,3.202567787641051,-0.49138968853108267,-0.36833649820030345,1.405421410611435,0.08153197477371066,-1.272057126684457,1.2318098325165163,-1.0878572551335282,-0.3588488360864055,1.1576613514576195,2.519708998980427,-2.1590775158010764,-0.28199083721358065,0.9536757373678011,-2.189977734787883
9125,0.8347620022370901,-0.9418349180428756,4.058562038050784,-1.8133113233371851,-0.21799593602655287,-1.920181862881222,-2.87350466240958,-0.8037234324972999,-0.9103301268753219,-0.8256308935049184,-0.5863130850821001,5.999502200370493,1.7090155868399748,0.46856717698853245,0.7005582225862064,-4.068310157899056,0.9019219862935834,0.2882471851898494,3.0770617526487065,2.9135396122863497,1.6978041707046678,1.0221575347431893,-3.0456162739943036,-5.664946796391366,1.2012355317310686,1.3324358195750747,-2.530630804676086,0.2868715659870116,2.1983032671335856,-2.488215379747338
9126,0.057031952383132634,-0.39683211521694517,3.0962501804011033,-2.824468983595697,-0.8056182685774043,0.8736372346058552,3.9942342178088452,-4.327956970373975,0.9675517658733925,-2.257975230931587,0.11653136677639697,1.5076148508481744,0.48322179094269657,4.143648560427721,3.6116598088987324,-2.7361133825850565,-3.017359386379413,-2.485057391305592,-0.8051258436929771,-1.8458046754037447,1.363223712949015,1.0252934046254083,-2.247764951084715,2.510178352604214,-0.8235247591189179,2.5593051982088646,-2.0705233011502777,0.053264202755001655,-0.8471950837923483,1.128673743101011
9127,-1.720908079670382,-4.161903996660296,-1.4129549837116713,4.405889284624571,0.7600835527782017,2.1297942226396547,-0.276135798705301,4.223646382566827,-0.26350451310189804,-2.162006870711121,0.6170562853462833,-2.1390554853935484,3.2855326993297247,-1.1464645249522274,0.7546764483406712,-3.642144972129543,-2.5722118683668924,3.320612217777331,1.410800254149276,2.911187194299192,-3.238669181334645,0.5060724779487691,-1.6199284220031842,0.030537676937765212,1.1946443170747543,-1.7461612781229512,0.4487674974741118,-0.8965458855302915,3.587042780370343,-2.5877474312626365
9128,1.5755138483854445,-1.7126456533990968,-2.5303736299780653,-0.22830506566413078,0.8552878689962737,2.040522631659698,-1.7526841499382506,4.106402328775886,-0.21443627349698513,1.2114453532006166,-0.20983980159596172,-3.1408874569440606,-2.169933770610628,0.4197552514165821,-1.382776776876879,0.2603859713148502,2.6019472808606814,0.270622043894468,1.0880519403190299,0.06360573901954503,-3.4809156061069633,-0.3916924451787036,1.8543401117875433,0.8666102601567118,-3.721783494638885,-1.679977454356937,0.9555064034208982,1.2197620078768692,0.10479045219301852,3.121702085508339
9129,1.37268940178366,3.9258010524842106,-0.964488177398362,-4.513620218404558,0.9563318564022802,-0.7767139148671109,-2.6725693900946013,3.856693646805091,0.565422341905677,0.07812600068907294,-0.3460422499293738,-1.4816303493746297,2.4245482890842602,-1.779282537817318,3.4065114064286064,-2.742837947443215,0.6344569022196964,-1.9433961124729482,-4.318324796893762,-0.046204442346741814,-1.0225148251892069,-0.6138435481819222,2.2386634690183893,3.7622241435903945,2.9514344316242145,3.832006784325962,-3.6039990378234457,0.02633517531318219,-1.5390374262892053,-1.6667399271474022
9130,-2.0717239514178534,0.21530535089079095,2.0091082554034045,1.6406167160242298,-0.24191269240779634,-1.551393678492671,-5.007839269236648,0.30227409048195497,-0.14138298775923275,2.381672661874717,1.1696571311912773,1.2956183734491695,3.640009644731485,2.0229864900569368,-3.3163566604657007,2.3443063596813047,-3.0789731040011254,-1.6119727300038456,3.855060411004569,-0.4113005938767884,3.368166282841301,-0.6122963719559085,-0.6035754173174652,-5.596054310698555,0.5446437770066588,-0.6469540203634381,-0.5042540556497883,-0.29830949192788214,-1.2595028239344241,2.1643766148721575
9131,-2.272663231568547,1.1473118196127672,1.1513895299675454,2.4991990413186294,-0.9835071430478792,-1.541730016282436,-4.145091756741646,-0.8957542959002893,0.3683614162419122,0.8299306386349343,0.18418689074313122,3.658367107023178,3.0991588707541915,2.1529219741844052,-2.9864905424474824,1.2129650599016877,-0.21205217158794554,-3.26650319080583,2.990237239553867,-3.085988108739347,2.672487823670746,0.28596340465572645,-1.8505993381469246,-1.0121010209969086,0.02172120979216885,4.801931222871854,-4.480545522111385,-0.44119511977679515,1.6176555791776224,-1.5195673699502024
9132,-0.05753364940206218,3.388490082816446,-4.6850089745841395,-0.8976161746616675,0.03072055212376057,2.22094816370773,5.1389055831204224,-3.6221956258808383,0.35860412264564,-2.155545255613573,0.6140983389752268,-0.3338671632456638,-2.4080283826632574,1.2646969464231042,-1.004395555015865,0.40435187953031004,-0.7808866053836567,2.524261717108377,-6.198693413298503,0.7934223103758793,-2.08392602432672,0.3410524590798749,2.578131595097771,4.5700130730688535,-2.406760550655239,4.9891297181629035,0.9291897951195587,0.5582484618806136,-2.910550544056088,-1.1592568804484547
9133,2.0597094911628346,-0.6024015180278575,3.333664266214722,-5.396665911790098,-0.8466173555407568,1.4523110279812048,5.461052989270048,-5.54349356533719,0.8015072694984786,3.7111652078394073,0.7391633831059767,-5.169395284375476,-4.206735574397539,-0.002875526717247112,2.3587341571644664,-2.413376472623577,0.7596166292517772,3.5046367873211572,-3.483692490433736,2.5413034579802734,-1.527067910986153,0.5213591595742253,2.154929399483141,-0.20683161562060803,-0.9244607931882065,-0.6545137626349913,4.627491958467587,0.9552147582520361,-2.0254181156297104,-1.9783140452634544
9134,3.458030306797447,-1.1714552213830984,-4.868813341031803,4.205427198321821,0.6398240711261902,-2.26301301383055,-1.4340928241406914,5.842882676388388,0.015118336850886038,-3.0506774364384572,1.1774080040164847,-2.5506387566753723,2.2549180780686164,2.9500544906916986,-1.890221167179142,-4.065414962643736,2.812346748950162,-2.061683187888592,-5.129118323885212,2.000933681694228,3.094287948213541,-0.6196890208867973,1.2436969218313045,-0.5901112069699401,-2.894153199580554,1.5738067701908918,1.1627718373320093,0.3931053057675138,1.5167086751023326,-1.7522393888089578
9135,-1.9347524074304054,1.8115481920177032,-4.34190989293808,3.0833058246677822,0.7651924359949764,0.6166158476880454,6.004959411784899,-0.8736764732907147,-0.7235866569103191,1.9942239355304316,-0.7254316332676547,-5.676488583845362,0.03432367201442332,0.9237970221736731,-0.5142099670577487,-0.3653668799731413,-2.0239832211495763,1.9454393739913876,1.2741487784410417,0.1553629117816655,-3.606155209001235,1.0543780826726792,0.5791955623262446,0.5430698737767514,3.7576338516484924,-2.4850636118079628,0.7966593722909145,-0.4962421462160673,1.9872932421780156,-3.560280708090163
9136,-0.754136289897815,4.014963005245196,-4.218159049101796,1.8061051157435912,0.7367622556952576,-1.5855350376843873,4.146151267989971,-1.7545954274948663,-0.8793780298941902,-1.7718033185927222,0.2960516672002216,-0.03642615920713865,-3.140486883166213,1.556559799062736,0.5829316657246792,-2.6595600870754836,1.9465494848653364,1.7140060205879628,-6.051854544131039,-0.387994718582771,3.8776752616136285,0.07005229133725166,-2.5532951338099643,5.045416843570067,-4.891697784682668,4.50136981263071,-1.2673583772285575,0.7124241946607199,0.8644996605660697,0.08076249405696956
9137,-3.1276022744210152,-0.8472375196176181,5.807189717822116,-1.922165729912912,0.7976512794447359,-0.7078354733152494,-5.547500566533049,2.020665667713871,-0.2978696018745719,-1.4052536222809984,-0.4306322934834057,5.660590416459424,0.6339353531589964,3.0425030103199795,-1.6593030486660822,-1.3882792856862682,-2.0063729573709157,1.3775169282433417,-0.9157707231212093,-1.146576457932115,-2.0181151746868,0.9872147777025564,-1.4294255123803463,4.522673090415108,-1.4273440994653228,0.0537731060445239,5.91915061908114,1.0208277915365827,-2.362202889141283,-3.2042045280524043
9138,-1.533241136892153,0.22290559901160023,-2.971871464517772,4.74312540025144,-0.07129327838238098,-0.38962511947066325,4.887025049644937,2.436014000580357,0.6487741593492498,-1.9074135534063927,0.08813711342543051,-6.152536769592324,-4.230346750764506,3.0674772688531995,-2.0755465862587066,2.8495578733555753,0.8696114436231284,-0.48075324880963954,-3.2973161711060968,2.256759547899758,3.492322480533236,-0.49134808762169246,-0.618813859097699,-1.3416039106102673,4.223412785066085,2.51425805356201,-2.890107176056265,-0.9552129927506208,-1.9605767069663376,-0.9317739628516293
9139,0.9812472397705534,1.6957078628874953,-0.5758280618433176,-2.976847006017863,-0.8638002662912756,1.7395202314944793,1.3425478357011613,-5.023850046524416,-0.10172632976225415,-2.286088994858975,0.043426913787929955,6.02569062165783,-1.0130420049054027,-1.165484606924494,1.845062693735045,1.2885575497216664,2.344016379591121,-3.2991100112188576,-1.2113078489537088,0.3124950034717813,-2.178866910371573,0.49470575884555146,0.7630660769991824,1.8199079200059884,4.186169369970294,2.523392636423445,-4.457131748549411,-0.6909086319361366,-0.031977165974668154,-1.5295444599302677
9140,0.8622525299430954,-1.3336388901384417,1.3098056515670606,0.7873432824083366,-0.7830130512262024,-0.8427495225537793,-4.042146473137592,0.6143797855418072,1.1099470097274295,-1.1432213958684585,-0.5685868419068525,4.029627915644934,2.0380856625302,-2.980259790338769,-1.1082236483591945,-1.7487565649863672,2.442045150862434,1.3571091902907781,-1.4237770025580545,-0.9232152543976895,3.589341949776067,-0.500319043854291,1.2379666824138322,-1.9799973313826271,-0.03939202384918161,-1.501237715146484,1.451220719412973,-0.13314126461630416,-0.37534600821228636,0.5978962924145321
9141,0.9595524797293766,-0.18486038189883658,-4.9195056731807085,3.373858103144304,0.14937393754626216,0.6215815346596489,0.47599270698942675,-0.5283692987954964,-0.7991278112812745,1.280535310130979,-0.37425143326646904,-0.054779473775898424,0.9329521568047845,0.32990572982832944,2.2463873061240953,-3.4146940527827674,1.655218024990976,-1.7497691649663327,-0.32830059703327663,0.38040906491426973,2.385808617185699,-0.9954350516980632,-0.178632541982223,-1.2638494913891662,-0.13641880999290024,-1.0533834887671816,1.468931010734508,0.3795099419692587,-2.806213003128992,2.147574349188595
9142,2.7903234394225827,-2.3276119624237666,-4.8014638441545685,3.3996424144251662,-0.7982248165812462,1.7373347693118646,4.189409170250322,-0.7604790918138633,0.8489417704914359,-2.6244408150209555,0.31591002123471057,-1.9693410551403652,1.4117600763475444,0.841279973936949,0.3829434488816865,-0.40414098433358703,-1.8999989847912762,-0.33184353004224576,-4.752843692244863,2.562609672421239,-1.4196488930819502,0.906109141138872,2.022567284843104,0.6812064869208108,-0.7661540788075136,3.607414415106117,-1.0108030938410444,-0.5519427406543196,0.532733385678327,-1.8112478874783289
9143,3.2477600750084434,1.6505191294730004,-4.4181177469118715,-0.8573566378529272,-0.8175698954002815,1.194765075683712,-1.8592930403355048,-3.173794387654624,0.7786659280259798,3.1030127339135127,0.24601428244639045,0.9053944836054946,3.979068228437942,-1.550561895803332,1.3956026719083887,-3.1939053727082047,0.618532516098572,-1.2487361479342844,0.016328258287039432,1.1941781457176592,2.4702627585697883,-1.0847586614857239,1.72451739384908,-4.320527894940653,-1.0737469771760075,0.9258938168806274,3.6868427184561625,0.9325174145044928,-1.7984078977051965,-2.67309907495682
9144,1.9156405054626582,-3.353414033071509,3.879302419074463,-0.48957103440430316,-0.9224749692288412,-1.0294828878323798,1.9523348397513764,-2.004283896417938,0.9982197354190854,2.0747405461954536,-0.8893766058434087,-2.1316346191033517,3.561106699478156,1.5851389566830179,-2.828737393370428,-0.8733989293022368,0.21670008511554428,-1.6608094186049538,-1.4453367106705315,-2.984057612236535,3.4125668936471882,0.4069949044600225,0.06476839733805662,0.5450641274590069,3.722631523444093,-4.240363205246265,-3.351566818771637,0.9752400207064422,1.9068342481405764,0.9872242317300799
9145,-2.111753495246104,-1.4407130866039992,2.3231918769434934,1.6071423516074965,-0.7728539414963889,0.3949862947956255,-0.5793741347693242,5.315567884789516,-1.1366246165261358,-3.495858743219042,-0.3624427175582623,0.2587323272844628,2.1227069654839,-3.329319380472647,2.370679772821937,-2.4131877132423867,-0.36057845911350483,1.6096988145218099,-2.0130415186029573,1.9318247221896065,1.3546026086481255,0.8204313285074463,-3.0068392016306618,0.9130220608856483,-4.191357677273283,3.812438857821526,-3.860019830950442,0.39709119082999855,3.3458287559921125,0.49601870358337585
9146,2.0855105634118516,-2.3399172641442476,1.3228776230454287,-1.1659665864287518,0.016642068794398668,0.08085359532143244,-1.7681818835984409,0.8919534706278824,-0.5410442562735476,0.5911519440162518,0.6467957622062466,0.17932496302281464,1.7829508186599057,-1.1678535829844314,0.7540961994687301,2.2625880663447724,-1.8719097832526437,-1.7598717182372177,-0.04967263012278167,-1.5655650722710721,1.6230794786162477,-0.738620440667388,0.968833923588857,-0.2380552591466305,2.032270481064309,2.7891374596377077,-4.332561237535916,-0.642063035941459,1.470289206810829,-1.3170728740322186
9147,2.2834321605825423,3.0029109713186593,-0.23712820758843733,-6.000286143952486,0.5248355743918731,0.42623564524797963,1.4140473016971669,-3.0491809677171524,0.6877216540722699,0.9957287156294665,0.33915131650392816,-0.38746802018444626,1.9903828403495432,-1.9557282841381145,-3.820474327179209,3.1348596163755005,-0.9916035909348402,1.642563745526239,-3.852201504761549,2.1730304790610546,-3.4200731071138524,0.18159019271957888,1.3298088497975211,3.5878450902944863,-3.489157846937193,3.1061401595139593,2.1765899894360494,-0.7120298562166978,-2.2098297900693993,1.1282873442765329
9148,0.19270670332360673,0.782760440192007,-2.1975223496762624,1.5043965660721952,0.35875048379798224,-0.6410918437094058,-2.962559704031648,-1.2352060477769093,0.7129245501802899,0.4298321257807167,0.6181335786368587,2.436875497211936,2.49222428715224,-0.06228804196698334,0.0626266098725381,0.905754090107763,-2.9714089030157727,-0.4269080421506537,-3.9738685302767216,2.2427376626809306,0.15341238217948927,0.7307356074013232,0.5410041208947423,0.3059787571174617,2.2306301062337965,-1.3792867634091692,-0.5220366289759966,0.3703859452476381,-2.9533257772007797,2.2536331181077607
9149,-1.431573891759232,2.949851480457461,-0.08925556441427673,-3.131602974464734,-0.5371353380218449,2.2397162882027537,0.592599172535401,-0.7318354891583354,-0.9614664781316238,2.2983350638015665,-0.4194749272791478,-0.7781573417666259,-0.7748320916838409,3.5711182605350835,1.4818248113399513,1.6267036126870416,-2.8498821540067354,-3.0549324388723615,0.39958647088283783,0.5808778375297408,-2.1477617705050918,-0.5517496118297887,2.308796986711549,-0.5897499127920227,4.150242037470598,1.8755472559327764,-0.42299451515818376,-0.27402669242168987,-1.8569573083453204,-3.471810777474916
9150,-1.894671243001559,-2.100470925894932,1.3258214874898826,2.7029681851641136,0.018813559156929838,-0.05246106291434138,-3.9335656367780665,-5.355459404190743,0.12457626102943031,3.1751280004673426,1.1723479144438205,4.816972865029459,0.5437522600705442,0.7034538695392349,2.515973688652025,-3.069423407910964,-1.0483342262829112,0.3545778159312256,5.556826657487058,-3.402799195044871,3.7002342611758117,0.00864192371436534,-1.3902055958590864,-4.472698051476051,-4.612178015618351,-3.7959974286210993,4.757353907037853,-1.1628192871697225,3.546668285617667,1.2669725387569208
9151,2.5476784184175543,-2.046041373460927,-1.057375894164995,-0.6130476984158157,-0.19266222014626133,1.361448767770554,6.179657829756383,-2.920826579943853,0.6643984665855704,0.9787711360319253,0.8453402817502642,-5.7473411341790595,2.0920208485417646,4.179919260761281,0.13481699770111533,0.9559584931204554,-4.150823119426407,-3.2118924806990403,0.08292669968060551,-0.10996546302146015,-0.49511826864446284,-0.04033665660202601,-1.592519688479122,2.1550133770636535,0.737057201252167,0.3934613870157051,-0.8696454900082351,-1.1608605751455001,0.20046741669605517,0.6995200601930929
9152,-0.7130771973221464,3.9009047469657574,-4.04367159928816,1.1780745535916957,0.3169462769150133,-0.6391767808620372,-2.520180750938099,-3.8251865865843264,-0.9078819966030158,3.7116301234464473,-1.0447302146007815,4.586349425281018,-1.3149627830095003,0.02557931399991986,-2.7904001167405834,-1.7235621284685791,2.463001603096771,3.340344111121137,1.71481894134822,1.732604293707869,-1.6115260385671313,0.8749065021438902,1.6932464512340832,-4.404050149869715,0.5825602646417458,-4.046617576374011,-1.1016354953436256,-0.42990713513652246,2.179108274745378,2.81649166747032
9153,3.071201481612423,-3.7244161889256517,1.3055475391423172,-1.3519570772359266,-0.7542541209851314,1.4538783663921144,-3.8826875780955916,3.515007597327532,0.222313701179794,-3.454610022748689,-0.692955902372649,4.292932204710851,-1.7561082260508574,0.5265654853910604,1.8211982681750811,-2.5583451788365963,3.8845139075226314,-1.9178242562021381,1.3869260897477957,-2.519771427195119,-1.4495048924743301,0.7242786967333741,1.495088267689276,0.3629832654961973,4.765149273189898,0.4466059318840152,-4.408323046813944,0.05191282548976872,-0.41682008266283077,-0.4385249010836443
9154,-2.1424939423410354,5.134844642226746,-0.8057086813511489,-2.8501470923280827,-0.09361305414711452,0.757118127940803,0.22730930321125342,3.4393128216452027,0.9876271203440989,-0.7330070543986889,-0.6221561197498247,-3.299086071050798,-2.1409452929993478,1.7692261354828815,-3.1115209210048356,-3.1471547515047984,3.34883311119734,3.2815617188279482,-1.9287299152056185,-1.1577317860579655,-0.4625961068340363,-0.6755773876300522,-0.9384801845416781,5.163115380266547,-2.279820342870554,0.30178621930695115,1.9553883497949656,1.2239804273144106,1.567148427632663,-2.7684830811751517
9155,3.396927614884568,-5.285164490495877,1.021252133409579,0.9269094753278146,-0.2896555946626691,0.22973086153675837,-2.0994413350593604,4.548057583050998,-0.38701813876034663,3.1397125276015387,0.21693033259103345,-5.418240969422637,3.942971979622964,2.2409579149958354,-3.2525945297123133,-2.425322692769333,-1.1162732253067755,0.6102605531688692,1.4629105113965792,3.3365060185599127,3.4940494287980712,0.33662189879963034,-2.5166733465013884,-6.113414511055609,2.136613289425153,-3.8045143359134954,-4.049304827859199,-0.5969614048420686,2.959022422777746,3.3551448564151336
9156,0.5990412543195234,0.5735462228174093,-0.5345947577595354,-1.0047471614176473,0.5324918435762434,-0.16573740153582328,-3.5400598119662554,3.9447412328628353,0.29015145382518526,-0.3451406345344026,-0.24796570171662413,-0.10172653846952784,0.4618076702538403,4.090956379027428,-1.9082158517532193,-1.7884678023753295,-2.7992171784037456,1.9431367832502815,-3.6469103665291307,2.9465347273596905,0.43404139287455834,0.8561789410631366,-0.46953014707970375,-0.12031454769133632,4.308482663603854,-0.9073932061993162,-5.285926948494424,-0.6873630875230328,2.238237573884142,0.33396300473203944
9157,3.5254070750497064,2.4815605625334705,-2.830513379680589,-2.5557086793991957,0.25420046084634107,-0.8749460393495845,1.2204826074382638,0.06748426376798378,1.1886936321440045,-1.7919123366443017,-0.37357100033351376,-0.3111771663712375,1.427228589468843,2.3850566874193717,-3.279380757990662,4.094163997097141,-3.2723525785849805,-1.354715937410436,4.2436784004785295,-0.8850913221389192,-0.6755621912175531,-0.45797665786074404,-2.0261098161739852,-0.19893841309007243,2.987589973838144,-0.5351563252179048,-0.6221157985170684,0.3101739474467484,-0.3301451987608619,-1.810346598785781
9158,-1.0689857436238874,1.9145079091587967,-3.0029433262585776,3.5498040029734845,-0.23323183753938914,-1.1591510047102656,3.573390759989266,-2.814205372399009,-1.0989353455566886,-2.0587580488356423,1.1923682999976375,1.20613970680564,-3.412171786537071,-3.715921152127306,3.8970480167616337,2.4888071604089745,-2.029879123142482,2.7721168846355013,-1.808048068982913,-3.4008090837476512,-0.5377382706312321,-0.23417628465831264,-0.5681944718326335,6.548966179849977,-3.119706636027278,4.906140519493345,-0.5054593162509349,-0.4389175672008081,-1.2687517366721437,0.42669473666110314
9159,-1.9419480291453937,-2.3770157786046084,-2.6458459560647505,4.672577385512074,0.4089033179208479,1.883329060381973,2.477585145576821,-1.1883103389276073,-0.39793082017764014,-2.639393219165102,-1.0623741090659218,2.8104233417606714,1.8951941039489846,-0.4491625209550847,-3.76575298208407,-0.7197784127346694,-0.1919969854349013,3.2314967972589947,5.900984776733221,1.5426599481153556,-2.2881924164216425,0.35930378124496887,-0.6742386740449451,-4.840517415629712,-4.051461147871372,4.13782602209924,-2.63260529627831,0.17690043930403387,0.020795664411620507,2.3485443183380497
9160,3.106060690111441,-3.116582021857898,-3.5663784685405737,4.022593396524165,-0.16557243109604958,-0.2801211651409492,0.15423544699993386,-0.8391783844226062,0.2277618705583393,1.9948579958972275,-0.07227127605257522,-1.465405652979122,-3.3897059775644713,2.6535693506152427,-0.8057563726353365,-0.659663472504775,-0.15264861120541084,2.354205083294037,-0.8186298498535116,-1.2027150808802904,0.8943688024211269,0.7670703873880971,-2.371483914158757,2.7313896550805943,-0.7904003053662265,4.6819247033024425,-1.9529177091397578,-1.2154427791094058,0.04737128363268539,-0.7705351933164852
9161,-0.3295608029188184,5.311793668144606,0.8823703655119282,-2.964965195041316,-0.7239381382257086,-2.1756998974705706,0.15304930109154213,-1.7771376892304929,0.002668953434644017,0.9842068411974179,0.5566793401219314,0.08053325338615025,1.9843024948542762,-1.714109484109791,-0.43637613669653064,-0.4130855677806373,3.4828351034491014,-2.903566409717186,2.366788192644954,3.0804215507686656,-1.0021817665551165,-1.1016432326067225,1.6051719123719597,-4.948556656626469,-3.1224517354482906,-3.2166843388120796,4.111213425225515,0.2551634063672381,1.0161742449790907,0.9565849976918042
9162,2.5759832245202148,-1.9470660204748036,-2.6974632264941896,3.0869314421431397,-0.7605943564097783,-0.25779106328449153,1.7513156332723234,-2.2590667589496256,-0.4334901177607673,-1.8340225152225162,0.7189835132747904,2.0562802453869793,-0.30659215312421395,-1.0780546651386125,-4.209571235724255,1.5459321555773293,2.848100286546366,1.2001856118626115,2.160115466423374,-1.7239648554896174,-0.1526296201946824,0.20590036332419714,2.0405052098299503,-2.5299265638959376,-0.5222828832988107,2.652086063582047,-3.667829916493563,-0.06926765859662254,-0.5609684686138188,2.1682628634240757
9163,-1.9414364442501615,3.474146964306584,2.055698400473034,-4.83173920615689,0.15828475853215718,1.085045527095387,0.22832416203599593,2.6473393349771612,-0.8504409267069128,-0.4096730072218264,-1.2077101302840259,-0.4078394327992001,1.943100000481767,0.5617590539525956,-3.579819505690624,-1.9281319523644633,1.0088331607015704,1.9942592429183712,-5.402063442841925,2.1237533326530027,2.3982843981966866,-1.2221084670515698,2.577641258213081,-0.47550707917197244,4.016353325828632,-1.1920404538503853,-2.1756817084332347,0.45476959613086265,-1.7615321966567095,0.6581314369841493
9164,-0.5264816829757315,-2.0760917532098055,5.082738693954731,-4.363655470008588,0.5114980638935385,1.3719921483459814,3.0759318096102817,-0.32653978332443145,-0.7303574179074346,-1.1799023068334424,0.9412741855890268,-1.7804064871328045,2.5660153972252004,0.720662393283078,-0.8538764361274254,-2.9500232070051577,0.37713529186071426,0.14008656076278214,-3.7269569474689455,-2.295843753111779,-1.0981720020373285,0.8194101680928574,0.059992742835744295,6.2415697916867074,0.11964579965695066,4.5151334429479455,0.6408025646433586,-0.7924528265791233,-2.166355507187605,-2.3167734734782037
9165,3.330162207308174,-1.0348629154283167,-3.4828491751658603,-0.41765368724370333,-0.7439739000904071,2.349177470620255,1.1208170051717836,1.5393625915817815,1.1644034576622904,0.8949877417020424,-0.38101111258730747,-4.338559683529372,3.743660225323854,-1.8562584561793045,1.099957383912674,-2.3206283857562866,-4.2283864134096305,3.561655646107898,-1.1151999276674154,-2.506721782791468,2.1443925224129323,-0.15554322749774396,-2.577164405847075,4.210236821388012,3.6399446649519156,-1.134107140327277,-2.3849652320487778,-0.46874941755886823,2.257687860093384,-1.9098107351070546
9166,-1.7439522436821573,2.3685939712049944,-4.648870908859525,4.690460473802194,-0.13237656749030258,-0.5338547249750789,3.650461354143669,1.274317914767206,-0.33302170098207196,1.591391049727033,-1.1600996996747943,-5.023048917979839,2.435852378039151,3.166373930318759,-2.912598331448656,-4.115103977461322,-0.5504013247875434,1.9758773253388178,-1.3380255607138736,0.4950681468489435,-1.1922187287109463,-0.3275865771839346,0.11458628826089523,2.248176431496155,4.069486648996548,-4.907257187316141,1.871058398049172,-1.186097192837361,2.80312075697676,-2.6503114238656735
9167,3.572295695773235,-5.44102070499126,2.692834808962303,-1.7819879286142282,0.36179294165353193,0.5960851872165254,-0.845742828388591,-2.337105193220374,0.6457361970218605,-0.5065358349359563,-1.1173700477715771,4.161017707295809,2.8520208936396436,-2.2721544641686737,-1.1812702773406905,1.2990129854453585,1.2459628855560787,-1.9435720231324787,4.968351924391683,0.32863459528145533,-3.5648998115563213,0.156116385166019,-2.3537097165270264,0.4655066232414242,2.749150885582207,-3.056784157356148,-1.5806642543066403,0.6553131835707502,3.72040341780421,-2.4874190752910703
9168,3.564195671723919,-4.3191853201044985,-2.499798837041425,5.745771651670417,-0.369786147463802,-2.1211970187844775,5.371831770822645,-1.6116339587089001,-1.1243941138801619,-3.181196465339763,0.25641826446043403,0.28897450264689084,-2.7966181110995976,3.398325330573414,-1.4022037047940898,0.38090525151772425,4.0712936189483315,-3.6517023851465567,0.7503844448147703,2.8878357516442854,-2.9752959140672175,-0.7258366141786539,0.825002315138212,-0.762089983354155,-0.9484790958923242,-2.355118947533807,3.240775425400223,-1.1988834614712518,0.9783804030130483,0.28332567648745055
9169,-0.05548140027360482,2.0618115166478432,-0.7652444503571658,-2.3521101170071894,0.5860995575819712,0.5249248934082829,5.782807974340578,-3.788830342550227,-0.8290004963969269,-0.8633702660087561,1.1591735018843057,-1.460780371267841,1.4067218044502496,-1.22948123516397,-2.00521223463776,-0.8675060773022771,4.223423815465491,-1.5279460728124672,1.1487777392364045,-2.486652817026096,2.7781030526316215,0.06542842099058976,0.5346688537467656,-2.040325249582036,0.21168065887709986,3.897582641630155,-1.9736016287629745,-0.09374075293170758,-2.6125333069853323,0.5706123881760607
9170,1.2908685766674495,-3.4216544274507363,-2.7470536648123236,4.35849302219761,0.1659773390953081,0.35336915430284854,3.66802831478223,1.9955735198151743,-0.058896883846685455,-3.2609621800878017,1.1269691369780315,-3.4707119076398385,-2.212880833948912,-3.5503123471047324,3.6240184848856103,4.244422797508587,-3.132584138520638,1.0273360371793707,4.410335841606134,-0.6046965725905835,2.5955597551660894,1.212293624645783,-1.1809284225204006,-6.432564226309779,-2.277702564313099,1.9583528515143946,-0.0937591204876469,-0.3358765893112796,0.758875064570601,-0.009889641969667906
9171,-3.483644661408535,-4.23505331177277,0.3062299509129893,4.29453790712612,0.7866394215082924,2.33129069363404,-3.6928916916277217,1.4042145400219646,-0.6389787116948238,0.1632386405711923,-0.7512009993364792,3.515618222066948,-3.14510713376297,-1.1701792660331911,2.282094361469934,2.650639158628337,1.650271846152659,-2.267718966455462,3.786698001188178,-1.2552703835561854,-3.905228243941348,0.7497100818584439,2.3864211290341206,-1.7623305845859676,1.3588082039019262,-2.4172019531263444,-0.11688756842099224,-0.7088974453229007,2.9470509552924895,-1.0628721923208388
9172,-2.7083154068946023,4.524280279964831,-1.2099258661774925,0.42604419957575956,-0.41088422793855406,-0.6211989785298186,-1.078475742328699,2.844338354564531,0.23443368616757532,-0.021477716047158424,-0.1899885311517311,-1.7888300512034476,-2.697565467676853,1.3370097007286148,-1.161389096417155,-1.2974584683561794,3.1022527284953583,0.7171506032255213,-1.388251916342501,1.6176893651911666,-3.063741514774181,-0.08915371097817104,2.7066512648589125,0.2168065120420053,-3.0000228748753166,3.263589313038935,0.18628443732820799,0.7138790315688626,-0.28029140850596335,-0.8834384985513637
9173,-2.6433468924687276,3.5169195623921716,-3.864169648667641,1.2588523494426838,-0.5532868885385445,2.285031517840199,-4.8687730096060164,5.878824829636169,-0.7552972347248303,0.2874813204346811,0.12844676966698376,-0.670682675405935,-1.8498607195225691,-2.0363023072504483,1.8446393267307393,0.9089253377590687,2.9098341707440376,-1.7772358084615387,1.0841424854854473,0.7520402306851981,-2.1072977809231404,0.9691999980185537,0.07143666782464386,-0.769521601093448,-2.064041699521116,0.8132865031904828,3.509864678014825,1.0285812526071396,-3.674729187119633,0.3870384528316553
9174,-1.1508609453349052,4.756143045011072,1.1151374987992497,-1.8947581113993586,-0.6007855096322259,-2.2248759774436815,6.05362748913538,-3.9797344525064346,-0.757303578687277,1.2186013742799524,-0.257668771015485,-2.2775220612051186,0.8454616377688353,3.124795621023722,-4.039571761411537,0.26994202505609977,-2.2087385196030738,2.008110997165211,1.6485918775021702,-1.4603623629040072,-1.5981921092027491,0.7519829229820711,0.8028581149685081,-0.1448784433487056,2.537214187456513,-1.6118731000863527,2.7770108318613573,-0.7481351527784739,0.5351188862480427,-3.4893356526977346
9175,-1.5676279700638105,-4.011345104836316,5.043408870281485,2.4721206658580392,-0.6835140961418098,-1.253042365097457,0.38263717233945727,-0.571900636265692,-0.6003393419700442,2.8616504113784913,-0.02286961638663687,-2.049177989094563,2.4812604094191286,-3.8230415210477737,0.5566163579594452,3.8421633672318833,-0.12227315966124053,-2.934725453902187,-2.4897787808898073,1.524525324622532,1.8655381031388494,0.5604092101026827,-0.5072046172422731,-0.9534892397347114,-1.9919059451062004,-2.5150706127726252,5.359402078572842,-0.5554481313484958,2.315630175459088,-2.612607564801241
9176,-0.6837819843564983,-0.8300463618766329,0.8048786820198437,2.4988112000259655,-0.071104035559312,-1.7187575002532132,0.6708581179074571,4.063152167758865,-0.024081309772436832,-2.363289605026491,-0.622540582485696,-1.7240987883806618,-1.053043096852953,1.4424075256178703,0.4933576958395811,2.085209384809179,0.4274673943572651,-3.3953989037716745,4.656674321225722,-2.3507774157566192,3.550409482527673,0.6960015505678161,-1.8664315957853699,-4.685876342781974,-2.1364266957038325,-0.5599404766930789,5.157752758270959,0.8509236924345469,-0.9150219492799856,-2.3972873290252394
9177,2.3153150043869317,-3.3090239428198167,-0.9032246068482586,4.6589457463920425,-0.8233132888379151,-1.9386989122728622,-4.875447873130003,4.728264625859143,0.2298148895746035,-0.9232152401301761,0.9476146260538272,-0.10703102822635557,1.9270123660295084,3.168170031844184,-1.3028944265519762,-3.388112321440845,-1.4039719491976488,0.99979629931609,0.7077168363388253,2.7990242869714628,1.1461272158695373,-0.5632159355516961,-0.6159952081412055,-3.473657195489661,-1.1156160943280256,1.1729237039457274,3.696210279517878,0.4146111681284079,-3.6623578783648902,-0.505771178895742
9178,-1.435424457236758,-1.5954668034633066,-1.1625548440256317,4.7091763411029,-0.954459170069534,0.43872893369242405,-4.230322111666226,5.5694517950768585,0.11718967168098615,3.0018980053534357,-0.03901964443771888,-4.419197716006273,1.0862998698549546,-0.24284573960083478,3.5877691881749953,-2.6001894971339965,-1.5315696528103615,-0.2994641684855033,-4.105381049582615,-2.6440740578973063,-1.5297384015226232,0.6730088935784346,1.3263842277588758,6.279800387662469,2.8989578064003148,-2.104990468852918,1.3562372659176667,0.5698100134856645,-3.507428745875165,0.7874141289277592
9179,1.4685243381616822,3.903988070784404,0.5048050850157075,-3.855008223721846,-0.5323064150460004,-1.4900028551938558,-2.8914954166872278,0.22800893735014682,1.1879752919184092,-1.7996603739848211,0.40495354254442706,2.870218018860143,1.9886635630467886,-1.0804749769107005,-1.7363196899425883,2.938632401637655,-2.7272300987943137,0.616728800962381,-5.410446123731013,2.412065518395014,1.281328301578057,0.4240777730027867,-0.2149226905841637,1.5078972213365525,2.70049768206518,-2.619614496002562,0.08872968703602879,1.1741814636624355,-3.2078135330077373,1.8640191962499664
9180,2.0383286155986475,1.7567894753041315,0.21164992094569612,-2.1540549435701983,-0.8194342173907578,-1.0332788508874238,-1.0784121857541749,3.178711150407633,1.1083737399166225,-1.2329327920476505,1.150413811834495,-3.1261537243558415,-3.243886645354147,-0.16637563585405601,-1.7662285301267708,2.1917927148433947,0.6645909932954766,2.3201071031953546,-1.0510740501086566,-2.011131035425498,1.559684219457047,-1.2412934468271342,2.884816295701407,-0.14100198279994558,4.623471586670853,-4.197456332430384,-0.35698737169602524,-0.8187588155016758,0.22657887848395042,0.5231520544765988
9181,-2.792417181496873,-3.1323728539660323,0.5713221725025868,4.376855228464468,-0.1335021587581653,1.110114793254116,-3.806129094044511,0.0015792551624294049,-0.6287959910717769,1.8473139114993913,0.7189030442895783,1.867128874165978,-0.9442961723030052,-0.910296472224811,1.0158279859812254,1.916434006281321,0.9330597210545477,-2.01072906879004,0.7749417962507152,-2.490933150280366,3.899406027196928,1.165066913488329,-2.1256553983973827,-1.2228261882610312,-0.06433552579516899,-4.150630520942126,4.859967879959658,1.2159198109434755,0.03510930546220159,-1.8960309496247092
9182,-0.39972106216252534,2.4248261412235657,1.2189458453445283,-2.226141599477508,-0.18470702000641404,-0.8332023049215866,2.9216467076933874,4.649063531850416,-0.8828218377582164,-1.797222035657521,-0.15912600537038557,-4.731540360756579,-2.5045511192573713,2.452963825701982,2.5098362918831967,0.07648256652257146,-1.3424438982840172,-1.192287666567113,3.9722555644497177,-0.5603270374475482,-0.40745180685002147,0.8615146156954339,-1.3258254087723902,-2.5401659270779895,0.16984203626902428,2.646927490880987,-5.3261201816230574,-0.9093776848290513,3.230009606902474,0.18871873240294157
9183,-1.4802030048396304,4.807912792306524,1.330952782964843,-2.9086009358514993,0.3412949449636882,-2.0913565795438807,-2.5782185514154534,4.492290475054418,-0.3936116050340175,-1.8607639640288482,-0.8611043411400958,1.201407986565087,-0.9657765667692324,1.0724434727002041,1.4446178205169815,3.2922622027759694,-2.740213171262294,-2.1033337579624014,3.8173978454522803,0.8704562905562749,3.475004563840187,-1.1397909628790757,-1.0318471825304236,-5.991220554442084,-1.5822324128992662,-1.1595430291554862,1.9216533033350345,1.248802319246889,-0.13583526321221662,-0.292844917311621
9184,1.7798620135879908,-3.487275943938897,4.553889466815718,-4.098618736048046,0.6976459002610085,0.5544972993222625,-0.36077344879349127,3.474083500576377,-0.6585434834720427,-0.39179643366064454,0.8428993723916314,-2.9058695070407445,3.0474306469876318,2.29295650525712,-2.82605938007889,-2.2792263504375008,-0.43079015382570773,0.19568873209657056,2.3950172689584903,0.4541873293349816,-3.8561077855300336,1.0137725994414124,-2.0268133809506725,2.019943968742986,-1.3922541326929334,-3.5593204999519052,4.231610322228697,-0.2211460126393554,-1.9970025170665213,2.9381128401253456
9185,0.5745603043516336,-3.0028911803294456,4.53296082781722,-0.9776032635805727,0.4691414184000484,-1.596168106658867,0.5438745020137574,-1.2051744155859652,-0.8165770760550108,-0.6277578197731746,-0.342809729994638,2.448444539396128,-0.6924985645339099,-0.638678926908959,2.149695739168898,-1.029660765993615,1.3144538369547938,-1.1033113186879877,-3.302556628885675,0.38632656476785066,1.3504114405772718,0.38045811069574764,-2.6436481119037207,3.8290086247457005,0.7993978560984338,-4.942060783539468,5.019350395178638,0.3785803379441326,0.07347889003306918,-1.328746695711473
9186,-2.1234722340369085,4.377920735500403,3.0639644873963334,-4.666256892513168,-0.6532742550189781,0.001118158672333891,-5.870385170230108,1.535120725983269,-0.42034551289077715,-0.4288947405112591,0.785379388467037,4.399125309182921,1.9779299264088799,1.4037243747301353,-0.09184632727827591,2.2055344132832353,-2.301604034157224,-3.193738352987541,1.1992328786072655,2.000775315337034,3.8888952012772897,-0.5572311356114437,-0.2968325498284692,-6.234839709784492,0.8541217568870039,-4.0494065399900805,5.817039510828586,0.871814829348855,-3.0555416788902807,-0.4380278781807192
9187,1.790468294865505,-1.021894221494776,2.390079090409614,-2.3146215826251293,-0.03516914774764701,-0.8088624334075352,1.898661167972989,-2.338103279345056,-0.5376374313502836,0.9794520186574456,0.22026441920437634,-0.2226368951384181,-0.31962709289100033,3.9641511900555066,3.077936815221104,-3.248818820958773,-3.9260909557797756,0.4524488643521636,0.2517575577045612,1.8220977530013052,-1.1221149344775974,0.3717989949183895,2.8284781548610507,-4.152017526010539,2.440993570891475,0.4399758071907378,-4.105089106075717,0.8130691649202086,-2.0265073423032405,2.4375579053799044
9188,-1.58948825975129,4.046260239713003,2.7873184471646226,-4.486934628484452,0.5655519725139069,-1.3227077711557573,1.8191308582773331,1.8539670265117216,0.9873570829526912,-1.7968160508811444,0.13391371754481618,-2.9975526344043466,-3.675539103371591,3.2009345287017013,2.0187760710811986,0.9945187286717889,0.717731139317312,-3.2564213644011772,5.29037292722408,-3.3234571818313725,-2.803997632217982,-0.5504810585113509,0.1768230548641032,1.210739890469707,2.9305858473793265,0.17010372598686274,-0.9833400564351855,-0.9028053063856367,-3.134128533760869,1.9195843232188885
9189,-2.2852279233000186,0.14231753796990532,-2.1652580743245196,5.9597697290910325,0.19911799146904663,-1.8507192609054322,-4.792755997004427,1.5738228475041787,0.6401074554232453,0.6596170653276605,0.7750469472347117,1.1441616815156657,-0.05108576949803734,0.9865761067376653,-1.2081679090085782,-0.6876585378532809,2.4909105026934526,-1.5305743930719817,-1.4329335360316833,2.3360651460121034,-3.839655822125298,1.2206628094788936,1.8805952773049537,-0.1647338746417546,2.527302066826305,-3.489924367520402,3.4352334487866116,-1.2196804363910596,0.9871857512407498,-2.2401164629388344
9190,1.9881180962891953,-2.88177338392304,5.543396188183063,-3.4337232701324574,-0.6142169251034517,-0.6018007053133232,2.9251669726462524,1.7117114436304561,-0.6058712266280297,-2.7396798800638287,-0.49286364788872206,-0.7984636616950773,-0.1785513271702328,0.37399423410615285,2.666331070605878,-4.131732591680375,-1.8016926948028011,3.0716513089406305,4.921043813001059,-1.8045371437017774,3.033819175690528,-0.47664157912231975,-0.14739020459121477,-5.526294061279046,-1.7173293412586546,0.8969367820630865,-0.14661230250795398,0.15533503904223256,1.602709479215445,-0.7910396565507849
9191,-2.741505443490194,-0.011944160049004893,0.9053823879626073,3.21664205187086,0.562815943620659,-1.9313907799149455,-4.027104965382858,2.20134609676089,-1.2228728644491365,-2.296876374667889,0.7500189654953973,4.595489142244645,-0.8947417298508853,-0.23302110035523427,-3.2069496501258214,1.9902304302186806,3.372130638248805,-1.0276485881362873,6.218337119268448,2.410544209942028,0.6171449981816437,-1.1860856871917802,-3.2344344743029616,-4.825506165900158,-2.5006709255540045,-2.766121317161769,3.044355079337997,1.1732676681138123,-0.6719883846025922,1.7211578798699172
9192,1.4581690871418012,2.0306343987392026,-5.310096866421528,-0.03254505683008446,0.9548977780376422,0.8989406593329452,-2.4077473273119203,1.9444540833491537,0.44336776325053595,1.9373217056223524,-0.7263235810648592,-1.191072643844226,-2.3687036610506933,1.0293451337006445,0.3887551600109269,-4.088265499960075,1.3488425234292265,3.690026343869249,0.8763571395863394,-0.5698513134162901,1.988019251740912,0.545129331246514,-1.8076693162099584,-1.031985092950272,0.13790346728190173,-2.6015082757886,3.417618827599455,0.2119033458314492,0.9832644965739341,-2.149181861494796
9193,2.2724217378377602,-0.48284990001472394,-4.496223682083645,0.7594482807582779,0.8612065626686856,1.0859970008336237,-0.14761196185067504,-5.201117061457747,-0.08956177989321557,2.5222846244110997,-0.3485976423205237,3.264603821112143,1.4956450854455348,1.5680449068772049,0.6413764828398136,-4.180626870491995,0.46432362120973636,0.011236774118973614,-0.9939630253090534,-0.4681599961771994,-3.4772818916370447,1.2300716389041977,-1.8580198983523708,5.567353172568723,-1.8370627033952758,0.19653363553386782,-1.9747545556714847,0.5082383280029399,1.6333920188611941,1.4736532766721098
9194,2.056459743436239,3.7028380836288832,0.8370248982622392,-5.936272279498869,-0.7001866197245454,0.04013617389602864,-0.893444862002923,-1.9486507855011865,-0.9395849038552155,0.7446314936054712,0.7669173150487056,2.270131742706212,3.527285478585256,1.0723509706803682,1.841580822701971,0.25086008100512913,-3.4269031560799483,-3.265174196893529,-2.130896346270788,2.086710788841671,-3.601268451930931,0.2806782427297838,3.195931109397325,0.16884465723018494,-0.24799119286239346,-3.6405591078618436,5.386586519840463,0.09610557039184098,-3.4666869869481367,1.8725451974434364
9195,0.9443190273178885,0.35599311751822427,-2.9161979346328337,0.33162655751593917,-0.11486428019527084,1.3991235124760273,1.2968937595419234,-4.84648878628882,-1.110190443044369,1.3529056954339964,-0.10767270017889086,3.414552474537203,-2.519138283117048,-1.5167432233843705,3.7515925425714443,0.4015319213022259,-2.917930926465216,2.8006879690921913,3.0983029322168534,0.11939191080872114,-0.7657955431225005,0.4794433766362989,-0.8959852010022491,-2.035357475539918,-2.5957541335679792,-0.481090442107174,1.3899490192602357,-1.1071991455623684,3.6936678126572886,-0.8995731106766325
9196,3.3208070543644403,1.1457578784040052,1.731850400656434,-4.52032128356219,0.14340050254068393,-1.821494552403406,2.97934872958815,0.3322253888806195,-0.7084677117901954,-1.524338965094243,1.1780119025855216,-2.256779344168816,-2.8260098662716047,2.6321869046211788,0.7687895133189571,0.25734892271457,-1.3379161728174171,0.5056006984335824,-5.211380799102823,1.0392280412921178,2.70377251355168,0.095474814556197,1.4528510253839197,-0.07994559568387061,3.396466282954517,0.8271902747582516,-4.031421479268062,-0.15300479925855903,-1.0260554846813097,0.9868252054985316
9197,-3.343823834628303,1.2322942908210166,3.044512956440549,0.4158295131624392,0.6460090469748296,-1.994821972770561,-2.1848155737803623,-3.284678679380196,-0.10023506246042047,3.0192075084191714,-0.19519437433422482,2.7457161815370412,0.7272111543064419,4.18048690933988,-2.3633559003274254,-2.0396188718596235,-2.7960654861079224,2.2913421946479033,0.039837213957113704,0.2977340570170153,-0.9626780896872997,-0.4255081134623442,-0.4828433224362758,1.5334582546090054,-0.023928753469473207,3.009193698811611,0.5929824523056908,-1.1765961121168238,-1.6463792105029107,-0.7552720750247364
9198,-0.31520294370645274,-5.356663102910602,3.610145227022958,0.8205511508049632,0.3234213113056481,0.9177483574834486,0.6112260019319393,-3.173620600269558,0.22799156768858975,1.6979366895950285,0.4056831162388752,0.23078322481615388,0.724452824571749,-3.3035206621966555,1.3014453703781577,-0.1046329052229531,0.4883916810770188,0.8938636913919176,-0.06505123848161887,-1.198458366507566,-0.35914446036649395,-0.32841609709626773,-1.6326545529826362,3.583724715431803,4.571424670318134,2.3335891834592104,-2.5936058224639034,-0.02641343174734523,-1.3197772606461466,-2.9652173389165615
9199,0.23739431524437826,5.421212430550131,-4.115704039879525,-1.1629640806120456,-0.6899672074557768,0.31002858215282636,3.8035279554557313,-0.4534309631899056,0.5829658807732354,-3.2821275840747415,0.1006933871928446,-0.7516286761561766,-1.1296885407914292,-1.4138371666775793,2.352465734370618,0.9539176304724819,-1.9128856971028352,1.1500280397279425,-2.8749120938522843,2.9636682220256745,-2.69265897534631,-0.19165217625604658,-1.496882488691238,4.292437512117434,-0.14256428890873707,1.4700448187525197,0.6700523609364453,0.5935893725864476,0.920234774952327,-3.5113570383156034
9200,-1.3772295552214153,-0.4652641693733166,-2.0363617533787135,2.4400806643758806,0.8595351575046744,0.5792396560928914,2.2553382340168717,3.041037007198277,0.37746023615616586,-1.1801932269908093,-0.03613410292025865,-4.4575081474592295,1.6564588216868792,-0.17257399368680382,1.248100486145475,-3.7201367053277803,3.9597109130405563,-2.971559521859101,4.379260538748689,-2.8259935498513773,-2.8809386403165895,-0.3623852738451472,3.0086539637262817,-1.318597038464624,-1.2776683945469607,-0.22984049901657855,4.431359692448666,0.9242097064201271,-2.7672367589340077,-1.0808237463678712
9201,-1.5586096217546448,-3.702259270815315,4.0474621472002,3.507598264457151,0.1011608584232011,-2.395352377510588,2.474136835452118,-1.819814474326094,0.9265992620870556,0.6722389093978816,0.06417700892568945,-2.3173375415356077,-2.030291834328498,-2.556138588854031,1.7306568742656232,1.3380160099209455,3.6076368416935516,-2.0898793026983338,-5.820017082860822,1.479475413339573,-2.7755627878185063,0.9643345306833506,2.052142932995313,4.099626993658337,4.39835437148977,-3.139670798414585,-0.0023358060154023974,1.1888625370665533,-0.28898433498445897,-2.1562259691385126
9202,-3.0719778321751754,1.6605095237091625,1.1413023490295444,-1.6948885579302306,0.4777206001158585,1.4873339172508384,-3.0053987203673245,-0.5615010247475603,0.42163265703987207,0.8509762348277068,1.0167344780894174,1.2775563751589303,0.2157569125548413,4.202814000591697,0.6169932712888766,-0.06514599261246445,-1.3052904478605694,-3.665127743963083,-0.7209286159300845,-1.591635798952435,-0.6101555585347516,-0.6427509112436081,-0.22296703063993206,3.7884379152980436,-3.2133247248739103,0.4268821453753091,4.422073251875169,-1.0081325842683375,-2.675856706299056,2.048358618194186
9203,1.9352388715047866,-3.520219460697639,6.142096978553738,-4.732329215026958,0.16413734267546598,0.011075482990591468,-2.0869102225768366,3.4387350194627437,0.3941118083763513,-2.3597797650090566,-0.3008738845159149,0.9147170442637389,-2.6957499189924334,-0.47832879233601844,-2.7219477612159313,3.9906955284131875,4.048846867979879,-2.1435159238494155,3.5651052997686676,-2.9908178213652565,-0.709013372461893,0.7031175436623283,2.1811046197963773,-2.7494962694029823,-4.5026226114377135,-0.9936474886388957,2.8904436204096164,0.33228113183089736,1.882177186500389,0.3913681613390594
9204,-2.6620574264167445,5.399862085887754,-6.0353198843082865,1.457998757202752,0.5889534305547603,1.2505630370797451,3.355307172893756,-0.9733412351624011,-0.3141571200619513,-1.1268126648327446,-0.8412373362540864,-0.0997588165815273,1.3847786768451655,4.044219965484444,-1.165647308823866,1.3914163510387283,-2.0164074069584483,-3.638360277586763,-4.344796612990539,2.6787484756535385,-2.480913062288984,-1.158803960766837,2.9683167964425117,2.3374483639475656,-1.285777734135479,-4.557452195946885,3.568230811771926,-0.8263690251382316,-0.13950955947018606,3.240877702922237
9205,0.05227973935025254,-1.2960555535174763,-3.3730663112037043,4.352950337485606,0.5695429877496379,-0.3056511998643163,2.7642918816710385,-2.9259432338790496,-1.1547262451593916,3.2307077232562804,-0.6128852133766989,-1.3014449125111227,-2.8752449117056678,2.5132609349194475,3.9991866022317275,0.5231241238064008,-1.5369257553693902,-2.623400993883255,2.8090670003900904,-2.4527209899825575,1.1624618953556762,1.1614039576098323,3.0493738870383815,-5.729585750414174,-1.4661712218537168,-0.23594273520225784,0.7582301631929198,0.025776464394294152,0.340577025343757,0.5775303041284072
9206,-0.5503386466427553,0.03033883112357927,-3.055629951538169,4.101960960981778,0.20075810884195322,-0.727089302766398,-5.30236874471716,3.9229271898487674,1.1549985151909574,-1.7682175139549585,0.5265406604689478,1.466119893164496,-3.901916252170512,-0.6106690055719639,3.5104644094116253,-1.7711920527250946,2.3890080429982063,0.3843048580570283,-0.8274655218324121,-2.985067766664166,1.8663308177424724,0.08894011837226046,-1.7918828339695185,3.6491451863485977,4.653310783953703,0.632882731160862,-5.790635661723947,1.128882160324908,-0.5541803525132085,-0.07025966119890015
9207,1.8900495080194872,3.7626988718341288,-1.3856380233669086,-4.562522156337717,0.39874240093032576,-0.10333060107931047,2.267007965316065,-0.3955084482284015,1.1870479167613919,3.699145718510593,-1.2182279382612404,-5.539465214097358,-1.1785967621560278,-2.545823674954475,-0.33028531521036086,-0.9336367834130996,3.1614909969385288,1.826851538794731,-2.125460845709192,2.3074920830839325,3.399106505648305,0.5856913931238275,-1.172205639601584,-2.9946234965480514,-0.6999830442047177,1.016387192487791,-1.3169099471823245,1.186954536982122,-1.2198376415239949,1.0333889034445427
9208,-0.6292937925035744,2.486551819279377,-2.388457873680707,1.6919271296317362,0.7680587253387254,-1.928786008065531,1.7861536565355856,-2.579773371000705,-0.6142824666255855,-1.7325283853206752,1.1526506281292432,1.9877799382831824,4.0209629857111935,-2.4814042712861255,-2.3982706015177406,2.6473256997193175,-0.14077122588258817,-1.6478425867447974,3.6011207624236725,-3.486947944856544,-2.930038883199785,0.08419085328554576,1.3670255935684121,1.3646496187759567,-4.168004997326985,4.176520834107325,-5.748757629109853,0.7220284273853625,2.3855474001510615,2.632665964796491
9209,0.3375806662412959,2.8907014060998257,0.2339496739959479,-1.7289318168118406,-0.8025698531016396,-0.9307300764235684,-1.2221754949184351,-4.697867318478519,-0.08333398313008455,0.8037890529487921,0.93595590235938,4.263631841219901,3.8863722552740114,-3.5894796327422753,3.3185329019835343,-2.467337028484458,-2.0316810183906355,0.8835925223590682,-3.725029690581323,-2.373967808939044,-0.2462355931371185,0.13061501730308045,0.031279425850105014,6.1833386495016,-3.8487517202335546,3.387441983055254,-0.7993696173110649,-1.2475366839703739,3.0549744441000684,-0.5467584056369272
9210,0.5902440108154341,-2.9502250087822297,6.0596612353320864,-3.3868056177196593,-0.031154556620402563,-0.28172006302519925,5.227628673936884,-4.986420636877117,0.26568884629686984,-0.7813761688320273,1.171013757421198,-0.8965344719447721,1.1667270580858329,1.3085791385639105,-0.26772551052645,0.49756414660399884,0.5763293956617943,-3.2814742283898397,-5.704763102037816,2.3641367114475678,1.8576977263493326,0.11888143813928842,-1.9154092591721525,3.2794564852710515,1.6961715797010761,-2.6987441292717094,-4.400310927713438,0.24951958181277956,2.246640493999493,2.906723401475194
9211,0.40905647835834635,-1.9800082224151083,-3.9306874419272155,5.941551267702014,-0.5182236374291205,0.07831155571112625,-1.5887034354111798,-5.037154821333225,0.493692030248722,2.911471371225666,-0.5378301521502262,3.758525007421298,0.3426833438748993,-0.8319763841950092,-0.839149250151003,-3.3083068708545067,3.59281461484111,1.0439345464837508,0.010924248967384642,2.8643743083755204,0.06715641036669595,1.047466953396584,-3.1236704315117194,-0.8662514895971931,-1.9778242780979909,2.8398050323738495,-0.43760541338050274,0.10881099265955019,2.551144438848336,-3.084330772399852
9212,2.670628246090935,1.4833513645318597,-0.4031259834705736,-4.265628818994259,-0.7770877584196652,1.2918629502617076,4.05427886588177,-0.45118901056763505,0.4038153331589802,-1.3477894258659333,-0.3654516104371126,-2.293664152169029,-0.04586081453696522,2.152202927017889,-1.671381160011606,-0.4212795865835126,-1.015873506841933,1.0021921409553762,4.590106038444073,-1.8994409310592868,-0.11918943084816469,0.9588833534416104,2.011786668117594,-5.542145698098551,0.325080942527876,-1.2292642834855023,2.192557400237675,0.034226917504661,-0.7981843994470257,-0.5244165773343248
9213,3.2804083452350596,3.8486694639917225,-6.137855106295813,-1.4492212999998983,-0.15193079107249763,0.6099293881414098,3.8772891401849456,-1.948570905113776,-0.015311232127094954,1.591319801417292,-0.1781757464627045,-3.3265510578976354,-4.203050372602842,-0.8886142314065957,-1.9221686132869191,3.6318767209928424,3.6658667568095282,-0.28391026050678114,1.6901388597896059,-1.9840162015717944,-1.5199893776826183,0.8288322003254454,3.085830288186358,-2.100795769049732,-1.2073281309653474,1.4210575156709382,1.844967969193661,-0.6621853110195426,1.0499588350811706,-2.446470877957516
9214,3.444762803042618,-2.8198382293994797,4.116872801117566,-2.501765987501919,-0.03258459561003213,-2.2074467916487555,-5.6580623305898605,2.128786349913348,0.09527186606718985,-2.048866044836455,0.9099482705079414,4.572921888938847,0.2335340871970253,1.225531608251643,1.0835447715027193,-0.664770066739294,-1.3897735786476222,-0.48806682156522996,-3.372854611132084,1.8777646704885527,-2.5381978807267025,-1.2265007933642944,1.8221685814627726,3.437620033269045,0.25325311417381613,2.048895987667205,-2.5773520066969944,0.1974222804575927,1.5997606806149136,-1.5219800562131702
9215,-3.339902914246178,4.21337606003971,3.3269646318799495,-6.05243238056994,-0.39160424702305807,2.2435988499194917,4.999689185497314,-4.842016304934376,0.6677396514891942,0.4923992601111884,-1.0836339113616211,-0.2341778808006545,-2.7752544335069143,2.8571836364944154,0.7925281896169167,-0.8178561274891045,0.7329760849065963,-0.7895773500227019,-1.9370600768489723,2.513688677916047,1.4930901372615892,-0.7570925863485769,0.2312305125519707,-1.5438566645347507,1.7636190844926993,2.676109522017157,-3.1675900529824794,1.1479839448748068,-2.0910954037358245,-0.3290270946629903
9216,0.5725630767445029,-3.9368599819794206,5.727782203749545,-1.8538500302956535,-0.36365334862741183,-0.14598191959159124,-2.7495596244352285,1.30583859634892,-0.1654063800708947,-3.048012925944187,0.11232949600110675,4.544810838101327,-2.346629081530379,-0.44189873732648266,-0.27989348697263594,1.0007515497069264,2.4391924328857435,-0.3715226767639681,5.283295234746685,-1.5608382811343269,-3.5019456623154372,-1.2416307417829149,0.5719106622957248,0.44920878818759036,-2.3333586291287247,4.129427774132008,-2.36868805937344,0.7661874314184001,-2.7746497569083015,2.581081239863412
9217,-1.5649475998568754,-0.44193992845707797,4.658714470104069,-5.297875905296451,0.7315570964398308,1.9144918670664808,2.2841217426446327,-0.49656572237648433,0.7522945114154895,3.381992279293275,-0.1298845259971051,-5.791958284978751,3.3436894164407285,3.2299390228392113,1.0062769323202438,-3.802912885990475,-1.9914169539969109,-1.785575531613608,-4.59949628883415,-0.33184101081008244,-0.28540269933484197,0.11703466926591855,-0.4915469332845621,5.591252262995027,-2.2322743268580467,3.1240441830964265,0.33499923340802695,-0.4765848860142583,1.1840266351448996,-1.9342108387737031
9218,-2.3221561353048745,4.124390066160835,-1.8934700375353835,1.3620165712354932,-0.052675666109147645,-1.218104798446939,3.7278639587427698,-5.951253168215153,-0.4207603691488817,-1.8675942983661304,1.0457246165330538,3.4660192604554254,3.422362543172696,-4.112317287221119,1.8733696079683888,1.0120999044821737,-0.45975619570794635,-1.7357585726950315,-1.6896887385796369,-0.9486437612409571,-1.2344782684405846,0.09980945577397105,3.1126802192197545,0.6603210932647379,-2.7183785869551755,-0.5100583683928193,5.032281859966982,1.002685478437292,-3.4365899361704706,0.6300595531175279
9219,1.2369230482887268,5.349859012078273,-1.7322458036742603,-3.3737883209197363,0.2897116249842453,-1.7704595607572795,1.6688836345463898,2.570789524368614,-0.45936960867896026,-2.6953227407249987,0.43606864353168273,-1.5210494530416163,4.067331253166401,2.7623580151686475,-3.780614645844379,0.0999499707069198,-1.3330421333535742,-1.8159824598448608,-3.698211525972109,2.4812887032222264,2.311567813691706,-0.028040455502386763,-0.673662797129051,-0.39294173831312307,1.9603978454280977,0.2788197770738954,-2.301914580763576,-1.1631237086541764,3.2677558563032676,-2.0419351893842066
9220,2.049305728037588,0.9796335773133755,-3.962138791319351,-1.1499497531997065,-0.3466406742878563,2.429789913455922,4.351660516631046,0.09848551736938305,-1.064286627328344,-2.5140700856755345,-0.08801874671715826,-0.7837705742782575,-0.8081607470796506,-1.5812995627790407,-0.32439363677945465,2.962929028005714,0.6127884781844699,-0.8618635595528641,5.705377860995217,-3.322411351373127,-3.001643425535521,0.12922462419680159,0.3996407944373228,0.0898114972766102,0.41244918639725725,0.9145480708471965,-1.564155065212919,0.6562176479423822,-1.4464667292104494,1.027406889239849
9221,2.202562884192318,3.058974323467641,-3.598922474566802,-0.9925238449588143,0.3548455935284913,-1.0249364816628503,-3.5854882762339777,5.240211536335931,-0.5380846971863606,-0.23201794275885668,-0.04601852484864466,-0.838602095306964,-1.6585350101049325,0.7338763127410779,0.9195180352497978,-2.1279080237502424,1.86756261902174,0.26548606684175446,-1.1453060673023359,1.1205644484718231,-0.7236854091679508,0.5621013081885344,1.0933165391866488,-0.9069908193794305,1.1385474795892812,0.3343665447591313,0.31807074642615873,-0.9677038725445772,-1.1416760660941652,0.31839516786746813
9222,-0.5607114962284143,-0.38832354744171127,-1.5735046899072245,4.503219278009734,-0.9666975632165324,-1.0139819812158386,-2.468120620204843,6.205470463548409,-0.16423142986749095,-3.694718959034038,-0.7972474891431176,0.9188480347022079,-0.7269309812247542,2.9856336315280814,4.004781195542641,-1.1377082694600062,-1.5790163554200785,-3.546759220966697,-2.115908578474638,3.22673455935276,-0.09716058326440269,0.27235051845132396,1.842375822628826,-3.1283917386965534,-3.5689148826949584,4.407336875706335,-2.524966709014116,-0.23757095928067073,2.012650280659564,-0.08853460537288882
9223,-0.3670734601346659,1.0735843577541573,-0.2445034799016561,-2.880236527367284,0.13988373695819778,2.2783453726912573,-0.4339295573508615,-3.753243137930262,-0.07659345144515317,2.4779022478856767,-0.5277315768001678,2.313595475641879,4.24081220245294,-3.323554339837246,-0.9602050914361513,2.8151997965177316,0.2454324244418622,-3.0176849921399373,-0.5080597493794983,-0.644471193840122,1.4239228188481015,0.4375255057263816,-0.937385465879851,0.22846808452227663,1.1432157423628304,-3.1163674956630807,2.0198305934655885,0.41777935403094535,-3.534927287884301,3.070469093691301
9224,-2.3010679271417125,0.5762843842019372,2.33978731700784,-0.8159014962622813,-0.7509277148972402,0.9518254370914523,3.3948903478893797,-6.099665984095218,0.4031349547893779,2.1574102067190637,0.7861466281868585,-0.6419161534883493,-1.7513386426212456,2.0361380130006523,-0.12001574775867851,-0.8834346772436881,1.6155897668063517,-0.8969387121841841,-3.6851911716691816,0.4715641778242734,1.5974651933511979,-0.3854948003051639,1.9439488510204725,0.05770774977569104,1.0161889198476182,1.862777615718791,-2.3715695738412776,0.8576459038086428,-2.8752715438923175,1.5102286783618268
9225,-1.6563749230506666,0.44339901730843323,-1.555688788341385,3.148365011254242,-0.09910911571496106,-0.28059120145566396,2.728960637575369,1.7947364902293579,-0.1915895648851107,-1.1463295064522736,-0.9570550340037451,-2.228723022462475,-0.3857807487152236,0.48065127440583666,-2.530056471185789,2.5700019883512795,0.5036996820393504,-0.6385157248962408,0.3481301611406806,0.036185290084688404,1.5773321496447785,-0.33561217920822184,2.9071549765363844,-4.533190398201015,2.443435962339631,3.3028972309736844,0.1787800764817753,0.49816059556461845,-2.7995265152450557,-3.6237473501113886
9226,-0.18288039436743198,-2.013219391065551,-0.8044568480164358,1.7122728955027533,-0.03470849029008072,1.3229922282367266,-0.23871277167672034,-4.918543485337523,-0.7946503126910809,-0.7350371806720286,0.848587991424063,5.838355758954382,-3.353877631906327,-0.009936323193628027,-1.1008164229134092,3.7590942233347846,4.135274089167758,-3.4297379344899976,3.6872778809721147,2.58658507196283,-0.8550616118129977,0.7485388710278942,-0.12385579926096035,-6.043484412891566,3.931781472283827,-4.197036285053441,4.895421064872146,-0.7033487042250357,-2.1621376916713366,-1.764679856202937
9227,0.1455166694124035,-0.871354476377153,5.615184468732167,-4.517074938478245,0.5867701746467877,-0.9590418979359594,1.7750606570681349,-1.408065544769613,0.5397706168807952,2.4418927942195374,1.2002278233840133,-4.548886346781757,2.3845191498746523,1.193488061871225,2.3081291555715318,-1.421900533996979,-3.296571986754472,-1.1676638465667821,-5.697748254720391,2.4890868215072324,-1.537308531844543,-0.37435027434443313,1.8503400117557174,3.2699802276437318,-1.9801410717727563,-1.1395332931236197,-1.664215566432123,0.3134090080281844,2.785873128545518,1.6846077947580262
9228,3.7071256182659056,-3.64279479131417,4.646513639743969,-4.926320638126747,0.9817562195753808,-0.7662800481443384,0.15986557323650885,5.519402701314263,-1.1693161682265791,-0.44569316986394547,-0.9749931750372198,-3.089265761421938,-0.31304417405235796,-3.5045342677807003,3.637484675900101,3.0907981311936332,-0.805410656153235,-2.105293709108249,-0.376343081355639,-1.6701110049165457,-3.4283633873521833,0.01951393089970388,1.2662163636885726,4.189087179033397,3.027841738937198,-4.745706792236069,0.2200334676209792,-0.8855931471128873,1.7995553775469375,0.5838693552470833
9229,-1.243206348468357,2.785254970543214,0.1512859552408088,-0.6985796595460378,-0.4069557581858332,-0.5877991595837777,4.3628917336921305,-1.9649925873440495,-1.1293873110881738,2.9189278387413253,0.2939235040784096,-4.481363178078574,-3.402492221820399,2.63071319418637,4.161497166124203,-0.2003721150867932,-2.5668242165862942,-0.622521806817895,4.834869235261756,0.22679664413606204,3.0732561642003695,-0.5747057005499796,-2.879828644797808,-4.680387698253121,1.533937577480522,-2.200419906212449,4.296789300136908,-0.017731164992902393,-2.6562636144168135,-0.956312191992021
9230,-3.2877084384399087,-1.2164959718578316,-0.9412759775862547,5.996795818007961,-0.24778106155575275,-0.30353436856819016,-4.865063398976012,-0.17034019822009228,1.2318409080142674,2.8471483506670445,-0.6403419547336942,1.596756293249566,-2.3455469936547164,4.052202286626141,-0.35225242084746,0.722462195054554,-4.235429869348021,2.1585648021686694,5.203934050365067,-3.2421580747600203,-0.5034811359817795,0.2708181578915978,-1.0084716755446177,-0.720641321972959,0.3652269709994478,4.04076786234857,0.854631540724597,0.588404128096351,-3.520361078042562,-2.328669424123154
9231,1.17511304372508,-2.0837441626211124,-3.154220405155499,2.5267232433113023,-0.7688407191418534,2.3049689998820675,1.4119102677589872,-5.1439211973989885,-0.024167740745154376,3.08938526538844,-1.1354146771849258,1.8022080821827302,0.8100062095245342,0.5322427931146336,1.3062479859888896,-3.4261807582834063,1.3085276025451513,-0.5308438328906497,0.26194084745973,2.3738108991072835,0.22581773143743078,0.4466327096879068,-0.926730663453057,-2.381471524242027,1.31521059240767,-0.9845957353015145,1.5737396083952326,0.8651131294068986,-3.7499954798569792,0.9805278849519539
9232,-0.20930791577595365,-4.143221533630207,-0.9053709959909249,4.696944076291096,-0.8108665030794848,1.3718228721854882,-1.5404050852187865,-2.64558953086474,-0.2793465731710345,2.1952889248786924,-0.644052269291894,2.914104533668862,-4.078644684795153,1.0268064788785374,3.056177093008799,2.7530062650594935,-0.6189300690837705,-2.1384150830687503,-2.0749881320456467,-0.9079899438662462,1.5736643745477004,0.9722044249953461,2.942084472434315,-2.504975196068205,-1.6038124052999478,-2.375900110395058,5.712653783656734,-0.5004792699841962,-3.7372242154672772,2.504762217493017
9233,0.9811475715466944,-2.5847375445592284,4.3610474325977115,-5.4044878836601455,0.9497465655922204,1.6972838584827699,-4.586827792771711,0.7074914957067939,-0.6592684084570415,-1.0726055985168763,-0.6156743027618532,6.226884606801821,-3.974191525905244,2.7227814382033735,1.5424432748592771,3.801428996521942,-1.7648541372709055,-2.327608046409246,-3.918145011880707,-2.5734307350630736,0.7829600798913106,-0.5190927595355204,-0.14882486475008605,6.376533291335299,2.7241540414203875,2.8574666021565633,-2.7372099548314814,-0.6150961475908145,-3.4528313696924293,1.2235168285410651
9234,2.900121669171998,-0.5199611585889663,-4.210886386763502,2.9670881666018616,-0.46140111540859063,-0.6749611750128075,5.292965629586362,1.701288566265415,0.25050841523184353,-3.6240189392992868,0.6961544871390943,-4.3168981589222994,-0.27831427736929726,0.6718339753719462,1.1023864205812828,-2.749261928040191,3.792258572669226,-2.5389027632138106,-5.627470084866598,2.13871713230478,-2.3106981845408487,1.0578437895093584,-1.2628241982486816,6.004431545839211,2.976276649358418,2.5479587904504264,-4.853195638322635,0.8517412747690489,-2.8553024644430938,1.3325213881911147
9235,-2.23966801920284,5.126034256471016,-5.33228997543997,2.1360542663849706,-0.811265418915371,1.1211348907021765,-2.6938689942621252,4.091135235840664,-0.09218532294745074,0.5289561144895814,0.7777689051383581,-2.611805938257902,1.8317117604295312,-3.0950733630483995,2.6106325813456124,0.06155681240512223,-1.6147736905254817,0.20594589939278762,3.053006945239673,2.013836191168668,-3.354219214337606,-1.1647643318631213,-1.613198630477724,1.0653390402673075,-1.4641051797854665,4.156246937748509,1.529034053798572,-0.6045667654935221,-0.8044531400024546,-2.8121559062623422
9236,3.1692799349751226,-3.5653537117250202,-1.7451953159840663,0.08644883103912093,0.24952854336063135,1.8052917183341926,2.5004809111749218,3.5280729010171044,-0.9727657770450158,0.9340673102721553,-0.2777971924752203,-5.712058152942802,3.9415042701972354,-0.6966247916068049,2.7976164613250774,-2.9019916027681205,-1.2142795429477502,-1.9262247942005022,2.5443011153606356,0.5101629028552228,-2.7492647993997554,-0.15233384177210407,-1.8080622177250607,1.6551968406782862,-2.555475808486481,-3.22819616494192,-1.1993212123149668,0.6067885496425918,3.7108232366928497,2.6653813994112383
9237,-0.7541981839533207,-2.803513001235082,5.659711622507551,-3.0428433842979103,-0.6345470977398135,1.5753900447185654,-4.006282583193723,-0.016237799968351396,0.5509591936355607,-0.95163124354921,-0.1368165795684506,4.560009012645331,-0.5214830583376511,-1.8010158662196574,-1.1146351464419197,0.24958611981943335,3.6755476921949572,-0.48799974101604526,5.8403039831882,1.3799651467094858,1.3638879744638999,0.19733113429297333,-3.0879275402594146,-5.693560698397931,-1.0015465944949113,4.353198258980786,-2.9525428051803324,0.7595002850350081,-2.4486004911639405,1.2899913468267457
9238,-2.512380770997913,3.2692435437610854,-1.9472415165819896,1.1551329980655716,-0.3873335013927699,0.42257924714600925,-4.290278370304076,3.330451603672145,0.4904978472633488,0.809614612175821,1.1918386945972603,-1.5321243874033605,0.6725563861674857,0.8802861893675846,-0.2930592074003222,-2.9795917252894757,4.125094061799668,-2.4052857046458396,-0.6788782902269652,-2.1623453616061283,1.1553791842954126,-0.1959869474072775,0.08545609549071109,1.7963753194514602,-0.042175300157005324,3.39279734396672,-0.5408276764754731,-0.8489350408595246,-2.2683796135012173,0.3075202870298597
9239,-1.0210315412863427,-0.24294816231020633,-1.7683606568475128,4.002057786307184,0.5382062623005113,-1.5079236881636824,-3.587639477476099,1.9271685772983638,-1.2310069408756372,-0.4697580184524899,-0.39778499873707496,3.7590208582441065,1.4030442559233371,0.28510000456118334,2.789490936528008,-2.511382903052576,-3.1510221358752144,1.1847698419143669,2.364502972522317,2.9038581682598874,-0.6871446123341816,0.5474404315838015,-0.3689795997238292,-4.759677360310803,-1.3346437610250064,-0.3310494930244836,2.206959082671144,-0.6149851006094744,0.984006717308958,-0.9102874453177989
9240,-1.700729048617676,-1.578749694443264,0.9002924523961156,2.651948694619115,0.7016284316706822,-0.9743908356250177,0.401151916834241,-1.1803497331207105,1.1031113754053434,3.2344135042372812,0.16818375012388564,-3.726510813478903,0.015403847302749796,-2.864566837432889,-2.9239619714339096,-1.8221920888249112,3.9648241413946224,3.630492908993464,1.597168554326462,3.4359830788365784,2.279189585644456,-0.8964215426421527,-1.5777266964430385,-4.838192979725104,-1.687840966045794,-2.8831781751884478,4.493657620246111,0.274731219141251,-0.1185911051406272,-0.07877859300915802
9241,1.5754228269890191,-2.3975376558918278,1.1659224120677578,-0.3462379247682783,0.29427817126157274,-0.29184782965827694,-5.206813943183917,4.513438274720304,0.46427474874719277,-2.318189259220201,-0.904217118625751,3.4515072975635093,0.1516453637877433,1.068454022140763,-1.9066499173274671,-0.6353152640615392,-1.4530101248072853,2.7748759202669397,-3.6555528684603296,1.8003174644578444,3.40708982187644,-0.20321301797241098,-1.0163939797268622,-0.332247420177481,3.1633528632308057,0.7859805081370226,0.7887073627799843,0.6436011256967129,-3.0953647728351505,-2.2862770870060256
9242,3.3921224011343014,-4.465284859541651,-5.460989324160021,5.557245904850049,-0.11132660763583768,1.0882324853530854,-1.3860114529156426,-4.302685606446442,-0.7924376311902934,2.9772606476450747,0.4943022763722267,3.0095717665362436,-1.2036138263489242,0.7365483156773109,-1.4655672695567912,-2.443777245477836,1.9938567200282158,2.382553305677181,2.7012780734274706,-1.4039546550706596,-3.2109270313413827,-0.9179762311798685,0.12086910926450578,2.7107107348971624,-3.870338152921292,3.3076036695464417,0.9476569817106295,-0.7254547667826099,0.01580849877425905,0.3247237696759342
9243,3.663011535917807,-1.579749104734379,0.7377967268152332,-2.1408128938529885,-0.2059145607516728,-0.4743317033940606,2.593061376052173,4.675718701801959,0.9195999157357431,-3.6734898497195427,-1.193660085285066,-3.3212300585840886,-1.500770919874416,-2.771613763442229,2.5724027874636626,2.0667379969961743,0.08965083670708296,-0.4564069378511526,5.254880968171101,-1.4943743889122807,2.4178703322707165,0.3905908500800015,-0.9721526177969224,-5.59681514381538,-3.7640685198758668,1.7371955310103537,5.767547955105968,-0.5701541640444132,-0.6703507250282232,-2.50017007716448
9244,3.444051183362621,0.26810862235272026,-5.367128304294518,1.706853975198534,-0.3243500196913094,0.2724645430718766,-0.8894060823489802,5.736802364427767,-0.5767246262797867,0.9019943893006843,-1.2005263794948964,-3.9721396656035957,3.784318123815332,1.2120589683199015,3.0680103200196918,-3.4203748071707736,-3.8042107666175564,-0.8398018383674284,2.49833214519564,1.2176654375368727,-1.831413178158746,-1.2119220812139808,1.3538037197783517,-2.0264660431408856,4.53787126591418,-3.163341314608118,-5.73507770144338,-0.7656026903984783,2.314410315899149,2.811740124639968
9245,-0.24851627830754452,1.9647515747052609,-1.905950845238653,0.8855159473961969,-0.9457960786162576,0.24999568006093398,5.767393658867942,-3.6932634777342948,-0.6161860351712276,-0.9659323441822139,0.553754177574862,-1.0457659793538419,4.208720022200275,-3.637857805959314,-1.961920269296911,1.5678385977135108,2.4671750531975256,-2.6439555978559195,2.247831267164429,0.6467086369661352,-0.8304791847440054,0.03358231949088086,-2.5709853707941193,0.47334233191390496,-3.9993256889347606,4.321268104040037,-3.413171212468164,0.03005038472943955,-0.6472763034480771,3.7084547160848764
9246,2.3840358741250753,3.3212118204014978,-0.27807663093802404,-2.352175155303488,-0.7260980863963975,-2.3488978218887278,4.59465626207011,-0.04473828952150072,-0.12236198982716218,0.08171542568209134,-0.8757006589922778,-3.633570749410037,2.5482637536066655,-4.226546068559996,0.5209596109315768,3.248599670390572,-1.701669385588362,-0.3896075807812931,0.1826341101707527,0.747317886447588,0.3193682192767504,-0.621074649536264,-0.26156052713237443,-0.3666850392292176,-0.7339446639565104,-1.0983309986204617,-2.258403477353127,0.4919527049691155,3.117854251524939,0.48087218343940386
9247,0.5070089744710184,-1.0583740075289363,1.307611833370526,-0.20193735128421864,0.4259870028117221,-0.9802964518401343,1.9314821337695953,0.66218441630852,-0.21069029670023998,2.394303924775169,-0.9437969798351231,-3.8334831983166993,2.039039871878874,-2.027749048284127,-1.2478357620045912,-3.472308590808952,3.1381657462929873,1.5706877829249386,-2.216762064745911,1.8479571288151213,-1.9113833249370682,-0.3536741487888282,-2.7756748713738997,5.409537281027809,-2.6884078797210123,-4.70288389441113,4.4015497486833794,-1.059510026364976,3.028123065884973,1.0211289859321262
9248,1.7069143323159857,-0.4861602330426784,1.3070863720508683,-0.6450865484533423,0.20489659253861658,-2.0876505154094955,-5.388000354526103,0.9561154953822353,0.6066008061856767,2.6556837106805737,-0.3279377532945693,1.4975380955734288,2.833339820739212,-0.7496841332555597,-2.5805483883303406,3.0207732352107968,-1.429879353949044,-1.0940011804159084,-4.4793516057470235,3.378688364991522,3.7852536313449185,-0.08709712937246383,2.4578057030917044,-5.055298964311465,4.378580816556209,-0.03649051011463911,-3.8836232616155755,0.10321247896818342,-1.369608114126125,0.8079285903353064
9249,-3.0928506736415233,4.520342382866534,-2.5171070970845655,-1.8200408160648962,0.8366515067353095,2.073004697189095,-3.0378101446770316,-3.770085593570652,0.09035565241857046,2.9264524540718817,0.9050121298832936,2.886075501875169,1.7408817935244016,-3.7218245830913173,-2.597119687116118,4.230115010333925,-0.553515742213051,0.9014632085612924,-0.8633182984006602,-0.3221614783948965,-2.0294207470477392,-0.043174387884888255,-1.4190100622774633,4.677084974002817,-1.8759658564928543,0.09989280429977043,-1.4664644927257946,-1.1746816205853614,3.565394112611507,0.8518250528960714
9250,2.9650921935308006,-2.2883006551196985,4.59661479208788,-5.6762203547325285,0.6797640842341597,-0.276950060000674,2.2453443209853567,-5.8374936684906835,0.7454569152922872,1.7798664536892552,0.11259443941737324,0.9542315391076528,-2.7019547298837825,-0.2679181068047676,1.8375506520165565,0.5473380074674807,3.8496106677216737,-3.264626490517987,-6.1747309933326235,3.2042704356648315,3.8933146437071926,1.1553557514148345,-1.8951077898489874,-0.18310204760807025,-1.7613906000801833,1.8970536015721464,-1.9930563846905969,1.200159151332417,0.022383079878505185,0.6348511519910787
9251,-0.5771772765295982,-2.7424839979308295,-3.235532659149829,5.622176348525372,0.7020668108113757,0.23095077427337607,3.094506156651022,-3.9780924191524534,-0.2363364063877782,3.514885246130522,1.2090932571096475,-3.6040558343497047,-1.6496336397909381,-2.3925724201583645,-3.90501265446904,2.9117872308109796,2.536940644232722,2.4984908393738507,-0.15609705806091156,-1.3798654415816678,-0.3349405204334115,0.8964352307086267,0.5146611446259008,0.4598066447386522,-4.8434801967971985,3.8569966760088583,-0.793641541378296,0.9384564812447636,0.12225988613466043,0.7194086947905518
9252,3.18590041883672,0.23841087003914652,-0.8748074534431325,-1.324015427781088,-0.6320614709053545,-0.5934269367464111,0.35948231900685457,-1.2710325216430824,-0.9741471313252488,3.092722601076648,-0.5154182019929179,-0.6916070651209942,1.2997111425078138,-4.022158238848936,-1.474792088044568,3.541561379400413,0.6074204619500208,0.04825734303450524,0.7697570547951109,-3.2599388152723954,3.83534967921155,1.1831469745086602,0.2416350856061129,-2.769949978851855,0.8810305847031259,-3.2017535335309404,3.9316223211774535,-0.27394380436805577,-1.6776701079477476,0.3407145399694933
9253,2.9765477914662313,-0.34632441985485585,-5.241344576123545,1.1031706269568815,-0.8670811051403347,2.375031682695518,1.2818363909105486,5.552662597229165,0.2371052807088656,-1.088469601645805,-0.14646668406564878,-5.836667983135889,-2.2865070360543314,3.542234070867849,1.773983056691467,-0.6197266869318128,-0.56559479290204,-1.844388611671878,-2.954953131452651,3.049255650510137,0.8386587185001027,-0.9190220424869882,-0.26059200667360116,0.24665281160021024,0.03440847481652298,-0.526652991181102,0.5328303403518184,0.7739731900479638,-1.190582460390786,0.3760234463589178
9254,3.0673912625535316,-3.062205469092909,-4.9777283294309775,1.9367079597421402,0.9258625720485076,2.1099720041795678,-3.4253821334359102,-0.6367579304131148,-0.29651845863268456,3.3463967280306974,0.13854497352196926,0.873716820930234,-2.5046191930537844,-1.48278355046887,3.1284730557549203,-1.4942552559085378,0.3452280810927064,2.0079568625828337,-2.550105789787793,-1.1558560348858258,0.6828433860558221,0.9384946446689142,-0.10547266103047548,2.190096454976583,-2.7455964781105493,-0.9931252112463227,2.1103317567834985,0.5897705271084677,0.1972961819078538,0.8413232235603871
9255,1.0574145765605039,-3.9608038587923176,1.0552046732615565,1.0660378539638664,0.1521839734076309,0.6299627815986089,-1.1692618832588408,5.051773358980121,0.5199855098009447,1.255739944706768,-0.4631768469881834,-5.195060083239603,-3.0712068753745037,2.1907293894470286,0.5949432779912485,2.3804844022763483,-1.9717100685662032,-0.12324012577462895,2.0803062691538834,0.13931799750521634,3.784630114309053,-0.5995833859932018,-2.3079119808795774,-3.0967590140981613,3.9116715863452853,-3.395840346412477,-2.5906393846808378,0.28593404994471516,-0.47292982887374,2.261803923680379
9256,-3.5870335259896944,3.3593944137251057,4.575809276559166,-3.6858924611198027,0.9598347723738296,-1.6221124755487448,1.36954792160968,1.3900377886362314,-1.0103540980949686,2.2655458455253914,0.8739946246688,-4.888772082343941,0.5680481901164853,-0.9072648707436599,0.5401624298079177,0.5521940701194517,-0.96919517318711,0.216055353886194,-3.673441575864775,-2.6644326595299574,2.6313262604494483,-0.7406595327281931,0.3717297321799986,4.0754777754907465,4.638049837375426,-1.4432483491280408,1.733764834983102,-0.8325621661436422,-0.8912142073853726,-3.204789949698144
9257,-1.0025222490861196,-3.963250264588712,-1.964647387998486,5.433216924943309,-0.4443568578787045,1.9415598346086114,2.575365929764313,-3.3648582534534555,-0.5294179310051552,-3.232832720685648,-0.9707864253318501,5.522529400713022,0.3113113495005244,-1.411907483365212,-4.109064024810392,0.13119004243580434,1.375585873573808,3.702884242664748,0.7549232340575038,3.3493536548906384,-2.4090075373912203,1.0407700761442316,-1.7013866315037625,-1.0346527962001026,-2.5633862268165934,2.2951991431489276,-5.673211737533567,1.0010874779174763,2.2687362035492313,2.6715751397378824
9258,3.1606657296827088,1.0689250852844374,-2.277540589948771,-1.0236487040396334,0.41238982360543286,-1.3407913445842858,2.5835725622206596,-0.6867819521514491,0.09111220441618428,3.5515945069088026,-0.037836627506630194,-5.50166069388635,3.966456153959804,-1.3657507819752421,-2.8520189737051833,-4.0775179768732475,3.832943311203586,0.4958882673895584,-2.1260346458970716,1.392800762657746,-0.7143917303100213,0.6372852617848732,-3.068501876221294,3.878842227983032,-4.903918638609317,-4.943845707428327,5.153611173800524,-1.0356166834266887,2.674790595263932,3.0549792604032504
9259,-0.956332090368452,3.0332505725067094,2.4508323007483668,-3.109499435854815,-0.60758500544009,-0.8106663415918369,1.5317143986362538,-0.7624317088250336,-1.2040910147621449,-0.09069807613296277,-0.34374590911761516,0.8692523102027145,1.6685720324426434,-3.3871034458901885,1.399892374451376,3.928694263257679,-4.176198584629503,0.5661433603673043,1.7392361166105275,-1.68185180794862,2.201763505531929,0.4212514768398421,-1.5300074117901286,-1.1503918792462748,-2.021074299749774,-2.293304519594013,-0.2215746536081049,1.0762399638843236,0.9718356681858147,2.4878778408851154
9260,3.603932150836421,-4.11102082877197,3.2155939466028514,-3.13320186961219,-0.6703330564445085,1.0950296573893183,-3.3358754135230626,3.772434368175876,-0.7082071679254298,-1.9795100435288226,0.25981618537650153,1.9913420714261392,0.23462735948576352,-0.003730644363052704,0.8222421859633577,3.323593865393068,-3.1152250255699556,-1.2615077409098951,-0.168540191796982,2.671061746400884,-2.1309440501611014,-0.21951251573747577,-2.452649244511891,2.300584255803823,-2.180367509270667,0.36509767020838524,0.28923879644620243,0.6572378202227984,-2.235178100827918,3.1039713232245703
9261,-0.0951189235936809,0.5322818283739643,-5.2860966438212955,5.54656374687217,0.7243884379653411,-1.4220184457965885,6.18690562014255,-3.665871991238607,-0.4000256859937572,-0.06343734182933858,0.5728039676695067,-2.6303745687491364,1.6975178584434154,-4.063270984773295,2.2538713507692805,1.8037773817454905,0.5553923638768161,-2.2472879700624144,-0.10224338634496988,0.8781255893223872,1.1978788671966605,-0.03522378754343425,-0.6962858874785969,-1.242251395154792,-0.3114850706297041,3.3208067192774813,-0.7372540086437134,-0.2752559420427527,-2.959008441061096,0.96219674310316
9262,3.623269921955643,-1.1216892577405595,-5.199340799520673,0.4667774844748891,0.26850432556737847,1.9624783252632092,-4.187615445165285,3.5775745442638076,1.1501496015968087,3.4457382623084136,-1.1434639337139099,-2.8423830292886088,2.9902667608536078,3.326933089035574,0.17210362404755486,-4.215292639861325,-0.6242952021000612,-1.6497156319760258,4.432471680223536,0.4207879364864109,-2.4723331610938146,0.5050975016808854,1.9194599548912592,-4.805483912191015,4.7795000988937915,-2.638309674340121,-0.7721376968717024,0.3276397928823167,-3.334714648319437,1.6380221277585498
9263,-0.22951176695662312,-3.832586474336253,4.769929034498837,-1.4433416177242187,-0.15466390260913987,0.8901747271272935,-3.2771603054750607,0.5213527081396805,0.47188417855217324,-3.6984216699584547,1.1826141275032924,4.799730961239547,2.972365588386303,2.4383977635603244,-4.012599904424114,0.40449291090060413,-4.042359195782852,2.2397028373590544,2.8608992344015114,2.8420203669701145,-0.35401037654321676,-1.1388063223612348,-1.5921008557161365,-2.6180020467537943,-2.591541725983248,2.327982453438036,0.5694941092444843,-0.21597181203272608,-0.7141698570950634,0.624206832431911
9264,-1.9364849047975596,5.030379313673556,-0.22142805553867717,-0.17036321041657843,-0.4942341049912038,-2.207869037929636,2.524523904203093,-2.571966345322103,0.9368857772940515,3.164227809685105,0.4782613945156262,-4.531932540374573,0.9177152971073497,0.7325103462867482,2.29039643120689,-3.1991196326560125,0.07106268561138762,-0.8125651275570451,-1.817614942868424,-2.583783708590408,3.600882256071724,-1.1542726375424932,-0.14026915034637355,2.09505818327321,-1.551738392106035,-4.477203749519321,4.919320778064506,-0.7315469331915363,-1.0811985782459157,2.9223668750017
9265,3.4085459939759453,-1.558536803852295,-3.732169096255216,2.722225208760321,-0.7219287289262977,-0.1181365737025466,-0.5719138096860661,-1.2871259453707573,0.7775883562152828,-2.963488507165895,-0.010399437025387925,4.055339343033978,-3.0788729765313523,-0.8915171168058507,3.0300105804918545,-0.3870166112208153,1.5500702309687107,-0.22267410690321654,-1.1932214077497996,-1.8615867483353394,-2.2494941248144507,-0.10811774249499617,-0.3208475347468873,5.733267558138735,1.683739927688805,-0.40626526413569053,5.916652966558413,-1.2042872772785205,-2.7239133382064544,-3.2659270146231574
9266,-2.231314107853416,2.4078158120418856,-3.853603560964558,3.2869075394036855,-0.16781614994887573,0.5580104673211643,0.900968370506245,-0.6795051148517821,-1.0069860771038068,3.5323535974153906,-0.8213333209711262,-1.9254974549937707,3.2669575469397465,2.6435565479893697,-0.42632702382162435,-2.0226206997271827,-2.262766020272979,-1.1988003511080034,4.642915595687004,2.378498280955533,0.3671635344215183,-0.857805893506443,-1.4923399117693243,-5.038431605791018,-2.2498625295127823,1.298791891028479,0.9895203830134918,-1.1102415927288711,-2.4802291928599765,3.5520210410630817
9267,-0.21777630230706002,-0.7162384074935346,-2.9999653776978867,2.5581237041182803,-0.619503034968881,1.9953594183489916,-1.898593400324387,4.352912299810917,-0.12153640052109882,-3.426104994206092,-0.3419209050451215,1.435243400286911,-3.2877804929287873,-0.735559011543728,3.9801799058708305,0.2722800156292813,-3.6566712188274586,3.4275508017991854,1.083151667883861,0.7042670981765884,-0.07537379399039423,-0.07163423263476254,1.6265357787760024,-3.2669465182140485,4.962008478061303,-4.089745472432501,0.23021793627546927,-0.8283236207731166,-0.4354272467435365,0.1612699256157768
9268,0.2812919079141114,2.8806123105788792,-1.494534610379901,0.8105288331703768,-0.47828812630475026,-1.9996103149788027,4.3417708507593105,2.7900344879356354,0.5086283905767122,-2.0783368758823872,-0.920880879668025,-4.6412159737201115,-1.1587239417296864,1.274494243006643,-1.5536811803795345,1.1142729362583665,-0.18176271330283456,0.5054006561464064,-3.7577785416987375,-0.7848254505395484,-0.15472564451610893,0.5431894827374713,-2.154696632197748,6.308836786211913,-2.5864833010024384,3.1264578502732796,1.0041710366695966,0.9300553601221946,-1.4996805004646916,-0.9745204455945462
9269,-3.536400509959778,-4.236426303431465,3.0507523323689725,3.16420498445407,-0.7715487647876893,2.329418261355798,1.922722916573619,1.319730634502239,0.31191646915978755,3.1532668053197845,-0.8782948017615189,-5.829342023792766,-0.36847158358342824,-1.6330367340739471,3.260120834346985,-2.7943912461493774,2.452717548727996,-0.9169388192688839,0.7208039246470292,-0.7342792443262738,3.201491611012319,-0.393914594857371,2.903973659968683,-5.698075356447152,-1.6217071496538296,-0.3098110319588052,2.15243418245257,-0.20390482690965772,2.9285643364355387,-2.9455755103624313
9270,-0.4779042471730488,-1.7362812522638542,-2.827434986571962,4.051546822845882,0.23350604786411955,0.7565676152987777,2.8858537690060047,-5.473640641797619,1.0087161204597237,-0.8195149200165712,0.7193103785485864,1.6792752938009698,0.06091129192678579,2.0737129769260036,0.7499701794403926,-2.2338379299495656,-2.1415716974378753,1.4908151790936088,-0.013070120644769645,-1.4006233130665908,3.4907900236769294,-0.7164566812620361,1.4593465889674455,-2.8199864976737175,-4.527317301534419,4.321547062891753,2.0123632982575437,0.11233938701731638,-1.0664967574456217,-0.852435689183153
9271,1.2122914526324848,-0.48179224308195145,-5.015934826659805,1.880518693982804,0.7046237956092667,1.7002931275170994,5.359938785324076,-4.802027175773578,-0.26372283328664636,0.14443594182636943,-0.38850219505827965,-0.05012252303086839,-2.383764522036829,1.6085512219491704,-2.564932358792994,-0.9073020766738651,3.3613725071800538,0.8860752283737625,-0.6464497367294975,3.3693094252714992,-0.9805507215815528,-0.5954535911122418,1.620655486205969,-2.767510862056916,-1.6150663163600427,1.5117303792243568,2.868040160416058,-0.9856497164802889,-0.5261313356520585,-1.2529231711445803
9272,-3.206301089207022,5.403849332935245,-2.6793850291811445,0.8697525902893517,-0.569907430723325,0.18199162588682682,4.721339046535924,-3.1400981521948736,-0.04332921925952338,1.1823153216965032,0.4746348533245577,-3.1948618501015105,-0.9049546040723335,2.668710654961348,-0.1711758918309556,1.0786978322799605,0.28793454380884853,-2.959212535147529,-4.683252626608294,1.8310939521049523,2.283921510037402,-1.1665961523538346,1.05607618452777,0.6787571322892383,4.498715854742208,-3.004493579270804,-1.1820378615959477,0.14807779839270996,-0.527338524092638,0.0670763118279254
9273,-2.890230401033355,4.066860500380383,-2.4682297087425376,-0.8488868033730057,0.24479467571314695,1.8956917370553192,-3.1370512582365357,5.614767996568752,0.41375945544353776,-2.0127874302437636,-1.2184940257374026,0.339805262206486,2.0061618681058633,-2.2133686923716542,3.509147869469068,0.542915678989953,-3.677442235392519,-0.16741448880138243,1.9344264463313436,-3.1442935261005065,1.682976531438932,-0.5140262677480463,3.0288084686607277,-2.9878916525852546,-1.746565806099877,-3.69410994655874,2.4685570308185056,-1.089036213586993,2.238397632661826,1.822757302768725
9274,-3.723113549702397,4.464612848993223,-5.838582522777802,2.579505634068415,0.5834497077841316,1.9341278816344136,-5.182435361894228,5.501247192983264,-0.9285136188932128,1.4384287784363678,0.05126893074854166,-0.8799959213796384,2.298266219415254,-3.6220994338235304,3.933364312552005,3.4716732048040235,-4.210553419540206,-1.8706508834082332,0.5107594202762513,-0.4974913391397191,1.0552786693014689,-0.5857005809388651,-0.3657835008528476,-0.1170626686491083,0.7885090307308289,-0.30924835481641466,0.5213605042292748,-0.495049283401233,0.9610305922254199,-1.4666024889644333
9275,0.2710861570809069,4.694190066077436,-2.193168968447768,-4.856806237445461,0.11944816594824958,1.9652508167866287,-3.3683744117815984,5.394591922192202,0.40268177491091883,3.5779890778218437,0.23469634459671873,-6.24158470773898,-0.9174473835096926,1.4153735601282875,-0.9051309894726849,-3.7214512685061827,0.5968893849858006,3.5317666963737686,-0.7932807598811031,-0.7363184006841568,1.4908062943973377,0.907044367942607,-1.081032411534041,0.21278090975653896,4.657700807503765,-1.9611998628375673,-0.17867626471241493,-0.8327991145345113,-3.0257257008578193,1.3407001354419918
9276,-3.2951864905504777,1.5698325977874426,5.845403674884416,-2.858947671400262,0.9111870914759033,-2.172289202197069,3.782647074310045,-1.3932632016887077,0.9465790585691751,2.3560294742486505,-0.6511501649619742,-5.040842240476106,-3.2797906842881464,3.991037812425315,1.3114328269001199,-3.824502898618107,1.6358546415833928,0.16596830199674528,-3.968108658678805,-0.18890690677891264,2.0586074896880504,-0.07992212219345429,2.27209911913868,-0.0937689211783983,1.2563485809029409,4.650811133594395,-0.39974235750643317,-1.1352532014427608,-1.7209204639358724,-2.651243691608842
9277,-2.996493115143549,3.11901027876538,1.0605277923686387,-2.779279498434782,0.3004998581561882,1.2957346842880586,-1.213026801397838,3.904311661764769,-0.5873070069524386,-0.7117086036290843,0.9459599903859921,-2.338229240170346,2.433680011674756,-3.1386511648889766,2.88152568570764,-2.81777903026879,0.9902840344364279,-0.34905953666170575,-0.28189030190304365,-0.7238547262882165,-0.14971817043683977,-0.6414970975720697,1.7195274832896477,0.07743281290769488,3.4848186722431898,-4.858644864506783,4.568376775415381,-0.5295562243848249,0.04748316129085417,-2.7124775200544065
9278,0.5140431344692065,0.33359227002700464,0.21145013212985475,-0.35803746220011234,0.32100240056159546,-1.0220504749876564,-0.367145989059825,5.766832977372609,-0.6688874497497039,-1.3581861173095433,-0.8669399164387288,-2.505673504813757,2.3337369433568966,1.155354238733075,0.9201631261575187,-2.339695042687694,0.8959119996378639,-2.965471265198307,3.621481073427738,-1.7733003247428023,1.0300090085034022,0.7821586571422774,0.5043805477396361,-4.1647289620730845,-3.7884152721755306,-2.656094938833757,4.253038819686811,0.9900700575320345,2.549515861261746,-1.3481145274678816
9279,1.3497849411277123,-1.8900290810881266,5.26725422679068,-3.8026151649307245,-0.4043452359399651,-0.5200496859596839,1.4935413223030594,-4.033121475622284,-0.34815973073923345,2.550945022308806,-0.13823286870890783,0.47502773045963664,1.2191219186259943,-0.5129233490981946,-0.3776985337001584,-3.6706883420123813,0.23902030089108095,3.103168005293,-3.7625950842207523,-1.855043589125911,-1.2083703544076432,0.021671214882639234,2.9818613656180837,3.822476447250761,1.9581755242577543,-0.43235969737004964,-5.679923072919959,0.7535942547693635,2.071096166853284,1.329416824413034
9280,3.6827536802209053,1.5734901150491538,-1.7878366705138653,-6.1280254422833025,0.6303040444798294,2.0293142730472233,0.27888502605864574,1.1171403375313353,-0.3331258943264217,2.507542025438614,1.0169690383449508,-4.587410533046029,-1.5903489490658433,-0.4754352477798953,1.2819628603204976,0.09911318882502229,-1.0116536187390626,1.6963617664386348,4.0072211078013105,1.1953687610725918,-3.7230496551211605,-0.339672272828377,2.2285887712891324,-3.368456712216325,1.749374266905015,-0.3385335478256657,-3.488236295153971,-1.0281260808123855,1.902244594517903,1.2032770623725426
9281,3.617507759702793,2.613250411137031,-2.4803475477505117,-3.083060635177837,0.09372424073372354,-0.7610742286452563,-1.1835092399913734,-3.347364358826887,-0.6422054358136622,-0.18950888496970286,-0.3819763052637555,5.744564224866455,-1.5449145978538414,-1.1062210155356986,2.104055520045538,-0.43035087870849864,-1.146247032981604,2.123678005033483,-2.3421388693534233,-2.2220656952554165,0.9080759756114283,0.2721626082217332,-0.5072038376720709,3.8911698184448973,0.0936494038132416,1.3539624767879452,3.1617280752653976,-0.8485414939509948,-2.5581738808199788,-1.2026245810921612
9282,-1.2426166522073618,1.7174121439138759,2.7852049882280774,-5.185091149664128,0.21226314820178604,1.7128275215276751,-4.510669177704155,3.567039046009242,0.14986277080388177,1.164731962971036,-1.0658479099971374,0.6948833079182322,2.7539867687885007,0.09265364284627964,-2.287833453634125,-3.861868052631234,2.877199348406542,0.4258617462234362,5.628243732966947,-1.7245421219584909,1.0425754229402315,0.7056229257613946,-1.2520865713787597,-4.399813388334145,2.341445415189302,3.5541150511572646,-5.708220124540169,-0.19173351627266388,1.788754853753666,-1.7843616792839558
9283,-3.3181388725234946,4.2004288156454095,4.534775569796306,-4.250299814463229,-0.37390316604366247,-0.7928625324114211,3.3279908262359044,-5.411651605998404,-0.9617848660929553,-2.9854545908833856,0.9053889171812033,5.125511319558758,-2.0046902831747353,-2.1881077808813174,3.8283787566433034,-0.3089665642850292,2.456753905896484,-1.7833680341993094,-1.2596363708726557,0.33368832882960575,0.9745441199065041,-1.0463163830984938,2.9680138150627258,-1.9702935098305296,-3.0741263439633855,3.5185179144767,-1.4172281382408904,0.036056577199235385,1.9953272907006223,-1.0585473001688506
9284,-3.223566428433264,3.470224364370722,0.26973806306568804,-1.457618543576988,-0.6855777931929379,1.6268003377666922,-0.8780840789410043,-3.721211403943016,0.7003567540141384,-2.738817550590719,0.9217634829529144,5.715992796508846,2.5275472031466784,-0.24734171594078447,-0.8501571771094873,0.06883037492751143,1.8214859655687867,-3.320364650593305,0.4632101262732249,-0.6877481939169794,-3.1364370908934145,0.38433155167590005,-1.8666631453889373,4.843306752247393,-1.4230401071364547,-1.2946753645833624,3.6616842049301788,0.6262834286723526,0.6293343973524674,-2.1995865592317507
9285,-1.4913623310193174,-2.180319017734007,1.2497513936646136,1.6675740601213072,0.7150367998722871,0.039319095095022405,-0.5260768555974273,5.84076087572398,-0.0022579320198641284,0.2693331391299125,-0.8255887174596257,-4.756170509775789,-3.6504409924031194,0.22690172263694564,-2.507550472104576,0.7557919770545496,2.2280089496527324,2.9472888151628673,4.021939246558567,0.15513344181788646,0.15388970493119558,1.226096563747305,-0.8204349014938295,-4.736624055563944,-0.11026707786412615,-4.65397758123928,0.8536319498871343,0.17374744850137347,2.498205952291965,1.2386593084263886
9286,2.2803381925729163,0.9601708968067548,-2.4003363618519487,-1.632543355712432,0.33822206371742647,0.4541485644671788,-3.285972472873965,5.039611712761822,0.27663109175478784,1.8864527067578827,1.1641474711042932,-5.080870509503637,-0.13996903918305037,-0.013727410577548227,0.8634351310659945,-0.9438119370953117,-2.7658279883300274,2.9999012441193322,5.864372251217727,-0.5988571027057574,-0.49899623760911815,1.0826038209424826,-0.06515200588902914,-5.783970725959126,2.648091072322206,-1.5747962517381993,1.891699595455833,0.8883422333137281,-2.0054571237579175,-1.8478795255922282
9287,1.844859774223785,-5.14814155927759,2.6587972669269533,-1.325873086072356,-0.38562102377296137,2.355978627972066,6.068962859027792,-5.824347662018827,-1.0981227359430328,-3.0638366518170983,-0.06316818993461659,3.9805123806869886,-1.4281903419087936,1.5926465356333424,2.6375417492806505,-1.569269006111984,0.43360523016967534,-1.6663341670635212,-1.038362660173636,-2.1978137872775942,1.4656716932490141,-1.0754052513962193,-1.882731489314203,4.728641494909816,1.8600797876281447,0.11188719252347568,-3.093112415244974,-0.7355583190536992,2.9367187777092028,-1.080015023558719
9288,1.2628421660217768,-1.0983843709658387,-3.5812680934915377,4.222065813390493,0.3674990501039965,-1.1727545650590052,1.9253207857320156,-3.3924828470247803,-1.0349279093681387,-2.6691647648184897,-0.7754811881752781,5.946735923655897,-4.226444711735301,1.5314664712868158,2.735034810124098,3.0073465698916415,-0.7393033004797012,-2.308099839088216,-0.9980316982217019,0.41196282240588467,3.488788564784528,-1.0937600418812585,-1.761903930634725,-0.04705571645553164,-0.7470097242865918,-2.284827672878322,-0.1270857390935909,0.08687887101569203,2.9897433133330438,0.08230095191321674
9289,-1.3113832290013185,4.500439571910594,-2.1928022785576893,-0.08725444698300322,-0.6605351437140201,-0.24846447365468727,4.651775891932946,2.952899774932817,0.09424902727563733,-2.89453262006262,0.4273570691061854,-5.231749143183745,3.1767993805700847,-3.8652831987547067,0.6399585627725024,0.13001974955937357,2.297480617369178,-2.378975111517077,2.1382486185150142,-3.0499267322729047,1.494751982032696,-0.7580023687889836,2.628051121388813,-2.4531226208774513,-2.078928892613,2.9856295442095906,4.925292025653725,-0.9676994569831194,-1.8022639340685451,-3.062029286195207
9290,-1.902133043118658,-0.6636192913792556,-0.2765355986731741,2.721614615691472,-0.898552137809606,1.0192254552890851,-0.8811457665407261,-0.23730681111277008,-0.9184806563019547,-0.9860684188414979,-1.0819261544277317,4.104927807225906,-2.057785175029762,-2.99935280391135,0.610332149652681,2.9591528290862357,0.16714828481288535,1.3205047153886582,3.3967327136089693,1.7170626448713584,0.5661036812588804,-0.647197025049989,-3.107607180466143,-1.925094834225881,1.7652874671207073,-3.0568059810342696,0.13841940252618912,-0.6032850235041192,3.281065906776284,-1.5246817718813475
9291,3.607411001951327,-0.5044182965057296,-4.143440352603367,1.1721863363866198,-0.8152862370503109,0.6835475478213162,5.21132571610341,-5.042033314940426,0.2005621418005772,-1.1832164316091642,-0.4620354435348011,1.275397332181619,-1.1199152711347384,0.41409144042000534,-1.0243919176396332,4.150219182806946,-2.3598926927688773,-0.06011074168436181,-0.8455753988547094,2.2828751192000496,2.361638258585444,-0.4480378290728355,1.6752624025356617,-5.026162552396411,-3.958153330443018,2.6141437899930438,0.2444500318748375,0.6650098592119056,0.6139011611829819,-0.17935151181631248
9292,-3.3771980301243403,-3.037168164325294,3.6895161775908463,2.9953267648010495,-0.07879649663663724,-0.19168025130578137,4.150977106453713,-0.29776854557400156,-1.0597370881005883,0.7952927560556553,0.5028795105096275,-4.0916437393431515,-0.41454666986983213,-0.9050822845778512,3.145360826404662,-0.5287723231178845,-3.3239266666751988,2.0269671178354685,-5.037510518651089,-2.7932196796232844,-1.0725333527948369,0.7649880255561472,1.5954519423335949,6.542823583176698,2.1606259374620613,-1.8700171604517415,3.8064631224770267,-0.8927992808510412,-3.421029083485001,0.21675646485210542
9293,-1.7044103433019977,-3.2996362809698567,5.336691890085252,-3.035504382190279,0.21690867562394267,2.4859504407527986,4.113504520487702,-2.8660907977295693,0.22950007588971832,2.209658276644735,-1.1747650202897044,-2.511807055001622,2.036925898209603,-2.245955830549507,1.2227772477652223,0.8324150623236122,-2.7907844624158233,0.9446220846662428,-1.43382020431417,2.2307559816640286,-0.024690217895233957,-0.8241157988329011,1.7600960712216907,-1.708225831846189,-4.610217784416944,4.2053412183522845,-4.75899030672489,-0.06376844420932404,1.7758430716135685,3.4517922453887273
9294,1.472149721371789,-5.6034282268835405,-1.3470638545813252,3.0789607766967,0.48984261928546946,1.9095389641107108,-4.237492339221536,-1.920826778484468,0.7380315365909738,-1.0877158199569177,0.8331603226143818,5.674843078458839,-0.43986958071008075,-2.9366284315352598,1.1769090897226562,2.0674627648827517,1.7511295311082122,-1.6190033734689724,-4.150217717994568,3.1830453722334866,0.7406517226021805,-0.07257083357432492,-2.3726353236792903,2.6717267804097204,1.217425066956963,3.5687549299551904,-3.353401539720018,0.8251712446406989,-3.1109373198614065,0.852987618031996
9295,0.41530891636019795,3.890609480821979,-2.368661507012117,-1.7455441961290603,0.09498067817173572,-0.28669337221290014,-1.4562332283666386,4.277060986141574,-0.7130325397971591,-3.3639305211289976,-0.4765751333271391,1.7327104364796462,3.125276503314776,-3.7412719506305425,0.2529715898321001,-3.2604788092058445,1.6987025105812243,1.9248001561076364,3.853193244684846,2.07614360726204,-1.318409855606216,0.8392166279558406,-0.17986817808139222,-5.270275446217916,2.2227943219503565,-2.209538132318695,-1.640801408192793,-0.8758382107778973,1.2436167145581827,1.2597667147842415
9296,-0.3543758600214346,3.930574049868813,-4.101348230296274,2.1243666179059595,0.6066645924252385,-2.205881169882466,1.5955820593197494,0.4999225852102924,0.7524538922019897,-0.08213950539544967,0.4484847056191503,-3.214303736954445,-0.35216010269518705,-3.268100650896322,3.4197922629299633,-0.8623338097359472,1.7408673435066255,-0.6780650431097968,-4.682498776134118,-1.8937846011704345,2.7276734001181957,-1.121357472774125,2.4929059775408735,2.4770614724168105,-2.969095002704165,-4.044887883098129,4.385515663118699,-0.8347851596112905,2.1618008546426957,1.3014515276556011
9297,1.529636218626429,2.519950586550781,-6.219419590026419,2.514727029838891,-0.2948360351065149,-0.05005820988335863,3.116009207312672,-4.359942042350848,-1.0706584228217073,3.1810800126988745,1.2003177575327033,-2.0668065123703947,3.4799188378881034,-0.3170543519006408,-2.095810736485701,-1.9607575751519768,-1.5489485267093048,2.442652352358838,2.3934096952119965,3.2206897950039988,-0.3388230311998459,-0.7279399204307779,-1.0108821172157292,-3.536454421372433,0.8770668817224916,1.8161323784814591,-3.3541641588704643,0.02931669853947305,0.49311832908605346,0.13852987104442605
9298,-0.18362879806616839,-1.727193231458699,3.2169945250313283,-1.9150466734548104,0.3194000923506546,0.28947408559748844,4.4090364515793325,-3.375420340859371,0.1935921704569843,-2.0401759889417033,-0.5788570345557877,1.3918247423218517,-2.8867841848598417,-0.8438304384878883,0.7296376906965172,-1.3105571656469728,1.2271482225529127,3.0843858757445837,-1.806299373301929,-0.762524025997779,3.607706158517395,0.7457645670902515,1.4559414268030135,-3.240588753113741,3.616636728506929,-4.129004092388968,-1.0315459015293342,0.7450424138225005,0.8480147087824612,-0.049143857190156126
9299,3.722695005116176,-4.944825889595457,-1.9723349829188557,2.7618858199251974,-0.0759570924949633,0.5085371399676788,5.587731498306383,-2.9915818440691737,0.447693111596692,-1.957068936254899,0.488935295637023,-1.5757091252146935,0.24150960083869677,-0.09265225615513728,0.9522392804692039,-2.131018611931591,1.6546588300530622,-0.6247368432749028,-2.0413908803694696,-2.694130763476778,3.514671247201143,-0.768621916049355,-0.3862877500752795,2.375760062766947,-1.121586550198721,-2.3491531475071135,5.357233959476737,-0.44324988960739997,-0.1333934549952911,-1.3098509171647734
9300,3.567823522866494,-5.71210972871539,6.156179202946593,-2.0173964554968613,-0.9818655534240159,-1.0126309881770776,5.691072875712223,2.1765345438824895,-0.38591448542396467,-2.659254489102471,0.27238786696631756,-5.0948263120332555,-1.1061508661132073,-2.35974662846996,1.2001728405148988,0.5743278252370558,2.974932426004486,-1.2835355971739695,2.599744093290081,-0.8114292803013221,-0.5115447309866141,1.1451233542868815,-2.953829097384153,0.5319356610923833,-0.3978717516191921,-2.8520347514411277,-1.1150125050137518,0.6544702197775676,3.2882563493705383,0.4221924389294056
9301,-0.43264908498534815,2.581595423160735,-3.6278397179511934,1.9842090183525052,-0.20321168307417903,-0.30210395550276203,-2.2768157171779606,-2.412237109525531,-0.9560776535665267,3.396421991823466,0.12755756106665306,2.1211509273812013,0.47291711366596445,-2.6780504215584493,1.8726893267434157,1.8949460427701865,-2.3315688623756117,0.7690668007537536,2.152850263190839,0.9186296204014877,-2.2262226637168787,0.3785181212259925,-2.5012481067609826,1.277472765656782,-0.049664959076700654,-4.933537957458746,-2.5902965089533936,0.8482938743457549,3.403612311891866,3.321593239254664
9302,1.81718258985601,-1.8956608262886085,-1.6984597936771877,3.3010577700290042,0.004748335310589269,-1.528868075230056,0.20526584705643458,1.2740380087550705,0.7506905231912446,3.516147384766878,0.15791484165403524,-5.904056605422376,-1.1548543223423753,-2.4180910405644394,3.4664493513305814,3.05118297338905,-2.3042829580105124,-0.6404040038030487,1.2615742102945688,-3.4770645563749447,0.7354344872720766,-1.247016484799412,-3.217476522447704,5.944548866052635,-1.2721457539569094,-1.6314930630767854,4.700648898659114,-0.9026272038371541,-3.1565187537546198,2.262135875969758
9303,0.9729774687147632,2.9254798622143277,0.9680846495559408,-3.4042707773981284,0.44530968153286965,-1.9075808846200335,-0.2907398151333709,1.4582291464590469,0.5761792398330439,2.57945902588423,0.9123714852048721,-5.235499082246527,3.0705480201646616,-1.7840294530755578,-2.5314586043264224,0.44617577358779315,4.11198566062021,-3.313221396971448,2.004981254800054,-2.2459488718348766,2.199384406256609,-0.19336716457916125,-1.8514244884917304,0.08637486384635906,-0.8928624526951126,1.789684367788439,-0.27467228425619794,-0.5678763976258159,-0.5656130026732704,0.5113397694653603
9304,-1.0611535266134577,-3.792841315249163,3.3523529680126565,1.2301182719839439,0.04892312950632238,0.2226004723594439,1.2355982662952805,-3.249332945730977,-0.24030473752947756,0.8485805918938674,0.6824421242532894,0.723016700819322,-1.2978680784417858,3.8072785925153916,-2.3500858434572134,-1.3594830806238,3.298002696409963,-2.097844286403353,5.537187956255256,-3.229498915843143,0.23040389891152913,0.17222111698687304,-0.5188127384483678,-2.191501317864887,0.27606089471129636,3.282999034428059,-5.5989442621927665,0.33500564113665465,2.4295146541595365,-0.7246359622393559
9305,3.230592025709477,-1.0518560948889792,0.6862332259898452,-2.7237770900048197,-0.8015292841748625,0.6603372173690598,2.1956539127004504,2.3461195367337133,0.04958395468400845,-2.5070698611951094,-1.1152623596142206,-0.9690251833075259,2.084429597289507,-0.3835612656189902,-3.312003564071418,-3.717876407453435,3.180278485677654,2.1487331541758614,1.0639562739941297,1.7131515319122013,0.3325342296845193,-0.5172462452615081,3.105709797376395,-5.698105587708472,2.9000536914407533,-0.5538661681462429,1.7908706650619557,0.3986729988019908,-1.653555739240458,-2.8821754479145802
9306,3.030899299062586,-0.268692165554544,-5.749629164900327,5.427674714633991,-0.5067985475456511,-1.9334541356963726,-2.042982881872028,-0.12156150383291475,-0.028743642713246587,1.3588448070622192,-0.6486088363205464,1.4830520576778206,-2.2088414369312197,-0.7860028824273186,-1.3679220187998045,3.4298222461211765,-1.3269726044737933,2.259916696510121,-2.5063143942371866,-2.338361319547726,1.8954827544525017,1.230420973923981,1.3593299344182803,0.35944205098740767,-2.05531089496354,0.376465657507115,-0.33727020536928265,0.446095419145232,2.814666066766634,-1.2446460430827297
9307,3.371734270550938,-2.4237876010566133,-2.9311875941100354,2.3195903111604714,0.661761536167381,-0.9981109227124829,2.4061463245464374,0.9390162274221794,0.6289074430524009,-1.5087973196925013,-1.0288881115153137,-1.4363845638118633,-3.1982196274482444,1.832274151975227,4.015744099212078,-1.3738182238374552,1.3467703945523617,-2.6227507944548023,4.214645125688769,-1.607115274107656,2.476530591993086,0.7796358121561502,-1.9245755841660355,-3.939120671567057,-2.215843730376978,-4.940176644230267,6.011243116137152,-0.5779211564276592,1.4310312807905525,0.29166713411058964
9308,-0.20503533266087537,-3.333910033213513,5.777688335344774,-1.5793254545678828,0.5915525640578543,-1.2509700789607088,0.5092631566191663,1.6901002947855694,1.1706929814896405,1.6955785117221538,-0.8482961598538479,-4.21733878476136,-2.6276628577869268,1.3977140634972436,2.451069669149625,-0.006618680649769004,1.0072214911215447,-2.221723685332547,-1.1897090423167107,-1.4819149085061074,0.5103904973753224,0.44175610832206313,-0.3791078594955799,2.0985852046182707,4.794303218094633,-4.2834790085574195,-4.867238746567505,1.171758326825791,1.4029990594695647,1.78165715073834
9309,0.7030013494392335,-2.248451568745896,-1.9062415873691378,3.839645416690768,-0.2338075201614287,-0.15414608985389755,-4.440684183608539,-5.1711778444740375,1.1259866840189652,2.44303235927741,0.63742600187196,5.405416982915575,-1.2531912232758948,-2.5695481654381265,0.7284557366854933,-1.2970210269874158,1.6349959741054008,2.7563087049096993,0.21272686678431896,-0.7032659746019476,-1.902084664230678,0.27532165073545123,0.3773497076678112,1.739952413642314,0.1994925449606555,-2.966550111063441,4.346964486078111,-0.12139082967915371,-2.0833597127819274,0.6248436224892018
9310,2.2803558462237277,2.426277747921201,-3.2302961321293644,-2.293569689306274,-0.2616244270168162,1.0788566543071525,-0.739970646168171,5.621602881879497,1.008082812478201,-3.439506648534568,0.6828129140104018,-3.1330213136640026,1.4145492621093183,-2.473479605906304,1.3810723858619518,-2.6927513565301986,2.6965313457491256,-0.32592203128474395,-1.6783026169568096,2.9158859278042257,2.2092616309467132,-0.3714311913762325,0.893468925111879,-3.968882675532491,-3.791686479300985,-0.21083866193169243,3.8154428393973987,-1.0325562494568645,-1.6299845058563172,2.849623057151902
9311,-2.265994700736197,4.069982181575664,-3.39694239838251,4.1207398308987955,-0.6673200063791713,-1.8604649069769543,2.523236030787416,-4.113396835373127,0.8205723568896826,2.693782532932243,0.22961537732058535,-2.153809462555465,-2.4849283493257985,-1.5810700138791898,-2.6132821948123883,3.0785269531333483,1.2786691143732085,2.322084490509951,4.694436527083383,-1.7015177856487949,3.6888750012140505,-0.40063539662360625,-3.1327666175962836,-3.1483917284314558,4.259691108109109,-1.964669503594095,-4.429552203027871,0.7907799445188965,-0.8789775405842981,2.222728194581695
9312,1.4858764507964217,-4.435487308119562,-0.7176968742944503,5.861453926077694,0.10747886837881415,-2.3016250628392987,0.12824305264123836,-1.4641699367839571,-0.380324752361096,2.4438387397013983,-1.1043316468943858,0.3767445436981305,-3.355718799178616,-0.9752003208681508,3.1395808406698045,3.4337091002765447,-4.029654678030493,1.7872838571300598,0.5859451282466459,-1.9211568926291616,-3.2987071260554544,1.1826549991455488,-3.076152948605351,6.527416839895061,-0.9930761149575069,-4.857194308430303,3.9574884883551356,-0.8062666141397665,3.1227451202796956,-0.423696571103811
9313,0.8184327547458938,3.106787053494031,2.8720797645641056,-5.759780418712797,-0.9586048068310857,-0.07891434726052537,-2.727983665288779,5.589016800593853,-0.9380882653504106,1.9349278780402308,0.011859460859882986,-3.8697322088534527,2.0128446215874938,-2.098987706136505,-0.8120178990730196,2.3912672251440483,-2.0387050235948347,0.545598782071977,5.342284638256661,-0.23823622427622304,0.6298046931693264,-0.15455723884317774,0.5136729273507292,-6.092968795660006,2.751248626518386,-3.2344359044219146,5.496439553479849,-0.012182234361977962,-3.336920838053617,-1.6641492031572866
9314,2.423068216388014,-4.446019207974736,0.6693838100094034,1.8418490273558845,-0.9144025459264928,0.426120700147548,2.7923449762514885,1.8564059053157322,1.0393855520816544,-0.10128127528904862,-0.3521396349207899,-5.234715523437728,4.070763808575517,-1.88839973814226,3.4552149674452934,1.3435580624857018,-3.5491909839496483,-3.431946116415448,-0.8669620655733468,1.1540961273486765,-3.581316896464294,0.050755440906119276,-0.5688354942631655,3.8122628880433105,-2.901757498528159,0.4902291657681488,1.1939455444681428,-0.3191347746536577,0.7395836668036786,0.7971338961452812
9315,-2.1614988046095593,3.850523511484216,-5.874057975046419,4.094401703473878,-0.709199370952178,0.7998309356496929,0.6245266412389796,1.9982390004441406,-0.5611344349254317,1.2114273989093007,-1.1486429874373938,-2.1244156182282765,-3.3741894210129253,2.82887377870334,3.1373883692967013,1.2124607110362042,-3.4036686375678986,-0.4008648004562865,3.678001306218171,-1.2664216201850813,2.657474138686652,0.916654490547554,-2.024793950639136,-3.960914364630888,2.984658856178932,0.5285003962543833,-1.9154927583734853,0.7922560372235656,-2.4410116230368573,0.051089091756891136
9316,2.9859807077212714,3.8772706425555334,-6.0063578423471355,0.4768640928588965,0.7826183126690887,-2.1163759134580253,5.390309133840642,-5.845597490337717,-0.13776370766615198,-1.8522728519531544,0.8260200202388663,1.6193048958788587,-3.8145575385500976,-3.886802248077167,3.0912894764530314,0.828665414461117,1.0725507733774577,2.7088541223347775,-5.62315340668513,-0.6109428433274591,-0.10492036438748187,1.2258502755776162,-0.08965548729291939,5.20282182611264,2.032767417043413,4.371119298529074,-6.208440040469991,0.36278513161526593,0.25607871111630587,-0.8143105178305898
9317,3.7257009953472924,-2.851417399029419,-3.21659908261422,2.367507547250817,-0.7726269062067697,0.7474348452519184,-0.09796994900816713,-4.049181987947044,0.8781700937714572,3.422731110354288,-0.6815888474202367,0.5278395802510119,-1.2562179004319987,2.782824277009702,-3.577308847533301,0.5281410812279148,2.923412746584127,-1.4008513568573147,-2.915397726663052,-1.6738002599339286,-1.6019439997063571,0.7983674776262557,-1.3340389656192801,6.726813474293607,0.3148162427775709,1.8638579366092642,-5.540014473361467,1.0536899383765421,0.45309800699649294,1.854552348605072
9318,-2.6106516688788073,-0.6260926901706831,-0.8278832491023351,2.440810412832345,0.5174849293288823,1.106332265990238,0.6461725694183649,4.4172712648341275,-0.8856106154845662,-3.37018363431085,0.5470264822653732,-1.3546760667211224,3.6747466361615118,-2.639391496179046,-1.5664875759077592,1.8687317576247438,-2.460569026609429,1.12296970490911,-4.2208760855980145,3.4195500732212167,1.1039235412640664,-0.1231396121461854,1.0040777958009848,-1.183535712544856,4.167129056388138,-2.052245558846792,-1.2925188260133105,1.08713774902016,-0.13309833193043907,-1.7764040886143047
9319,-0.18416441032172415,4.318699827476216,-2.488458361128206,-2.525636164065041,0.926408269151691,-0.046849161113296844,-3.199490475621573,-0.21448677837477348,-0.7885647015782702,0.6608636903907747,0.8426103523648836,2.6990679128203077,-1.2473396715318419,-1.3456246215947232,0.42191780248268884,-1.0903606989066805,2.997854763057976,0.2635524264917244,3.073672237116785,0.2391581530272333,-2.698508004595265,1.0235773205938452,-0.038847582681846404,-1.599052123463565,1.0071058515277613,1.613267702782366,1.444466994568046,0.8413212941032953,-2.6731003629968395,-2.233061479981142
9320,0.24377067963268928,0.8993118548184214,-3.4349627448005684,0.0226852517434466,0.7596724581562628,1.5095225004493908,5.144832350882751,-4.288327997180598,-0.2176243445163939,-0.5328175772790935,-0.6684035383982883,0.5623411064929833,0.6248750475781506,4.1075593163749,-3.0464675851560568,-3.4378400668146334,1.2471939106295125,0.5046793773872711,-4.765028056300228,1.7721371612921395,-1.134032173534825,1.1171371714203948,1.5356928791446816,1.4740930179749938,-0.7649907583826163,-0.8128603873904972,2.98067983459401,0.670804980822469,-2.7458607173639127,0.6722270477240375
9321,2.4555892141411846,0.21594879765235575,-5.233528870851028,1.2580971005009651,-0.030755527941798366,1.334649286497946,0.6279659245971345,-3.556535540207502,-1.2326051863171044,2.695218505833587,-0.5468245120493727,2.0127808081446155,-1.6036671175500938,-0.8655454928004538,-2.804445422890222,2.3085305220158183,3.557941872548014,-0.5928143613239332,1.296395612663936,-2.038167151659948,-3.4146663948104283,-1.0963954886139424,1.5547149249546468,3.698118497462861,0.08617203771517623,-4.682617711616533,1.4266408435114748,-0.04272151581333894,0.4905545610083575,2.721971785198363
9322,-3.524329997421967,3.2747684498697645,-2.2543809439669857,2.6729006853809913,0.03381177052979201,-0.20276996439198136,4.240798828713874,-4.90559332982447,-0.5144953684965303,-2.0478089315098167,1.2487905964333734,1.9783082046849074,2.2992626578636504,-0.3324565864012605,-2.1067364898685295,1.0468735302913927,-3.8649819780499453,2.958038866163829,-2.3802427372124733,-1.2167639726211892,2.6081691809245093,-0.11085141606440718,0.32197741990229467,0.7777115250683835,-4.671820533748063,3.845919802489682,-3.9871162015186137,-0.8374431963936839,2.770904513329125,2.8795556158450033
9323,-0.2681938013049301,-0.05371255657817642,3.8316454237297677,-5.153339860958187,0.11684365905427851,1.5267571360568635,-2.1353211074264955,0.38571086506716057,0.7976107045513281,0.7781306329400675,-1.1247300499555055,1.29859895482479,1.6120442036284963,-0.2949901404312527,-2.542637136553159,-3.0348969004584028,0.6738584861557122,3.5866214876576983,4.66662957677687,-2.5870015742605688,-1.8624435581267154,-0.6096446487456122,-0.5004594174029524,0.8929196217561142,-3.4511756924390653,2.623397199819177,0.6745355050648847,0.804072018978081,2.2335625661187493,-2.884391597538375
9324,-2.984917571089335,1.9570682949822,-2.9098029022269607,1.0112319370763032,0.9118565158894665,2.014563725367962,-5.0854961363226,2.3157231750310103,-0.12036734299919694,-0.13720936539713868,0.6506526696082879,2.3766970000809806,0.34179647926102774,3.0786846677435733,-3.198923592010246,1.3669483262302897,-3.144584669273149,1.5560787880476141,5.3606197859288045,-1.5924203624607856,1.4580013393664721,1.046333888956073,-2.919863983441198,-3.35267066835225,-1.2047231443369029,3.115546223781589,5.528279071905281,-1.040780299221768,-3.194637809252699,-3.203684042872016
9325,-0.034963185170086675,1.8864387900399997,0.9035789740973179,-5.100357517350439,0.24069041518906475,2.1046125231937527,-4.539262914250003,3.9420753780830395,0.3145755636554588,-0.20907697718222806,-0.6009984594213416,1.0926874091164365,3.888057298861849,-3.6277421786274324,0.06846160760916575,-1.2022115835797749,3.072000017629705,-2.198565161894413,-5.4406918960407715,0.9790899278754885,1.3283587661795906,-0.23219940672080153,-2.5235201380513352,5.8889627467549275,-1.9925734178260797,4.7658499557167815,-4.974426887367095,0.9893517050080343,0.8187240194414649,0.39307462503037094
9326,-2.249521500221894,-0.47152470014086134,5.43718875673655,-1.0224692404612163,0.3283862395664081,-2.0220595554793945,1.0426043188055871,-3.453147400429561,-0.5739558305212267,2.304084428920433,-0.42171122754199075,1.1021257107681208,2.786927061393893,2.1764334735138675,-0.6137689669874007,1.0052545229966192,-3.849854834173547,-1.5049912567443346,-3.7180867333990015,3.4130319822117166,1.9917061765404434,-0.11058659593169118,1.3464891362219564,-2.922553965646294,2.006321147199703,-1.6002862309614692,5.484441881187291,0.6797006475521306,-2.966717436071141,-3.6034600089029922
9327,2.750124639502946,0.3215855171557145,1.3280605179177698,-4.244576504078573,0.9055810357801146,-1.060775206278386,-0.5746652918781479,2.856074812370114,-0.7027397192223797,1.0143065764266552,0.13335264961353754,-2.7263290273084237,2.5452670104029345,0.39943716149034003,-1.9288380057015804,-3.5602266989581466,4.115000084041441,-1.5706395512758693,5.940814260598241,-0.14725619193506567,2.799161585918025,-1.1752693171095898,-2.252850180832832,-5.1646001566416615,-3.394701269039409,3.546945575202752,2.3481982956360525,-0.990260974032358,-1.8301407927700062,0.3199591650065141
9328,-0.7669227044081008,1.0691631048765586,0.5092166802504785,2.1496956008454617,-0.9540470273377366,-2.007105654227071,4.519385538645807,-4.660382794457885,-0.46240934165290426,2.1974062437636483,0.9814591425937884,-2.575458788891087,0.31965453288242784,1.8921837495138583,-3.845542130051534,2.014506243223501,0.34281455029104535,-0.7236169458601278,-3.1552368443338175,-2.991317730382491,2.013242989093591,-0.03819772656648901,0.9623867360661098,3.209122576120194,0.5017070706149269,-0.0893828149141278,-5.079895863264124,-0.215183300795168,2.081855386754821,2.80089952160721
9329,-2.7553377990213317,-2.491005837000376,2.2228144350692602,2.576331917547762,0.3536038797696852,0.09359340363460333,-3.043082282076618,0.24830068931603222,0.11144672489362417,1.9300501369373393,0.9984450891420869,-0.24516035821106996,0.6766042552022817,-0.29157738144792944,-0.21062115461590736,1.252988429598009,1.6781449463990548,-3.105539095136354,3.9486649712980615,-1.3269962247898555,2.006076512515822,0.4945080538251583,1.2427329473155933,-6.364986260167704,0.47866772784965406,-4.744582353600821,2.2115420525951635,-0.6869991596209495,1.7127815582824653,1.0285901744980244
9330,-0.9185069276074405,0.6722574200775924,-1.9477677884452618,3.0496769851546333,0.6773210357111554,-1.5329807248910594,-2.2438771783501856,3.042159266462374,-0.9427831677000231,-1.8077117578749906,-0.15676662838761235,2.108979465851803,0.9699721619776795,3.09261551896601,-4.229249473098305,4.0216391663961915,-2.6069517066397765,-1.2480256676026595,3.147201717584906,-3.3183750412447264,3.737189856203514,-0.7881265482376119,-3.2246034528967495,0.44671346858772054,-0.7281820273851487,-2.6690235532039672,-0.056857355441604085,-0.04502355114432355,1.0799526225672373,2.419133864611318
9331,-2.0940524341256364,2.3415884573062726,5.997772564666704,-4.846199903364095,-0.11673064156429813,-1.282378042919328,-3.9436246039803287,3.2500159832161337,-0.11664431141708675,-1.5898420002805853,0.3002828023738564,2.0998121300893864,1.6141814116480155,2.8074701240787903,1.3749386942999386,-4.185128199274375,0.6889694594348406,-2.3004314901880427,-0.3403911744639778,-3.124853184022504,2.810048922840746,1.1044855330240768,-1.3970554459555586,0.9477653485742579,-1.0358036239139672,3.900228055483282,-3.5976548539709867,0.5721054724468884,0.2522959658948487,-0.09117101593657218
9332,-1.617230514856418,-3.3628086663056855,5.1580973344485095,-0.9976347444754232,-0.14176090512430584,0.961337496312991,-0.696802376291263,2.67274148818629,-0.780475250172886,0.16612431204005418,1.1519016920442144,-2.513489865804999,-1.7800718570549208,2.171472562899467,4.10184824682279,1.7062406464586033,-4.098688312442318,-2.10080128668446,3.343187525494507,-2.6952691286445916,-1.2515387637170576,-0.5783641900366909,-2.119040768206208,3.3010253251070623,4.298341598891042,0.6377032346063736,-1.5164972691177887,-0.10902279712489982,-2.9963643243111004,-0.31416044294014434
9333,-0.9585538170349288,1.5327154279394328,-5.502945996798953,3.3273368692072083,0.16102116912567022,1.4404263475612389,0.8778781159949567,-0.8047675731140913,0.6965592996220229,-1.0639509253634074,-1.0816056185202534,1.3758867013821785,-2.0512309443755665,-3.8730334442064347,-2.3948401717342183,4.207502814263098,3.952634696143285,0.15896704990900545,2.8612715191907654,2.911299462724127,-2.564844419852488,1.0700283625244582,1.6690933863752342,-5.946848310965059,3.899673803475604,1.729079804713379,-0.08310244225832975,0.12490789315419715,-3.701670469645139,-1.9688885894362134
9334,3.377561789189407,-4.520652858135367,-2.9053252117591413,4.067914221804369,0.8946518703635502,-0.9141498114631315,-4.146009615693103,1.744154244798242,0.4221934343733942,-0.2149035757656801,0.38540665784846606,1.8091588544400778,-0.39422805182019616,3.0288936905809614,-1.6755481753334696,0.4489056578713253,1.2125645623415728,-2.620587683641025,-5.434798828694259,3.0020596626556966,-1.2451093999826046,-0.1428689284484932,1.1910896063661323,2.6296278881005257,2.633611635048922,1.9108374495803773,-4.600184196268373,1.1869146256171703,1.1807959304758384,-2.311975444450452
9335,3.511260916224522,-4.404893504488882,-5.521043820662506,3.830820506402752,0.38565941431769524,2.1981964882061007,1.5790070643073442,3.1641015668577737,-1.0569622143324784,1.7390739778880757,-0.876223303414366,-4.548997091304923,-1.214164775731179,2.2084999736832636,-3.427891655795378,-0.5684557908548911,3.67319388701927,-0.6711816383218938,0.6205341276503589,-2.4675468945944026,1.3741454293889284,-0.7964282543273784,-1.6614313961406442,2.930726988020158,-0.8640821619055394,-1.7917806354302748,4.278342771827795,-0.5507503898140875,1.3017856003636936,-2.3735151850380714
9336,-2.1293011067170564,2.046637793890799,-4.590038989045432,5.231973745189244,0.801447880343078,-1.3607193236609518,4.542333825686391,2.600673088835098,0.36689969362793384,-0.6977465878763773,-1.084241206749633,-5.727918813521967,0.3415681666647217,-3.334966055678759,1.6799257164402306,1.0633584017710582,1.2348547286569236,-0.9847409578549744,-3.688155740152631,-1.4005955864828792,1.8385554296407207,0.6276713243389818,-0.10474189966971359,2.727266472322544,-1.5379496364401355,-0.9563848166522249,-2.277434266342972,0.11882471760702895,3.23377560667517,1.419168395156646
9337,2.9669544659704634,3.0863591423640813,-1.4672592618143305,-4.946036460927157,0.44970262017127416,-0.08972050576462642,3.3286321308491686,4.802826020613086,0.05551822167841447,-2.4469404144138913,-1.0564819124579836,-4.683554046267329,-0.8023353269391116,-3.4895392198889503,1.3163239208710138,3.724028234721228,-0.5330554203712126,-0.21542218839378613,-4.3015430518226445,-0.26301754063548444,3.7273328691964736,-0.5325208702912496,0.8601534783730163,0.5095951151769391,1.97104727048902,-1.428936111768632,0.6543404107327291,0.5305863721373791,0.6586336090897298,-2.3856715506766957
9338,-1.7762939321940507,2.6655992312545393,2.4653985486739423,-2.6843208867397657,0.5116240317906366,-1.1820069927856558,1.7000723376628564,0.9508851752527612,-1.0251148500436842,-1.3765286939214736,0.11470280814275746,-0.36401677709174507,-0.22413503508654387,-3.272276424400637,-0.2013101587866295,1.3992472516623842,-0.3813374968587091,2.6798118634693076,0.8233912363602265,-2.716417651845779,3.589398572593872,-0.3408219936341954,-0.5118315451763902,-0.8437186183006986,-0.5172078205538639,0.34586054136817523,-0.16647503211411774,-0.9475978700870407,2.1220736907637736,-0.8366535093733987
9339,-2.838520603029435,-1.8874657263600305,5.227096505214099,-0.10194410447053315,-0.18181676689752035,-0.217349304456933,-5.321299928093964,1.2394274537163739,-0.09379231646475539,-2.161896225183506,0.9010644909253491,5.436496525101969,0.12471687132107334,-4.165217033260122,1.6761658766065999,2.7483434286381687,-0.8428032603859776,0.4587941170793979,-3.5933955075911506,-3.0234656692454323,-0.42643569247691815,1.1534692824014838,2.347446672525594,3.5423809143834752,-4.227351703700332,1.8604809466659837,2.9496148082826217,-0.5094293667415961,1.7035517494388692,-1.7768664339419846
9340,-0.6010017462878583,1.5735303892723742,1.0060673409627654,-3.393280425095906,-0.9421915262210965,2.356875967369332,0.5465938107985586,4.826314120348858,0.6200950921847985,-1.91659422078156,0.5358607038754091,-4.612269506424628,-2.4585131889640515,0.06481096297988032,1.4576805513941764,0.3925393656394327,-2.7262619356730493,3.269744244622718,-0.22219383261114345,-3.158001426604324,1.6084362655017514,1.1853011035696905,0.7787872823549584,-0.19232939221384626,1.879632255636416,1.3196201616268226,-5.999318838007074,-1.034755086916737,1.7876554544567433,2.0471660532074267
9341,1.9388529098581664,-4.521672642120347,2.604047519277966,-0.5226894140102658,0.7943240327024763,-0.2928624057083713,-4.519515788504776,4.061934069730857,1.193257147750315,1.0545171765695756,0.4262579852790127,-2.2164505908235412,-1.348951834832727,1.638192865234501,-0.7846182864229725,3.381668582431331,-1.7240849787433703,-1.1622063476676558,5.664781339715425,2.710196909352103,-2.0343132771419743,-0.9549817912818259,-1.9115460828935582,-3.474137097753111,4.353633681139172,3.997470727418982,-6.190662444673109,0.03814321480015348,-0.5812245660428701,-1.6173606126387536
9342,-2.0518235234522617,-3.6408302147554146,-0.26864536531459393,6.198738565528075,0.0652629775583593,-0.30270243956458387,2.026843033165676,3.886981185896204,-0.9581884275124217,-1.8519982629248535,0.2002303194978312,-3.303867848121026,-2.671817274039684,4.171025220744546,-0.4313785622157482,2.7698642078714,-2.982720833500414,-0.8549727588610203,5.283812814426721,-3.239422419709486,1.9914846382184095,-0.5543995587156765,-1.9152671749822794,-1.5662082992406674,-3.2315440613519755,0.6904085607573016,0.6588371914071516,-0.6138854824394624,1.8494347394734554,0.6467490521571229
9343,-1.5171686415464922,3.524844621225192,-0.9740725686824234,0.5373481691888173,0.16927382474267816,-1.7402254049281645,-0.82619870918613,2.187062812527195,0.6502030942109371,-3.534962393420141,0.9641244294411591,0.5597707664283966,2.9525906114209057,-0.7088320213329204,-2.3735791081268527,-0.4076016136352081,2.4215182710855103,-1.8840961394123692,-6.120114718054381,0.8440637288832544,-0.29393477630957143,1.0608388462628504,-2.217390192191859,6.726537111406721,4.272459170960921,-3.4830286764977814,-0.6934267051395473,0.8714010424930825,0.7846236725857096,-1.7520285043987762
9344,-3.0540562215743297,-2.6352493806146526,-0.5157268513790108,4.059501127168399,0.4000854656653674,1.7454458607338363,-2.5550869444520075,3.6279345762270268,1.057902118587423,-2.3654208936474443,-0.11240810975506843,0.3470792530414748,-0.8325091440003902,0.7464584670462209,-1.941248687590475,-0.2599006785068845,2.5369847112504935,-0.2497846681998812,1.5212842966918743,-3.393437685689838,1.5546126160022453,0.45092721070576847,1.6557082445625575,-1.7890946822755929,-1.0703259691392581,-2.2212232074967275,4.90078823506736,-0.27614068898190514,1.8726074286112286,-3.2057057980571013
9345,-1.6948411146997504,-0.27844403387155836,1.0778057852689393,3.375957645927329,-0.5714003899261335,-1.9090778926992176,2.382271996309253,-3.2124421606585827,0.06645774737121712,-0.16918525056183853,-0.47432539832956344,1.407223065870891,0.5874293071543839,1.5994271549119574,-2.233284449777276,3.0876041137287444,-2.808613741269781,-0.2325623847489222,-0.40555557093838246,2.3527425804927162,-0.8980088271206306,-0.7034171368458786,0.6151660835394246,-0.9609271291302406,-0.5420630458267475,2.610645794079389,-3.696440879438274,-0.5394291391467414,1.7216065957189244,0.44568067461703365
9346,-2.1827557942907116,-0.24017991717249032,5.509816793030229,-4.985323848155758,0.64940698668785,1.2490357799004954,-0.776188239328647,-4.9340397391101725,0.578725283678672,3.196814232182593,-0.9361863604447409,2.870874823023673,2.5258190491953023,1.8429085074248448,3.3504757725399834,-4.019186624079721,-0.37387455429293937,-3.3261421507883604,-6.048516288851449,-3.3488348047069447,0.9626172425937902,-0.3393032537392422,2.71900671020175,6.055030394499084,4.514011491212187,-3.082139018856136,5.017454846502972,0.2569122691017336,-3.736223761541323,-2.970015826415821
9347,-0.06566523495172838,-2.3175478820260302,2.0042507472790376,-1.2135422273375625,0.4696699286387531,1.1228346683971058,5.039767787073561,-1.6921527225028008,-0.05147670816837557,-1.8391163824608867,-1.2394061625738568,-0.21761581136625452,2.9710761707234745,0.8248319413638008,-3.602431059261791,2.8701965428239156,-1.7704738721401299,-1.2931997235101846,5.484297783850376,-1.0259661361726344,1.9907834888351488,0.47959441492271626,-2.4247500465010656,-4.50395950493758,-3.81967609814237,1.0522952571910444,-0.8047889759858968,0.9727285980222939,-0.8548032739258193,3.454244492844392
9348,-2.5055538594649125,4.254391148330484,-1.2330793414548857,-0.9268450670201602,0.6538418552761711,-0.24275473566710026,-4.739260817341215,3.585807814212668,-0.4053168070794664,3.4459319573304406,0.8718478531257778,-2.759010000246832,-1.4274784910218248,3.607748369560685,1.6626228600494741,-2.3464359012022022,0.704120097538329,-2.2005769349253708,-0.8432216288508627,0.24773869050411612,-0.5693053689482745,0.6905078957341431,2.450925838325789,-1.9766454267679663,-4.612469835181166,4.251626431466317,4.681903041260064,0.37253144611940403,-3.283549274572355,-1.4100418090886127
9349,0.01129800906339895,-3.155402433413265,4.492910844734926,0.40929378576218056,0.15273440051348608,-1.9108346066611475,-1.508215251121328,1.0613640566731206,-0.9876316684263182,1.050825732809514,0.8401779916960992,-0.4565208616297234,-2.696821409599295,3.710178339171623,1.9003344072519361,1.685137615145944,-0.8631285755988856,-3.735700376372268,-1.6429408486563126,3.2430796625782072,-1.688688154014967,0.26137201667361865,-0.22602986659417468,0.05320719001060681,-0.2341145009923089,-0.7691924660461282,2.151932677817893,-0.19688277479012228,2.2335961170695775,-3.18533905305528
9350,-2.7919111464576307,5.1964809330107755,-4.278859412492114,3.596663597384808,-0.08654332939893372,-1.635830642047324,2.5938719811005413,-2.012573136158256,1.1508273775378441,3.218584349470035,-0.749861119903958,-4.20084945204486,-1.40533525784255,2.736850208743178,1.4433801480299273,-3.6446382141368048,3.8586538425289945,-2.9889107273237148,-5.504511959901151,1.6331982418216882,3.5486162229673823,0.3095580294833402,-0.1135038780776565,0.12664334370340313,-0.027458524038827647,-0.6517940468296359,-0.12584098421351086,1.0550863077964703,-1.3164837161660934,1.0664909634552302
9351,0.15349674429289983,-4.728085692530236,1.533449241297415,1.2643080355633458,0.7005279001002518,1.0763037712759296,-0.3921436532203444,2.0162504544693256,0.42348644987511097,-1.7537323231189763,-0.9270875011406545,0.6332265731368487,-1.7987611725198303,-1.3070073337058634,-4.046946516611298,2.981270687435547,3.0186472470312182,1.1527970883692475,4.247351723956218,-2.7563643270984333,-3.8143026078509443,-0.6479913727395452,-1.680499056357414,4.651805640087119,-0.06753637180081995,2.5481760239584403,-3.541076341048168,-1.2423211398947966,2.316422404566964,-0.013664575777999843
9352,-1.5396572246002709,2.792973664349489,2.6450884159734684,-5.199664842940578,0.9087941513693951,0.39246583584808725,1.6155354051217756,-1.3937856849527996,1.2048057039615827,-1.234165116204979,1.0655523134704303,-1.2579426213947116,0.7753692333877069,3.726919719579346,-3.3893378574988446,-1.9558096624911538,1.0774356364125062,-0.23457706939053224,-2.148996497857979,-1.846966267730437,3.996803708715259,0.9039161089678425,-0.6419610937338263,-0.26279595836388125,-4.458422469438544,1.9775114278755943,3.999449509075337,-0.5056314152312087,-0.8844846000713851,-0.12842245220617166
9353,1.03345962213551,-2.9267999740192714,-0.4845189580693514,0.17759552591852668,0.9472270458890177,1.2530367381451644,-5.195285453210964,5.317238402764328,-0.3798442601086762,0.1500075915581771,0.4151712742850213,-0.30728755528659946,0.6480650472284282,1.4016070822551256,3.0862131481087154,-0.22672505605487814,-3.323217468360408,-1.5859427531779549,-4.783684826101691,0.8599765047497279,1.9076583288372042,0.965601958287662,-3.071894047000068,4.122342081224112,-4.37077869217992,1.2860486315727435,4.805570258937475,-1.069585375421393,-0.16675869780216246,-0.4844961251030995
9354,-2.531894601821449,-0.523997547358114,-0.3616849495615,1.3530889347209651,0.8207280056043293,1.2437601584153608,-1.9931531262698918,-2.0799564453253048,0.3785977016058588,1.5457525143178295,0.13534996770910634,2.013409387963666,-1.5845391201173324,-1.003186749020525,3.6320014194135943,-2.4072061688556623,4.209501439133366,-2.8465708205543887,-3.611037909256538,-3.1343216063969273,-0.9733445354957073,0.08785246119478618,2.2824717992963386,5.348379790654988,2.2111626727819917,-1.8654132182629581,-4.113560890601782,1.2007249909976156,0.13499030124191158,2.4320961438468913
9355,-1.640359432715245,-2.082043851103336,0.24141643658323275,4.901705768658303,0.4225586028229289,-1.8432775242463002,-0.4912102522424604,2.456795776943565,0.7359131928901128,-1.701592104516191,1.1653587276091795,-2.1652653406828897,-0.6442292095712041,-4.160669936295863,0.004638005213333685,3.0288076517047706,3.7520306112434554,-1.9805771222954487,2.427585881646909,0.35814388208384607,-3.160087027144847,0.5014938424269362,0.029644140553681808,-0.15678071956961404,-2.4876481543155435,4.887453140158659,1.6095964149531348,-0.4485179376101245,-0.06389493717794892,-3.496988526004504
9356,-0.5164346890224163,5.484919277530079,-0.17545845500817236,-5.995612787455325,0.9287355216231878,0.2738511323322239,-4.60320282076222,4.1855868339615405,-0.911018056375215,-1.9086740467051833,-0.919175384221008,4.156483474103435,-2.5481811558407053,-2.7527765768846653,1.9679048266080343,-1.7531332278526257,3.6040517002771466,1.482134433691865,3.0741570729697756,-3.4510086312823596,-1.8181720134517985,0.22297661589881113,-2.3609816556406447,4.333028611503114,-0.9341066648869969,4.088616968253735,-0.5034364418004849,-0.07036802063081193,-0.022982544070274002,-2.55772329686153
9357,2.084098371320213,-2.5596981002138897,-0.31733293139349783,0.9717260997938055,-0.2457412759986104,0.06694783649156832,-3.268628696365912,6.058169783304198,0.30233001056736875,-2.756724428296776,1.080195172577766,-1.4153418417852848,2.94135369009021,-4.125223440141781,1.2963817078739552,-2.1459291019932287,1.3371219862973582,0.6962951578725338,-5.665667292747141,0.9275002394632832,2.1103265288452135,-0.8524414625326182,0.09003697469599992,3.390245012272146,3.1123361256907494,-1.444944496269052,0.20816731384727305,-1.1351643047309934,1.468103872321226,-2.2084985108555752
9358,-1.9701372161850461,-3.704552451854159,2.326759840320168,0.6896043323389414,0.22516975841862186,2.433155736961078,3.2925129444852246,-0.08791181151527283,-0.9564789908967404,0.10722066001096842,-0.2914975340320023,-2.063845268050798,3.8336811135116875,-1.2885690991532002,0.8074559228975424,-2.533802581758591,-2.043777898803958,1.2250125433055672,4.970696265640505,1.525504352949552,-3.9773013714084833,0.10658693636675043,-1.3030137203436407,-1.3224724632077844,1.609334350364744,-4.376525456554294,-1.32838250143136,0.2698172221837112,2.236403243209299,1.58935314223152
9359,-3.7027213559390972,3.224655032349343,2.534434938076693,0.4340869932255842,-0.414003223750949,-2.076452383961975,-4.5014453602304165,-1.66503463637088,-0.47863515455479444,2.7056556666132217,-0.6558578261181429,4.595317310662381,-0.4653695313755719,2.6223998389972394,-0.9485899026166535,-1.1056790732359154,0.5913826810353591,-0.6941440128054328,-0.5623937192975852,2.5953001375071096,-1.1758432678821986,-0.05340557118421785,2.0251761903938785,-2.8288337695401147,1.2226561950145047,-3.5634220798586504,1.3438379863403753,-0.679291243260332,0.17513986008713012,1.5010792816805676
9360,1.2331172586649721,5.260768202540746,-2.2849111591793907,-5.587605470184684,0.03123652187267778,1.3473946462852737,4.311538413439038,0.41219734724936785,-0.9026530698678119,0.26314105036399127,0.23915476494660393,-4.323378506129831,1.4896012844615036,-0.8926906786752085,-1.3398580829780897,3.942786157835325,-1.5094660803888598,-1.6903726002556603,2.8067528205523082,-1.8872416650967558,-0.7967186311066516,-0.9660579896790686,2.5742657537176985,-1.7310002883906819,0.671012139644759,2.682873398911479,0.5504882044035142,0.02356108962028447,-2.1673991223026956,-1.7605357102737766
9361,2.5610186227200806,1.7946727050583853,-3.9996052763557017,0.8658647722333619,0.36347182569258685,-1.5854226493491126,4.085331485811995,0.46497251357816793,-0.23013846053678222,0.10600915892697316,-1.1933005510100108,-3.232874146768978,0.9715568612484233,-0.5596565017087194,-3.294886837277952,-1.1824228016279914,2.2408810845085583,1.8245281948566507,-6.063072196179913,1.6411590800418345,3.0836826679560154,-0.1310772710581789,-0.6025901082488172,2.0718978274859268,-1.0170925314189496,-0.4627508592606766,5.740736516979037,-0.8192441420656253,0.07908399704961155,-3.520732981279817
9362,-1.5526699540577944,1.860529586796897,-4.101474117711373,3.1031618884346024,-0.12324026823922862,0.8136928647764883,1.1432371729715527,-3.272572230565377,1.03709662274911,0.6082723028507075,-0.5062722568803917,0.9902383888757953,-1.9705976578796243,1.0609498335669443,1.7047723387010052,0.35370884969837135,-0.5314492580795118,-0.6173841060082346,5.549524230378761,-1.8460907367024024,-3.1232840667847377,0.4481746674742304,0.2990262270085502,-1.3273503213775157,0.3158181767896657,1.315241166363279,-2.5245825100910544,-0.45328069274026106,-2.3598132602919097,3.7066171199738562
9363,0.9407235361218422,-5.43430242644061,1.5427378818706252,3.52093870907963,-0.3932128036852667,-0.1768848969466319,1.4983528142622724,-2.3924609477667538,1.0198537450647756,-3.0985720458931265,-1.1675660667214256,4.140392501055668,2.6694973081242352,-2.453938415971429,-1.2990773729727145,-2.537284968720682,3.4537309882358223,0.16707246130373044,-0.23599869664889894,-1.9375613639994569,2.9645144820081057,0.32125223328940855,-2.996261718362712,1.8840550637104023,0.5250611128485545,3.1489847152498776,-2.325562473333992,1.0230038659246636,-2.0237099918201853,-0.3477772288653327
9364,-2.548501221501869,3.3941517277180537,-2.164479168638991,1.307521027628507,0.6529667009893947,-0.6416590661955244,-4.173908523678687,-2.832158771214253,-1.0609918365450741,2.239786533043439,0.9042326301992158,4.923039968196733,3.29054646980266,-2.1810973739626647,2.023275072452936,-3.8504483932192386,3.6055926822149296,-2.8878684572896667,0.03714851871997027,-2.970517355342942,1.3711389105943965,1.0859531963105953,-0.37481424373321204,0.8510909734480414,2.536851873887663,-3.0157115327610278,5.060697029454175,0.1001269277509369,-1.7369443931705053,-2.9450199051576664
9365,-1.4773755097890149,-2.4264073582603736,-1.8892271055620533,4.628476740842199,-0.3989809627821306,1.563514195550919,1.6856698354071327,0.2107932330212492,0.6844411760234879,-3.4787768157314414,-0.532458929959569,1.4303315012405307,3.5048361894624556,2.434296826548813,-4.163549351591492,-0.8585956517699991,-2.8909695156187,1.9739815029679129,-0.6961797075022496,-2.447063342872921,3.835147003368597,0.8760597304277962,0.8006347655368451,-2.36859844896124,1.6436522270887863,-1.6360789477846396,1.5265992775940127,-1.0014887788691929,2.656050816935938,-3.1887345949613426
9366,-2.1330513817525443,-1.180511584651967,0.13955070792832203,2.512337622688932,0.9690392309152163,-0.30736459512840675,1.8025722280175387,1.3724272423929769,1.0421611869422929,-1.91264074508587,-0.24394740146769323,-2.0605725107978365,-3.59484916767353,2.047188237604942,-1.008809529200132,0.5393530383070413,3.142635912374139,-1.1255184914134642,-0.9542745005420414,-1.4654883234159293,0.11218049502154415,-0.21162103306315228,0.9601164731630849,1.559086888833285,2.8950737094882086,-2.6176686665883366,-2.0176541768121865,0.22588298911115956,-2.06418577492904,3.57855191973373
9367,0.9168779967191973,-5.286180001359391,-0.0971559014813046,5.011292133217491,0.6994175054246896,-1.2442517325211586,-5.702689094662322,-2.375853781939689,0.8848207391080711,2.636678400654624,0.527096821667671,4.029946915173088,1.9833652739443686,-0.9970340799221447,0.7281828553830003,-2.9183800291354647,-1.9351452094532942,3.1390111891825114,3.8995415661648494,-3.047023713091363,1.7794523547683063,0.6172377768082908,2.8159974781730384,-6.0652054628263095,3.5170073464637888,-1.095982189843042,0.5687741649878575,0.8360756870235715,-1.2808065074679433,-2.545068501160708
9368,0.5151479904226051,4.340355531798043,-1.1022489974986698,-1.7008697222194158,-0.5074425945300161,-1.544942207973012,-2.373015947899866,6.126066044613726,1.1592737762597176,0.16945709542670784,-0.7553391648209891,-4.326441803577886,-3.5524309306791064,2.12793872806796,2.4251204827944157,-3.4835470475729053,-0.8693189262315144,3.3522376936201432,3.658808038828795,-0.11709744513671616,3.3672785207917286,-1.1457602175064476,-1.1528864226405222,-4.61034247434004,3.9955439611452945,1.9170674753956796,-2.2391835344718842,-0.966843126080593,-3.740712578871687,1.03412780288674
9369,-2.780314757622026,2.7956057341204534,-4.650950868432467,5.861943720012153,0.7429500679706873,-1.9692338960492872,5.642589061763076,-4.7891896378612415,-0.9891080405757764,3.271480515555332,0.17228084296917068,-3.3080527418491634,2.7718694079234183,3.477119034561717,0.8147881151338368,-1.6809547876282362,-3.901385105376116,-1.4814366646156536,1.8681485780185945,-1.095091069010806,1.1254079247805038,-1.1836408753658971,3.113342772821877,-3.828167331247464,1.4886089088490202,1.808684710794175,-3.2285873822725897,-0.5390675313280049,3.071589406022099,-2.601228112061161
9370,3.3310379094813207,1.3999605067390206,-6.042214116129383,0.7837512433583811,0.025025959084589378,0.5024384974655636,5.760251189837774,-4.679795386113064,-0.35255141104949317,-3.0684183890917325,-1.0949826731379195,3.4354966695558424,0.34818001271356636,-3.6660314686310205,1.7437747370254435,-4.200338862333277,4.074567055068055,1.699848526156206,0.7835215898888528,0.4424878241872161,2.9697745121278487,-0.3302228988212317,-1.070204982827736,-2.7953560445581545,-4.241049505579975,-2.835105790556838,5.983008581071534,0.9788804314276893,-2.5184763788489413,2.6327426624900596
9371,-0.07498147241734188,-0.24963704793142938,2.0962207252233895,-2.325082269075523,-0.27574139591209623,0.8292214601124872,-0.11462082168776533,-1.3802810993248436,-0.2328411605588938,-0.91943036178969,0.2955127395929251,2.351660703769678,1.792891566113127,-0.4922240693815567,3.147652719816051,-3.6385651391107032,-3.8977808952656456,3.088025817827706,3.3151412220681884,-2.2363609382731138,1.3530218129458618,-0.17219457649740288,-0.02314288976633705,-2.2364646304804126,1.115888780801754,-4.349090174597336,2.190630238257018,-0.7033415919675772,0.030292848256486593,1.7156198992531948
9372,-2.129704221484017,-0.10467297445165258,2.1060575979631686,2.478267628474768,-0.7119956359334341,-1.6379523945693233,-1.0638183837744748,-2.3911258904616943,0.761337214070374,-1.9961263366891782,0.6275813303575966,4.06215206649879,3.4380385361231234,3.5640232254727593,-3.3479455658007176,-3.7939390527301597,0.5726754317005849,-0.43285257476660277,1.8610240471952153,2.8792034136308438,0.3690504230687637,-1.118653418887809,2.2279471905125074,-6.218571655522741,-0.4584917777626032,-0.818300466537071,1.1185631839812302,1.0499496241106971,-0.08384979879901344,-0.8078707649897261
9373,0.12343452466498839,2.360578983987466,-2.9039985128110004,-1.9527327752178145,-0.0404754113474044,2.4131931907232698,5.098190316934346,-0.408518647863751,0.8814627972023015,0.26776794179170516,-1.2359120644944106,-4.60299034356877,-0.6927191129883994,2.182256504270107,-2.104709587870703,4.104049973734206,-0.9146359172513527,-2.574241859894853,3.0477074024157957,-2.9422660863206858,3.351422518612871,0.872335719797567,-2.3456551281511135,-1.9835444263576463,-3.192904015315616,-1.3583521310757014,0.37896717590763274,-1.080281479135504,2.1274985363143273,3.125071913308414
9374,-1.3193210875077597,-0.650655413549881,3.086713202379009,-3.7114135968534967,0.40751586264753614,2.1871610328840774,-2.8045900675596656,6.0544038348387375,1.0082603583384238,-0.5597671553552921,0.3156421197853696,-4.013949090046129,-3.879857670559854,3.21452790256334,3.627127759797535,0.7964573328705633,-2.874899553164905,-0.8833557715076719,-1.1977955198964878,-1.9727441475518752,2.742584493886284,1.0249298409062355,-2.730244948871718,2.1332702815243465,-2.9067189927653843,4.512324193124247,3.1824552819291796,-1.1678299911189263,-2.020988745568742,-1.599241745596835
9375,2.168462705244565,3.443330979262548,-3.443312178250178,-4.144724488524439,0.46815993622922214,1.5080830460377488,5.781831773272263,1.3347125804891782,-1.02740799206045,0.7309944293465698,-0.8875546112647612,-5.932576179781329,-2.71070880449472,-0.9640008863109664,2.3811519094083877,0.9138115636437121,-3.277035050870621,3.6567812686232166,-3.614062192390776,-0.8070588118357769,2.253326552643493,0.3311927754735642,1.1055093934880116,0.7310922826182349,-2.430013058857483,-2.3979413161397254,4.144016652461936,-0.0826404955537523,3.0180767245191937,-2.2514985064266213
9376,2.8732512151213143,3.6299903689241795,-6.165201843401611,0.49398964800464285,0.34431247493428474,-1.176341863583339,-4.391389364263166,4.527061136541878,0.6975172113619763,-1.3834516492707873,1.0922903825986188,-0.5420277169670769,2.2912431559093065,2.820180504385064,-1.5405557020345615,-3.8919161275813963,0.388331149943717,-0.06728298062311389,-4.543808897654976,-0.1254734634391017,0.9590263341421092,1.1506274165430819,2.135669834531633,0.42395877587400577,4.596626280474101,-3.7384171253609573,3.631740444273678,0.10049642958222194,-1.3235979883878404,-3.266848040577621
9377,-0.6652429437026566,-5.734409958405845,3.8473453416448784,2.885277181385213,-0.6801719374180182,0.34720231649586886,6.094505199308898,-4.137320080292028,-0.4959444331264473,2.4636710510299054,0.8434164342024246,-4.768328171121279,0.562447476508467,-3.603124184985731,3.062717670006503,3.423039264615447,-3.725701956262432,0.2806217301167777,-0.20199151956757078,-2.02194925577421,-2.813234978845083,1.190193664386145,2.603203471082253,1.24377861871519,-2.0846152179422255,-1.7143145376936957,-1.3009696337317358,0.0652240711827412,3.5579817093816786,1.4766936088068547
9378,-1.21468068183405,-3.941175631727834,3.3465225153215528,3.4133404741942357,0.08916886241508903,-1.6931755383695162,1.0374531588081446,-2.503533066422232,-0.5785799584899562,3.1711352110099256,0.038538190585239995,-1.1650135354896491,1.3890714465559846,-0.09169282316899441,-0.7171896865360452,-1.0498865637949883,-0.7564542772293912,1.2261519041724682,-0.5068965124588196,3.3911328576928774,0.4612252290998029,0.9975600788797223,1.0843440820090677,-5.427365735225894,0.9545491562895236,-1.59189296433998,-2.909247267919472,-0.09272248763124402,2.4412523219136837,1.1980612416911072
9379,2.833837701502528,-0.09159057112273672,5.5014052980754435,-6.090909835821169,-0.7145196341375004,-1.4382229584971267,4.7949038228011105,-3.9187469629772522,-0.1624739798113488,-2.6961349426224945,-0.5906403671690725,2.573092429780523,0.29609312304158664,-1.618240430986491,-0.6559612038450986,-2.27167609009598,3.9475552299510923,0.302229371933894,0.8734835238106058,1.7279713135599302,-1.9871495168756876,0.9571977777927954,-1.7973270479785572,0.22582394968766195,2.2824213780502305,2.474956728598677,-3.158107516697978,0.6749022747544062,-0.3317008292173078,-1.9424720354844194
9380,-0.6861878995846968,-2.674000252603971,3.8719818574693967,-3.5002080101614688,0.5207342401350177,2.4676800647451618,-0.8173556786389895,-1.6010766701752281,1.0601711241568257,-3.4355612009203504,0.12675713388785148,4.667065291691351,-1.8437144254992859,-0.07561885067355689,-2.9753263098156246,-2.162276908132446,4.13604768899323,2.920888805126719,-0.4202239928515894,-0.19209201275790555,-2.0268928526963883,0.09905743638427822,-1.8720457208022463,4.412197142720608,-0.27906584773723253,-2.6860189204891896,1.432257733559954,-1.0959542567468232,3.4766277374877035,-0.8478464460708182
9381,3.731622620526096,-4.093799380874646,-2.727738243756349,2.118544375500381,0.24915605451954637,0.722214574084397,0.5680824970160323,-3.1580761331279277,-1.138370515068638,3.396159707750755,-0.9101381378407245,1.2423425812719557,-4.115628912953975,0.444636274108948,2.0501921705991855,4.087348879668387,0.5025221478910282,-2.9690705593145044,-4.9963277735396225,1.0789226890090031,0.8104509219765177,1.067925109833153,-0.6819830132913296,2.72101206600901,-2.619245143929458,3.3207583164043974,3.24533889138333,1.1909460691023321,-2.5363833916548177,-2.60141474130217
9382,0.023342683788234453,4.754217070975727,-5.172634027654382,3.2829310569478665,-0.9364731020766079,-1.9513836819814276,-2.147408054474411,-3.4672690099678576,0.023104439068114324,2.4406557909353346,0.7053032903905976,2.44561354404971,0.05694634611970173,-2.504038886570795,1.4552104109770774,-0.15332402906355114,-1.452707136514178,2.5979132950508195,1.7652422810364143,-1.2715863961086171,-1.2711959565768893,0.6416852662877695,2.5075356343818402,-2.3716808290237665,-1.721297616051988,0.4090628265288707,2.5425351284992885,0.5339350784991357,-2.538426184175716,0.7741907667039989
9383,-2.45071401923936,-0.23108990631656212,0.9207721178700616,2.5127046453136757,0.9886419007876399,-1.7403147384160373,-4.164826409733269,-5.214613394717858,0.5232444345450862,3.360215274820149,0.7496607636776282,4.746319331409744,-1.9396580413507163,-2.3670894306441586,2.0840855098810778,-1.1982869724547864,2.3737734270598416,1.0471755075078235,4.829703243100671,0.2828356254543891,-2.903970742605905,0.6512548856199345,-1.895115476507799,-0.9647075350645622,1.4909044672080682,1.9599865603040278,-2.2027849903483663,-0.35033622641085227,0.7043577540099335,-1.602127564759213
9384,-0.45280291663638295,-3.821398667605461,4.390391850404566,-1.7969522365623867,0.701965584769654,0.9787963856294208,-1.0186968502218718,-2.416765478486653,0.7016251855830502,-1.636038175172688,-1.211361874188046,5.58123719248772,2.4423897304287294,-1.773306078813901,-1.5338098278875414,0.5901932700386929,0.1708180196378244,0.10371488659527195,1.0732791122379943,0.057899786480538395,-1.923667833231077,0.026227864928298317,-1.03722298245758,1.8034840520385487,-0.8556148254685105,1.713790381749149,-2.044392962277403,-0.7969667713515074,-0.6773778257007201,2.660562003052604
9385,2.1685916276400725,0.7114589314731781,-6.083779202198791,2.915025054135633,0.8720944457280373,-0.5833908567787294,1.7746503161454008,-4.3962479063949935,0.4324942099051423,-1.0149626618981316,0.901129056864761,2.302936985379308,-2.9713279694509804,3.231284148906422,-2.729431217959011,1.4680803469514707,2.1522082494603687,-1.1508135579091707,5.7914067837544465,-3.363523875376341,-3.7904024229621385,0.946127968649046,-2.506803206968023,2.9231947528997324,-2.5966684037716767,3.9356651370295737,4.516382604236544,-1.1864856666177186,-3.387410459847267,-1.2814832110258596
9386,-2.0706323466886456,-4.540053109790431,1.800408930508464,4.651021458705131,-0.06385029659483621,0.22310536385973023,-3.876782300908733,3.37424706463246,0.5259497708133996,-2.8323582301746004,0.051220831222234864,2.7577228644167526,-3.2603719123868515,3.4016819439083967,-2.2982642570996177,1.597310085836888,-0.8115363280433847,1.3711804677837023,0.4621701817855026,0.3298140060291086,2.2241611267107757,0.2730319922310507,-0.9879083737409857,-2.3012689330187293,-1.8961596969108072,-4.540825350155741,1.377451985786184,1.0137826752976657,1.3441254052365572,2.7016249807497204
9387,3.237511581043261,2.191498070736131,-0.7800689254453985,-4.965667420066634,0.22429258501931093,0.09243410871274449,2.9582250190702624,-3.075176274911559,0.40615306064020906,-1.7150708833723947,-0.3098453808525461,1.7357144594275447,2.3304031450858496,-3.7515002844311987,-3.436255236012258,0.39589605515287474,2.7491226595436764,1.7123336606601711,3.0751573913874957,0.005612820200422419,1.0854833349043176,-0.57335884468469,-1.8216583737955911,-1.771236328015263,0.6092545697283676,2.9235079829123656,-5.398040812041437,-0.19922626580197367,1.3929137580930622,0.67159076711315
9388,-0.1278466732512289,-3.9681708468959265,-0.9165410312469007,5.1426315622380265,0.3862261902895816,-0.5162992011341263,1.019162087516051,5.894729364402547,-0.2725384845396768,-1.468215655939062,-0.959110445250742,-4.214026866187577,-3.6359940891804587,1.8916019136794162,0.6743647660302194,3.862935045219988,-2.7296272988594428,-0.06328033689058898,-0.608248378795416,-3.070066002472453,0.013573091043237895,0.830102112497757,-3.0306118034268152,5.865250981150368,1.4650947632673272,-4.273327777282905,6.009655960188908,0.6548934570397158,-2.753151236279596,-1.103165166929898
9389,1.0675634739478035,1.9459312998162552,-4.932732513403472,0.24254984241712663,0.725933184373937,0.9507547128477842,-3.7999139823067694,1.0729385573020522,-0.8565703736842583,3.125337615971244,0.10105350475382213,0.35715467796548594,2.738820076998607,-0.3969154091213625,0.5402591071603275,0.823912004019018,-0.36095489115206547,-3.345120887905397,-0.4331296484596727,-0.9832381730670505,-0.05340558874400081,1.1483384109200436,-0.6899727945330749,1.011407793880391,-2.4106253057341256,2.7093817650934575,1.0112874551942745,-0.24718344688391447,0.8506178791757311,-1.9134783468418899
9390,2.676919713639471,0.17318125814579233,0.8786616045838542,-2.686981106062582,0.9654265125265242,-2.0072079828336156,-4.045466248257682,-0.9525496426507623,0.05644041846217984,3.110476401093212,-0.03362820261271171,1.864727273967322,2.1774902688338678,-0.06531362010464647,3.53025131419831,-2.5793654462943927,-1.497055551663168,-1.5660069649709047,-3.4814098135048255,-1.702951758767611,3.179286290882942,0.4919662280480397,1.0021234249175244,0.5109856284205634,4.809960691275137,0.0791643022813382,-3.7712055388521577,-0.475529632577647,-1.8568461608549303,1.2144563387318108
9391,-2.593786206667504,2.4697175516939254,2.639891380678236,-3.9293767799216432,0.5174535495059214,0.8961005047105086,-1.4264973841405322,1.372767303957378,0.19994933651716362,-2.958227228327136,0.42081435005058143,2.391193621944115,3.796923530966243,-1.3204524175573926,-4.117766104731883,3.278293354411524,0.38807655870894564,-2.0250749217983746,1.4730993678510522,0.08638246327495835,-0.64665419097269,1.2456341414030092,-0.6678088313878714,-1.4906529501718353,-3.648127149529003,3.2889661902245777,-1.2849416456311538,0.40790414272211084,2.054929100264701,-0.818730638047688
9392,3.7115355294594465,0.8301257083607361,0.872110728191732,-4.643765604381542,-0.7512030363198754,-0.01880332531106177,4.84215337673416,2.0388072140155167,-0.17382391937986874,-0.45049681718733403,-0.29549180050847834,-5.961148053672417,3.130278565671876,-4.220843665540205,1.7980048357451857,-2.5737997805095354,-0.05534563189512909,1.921705676526848,4.564881440692151,1.0088330838110338,-3.762222861138257,-1.1890165552318752,-2.5724128195834464,1.9499377114470349,2.747359012271996,-4.849339918582833,5.341133393489994,-1.1817787506483222,-1.7842919052675992,-0.27308183125969876
9393,-2.8877663337692994,0.9471524872153338,0.47206478942586827,-0.34014733525336993,-0.5120996814046608,2.3207960737855267,3.378296629639543,1.4492830181580416,-0.08358521096836657,-2.9579382860327232,1.0058480027583085,-2.7919041535532116,3.562708556177345,1.6670684616654725,-1.7216096009747766,-3.276139655115106,2.4883842972811188,-2.7204120590350023,-4.602743551649546,2.7429106643560566,-1.9863819033867838,1.1498661087622484,-1.1401195766573977,3.83646825857209,4.315952324659452,-3.553065487814415,-1.6882192051342244,0.5913257200763651,0.18402741512016974,0.14997923309618066
9394,0.09062208438853503,-4.2400288525509495,3.972533145820943,1.2533170678107872,0.28821219067959625,-1.364655636149518,4.964574615435584,-5.468760175973639,0.8555459459239865,1.2746503332771688,0.8890876353732597,-2.51509835403478,3.714320756247613,-0.9075340462032777,-0.5217069602506896,-2.6245503235465097,2.0569918252240207,-1.7175212514721316,-1.4085497017733637,2.4522381843787144,-1.4806502447689702,0.6086327787641395,-0.8118855425057347,0.6402145259018717,4.595963988887011,-1.6483165906967372,0.2246635145001754,0.9755084694565213,-2.3297529978515605,-1.8180663842918943
9395,-2.341046538410568,4.038756452549578,3.779044243528471,-3.09452938782173,-0.3925540590220491,-1.9896707108242992,-3.0431669995170516,1.3775966034038838,0.5194566091384765,2.6117085270800544,-0.9546271820824677,-0.5109675580213313,0.8151894613987025,-1.6045053092218353,-0.1235665518296365,1.2537608637340902,-1.5433161865779077,1.2024377224956062,-3.5638368746690183,-0.13918536322617747,1.363453503707916,0.47560459911261255,-0.35754321871869976,2.2215073537900665,-2.2139042652433787,1.3972654689850756,2.2897178142443444,0.11178361697235317,2.003466698838796,-3.5883293337936877
9396,-1.129343211956927,2.2887073923854864,2.6199334929971947,-2.2936747951197347,0.7448789411161205,-2.230501819422745,0.718224071105368,1.7664719720466984,-0.2714672553095072,1.0623770087348596,-0.7376425776776232,-2.537963218898227,-1.4885701793053663,1.5220615252487413,-2.9793693050654007,-0.8500489543624887,2.802018115241026,0.9939087982425008,-2.504762573935455,-0.09336474473058942,-3.095619912189928,-0.31148950503695705,2.7094945127458665,3.2957422231437654,3.4172798612061968,0.3567353059137126,0.7773967029572866,0.3784408722025532,-3.061699446645708,-1.8681532956305489
9397,1.5736492190183284,-1.7198815357297477,4.43309064951935,-2.051679508714418,-0.7094799186847915,-1.5256989054092962,3.8156680827840397,-1.466142508788348,-0.04183712817404128,-2.751365129704693,0.12591065459612416,0.3177660292884852,3.603078009770041,0.8746095306911386,-1.1340357497420452,-3.608705363281576,-2.9848448800208356,3.249898452582279,-3.0777197377558174,2.6699347663558832,-0.7368084971331896,0.24438085375464524,2.9197445282113073,-2.0195319134361185,-1.9896185595389824,3.069882094268497,0.9398234074783325,0.33104124544965874,-1.7903032321095758,-0.5608249555444509
9398,0.46072691218292583,-4.4504309479072965,3.495906266874698,-1.0911678482148162,0.28341671357347265,1.3015489034904597,-2.0179182803159463,5.712470945190805,0.20077466916275988,0.9653555365304527,-0.33712551010393543,-4.523557360462586,-1.564045323451893,-2.7898653109030036,0.024221917967786055,3.9374486958841395,-1.8205175730443504,2.2127575935463177,0.9462868883438595,1.7506022360375422,3.109736174999039,-0.9637224568313529,0.26745585602528266,-5.110358698577656,-1.6734576735746352,1.1576581921117963,-3.294040683611648,0.44314385188351846,2.356162627935653,1.0105336852587925
9399,-0.5232147053477672,1.2452446440753029,-6.103781760425946,5.029291325729645,0.026915841125795925,0.32554465484241213,4.374485012049046,-3.631276074555103,0.24583586497399512,2.6142817684094872,-0.9551559185221343,-2.648170652353741,-0.5242277169373928,-0.9155336963429157,-2.663376605562254,-0.7986732125443758,2.0446420562641343,2.8571691751218147,3.02192666427721,1.3152082056752725,0.7478069142727577,0.6852527239774275,0.06031155328173554,-5.830506061487657,4.952330079591718,-4.016010115679668,-0.06982119080143434,-0.6120225986915546,-3.089970110894379,2.835493936478816
9400,2.751924146333767,-0.488739925027847,-1.3928233082416206,-1.561139121848317,-0.7288370287040553,1.4196152374875197,0.7874598855191017,0.3203380098777977,-0.49455548449557174,-0.41695645032524276,0.440503676109107,-0.6367896366836483,4.176760664895394,2.7960832425543494,-2.7723761887847527,-2.277912845757397,-3.4455041021031363,1.5229492291945554,0.8071649150897784,-0.6265366590433885,2.8156726288736422,0.1255188341174316,0.2844238421370431,-3.4062435611777744,0.9826302564767104,2.280807744186788,-3.1918884851248492,0.17327715729846815,1.9765764981584084,-2.2214031709920707
9401,3.4550235256686364,5.676420998340291,-4.92197361274561,-1.0377577575740098,-0.6996676250984175,-2.47204552859146,2.105529378432685,-0.5896963360186227,1.2188779659238698,1.0609606048695888,0.8434128630862414,-4.639084476292215,-0.42844629987424554,1.3024110141327974,0.856640538117297,-0.7064004045072849,-3.266811560050492,2.242606712180926,-4.065781538808562,-0.11432938602944276,3.8357925682455587,-0.8786069565260561,2.0983197425426265,-0.8753944294273914,-4.909992978570864,1.1008245189177934,5.5758023148548155,-1.0306267681640593,0.9651906879957526,-1.701197775029982
9402,1.8063088782634331,2.4318408219260554,-3.4612499871982827,-1.3859300900801657,0.8448285500707704,-0.23579817298240613,-4.168407190399201,5.555136151272244,-0.31604294237775754,-1.5971643143726801,1.1323072952662399,-0.605828999387306,-3.9811392657324802,1.6826129653505966,-4.17736570405417,2.1152491710741046,0.6249729959830965,3.7356698373778734,-1.0413560815693579,-2.0734502627918356,-0.7763145053728415,-0.3379619214687013,1.868915623275301,2.3601671479241446,0.5805563537276512,4.48245374496722,-2.563105982767212,-0.20306820525017066,-2.994388220421351,0.6975523097472873
9403,1.6908678908454746,-0.10237060946755605,0.332247606802504,-2.5522485462828435,-0.6994312643090475,1.330934922410865,1.4479249641279885,-1.8293665087609021,0.8765682552161635,-1.2517632766025368,-0.09353331775331952,0.8501698837741678,2.2605482800311627,-0.007942924435017318,1.9090679074949328,2.7878163555735718,-4.068338980455245,-2.881150638210414,-2.4046253559802047,1.0363315575052106,-2.20747240013538,0.26005244924409077,-1.3079884111580231,4.623702160521034,-4.025218078725796,-0.043238011811588706,2.684788535737212,-0.8050670195741052,2.946652108647708,-0.7579175342700211
9404,1.8667200183473405,-2.874380440388844,-1.1401092924321858,1.2307101219328906,0.4539123465172188,0.4631472460229613,-0.7899763116894611,-3.6573849427640788,-0.9824003150676113,1.9858890015030255,1.1036686135419158,2.3402039544777367,-0.4155759783772339,2.3853304327013163,-0.7309616897881206,-1.1179250676230428,3.5102709950663815,-3.631138691980283,1.4180877993837555,1.6180303377850969,1.5960929199563267,0.39714359305866864,-3.2074928532825506,-1.821861796904539,3.5922818841622757,4.24287564939382,-5.374003995270115,0.323646188962206,0.15843710893425644,-2.943236836179052
9405,-0.3462415850058598,-2.2942111590858225,4.3936531774474155,-2.887788190857492,-0.8744117497180157,2.0089995072191797,1.7543794167215339,0.9766233063439778,-0.26324218921173337,0.37611115337189993,0.8761469074905,-3.720018594714638,-0.2758256782176467,-0.32235408672691435,-1.0286888362855038,2.660020736756369,-1.0858043435787526,0.0526522080514642,0.7880904251422898,-1.8277619599114008,-2.5240677379041916,0.9927486099426996,-2.4282960539171015,4.999286716644445,0.5591425194386375,4.781817568111947,-5.348343167063209,0.8345472596529229,-2.476231362060826,1.6490671819239076
9406,-3.504027330342712,2.382768601747401,5.881108661903834,-4.216714335798812,-0.14263240095120433,-0.40050319655909306,4.39215594597507,-2.8777823233024833,-0.05214521817253459,0.19171807401462715,-0.9074768878317929,-0.7464695906813219,0.13802868641922217,-3.911499096534003,2.9892017042453958,-1.1116878178003677,1.096414906793786,0.79954161687502,4.893464617532317,-0.1541644483802127,-2.8725271485382464,0.8335685788095795,-2.8632352238309355,0.16289362440424426,1.031523335196745,0.013500470032308698,-1.1345279255746696,0.22992240879805248,3.237450448193176,-3.377868736642247
9407,0.726367110113225,-4.2435207998710105,-2.8837743675615854,5.5603684640377615,0.47070787347177045,0.3698517198092688,-2.7965469097260645,4.0534477559016935,-0.9739606782530261,0.7015158809976345,-0.5908395092473455,-0.39361653967132426,3.5714124935414624,-0.6284957960935103,0.24010400016213396,-0.6334545877649589,-0.033887223882125284,-2.5156788859639754,1.0078423866079156,1.3212443622073877,-2.4829063454068603,0.30243502222829477,0.3380579914966422,-0.48667341713663603,2.6619254517933406,0.11648588224818113,-5.656000090933301,-0.6730391678770618,2.9188779070145046,0.6317500177577191
9408,-0.3971694073840677,4.280228489860878,-2.1846090405553014,-2.905788940559681,0.40444952251457567,0.8028893761230425,-5.360449856982505,-1.687578105448253,-0.07216388149451358,2.8426591997136086,-0.5466755301192947,4.824208174332533,-0.053279646201602304,3.1509421072454913,3.7196519328052844,-0.5334433498202742,-3.131394278944512,-3.1524767650853605,5.105497377589142,-2.486172910002489,-2.208891708644204,0.5824741423334574,-0.219800261357463,-0.7731066399217319,-0.4215222503617362,3.6299085710122405,-3.1419415202128995,1.1839232389647343,-0.5247549456928553,-0.7256130937060892
9409,-2.1754465977730444,-0.3026197398344479,3.6634856763904082,-1.4237892214528465,-0.5534912090615121,0.7918610917308655,1.216536494461284,3.0841581103057614,1.0849503770542785,-2.4045265238553775,0.5463526303009241,-3.5274710882652762,-0.5155295669126829,-3.9346938069415156,2.685362585426251,-1.443636156152527,0.3429109115789366,2.865586033000568,2.667410834996492,-0.9686791376065891,0.10612608583831573,0.08891080151896524,0.03926322789699377,-1.9330318126474673,-1.9879580028982176,4.20878035964072,-2.565332764069719,-0.0951197203848384,-0.5813927865009649,1.0210229142163918
9410,0.41913368373090165,0.34369472775536636,-3.767422954893995,5.608248394625683,-0.10945196654049028,-2.4942018846780547,4.639669805898247,4.2599673317877595,-0.9980423090639263,-2.195298120686509,-0.06770353700689391,-5.6385931709271055,-3.5847932161055347,1.714942739460966,-1.1462252446169412,0.38517590877883734,1.866405392306909,0.7644944201748167,-3.0791314888745127,3.3144229806144097,-0.8292057678603211,-0.8761617601592162,-2.502788487011715,3.972864523288056,4.977395615631387,2.250235427442636,-5.692703424491551,-0.3004620850659725,-0.08952932252017654,-1.1449362109929808
9411,2.017890695226658,5.290516375156365,-2.6095240424861395,-2.772172182542384,-0.7081789555516682,-1.2185318898034119,-1.7759153106072034,1.6392441136872016,0.04091240533283269,-1.3425902212813412,0.8592558284473135,0.5790931844227742,2.9546992816237143,-1.6187513652959762,2.094982866504999,1.3873215958011045,-2.0579373139226984,-2.7603150647120955,0.7770633217853913,-2.960557908517554,2.174295606298486,-0.20878386927324755,-1.89868627517831,2.1166691248819376,4.5902169339402725,-2.937008544072576,1.1423364633801327,0.01939861639271445,-0.11425606120074505,-2.7006874084364956
9412,1.7695901910949736,-3.7154274898043447,-2.9108379285067087,3.9775550886054845,-0.032041774024026415,0.9111619126340447,3.0547906555940187,-3.930090533836072,0.5638853914034581,-1.669099567712074,-0.6877217520126013,2.6682358065648515,1.5090216946513841,4.126717003409528,-4.2176800039897895,-1.9694232613931923,2.7911668262479132,-2.2398022589267743,2.5535182917705512,-1.1395844865407145,0.6274605722467221,0.5110111994263757,1.7738912654913097,-4.326296842397561,3.1968942412227115,-1.840852655601978,-2.8269406055433492,-0.2367413642572913,0.9495814427977134,0.7580589413855261
9413,-2.8019053921495534,-0.9233817021701185,-0.09195915551716993,6.080105794794868,-0.5387875419004142,-1.7240720030581524,4.691570027862738,4.457173509742848,0.15217715224709316,-2.221214027729289,-1.0720761524509208,-6.007630509670829,1.9310554695099533,-3.547407378926575,0.6287842046290031,0.90360649280084,1.7757239222917711,-1.6917627103059445,0.24127688746302667,-1.6622878394614062,-0.9053036634648741,0.807489456154741,-0.20771892679749548,1.7265440861027024,0.3340531769185766,4.498484906083316,-3.22020945257961,-0.7308070355624032,0.7227515776141864,-1.6042731724707373
9414,0.20657945667648647,-2.2017997335887927,4.796392076315417,-1.0616071058728096,-0.5607508077574284,-1.1788138857734012,-0.01778118889203384,-4.2475048552043155,-0.2745959931210882,0.037938777116497846,0.04274944650209722,4.459193813600464,-3.319064433569997,2.183298288529688,3.279163040740176,3.065985597857761,-3.6570727504344323,-1.5523097431241375,2.3321109263212385,1.076595463427287,-3.0714187385561758,-0.03458191003410427,-0.5950077755162066,0.29230203435465185,3.026241844446041,-2.0637291463432383,2.1256165635487534,-0.9025271353548963,-1.871886243234874,-0.31371588305844256
9415,-0.9842055225675743,-4.839569353088283,-1.4390867996579289,5.263286572456757,0.17277799486810164,1.8267971079883925,3.843149919331939,-5.927419740743581,-0.13332897956375422,-0.9732234957673729,-0.586435679893345,3.7772579766377383,1.2283771917281676,-2.65831822491014,1.4100652623996304,-1.9264396956407364,-0.7461656952112286,2.6924811616334026,1.8208025087451212,-2.8923657918979035,3.8759044452361877,0.7151004763498534,-2.1406921580233327,-1.3787494804132159,1.185357568552238,1.5548624277417424,-6.037502672662086,-0.19650241543384173,0.13994764760439793,3.353837444200927
9416,3.2558211543033764,-0.8590215151357334,0.1845779130257732,-3.661687689026433,0.2982054514046317,0.7821046854278517,-0.2644314251206552,-1.449047624546072,0.16211328195099917,3.161764232440323,-0.5630103952913403,-1.0473880694316406,-1.1618817268533128,-2.415947137698332,-0.42810330429394483,4.179483655663539,0.7602956245149954,-0.9338471113338489,-3.988110522798202,0.6564989877301386,2.3898150091152885,0.5254856843505546,0.25079322513473556,0.1655176164641894,0.22022392762120901,-3.600953606203351,2.7923021189396557,0.17834319323551906,-0.3882443431290614,0.7983287095394029
9417,1.5977105499678856,1.6183972994855367,1.5439405471126193,-6.033745085812605,0.5082815335975654,0.7654151556484781,4.552955577419475,-2.789299227157443,0.36208376110816776,-0.24477826089856158,-1.0690211886265084,-0.8119406618435399,1.8678353233720095,-0.7750562025529639,-1.5527727013596966,-0.015042465244437864,0.13115311462372858,0.3438829311604614,-3.180390101272671,0.3393696643040851,-1.8293390434542616,0.11808510951024775,2.759660093032686,1.7926142778765914,-0.18748014331025686,-4.159959636973497,1.2839227779889164,-0.8678953186146403,0.33552594505557387,3.595886375857276
9418,2.676772834356349,-2.290954023394942,0.9534118395681119,-1.525783196880397,0.02598510537523291,0.16056744097514475,3.44871263562435,0.3796251570236535,-0.36273069483808396,0.3161349439202805,0.8448544849453761,-4.626596526673982,-2.611876509515037,-2.4206042283177442,-0.48995932986470336,0.9988533786958662,3.7375928596903982,0.7859938293103479,3.8894913062984173,-0.9169946181933994,1.1484886471295503,-0.012794560690766232,-2.645570565645208,-1.4626202089019174,-4.7878063191203495,-3.6443323798809253,5.829728408330702,0.8652972928889309,-1.4287124393601243,3.165825437145184
9419,-2.7135842239485175,-2.9605741857641767,3.86852427437379,0.4322587230523105,-0.26254158129254757,1.6359169935786255,5.680907703503728,-0.7605513071795507,0.4193861990128207,-0.8932865927183435,-0.7209424158144291,-3.725513586802613,2.180960229433097,-1.3818418310763558,-3.8682145340423375,4.185188449469649,1.1712843195990352,-2.287376633383964,2.608696474858334,-2.8514765801783284,0.9283192607757051,-0.21180423910349244,-1.3893124740059157,0.9155775576503942,-1.0162564871905602,4.425064462429734,-4.709762043418561,0.17114544451591662,-1.0652139884361915,2.195022612103074
9420,-3.2473264534175037,-0.07733159873420448,-1.8432661674446784,2.5910575252472476,0.8999115476935504,1.6769551466550912,4.9875753545142345,-3.369716249154326,-0.6625252178448253,1.4057413012318527,-1.0943422388671045,-1.2667329498782323,-2.599043072669488,-4.156402832243915,-2.0091578789983036,3.433733993759777,2.2109818196169826,3.1198879705340694,1.799232649653856,1.6288144983957054,-1.4632352236855972,0.26495006262103615,-1.2740996525520316,-0.9556623344362656,-0.05951587204761921,0.24075676068418517,3.0340049120365293,0.0814322480414873,-2.840242704869194,-0.4564353438419726
9421,-3.6715521815073533,0.41258792390297216,1.497293546752477,3.1131290776439613,-0.024142800894129568,-1.3273155658984521,-1.6266414722522242,-1.2082225074346056,-0.9739131734420603,3.1148409570667646,-0.9707155593942494,1.6646517554579674,1.1649903452512405,-2.8681742592739514,1.873624214006302,1.911062904557216,0.35198156894507804,-2.433484773486759,-4.452235589146714,0.22498944047513092,2.935026571029841,0.8015329671292406,1.101807874661631,-0.6111212641523771,2.018779967610918,-1.83088008792323,-0.3124856258284048,0.296942792475714,-2.5775043137158775,2.4051472673842973
9422,3.6851717546187217,-2.0572403331474796,-2.858746827970702,-0.013022719829056228,-0.957769590172066,2.2016077165000514,-1.8032601905837566,-0.2554623627779833,0.025678870625484684,2.336251835828463,-0.45637078490200444,0.1531626318114121,2.6630865287030048,-0.8152357213965402,0.41260868920495497,2.7282405090684314,-3.8095423642898663,-1.1791576412908444,4.132717865800036,1.7454944528578444,-0.5564767646717019,0.021191188873743272,-2.429616023997431,-2.913310718865752,1.9368444163697838,-4.158045471274878,2.690951250608485,-1.1940283675991563,0.9052906388001389,-0.18101246690097916
9423,0.7463806442780339,3.940936240018985,2.4383774315766367,-4.641538262733622,-0.09003384390606772,-2.3941222092344736,4.8164386082305946,-2.661732913724439,0.059791631218841346,0.7524428769761577,0.3675310449792786,-3.3344712476787954,1.353420798159739,1.5741928192215155,2.1635470099836773,-2.019542474161451,-3.064278182007996,-0.007339971196362427,-3.216750132034843,1.6886268593137235,2.1783306976707664,-0.019943476531765647,-0.3444478219683198,-0.2858161264528185,1.1207349305469059,1.246372661047893,-2.543914601382742,-0.057114681547929536,2.5869136903758054,-2.352991999036554
9424,3.488462014079932,-5.5731220795795835,2.509154173519068,-1.263681592676889,-0.08765408985659628,0.9268415745135776,0.0533464942840034,0.8734638291781103,-0.7295945593661939,-2.890480899518721,1.2323070203930904,1.460958115031353,-3.6756449347283713,-0.05220959175322548,1.6540909656633964,3.709966999247939,0.6897431134095768,-2.3259465518401736,0.2781463595199192,3.0478484522592915,-0.4114421927431362,-0.1391478117367866,-1.0708454075766927,-1.7045593997258308,1.0725687088067524,-3.1162885935292053,4.255789031888909,0.17532867950634845,0.7352851288833673,-3.122682955552804
9425,2.308466991742936,4.125827138482279,1.9352679331687135,-5.024327978208802,-0.8737740628924733,-2.471460022293164,0.9877748121321943,-4.969591170432047,1.2286041528134248,1.167916868075487,-0.1317874485933075,1.7170827860058786,-1.5130157595535518,4.167120153049005,-0.11124962249137837,1.8851815520313409,-1.741536504722582,-2.6864998183137097,5.993271462968579,-3.1097004425968056,2.6202385437935014,-0.5163080500072557,-2.4275786677037914,-2.5599228464574146,0.3203499226086137,-1.1720304012899554,-1.8658239530570633,0.8341106148951258,-1.7151392528581209,3.5985330697047715
9426,-0.6703982962468285,-4.07653562913929,0.7222529616555633,4.335187566405782,0.49856543872065195,-0.8090720413963641,-2.2631960779796287,3.1986915562337366,-0.6669251865030947,1.5098468749967466,0.5587432644947947,-2.3371604312408927,-4.067856546228612,-2.758368476900225,3.419322885265583,-0.453027056528704,1.3143402721741886,2.545588922216922,1.0831063150487594,1.7564232309882737,-0.352822216016456,0.6997893237625057,0.06896872924021835,-3.2554653830265003,-4.673857284987108,3.709284903132808,-1.102315534724056,0.8904944715040957,-0.7189695660628885,1.8953630111405104
9427,3.4343805646420016,-1.715620947176987,-5.061862709866819,5.99043442768113,-0.9750002129108002,-1.6723311223690107,-1.7974161324141384,3.372051663596249,-0.8884972680671677,2.659815106424894,-0.9790107933131154,-2.3669425762250498,-2.8903684549016795,1.8954071493566147,0.9547790602689226,0.2119856559858171,-1.2841465906200735,1.1123431799095478,-4.216312875508752,-3.4581010820168405,3.3769292713195895,-0.47103005112010443,1.9161044045767621,2.8524103327461745,1.2496514003615857,-3.0258461570248336,3.0898675353546423,-0.9218059777146381,-1.4490273494895227,1.0571605485161335
9428,-3.0962146290698502,0.6679192407643022,-1.5002333874486702,2.59531736333048,0.4265538566355316,0.9066575557877457,4.9468845980847895,2.937216657605301,0.500458358583745,-3.434506227973797,0.8072720588916598,-5.75732544519003,-3.389380995970523,-0.8621554986742339,1.1411219321587218,-0.08531569734310196,3.453814730732269,-0.2580844709039791,6.125349472836678,-0.9172010377279332,0.0013853834597590264,-0.9891566700880503,0.5673161197365708,-4.787693268220163,3.3981927646024417,-2.407586805859758,3.8438080773497276,0.06664263607557963,-1.977293243254735,-2.9237634289098846
9429,3.412096941526798,-0.6323029223028236,0.4884790243508661,-3.9768599996122873,0.047001643793406434,0.6615853122435738,-4.199958419086187,4.472505065755755,0.8686088609602454,2.874615233234131,-0.11453622908124483,-3.9012345117810625,-3.786515042702897,1.708947355118017,0.9334133053367921,3.270968596108201,-3.3273521945988644,1.2005379807378986,3.298558482082214,-0.05263360864877242,3.003175807207292,-0.5984303769791186,-2.8526654932443396,-2.7980048104204123,-4.144727769360642,-3.446494160215039,3.9505647796554904,-0.5762706680109844,1.1071429382139506,3.109784879720614
9430,1.7126316437238671,0.5457366175086023,1.3368551440810137,-2.311683662697785,0.7360991388490419,-2.01963888146523,4.704486560001477,-2.8326331012475627,-1.2121969302888482,0.27952365915266064,0.28816187353401723,-1.2273420611501287,-0.7940080481367744,4.13605292524964,-0.9239967391063146,-1.189944949571922,-4.000861936781217,2.7727587483457583,-4.483204595831559,-0.9130507715069225,-1.5129775851541112,0.03898735051987856,1.424305474992142,5.445940126977476,-4.398035047497325,3.973286069986937,1.552826661932592,-0.9530563352839687,3.4303576865927496,-3.6053790357275997
9431,-0.6291658591532983,-4.543363609988106,-1.0730613652330767,5.789154016942074,0.8389663035113859,-0.38252948607948944,4.884563660109826,-4.955084726574878,0.12254344794618,3.31061358913583,0.09685434607028043,-3.4594903166856312,-3.447364201098729,-0.30988739056214243,-3.260336316604713,3.0591171589138675,1.4730714083455716,2.4853993410052624,3.912108273653793,0.40322351189435324,1.6088264337937943,-0.40633737702559625,-1.4076184376038725,-4.110202404715544,-1.709861637338502,2.556306465264125,-4.50685177192031,1.0859953661433464,1.857002823377531,0.7174087544772103
9432,3.3725300294528573,1.189761323300317,-5.909152814546509,-1.1667362387777303,0.38443120969760347,2.1291664908729384,-4.357739288904369,4.982078586083595,0.07625420014256523,-0.18471801472479932,0.015691020271902723,-0.5315665028673067,-0.8914739942949303,2.607368090920783,-0.2166274431079529,-0.7047386042168995,0.8027542558192522,-1.5972823051211336,2.7223785797759668,2.385410667599718,1.2733313605991476,-0.9014029560353674,1.1469436225438798,-6.6266612744864375,-1.1523514374295196,-0.049010621119585096,2.4106535819978063,1.1519502642644106,-0.46795913569464176,-1.8932826520150758
9433,-0.4270624420733089,4.828788860535035,0.3480947152588847,-2.9650782952142407,-0.4535419057511796,-1.3312009327557313,1.5441201579820074,2.0406274879523068,0.9771565995490876,0.9977045484526119,0.5015237075663093,-6.061132501500694,0.293471821690801,-1.4338378128672034,-1.9321888549586372,1.4596606465962836,3.4110900860187705,-1.7981958864808867,-2.9576699628839904,-0.7964233512001737,2.3944486585654374,-0.48301445595885983,-2.257130400436095,4.099789511910586,0.009347222201355976,1.543249280655811,1.1103197900882265,-1.13262431572507,-1.1052095117402683,-0.4250824654766383
9434,1.5519024526995153,-4.772669609701325,4.875640602893128,0.8815857718427367,-0.9313715775502887,-1.605087640184287,-2.3699939992793446,6.233655032820717,-0.5811844971785014,-1.8066908065986134,-1.19301720727917,-0.2827685224834511,-0.4367054391124654,2.8122415204459337,1.2855377940229324,-3.997131428203481,-2.5907064291787805,2.9267639820249585,3.018855896159888,-0.3035368401099756,-2.147296273697423,-1.0281590393599878,1.0160753466557484,-0.5559390896513428,3.2903710947845397,-0.8239519409125329,-1.9229614273683566,-1.0030346098423002,-2.734374172249943,3.1939510555920023
9435,0.1340414341558489,-2.523886055519224,3.2383229660599007,0.9186103201811484,-0.9954904798983837,-0.7715981849798332,-1.760980056879518,5.934937150668858,-0.8096697350607531,-3.4563660789497934,0.8284248194750576,-0.736346099252227,3.5566949029501522,-1.3829760618797948,-4.087270467247796,-3.1755612391863455,3.744675717332278,1.3444371480306323,-4.179644557154351,2.2489155332075015,3.98658989594151,0.32531818211940067,-1.7912205263984493,-0.5899585277187072,-2.925313794944344,-1.9492450924201243,2.0156136989208946,-1.1582681371543937,2.920131555247778,1.0970817703536184
9436,3.3864053774768728,0.2892651120724814,-3.3647665647361436,1.6421973223543702,-0.8930206796309166,-1.0600805675372271,-5.346854965410856,5.066407892131036,0.199613935070186,-2.9971018656536064,-0.6820007131098729,3.759935716974727,-2.9975713673278612,3.6842790016426186,2.0595204600460626,-3.190746938570941,3.133433153400059,-2.688914309190814,-4.697230539704822,-1.1382834204723373,-1.7278465883749305,0.5741278693965501,1.9243477222876368,5.064884956864795,0.4294426755461629,2.2560273883469684,-1.5526899706525192,0.6007426377997778,-2.5827205596479477,0.8491978286109756
9437,1.5178483256772033,-3.7841144007655068,5.456826157027539,-2.901467826743527,-0.06392092098675328,-0.22517133420948454,-2.739739074599459,-0.09885651907082149,-0.06299640205425927,0.45014930870414993,0.9295444052756956,1.5218982817462887,3.215341038913884,-0.6423823491211067,-2.233218962413254,-1.0584218575635909,1.685353792579857,-0.9666716623966689,3.1621760175191334,0.7308552580707186,1.4568433297914645,-1.1255943041319103,-1.8782689144927431,-2.3460113867597627,-4.664173327028818,4.1775778332286855,-1.1446130232726865,-0.4735428397044501,-0.5243892599582498,2.629140616738944
9438,2.0159167595596372,3.875189629598129,-0.903482161305849,-4.37990702899809,-0.3952293060778851,-0.21248789277647262,-5.6892636105362975,0.3197939687045235,0.6448063548071845,-0.41933052107489033,-0.018124515340464775,5.1621183234415255,-2.735406717446182,-4.1364694611495665,3.575687558028097,-0.08787962529570947,3.5550180462015675,-0.17094980033907348,3.6280912077539718,-0.7182500065995256,1.4518591894511452,-0.36733941682576177,-2.4414770685792924,-1.5528839052036645,-2.828438167618682,-3.8967426992589296,0.7411958349315846,0.39398980329501665,2.5869851033197477,3.003010125334697
9439,-0.5927493018626695,-4.39746504076323,3.024670721983437,2.913726083202043,0.9693927344547695,-1.9175751970149122,1.5315238788579677,-0.5007716806494891,0.12054689887223002,-1.8538386204497197,-0.33448502200483343,1.0370245453754414,-3.5260141934901785,1.1378289931578962,1.531618214155202,-0.7750142852777309,2.25460621012018,-0.6230249386662301,0.846805977806337,1.0131253126246111,-2.5344513056546507,0.9099943820660279,1.5661135030749804,-1.8015878699204286,-1.8656439724634417,-3.1615475153882358,5.645721057236241,1.0326871207122617,-2.7729966086457587,1.1217799185523347
9440,1.0893868796998447,1.3639407003173183,-0.826885410105433,0.650568074786392,0.17202445302410307,-2.449034697722807,-0.5443965343099499,-0.6570701314655665,0.8601112374387636,3.540574490921422,1.1774703042351025,-4.3766893668181766,0.22399819322428272,1.0185791966676838,-2.0244304895741045,-3.387684097014036,2.6497694759933133,1.5197677207019815,-2.503558968952312,-0.9670470022815696,3.293087216653145,-0.04557214787248842,2.492259368833837,-2.269168466383757,3.847867636299185,0.1696883278890695,-3.4474720520282,0.07279578940540876,0.5303255353938869,-1.173205236955953
9441,3.041992388476398,-2.987027288144308,5.101671871478668,-2.724278031418933,0.04967064696960399,-2.482029587362004,-4.366955482176095,-2.4337354988494546,0.09676861563720607,2.7906682316444176,0.03959335179498247,3.8736607819505444,2.6193719000487974,0.8603523107792199,-1.7054837423088518,2.722526896882705,-2.593561516555985,-1.9032058488467225,6.061335857592539,-1.3789445835528529,-0.9031655314586562,-0.7558569330216471,0.5608957787553202,-3.5842645883178683,-3.3436819080421465,4.455124386859204,1.3825267186032661,-1.0471293094891974,-0.2522684200948504,-1.1945714678328478
9442,-2.1072259487862617,1.123905871716822,1.3411980326335495,-0.9355602661298228,-0.36868412826444863,0.9463664388296031,-3.684556548142208,3.8441653515811183,-0.7218957783955755,-1.801569368847904,0.22420005488213057,2.139656288924055,-0.17730319510804193,2.558230793364345,2.3616789754573375,-3.2743689859318064,-0.3399257763589567,-1.1283118114236874,5.420621292710621,-2.837932205625977,-3.8180762405085122,0.003789781562773875,-2.6797264829246235,3.9113238547825375,1.3375317279361063,-4.411246500777935,1.14554003614667,0.578727801201155,1.9002209638385388,-0.5507740283410953
9443,-1.2928718882924386,0.546732226539099,-3.702776553107217,3.2443861512530816,-0.6667247347629697,1.8712547983698915,0.3546038253234549,-2.125952749101348,-0.14330799863215304,-2.576723223489882,0.7419364744617356,3.749443671439817,4.180650183150409,1.0642223360959342,-1.9972808162941984,-3.746206967818523,2.2268643959991827,-1.7282491311336052,2.972020737377857,-1.5570715468268403,0.8293573489700883,1.2182263402636382,1.0984664937214337,-4.560999373509382,-4.235965200505964,2.982675641365084,5.3202173384365565,-0.5561044736321783,-1.4408119142509204,-2.0700113914091425
9444,2.0421718945783063,-0.3177239096252613,-0.505061808322786,-0.3912624825373747,0.5134599208481614,-1.341583614941607,-3.689552421095769,-0.0005568549029888459,1.2374203794085226,3.131462348566732,-0.11106496267680921,-0.5677084892980524,-2.116998260713439,-0.513581510900309,-3.882593292472997,2.942628672289448,0.4905885524237412,3.0799558393727438,-0.2617638074001363,-3.395529971141661,3.84600492377227,-0.4775529739214148,0.02905967411375343,0.2597821545740011,-2.0594308267642347,-2.5255604212289775,4.874416368396968,0.3850384599009882,2.0881601290234286,-2.7626237093247106
9445,3.5271876313047805,-1.4195600126503116,3.9377165005623027,-2.9098273297196293,-0.794131634873688,-2.3413851546240414,-3.141010321534914,2.927968591840891,0.7061716453896913,0.011429583274230382,0.125600091256711,-0.6301595902249915,-3.1813778209846486,0.35855939294464534,1.6475822132721873,2.0115310299426916,2.7834753256821188,-3.6197701408577956,-3.824292126306581,2.7715735772356282,2.9055569876963254,-0.9807494182878473,1.1834804037150128,-2.055569424055715,1.6647740326441927,3.716380563394676,-2.840751170169632,-1.2156901197745578,2.0976292219050343,-3.422342527996248
9446,2.8004943266512647,3.967675760805566,-5.448790667275347,1.4457400142518786,-0.8066066492286605,-1.9585127852053077,0.13886007295434766,0.6944759411966359,0.7193621830249333,-3.4053463657927843,0.46475264813441086,1.387895520484058,-3.471020871443093,3.249491767295929,-3.5539183890397403,0.9781666188923879,0.5324082150213911,2.2648726592723065,-5.476298074072549,2.5206672194598205,3.3958197675123145,-0.7216292670874251,2.14508058240512,-1.8636402282204934,-1.0752540208228396,-1.863557414502612,4.944413174021783,0.5092314902592019,-0.6086574806111233,-1.906175748340969
9447,0.40577795013013507,-2.4964314547897217,0.8062728976895279,-0.06256751833506158,0.2634308168283792,1.0835173084761394,1.2920150232078882,-5.096230105561226,-0.14764593769588075,1.7460556757004397,-1.0598681256468896,3.265673469997232,-3.0107505333084656,0.19877913979628303,1.7114520773938544,-0.7685468338555914,1.805295239762092,0.06377091021101755,-5.938408154564858,-3.2153652060367115,3.4851396416722693,-0.9438416761001243,1.2783819683827975,5.334093426643399,-3.3807823138809994,0.5332591971616978,2.7733554789561055,0.8305733350640017,-1.1107175439867216,0.3543118466893116
9448,-1.7326096510631448,-1.2938972632200354,4.806939481020251,-0.7378272425217673,-0.5712044946774664,-0.47140082953841755,-1.8340562254093555,3.323653761648412,0.23888571417284332,-0.5402039922647592,-0.7685890836421505,-0.41969017450344026,-2.3501628819943523,0.38206536562244864,-0.5907658821310022,2.8461358469741143,-2.2069234085047036,1.9196509600326905,-5.253305590820187,-0.8146397264594754,3.648681072302427,0.9316591307786091,-0.8651477421860783,2.3527528563814784,3.4633904968056584,-2.5795497947773676,-1.3290669773853097,-0.06837812038851876,-2.3460585970610452,2.8596629928099837
9449,1.4679431560390235,-4.041297008425229,0.43267761634463753,2.822872320880659,0.5920488232155767,-1.2742449080552554,-1.941129456822285,-0.6320012896673362,-0.32446809747391825,0.8401103653923201,0.5856406650172081,1.471847813555506,-4.1231900266574915,2.647181026508189,0.21401326290092015,1.8515401263655882,2.746676401061663,-3.336220790179677,5.75718504165042,-1.2220935146122631,2.251157486024983,0.2787153102223918,-2.2681498393930024,-4.796814483895755,0.9909285740468974,-0.9213639417219603,5.98441221561394,-0.5717433436520478,-3.066928184081295,-2.4153053202021457
9450,-0.12477295158994295,1.385512839985843,-3.7548200508285277,4.299139486505258,-0.9784486268259487,-0.8266106972472596,-0.426836899244158,-5.575358937266085,-0.1446174432960854,2.7181574724350988,-0.25361481094557714,3.6822706183182916,0.05146728397212996,-0.8917309015184358,1.786197042143641,0.22695536504587466,1.8523982334791285,-3.0252870231231377,4.005807773450208,-1.4238059113496657,-2.3948454996708435,-1.0430588010904067,2.785910834383712,-1.9300083957262402,-2.1931535770381174,3.6882926981564665,4.642858761466449,-0.1510623089487062,-3.6673005117564674,-2.3196350618762462
9451,-1.19403557212455,3.196307748295208,-4.035353649888194,-0.4084736301485883,0.7688892344140634,1.6726658694514889,-2.050039281817284,4.511625747401165,0.5842297937498628,0.7109788202653409,-0.7647165633194,-2.9920785162781875,-2.5381940203035764,1.3252814768880974,1.1897217935027413,-4.046001504505211,3.5640427150225094,0.5051495393946546,-0.2781372625538765,1.8550826526880932,-3.3889605226295014,-0.5972105444584299,1.2901380359996182,1.119087640950866,3.4830927360256894,-1.772137779275404,-5.5939649498722765,0.23538904318264464,2.439635088390009,1.2079858615527215
9452,0.10570643037050687,5.332704224082168,-5.471278780664999,0.7872748310089861,0.6819989775206521,-1.4364056823178704,3.8035101913966045,-0.6943766446053594,1.2026001300516906,-0.3818715015888383,0.7307371731804579,-4.660599348433067,3.719283572900995,-1.3680735727295819,2.15764223154887,-2.6812943974721613,-2.1684750719264567,0.34091723767756044,-4.14665635279,0.12808944045526083,1.0740831870292986,0.43435594720235393,1.3491307923021623,1.1609969857976736,-3.766121946059741,1.0943146083234154,1.427873553710274,1.0778806118195883,-3.166836831114214,3.3328900033240565
9453,1.6793023674926246,-4.725059376267076,1.9127263872560896,3.694823302151981,-0.2327504098000781,-2.3290422708341136,-1.1400054634425558,-5.146119317642523,-0.8662383787667896,0.7812633349395952,1.1365276864211893,5.23457213849257,-3.357869600870048,-0.9822194792057424,3.0897294326438285,0.6165324733286965,0.019454740176133356,0.6143724339263663,-0.2897196144396723,-1.1243819510836381,0.9203515974619698,-0.5585224675936615,-3.162010417282646,4.214282852934385,0.11936114329876091,-2.4805285174820213,1.9677336864389474,-0.9131261132732034,2.0087223727215786,-0.7021625717006774
9454,-1.9065849664835728,0.36863222383320604,1.272423047631527,-1.744629499515007,0.5357942564791456,1.4743649380541228,-5.709167802539696,3.1664093685237162,-0.9356318431181059,-3.346989654993539,0.7843313389751305,6.0410485931539455,-2.1270451098390453,-1.4709986554667278,1.5596767301820407,-1.9303171743019814,2.5070544737322713,1.4616297356926253,0.04053845816203605,0.022289271434667413,3.292976570085827,0.5285059773571801,-0.6400209383886057,-3.244289338654365,3.0000660861466493,-2.8117578086427635,-0.7608969961678156,-1.0387733957842187,2.696639370461572,-1.0852772560100021
9455,1.162225800021023,2.930510627742162,-4.9537691865947195,1.765014845586272,-0.12068287360625529,-0.7832992131490908,-0.14949699896790136,1.124129241510989,0.6692460261358182,-3.2498562550099184,0.7528270077462471,0.8531509785862177,-3.2481540178800277,3.8680607706697288,-4.244465539126937,-2.31846850055331,2.6824361915002193,3.260591095389504,5.416589534807166,-3.140857623699249,-2.910361947276602,0.6575716807004657,-2.288220948976834,2.2652793044417763,1.3550446578085484,-2.520573526333685,-4.251718600424134,0.47229194157273824,1.3133687192556174,3.631586808124304
9456,-1.662594513761313,3.7809705955086663,-1.2969976327693438,1.5590255539035525,-0.314091027461072,-2.0663129754210914,0.03313559543854083,-0.43349037902786947,0.34779366307793325,-2.541213600586909,0.340123271286644,2.2536514498131304,3.646691938054431,-3.292203442058284,0.5436733167561734,-1.4039665110923423,-0.6074782499138038,1.113282948253044,-0.31760252058170835,-2.790773716672689,1.8306095483962324,0.6122177845747556,-0.5361019680982437,1.2016508723783907,-4.491880106860155,1.7937152053641796,4.218148948113022,0.30462349540169953,-2.99054640327463,1.1659388612592672
9457,-2.4502482602616507,3.68233508396208,3.3276474352123557,-4.602337961977039,-0.8806356589334565,0.923239361997112,5.629343175533055,-4.981233470910311,-0.08471906156889819,0.8946010272133638,-0.09966410911021928,-1.35832756115553,-2.3960885958139073,-0.845252621931806,3.3513589805879036,-4.162942357634439,4.025074059565139,0.027850535226338735,-0.7274669943238088,1.903459255626709,-2.1827186398451737,0.7751968363285693,-2.412107942494556,2.643637484704982,3.0096116361930463,3.002327719657572,0.09821284933742902,-0.0009024309561791455,-2.7380961836607494,-3.3711535905677206
9458,3.566357508957232,2.2574403490566617,-4.017551707788396,0.4032600053385025,-0.8379284353169858,-1.3715777202476254,-2.591808416052448,5.395576799736908,0.22203320297971807,-2.7994874279349276,-0.7539213410141672,0.5276071822863315,-3.236740379183116,3.72220168532807,0.7404704291820998,-2.3289209472357815,0.2841180465379516,0.8188711653700373,-4.187622349895378,0.48184117203243026,1.295636427839728,1.03979359311682,2.1366677218263135,-0.7663165649232297,-4.341962359031367,1.4076970057747467,3.935483224475636,-1.1571819496450328,-1.854612083985387,2.0105761624147895
9459,0.9225276629588457,-1.8274559870522395,0.6115792499288801,1.6836956589176744,-0.2551309270240285,-1.1352156577297592,1.8773436288469831,1.2597294193998998,0.5922218423213748,-1.5074495098670866,-0.5734546027684049,-1.6483907779313576,0.104447465658005,-2.5505379709770253,4.2330588213066065,-1.335860354287453,-2.4605446389889813,2.009436677288086,0.2483857381670873,-2.545072750704156,-2.8393221542428044,0.3301461943493189,-1.093537080948547,5.899400053375807,-1.7128536457864598,3.065750310031106,-2.302920168971788,0.00035887122333377874,3.2695594469838376,-2.3198948134766653
9460,-2.620647120387938,3.945808330321288,3.40483454580356,-5.532631556294344,0.31534194430441387,0.4872938562523679,0.1467375443414909,3.0056753361551145,0.2442373947960208,2.113303077425023,-0.32091274106228695,-5.189040611653951,-1.7398199621597357,3.1519027102967065,3.4064152410565605,0.1774745453589972,-3.6050797596171673,-1.3908927749361322,4.042243732226574,-1.1338730898483025,-0.8686347913350243,-0.7296451616121633,-1.873385624360882,0.5632949349265388,4.463108883420652,-4.396932209854997,-0.043870122590924154,-0.8867903235856831,3.3177639985286973,-2.4532802259143622
9461,1.5092244268502384,-4.060328963650914,-0.4755941661668963,5.419174565855606,-0.6878042439029517,-1.7046716189857278,-3.5212406668171496,2.9998362668637313,0.15243279563272782,-2.7275380884409817,1.1959766571961792,1.900533035566884,-0.47768489336941045,4.048274628806077,0.7616144692053837,-2.2080540269928175,-0.033595977866202276,-2.0905541997837833,4.437679086452068,-1.9938750986624587,-3.70269359646929,0.19815559537548122,2.7451321906386035,-1.684398177337652,2.3811327221268854,0.7104260019053612,-3.843892478081383,0.5920484399842456,-0.821782478215141,0.9820677922834218
9462,-3.0371491369795667,0.2859745237277913,3.8952093395672733,-2.939968921346633,0.4209178838351084,1.3750163111953597,4.394891071004135,2.092899428972647,0.9564030288498291,-2.040315558460554,-0.2962014886254343,-5.107676481739205,-1.9599910312993565,4.069435302990115,1.78301191494824,-3.0957373727470756,1.1621224656882987,-1.958841279580989,-1.8207239092817211,2.2270506548586972,0.4797708151550246,-0.0015300146033769835,-1.2557387353885403,0.37117118925667114,0.041991997440739226,0.6087077782489807,-0.2073996661004358,-0.6031070696891527,-1.7620789617273935,1.9218859218306648
9463,2.4610761271172485,-4.228795297659097,-0.7087649946052039,2.50769272339053,0.868290252987463,-0.899498811231549,5.515945459455203,-1.8174347867017637,-1.0514092080629407,-2.013566377625999,1.1175381852279545,-1.7510732722910411,0.6781786059268882,-1.607754767575516,-3.4827862264625633,-2.6626254552675803,3.871192743730301,3.2037950996477633,-4.881925585229375,3.448460270811683,3.117763376842994,0.2554243526147477,0.5315782462894685,-2.4713006613327373,2.0083408177028303,0.7915658514217867,-4.832028200672752,0.27269871892254294,3.377087568124601,-1.617664755495591
9464,-1.4867450068318195,-3.4456367380973916,1.6201066356920428,4.486085736257273,-0.15067909664526913,-1.0231315303754904,-0.8526197797691175,-5.199184545396637,1.0470950352536903,3.208169679874217,1.0003039533792109,0.7962356566600342,-0.19605911047072766,-0.3268236417635819,1.881940945135895,1.9253492917461905,-1.6478660620976662,-1.6365414225508168,5.497632475319069,-1.771253445519303,1.4391255961312943,-0.7982573672012183,0.7360094548621667,-5.10325671359524,-2.870777857654044,-1.6911209235769569,3.913535351342823,0.8171106368651602,0.10325488526043536,-0.27200209223397387
9465,2.5977765167627425,0.4502148282609433,-2.2373555121399953,-0.009507891997927231,-0.355442823583322,-0.4456851173030696,5.905610453894081,-4.174430425268209,0.13734184846748665,0.8568167270116529,1.0759753149642464,-3.8013139190678658,-3.286588687830722,-2.315467623479753,-3.0541996018803808,1.768585307302608,3.825040245057078,3.0626303608304433,5.965630548961617,-2.1066803325207406,-1.3036273511276946,-0.5275797087051153,-1.683641659026856,-0.3441014975844219,0.7007776025504633,-3.7570034893579667,3.0078714160055924,0.9224424767445738,2.1729980405676095,-3.0470860465068412
9466,-0.6764388692601777,3.9199142054212857,-5.41766215515792,5.31603929696341,-0.8858604106389865,-2.2559920673282665,-0.6034790231066545,1.1927490905230087,0.6353537649597758,-1.8942242448074342,0.049295696092503505,0.6203047163401898,-1.6383959882582158,-2.5329431660217914,3.821611510543459,-2.29390411391544,1.2327588776761687,1.4108728799750772,0.7305281480632253,1.480244207682432,-1.8034488735246352,-0.8180341977102783,0.5815262857509982,-0.1708155702649563,-0.7839094907330129,-4.589823360261105,1.8289137891717928,0.06398318204074638,2.9634111528805853,0.5174247269044532
9467,-3.138253850731738,-0.12494359315303782,2.0860810455038816,1.7460134954267303,-0.23270744220127204,-0.33618965484517993,0.02770152968498607,2.5267839043289158,-0.16407112886212438,-0.996467949466572,-0.8905954179108164,-0.5033509377729963,0.7828425957441958,0.42931378997772285,3.225571303609538,-2.6601192851130957,0.04156777867267536,-1.8191761828918303,-4.826776677756147,-3.193174553911648,-1.0733054454100195,0.12979408612769117,3.0998323909860765,5.863630199960774,1.0796303088661396,0.6431121803747821,-1.5025227642450716,-0.42694377836831876,-2.4313992953786627,2.638123348754558
9468,-2.162122280751941,5.0839864749476895,-2.324167386976036,-2.1464773732580724,-0.4267471839166861,1.9755277499544128,3.6747507947163314,-2.8640762829936683,-0.017595122691240306,-1.4368167285529694,0.11441931647303338,0.5293180230498749,-1.421625059276142,4.037293439893812,-0.08668258068916046,-3.389838933397739,-1.9958583319318794,2.856711465400352,-1.9864433326436384,3.225788444182072,-0.7709849079593063,-0.5324217896223775,2.8324818898807553,-2.7684203038407986,-2.8536695454790646,3.0166369912088022,4.448536024811457,0.7272805524682671,-2.159214063285029,-3.179569959720988
9469,-2.6604722122956037,-4.470360096802853,1.2181109644018058,5.289861189770093,-0.27807420655480763,0.9009343614807381,4.277334436770129,-4.01176295374032,-1.1478807873688073,0.3063100254063382,-0.6153927432784645,1.19139202221249,2.67932834723398,-1.0268966057400117,-3.6272635192329368,2.143544367419242,-1.986359275049299,1.8176466853682456,5.364095388669213,2.005467394495845,0.8445967650038781,-0.47255954530938826,-2.636234487836573,-5.105365515026271,2.192708831970343,-4.650226807523751,-0.7289938427900147,-0.4838696646296956,3.3222981028112706,0.34808338016529206
9470,-3.171737188824258,4.5770448461113915,-2.1855192833278814,2.378840867404218,-0.49920228262126365,-1.0994269587428072,5.086778075242048,1.316989403519738,0.5118811293800007,-2.9541899762934722,1.1768196699350657,-5.138278301781998,2.459261500179551,2.6938666885304556,0.05069768327638258,-3.2955090576580055,1.3452678490601677,-3.253584663389299,1.8336300461509332,3.262392823535091,-2.183645255459968,1.0954721356355215,-1.574913226729123,-2.4329365231357656,0.45695038194579496,-3.1434880753114847,1.3790828123737384,0.9672643500339051,3.3594003553491696,-3.01920982438763
9471,-2.4157825676155227,1.097613908969521,-1.0538873884027815,3.7242098319638934,0.39569918931747816,-1.7478529742331759,-0.6818274907315001,3.5207915708858053,0.7282478975558506,-1.9355479494186572,-1.2149821217736458,-0.41668190651645176,-4.231388785418394,1.2574386163433324,3.8819736619295853,-1.7030321885799964,3.976468311624533,-3.18145961589979,-4.706780164178646,-3.0643506619995904,2.530897407368723,-0.6494293635310306,2.4280343755464564,3.4616284067907337,4.807662392141246,-0.25313087419145575,-2.4868472880781134,0.23588460811827883,-0.20805793912994552,-2.095510898856533
9472,-1.7304213477757333,0.748892117965763,1.744129114538115,-2.702496824105964,0.2968915671379846,1.643005372239207,4.863304630622395,-3.191976045324541,-0.2629265980793516,0.28696649545356046,0.6634903330628736,-2.3588588157335195,-2.6475527086991466,1.6537265750435033,1.429709059307406,-3.3378593766342437,0.05507143059839947,2.8469050203833426,0.3420926507530133,1.1058683342685054,1.7300472581231894,-0.5508094868822759,0.4912742107727208,-3.1184729670384783,-0.6133848049256052,-2.7045411850288517,5.6039193029904375,0.9378144126922665,-2.0145363231789553,-1.2092714025458395
9473,1.029554976892939,1.106956836010088,-5.402608734802776,5.412868172215763,-0.0813333110547072,-2.0654379392619404,4.63010144437898,-1.0437558342973787,1.120850776572011,-2.8173799280056233,0.9267697667191568,-2.816586225365743,-0.1326770174465608,3.604996209136896,-3.89669737252758,-1.1543399597188628,-1.102547487177393,2.681265627732781,4.546231329718708,-2.7941327388401103,3.4836263614237133,-0.6930327256845255,-0.7255197576604431,-3.8171724689606705,-2.3920925787650873,4.463488758234899,-1.7101516337945561,-0.5772709303115908,2.4248877791822423,-2.208861394542444
9474,-3.3235525550615908,-2.6075610347393905,3.557864413028941,1.0605996835272222,-0.8764796691719876,2.18912916241616,-2.1503768915163235,0.4242027235350285,-0.5946129421070294,3.3705862627686756,0.7405288576625999,-1.7903280103415504,-4.187847097377141,4.141663228849335,-1.0600631652285006,-2.9170441498043527,2.18929635307461,1.833994830485313,0.22674205287244575,-0.023876477276060015,2.6886199267894426,1.2450619690450049,0.5260333003102478,-4.662580771744377,1.6031514971337977,-3.408536725565188,-0.9495885755543227,0.40050681110805275,1.5593768984642296,0.795090094416885
9475,-3.388073399445876,4.541410250329097,-4.535505194019397,4.972833831271927,-0.23285859890448135,-1.3578068892319486,5.9681272395610065,-2.0614552984929624,-0.7842690639427907,0.3963331462023927,1.183756018128217,-4.702492041454441,4.164292168110578,-4.169294154004842,-1.778564687409867,0.17100849484955205,0.7905299506401313,0.8220282278137176,2.465665556869318,2.019837765620526,-3.032912129320012,-0.044106080787579494,2.0933064362043474,-3.501791548589914,2.9596966291757916,-2.6131908786246925,1.4491743051592891,-0.3224030485439444,-1.6671297746251703,0.1938527674621664
9476,-2.545845575940886,5.486070290542543,0.13869852206740418,-3.7296220451237403,0.4734788227000579,0.17721998575393094,5.914152627168839,-1.3182990735954228,-1.0483576760129654,-0.08481543541883951,0.47181551261120624,-3.9344959547514087,4.052083154459186,-3.6641379838420534,-3.709313816642661,-1.187498441632604,4.013211679642932,0.4956554080144251,5.102281190407364,-1.7461376861654863,-3.8412700845584116,-0.31668370519439026,-2.9237662998755525,3.725576585383152,-2.503489592223719,-0.035017718244933604,6.004310708303713,0.11804034135858821,-0.042348081904501456,-3.5414956572856937
9477,-2.116040514571761,-2.2722938973538866,-2.385050564719652,3.464613670399334,0.9689720667094042,2.33979923953588,-5.431237764971566,1.251309849481153,-0.8214812477309845,1.620608942610474,0.3186629676062518,3.0621372530060924,-1.7510340117273717,2.7796440369703497,-0.26150041242604516,2.5243810023022775,-4.040511238634407,0.7490206235144452,4.473598583197788,-0.5051364488857466,3.442927153393999,0.5199355395954859,-2.8218224032387145,-5.109502424066154,-1.0311874094512206,0.03171183820784762,4.201571596152647,0.9654638955575203,-3.6365559124060436,-0.5310040080573302
9478,2.3548418510042204,-1.5296547456248604,3.167074769363275,-4.854647735695096,-0.6374171256408787,1.4998029865926377,5.317040566896885,-2.212791983432812,-0.7367711440061608,3.5577254418286266,0.20945675277359488,-6.134659634058735,1.8132758463838563,0.38135162910994325,-1.4217232160480755,-1.0325736860653976,-3.2904794356258584,3.550148862244786,5.530761172745308,-2.893754718430653,1.6489887854387106,-0.528622330582813,1.4805295083705499,-5.237902417544447,-3.7423283523884336,0.6161768255319693,3.718207324177424,0.617350300803154,2.3779256833642215,-3.587331781484906
9479,3.6601075598540795,-3.4547423489750635,-5.39695861028666,4.872152061762176,-0.3388201099650816,0.6582614476098527,0.2775662580523388,2.003258785135852,-0.19138733898194094,-0.8372786920656878,0.24003684766933908,-1.4921958598085325,-2.125305381907534,3.598397702715868,3.4369271637091323,-2.5599401797520738,0.1927345609947615,-2.542813865760909,2.1285787582345286,-1.0015950078607077,-0.8985679429885796,0.15136446261656733,-2.7486398120244786,2.3688595420193117,-2.600995477645778,1.983119730907422,-2.0549749622409905,0.2377004762158501,1.3708190805888876,1.0643311521780134
9480,0.9016380353327982,-5.100555477985328,4.537471315623119,-2.383838939211188,-0.2945282615895404,2.3398133278294395,0.8083177043310066,5.145214192339484,-0.4958725514879756,-1.1780878414924238,1.100693702139421,-5.380265205828174,-4.088538038088544,-1.7286284946232335,3.400811805257785,0.10784844133945981,1.169130276104326,1.139376010009432,-4.009540696778075,-2.519492790006339,1.3363280685758916,-0.03487460712787005,0.20510982205741612,5.022470203275617,-1.0351256973150882,3.201444837670593,-2.6804778818558397,-0.9321671159571379,-0.10701085437821867,1.5533367118391226
9481,0.6687285692496694,1.1747733617032274,-1.805246614249043,-1.8247272961294314,0.5858658802327339,1.2006060991921572,3.503769830519584,0.4701869220832968,-0.19807634657944106,2.532172701233229,-0.2838320948189219,-6.024221012436392,1.9250481413633196,-0.7419275444818787,1.331904688339911,-3.675752011367356,3.388530909952472,-2.2278041838072706,-1.2317688010607668,3.493888810249839,-2.28426487504292,0.30247915061393904,-2.435752064425129,2.1554177796616933,-2.1359162961674016,-1.9438174315959422,2.9085772716731846,-0.4868591574303833,-2.003300484802267,3.661316098326239
9482,-1.2193288827118387,-0.05807776151153732,-0.6232114240054116,-0.4648848127538905,0.14006196269546534,2.2254409182865054,0.9149516214502,-1.8771333815106814,1.07110463389425,0.5945873756812468,-0.5419418636088933,-0.16156838590477918,-2.113917726299725,2.37528641746799,-3.4120687934789444,-1.4941304374229496,2.7727687209897454,1.8720618187430347,5.255374098968858,-0.9107955531689882,0.68034376577776,1.1651345728255222,-1.3372457698390416,-4.852811114567498,2.5098379161287774,0.13995278706738645,1.3187463668830794,0.03058764405428871,-1.550350236175266,-2.4487744779548226
9483,3.125005497963901,0.9022683369688984,-2.7708338393971452,-3.4308531169964915,0.350931526586824,1.8234815948732574,-3.2010310420000927,2.7489974635880827,0.4084773405259572,1.0538093270548927,0.43512743694672285,-1.4453805261142385,-1.7952029959395759,0.007146414416297375,2.797740245032834,0.5745631405272817,-1.3922736449640851,-0.19197315907359425,4.049485926891421,-0.5577798309023336,-0.21170192220786177,0.4439678898678565,-2.5053568268957793,-1.2186152367566834,3.302340193677601,2.143056458905079,-5.813535069085827,-0.09009989345538472,-2.0711143617165,2.5293526716784918
9484,-2.758218197711102,-1.925568839819217,5.733280931810711,-3.074193977878984,0.19017756316643641,1.8345225204313866,-3.026990710107558,1.8696976408765664,-1.0498532763724553,-0.524469837578712,0.16611924110562448,2.565496942077857,-0.3454229578828283,0.298893307992504,0.8372495374810747,4.190192571638882,-3.0720108562258854,-1.908901603004601,5.027093094895186,2.142971620325433,-3.1970403726852563,0.969105551788088,1.6016417737206812,-6.5437716680475155,-4.726025175592708,0.4252607165166502,-0.18539259095695115,0.33100967188263475,2.782541277478458,1.3726061006754016
9485,-3.651075736717015,-2.226601398136861,1.9474367576758915,1.7130167710089985,0.22486356127658436,1.9923600448916474,-1.7746635005822,4.774336826347312,1.0863751884456763,0.9066676389280168,1.2389411916204311,-6.231657344757863,-4.048548916965585,0.9985003904826435,-1.2905479161412767,1.082592070516764,3.306477844293717,-0.04847347218711562,-5.208784572340004,-1.680569375362591,-0.23915814983451078,-0.2614438839672468,2.421691240706396,4.968264740794556,-4.850250500474745,0.9479475166810651,-1.765286258645851,0.2364920059825435,2.4051817609109527,3.025915475549535
9486,2.340133980848208,-5.616624742467895,5.178631791945637,0.3991175855804734,-0.958950222300798,-1.3423083936063893,5.01543812002366,-4.830726324631456,1.1054439471960524,-0.4343733144350441,0.1221368787431043,-0.9779193068949574,-0.8788430150244793,3.017349189441166,-0.5639537725585306,-0.29676502749506284,2.2102115314641573,-3.4879989058281247,4.634798798310296,-1.9072969244978957,1.5442156143833543,0.2312651694618335,-1.6061152745851892,-2.8968673830758007,-0.0736765129851058,-3.817101843139813,2.1950497518235963,0.9226048497441832,-1.6983573313608424,2.471481085921482
9487,-0.4433579319280838,4.884188380545165,-1.0491366424324404,-3.202778182409869,0.6802430766371916,-0.8691587004127328,5.414111056204209,-0.841074011080007,0.545418178132409,0.25862815504711456,0.562372598443984,-5.939455976746363,-1.8496274582248287,-0.4031785813772224,2.004478435636358,2.5957878893528914,0.04775963192168575,-2.39521991730979,0.9753137273751449,-0.3200751514905935,1.1393517952377827,1.1201793204773978,0.825981217708371,-3.7407509093114797,-1.6087672670028859,-1.6699116399062781,2.9621672647469452,0.6731453934391256,1.4451561248180624,-1.801789876091478
9488,1.144560691885932,0.6676784815672079,2.5462557728842548,-3.3831663186186454,-0.44834483227677246,-0.5269837954427476,1.8676173455468899,-2.5440952992639403,0.3276769719613526,-1.8708449226447552,-0.352756568111638,2.5724024725134242,-4.248526833398678,3.331859201588024,2.9467008942719275,-3.2890435595857266,1.2285766808536422,0.030433616269871067,-5.39677281716925,2.0999914058032374,-1.1586065271976516,-1.1137793386811703,1.9664660748814597,3.602701202359995,4.3424261891805,-1.2161754860906022,-3.4789010153458975,-1.1422115464033786,-1.957016363216196,3.4518782218790527
9489,-3.642222578455417,-4.649920062867633,2.3376153500632526,5.976283860764269,0.762266024314028,-0.7840225938193033,3.678873817760934,-2.4783582892817506,0.26513122737275996,1.8687996487682703,-0.9333539464838632,-2.4010924581349933,-0.7403252624210914,-3.3466683034546953,4.121937072349059,-0.6406839684541801,-0.5537901888475822,1.1595306508275733,0.09911639782716719,1.003470959590496,-3.800781889625183,0.9769326053642029,0.1463518019806962,1.5749101248592154,3.660292795230344,-4.853505704884915,0.2956965118680266,-1.0833137248023608,-0.2557232929618056,2.2365534155541944
9490,-1.086910591163079,-4.593407273371945,1.3842944975065734,4.254431875969619,-0.9568146451293571,0.9984061361874073,0.16147306341494172,0.26594636177010145,-0.7203924302610654,-0.7508133769620269,0.7950091817614258,0.24877720027797778,-1.0525918994786512,3.6394010163893817,-4.1483947892128,1.5399488837874102,-0.24764822359755811,0.26928501211131106,-4.014057275277825,0.6029441611383799,3.6418410796823473,-1.0870150391123996,-0.8827916112021459,1.7390786847682342,-0.3469223927286329,2.4186714131698075,-5.5904673740655895,-0.6480385842996625,0.6024207836107465,3.5643361543167877
9491,-0.44550260710124334,-1.4350787254859867,5.3328001973377255,-3.7764969464470326,0.537265378736056,-0.2129872970402964,-0.2760624334412576,3.298896641258427,-1.0178745191234873,3.4893369077069316,0.611502022747036,-6.105798619146306,1.0139281732735697,-2.280297948295228,3.5188871737913985,-3.9644653931261153,-0.40109801538903156,2.1130460097445294,3.95352115329176,-2.655633870949062,1.8674915360116415,-0.613254893894517,2.983579883821836,-5.5357038082850565,1.613397067636111,-0.7061728861658061,-2.1631684162511995,-0.0892960593547425,3.3335605751062545,-1.9883202809671836
9492,-3.155796325075789,-4.803095089923161,3.6496172272107614,3.329432213301935,0.1092919341803733,0.8705500403050639,5.928454910761715,-4.92307012982209,1.0162809856561728,1.0537006063312937,-0.17219249223558553,-2.9031738806901686,0.5587143528535172,1.8705855701880587,0.7920640005655066,-2.3717525959766874,-0.6471355711201277,-0.20247575651112726,-0.5465808617637222,0.3342048172825347,-3.715080496386067,-0.6209156727499039,2.459641429042666,2.088730784571066,4.748768655491588,-1.5446190749831352,-2.1538620714010612,-0.43554087755715365,-3.027267726921174,2.412521095374391
9493,-1.6013218827419529,4.5032724694583735,-2.6892320157915393,1.320556050757446,-0.9965183269655467,-0.5367562947175912,-3.2893062160169073,4.689801521189548,0.222493562510774,-0.5982499117028475,0.7749399479065815,-1.799678903885816,-1.468783670688902,-2.756034280634177,2.2813119876706693,1.680481833098682,-0.9696157742969866,1.2326399048498367,-4.400112943910646,2.6941261275661965,3.83105611646452,-0.24067337052796045,2.6052284622207686,-4.489624391816317,2.2342066960919915,0.24107717654937133,-0.46556935824140666,-0.1980451905456473,-2.963594025043701,1.1519247011928258
9494,-3.1930010336498924,-2.9770199968823086,0.7736185840432661,4.580104475256011,0.3324137447297719,0.483884226502342,4.078956630582564,3.5317332799015126,-0.6671071658223076,-2.448002114655191,0.038697464704839035,-4.5342780947101105,-2.0295477730186686,-0.21426411817084912,2.6957363257050204,-2.4719866941675264,4.234418092716492,-2.2143558330653335,4.959995672818174,2.8293199245584226,0.6690314599390064,-0.30662312484788057,-1.9668161422362758,-6.184907790234899,-2.750721659558174,2.712615781882171,1.4805054389093542,0.4301858732639676,0.06530639223915102,-1.9378918267330203
9495,-0.3159768767221891,1.3172502475007555,-5.8800846821190795,3.8513464764601046,-0.727355882050778,1.7548207169303591,-1.574617109456888,4.411992675182098,-0.9186690987561796,-2.5284267983433324,-0.8148566751736288,1.4245770065492636,-2.883818122505442,-1.3299577840908956,-2.3383324359997797,2.822808354956109,3.673961509510754,0.055338478128375,-4.303262434382063,1.6802793795764597,-2.2141881219834936,-0.981083594962131,2.8192009737177504,2.9990537980300083,-4.610386812843743,-2.327066275814307,4.416535002950262,-0.8149719365234152,0.5985375739780139,2.7373524482566225
9496,1.6418261354007697,3.9196013781675276,-3.4672037776556017,-2.874129421578786,-0.2632910231506762,1.0431967088159197,2.583193435933673,0.2955162435033323,0.5779052881500464,0.4035674289784943,0.4462152878750869,-4.30639768443929,0.7618295991932662,-2.412181095014745,-1.2041240339840371,-0.8998641658747921,0.852248086402021,2.902091609277381,4.3901790490785935,-1.7485016006359295,-1.7167791050197607,-0.43444381935131915,-0.41544177540519733,-0.07501274866988084,-2.4921617935003404,1.9528765765804863,-0.708377688978608,1.168579188164098,-2.0269877300456525,2.106071447783428
9497,0.9582781874541482,-2.7487877149245676,5.776688814949889,-3.0922988266699747,-0.6087067451398696,-0.28517371567048677,-3.249001811746652,1.912876533645072,0.22887088203600747,3.738753329565643,-1.1285133997103678,-1.5029855337883546,2.508258768652869,1.223208846963498,1.5653696863059423,-1.9778766718170182,-3.580146863141481,0.2611862330352448,-2.2000274053881306,-3.3937311441544313,-0.5774361729317867,-0.5420320287719722,0.8906639015331201,5.822562849709712,0.13836071562224816,4.278341115706301,-5.219339695256828,0.5698752737284103,0.005814770776263245,0.2269478194269947
9498,3.717663925107612,3.3576797912827416,-5.637961162737309,1.3537704893006897,-0.3038430654448856,-2.4873099775097236,1.609719878954408,-0.9393223198083192,-0.6769210631465148,2.652973373270978,0.48230415343813604,-3.128754022707369,1.653137234090078,-0.4014780657605641,1.0751616686475032,0.03523955395327505,-1.3024367754703672,-1.0596236154608487,-0.9104867844028774,1.1698300211450352,-0.6060812006019667,-0.8321398268363431,-2.7839169950597835,3.9627947857524433,1.402335703133108,-2.3641240601563567,-2.471990477786882,0.15377599920956442,0.1793524381932734,3.1006503974107034
9499,-1.6983060928360043,1.633752211751382,3.6595774503920495,-3.5250388786946445,-0.9517527002644626,0.8817680096508038,3.5833541607128794,-2.576494640851468,-0.9578626902756229,3.7259245014403817,-1.2080384769650232,-2.566882854059841,-3.2473685274175725,-0.3778213947961291,0.19191760480588016,3.8406911991153265,-0.15252777059070866,-0.25489111111773255,-6.194497202506273,0.7455629505802523,0.18010848452106742,-1.024178416850364,-0.42009796451804604,6.713102148769892,3.9170047319489996,-4.191641102387024,-3.886184929604468,-0.4839953534349162,2.470329038387309,2.174487615093497
9500,-1.2495550413383771,-1.1371429393499355,3.907036707832109,-0.44564205712740446,-0.5235295222568404,-0.5511671477604239,1.973155821172739,3.7582018092130447,-0.06090236138734895,-0.8383269681739947,-0.8602685484002821,-3.9718597524228656,1.7441951593436507,0.5213909053942665,3.8407052004235744,-3.2331435165527296,-0.8173268263561866,-2.0558209222535258,1.7410323627739466,-1.1526248516790094,-2.1967599655415295,-0.4016199904837645,-3.1580724650841834,5.1680449100110835,-2.8448630129695864,-0.9628277338723521,0.05359758155140426,-0.5086622368807179,2.7346436964104726,1.5281117057641893
9501,-3.4131993765870448,-1.2952080653266478,-2.5337992662670636,5.2479419315344344,0.19116162072598497,1.8031031559194641,4.876559845541742,1.0098165413880373,-0.31467753043343283,-2.216218797002952,0.11601411266757466,-3.4714941721596553,-2.134168264338065,0.5123875861622125,3.9994417712968726,-2.911721657832265,-1.177393968565255,1.7114545332755249,2.3174095472001,0.24093860575251114,0.27109414033743207,-0.9736636070471727,3.063796698478761,-4.919575384725075,3.6066485121648704,4.122308388318366,-4.8915558373815315,0.8481357260808577,-2.509391902323543,-1.1761448868556652
9502,-1.583575877150242,3.9184325235688924,3.1844042563267045,-2.4957946227586874,-0.5688972365378999,-2.45456904344967,4.840636635236127,-0.16953334206973025,-0.0897252054624671,-1.6435886444895829,0.4331226002094102,-3.370912043422429,1.1713685295523248,2.902771493242856,1.7699482273679301,-3.100834274683095,-1.9827527977783017,-0.7605011777026718,5.764323066946137,-1.823852765613795,1.933989047057974,-0.15468110952134584,0.637040748377661,-6.356818987250062,3.9026109854467563,-1.559207383166349,-4.567903116970307,0.9131700533094804,-0.019330874372974094,1.3306603357567326
9503,2.2587496857847533,-1.3986516328950742,-5.78436562877209,5.22125504631833,-0.6515601574139793,0.3545726869771588,-1.65756368326862,2.4269907938022506,0.9664996652489943,1.405119266562643,0.16673366275110624,-3.3077797050949904,-3.1429916900681736,4.192667826128442,1.9864473430895444,-2.24593376192532,2.038030035593639,-2.828219752819116,-3.7803839053245873,1.08181609555559,2.4751812146195995,1.111439495570293,0.18375808462300824,-1.0718109850473532,2.7813188689914483,-3.5791758594324463,3.439721011780904,-1.0729393536166016,0.8773153879254778,-2.44624005564547
9504,-1.8879898548009884,-1.658549511742141,-2.019553186922412,4.838356309849978,0.7347776254694862,-0.00704138185480474,1.9075704535288658,-1.2036781275362571,-0.6433900073380183,-3.128958234142237,-0.24303029539588383,3.311486210884947,-3.8275177773857294,-3.1710049103768583,3.40411467618825,3.9624106291237524,-0.5080611259479113,0.1400585083974928,5.152357194192781,-0.5669660723892331,-3.9846333571263592,0.02559832656244776,-1.8496577284683724,1.2233016372253118,0.09006641672401017,0.7430661041704028,-0.7540348930545271,0.3463513198951791,2.8130252675798886,-3.238474215311676
9505,-2.2984499279857697,-0.24937061628274293,0.6643206398774701,-0.148671607582596,-0.23872001742011184,2.2708915293928733,5.678826283990016,-3.8629298564420864,-0.05597000591420365,2.198938398704616,-0.5109001206972046,-3.4479646996397086,0.14948320049688135,-2.3337695656990842,1.1305422622659798,1.603972346248927,-1.8027412223382004,1.2525129790244627,-0.7063262008077658,-2.64743367582539,0.05465522673145884,-1.0254299463509762,2.271846312129698,2.052688284119558,-0.16514507108901455,-1.2526316768055032,2.1585455712563686,-0.7881267461477082,-1.8449385676048102,1.8922964903939494
9506,0.9805350422837193,-5.430263127594884,0.10420064427005116,3.49755269233971,-0.2400176246623975,1.0879923733629084,-5.928911916107857,1.838850075076067,0.49397549737980295,1.7977802684160409,-1.1252206619540326,2.923526737191427,2.016525871756194,-0.7441554614540138,2.3717536267382258,-2.637537429659538,-1.76967469885051,0.7630880914686031,6.051323360983812,-0.49588566630740516,0.08032424860899923,-0.8808996524426176,1.0614624982739809,-5.816324789120177,1.890403246561501,1.8403520833346256,-4.409756455160164,0.6113768557047701,-2.4706423009651672,2.538266570527732
9507,1.7393269239741045,-2.840511227222244,1.094785707816083,-0.43309707767551586,-0.7858665785610135,1.2253622516677307,-3.594900816655244,2.8660113526421753,0.20365751706620383,-0.196376044016894,0.43980067389591593,0.28180731706924433,2.528509677531627,-0.8972755983126426,0.5622526280532973,-2.1394112935369947,-3.6851346652764985,3.6310592515402043,1.2244893516400452,-0.3966057459114438,1.3113589743687761,0.7666901334079519,2.3651234492985775,-5.271056162807305,-1.6971817390704302,2.0460972549551784,-3.71485839373862,-1.0427270976761758,2.474927469820539,1.93374250571285
9508,0.583350785450163,0.6245428259897459,1.391359150099678,-3.7025404910836457,0.20882610561396442,0.89446162392926,1.6706030902748914,-5.181319586390021,0.9758132696183592,3.583804125711165,-0.6225107499192237,-0.42639014929376984,-1.5530119118217804,-1.0722786702599088,-1.609356245659237,1.2820926381885194,4.247944749044031,-1.2953905594926436,5.389151319160465,-1.0812591366683861,3.4276140869783625,-1.0162235958725998,-0.5320909936519627,-6.187191679949237,-3.5955885950930444,4.3951823937532275,0.11017524911756382,0.25452529946832847,-3.178974701301769,2.014680354059035
9509,-2.9584533984472667,3.5803364293139985,-2.4754821970803924,1.0913933074780395,-0.7541861786340109,1.5163920373687816,-1.9620143114090816,2.4510761317427203,-0.983649488793044,-0.4163682671369848,-0.6174018177660496,1.5283577533638635,-0.6211130551829385,-0.3668164045124378,-0.8222655185420393,1.2040419202949337,1.5481737892572944,-0.9420207313158109,0.8563390225628957,-1.5336780515873638,2.4921896998227453,0.7004879405708495,-2.724641628769186,0.20930301739672785,-3.677432737552042,3.5549122193147973,-4.249307579962263,0.11005797891788305,3.0606804986063594,1.201089620678598
9510,1.7580688188062936,2.487527730923226,-5.258846342134671,-0.345513495714723,-0.8493408851020505,2.2081041732210593,2.670864038389624,-5.695971500610991,-1.2085531096083986,0.4410649400059743,-1.225680961168731,5.018276592993967,0.24154855504232486,1.703719175917847,-3.965651649644281,3.5623830896787467,-3.676084479088516,2.1340853080928603,5.808842282656379,-2.627784064424029,-2.928316518574686,-0.29802615007010136,-1.2252337052700515,1.2705181556791771,2.9303412667185533,-1.800044482125486,4.956586496456303,0.5599953933687649,-3.4204310062122634,-3.2264476682025727
9511,0.4642795727400735,-1.2881057448158586,-1.8422924524900957,1.05917366996351,0.2696396637602052,1.3373052908412895,4.161444603515275,1.8165559089525765,0.8251512526651474,-3.6647128631280967,-1.2070826280692262,-1.9313562739342203,0.45417421311930184,1.7119688818572882,3.0295119415371694,-3.984429453492412,1.3416580142847394,-2.5528835973071047,3.8024263199537423,2.5171673107076167,-2.9514457305444584,-0.9370764831256784,-2.2068153399547352,-0.22425607703980788,-2.2935826821287613,-0.5823815745578464,5.295216175155527,-0.4428246965518712,-1.2917851524395694,-0.6846420694741866
9512,-3.2947254935252204,0.9617214581062612,-3.786259621758159,6.197541880288544,-0.46432107605176687,0.3860428529394735,-5.491766751377849,0.26692108076965226,-0.25313842700498856,0.8073107007922502,1.0530386885508172,3.6176347082715488,-3.4696765727216423,2.0475399289539453,0.5708001965353553,-0.5392521779140367,1.9980547822362382,-0.6074661570908901,5.715782364771588,-2.1721467510981753,-1.1191169124588551,-0.16970692280080968,-1.5423299588567971,-0.7124818195602849,3.242419004385983,3.7244444668591825,-5.859617054273219,-0.4849757182688803,1.1847673975531556,-1.807038096252942
9513,-3.3434127650644534,-0.7984986536017971,-1.3336800818384376,5.4797016299829195,0.10277664660883534,-0.10688677608790442,-4.1033005735595545,2.482874168329815,0.06230680333002514,2.701767482872736,0.4874570649142287,-1.63110494588582,1.1107465520706228,2.365158582541401,-3.2071976687936097,-0.1657105350700263,3.480107660694788,-3.5831045914441866,-3.9449300280830073,0.882978535810679,1.902969724444489,0.6375051348071823,-1.335177693753801,1.8566543267711069,-2.3559417624817556,-3.4408732233268893,-0.3306755999362565,0.5880346179705205,3.3301205401142546,2.209335427663394
9514,0.5527450707331969,-2.170654816785092,-1.8024098948035565,5.3654832966314565,-0.1249879198692656,-1.8201757359076147,-0.7934350229328615,1.3548546167015338,0.26919864211184397,0.17965049083894158,0.3969218478699039,-1.4071905745879434,3.5773136017726124,-0.6913987319324804,-2.607460501623285,-1.6789228114865757,1.8623213900408047,-0.46185294677204425,5.7353874822863595,-2.7909686325876635,2.942173418778541,0.661763019382005,-0.09530486178849706,-6.453050426074071,1.9342826092996361,3.40415428588782,0.2568818328592499,0.9952473456092656,-3.7299397330296724,-2.8606263406230195
9515,-2.083698488015669,4.59017554138126,-0.9805095513181428,-3.1936572266349934,0.04789408612599111,1.6197956384606709,-1.2603083774421755,-1.208348149471064,-0.8768185894512008,-0.0705443081381727,0.8252314851200957,2.5907879393838975,1.017645142785227,-3.0220800315105656,0.3787736836066564,0.867415825133957,1.632451007346539,-0.8742056273628105,2.4440605242836,-2.4152396541180163,1.8733633853206193,1.2345033740807967,-2.9129245095002805,-0.22376312007003563,0.7178427487827399,-1.3584503800083496,-1.8673138796680036,0.44089800705874804,1.702377450605006,0.364646053233189
9516,3.108967047006722,-2.857477592724326,-1.878919334590556,1.4398540621019968,0.07118351125063738,0.11639230695463532,5.606526811618316,-3.9806195221952336,-1.04248566781291,1.53090541504249,-0.8020380218266094,-1.3122890148246462,1.7576174286117734,0.8182253584400172,-2.064174867078796,-0.9513731564379739,2.110309040910998,-1.6706038044470102,2.21198701811349,1.6632201378806233,-0.5866176953302986,0.9744885579163114,-2.4108463621083143,-1.8522316564751122,3.9613005159997314,-1.4695843668150275,-0.038279370028838855,-0.36415582818666437,1.339788494590934,-3.4290694455567934
9517,1.6254500660743965,-1.8462680968587755,1.006022694731037,-2.988007373135293,0.4030099552216777,1.7997927539660559,-2.7935226740700045,-0.4336430242958187,-0.04541810531355761,1.1022893720038347,-0.028223085496526856,2.198517517173478,-2.9340819324317593,3.3168267065610095,2.940636745177482,-1.1642046649856717,0.10077045856217381,-2.2599473128842256,-3.517985676023006,0.012423719946111689,3.711168146616675,-0.21935947189699956,0.4382907361203241,-0.4245374547663552,-0.7626474315847886,-2.2860710043357955,4.904610782531591,1.103544712667257,-1.2094621413936792,-1.7499749178812465
9518,-1.249905377626563,2.9974731761191364,-5.561942249727448,2.2005032849540136,-0.04622202735225556,1.6600931936322407,4.314687272649213,4.960357868303902,-1.050806493449186,-3.709534414724656,1.0098763311120678,-5.524580563889934,-3.597874934929745,-0.23607136934627704,1.590268882002647,2.7819054241418293,2.4191274094378947,-2.9573554113073452,1.0072697734886873,1.258424903516362,-0.9138585392373599,-1.0050860161449071,2.601965198481931,-2.9487153201079757,3.4673823430365083,-0.27921426309211483,-4.185817606566239,0.6831721887498121,3.5287169794029865,-3.2142396415276018
9519,-1.7095024205958076,3.650793588096313,-5.6918007737465715,4.35249456064129,0.43510517358769185,-1.0370901279837863,-1.264780696007655,-6.0674439489785605,1.0245945934769436,3.063762110011492,1.061917191900049,2.1819507495991637,-2.663239059610813,1.3361198868378565,0.29895157191566923,2.2267162960149953,-2.915728644647867,1.7171799494891715,5.707072308292194,1.4338086489187027,1.4698961733281166,0.26590674193750363,-2.1942874930552723,-6.682396379424489,0.1579037545943045,-2.307945726818236,-0.1897695826422101,0.17177266750191222,-0.9625232447814209,3.1305621321489916
9520,-3.1941198842155014,4.683828954354208,-0.7695078282555805,-0.6435294842776926,0.7192156608366269,-0.7958874184429501,1.2786700641018456,-1.20814467824799,1.2269236572021587,2.8740763745052575,-0.7985689674755365,-3.3729564500843168,-1.5342759463660656,1.6752249011914522,-1.5318632371210494,2.7609090263844926,-3.878798829682646,2.5088040855928178,4.626419421820241,-2.222463877046998,-2.53088745138977,0.9848552922448182,-2.216020469585523,1.3580970839539788,-2.4183580129874684,1.3713408532704534,4.893627523194116,-0.6956022743092767,-3.6417565640290075,0.4907484748645192
9521,2.1413660070766447,-4.3811937430632035,1.1515552038443708,-1.0370250586212713,0.5524368037136136,1.57286078704899,-1.9805799557017352,5.650236494956065,-0.1337686850556592,0.5833093395633622,-0.24095090222170157,-3.8782462915389218,3.3726318030299502,2.2318066990072793,2.5719537408437994,-2.0055922065081617,-3.5808513558477966,-2.5899486805260334,-0.9844798725789552,-2.0869019023414523,-3.652631499130189,-0.6033075623998156,2.3351865913163508,4.992134245130838,-1.4201363978807606,0.013298565092824788,1.150148971677627,0.09072722457541182,2.3966368739771795,-2.2306752374389553
9522,0.4841897163541802,-3.6875361970365894,-5.58405571268538,5.40184116170348,0.923921799256564,2.461639232406867,4.897052113042275,-4.8667903795411505,0.03618630663838296,0.4844652240974927,0.5973762559386193,-1.1482895201741812,1.2365833479717665,-1.9255622639872279,-1.886482186574085,-0.0617682458785076,0.3155201649283619,2.3217091835387684,-3.201490167917086,0.7926607751549675,-3.7855687901238912,0.8961277226190898,-0.73679625109515,6.035066711358837,-2.9339613730472465,0.09676987480223431,3.7073037784472227,-0.673488311969173,-2.902483704489544,2.7058597362598036
9523,-3.4627336457452387,5.564378497755122,-3.159024769148811,0.7311327037807658,0.2853352055565672,0.04091200780073301,1.177442015754611,-2.7023427464897942,-0.3619526635175161,-0.5095077260136254,-0.72140927473977,3.117770395007529,3.3383242034837934,0.5130569934024649,-4.159693349205108,-2.410491776038217,1.2125105334673272,1.506293394888825,1.559757131200655,1.063621712474669,-0.07540926199635578,0.11100484646233344,3.0888108675017207,-5.747785295646246,1.6444033273177716,-4.254733308400764,3.989821535780564,-0.19939726070120578,1.9756753951098034,-3.15576968910287
9524,2.6405703295131104,-5.167269581095777,-1.3063440165014235,4.909464783459931,0.9044788243125503,-1.980900339689235,5.918618999555058,-5.297035265378501,0.841826850746,-1.7172611356892986,-0.31820318225772226,0.572053733025907,-1.5836030200776232,3.425448928276335,-0.6372113643285893,-1.9432537385912045,0.8944193503874054,-0.15580015566722594,1.749718876788755,-1.9708741932520368,-2.9882707605245535,-0.5286506218478708,-0.776386468869374,4.514463167701869,-0.9437767976980602,3.641948259231377,-2.5632837281949,-0.2690870563338521,-2.5353717530130933,2.6695710760118487
9525,-3.1534846659208497,3.5805034377816263,1.6940620835984355,-3.5867523473914993,-0.17963115154017117,1.6453026434716325,3.834464967140999,2.6898295476939396,1.0422101553596415,-3.66496344686537,1.1276373384915042,-5.02917856181929,1.110860396612317,-2.825283830592145,1.2432021023173832,2.081553720953348,-3.472601566926766,1.862269177634964,-5.295639991781115,-2.9144008005409923,2.3195437953591664,0.6126406485679396,3.0156816424599633,2.262174705931848,1.2139573640163377,3.262237441034049,-5.072964246270562,-0.7918940387257392,-0.013295159815873703,1.401958639765084
9526,-2.738439735704599,0.7383003156232846,4.2091779934813225,-5.124581277861804,0.6975812800940422,2.217961424366923,2.792688675762758,-2.2225325348523803,0.9364379050524949,1.9096744978099771,0.9747211125861801,-4.390989656357618,-2.5807626715419563,0.19381195521617656,-2.8620087963422716,2.8911180628743516,-0.7402111563917515,3.0980526061845453,-1.4189187231633547,-2.6343248977786224,0.24705305236452801,0.21396000254646896,-3.030554036469578,6.622784602497369,2.8628806206271733,3.0144553104874277,-4.759923956940071,-0.9355608322120439,-1.058620888286427,0.8767697463272253
9527,-0.10125163883314237,4.0741683670538045,-6.209594563030201,4.457057225976062,0.24140995804591592,-2.461789349213266,-2.488975425088398,-1.6189060758898783,-1.0452413333596504,1.0685476999801402,0.4114656120580129,3.6731095223012,3.4212351984049505,2.1478919931559624,1.4823928783020683,-2.522953971803707,-1.6303603116103638,-2.898205786449795,4.165297373410009,-3.3406972213670745,-0.8140236884688363,0.9802032307407833,-1.5867066901929512,0.5959269958748834,-0.02818241458325943,4.600830604395178,-4.956625281506685,0.35636135658160306,3.341114564201895,-3.3134988290854377
9528,2.2887344487847088,-1.0945339951493942,4.536511097355881,-6.237229667423801,-0.9141239219897368,1.420642038421546,3.825571465418669,-3.6802207977344032,-0.29556986847193034,-0.12692050330332627,0.6108140558208071,-0.33367435172839066,0.2246454925907706,-1.8856736076154004,3.997076563527873,-2.306377337091762,3.6784262814961792,-3.7080973929085506,-2.1094248614962723,2.15325004761009,1.091982692414934,0.8101532085042029,1.0177374688239276,-2.9636985558601054,0.8961381187652933,4.781481146348586,-1.302889957473674,-0.2750258757568975,-0.7961578370148032,-3.303545594865236
9529,2.933002680595674,2.5474852439107565,-3.576368313788315,-1.188239088633317,0.10653794980144227,-0.8224184718870742,-2.157754344051231,-5.450397013090161,-0.7392668656427768,2.2931330159990324,0.19160405945079617,5.862681147335746,-3.366036470514411,3.9449579579919813,-0.6880594122351233,-0.28251336739719335,0.7299104807114176,-0.33825918855759696,3.8140910261921483,-1.0049417734669728,-3.866558168986897,-0.8985580700797353,-0.9121360982495652,2.8681030845877977,-0.05704565550778895,-4.300708019827802,2.1928437268494108,0.41920034441986154,-1.045524437138475,2.7912340412080425
9530,3.1238971437996135,3.3524220116301002,-3.2357591733934363,-0.903592339539717,-0.5335870705994188,-1.8033805718979803,-1.187327544201782,-2.6205141032536474,-1.2124606650455845,1.9054822279774086,0.5405614689722391,2.5742586155527363,-3.5318900894322187,3.891801764718501,-1.177787283745614,-0.8371712478665607,2.1719667301319134,-0.5169198738069554,-2.976323492209179,-2.489765438062081,3.351368034919556,-0.6125106757215582,-1.3599758815275944,4.0872074525976,-2.857762352852845,-3.5715018892716053,3.814449596489588,-0.6007466452803527,0.11613041770283061,3.0994308732156206
9531,-0.0688390359865032,-1.684982766230501,4.913008730202588,-5.4562454277882075,0.10669369055985811,2.190364809241899,-1.0988131014842004,-1.1342120953086408,1.1137551197670144,1.8563330037689738,0.1147380099475317,-0.8518009366892763,-3.1209026475045913,3.469692537499,-3.2430015790585216,0.7381608720851531,1.3097943966855254,0.8462564202925122,2.8638996563517516,0.974108402037432,3.3656450162742395,-0.18919927113748525,-1.961340806690398,-5.0531129968387845,1.841634179124867,-4.8436377920807825,6.202202662737427,0.11652634290565533,0.04156429241973569,-3.358289685103653
9532,3.008823010772243,2.788996453237324,-3.440207458353836,0.4350387518596399,-0.8323777955418357,-1.9602729619744306,-5.260518010741322,4.236589226162831,-0.9593348141603188,0.8796540995673379,-0.41998173459832877,1.5235912337711746,0.16993273469161352,0.22132437506245495,2.5267520860590977,-3.771384065437706,-0.41123947448230425,1.2646143441059543,2.071688179758148,1.1312359270114012,0.10212663293981805,-0.3293464175343024,2.0628027210599864,-5.038507043238308,2.660093378095233,-2.8539375717164326,5.689416906545631,-0.029291364601894188,-2.052228612765438,-3.4140527355538186
9533,2.5641925203750056,2.965297585649868,-3.4783309295171065,-1.4597425000340998,0.313154667529957,-0.9045713440045464,-3.724870584821865,5.354582836287637,0.9843937709150561,-2.134503238284031,-0.8980957838628374,0.41849299976741605,1.4948126477460626,-3.5950832660505636,0.9408711771176748,-1.180296515923125,0.33522911687844825,2.00446684023062,5.5692113178510425,-0.058554641533627105,-2.1728418336908515,0.5144952488754306,1.4630913496310871,-5.315401441136338,2.4723937586439213,3.222901176398608,-0.6107267717159353,0.21282504390998191,-1.7685958260843204,-3.5287973811489763
9534,-0.6297564053054412,4.748904529115055,-5.713031354854479,0.08400676732434675,0.936874837479571,0.5730016262400266,-1.4138094994407737,-5.310222080648,-0.8180895211577548,3.4263398879545015,0.6498757057916364,3.4659055075017733,-0.10086752966149604,-0.2507100050916051,-3.53050199579598,-3.4936346969851098,4.121648970617322,3.2540652569159896,-4.199333324315056,0.9020003429592087,-1.6921863343612227,0.3599559070824174,2.021788260409876,2.6077751482214886,-2.246936042496472,-4.068019730614118,5.614099211677324,1.0295542790130288,-3.2618851537774844,2.9331874362010275
9535,0.5131529794930199,1.0030576906614286,1.0474624615926338,-1.7217837309754813,0.2342052894136808,-1.0760946901862276,-4.230285763792022,0.2680141144126509,0.4470868968479227,-3.0695257820396264,0.9412143739100545,5.6434961606624015,2.3678512154657874,-3.436055811419953,-1.1651607679126528,3.166163507097046,2.4901942083572948,-3.4229923515883947,-3.773225801832268,-1.6160615173320014,0.12472688097794205,0.2625089631877149,-1.358376921615914,6.360428396611226,1.1163669011873516,-0.5924501200651058,0.011142993607432317,0.43643425170830064,1.1868878541136318,-2.158381880548305
9536,2.226067435039411,-0.8916497251348332,-1.1862095757628524,1.9430599421772392,-0.8366753153405313,-1.2545927609793814,0.6130347112708918,1.318672925309329,-0.09961904157644508,2.0392820600494694,0.5480194775924323,-4.419390132644306,0.8308346948738716,-1.9577641216850328,1.7333452456940606,-0.7079165500824622,-0.9249159765152868,1.0264167077139668,-0.6245269391430384,-2.57239253768371,-1.2691299532987124,-0.5796300791002151,-1.2784482550285894,6.32412776425096,2.3253511505984754,0.8077913665246825,3.3889593484066403,-1.1197827316773856,-2.006732851208243,-3.395586282640851
9537,-1.6086033087524214,3.1725627990348677,4.853518694227503,-4.299967468216035,-0.5485180942800474,-1.568992622014818,1.8898181045051068,-0.1451993376916043,-0.7594594196799918,-1.948433173038934,0.9352456701605965,0.0280281557462132,-1.9307525621308823,-1.8545634582294586,2.945500058786884,1.2551962798117344,-2.2829137808942175,1.8675334626550502,5.712318750291612,1.1784558366601114,-3.6321770780185343,-0.09819822432017578,1.265054457636687,-4.425453742252962,-1.5390373520080125,-4.0164127279549575,6.111637130949415,-1.0142895953648097,2.0676314800431683,-1.609528935661471
9538,-0.10732111365249608,2.3953712807065166,-2.0595191534266917,0.8517280371878613,-0.3112351121759531,-0.7690239386402009,-1.9006276989660122,0.568765648393132,-0.6030099089046006,-1.0858393091861522,0.5969724402982957,2.4237388283667265,3.5034027334653786,0.1039204108315559,-1.0365758648799837,0.2746459480520578,-3.775979437390717,0.9305862099208255,-1.071435588233765,2.706914569593721,3.7227747622284646,0.23630728373711207,0.4461474765847253,-6.040708503913507,-4.620712553244617,4.644483975133788,-2.0568749220586113,-0.2780236092637933,1.5515808661173196,0.7595462433192299
9539,1.424446137428962,-0.10408899289533835,2.652391426936564,-3.491906161112947,-0.7466970845368115,0.26585467417859476,1.6807864473886873,-3.151789524917156,0.03259368875938318,-3.056334196854685,1.0975556880959898,3.3971878975291965,-2.237831732533998,1.8071145589033613,0.03450647371592552,1.8121132673824292,1.7081543973532085,-3.1240569648218326,4.115781490587416,-2.6198485621330416,-1.049577480097117,-1.1064865231872592,2.616047728789999,-1.9559166539632429,3.0083542841073196,3.029511289570827,-5.901983839516337,0.037317231445682886,-0.16709718161533793,-0.006101783988842868
9540,1.5725852845437807,-5.540291876603444,4.053813214550974,-2.680604150555574,0.42913154963186617,2.1653659784313923,-6.059317765768554,5.1724309227870435,-1.1277771231383276,-2.6524594720627004,0.7742242765858869,3.892899161598084,-0.9418084737341168,2.7412517260752587,-1.5081254183826296,0.15338065101097342,-2.803737227687945,2.3590387427175408,5.134919158579603,1.339022837517346,-0.2782291930194134,-0.31794479454144664,-2.758784187268372,-3.1189838212709375,1.1155828064753557,0.5917066382707361,-5.673466986252649,0.46597906360679087,0.10623482429060083,3.393963653612495
9541,-1.5050045840567972,-0.6299992069711635,0.49560933165935595,2.7561672889923656,-0.008088769289492648,-1.1086840603352641,1.2088006020221194,-3.9432382363309877,-0.9056250054746222,3.2180181336543967,-0.9976589912523215,1.419703497382848,-0.4580014778464019,3.7639530520240427,0.28843629795313674,-4.191830391349546,3.4403122567164104,-2.842869737498525,-0.20986751207978216,-2.4855256146137226,0.6527628366673426,-0.4243745005527124,0.5575472495913925,1.9094575409842562,-4.155159560674409,-3.279084098345571,5.445117408194921,0.451875200449118,2.0796481706568137,-0.5423971202775402
9542,2.7591957735123067,-5.4010336467694735,1.7349154751738496,-1.9237397582774314,0.9348416882612511,1.8958204680985027,2.6747020332019886,-0.16963035655367875,1.0583336838446815,0.3692243154914987,-0.780495023606024,-3.152134652377015,3.5063216416650107,-1.0427731407228045,-2.38151293579339,-2.4469833970217145,1.6752786475888826,0.6896691842831562,-4.8405632356387684,-0.163870672212159,0.1654584373304786,0.6780064015445602,2.6385326628698653,1.5224364061027913,-2.6403051977506955,0.021965961225781427,-0.3114580629972288,0.653447763769389,3.011578460208554,-0.7352289244524446
9543,-1.0582439088593478,2.7133878733112944,-4.079341093948997,3.0513800467961048,0.04017859843290905,-0.6673615157329653,-2.653062420183055,2.9602924963549526,-0.9515503669161509,2.54560168157359,0.27401335223010825,-2.1752947430579717,-2.3741128879873052,2.6099472989036805,0.7547529837296416,0.2337107281225137,-2.5763932267111844,1.3520951039417994,1.1535311451054682,0.9312722231154886,-3.995975535057056,-0.9371100946721445,-1.379685320153854,4.227967581658888,-0.747933074461848,1.8401341862885943,1.425758842723642,0.7321789666704639,-3.0918037204278566,-0.1583352007896579
9544,0.7657335643234493,1.795858496587936,0.5644883937953793,-4.37138457486342,-0.9620619732297397,2.2073660933853922,-2.563913053651337,1.5352987746140379,0.748770116252456,3.018539816889106,-0.09422233213259723,-2.644473321970221,-3.529845273615269,-3.435150145150672,2.4864649998371675,1.8934661132381372,-0.7172660654543535,3.3023303711441336,0.5212825996517978,-1.9101037341633056,2.9068897407492713,0.2129738896658946,-0.41828791366894436,-1.3127545822379147,-4.50270328657767,-0.2104152251266065,3.5967963671799126,-0.5933511836049394,-1.6579678931140034,3.367641221246643
9545,-3.084975750445537,-1.9586936793647354,-0.6883077887344626,5.992712018922074,-0.10596991314661164,-0.15476488723172643,-4.858899929082774,1.5836183898362108,-0.8999945942444585,-0.9613992677789458,1.2021129905014796,3.934562410769921,4.219283404393202,3.771711825557368,-3.8281366439346414,0.0969845696160796,-2.0736180299106763,-2.186225125722167,-0.12769719731658213,-0.2690236126427408,-2.8962643065013314,1.0249885054952381,-1.993931379556832,4.261927990519034,-3.982016554866078,4.6380468046081305,-1.8326516080282609,-0.18966634002053873,-0.9117063355085495,2.2779940338186186
9546,3.3467509506338295,1.3048378404978251,-1.6363970706216513,-2.434887922533129,0.5731663374301998,-1.1534701354080976,-3.481664266875601,6.114130228999596,0.3210978227035737,1.792606708327579,-1.2422351387274446,-3.5039353544262895,1.3547217586284788,0.29778830096411824,-0.6544640247902755,-2.80305172335307,2.802043840866702,-0.9970381523168061,5.811895426073974,-2.018073117477412,-0.9305710462886658,-0.02730316736232563,-0.2662612394841126,-2.569686855464692,-0.06177296983442915,-3.2057757140249734,1.9199593949698261,0.9887472298158153,-1.0674003392423046,1.4262423983193884
9547,-1.744917967511249,5.02856408462878,-5.538656357148401,4.309916124756047,0.04303090682580102,-2.097936791552044,-6.080027031944223,2.1217947209795334,0.36587031531970116,3.0804613032403694,0.5130389561703286,-0.001138263764293157,-3.7074546296572954,-0.14345518571361993,-0.8182991247976226,1.1975033491291818,1.9667711951092492,1.5049343959292685,4.928144490225812,-1.3218110834647145,-0.48114926647422784,-0.628479631059994,2.5587087303972087,-5.055413239627324,1.4480653002027921,3.0627561084627217,0.4362064071072709,-0.7448227897127975,-2.4109988449054356,-1.7912061811512157
9548,3.3928273882162294,1.6122274298167056,-5.70614386958567,-0.9577299928471135,0.9191845577705178,0.7396344866282618,0.7774635194725157,-4.738046052107968,0.5440539610962682,2.7559963127747302,-1.24526993309308,1.9058021918589674,-3.8754138536546794,0.683403094183177,3.6229391253233523,-4.093274924652125,2.8339785454189155,0.828368013380496,2.4116125556112564,0.013575076234820571,0.11190078799231173,-0.11312981942059341,-2.948888113761342,0.524929513340318,-4.160705292499745,4.500945467379999,3.171671037033736,0.5136026770551938,-1.8129085405792509,-2.2126053483866386
9549,1.0651945776111909,-0.970686008364531,3.7773594979560805,-2.220965932984022,-0.33382450761048177,-1.3170776266092918,3.4458491916165563,-2.894398683508186,0.7452758791970489,1.7476380849280027,0.18450205498532046,-3.228866527217299,1.2624742366140538,-3.691243240446413,2.6754410936604565,0.46128668860515276,-3.4090946786102982,2.701135900176265,-2.1767023264479377,0.8288565991084305,3.7216286553915374,-0.3943459875837405,0.11397760296217463,-2.093414543433674,-3.371052947579564,4.937525282001008,-2.254469468229278,-1.0926107826541709,0.21208185932272983,1.5685260571425879
9550,0.583538259005703,1.3556705806061586,-2.877392752345564,2.2149986125516996,-0.04499190437493583,-1.2318227954441383,-3.3022378104454333,2.429034649555515,0.8088069650458172,1.212667001550006,-0.5266775592947175,-0.6215932464097378,-4.0429256121619375,0.5397748522943573,3.077602845503243,0.7179795280371302,-0.568290917334668,0.2758593036611092,4.677923394913513,-0.815586095712419,1.2233535643077786,-1.2278428261847512,-3.2238019041509993,-0.6340461331763407,4.526092099195388,-4.2544536939697295,4.157075317515613,-0.34709777290338373,-1.4414814664193383,-2.640134483415274
9551,-3.561964912470737,1.71058257207687,5.28190245444425,-5.361459209918689,0.12197259879645106,1.808966497070756,0.39293070784397344,-2.2724121044997787,1.1600867760963007,-2.8165441677783143,-0.044671602905030916,3.5806103912442957,-3.9388712838369386,2.964554148032235,1.9919594320590832,-2.1446473221436584,-1.3142957887785123,2.4413008146670414,0.14235697020431815,2.7848225755219964,-0.9453035740762381,-0.9178171788507816,0.677563268580359,-1.7416220613828806,-2.2427991603011144,-0.21032833590777855,2.3080567132607754,0.11828636013145388,2.625421870083752,-2.5986374472638207
9552,3.6832144161554012,2.029353156706499,-2.9474376547199057,-5.186463043225977,0.17560371184883294,2.2457294132340966,-2.529198144336238,2.290470604444714,0.1404478180058213,2.9770778377733897,1.0800741886560736,-3.9588723045423073,-0.7426367350649947,1.3344838068956726,-1.2671657990841414,-1.1874116711082312,0.057211895482392805,1.8055185028785523,1.6823464501224699,1.6297921783846938,-0.9901483396040991,0.016501208148596902,2.0977625954246193,-4.436254092479508,-1.1045032206474374,-2.023771366755458,0.9826275736583732,0.9123984471612774,-0.5076313157399657,1.7408798823264853
9553,-0.45498825184503033,3.123747492808363,-0.456103586255864,-4.791456644725997,0.8770167312835828,1.701784258733893,5.369785782734489,2.4734167502995703,0.5695805732044086,-2.5987767039599134,0.21448744882055504,-6.028493851097608,4.23406580632043,-0.1862737238999621,2.0582755135949427,-2.401237531215992,-4.120276609725089,0.4154465449249116,4.993492377167893,1.1330740689758745,-3.334734108216468,-0.41343871381574626,-3.1898513027849873,0.811457678670191,-2.8677911045665816,-4.475319170570092,4.025767149801339,-0.36438853960026396,3.104721352974874,0.5770103119640009
9554,2.7185547852435015,0.8403340028984232,-3.1103695515838368,1.551605688914659,-0.40370316172647747,-1.5964217637473457,-0.4734069961208327,-2.9428184035995955,1.2287575667405832,0.9493608189110034,-0.08290028405817829,1.3210072981285172,0.5691164780610336,-0.8007283955258444,-0.09278257866929351,2.707133158044556,-2.2756757372656065,-0.1070629246455912,-1.8827915834227476,-1.8835636607125448,0.7259864196305941,-0.7209050180638341,-1.5343928051595288,5.295666647724808,-4.778687127298744,0.05982435632579808,2.2045212718831806,-0.04870237315682058,3.2282750923715007,-0.6652312201216279
9555,-2.604412756565859,1.2017437101635018,2.574813704357787,-0.595902572148681,-0.09987308644747128,-0.4763689993603659,-2.3486318301914686,1.2513860842932374,-0.15792519958972573,-0.08140728261140318,0.7962502334945887,0.5403279946062263,0.9547349047866263,3.855540076101054,1.3820028710802426,-1.4522244976235044,-3.67392315101403,-1.0661302033311522,-2.5694122795670147,-0.3073119032736198,-0.8301843554227517,0.03691098002756199,0.1584674069844585,3.511530151248113,-0.23721836019842257,-3.202510736481969,4.7138025932340994,-0.5396543193140912,-3.050575169444132,2.316155992207811
9556,-3.006745626057823,-1.1021361317577707,-0.4215094254041638,3.871721172942557,0.8065662107997662,-0.14789620052364683,-1.5388522252632875,-1.2824085348760654,-0.3018103458141983,1.1155371948129265,-0.7102080247637694,2.7177419359058668,-0.6354913987453052,-3.8535310570670074,3.109151177128652,-0.9047687876015402,3.1518893575494147,-0.8672492912649705,-1.9485324310043985,-1.994266079942399,0.9306488098939845,-0.7742358734012811,-0.7995193730489731,4.585904947499753,-1.8898185636097047,-4.454428242619128,4.483432378681812,-0.15633193411499047,1.8137292878626567,0.20341707380262442
9557,-2.7386907538705714,-3.574626217672339,2.269888205168783,3.8694993421032855,0.2756284877248598,-0.10169906345507229,5.881440766615533,-0.409360955188923,0.7914263916391295,-0.2995020297023565,-0.27367248569406755,-5.690331687667808,-2.2451634292545144,4.042909776664313,0.03125047626460997,-1.1218618279024088,-0.6784170976421677,-0.02871789813053205,0.42697522755119977,1.8515993258120123,3.267366563258136,-0.0805187714641562,-0.8684178522984549,-4.5970044928620375,2.5142490978480225,4.958672548381497,-0.5171218939416882,-0.9857260287155718,-2.3205897535060007,-3.6494839700629935
9558,-0.18925493238618785,-1.279706517219676,4.690699353121154,-0.022505366141519545,-0.9999628030798886,-2.1992697342949343,-4.5867290844531645,-2.1497732713786455,-0.23309234255196554,2.068682551917881,-0.09521092903475115,4.996123075502137,-2.933737754468634,3.379515963492345,-2.579277277588414,3.4211463293758264,-2.0816496083359564,0.7940023475241134,5.178588112202828,-3.020458601525643,3.4568598178566603,0.5113702347116202,-3.1012792730234207,-3.025080290225347,-2.8689304686123407,-1.032454046733971,-2.561694423649797,0.4674688058025902,3.0875773189718885,2.908032814224871
9559,-0.98945783628578,-0.7854594491933717,2.9860081176957785,-1.367065101158225,0.07962439713389102,0.0763498718066522,-3.239269408661613,-2.258635745599811,-0.4438981254218639,2.436024947759364,1.093834838016293,2.411943493909135,3.5670115311691752,1.341963879900792,-1.980044011022164,-2.5885558463628158,0.20309040369910036,-0.5434659573848108,2.557500860246691,-1.6076655684502903,1.8364273720044757,-0.8276377635471208,2.5523424954571965,-4.510967395714225,0.26317525004621345,1.4025876850298147,-1.9132689862387124,1.2478883130423153,-1.9933282372136087,0.9929459753371823
9560,2.3186056016520666,0.2189130016401073,-2.5997817525830342,-1.526501705934841,-0.324273207784612,1.9130380630092958,-5.122983587349712,-3.020765401771058,0.604697612808887,3.174947686571034,1.0658010161481206,3.298302673594211,1.0425639634486217,-3.7527724088542325,-2.583133802568746,1.3577054397285124,3.8834551971873736,0.0521816110577511,-2.7549392531910932,3.3604175817577016,1.778474432259106,0.266486492393736,1.077176448788249,-3.727615702010983,-3.6751451620759923,3.1443318934067612,0.15010247104426355,-1.1030946796294798,0.4133616733177803,1.0704438039398703
9561,-3.155323948418207,-0.4832626721643969,3.0881692543533674,2.314868303133146,-0.27422037954198775,-1.4902305573629455,2.906817738540756,-4.243135650879388,0.011275108218702812,1.0204719370440962,-0.9798917080546969,1.284462575132018,2.5489582812305507,-3.6959343310732535,0.34474211339261984,0.2651420320165556,3.822070821503111,-3.2849789170703048,-2.069471817977238,3.2828363661180475,-1.1777619199025633,-0.8728053167317187,-2.981300577298379,3.818503265788575,3.8665011194627645,-3.2444666183975066,1.77704689344921,-0.8894192991042136,-1.8307903640485748,0.32112826864151955
9562,3.282165693812729,-1.3174081834637548,-2.0766944730629397,-1.7570157946868328,-0.4969940327790692,2.365946790178869,-5.908416837095533,0.764728929622617,0.31762515236520006,-0.5706034167495435,-0.06694534181730294,5.463611513676028,2.2243947512568134,-2.89915935327968,-2.394300477804274,0.4429701698906676,2.2320482023949246,0.39404670754082893,-0.17842766773833318,-2.700878391894056,-1.7339003914526963,-0.44529860622122364,0.8996821681148965,4.158822889188162,-1.5015509121641166,-3.902181089992549,4.384863862831239,0.5478575389718268,-2.920311193113447,3.391321793470251
9563,3.5387722410189966,-2.99928835037295,5.088153513708171,-5.540485818347296,0.02538278089680812,-0.11253436690476093,0.06909358618517203,-4.985452519538452,0.5129877738168771,3.022790006935203,-0.08886565750278397,1.4694468101054703,3.8793772575829806,2.563623881037799,-0.14190939536181446,-0.149658673809828,-3.8554759965907657,-2.295957072859082,2.6175625648376943,-1.6706546707522651,0.14522825950373175,-0.5059291268914707,-0.870767558607886,0.2845605319069797,3.632494054337883,-2.8037352552308867,-0.4753833925889097,0.07626583454169555,-0.47228511348361657,0.04264387242703016
9564,2.5794366278280627,-2.98425519004185,1.9582359943642054,-3.746652604179463,0.5603318468466285,1.632903325181399,2.356348708124191,-0.7297565069253018,-0.4325347223786169,-0.53944032540935,-0.0893258037985083,-0.5652913496109484,-3.0700086289135324,-1.0247048470733926,-1.4327771340467539,3.926356334152537,3.1903733319398455,-1.58923905605943,-2.7316498953860346,-0.6539918175277979,2.0829957195381823,0.4002267961780017,-1.0171046927078073,1.9195238899021945,-1.2169258109263659,-2.6962517730936,3.1097702771528013,0.31857857186760974,1.5590254908010124,-1.074196755798262
9565,0.9775962829064149,2.533675613322263,-2.9071285962047035,0.6878330164460351,0.6236996456350674,-1.9156759621061,-2.819753686352321,5.918235819056999,1.103927701289102,1.6906699130428997,0.008841430450772236,-5.901921177485953,1.229647270999429,-2.4795426457895786,-1.1448188857290287,3.2573993639132937,2.5533584560723206,-3.416043559467182,-3.2377008223534425,2.0752880211471343,0.7605025956152893,0.7916117432364036,1.2582331216977671,-1.6479346593464328,3.1950072955338875,1.2410325527520243,-4.497319740794673,0.43012749037348996,2.8996597138177727,-3.268507311679322
9566,2.2178222939101673,-3.1259445579524154,1.614269054688588,0.9501905023384651,-0.9498778886593044,-0.7064594043265036,0.829184526248369,0.2944757056713456,-1.1299060527270708,0.690155861193162,1.0632256377281255,-1.747135678112425,-3.6562445311147496,3.480671403071593,1.2951812740272821,-3.4865572756924106,0.08188589260695167,2.2850632371005837,2.8947554645544926,3.3169529796500186,-2.7330767622551004,0.7349762524485115,-0.9204236787299411,-3.2931842556712603,1.721436229235671,-1.4444128775759495,1.2243066387562322,0.1466888398413282,-3.722474824239571,2.074455993985481
9567,-0.996778809603116,-5.192973074513759,5.100603951175884,1.3053541017246424,-0.047599339400807406,-0.16860682938382965,6.094954369345839,-4.639428262065618,0.057425985249002665,0.4779249152386793,-1.2346239535494976,-0.7562530542168915,1.1222514671237533,2.7211668678045484,-2.8476820958672473,2.2124123223937353,-1.4575433845593757,-1.750605176896201,-3.521822392046424,1.5524980244058035,-1.9493446526830027,1.2054350563654914,-1.6138892903943685,4.327123254349232,-4.66251780561749,0.8112790515978503,0.975443664237094,0.7556466975957488,2.3138314722631996,-0.19368308007320145
9568,-0.5261363430963826,-3.522921283405857,5.180648188689744,-1.5755862021799274,0.7361268537629866,-0.29213121377154927,5.1218306083760865,0.5067944260101704,1.057894081637106,-3.103224688949343,0.07633407526829394,-3.6596285023407873,0.4446078762357857,2.332941669837737,-3.150324400596329,-1.5203758920713746,2.627672291801481,-0.7345215452080627,3.59908717885288,1.6853538137271968,-3.3729671358702635,-0.10115761226395037,0.500314154104748,-2.3106303985538545,-0.9167642485921554,3.9999816675819773,2.4804502049236277,0.1674193110620168,-3.6124316806540246,-2.1186552543182344
9569,0.5827263652121424,-3.8706904993674236,-3.601030273953313,5.0627310117933675,0.3627067790350491,1.4635566172791776,-0.8623349335152,-1.2116463028652795,0.9444510389769363,-1.6522181160658036,0.8799823993011247,1.9017659141697472,1.6608037026886144,3.346838044657396,2.324664841623491,-3.9770434947585365,-2.8011731891522818,-0.5540899050594437,5.583020068443094,-3.083245372979924,-3.344753048191052,0.04987148473303371,-2.65792071445396,3.453027582445568,4.12553617412334,-2.800746552710116,1.6791358145655515,-0.1885485517673473,0.8265025779179656,-3.641879462126173
9570,-0.24640420912221472,0.9091974523346984,-4.626588195624947,3.088375857781269,-0.5527882113408722,1.4282073059710676,3.0296472450328586,3.2649029782670134,0.9954516022063338,-2.092021397957538,-0.8719036942100464,-4.3260767333371,-0.3615359525448696,1.6188420104424495,-2.9656637005013504,3.041860982323726,2.188741150226342,-3.522244489947047,-4.773219714077076,2.882730379450795,-2.8726335726105106,-0.7270835955252206,-0.8397670025018336,6.3299735052605755,-3.3633066204885296,1.8872563960716562,4.785760083652654,-0.16459742155861967,-3.1944255104069548,0.049313072733013996
9571,-0.4588931760064092,-1.252935921767353,-2.059340628126474,5.262471092122087,0.6521418323177524,-2.143443198540603,4.823177408135287,-4.486223547296728,-0.7528463913758898,-1.8866899589234283,0.7820410365486419,1.5205414529136583,2.543653852830772,-2.834753904625561,-1.9450468473883706,0.9412206811880957,-0.9119135294268794,2.2068397474212063,2.040388368188651,2.142556263294221,-3.3035303488346823,-1.1121079668952878,2.416741644988562,-2.1840479607447705,-2.5330934999933135,-2.029675295130712,3.5270024068416106,-0.1334694475352265,0.3032983551625801,0.865937480658264
9572,-0.19826979192476735,4.526922707599908,-3.9841641789806275,-0.42575028729901376,0.48217787084534214,-0.4009163202418584,0.8086196945753308,-3.3746344642758146,-1.0749197658230818,-1.1643514134951296,-0.8848383848170167,5.690124333837229,3.776955242233136,1.6255980914700778,-3.778317290451268,-3.1495487523480126,3.6183162258947625,-2.093003516799433,-2.169350914499635,3.354934971017496,-3.9402096145396293,-0.7242582154245127,-0.461832832056702,3.9407166054996807,-0.37906882479085624,0.5418220751770839,1.649609288710252,-0.6247068143192154,-3.61648077021494,2.4288250454408846
9573,-3.0405634542233635,1.7980645496230707,0.5494210804301609,3.1339012539442095,-0.7831443660659114,-1.6576790637091694,3.236400162827408,-5.498828646005634,0.4121988493109434,-1.002830527731339,1.1861125344509729,1.6669476271491774,-1.3005943540181306,1.0473185480766887,-3.2405483583064054,2.629818818000878,-1.299397805832701,2.163403152078928,0.36433230103658687,-1.6408913015605826,0.045326093070492846,-0.341496874296606,2.417857408040776,-0.84512762629398,-3.4542528338165006,-4.909985702636833,4.731194215852749,-0.740739925528886,3.2653524909624316,1.1084317551701979
9574,3.1874039592750982,0.054271380260317414,-3.0176943905451132,-1.341932931902761,0.5703332872121716,0.5476186956992688,0.5774911419623834,0.7069395949206196,-0.564298433393934,-3.4556217489005405,-0.31105736443716747,3.046546809850163,0.742711508047023,0.8369673267931788,-3.953152722317645,4.110514700381874,-1.7652329290751432,0.028192116169961423,-2.863046912968727,1.9900386444392097,-2.008884984871024,0.06433384702323952,-0.6902287098210049,3.5077881161949946,-3.334841276905909,3.5518236134235295,-1.0469932838874172,-0.04288112024298041,0.500547240132768,0.37234482748313447
9575,1.0065516859444301,0.2754121491746879,1.4093234557515757,-3.189305001357358,-0.268977646550957,0.7669953570366346,0.6282406097561157,1.4055420387139925,-0.7975292882457667,-1.0230834649526237,-0.7049038633857299,0.49173396811555037,-4.161059152972909,3.9349042160541146,-0.6467781854561778,-0.05714197990410241,-2.6423701227631096,3.572445225041445,3.045910630217712,-2.9235309624254224,3.956442212518933,-0.9164691819445574,-2.9405027546165208,-0.22184994375347244,0.23237057226251423,-2.305629234226906,4.079790673715859,-0.48102606824777716,-1.6992064429791984,0.17370049947860444
9576,2.2152773119177454,2.9150988029271225,1.2945167935393727,-3.7336387029948277,-0.9524024663091817,-1.738851739081225,3.6010756288312145,-4.953734249256627,-0.035392587214124305,0.6289165002752668,-0.627778003020266,1.3869127103861132,2.1765201531230147,1.9678907096121883,-2.2334939119278268,-1.983550754841712,-0.8568089814092694,0.9294427854428626,1.9279359034553352,-0.41647915708609773,-2.3264970817216764,-0.7319739591646357,1.276036000252434,0.270978294261333,-0.13162000777843375,1.1862809118991429,-3.7168007893491577,0.507474112255613,0.5676457374119721,1.5870200355639525
9577,-3.2551929710227174,5.1484317937567745,0.6762469512558127,-1.0101561908161827,0.7851158568570171,-2.3444454400316825,-2.6108395306034566,5.119120056185142,-0.9835757637545592,0.5938392705100366,-1.221715798103154,-0.8968282342324407,-1.2417651502020117,2.2547801612364786,-0.018907057116837933,-0.6995553956963185,-1.2089764576660116,0.9144238994439693,-2.641898406771528,0.23257870217770282,3.382391967878604,-0.6871909796551261,0.8557206604330094,-1.1416019440659397,-3.6032458788403225,3.859972508619922,2.2635234050717763,-0.42571259241430504,0.7823562687267085,-2.876893711160685
9578,2.9185700458848594,-0.005027913309895382,-0.5880025228613981,-1.533454690189668,-0.5196866688620381,-0.2723982506628211,-4.588705124560178,-1.5298139246140074,-0.5767326830238284,1.5139589605249384,-0.681276205976876,5.862568977651545,0.27537701731004205,-4.0870382365513365,3.7248683886268203,-2.654921908109662,-0.3245477699305148,3.0662625086539244,-0.28651471167410847,-2.8432966589868283,0.38403316543171684,-0.696133732899427,1.7657697184491337,1.6761422196762439,0.08565390011927576,-0.7374790449755722,1.969899400354489,-0.09211433294376725,-0.8776784524997812,-0.34828147005155685
9579,2.395894908208682,1.6197128910131227,1.9931920054640457,-4.739810313801847,-0.6689341309607402,-0.6000553599242178,-0.973039565484509,-1.4386449827333472,-0.4814319494330821,3.184862902654327,-0.816669960172665,0.524923555170858,-3.2618728001411785,-0.5232690544700773,-2.0568144423795474,3.1601906581040424,1.0549358549675318,1.626829783918513,2.1701972421433524,1.6188085984575764,-2.7071606002006057,1.164739328865072,-1.7746419616956253,-0.4719426075730446,0.10012095899017481,-3.8737404884904905,3.0673727511135915,-0.2778592767937713,-1.821590924742564,2.8056969799261786
9580,3.3825393796071808,-5.505779595817856,4.2895848730184944,-0.3459901280672071,-0.7107001845342564,-1.1096543442072946,-1.6606241212533952,2.4795842846936864,-0.40581072344601843,-1.7950698814867785,-0.4002833302242532,1.7822037717183257,-2.5461368208636745,-3.2602534258516833,2.92359652014585,1.4273530359284088,1.9655603078341137,-0.510119617193725,0.3247434158620308,-0.42610658605878626,-3.267798548869788,-0.776917394459196,1.3184906454063636,2.827588468116101,2.6974213015708095,-3.553267397414153,-4.9493493409366245,0.3076279734238536,2.1712629728752404,3.326304490484006
9581,-1.4575616267848606,-3.949496382675722,6.189413914427526,-1.067964273428661,0.4507434160877897,-0.16513504762700215,1.7656940758656994,-0.9910289617267551,1.0961776665643566,-0.4396458854849268,-0.8521260895331357,-0.5790708056836316,-2.0120589808583826,0.047893023060304074,2.6657881347537895,-0.8624599288122248,3.3131129489668254,-3.1522751971110115,1.6982087123506275,-1.4175064289311496,-0.32327866639374037,-0.526211672503127,-2.7553315562080183,3.3241196116821428,-3.1396613129947113,-1.1892669427903115,3.4255230894999933,0.22782685165612815,-1.5564562739352485,2.23203458856732
9582,1.4404728936887494,0.36045614573356133,3.609531326672286,-4.058661824864103,0.3085299402992554,-1.6603284815306747,4.7258096648578345,-3.9015361567723232,-0.43528582577800456,2.56859598557239,0.2919224051362308,-3.249506073014558,2.4644764932580046,-3.481186896150673,-1.8307493139248407,0.9053781163296755,2.593477279478062,-0.6513956789909354,1.8053745165348118,2.1391235900219137,-3.062261985495063,-0.41712630003530293,2.8779626710336395,-3.3430724920632713,4.696817525437428,-3.9488100317249852,-0.9681176302366268,0.8525810487718655,-1.5697793667421696,0.9373084544976784
9583,-3.6532770632099663,2.9722465852606703,-0.6125833285596514,-0.7923938347285215,0.18465628260249023,1.9013513586340736,2.8763239473084248,-1.1052449955725656,0.006187414174151584,-3.230328966026322,-0.3141390416317771,1.767201641749672,-2.9827967116244842,2.581428976732635,0.6780576581861695,3.3334317810885707,-0.7175456597935153,-2.892576044590056,3.0786123234369818,-3.0075298015662355,-0.5152932850782861,0.5724038503905753,3.068414955188448,-3.1966080423747627,-4.386761715743342,-0.26677971697960956,-1.4805295365553661,1.0505294167916635,1.7644466355235764,3.3190949169662574
9584,-1.2441767700277424,3.393985229178014,0.25083563149013344,-3.373987475677602,0.5607653176431935,0.4125780673931043,3.240293736305482,-1.865205150167224,0.35176730961903946,0.5702541877924716,0.13982392420176915,-2.436934007749926,-2.6650324208820884,-3.2018507411615857,-3.2299508057797492,4.211636348267927,2.3992047396227356,2.4859928799320805,-2.247807141495823,-0.9000516116953303,2.392062320744486,0.3594560441955972,0.03005600095434069,0.36628438729346513,4.607380102093149,-1.8126821032297435,-1.2219782361102283,1.1133433065842357,-1.6576037929747152,-1.0284592763594986
9585,0.8205603089090072,1.8783232454975227,0.49674910719060605,-3.713474148908464,-0.8829607606892842,1.4008022479996942,2.0724737088883174,5.029264129392953,-0.6582222311543537,0.16628810156164064,-0.951213059233571,-5.658590649453366,-3.519823604768078,3.932892871754987,-4.15981066025828,-1.3185277763471763,3.9966339220789564,1.0686352475388858,-0.7764955392790327,-1.9352983576310727,-0.2567601411814824,-0.8695342776833783,-2.4286677132948196,6.266756029066514,-1.0847857195670514,3.899753253101082,-5.0511765004857025,1.1314075588219392,0.07355291432489963,1.0312484938080182
9586,1.6010093374304368,1.8883228860653993,-4.549032362136131,3.8639334890684225,-0.6411760784736233,-2.1630572719554078,-4.48128160630986,3.768864457515704,0.936250631778619,2.6409321971415203,-0.2844588209667105,-2.580306859157705,-4.168408932647344,-0.14793838875019816,1.8107935801589221,-2.067107982867263,2.355361658754834,2.217300065350333,-2.0380411272358288,-3.4636338599397476,1.7295801599635254,1.103686200458668,1.739668561737652,0.9287400650125015,2.0321560256640296,1.844577913714005,-2.4205867529432936,-0.4568301542174851,-1.6124501148818648,0.613133082667785
9587,-1.4410782299842388,5.251229411456443,0.8353053731867739,-5.209098660417592,0.25110120823841386,0.31254089751923964,-3.3367110390996793,3.7674488403378454,-1.070093820872689,2.19038524270292,-0.24132784550524455,-1.3097013775615771,1.1579228908751418,-0.3427519528766041,2.053623149860158,3.3782227247053385,-3.05929771343523,-3.1877190991295166,1.5180242780589488,-0.6802429938223398,-3.053845053463826,0.7876462893758198,2.841681337030929,-1.4132638571827734,0.6035074118413313,0.21960952983666004,-0.3634391249095721,-0.3615228157254782,-0.7104315551228915,0.6122765540831097
9588,3.665637760554951,-2.02889502046353,-2.131898274396409,1.3598543209900527,0.7523921293724918,-1.6170909160584763,-5.60692197999105,-1.5236253381412475,-0.08937346789528267,3.4603362219458162,-0.2210126928998415,3.9805972569831845,1.59330480556169,-0.07552240202807425,-3.310584135270208,-2.014093561730503,4.031302340994319,-0.22440704752793472,-4.9022768381215585,-0.7590416986695843,2.2713859796006552,-0.8043711588670908,0.1939853205713007,4.000318395483038,0.40093022891036156,-4.775885085950492,3.1357063797554723,1.1920729158618188,-2.458023082724326,2.5051986441503438
9589,-3.598458180144876,-3.745696337380604,0.6660656969408372,5.926910018937761,0.4455691921473566,0.30560960949862803,1.563626066629137,-1.3716465346047855,-0.7768986441435208,-1.0902795609590434,-0.4780203982638511,2.153219071343649,2.6997647896507395,-1.6996033075997339,-1.8869783251278172,-1.2537803219644879,1.967441008117774,0.17315615692284503,0.9235687629685465,1.848857089479786,2.6950496489887463,-0.7214845521500974,-1.929728228199055,-2.8162627210911992,-2.891143335882596,1.860852422306948,3.306333207934049,-0.048484280141602554,-1.676137341813682,-0.5514206723999102
9590,-3.1035624527550816,-5.443481214862686,2.6150399005735316,4.810131970374215,-0.2738909705129611,1.395762767182081,0.8395589189578736,1.2178808372709256,0.3402471175424564,0.21437664115846466,-0.5883624038494144,-2.0237011110787577,-1.7733949321500617,1.7369245474881332,-2.0811101644151098,-1.824077890037417,0.9570463041430628,2.984612134970728,2.4414049340149333,-1.9167814578377929,1.6932713779155613,-1.1357868033900709,1.339242227012189,-2.421350277718094,1.3846231874709929,-3.5184042535433626,-3.299986040809465,1.2011102105802092,3.360982425520895,0.8716744707839084
9591,0.2861232666202813,-4.088275838338852,2.240166019902812,0.1999030467264049,-0.9315672115069888,2.2936507165954545,4.201871508309129,-2.100791944069911,-0.34926624058417755,1.9710498692164649,0.2891578804849182,-4.012021073354834,-1.788266352347101,0.1909000386908275,2.001978776481213,-1.817094116624915,0.8243788045348097,0.5881028492644589,-5.640962294638896,1.6670406216311395,2.3222120972368536,-0.8599478284873445,0.30886352638904135,2.2027938778659433,2.2467741205872116,-1.9226700483860704,0.28105107476315894,0.33230330576070966,2.2797667613265524,-3.2172252140484225
9592,-3.5463728728242216,3.386263517486327,3.613566499998729,-3.4094840586443134,0.8966788291673691,-0.940651915184759,-4.384328543500967,1.848052444133149,0.18836941104484506,-2.700235068739273,0.08167711970776992,4.966464637356069,-0.09871180467563434,3.2987418082021875,0.6146229597091128,-4.241445246003671,2.3482911773590054,-1.9214988945916929,-1.9831826323269297,0.11200517036191115,-1.08236561850034,0.2152076833670673,-0.30880468859640153,3.0471400856914173,4.280410310614258,-2.557764494807696,0.097534294209769,-0.17806547164074527,-0.6832997866489201,-0.9588148517235027
9593,-1.9735822832689607,1.2249155692814213,4.516769396506831,-4.946645808923478,0.18250700040188228,0.9960361260014157,-3.8258320290232284,0.7248116772110258,-0.4470361315379332,2.3873471351687776,1.1399818987309613,0.02072744945198579,-1.022165276308593,0.32519321892936404,-1.8989165039751938,3.1865029334664534,-1.4575325049614438,0.866918132848701,-0.7926164073494917,3.119566592085768,3.768515993903552,-1.1108724557422387,-3.1945483516124664,-1.7900453712883824,2.241408928619972,-1.9268810170020743,-0.7174675190632875,0.312900469162428,3.7314247360637225,-3.641385597777596
9594,-1.2529088104298314,3.480763297268865,-2.9030546608693584,0.46978303044253167,-0.6667857933811376,0.8722029369680637,1.579898663141396,-4.237918898649511,-0.4419169829558882,-0.18698347052750108,-1.0566257042804499,4.3435463932735345,-4.063386723641347,-1.8003699616972977,2.064893150459696,0.8923232427238972,4.034247377472326,-1.1277070853179634,-6.127784844552654,2.348490182370856,-1.1188957311445034,-0.6909924531273957,3.1276223006851787,2.4615605457652627,1.645315938783682,-2.726058916171361,2.066722824761193,-0.528622685754911,1.6835397662953433,-2.1408969279107684
9595,-0.6580193198028468,1.2821477243999624,1.390788198192734,-4.3426050027244045,0.3718288771080247,1.9558595228256763,4.718601068694948,-5.589572616362766,0.6937458359024351,-0.21863756234235865,0.10686710059755455,0.28899617351178364,2.2142458827690916,-1.9557317440241953,3.635371435375358,-3.7839885671861353,0.30047791150131786,-0.4103749184361334,-1.3115079367542712,3.0889101822943665,2.496493209891497,0.8264730832543936,-3.2346248682244827,-1.8657436704647736,2.0602590607483258,-0.05692996995410482,-2.3345010021475723,-0.2672047117164382,-1.010547252513362,1.6089238755863384
9596,1.7417461482337657,3.1893765616091088,0.003273241619346834,-2.7057038895459335,-0.8651993307538486,-1.3634927311632694,-3.181903542374961,-0.593681088416222,-0.13327006745543812,0.8528586870533807,-1.1653239098092465,4.221319921004088,1.182872718089019,-0.8311431578902102,-1.4690894611109577,-4.140097502051914,3.4080809335754836,1.8493764693878667,5.654763870083688,-2.978441262634126,-1.403607012593847,0.8262278839662436,-3.1928330274980343,1.0938895486728057,1.2613742769596854,3.152647527796063,-3.9047241039991682,1.1652288203065444,-2.0047348436309775,0.3302083225710515
9597,-2.824073331834226,-5.293444667644415,4.317088854460614,5.523651271604351,-0.32868192515571093,-1.394540201431445,-1.573981276195358,2.713391469276967,0.848244555169571,2.7020726015365284,-0.6956832052829256,-3.994044144503164,-0.22886359492531128,-1.8309070362259217,1.6171880832035157,-1.6151106257869525,0.760062737639057,1.297630436094881,-5.041014769102542,-0.2556187006325086,2.8235941948380585,-0.6419174940823762,3.072344084681891,0.04261268429422671,-1.7548948248956293,-1.9880486176900831,2.535531960810978,-0.08846452364344337,0.7207329776185674,0.5751430278028078
9598,3.4284326288077516,1.4109134437345894,-4.48481016525659,-1.4055046583851585,-0.8066244739373851,1.8575932250359912,4.518477087805763,-3.7022805322815593,-0.5646691596999851,-1.3049783249578155,-1.079522889547241,2.1329738186824763,-0.06291902879331701,-3.6003025991423687,-1.0881380071644422,3.4165307501095334,-1.0546936235582063,2.3895225085480973,-1.4272127392352978,3.020599402206198,-2.342561087742526,-0.7872822947136155,-2.717299618294419,4.253756337776366,4.478370862063439,-2.9612394009597587,6.066125669223606,-0.6598382820630686,-3.3961257389876316,-3.527293109273373
9599,-0.5101288554695138,3.981207847343839,-1.1211414218062181,-4.6212187457415865,0.7842466240260668,1.4870345516466053,-4.4814230649801985,3.7108730754994355,-0.7861810386091648,0.45443844053977855,-0.7504962181796335,1.8527888057314321,0.8744803667801442,-0.28346491191851797,-0.9888942145725039,3.6808417315017863,-3.6012306903805733,0.3182677185889382,5.797426278464236,-0.23177828695890668,3.783687803804714,-0.5982817179845004,-2.0327407326427256,-6.718313344686127,-4.28559978653705,1.9046723035153477,-0.14092904510295767,0.5008468123562722,0.12241972380495802,1.8985899919666096
9600,1.8683198095047864,-1.4847055427261076,-4.511530098524798,5.01552661847084,-0.6006891371578638,-0.2869216495676419,4.426517339036128,-5.429579883540299,0.8479624207643797,-0.8418785341355655,-0.9116471844479639,1.9086258423249767,-3.4587615329286656,3.605045035518639,-2.9720664944959445,-1.9798002526493068,2.727894016552014,2.0776892280025336,-5.723138121411463,2.722520722317256,-2.7486084601141165,0.12110729337622939,0.025967584230199847,5.602150981598612,2.911354434823039,-0.56517970504499,-1.3889316630752866,-0.09162268036999688,-3.0247875279639853,2.159167141634377
9601,3.5050437434509796,4.438530024574099,-2.818385155914463,-3.4102087045604037,-0.6758180816582207,-1.0391618258927906,6.103013887150659,-3.7342656885633687,0.7786006530426848,0.8735080705345304,-0.581582299585854,-3.4392746225770026,-1.7167850435321146,3.478009364499105,-0.40343932941713234,-2.091427390633662,-2.607113185745943,3.3407555848290045,-5.195692570830925,0.23233741258039586,-1.2331652586461619,-0.10636016878811638,1.2397947401835747,5.063085845497916,-4.607748804710644,2.3564727294553514,3.355755296767157,0.8133552403949542,1.5376008975211377,-3.4554353594247846
9602,-2.8999688321585264,3.278934406389318,-0.23127988725289228,1.6901781192855552,-0.44957646761561043,-1.388287338648622,2.3780515610050976,-1.4735492629708702,0.49729203014981316,-3.3257467848771523,0.9542859035170528,0.9696665531777029,-1.0749778094697717,-1.191871701775284,2.9631317390064495,-3.526322177644163,3.7634999720366835,-0.9334600221546712,-2.7948622955221296,-2.9793413268401814,3.9833057448242677,-0.6119189742407416,2.0896010946642374,0.3132157571112266,-1.9154577914005202,-3.3422004598873585,3.716611384918128,0.9322550641196727,3.4883933349686096,-2.8796015327153626
9603,0.9662743162722425,2.5627457892151853,-0.031677195086459164,-3.666733353759401,-0.7591715827841954,0.9285620261418188,-2.187441205876617,-5.5440402175333645,-1.0827849757053256,3.1770808661645127,1.006982946608451,4.630202586344005,0.07241055593328838,-0.7937243908292402,-2.157857499919446,-1.4475862465477345,0.7786994552426805,3.5480581261196917,-4.567005300896334,1.2870486886367836,0.17308353033089574,-0.0031253586699468983,0.7447489101618476,2.365249530433413,1.7107712466487826,-0.5250616403569772,-5.546602639741845,0.6946932050602497,2.9260962049132644,0.7401036234796994
9604,-2.9681501212957873,4.648278931211678,0.19210188000452888,-4.060923864104691,0.02152291249226357,2.167170261691224,-1.9636638452685027,6.230348640292259,-1.1108101576234453,1.7388638861924406,-0.33310071066742086,-4.561637812923692,3.782666269614566,-2.2099432718680134,-2.114631580017077,1.852981093491728,-3.1556358112652454,1.8445633000432693,-0.9996434492035959,0.19947000831544948,-1.8490700510939906,-0.9681570724058721,3.2484949456155228,0.3689056187691584,4.194710125964342,3.161189934014253,-3.4558626335894616,0.5270116944021508,-1.0132474335100028,-3.4138016872781183
9605,0.4652768232481215,-0.1109263861453833,-1.045227210844967,-0.16542585590669745,-0.5740026298998813,1.4303052595479926,1.9171328314526583,-1.1341259287806622,-0.3559583357922067,2.7501589703580365,0.8676100427220632,-4.044817579958234,-2.6976800326394503,3.7092537668624175,-0.9086911291439534,1.3625226080710178,-2.320658444725117,0.8552532315743004,1.9772329471840102,-1.2334029806316753,3.305532014323809,-0.6571231836730584,-1.132726801019615,-2.2595119961867987,-4.215544141932062,3.487366398549007,-2.6691983707136195,0.9789163152833638,2.4574036825726147,-0.03894388375613822
9606,-1.7534025594519917,-1.4247766341651449,0.6215413045545617,4.363425324034978,-0.039454020362234665,-1.767333414610981,1.8955822495519499,3.645471796572501,-0.10451085448719066,-2.514003620694698,0.06377840752394004,-2.9863179784648644,-1.915757945151407,-0.7869889223781108,-1.526138155404702,4.228262989117454,-1.6304787428678527,1.631100776683816,-0.891578918993968,-1.7834836607875832,3.3720944255833736,0.7754176742519432,-1.330544210839765,-0.14190530921731792,-1.4832962102453884,-1.2402318953680833,4.758609406152985,-0.4550770416737331,0.7988555497195282,-2.37885980858214
9607,2.3480672967891714,0.004940407448472683,-0.9736230002390229,0.9567369467763243,-0.5977996479767982,-1.7383220027989736,2.37703473862749,3.9185734461378203,0.945833610446627,-3.5519820139763834,-0.7800241078208838,-2.9094356734130287,0.05495077862207154,-2.850014241728699,0.31909548832135926,3.1765600203918325,-1.8753938539097472,1.1748018083023624,4.846189421968422,-0.2051094760323906,2.710312971794398,0.8960125875360401,-2.7981623456743048,-5.449243159595447,-1.2484837335509873,2.408082267653935,1.5715427234691184,-0.4832516564722349,-3.4943908689822223,1.2465012678855487
9608,-2.7060135662606566,4.707435472038281,-0.8583693931589487,0.3028677330455771,0.655944239387761,-2.101864485052838,0.4668701102751278,3.3847324409884116,-0.5131866995508911,-2.586474211914828,-0.7480696765524861,-0.0038719632437036466,-2.1823305077390014,-3.1312685943518,1.7712935577599929,-1.3962099368538592,3.4037437239637676,1.5347717572200885,-2.2989249953079955,-0.324833256915694,2.880723445052059,-0.9709870563458409,1.5524396512260132,-0.8384177877117907,2.4185532000807264,0.984667199950163,-4.234156445878494,0.9838863681334908,-2.3005344351632093,2.147584112880473
9609,1.718300378997892,0.8331650650783118,-5.5437100028399335,4.287538830349622,0.07617921147982232,-1.371473483066529,4.003444883687109,-1.9430408899544247,0.023230081267826996,-1.8368069931817352,1.179476666985062,-1.4263037488022157,2.226834291723762,2.329974096010069,-0.49841417301507107,-3.5245798090436153,-1.1942733830946128,0.6604589774186547,4.829371612432116,0.5336144615394289,-2.6724197363609825,0.5119336049346472,2.8598465693613058,-6.062346511909777,-0.2374057113696395,1.3857439238486364,0.38434435147640045,-0.9675639544200951,-1.187807732515303,0.6226891229831555
9610,3.1676098141431197,4.316338361716692,-3.3412747706666046,-1.773355775453755,0.06688540684761746,-2.4362030365878713,2.8754351646278664,-3.832872097999502,-0.11474203590330045,-1.9761171989604804,1.237173583325803,1.8111225849112387,-4.0017330395248845,-0.7108174300621464,2.722130248089435,3.7755338809397614,1.7147333422867703,-3.499847001729769,-0.7060121923662557,-2.4507283023852455,-3.393474645463563,0.7545304177877519,2.1179385112927633,3.6777462111312715,0.038802373461948036,1.999512399074245,3.293518906438557,-0.8021355528826541,-2.237580179752465,-2.292117946336491
9611,-0.11150596251951761,-3.4376044728193484,2.591696774267753,1.8453289940750999,-0.8177532407946126,-0.07016209221016467,-2.4499983279091566,-1.1571840510383247,0.7088351617396871,-0.7890432558185783,0.2555894720974008,3.4318010009305944,2.906261089003852,-4.078400957668007,-0.35643229726007064,-1.189165585992777,2.292706905830137,0.4250308460860204,-5.6851999191440825,1.680414546489736,-2.6187249182681374,-0.2616909041396216,1.5342716530838167,5.3509295419749705,-1.5731659784472924,-0.47354668274874,2.4779139142408937,0.7350661818676247,-0.693132259306859,-0.4731351756024935
9612,-2.123382926858044,-5.130681378447765,2.6232799300851113,1.5579535766575567,0.8785177671608979,2.1943130314014567,-5.962023720166773,1.3324215850713443,0.7670258101846619,0.5506281948749159,0.6862656846544608,2.6256824453830063,3.0026119905862103,2.4401414590225023,-3.698849470059706,-1.4490156150760978,2.87793296441955,-3.172821328893324,-0.5368875685045182,-2.730256947586083,-0.9127803946474131,0.9418723597359815,-2.0555010870836288,5.293553638082379,-3.2801184480284604,1.968256012563284,-1.8162614733323608,1.056829292137575,0.3218022088862291,1.749492407776863
9613,3.543891838038469,0.953897043070473,-0.8104257066463347,-1.8159045898122166,-0.16220540276292983,-1.7092531818882701,0.562959899886927,0.31888874133954914,0.08738193126175453,2.0855246900181896,-0.721859884744716,-2.3328953777601207,1.2516566612404745,0.5026684151837948,-0.44360251409199947,2.9607184733508625,-0.5580486966476847,-3.7133923390363144,0.6162758575116953,-3.0708009941407184,-1.2769680629703952,0.05804238621954205,-1.4695213685225283,5.142972181899076,3.424500161023218,-0.8662651234665546,-4.7642716934582126,-0.3766930507094495,2.671526576549308,-0.08879686993515534
9614,0.8611681251214343,-0.9085952127788275,2.771267569705735,-4.833442886276618,-0.02326086001163219,2.1328632642390826,-0.7386150017655382,-0.8913556180721542,0.23945785767727745,3.4573199375605164,0.22665682561253497,-2.2934640010110208,-1.8104917558525564,4.090227127023848,1.3733104738649153,1.8255721771116242,-2.3077053522203332,-3.1709126699283505,3.8306402207425876,-2.7962643760230943,-1.0755041774112168,0.8016454044232679,0.1522771190770449,-0.912794190811919,0.5759665996886021,-2.038446955216571,-3.977302243532563,0.48615712633383,3.072440873883302,1.881184598846552
9615,0.9922341881105421,0.19065357040546616,-2.957919439726151,0.7107780194216922,-0.652482092271806,1.7167357540594104,-1.8655345607286904,-4.272514557865403,-0.23038563578129434,1.5559180777819286,-0.03294986244677034,4.8454665390418405,-3.911971933874085,-2.211520779877878,0.13939947479648396,3.779040266966607,1.5046773997892267,0.7003755721988014,2.8489756757693883,1.9294675056673949,2.5501837245675283,-0.7514652612710107,-2.396596770881615,-4.18056487385503,3.716768761091906,-0.14464857267232034,-0.6294208656869813,-0.8648758463703672,-2.126583073044424,0.04875959668534868
9616,1.1063646578559911,-4.791038321382885,4.644659954474015,1.327259216251658,-0.6092148147477652,-1.6780306924518467,-2.1190217539266953,-2.0166855822721494,-0.0380241085223485,0.23365761525805517,0.329152565270034,3.610921264194733,-0.1762857179467332,-0.9794166087763969,0.8435280018091049,2.9532050503480036,-3.3477878158107774,0.7067570903759908,2.4064617001859467,-1.4173150396412382,1.4034551496956418,1.1441036946730367,2.2556313433009514,-5.792336848217705,4.210823540413429,0.41412412156196154,-1.2855009854355153,-0.6852061829825065,-0.8685812563087953,-1.7856592372454188
9617,0.6455916110695732,-2.2572004183203234,5.691156753913859,-3.6934074720983183,-0.5285561775958831,0.14241570303025597,1.279003916159919,-2.1077787482799586,-0.2723197472966401,-3.737303738883556,-0.26022465828592,5.098622976587759,2.5822043508350134,0.8171778990469427,2.546480715314601,-0.5847655165516201,-1.6854329650103423,-3.6756644836354067,3.4990833911911743,0.5110112689186064,-2.897994767331726,0.3927789124146841,2.958165981028916,-4.463044786225005,-0.5967255966816118,-3.8279642692059745,2.917487984427872,0.9009516963179234,3.4261440759637622,-2.819893890818822
9618,-1.7186302263702515,1.8850435310947375,4.619900074866848,-5.226420977389548,-0.7148429012575828,1.1549504990549835,2.7780470124769963,1.2755042904490281,0.15638292293211187,-1.732514487009917,0.24177691434802018,-2.7191966531946434,-0.6799074123529678,0.870874102446809,2.6970729611838493,-2.730413721480616,1.4849072797694696,-1.642533209567361,-0.1683929679451026,-2.6819821479463997,2.3500785888767552,1.1602005006793625,0.5289294171256458,-1.1888333907936008,-4.402667088709672,1.3441006563794495,-2.8582785831531297,-1.1143372822862294,3.5616909183062795,3.469491379466433
9619,0.042811079491693604,-2.8562348752140068,4.315211462450467,0.021771584196624616,0.9003733956916937,-2.4239326466172795,-1.1286385368592953,3.7381647656343553,-0.6064287755516826,-2.473150934893823,-0.8001785753971733,1.2702320570692365,-1.9433462007601143,-2.31911344793758,1.9343355319378475,3.131062505995171,2.1107826744805855,-2.913721063716741,-5.809026674824146,2.144617382193452,0.5276644924058438,1.1818129010829734,0.58937529022249,1.3655566089160338,0.65982683373743,-2.322308788317457,1.9472028016162355,-1.0076217462282475,-0.9076094683500173,1.6305103675451633
9620,2.099185131385763,-5.405502595337083,-3.4571972056757865,6.066959522560886,-0.8520262737394646,1.5485814208048598,2.1437161985233395,3.2550774987024482,0.2419281301442462,-3.5506692469383605,0.0581199646156243,-2.1481725450457,-2.9878229977173785,1.5522140665880464,-2.2971588744650706,2.2571201103139877,1.0267890118919922,0.44885868338760204,-0.26849868607303407,-1.9958848011749382,2.695138093949577,-0.6211586793773618,1.799329195901274,-1.6089251232288824,0.30139854272546174,-1.4501088397631925,-0.5116027389253119,-1.1936690040433189,-0.2014491742675233,3.0554312142769966
9621,-3.727326819707338,4.220674761062067,3.955570387304391,-5.329783029701673,-0.031311410371346104,0.9121761114130802,6.132102886259204,-4.519664240347119,-0.016708324124403262,3.68743048355379,-1.045277217518343,-4.237883587821532,0.648763456299875,-3.105132245159629,1.9258906616734528,-1.25903856288922,3.2048787121159883,-1.4153620220412932,-0.9778189384938507,0.9144148421029676,1.8955932147506296,-1.1852259864665267,2.502559485338253,-3.1495226172348474,1.3358486990310325,-3.7132218991991373,-0.32903462593086275,0.16754261912517077,2.507567864886152,0.031297342090716995
9622,2.882025719054557,5.0642110811505034,-1.7455829544775696,-3.371029136311595,-0.4686048275073753,-2.3610198819093497,2.1903206191589746,1.7471735604154084,-1.1647077880043346,0.187462672042642,0.23426184935268157,-3.194510912963789,0.5766497085285138,0.6928041102173133,0.557298063141392,1.9569345148155932,-2.951156953648896,-0.8325294430547299,5.562801750127754,-2.857073356846998,-0.38712564424831797,0.985743851892682,0.7047302894175935,-4.009076890346051,0.3981720192966982,-1.8559842489198353,-0.40909186157222877,-0.47590093899728814,1.584021534343215,0.7587834958525246
9623,1.072792080786499,2.2364648501947215,-2.8495302301969083,2.2052131760992566,-0.7774205805178847,-1.887519296366495,-1.5602533851823672,-3.4093622363810603,-0.6916853016646076,-0.017427687017203652,0.2110715642830545,5.467657045963755,-0.22084524249820703,-2.3244911758741473,3.7282443598671478,0.7502983498809996,-0.5742643387819548,-1.3589419525946695,1.284564940629707,-3.2444081623134036,1.0902138588970658,0.6777897255432679,-2.266334558908982,2.4581741961490238,1.5815232926969287,-0.9044092639326031,1.9416458901687434,-0.7112946013468022,0.7318878216938423,-2.6393531392770413
9624,-3.495944071838517,-5.1354853782692444,2.6493187904483975,5.197744768755694,0.5196956091996205,0.26467028170326934,1.2665096307686703,1.343441357273278,0.7124698884600615,0.618128410974851,-0.2073554651751106,-3.733193822300187,3.3760258946238046,1.2638979701300528,-1.8346919629378213,-2.7481457228756554,-2.834466174014901,2.777379995073648,3.7925801685659515,-2.4512909105677743,-3.781558227103476,1.0821249966056765,-0.6776332484997845,2.035777220996085,2.220139067874623,-3.3075622760673156,-0.8872724617039154,1.2329168134749882,-1.1474169857242025,1.8891958421488582
9625,-0.5276351847211505,2.158938281259296,1.2906900673191473,-3.5337559125788793,0.12352559476190317,0.48823715395891476,0.15256304674711885,-3.2499884003133452,-1.148099322670646,3.1436737303741786,-0.8929754152799525,1.9948263611441988,3.5149634162017307,-2.955417787814591,-4.061657717396018,-1.9021089631271,3.2966654392621813,2.1075556128729183,-0.5390829848776981,2.5781650625430714,-2.835986516364647,1.178106368431374,0.9326693813877096,-1.3138713111231048,4.833366808435279,-3.395113498499839,-1.1812123964739527,1.092176155542382,-2.463892522459652,1.1146754534588084
9626,-0.5639550320841629,0.8572391908398629,6.133071011145709,-5.443837591760683,0.5553032954806629,-1.5378208736221541,2.3060150336411738,2.543807026226009,0.3091839590741312,0.9348599604156238,-0.4729335477746961,-5.62093243158068,-0.15832680192229986,-1.1302804597643377,-1.419786523871478,2.777681546943491,-2.973459732069607,2.9041719706833433,3.8749666751347966,-1.0258881952716372,-2.721089794110849,0.10117583761988058,-0.545527067386212,0.3163625440107545,2.2976486564813534,1.375125213036295,-3.446350069928222,0.591125242742792,-1.8000069697654109,0.9824579274362168
9627,-1.3063590408959804,5.150095266408236,-3.4916493059148515,-1.0860355117920086,-0.8298536442206039,1.5638022364144515,2.3727641049587866,-3.341968070620517,-0.5890861883274603,3.701904519682863,-0.31182237616993813,-1.8317919895221486,-1.8869919241900046,-0.030497643053482903,3.6237611255755517,2.385289283441164,-0.4743706687399758,-3.6171901730341425,4.832043624712632,-0.807618373278288,3.6334309745054085,1.1378121920304958,-2.6390712503521545,-6.156597167621353,-1.9894035294659353,3.564925982415943,-1.5026228071868992,-0.01425328003512405,-0.535078270534397,0.47643190480943254
9628,-3.338592375035759,1.3286790541031515,-4.826926626670648,4.851778644067885,0.5220333528291783,1.4630279507054382,2.598678449340106,-5.150041912766238,-1.1421476770442962,3.66751902768841,-0.4782847499008289,0.5042768626844385,0.3043453589032161,2.726317069533078,-3.012470087620068,-1.3323272903511292,-2.1751475394576403,3.489282488991666,-4.679925008242609,0.051221293221500375,1.2713447449889372,0.0207690807150831,-1.7774478320359304,5.114037721349767,-4.247959782944113,4.830256454216837,3.3330980496478055,-0.3800137216240467,-2.597065575912824,-0.9383154233806188
9629,-2.2472728720634105,0.8910026228238657,4.682197999831342,-2.592361066353064,-0.439267226492126,-0.29429945774735344,-2.467800516098155,3.134825304091976,-0.5857914526191799,-2.109970504475058,-0.8805679678135414,2.9093051369155454,1.178889495226617,1.8168749960707054,1.9291767071194457,-2.042255820813942,-3.3878276925665745,0.5051423149628427,-0.492735586975261,-1.339988446717367,3.882422936374393,1.1001506888927342,-0.11371760190026059,-3.036131989677468,-4.616389247259445,3.616615159587319,2.6484638504526075,0.8496479440800577,-0.9546451732445966,-1.5436925336128997
9630,-2.7381282941603295,3.204665278725763,2.176870796573443,-1.398409321727737,0.8831585259945518,-2.128156985406429,-0.1621316910576489,-5.336694358749984,0.8414566137844215,0.14737096271351646,-0.6692181012760035,5.179216574587272,3.7258229281094692,0.5062263633499775,-2.080956426650733,-0.09650473353923417,-3.995636289684107,1.941048158413679,-5.015272725819258,-1.7519487986894564,3.013422044531989,1.0247145056483822,2.1643248840256124,0.5647600902994938,2.065075970085534,0.6677778553983842,-0.950043959436389,-0.6824539720736595,-2.9680526647251657,1.8676967707543781
9631,1.3660095495702045,0.5111801877057331,2.7571784521311535,-3.965843082271064,-0.16376452068449865,-0.5047605864523046,2.160351178347252,2.733062404001469,0.40281516010660745,-1.0958582043815177,-0.1523967467368772,-4.047973791335384,-1.8882555905883702,4.222633453998256,-4.007078713941429,1.6894877166087063,1.0469553706647936,-1.0637422367429092,-1.5654397097623693,0.4094126654245116,-2.576891795239767,1.242847286037997,0.945017567507044,1.545053986029341,-3.8730826897704347,4.723021115836989,0.39849598336461867,-0.750629743018151,0.8210659026375016,-1.3188705690474514
9632,-1.4683194995734716,1.7707880592469252,3.0684670745591447,-2.99032371975823,0.13608420022190648,-0.5166961146970426,-3.652361262062687,1.2251143623863499,-0.21573616108167126,-1.385472978055775,-0.36238959649872093,4.3908456353140615,-3.033597784886096,1.4747008098963548,0.1445359973746818,-1.7696016282191707,2.7882557489005144,0.39570685693278485,-3.2852297198456064,-1.8020038029763263,-3.547489241840484,1.1875342679332803,1.52686913966126,5.9203193570646135,-0.25709267210374165,-4.632424969192513,6.221612958497651,0.37970325626319923,-2.727979693849605,1.0161811203880653
9633,-2.340245883244018,5.090221841958389,4.648550821448271,-5.286689928905989,-0.865271216967312,-1.2465656342900981,-3.4808969082930687,-5.200529923225101,0.44548712315097916,2.806291788462797,0.40552637689350046,5.024121543012445,1.9005942729560097,-3.977026116897189,1.2497306301699673,4.035472584376464,-1.4395840385817067,-1.7691873320244387,-2.500288165941008,-1.8235822390934526,-0.41167464124649555,-0.30176797228529306,3.078299317908808,1.9590137006541717,2.19831935753356,1.974028961433536,1.6709292139146932,-0.7137420285158429,-2.6413633952547837,-2.4881721091081292
9634,1.9819645721837418,5.418195937339551,1.2927375668007848,-5.516095840839554,-0.8240613887990687,-2.3527408466862108,-0.09741225043718771,1.3325378437050297,0.13768419638933693,0.8220958365743112,0.1497308694401358,-2.3446364956700556,0.2450648113336662,0.8850601175989894,3.4539157265154046,-0.7594822743184473,-0.8040194281917046,-3.020538952938809,2.574381944103777,-0.5978100591883191,-2.842275589453811,-0.8073609379071867,0.4657795721901401,1.2072850702521265,-1.5283204536758142,3.8345879131913954,-1.3836448583714613,-0.8203941581076917,-2.6850441880557234,2.582815745022266
9635,-1.1688416239768173,4.705150360960545,-2.2453429994892815,-3.5427724102925566,-0.12776599684481238,2.3795726696421546,1.0874064890477193,-0.6823362672475355,0.13262235589075022,1.9401666576984908,-1.0316034405792678,-1.4462557948085788,-0.8888794997981364,3.3976466935094543,-1.863970524653098,2.726642744981465,-3.865981589288051,0.49454217524744415,-1.7057910728346855,3.107422375319757,0.14276760564852964,-0.26641423095916306,2.8765988736124104,-4.154583550790139,4.773470161228875,2.083605357573287,-5.748218193598621,0.2511481658121708,0.771387301990595,-2.13139279300332
9636,2.364389907858751,-2.1962972005539676,1.9039124760933461,0.1755130374156657,-0.26446661103912805,-1.9830516097754227,-5.6585649569438345,0.9329286185883916,0.8364180393625524,1.3566444659295378,-0.09724705500111064,2.629820888066039,0.5065278844827219,-1.8336270225249915,0.43185484428094867,-1.6301450105095352,-0.6352629678557236,3.160652272125624,5.223911581113594,0.8301488388283449,2.0770941092834825,1.0278844970207635,-2.4437124617022974,-6.715326564547194,1.653575664539158,1.2303728111035035,-4.1454260526713895,0.571159269394995,-3.0362773715049816,3.726595679141699
9637,-3.4046656627254652,-4.79448435445839,5.666603819029294,0.8171966743142001,-0.77230609141438,2.4876556152539795,4.347434337139326,4.552796769531785,-0.3487129513528604,-1.7688311874629719,-0.8674111224694867,-5.915275845384251,0.07399364307932643,-2.9123562439670003,-2.3121664287994115,3.4634225864241373,4.070608393727245,-2.3835019504652415,5.620073092102597,-1.9989995912219083,-3.3341071289103077,0.9369493033403344,-0.7102498845064282,-0.5136657908075932,-1.1220386580767538,-1.5277886018482363,2.705877648764229,-1.2467482815545732,3.3642344691278723,-2.173536576409571
9638,2.882656659399423,-3.481718400273696,2.934398582989484,-0.8891442464908543,-0.10747871861349068,-1.3387138770116263,2.571302826626777,-2.731252524106882,-0.8106141592798588,-0.3532609219472693,-1.0502271873649756,2.374051966073747,-2.7651045173856836,-1.4229883040240772,-0.20421504629291576,-3.0438018975854177,3.811315716975823,3.6247940483112906,2.4277670880356403,-1.8058524427995444,2.1919374023045677,0.9886554287177196,-2.203843461933996,-1.5986640143277562,-4.717602545364565,-1.256303377103773,-0.2971479283508991,0.9849637184157451,3.116247405929201,2.169842726477235
9639,-1.9961114309572778,2.359852898174232,2.4798486808641442,-4.596274222240808,0.5680966694566782,1.1845874047022367,0.9889099988266139,0.5045797352936319,-0.7062534699188694,-3.3767876913337975,-0.5674686776615179,3.1570201047954747,-0.6972733297677891,-1.633422165031721,-2.128744149552233,0.7587406967858641,3.427540371311583,0.2731585762532731,-0.8723347019097645,0.6233885359326727,-2.8034724757563296,-0.9185333131709639,0.05154758673545956,3.91940436816553,4.7388574130648,-1.9764363598448895,-3.4240570105345114,-1.0386415403394555,3.2551288125318614,-1.55485131487489
9640,-2.5813169100303384,5.642437852639691,3.188650013694353,-6.210375566442867,0.5116849627703415,-0.5510803526320132,-2.7159146125475857,5.553906598099143,0.2852050991470927,0.8847576749590758,0.8498940472108192,-4.857848806867029,-2.90241302320646,-3.343945980763788,3.0616171275473825,-0.5748067382829163,2.3156885622383996,1.4438600524663343,-5.042787472492055,0.5174064503630049,1.436472752439233,-0.21578313307091435,2.4161273186548318,0.8885640841024731,-3.70442311247427,-3.8869336997562876,2.7484074940593004,1.0225273407686428,3.390546092927938,0.4298758844775801
9641,2.439522548334722,-4.824078655649668,-4.950598684780424,6.138305481296637,-0.49998037171262455,1.6968296825105185,5.380812602245747,-2.763484232995207,0.2880368891189411,2.5094697938466233,-0.3210948110751062,-5.093740241139482,-1.9079304559057526,-2.9895304453555855,4.150463615459525,3.463551241115443,-1.565239435594398,-1.151314519720314,-3.3502818262348377,-0.49771051217379814,3.558714107080174,-1.1155164654303666,1.8429221574649244,-0.43812746070950936,1.9047563275571306,0.33919797033064114,-5.090236390245437,0.5900354618387915,2.182312558356468,0.07393407216531145
9642,0.9887149545313534,-1.2849928102617483,4.998063595871464,-3.0910216251582483,0.1843799671225832,-1.795144082106205,-5.778111793746223,5.763804836554272,-1.047375768374565,-2.8781445941665176,0.28205485714697254,3.6577724625876264,-3.31954961580737,-3.2891627847338096,2.156978496254787,0.03087595063139048,0.6765413491746699,3.7443166044792626,2.8757818577071035,0.3680765635675147,3.990158098066278,-0.8889198198420596,-2.6412842108233185,-3.7038124886789277,-3.13063094789867,1.0565189679901081,-2.3159038014432127,-0.123148048813853,0.9935980152316048,3.519565814936904
9643,3.124907483993681,-0.3569531095493623,2.1195782034022237,-2.3592339016936883,-0.7112502153714788,-1.8170484607821713,3.891698820376593,-2.7941503273633472,-0.025976712016609227,3.589412442102848,0.40101671597529265,-5.0620009390732115,2.964475264592977,-3.16594699736784,-2.101423977566128,0.08184479853348492,1.3998286963459527,0.8212222154604589,-0.8950668490651132,3.1891522778786303,1.6727657330677985,0.289422306371943,-2.934554063531749,-1.32171940472492,4.666473300594564,-3.3290269666736343,-3.240054370269899,-1.0940061026269583,-0.06959742949656267,3.0662115684753743
9644,-3.20140855701872,-0.5921601269081123,6.199177893276772,-2.2480742195010066,-0.7752032617800748,0.6176682719303663,3.5562008435161303,-2.516843601140213,-0.48262563494741606,2.616840684494626,-0.5834921523773744,-2.5900801395441917,2.388019815834692,-3.706782494406589,0.8356600317124645,0.1809400314878573,1.7636053184706206,-1.4614427031001416,1.2889051814390662,1.694650366241392,-1.7324210460324867,-0.7701165413575684,1.2712346937656314,-1.7522526540594647,-1.5925473358386704,-1.8347535735055374,5.580214715210126,0.3720688185433785,0.3627579299028607,-2.887740554309291
9645,0.19592545091531655,2.458588556291332,-2.898232193609431,0.6573216959478323,0.11591896003937441,-0.5295224695851992,-6.149639952955354,1.7711610829021076,-0.29259585146809464,3.4060628386990466,-0.4346627840394781,1.6996746668633271,-2.49199792385242,0.9331424387582352,1.2718464730909247,-3.352014974396557,1.907897637518289,1.7311263488804371,2.74218747769433,-2.5175161932203167,0.4360276548189006,-0.14610650496377975,-2.0729955762772736,1.558403141944698,-0.8425851920612573,2.821527451794367,-1.34876528413713,-0.20280176137699968,-0.7328699899241613,0.3054947757080644
9646,-3.568293881147156,3.284649686471461,-0.4033130911448808,2.4116691025383084,0.532525810001947,-2.25723762672048,2.7057743852913383,0.7156801539993687,-0.08213124905637237,-3.1288643021584406,-0.8289846352253001,0.618525647150939,-2.6791803050736895,-1.8804851483246985,2.834866337498685,1.4782118060541656,1.4329940383395154,-1.1864067284950597,3.965131461084919,-1.9729018674421628,-2.611026454772494,0.6377288178999532,-0.4297470358779343,0.4108150791042888,1.0799341410312948,-3.853196429152028,5.568417673223703,0.2462268170841755,-3.3102933653728055,0.2689111631885517
9647,-0.4460423864034482,1.95568779217961,-0.10585827013937887,1.1113830609743331,-0.23661400302109303,-2.2785561935908447,2.1143389932635728,-0.03860873785427188,0.49694290689808884,1.6480006250710844,0.8159001767434146,-5.0365739641203575,2.953283305376292,-0.6672124724235253,-0.14434712790556858,-1.1999746063641776,-3.7295242217275426,2.78777512304341,0.8218689400734824,2.052295405591355,-1.70999351840935,-0.23544143786475846,1.694082499889383,-2.622811889283554,1.2116385822417932,-1.3583514993366812,3.718089998019348,1.1497002496851803,-3.7063701608487065,-1.0147071697580259
9648,-2.3154433786315405,-1.3397355698767939,-0.3339131700147391,2.3719530705526886,0.0945897413503789,1.522549306619199,-0.572960624917819,2.3002755000030852,-0.12132074254555736,2.6310240250959893,-0.1401744542796841,-4.0968437033544625,-4.038767437432847,-0.22580600755611613,-1.2324498267570245,4.0793468185502455,-0.3246590814780568,1.7423355346726659,-0.39439931043529697,-0.8559123585253854,-2.1600674842711065,-0.573143915185641,1.9848115473834866,1.998711521030451,-0.05078449858679335,-1.09643249350977,2.736220934351806,-0.08370050527658357,-3.742628330110863,2.237324893135092
9649,-0.8154425391806601,1.0558047334199685,0.9963869163703301,-2.496768754822334,0.6218931533646139,0.6381264908472986,-2.1183937578572696,0.4931156675566264,-0.713307633670369,2.5066080049917367,-1.124649450768012,0.9566271697488631,-2.467233110069838,-3.8777333788496247,2.141865747775352,0.6428481392362357,2.814614674087096,0.7456379278196792,-6.110132926147919,-0.666668499861844,-0.31786386787012155,0.9935739911013126,-0.15486453428945346,6.255955837064526,0.6824483031604558,-1.347921833533988,1.3812429949521352,1.0380611282410452,-3.057742063651787,1.3039114708350112
9650,-3.60881669640856,5.268499351642358,5.277199814988364,-5.958480802622489,-0.8150373861324212,-0.16336428146806092,-2.7985579011591,0.8988060558503008,-0.11949150073405779,1.8566665302607284,0.8789317906469067,-0.7163549748631901,1.3814709859007657,2.415653149948092,-2.5530564651810597,1.1739685597973626,-0.12767094794583045,-2.2903652825204297,0.6237911563402818,1.94993643055901,-0.0009368881219611325,0.16975959574759347,-0.6330603283933218,-2.1094899661351114,-0.3198752397520579,-4.0877341719769955,6.123790852393995,0.33666112111816204,-0.4201404908334254,-1.6327020709467917
9651,0.3257030750380405,3.323387083862187,-1.5231388286327814,-2.6469549079859327,0.4166085134326778,0.10439506428503265,-3.0048742135297637,-0.6444432211334359,-0.8066444778931201,-0.9453396920373525,0.06499228640488308,5.336309318190388,0.12879487761922803,-0.926930628360779,-2.6916337219025994,4.171389996375456,2.2308463265544454,-2.912466850286844,1.4547128473916366,-1.7500517817483594,1.5037850860296835,-0.5079843552443783,-1.4201675640904199,0.7197057676583611,-4.990411139299502,-0.4396869605630229,3.3996674658655124,0.7395796170377205,1.6399644791920558,-0.34911346222987305
9652,1.9650309422542307,2.1567091287161766,-4.406442926254357,1.4494037028687075,0.5958223130496298,-1.7605231606351524,-4.577443568048025,1.8141904021078652,-0.2923589251488181,-1.9260057828040598,0.5775270060228861,4.404090867871805,4.203150557064831,1.6533426660676653,-3.5458394895688397,-3.361278550899753,-2.6125037295458835,3.6631285468808663,-4.969740531078656,0.952811058855902,2.962186505171484,-0.22316924388836856,-3.210484487842466,4.4883966987786295,0.3277586550543141,-2.6410432595257767,0.852732870313524,0.5655616854939556,-2.72848232088306,3.623472369549937
9653,-2.6402288769433717,-4.714733817304236,1.103376958256323,5.004678160096812,0.8577900698468697,0.3891175060468406,5.066902110182713,2.1895892623135147,-1.2435940160550358,-1.242813880568102,-0.5199214208357086,-4.25016205503573,-3.0891221313209343,-1.4981956120310205,2.436976393578867,0.6762361020993808,0.49713647010603523,0.9769687775665439,-2.201780948014356,2.508568452556407,0.6718320691026811,1.0750648119700887,-0.7100286206878046,-1.3436557649304994,-2.7856709808736575,2.8434092401035223,-4.372291207039744,-0.07541880174785476,3.2251216809811503,1.1648500685794687
9654,-1.7634308350902206,5.533799057254889,-5.848128082498246,3.8664788341713745,-0.3190010820554259,-1.4697178917831408,0.4652122130107905,3.042674745162813,0.1481835790696664,1.039248592770175,-0.7308575789665683,-3.964461551045222,3.469365060490052,3.132684530978821,-2.0298962560231164,-4.140585197996044,0.6713241577547571,-1.1028922952055815,-0.2762978094951052,-0.33564854152036894,-2.777802724382253,-1.0632500292739646,-2.0367269699809434,6.489726074649155,2.970520004251256,-2.8402375591902,-4.122611249026697,-0.45986968954069773,3.7054770410517186,0.7467214524575194
9655,1.4940666738300976,-0.06753248516332988,-4.327599485528758,4.116943097460439,-0.0710933948881809,-1.1447844057110412,-5.390828462688901,-4.4433809200224985,1.2346569010693669,2.357409557821441,0.4988542484745393,5.743288675347689,2.5181249702692057,2.6790383098351036,-0.5455622829612565,-4.096447210115256,2.5355961154993487,-3.0907499025282537,-3.9999272241441197,-0.7275262464776606,3.1818367545324513,0.47645573630980653,0.6761969482908903,0.392964031485171,1.3505744554641588,3.7612852732353126,-1.3024834112077741,0.18300305988999277,-3.58261803611037,-0.4097613412684247
9656,2.546878342547238,-5.0143690850223095,1.1272012049731224,4.384396808654181,-0.8081315494863439,-2.235975721666657,1.4224892086234036,3.444995352792546,-0.5753873943980983,-2.40804189696607,-0.23470702706395485,-1.649348242986168,-2.8030081114411765,3.775530118895354,-3.489179648777041,1.035276938800454,-0.15374890257890783,1.6351296051002358,-3.416567117589988,-1.3216535866015455,1.857050182395021,0.07378605630022861,-3.063272615180109,5.870657080672956,-3.8961851566412378,-0.19840930007034885,0.2724374523789592,-0.6990718496195996,3.5379353118066845,0.9832935421484397
9657,2.374298700128758,0.3070472329672995,-3.773863467995362,-0.23377136814736232,0.3357952828457016,0.9904936202001764,2.6993449216748893,2.9875382384426814,0.5072470208821898,-0.11218384307495732,0.11786376935030773,-6.199810107273418,0.1269589909047788,-3.5919214704699556,1.5449325431623002,0.6758777501847391,-1.7524616444142982,2.9966138306313184,-4.452678158239053,-3.3016132396457962,2.3576031889888966,-0.11464394842601777,2.385083182520612,3.1262489747979174,-0.09960565390713327,-3.896191964227601,5.824327214120814,-1.0258419280428255,-2.9977635730334367,2.19507590509307
9658,-3.671389879837868,0.39829988535557703,5.343639733787644,-2.1178897592494756,-0.3329275989091838,0.3802676188525247,-4.447656822628016,1.837613134469109,0.5154085521688829,0.5863557343361379,-0.0475510696054382,1.5558304712610216,2.3267282580311957,1.2331699563139367,0.8430845285032333,-2.722385741049555,-4.019994722080099,2.339397720280175,-5.77086855167062,1.1708206301479116,1.532288424852819,0.3432129436710891,1.8722081399046218,0.852338413090731,-3.333032045801243,4.5404075659217575,-1.3620132683745467,1.2024909926960028,1.1782446920238208,-2.2260979364629296
9659,2.9477899898318256,-1.6783672130817138,1.0418633824199546,-4.059068517402764,0.7765047756480818,0.9712775825838502,1.927470414151415,0.22805630110331165,-0.217432673068779,2.582241943472372,-0.43658576703638197,-4.083750218620274,-1.9433291781634274,-1.8159786476959567,-0.18607979662299456,2.2724681138652905,2.3444052940928124,-0.6714857854768645,0.5597713478118393,1.2395288883784037,0.5134051888465407,0.4952481869457701,-1.1017244650393376,-1.7062291469466366,3.378907651657009,-3.568705825263276,1.7197530166641606,-1.2412985343707121,-2.6821689197734226,2.3935126110891147
9660,-0.7226746371453299,-1.5170498081619037,5.0639990933843215,-1.2034783742348019,0.6351513482226143,-2.255947622065669,-4.92829776220217,5.9368664208332405,-0.10573483790526517,-0.14019550180007023,0.05909680162036235,-0.8217351205444139,1.8453332568963674,-1.7411992573039683,0.6827329733984904,-4.0645936072205675,2.4097924249535794,0.8679342092749405,-0.36227220413053374,1.1006110797927313,-3.498569425313777,-0.6231997922200252,-1.0035858858534414,4.38701622772162,-1.1936722975309095,4.267463650921659,-1.1613940410280392,-0.42462886526601196,-2.931669759772067,1.443901312678264
9661,1.7319857974322694,3.4814110125694775,-6.246532060469288,3.4794712788198225,-0.2855830018263019,-2.160753026526769,-4.817540101562624,1.6142400351320667,-0.07152629573547031,1.8906196434854472,0.1972866984393864,1.1869200202428765,1.0943746123669733,-2.255344894262416,3.5350951056916884,3.1210507641703202,-1.8736831249597081,-3.621492463007984,-3.062681733174795,-0.4722372427501451,-2.148230298205709,0.9922069996679177,-0.26441738670159864,4.955359661160902,-1.1913141773902183,-2.7926412821011297,0.10454643578344047,1.0832489061061459,2.581053370022797,0.21510674758182802
9662,-2.177081859013274,2.7754431400473294,1.5779732148086083,-0.8852727472712232,0.4738433260946713,-1.7649050746668937,-2.929477885135295,3.657565023076547,0.292102750387099,-3.4468286484590642,-0.1384550479431832,2.565093808075577,0.4214599054520889,-1.8174924834427468,-4.1051269146961875,2.8480589191031527,1.4352587990732886,1.2178417745092638,0.8786245728047888,1.9940103417562653,-2.4811507204229457,0.26110000095940933,-3.201997385424816,2.5494131903238966,2.8776923349271506,0.5038814162372809,-4.601822611633413,-0.6091581905364878,0.544067768633294,1.285339282375027
9663,1.138126205569538,-0.3510092448547759,-2.040802934810202,-0.8863205460963641,0.9444603536944536,1.195546166496582,1.6294206760217413,-2.717672778323678,-0.23450168011958628,0.3130956253887973,0.49984123283461646,0.5098169241997894,-0.15428741986285388,3.0834942399379024,-1.977829779770822,-1.464544529861909,3.7987835404969132,-3.285616050940366,-5.6659462312799675,-1.0419509507395297,1.428173097551312,0.01126846692403749,-0.4534027353572849,5.721858352898025,-0.8732775234554495,-2.2040968760864317,1.3569262244523088,0.8426010533371748,2.8474786283795837,-1.969631506624303
9664,-0.855067608075025,-4.049891689768771,3.6852468852499207,1.9912378677592635,0.7837916449835616,-1.5553171001497486,2.904756241579314,-5.421857369616536,-1.2117262560959077,-0.6358928805856596,1.1743126514559306,3.1904076132645223,-2.9953938439099357,-2.295875737099255,2.351380362206232,0.9108821725177201,0.21011672481088794,1.8188903214731873,-1.942263776291,-3.0016082693079422,-0.9367911175746446,0.00928643107502225,-0.2318757412257515,6.103252473320971,0.26047784943676433,3.677929867113779,-5.232459579689952,-1.070219321918838,0.632853877939505,1.7314173071216388
9665,-3.104192405324145,5.607294279382138,-2.5749826134492864,-1.9201473268540425,0.5776665049102752,1.4143615613343066,2.6642507056338935,-4.166787830805781,1.0383714436708882,-3.6472144957333423,0.9426769751234483,3.168703202112564,-2.0855944422540205,-3.2497896518883405,1.9811393642178636,-0.019968307863312162,3.5155539103765996,-0.14134087258996963,-3.8709718541385527,1.0445547673159492,-3.1732549904104737,1.0253231330790262,-1.6881012512342508,6.662450195384942,2.8823515691751034,3.4182985511814614,-4.423448576239725,0.6255055053396816,1.0504097769705218,-3.5531168264241177
9666,0.4935694048418853,2.69678242007366,-4.101102670680959,1.998244101784156,0.5121860492766688,-1.5996793052961458,0.8413742426380892,-1.9947993097962247,-1.120763350975742,3.253533021950993,1.001063424480681,-1.9804080282960932,-2.8996786798600223,-1.043219594897982,3.9627185056600673,-1.9337324281296198,-1.5341623674208336,3.448074564647225,3.4593187198532256,-2.9833620989225746,0.037740018144972964,-0.1692649633506189,-1.0300774532411534,0.6856457775128035,0.8526563262838884,4.5453857680731105,-3.992346678785527,-1.1027791858976643,2.7675139382721525,-3.0704301679430372
9667,0.5174927075684916,0.11441559553406933,-1.0704041376746574,0.9636053607279713,-0.8850071146246696,0.3598975884680691,-2.8535101664509703,-2.947131122556655,1.193543024012242,-2.5536414592888743,1.219516236393507,5.941223487892465,-3.8717177263353957,-0.08727188886724235,3.1910386324259328,-2.730272245709454,2.160574930137198,1.3376482983478262,-0.6134572284185893,-3.456845233666,0.9597055188414707,-0.50458091983276,2.2470877861541556,1.3680900769183424,0.3555121213889443,4.607343757617894,-3.5437457433956006,0.46729226341028873,-0.6467147456113711,-1.2396876534072607
9668,-0.20091548862595054,-2.4546503478014152,-2.6872771605424894,6.148666438191281,0.9929542725220073,-1.7987777137441352,2.742206141585946,3.1564518638038983,-1.2008212503840512,0.8746620111239078,-0.9490568883195527,-4.623441877808414,0.7634178477024669,-2.3699350029804034,-4.126103110153995,2.6640985937806434,2.091954052073053,0.9765676195770858,-5.347393392842434,-1.323887222089974,0.3063027329365937,1.1852547035226824,2.6893948371846275,2.4903283412851174,4.99070720460217,1.2708818344773327,-0.8861404098644527,-0.2571300698330852,-2.972965907787213,-2.145352651591873
9669,3.465618260158003,0.6039131472197212,-2.3588629323933965,-2.3843867176841087,0.7690870553663407,-0.09536881266726027,-3.6346989169857515,5.630193483652064,-1.0384873482560049,-2.8063945110819564,-0.6950555586058913,2.5444428512792925,0.2154373188058898,-2.2075085263131236,1.2649092290019652,-2.630262442113457,0.8562895385657612,2.5011348820517867,-3.542654843438285,2.756736274681767,3.607671721873114,0.16484341502537347,2.552693340134466,-5.539289908279844,3.457900458643195,1.9271703731733751,-4.859468373600318,-0.2592957537718066,-0.7767310323285699,0.5104243278869944
9670,2.079467248098009,-2.826412030485283,-2.8400744077942797,4.278363554453573,-0.34202648578719086,-0.34931787848552354,3.349117106101925,-5.513893629734973,0.3280551248621011,-3.043460735250166,0.1846102951809767,4.695571838841893,4.052938475285746,-4.231399494206192,-0.9930337177212998,1.7873654204447966,0.368551233060046,-0.984421916864278,2.6776544602218024,-2.9072573006623905,2.3737644027411697,0.4107489346957731,-1.964239422132465,-0.5906710748673056,-1.3612146359425523,-1.0067815119765058,-3.4114575510903933,1.244402969816238,3.3698332567527665,1.1652174724432847
9671,1.5849685910429478,0.4190525021155693,-1.7738810495214032,-0.7317979257298006,0.6003656436046727,-0.0987077615126779,-3.9745291893022987,-4.403323604589907,-0.5690281736262861,3.1980415315515778,0.00907499277829249,5.739764443190385,0.9974134485411099,-3.8564669438798465,-2.161068672278935,0.9370224321441185,3.096587842085146,0.9865118933872274,-1.3884462999644107,0.490162467381559,-1.3999257277928177,0.21398251218719633,0.2213335860361756,1.862893462148893,-0.9592068164879173,-1.6017496331807806,-1.5411488510100426,0.019485398618572347,1.7966278010932477,2.2859921009697537
9672,0.48885355015226395,1.0915455355467607,1.3289841004763971,-5.245790071255126,0.9034943212818316,1.432912563797144,-6.153037597168396,5.268981443546121,-0.12660160992228775,2.785721167277149,-0.9568952727723312,-0.8181681309585151,0.1913298709665483,3.2888500105316893,-0.5030644326269886,-2.879411996914632,-3.3739407350189374,3.2762372830611426,-3.9848637173678405,3.304522294373207,-0.17660790041266772,0.5187191520944037,-2.247547287510196,2.58577745881972,0.5044758674700347,1.3157827272452636,-1.771839205371279,-0.4598069034363945,-2.3527887617236267,2.764176275818812
9673,-1.8075098776152636,1.4854371401773143,0.9152800175207325,0.40221912545734995,0.14418037662555783,-1.1396067821664477,6.136710138927057,1.6584723486592274,0.9097415038485535,-2.675979570913496,-0.6943522621038678,-5.334592158415745,0.6524072644701597,0.6724829067057385,-1.9342720196115977,0.19549328870824922,-0.12316725485084135,0.5370558145771014,4.4142183341046,-3.214751071869008,2.954826976253006,-0.9758238868543403,-1.571250513182985,-1.6072198384546148,-3.754976950966988,1.75420866074721,2.360547323977748,-1.1308006268533761,1.5877942091663897,-0.8167726160682083
9674,-1.8134996321082006,1.2623573207947558,3.0101481297297674,-0.37005474428227103,-0.4369784507091419,-1.6519726234256815,1.8758162681140078,-0.31859205582890127,1.0714827986784439,-0.7034422246325089,1.232128609916125,-3.1573933962454284,-1.9620052747098278,-3.7181043316303644,2.8312228010613474,0.18557650203114662,0.4827964142373631,2.1805138890091804,-0.8356891185652344,1.0026770208408973,0.2685011608910983,-1.1963239669869337,-0.671657114559391,1.432492018376223,2.60354843578909,4.216312428375666,-6.129841886286666,-0.025620565823809116,1.050551109421363,-1.714949521472903
9675,0.9542286769270198,3.51685780835561,-4.010584928026994,0.8170063779787888,0.29488783567280796,-1.5723957709080079,6.001050783680764,-4.916486128673029,-1.1953381348683196,2.7107284401286513,0.5750623679088553,-3.1750173281752048,-1.3687570227148314,-0.2662368843384151,1.3392686102732938,-3.6278762650255754,1.0328219605341395,2.8907796012701965,0.18269702653555342,3.1503672083401284,-1.5872044442284938,1.0670573040164726,0.7494156348479137,-3.5623327295148997,-1.9922586866922245,1.5416372339204258,0.9468197145984973,0.9612890665747011,-2.6677979286710176,1.2103106002723507
9676,0.5158089127415728,-3.464911988740756,-2.841256397888003,4.960422231434542,0.054558754541131904,0.7753784879107908,4.8783702822003185,-4.488218205837004,0.6321158564388369,-1.380659301077408,0.9387809488569028,-0.5803895805799115,4.234415279401201,0.09467665003097991,-2.5117112086613282,-3.71367844381032,-0.8175951940548849,2.713892917093176,-0.8786450046098899,2.7864822475113407,-1.6528151117428767,-0.6512034610735196,-0.049477593110388796,0.4456589230219983,0.9100466553941402,-2.7700301172487833,3.471417046435178,-0.49462374246731056,-1.5582773653232245,0.44146752321274363
9677,3.724693565188236,-5.587522839221425,4.344159749878472,-2.7409608776377503,-0.8767512446461851,1.136381646437945,-5.153202648764612,-3.8661257108992118,0.23964651524491476,2.313469616753128,0.47621682180114533,5.98999540586636,2.559443396557473,-3.027156111619954,-0.33995012588161444,0.9638069704016203,2.712300124129552,-2.868444253588244,-2.313319030837963,0.5861479041577748,-1.6487041915912215,0.6428886900171031,-1.7736741169771335,4.506660745228114,1.6041498643308998,-0.20817258981379183,1.9220252739431807,0.27778689362254827,-1.1823482188973085,-2.4134412231827795
9678,-3.3938117422673955,4.517637861750082,0.12980144835771412,-4.0102689205055455,0.49795011262258937,2.258691240041852,0.274757835585568,3.606031424465723,1.1066859308149448,-0.7554094186338194,-0.3782049792379194,-3.8538607929927906,-0.5833060166246469,-0.3828728235729031,4.042615145037885,-4.141891088686652,2.065443979371736,-0.9999891955265667,-3.430712615593631,-2.2139268889113275,0.7637845272642281,0.5314838706566221,1.9191379480256323,2.4302331585551364,2.6346048421553654,1.0269538524532393,-3.158425588151939,0.8422773923524005,-1.7450016422690329,0.3995911434627182
9679,1.0497625125627614,-4.74212075387231,5.06462841051659,-3.4771511992715567,0.5824276617209692,1.5224533683428483,-2.900903506345788,4.674481021638616,-0.533283862291384,-2.9886891366120825,-0.5398570744117821,2.288252558024137,0.7609361082052111,2.954922176373813,-3.4221933292713835,2.836317083978752,-0.15236908280758854,-2.977612956479966,2.6531312543663823,2.0907143537664297,-2.9115052213431003,-0.03238906037411393,0.1315137691938748,-1.9314650956128077,-2.9193233944410117,3.3312172591188833,-3.7264631093422125,-0.06480939764321114,1.187626015470567,2.1917526268397296
9680,-0.772323066737755,0.9547665934171405,2.9952737790757737,-5.18429832324469,-0.4509523332864498,2.4575333507752894,-2.426574977840506,2.3281998552053658,-0.0867423237599283,-3.571675578883845,0.3131228803616892,3.4436701449189613,4.160511555499859,-1.1397783976574694,-2.0426940324432348,-0.8869131481993797,2.1851447207854555,-2.276270697986412,2.5391645162739067,-2.6837107955810318,-3.7379842159263585,0.8875127647904746,0.05160371327834312,2.9434140171613343,-1.798578973139172,-1.8522181112599334,5.220330619353817,0.2922637849420937,0.17467773973732292,-2.036475059631373
9681,-2.5690672547970976,-3.675264030407792,3.5732839274977017,4.312046659488601,-0.3258725159843916,-1.3151267857977,0.9746089519779417,1.7207776505569754,-0.6490396445952422,-3.2754290851861896,-0.03372889290159886,1.2628110201498721,3.465534254296756,-4.120438668820919,2.8579615077128757,0.007910021069172046,-1.6169554027963695,-0.5940117114626631,-3.3464672199601324,-0.9391629095940246,3.556815872109773,0.7635303398917159,-0.34591476441065794,0.3111986819600041,2.218871555508642,1.1080760233127975,-4.164384295164307,1.058929389667381,2.336221105089738,-2.5577137784115322
9682,0.08612390959713245,3.544799239720131,2.2544177795563485,-4.4043109846772595,-0.3411644298189789,-1.1398655143780676,-2.059816364083833,3.0872673696628503,-0.8326778999062974,0.7297168246733943,1.2029850172656138,-2.127474947609958,-0.22042846382012016,0.8463042646041181,-0.2507072844622513,-3.872334466899421,2.242912209304613,1.2542537412718886,-3.7056219116328037,1.277050962027321,0.7511911658443466,-0.0930677387708192,-1.3198977503774998,3.0903452729061023,-4.042082151513545,1.6566761339661475,2.4864574611004073,1.2348915869448964,2.187749698921234,-3.523692729416407
9683,-1.405201743534624,2.754930600026679,-5.453642155684456,2.4230337275304663,-0.040781739867837175,1.7216613115291057,-3.6571179132264646,-1.7150746230835736,-0.8283675851337566,1.3447087923477525,0.5560737421145783,4.2997775869832005,2.695494834244517,3.8963705001804065,-2.5914422853809196,-3.6533548099135693,3.227806417357563,-3.5748746564891576,0.6403354362955618,2.3872383183853465,-2.5093615086531678,0.7056810856189415,-2.193886672657781,0.9699933410077506,-2.2428527648592613,-4.601370418225326,5.119839376033667,-0.6786437907839789,-1.27062043983908,3.6736480376767133
9684,-1.3734932100625805,4.029504357099999,0.1148062232599365,-3.08772770910587,-0.48132852197379106,0.7982388607816251,3.778627943284935,2.0040734487251513,0.572755674093127,-1.0488960213618164,0.08936574385119656,-5.395926788590852,-3.2203607774536778,2.3670241670459937,0.25916528718677867,3.064543591351171,-2.812275900006661,0.34190363187525463,1.4780051398547691,1.5575705888173097,-3.339682994906916,-1.0094390718693704,-2.6074775734952684,3.9210239115961194,2.171130993450266,3.8428735371081935,0.18044248243344896,0.30496575341243215,-2.8248964300764374,-3.674516336325153
9685,2.963912520925369,4.148302168140557,-0.13336827758732994,-5.835355271512693,-0.0646862769185006,-1.078804863048088,2.110570760381993,1.4291166577974757,-0.23320445424214498,-3.526323430770118,-0.4122161974687124,0.6320566643032457,-4.0235780084781965,3.8318932156920944,1.8645271805719688,1.2393225754646195,-2.4716557090482674,-0.4405092542033717,-3.357673091893183,-1.4362789904002415,0.9628632375229103,-0.48166119287311027,-1.4419397309974773,5.754689768637725,0.4831389910543571,4.1686596255926,3.6290269619784894,-1.0856930599693433,-3.528470913519495,-3.666661605133866
9686,0.08567996338050321,0.18093313737825412,-0.38875706132500554,2.1565545347579373,-0.2965006255232696,-1.737909948669122,-0.2493025949929759,2.256214717998404,0.7296443293846622,2.3542675062465577,-0.7649833487422946,-4.325840609892641,2.215143450762774,1.062594017578867,3.3839634996001458,-3.5277733243439755,-3.70181282351046,0.567885179911519,1.5688885634197653,-0.3958732940125138,-2.728548805505403,0.29607588091640125,-1.3805544351565402,2.640012090334867,-2.2292661297462786,-4.80700752626003,0.927318745735672,0.8457331195479787,3.3512783015504723,1.911943489174913
9687,3.358233547197319,-5.4190199593111785,-1.4499717403067791,4.236150257190435,0.2474842370744934,-0.9728763418449784,-4.013900292195629,2.4980358551456874,0.8314837072596202,-1.513279080133465,0.37255957193623424,1.8251002379892576,-1.4076540516038705,2.1739405742464584,-1.3849603434516595,-4.224044571308752,2.324725144059947,2.517993248056765,0.41886495678264524,-3.3833581494393172,1.033615422226056,0.9329222061447409,0.34581011513720483,0.6521454491452268,-2.6601747623393734,1.9641138993737144,-0.48788609611874634,0.9055378484887351,0.4637831299688244,-0.18537401937044606
9688,-0.8975559874338739,4.45444574317192,-2.149943970551064,-0.2683674525114128,-0.26785197634707525,-0.8707263563291967,-4.095050148512669,-0.9540244765408481,0.723123192831677,-0.766016371460772,1.2281589111857807,3.8638088924985574,-2.8699587007154843,0.22054398024580024,-2.5989826744279476,1.7025540696550934,0.2743290464305801,3.2715142788108373,-1.329028094380483,1.503871136794947,3.190533884076846,-0.6481634264859091,0.9978092986539373,-3.715022798662755,-3.6475263433936433,-4.878069389395199,5.684083088093505,0.6232339939896523,1.6885585994114827,0.5297200512969376
9689,2.8369861417609847,3.566394059485294,-0.6419237026057729,-6.114849252398706,-0.20570041655229954,0.559093170309799,2.0126786402831023,-1.7504943490498661,0.9750714221411858,-3.4996945690078007,-0.2289064787573336,2.4913453343924346,-3.866069831021246,1.652388309058388,-1.2329608305419875,-0.6816523982271718,1.1024424575069993,3.0258522932239273,5.179625676443504,-2.7062578187842092,2.2838277712257096,-1.1653514240493275,-2.273041340752906,-1.3188028640861944,-4.204093806910137,-0.8458956822480737,4.341436880289699,-1.0211383563169258,-0.10924924353942522,1.8389402087275855
9690,0.9041030685367133,1.4091422118007841,-1.368793080708297,0.3085751054774519,0.33808029465607836,-1.5911075997633901,1.9385417352693715,-5.23300384803159,0.1923099661980201,1.6227308545558259,0.5586954934179973,0.9207257985921125,1.933071988092749,0.11258688217444401,-3.1438561803010696,3.1039013688011856,-3.803541734306542,1.797837675538183,2.1202305692338754,-1.6023681146066266,2.2444480160792466,0.2471143446416919,0.3618325000455691,-3.371257315397166,1.0168630853219582,2.57962339373244,1.307649390689864,0.9598371882665768,-3.386406834680354,-2.4775662233277718
9691,1.6236976962384517,-4.895329037914067,-1.0390754659920098,4.0214704979011096,-0.54265071973565,0.8318870295014573,2.8736419576682017,-3.1344860033743345,0.5683511561802304,-1.0469844836718014,-0.6566409166258396,1.3961182898253206,1.1383805824302122,-3.3614039069854176,-1.093948055375428,4.1364646213576535,-3.250999342770575,2.431506101342535,-4.815943818011771,1.1165838330945288,0.33806188276330573,-0.7038204574453362,-0.9620198790023746,5.027138438598257,-3.381510709247287,2.504217719037438,0.34136110952197285,1.0883865434831748,-0.019273970851177324,-0.5331806919414319
9692,-3.464400682191979,-1.0226023819234662,0.12279741609430417,5.559768018801112,-0.6976251771039557,-0.4979371936767123,-5.55315089293207,-2.0042392722469025,0.23979337675039947,2.4537976778873656,0.551048841887904,4.312750268655044,-1.5266569498751732,2.8681369881911856,-3.3776668534491012,-0.1158554026259111,1.4748960704458796,0.6771461473120954,4.3847894884853,1.3084303248889295,-0.9785718229332883,0.8338861253511896,-0.5577826974724083,-4.9907514183231285,-0.5978875961015078,4.421783464867875,-0.8209432776485954,-0.16277023592286355,-1.8198429807990095,-1.0203393743931954
9693,1.0665635836216936,-3.734826824786314,-3.1147947703169194,6.01355682063398,-0.23946376399460179,0.008964954841481187,-5.080899938265333,3.5033875037613704,-1.0187692363076675,0.21887259982302432,0.2187200027960401,2.1586890681943096,0.5595624472241383,0.04319468413988048,-1.6691456767368944,1.1658634362766627,0.18998650527083427,-0.28946139617568356,2.1103419372625503,-2.4400215124147184,1.3470591076361735,-1.010648380935482,1.3496558238057297,-1.3563869753576618,-3.2604187631891826,2.6820330392399327,0.11233985832389592,0.39669210685284106,3.727484283464481,-3.658130524689259
9694,1.1966714047558007,2.0442372576703534,2.2371349790367034,-3.368777644564119,-0.12608455487779446,-1.983181442021646,3.358482618316849,-2.695766673936486,0.9192964527790561,-0.6571613412366002,0.9391573468006333,-1.8640084027217405,-1.7644310870891022,1.7633021766542036,3.9612352003894955,2.929479139704817,-4.019938214652223,-2.8696472150082606,-5.604028816860602,-2.176275030272894,2.080673142126116,0.18706197073504605,-0.9875667302823512,6.500135464551313,-1.407037084660864,-0.04710017665899002,3.9057091057641387,-1.0043639900389203,-1.847413071759993,0.40020521735733894
9695,-3.384730632396451,5.167408493895255,-1.2521209224469203,2.4096995079425128,-0.6919602408094958,-2.2482962061855787,1.2306144994300574,-2.949034732717891,0.32105586385800056,3.043215370373506,1.2113799584112765,-2.857230959353249,-4.2094088553383,-2.150303896583951,-2.5249423179003774,2.1056431747909876,3.034554971106214,3.7444569239242824,-4.557863885690647,-3.4957947815164783,0.6010053724990954,0.514175185110914,2.255245552790379,4.683232556803333,0.46522628806160427,-1.7869746389228567,4.205239078175293,-1.0461656100307306,-0.7003731510902664,-1.136951966190333
9696,-0.6509328570567074,0.2573488319133901,3.259726057709255,-5.463884137642324,0.6585428261373791,1.939199278938334,1.9884311520803202,-3.277045544889738,-1.0916183106633253,-1.1596325733299047,0.4730208580530144,3.066844418751323,-3.303427842464611,1.4668837200814764,1.6804958696712475,0.6779818134144158,1.6563068051830534,-2.1782403658867224,-0.4838053791347896,-0.12757464210099556,0.19082727913989217,1.1447038157496463,-0.46232372336486094,-0.2618273502923003,-0.6602165984202415,4.337365003380171,-0.6893047293604262,0.5679469560960122,-1.387216272566322,-2.168574359126465
9697,-3.613822805750761,-2.0601518866650963,1.425087278628535,4.510321984021832,-0.1238184297390108,-0.13761614049618665,5.55924345350461,0.2661117429074693,-0.5984965198845904,-1.0138435650149713,-0.01771767073349828,-4.195297440777345,2.9478674277802988,0.17164523254852782,-0.7530569790277042,-3.188732559033607,0.5833800128572619,0.23889686487409278,2.2937056583994675,0.6871316992534986,1.2873727389962255,0.8218531253776389,-2.545867934155165,-2.5441952878750733,1.9140262781244424,-3.3136327455740506,2.102414064036882,0.48922437108509964,0.7174517756887226,-1.9094837433583685
9698,1.6845564327484475,-1.8635870719426997,-4.014049294080614,2.514363013725159,-0.287707125940984,1.96642404549001,1.0837322433504148,1.8115484940420927,0.3454454271756555,0.7460268018412499,0.2807210197398353,-4.267473986147586,3.3736687763552524,-1.242870484291613,0.7702154757980608,-0.729945413336754,-3.7429619977697968,1.5718936432437154,-5.630810285227952,1.3335292683195856,-3.6147399013470256,0.25430214428259035,2.788831091982482,4.868887681986905,-0.515621275995489,-4.319681901295839,3.975410832161529,-0.889398171392271,2.488556560002266,-0.739266043477457
9699,-0.5610555681267222,5.209327536714174,-1.7350910180227181,-3.3518605018899095,-0.3981535316267437,0.8368330829512107,6.209192753475605,0.3744708118433948,-1.1330824117926226,-1.0404068883028827,-0.5455112800836863,-3.8646629851381498,2.7353133535742735,1.3604352591260351,-3.0971575203433215,-2.5964226041394216,-1.0006330581941079,2.598464569975402,4.6204010451751785,-2.6597381531952013,1.80838240203758,-0.5675220386434026,2.4866043985008073,-5.688127653878375,-3.2340805418340324,4.901547460518444,-2.489825576307574,0.7713775234767954,-0.14681251176641297,0.1977936459155245
9700,-3.1915273636864274,3.9677412901402143,-2.256234196307741,0.9050117033628098,-0.1603612838351829,0.7353698503255721,-3.403378197107056,4.271551535869765,1.1564864687874312,-1.7976472483335044,-0.7103093650413035,0.4832968058263525,4.18371611874209,-2.427028844524134,1.9296581819286764,-1.8623805766127024,-0.8675764928388823,-0.9563883866961813,-2.6740715702914173,1.3764489885767262,-0.9191071900095977,-0.22075346149263986,0.12462116406332768,2.3128620691501887,-2.497623606471116,-0.8777822650627876,4.316347443398357,-0.35501879658251667,3.122130039598268,-3.708052814877469
9701,1.499976057596072,1.4766074904080817,-5.370850046619829,1.3640703559040261,-0.21293627164651396,1.2431324143574312,-4.023790979360356,-3.5539216307155925,0.5560016363436189,2.32599269804356,1.0393487519150018,3.6563695237754352,2.592519798380451,-1.7081246864514554,1.1739939026274868,3.734553837019835,-3.117796625235334,-2.6751462263421004,-4.033829250502183,2.6445172966959554,1.9882438798473885,0.1427068600616126,-1.4313103022861,0.6896715161798959,-1.2092481718058394,-4.955931115253149,3.8884681697774788,1.147826810037948,-1.1980214230840005,2.326905730330278
9702,2.948829458680482,2.310736564680795,-3.311616814329863,0.606856088462056,-0.9545336845680317,-1.6002716129261891,-1.7377188302230202,0.9568635511680164,0.6609759853116914,0.9207076379321268,-0.9895805255098917,0.18875218132274085,3.770276607128025,0.7011279995221962,-0.04395629884579222,-3.9236187904242534,0.18101433988740112,-0.6848438572686764,-4.033248205677619,-1.8085749459134615,0.12397234152685144,-0.5664640797503866,-0.02291290337591434,6.307227793187103,-4.988460977798381,2.1225962057643954,5.598230353055552,1.0119477433182684,-1.5450047968558742,-2.199308527481268
9703,0.6512152817643049,-1.8759053131160428,6.064248069389908,-5.198699380860752,-0.051147067459842877,0.41028841028164464,0.027178528172157712,-1.7035229562221943,-0.5938202106403994,1.4929954693778917,0.9464493746446374,-0.16928020533045185,-2.4312405870272897,3.9021347703286793,1.8673761867905334,-1.3096228154161018,-1.8718894042140057,-0.15675815046290253,5.128205383333675,1.1387934393654753,-1.0168400090133645,0.5716427879709425,-0.5381396404789474,-5.283661961181224,4.1569883042995315,-1.7886134175076336,-1.8747736444070249,0.2827024881508393,1.3842348931384052,-2.160538623671444
9704,3.530376358932582,-3.5293216093680186,-4.624433837950068,6.040457501610263,0.9813157670939421,-2.398394180319489,-6.2077673671173415,3.488267283523193,0.12288503604319079,-0.25087010025503886,-0.8928278356784007,3.7403129834860493,2.66094289832526,-1.1637846934025884,0.6229177208448036,-1.5781970709673345,-3.486633715876355,2.9447548610751326,0.7829662416683547,-2.3048398316353733,-3.012952125695275,0.48817997497229193,-1.1503541495118785,5.196999890198477,-0.3585565855578352,-2.829945777460466,-1.8644177481562387,-0.9569318766202777,3.2385703477331163,2.7712816400643554
9705,-3.478271205490948,-4.101398856820946,2.272644518031118,6.172224352634508,-0.5065213255490453,-0.35867748280548817,1.1284510415075388,-6.159949744503628,0.31875020179539604,3.35433876423798,-0.31665422013671485,1.6750639571010666,2.6656544424643798,-3.794506672146305,1.585401187008891,0.8688803152996734,0.5511906398638935,-1.876619912491586,2.0650620016201238,-1.3603155306806016,-2.863866574425156,0.17633417793157324,0.3357763500161557,1.6470095755344971,-0.6800806715621412,0.844929787656092,2.4144326597082753,0.4572838336246665,-3.2578870645551667,0.22132145513092638
9706,-3.113365720715569,-0.6102647220327277,0.1436054122582675,2.0905122898858117,-0.9517403997101805,2.4412531403135933,-4.843737593386795,1.2254110583799367,-0.9232107104079397,1.296233932190951,1.247527468126921,1.9977758450985519,-0.6350424334799989,1.6198951986468657,-2.4367958613300633,1.2768144567009223,1.5921745113988166,-1.4170458719375993,3.414346118532123,-2.4637064698222595,2.5138031058051986,-0.18484558244002525,-1.4727357253724378,-1.8068614467060016,-3.80729057829927,4.346940820697693,2.729868397021292,-0.23880314123367352,-0.27127778988440276,-2.7594377082989645
9707,-2.285413803228252,3.883568553479151,3.0163375742718657,-5.862878234154177,0.5733788924539938,0.675007017176581,3.354293825600603,-2.99209620325907,0.9652943790116044,-2.1290553834111208,1.1960298703926435,-0.3944664883330198,1.5338388638473255,1.8650314354019777,3.1849954049161475,-4.201010169411157,-3.953001697582989,1.5701461628276263,5.22738345935451,-0.9174413881596344,1.3078089148290282,-1.0266223695685714,0.6455623850766781,-5.236691001535426,1.72086817377183,-2.2540264314942426,-0.29357578429782905,-0.768145283893956,2.2232155783823018,-0.6283362524654077
9708,-0.39866230414817494,-4.06824335375336,-1.0364405632058578,3.7643611727087247,-0.08175198899519698,1.820737037393025,6.029623209135504,-1.9773162701448612,0.3803780689932914,-1.980643876846658,0.01987265833889751,-2.471913789474538,-3.84761035458771,2.7408986068799024,-0.4111099817909043,1.3415867463402087,-1.9246034216715397,2.100838404828963,1.7123124436894237,-1.8467615290710384,-0.04869943988311043,1.0146447296810148,-3.0413643258190763,2.209868121399367,3.0654969355219492,-0.6302072842210045,0.3872785349603838,-0.16202746919869693,-0.22895129567299577,-2.431589421386958
9709,3.6059494467530087,5.504469026813247,-1.556001775088422,-4.6381646338576665,-0.8462749977566439,-2.0699770668643893,-2.1251907235057566,2.9345661505558027,0.13288294124844313,-2.798175830062183,-0.9489555675354389,2.8048730293007615,-2.0526264668829928,0.06186434001348928,3.46191433842478,-0.29896459899914873,-2.506881950344738,1.3346943377875604,-0.8042318846910312,1.1483679334045984,1.091763568249899,-0.2958941560830377,-0.1657075880478338,-0.9742978728360079,2.5623681366706528,-4.408459897960919,-0.4306284105988709,-0.38850396031660583,3.005625166833873,-0.34040103462542426
9710,-1.6392631019917463,2.9899491972623835,0.5868706472292544,-0.21007667481099546,-0.4810728561255435,-1.2464072115642093,-1.4260977029352304,1.0249361575485025,-0.6614851438966864,3.711118286042499,1.126363191997556,-3.7748347887550153,-2.353040115846893,0.136886872361071,3.5900908275389725,3.8698393137007727,-2.2760356115643585,-2.967741286190579,2.3023325870106888,-1.6087916965188214,1.8117605445519978,-0.7219878720886737,-1.1367685924836355,-0.6465449704749275,-3.0235191638893966,-0.7709867085088362,0.006675006765931357,-0.7834341816399295,2.9075530919737176,1.663711955301224
9711,-2.4890050415707385,-4.221993352154346,5.907793499740247,0.13269466326205404,0.8734292908449,-0.2029190601229871,0.5264943699162323,-1.1096295004790377,-0.9741463206719931,0.40587692008136145,-0.4012752999778355,1.5526798311329024,-1.9702009238795597,2.0964844830551286,3.212283354049063,-3.417053568614495,1.1243110253537978,-1.04582436996494,1.9019328947001313,-1.0803073493891855,2.3717186571659923,-1.0959266304123862,0.001628544915302399,-2.0990461169832244,-2.9643567195883236,-1.7005030963954795,0.4289581053431206,0.36228015839852823,0.729287244878055,3.144334307366826
9712,-3.5750289253509937,-0.04802698199256028,-2.2209279989076762,3.506117546927211,0.15924799143677593,2.1786183678863846,2.6869770390415297,4.296713383982425,1.1301028977618932,-1.130060508393953,-0.785685173239175,-6.198047639151088,1.8575546132244085,3.6547151288102206,1.2813797418201212,-2.9781572117632926,-1.97630724423602,-1.8391850278564732,1.601593320846657,1.3580777649691171,-0.16743362482193902,-1.1279809794639934,3.217625217794204,-4.881881699327398,-4.4317472578626464,1.5029714389478954,0.08642234368286594,0.6101345558304736,1.7407632205116919,0.4914556988924179
9713,2.9167002745462547,2.0424511652129276,-2.6774887299297347,-4.62886634257098,0.9077658630077954,1.4394377697328906,4.7307879764116265,-4.298568953386965,0.1307577531239721,-0.08041281493395935,0.5233214588673949,-1.005885420080439,-0.11804035548612646,-1.6499836091979816,-2.0761603680637943,0.9884492036090187,3.0181405564188957,-0.16240542728100316,6.156668911693497,-3.236796355241937,2.379923783237956,-1.161135463317196,2.386933848880286,-6.525594725255967,-4.870842653500935,2.987444491742849,2.325032451864061,-0.5716849149956644,-2.567604279785545,2.697654904677897
9714,-0.08615380879651724,1.7887486622520683,-0.6395916157242603,-2.0141827275987367,0.9328596154159001,0.018319874450687834,-3.116413336124065,-1.3450201332289318,1.2476152311423396,2.6578380389726064,0.5775688431182742,-0.02158864387854109,0.6139154678878178,-2.7424765500049872,-0.06437213299575362,1.8731834906727585,-1.896931949778999,2.2166816742181688,-1.8759006252171453,1.2820833280004695,-3.375749902823177,-0.9543980134773768,0.42260918631465927,4.5013560271992255,-1.8603255625370352,0.7004066915330611,0.4272023650299559,-0.8629064763046346,-0.9917974641623619,2.587420446443655
9715,2.8246151181516055,2.9637015313551025,0.07969966777047688,-5.8956900088342294,0.8341422119203097,-0.8064685203641453,0.6668816375645541,1.7608819453906612,0.1592225210762228,-0.536421531193259,-0.6661661298764416,-1.3843984429600162,-3.786293678618513,-2.068767770766039,1.5258519875684122,2.809665494267943,2.9775130723411465,-1.4579691047939267,-0.018522893414775865,-0.31940382305144155,0.6307481073717369,0.7249476057228375,1.9197522565230063,-2.937521253154685,-0.6430852837381842,4.437881098037071,-6.065731507505131,0.5182783561746129,-1.286419906610993,3.039077243645277
9716,1.9251311034719443,-2.9350599953346475,2.3631287574927633,0.28400044948161707,-0.5294111274285696,-1.107789187684011,-1.1857292671241666,-2.8863759724962392,0.7630102940942276,1.8991221466017691,-0.8359542097166743,2.2459270086428376,-0.8587739566636685,0.15730118735297793,2.520463504205537,-0.1906325559187536,-1.333492137062274,-0.2948660419147995,-4.187483036124803,3.1195013180548052,0.5250476374039792,-0.7122617641539346,1.1841741319899182,0.07102171282673453,-1.9451790060881429,1.6766089138232196,4.1019642981066795,-1.121925556336615,-0.16284116510900404,-2.548627484393492
9717,1.8527176562758676,-0.7371311150579736,-0.9155227692221999,-0.5719742362095666,-0.1967098426401499,0.5686203068531235,-1.1095585450630985,-3.5142717133667354,0.3509765171757504,-1.1820028113399044,-0.15722207687568446,5.612078629471412,2.770080092725884,0.9463548078447594,0.7408554715128801,-3.5408967693300326,0.33257136428508005,-1.2489649670395444,5.62134821895793,-0.9126032307806913,-0.8766714599019068,1.0391263547855827,1.0395507165921956,-5.9107505996564065,-2.6592802767938686,4.369130762567668,-6.191413602608218,0.447170434775372,3.005349432798994,1.0290432492627168
9718,1.601423204783167,-2.9286782853654607,4.826513753841848,-3.0076155651387424,-0.31878023675715217,-0.1728628713645488,-1.8875895571424728,0.9329881145318843,-0.8511980244626018,-2.27501394195467,0.7632839335788137,3.3175294754507405,2.5697461146946807,-0.2826293337518777,-2.738273676957631,2.3000155728660836,-4.246780626372892,2.397921949520647,-3.481912462265445,-1.412354664164507,3.367496119077721,-0.6036627936034575,-1.4813372032867331,3.611771004239124,-2.3456792486148146,0.14929382894943544,2.8747610714736744,-0.20721188878975028,-2.141637993878124,1.67047423086224
9719,-3.5661562940057667,3.4623670022506907,0.17452869344175426,0.2810448429549801,0.9199758597806271,-1.2717601044231799,3.0972901559348784,-0.9919823815534343,0.488968622633311,-0.9912459826815532,0.9875028185359502,-2.590533232867429,-2.95517440966438,3.919635635389806,3.7322165279212243,-1.476257753542738,-1.21260575949273,-2.0078142406121664,5.712617147800827,2.4747615879040836,-0.8871821331165357,0.6531925934508704,-2.0954949702449888,-5.8578942257975335,-0.0160883510621872,1.4386661954671496,1.7645303085828736,1.078631740914501,-0.7928843281900235,-3.4728555657096933
9720,-3.123510261243979,3.9060140644134123,-0.0829986051368472,1.3474713211947495,-0.939045523739392,-1.1079309954888377,4.773425174852338,-4.67145604405,-0.5950083253195739,1.0503560210459533,-0.703804747167867,0.1464879206408547,0.9800495874099724,0.5154618903789014,-0.6227139620524511,2.918312219594114,-0.6672348702591044,-3.1238748650723913,-4.269865387548773,1.78307101842403,0.9099180314849811,1.079649071878607,2.439860940907307,-1.9426336751494553,-4.468385567732719,4.885288684198741,4.987915801419266,-0.758139342954971,-2.1746995268729226,-2.4719800480547782
9721,2.0110708867652285,3.0897788413697427,-2.746272730260614,-3.0823221763764828,0.8923658523941258,-0.16462067389293367,-2.6610896567009448,1.3148971268679048,0.01676179796143984,2.955960809724754,-0.7301022990771546,-0.8964277787743029,0.7826794615414094,-2.9937215743589736,4.239127298247038,2.258723551781845,-3.062450210551031,-1.2243585266612556,4.596362138094083,-2.346275105244912,-3.7696855005444405,-0.3105879141144694,-0.3699234411627046,2.200109822969111,-1.2447399066569211,-4.209466482845807,4.7738710401683875,0.44998517974556673,-0.9848858091928392,1.215235978784225
9722,-2.8111043948562546,-1.6315929318702658,-3.8223331071349165,6.206135137152714,-0.26332153678700787,2.3222168334947977,0.8992852078845104,2.3849995137515982,0.40533639042544056,0.6352414809997047,0.5383723830049094,-4.863234976064454,0.9425737593861427,0.9597406681875746,-0.5164818043612698,0.9836773483265837,-0.34875202532359495,-2.0207579462164187,-1.1708907789859104,-0.0076835841211373435,3.146157590805597,-0.4480989659393053,-0.010550585325475481,-1.5089336764370884,4.468156851882604,0.6277528968224679,-1.2536322471234058,0.4670663149094745,-2.9436553837283768,-1.3656884327601535
9723,1.504658125622619,3.7749298205325097,-5.590801253853879,0.42389027136930224,-0.11878129305378105,0.006104329382239371,2.539464589667677,-0.9965244876597623,0.3512884699100898,-2.1533849634306144,0.1687608398920002,0.09039555162234336,1.4350406119568184,-3.0406964868423074,1.9270074240911619,-1.6939825161397017,3.739817450458524,-2.367186483525506,-0.649197499540854,-0.9721011917985383,1.8519866804268013,0.45189644215820657,-2.708396564520381,2.0258121332714083,0.6442048045267157,-0.38055208002433716,-4.527196442475187,0.40509148311173515,3.092859070484682,0.7655931643789788
9724,1.6896494231040649,-2.7162817230169978,5.54124567788849,-1.4829402292962897,-0.9438634053004029,-2.0878097433798715,2.1200979165633953,2.313453274349012,0.32533797061369807,0.6891689485671613,-0.8962756119321043,-4.551782498159426,-2.3805362427929726,2.2805386738240188,2.5571172823379342,2.2314739153812546,-1.8988356857794315,-2.789757942971809,5.146693940008269,0.7080782692866254,-3.3074280244100134,0.605355147996697,-1.0774178277072526,-2.075281505177678,3.092622810271166,1.5035898480517886,-0.02188534429012634,-0.6132444601540312,-1.1813886553028023,-2.779694198573422
9725,3.1592966664398503,-0.9585069303379825,-2.0375437560401686,0.8124999377322553,0.7564590324684475,-1.7322049502634087,3.608964022173353,-4.194274550911711,0.630408491694828,-3.1174418212314894,0.6923037381721997,2.3800401201045354,-2.1083633344452153,3.365207835192571,-1.4490714866585996,-0.657278260167093,-2.1239785128274615,2.9734837589047807,1.599669513058764,-0.39584226410239687,0.23723009300814013,0.5492261144201906,2.7102987636698828,-4.700582220057935,-4.802730223489199,0.6631332010424025,1.4453705107056578,0.2244051541710963,0.9221457734610006,1.5476755841116407
9726,-1.5327951972405476,-0.976319628109227,-0.178242751913551,3.7638849833982952,-0.5676460955872511,-0.5088813105487358,-4.24510640736079,5.522675472252875,0.9899851631637677,2.505689343029111,-0.0480396839287911,-4.72520388715445,-2.756076055379868,2.4318502156553343,-1.549673010099836,-0.3793980047223471,1.6041209170074886,0.6491759375381818,1.0690964330606008,2.9348400146467846,-0.8398200845330095,-0.0019324066166923615,-0.28831431474264235,-2.873869641818416,4.017931662334572,2.545963140010084,-3.049704960418893,0.49609935095622326,-3.3903159147004054,-0.6199732781790264
9727,2.9894190731180963,-0.1299851026452643,-0.46199067560530693,-4.988024021333327,0.6918153767115065,1.898765349753317,-3.9710345964933573,2.337303399076088,0.6547515178776777,1.9942212803962924,0.21075651701182707,-1.2259981178667907,2.6695388205199393,0.013480653811946297,-3.2313619719123707,3.99023943039532,-2.0860185517824608,-1.3558783810334472,4.967668190218607,-3.114834410824175,1.5466950110557285,0.21477164705304475,0.9017932651025582,-4.516093702609165,-2.3189986763253536,-4.83720844416257,5.222748026497264,-0.5715307953433717,3.6969872756414617,-1.1919973863048714
9728,-2.3187628548058665,-3.6397587497276476,1.8907957792615662,2.0000606605264153,-0.4036656248778241,2.47133078962238,1.5331813864366808,-0.001095934641831775,-0.7669969654559772,-1.4772799157459762,0.5739162236182977,0.1382752057905634,-0.025104901059474827,1.2404767176266205,1.940605067738879,-4.134719028919829,0.3518087889401471,0.626933355672568,-1.8865262078534073,0.12297214121699973,-2.408817978831733,-1.102814567480776,2.635294641072379,2.6398919718731406,2.2425455710192495,-0.8074687682605557,2.10347844338569,-0.9460729856933598,0.8555940261435495,-3.4480762865920447
9729,-0.1811522887349355,2.7365051580287236,2.15973816552642,-3.2239159524665197,0.5444209829554572,-2.0355960653101226,0.5698128108954386,4.649089207695063,-0.270977635011068,-2.974228951089879,0.38140605875458355,-2.355101491242369,-2.667938105912773,-1.07353450708424,3.150588651670869,0.2924329012605966,2.0984681559789387,-1.8000170959144874,2.986975257533498,3.411555470310642,-3.2420781808416876,0.21250920394384387,2.0589224805375963,-5.427884231487283,2.5146917209206308,2.454661747906428,-4.676965549921096,-0.4082049752845016,-3.146739882912092,3.2625569392931517
9730,-0.9487637095352941,1.7818045768838928,3.147093705371688,-3.8428775964090214,-0.7596296193308132,0.6223726430185472,-4.577404915514574,1.5799960077734134,0.474887719046726,0.7242384118514114,-0.9505904520628201,2.748873228907609,1.1845054888174715,-0.08853649750225756,-2.022829526113961,1.755987281492228,0.038982713271302316,-0.8681094599658934,3.7950720230110093,1.7988239620337332,-2.5059747350452923,-1.1157945497352126,0.3484206562647021,-2.3205473565323267,-2.8379850454454143,-0.28172427544322076,2.4923733814781244,0.45928019637558126,3.6605275137790336,-3.4924717707416093
9731,-1.0850456965487023,-4.458342277765578,4.8097938861998095,1.0647035578548234,-0.6691954683982086,0.33808599865688294,-2.2217533130243545,-1.4583343612596593,0.2687075170901121,1.0232598490132823,0.3867259085002379,2.0013943996821197,-3.1964959883722948,2.124391550247168,-1.3459018961258504,-0.5861901536014997,3.7178837593062717,-0.713687271454928,-0.7748475374315014,1.1347684197049492,-0.9658026261919925,-1.0818851661509457,-1.2578055034857591,2.945572413551883,2.1577689756715763,-1.082215127030178,-0.21797132462502233,0.6210187160809806,-2.5119615392032326,1.033360299108402
9732,0.0662837862178165,-1.4000886221923814,1.875216822890554,1.0081537850616265,0.4197110553901062,-1.9692768273686934,-4.930773245066515,3.5679412024426824,0.5262905069595041,0.9371870870050625,1.0416692663042877,-1.1423148176432747,-1.4106214488002635,-0.7359175759267238,-2.4714814605497057,2.6885988069917843,-0.5488327958100712,2.4782544740938377,-2.3846236592984944,3.1685595239715774,-3.013058251022045,1.04084725051369,-1.4318078790044257,2.620083014836304,4.116803909340501,-1.0899766649144738,-3.7970134270260587,-0.5573554113258883,1.0663871913895981,0.26115440253886213
9733,0.14726860048098622,-0.6418226127411337,-3.5692480599857603,5.377270501344469,-0.6987546154104836,-0.6147138136890611,-2.459152914652897,0.3769381009200785,-0.4963706561337258,-0.9377837078728568,0.17388073684151983,3.342488440899647,2.73246934962118,-0.19551819553978333,1.5556749463458743,0.25897003527084905,-2.1502331684234512,-2.20136296727582,-1.3129686919235652,0.5502344141874396,-1.8687775146175714,-0.4262742995596378,-0.3383474004830198,3.3961334923929947,0.8361811342100971,-3.3564359066429716,-0.8400029820482686,0.0679585650588912,1.6705201160767515,1.6217790733480548
9734,3.095619773718454,-3.297357485125218,-0.7903790715413237,0.5868937346000536,0.33346893177231696,0.07175411657472885,-1.9749059208068722,-2.93439115193744,0.12283054840153795,1.6404905385511448,0.8761997864946922,2.269776199298704,0.23182796673895112,0.1372737936544759,-3.89091272020336,2.73564931424691,3.861049375047351,-3.0748877294854875,-3.2173440262078223,-0.9988538344528344,0.8079109883254176,1.1630833155937186,-0.6164616980783144,2.8616652548164794,-2.3362225733635356,-1.4996192734305254,2.5991054747774065,0.5030443452854874,3.577654271851017,-2.843962245117293
9735,1.9139695599809379,2.2884333061122,-4.0361144821235655,0.20108382227177302,0.6242067711563921,-0.9915789773987385,0.5444285961074726,4.625899783103801,-0.7618271606245033,0.836259893836198,0.0627102186937929,-5.3074713311150035,0.08847001020979306,-3.772884497147981,0.5822649141813976,-0.15327732349892997,2.8776149254357506,0.3778119708187795,-4.608227104848805,3.2977035970159534,1.5246220353822082,0.6979695214988091,-2.3473323414422023,1.4352642923906913,4.6266395017506206,-0.28340462300579716,-2.5466136866976683,-0.5694963334264029,-1.7183355998624368,0.49121074124422925
9736,2.0729418608781423,-3.6894148904287825,3.7090212407391725,-3.713540871680884,0.17440499788146102,1.4465876626098755,-5.614558628936944,1.1753891940094938,-0.17165160198737262,0.8065053769788797,0.9466609345830665,2.8576547253546565,-1.3212622152529914,1.0416509742060747,4.156527435580834,-2.4692054178512493,-0.7295730105208875,-0.678137766162946,-3.1314436053046357,-0.30120712067353494,-1.3364153985726102,0.35338879113013366,1.1287481093602025,3.2869292240570545,0.14932546944527658,1.6656826298426672,1.5707191383291708,-0.6111571878920206,-0.1458444714609861,-2.6287255782615286
9737,-0.7720370986741862,-1.2989198387933172,5.669667448654415,-3.516243044388766,-0.9702513780972544,0.8877839112981185,1.727080376853106,-1.8128508900960156,1.0842593986496114,3.371643911290519,-1.155958269750295,-3.2141745269451256,2.5860915203251906,0.27308754459244966,-3.5553806821811396,-1.6334651347948093,4.105296472174601,-1.7756297201174256,-2.4817858042565675,3.2767095096900825,-2.788596051820189,-0.49302474033770327,2.5541459410856504,-0.06744885436468451,-4.029224735193328,4.3562168233177765,0.6750450429837827,0.9382710459150889,-3.5164591741222537,1.5761509971015393
9738,1.0953978153111876,-4.875136243113239,-0.47914517286013236,3.4713052927684167,0.8743426129578595,-0.08676430506506705,-4.3193410390456535,-3.1161066965555477,0.934564763420223,2.4231769548700015,0.9455136114174287,3.1321924058953456,-4.134740274168294,-1.4255830575247934,2.9440075636934644,1.3005124479506946,0.8229949105225742,0.492808409525221,-1.4789195859880984,-3.2331460782483017,-3.0057299388828724,0.08569922796847873,1.2727700141577305,6.3593263609895985,4.309127540022786,-2.7442264031253742,1.6778747541323291,-0.9720213497627972,0.9595781599799036,-3.2303327012442384
9739,-3.685189257599724,-0.7770286570181462,5.974754139939343,-1.2997675464069864,-0.7178171116300383,0.505048432714565,0.3548050709187578,2.11906374374707,-0.3573601011847707,3.3109269693649495,-0.6566380055776415,-4.770797677266547,-2.2980648870294154,-1.4677634392163608,1.6058634274298242,3.670353969149975,-1.1229529355351566,-0.3874361348000246,-0.9553012353844039,0.9435396134918594,0.39438156380529676,-0.06451666322871397,-1.1497869253577768,0.8316836466702782,0.35417982024572225,-4.884973915073465,-2.208179393136813,-0.13085925798089093,3.293034217913828,3.576798528034221
9740,2.566828084457363,-2.6581111004394593,2.055730325823067,-1.4134145717186044,-0.9636025138852287,0.412569775761888,-0.5406543835907343,0.03407462250187976,0.17289951988366337,-0.4797042968947416,0.6510243529703699,0.16236018513139072,-3.903060872028055,1.550980631789976,1.3695539263488499,1.5961350526355602,3.130599062233827,-3.7442078009812896,-5.783676277280524,-0.12380118913176474,3.0476733647543597,0.02001437795528549,-1.0917557190326193,3.9315454427318457,-4.5891854155782745,1.891593247772839,0.8272748879550065,0.4254104014465687,1.3293004531949357,0.11560642521155984
9741,1.031865013034352,-0.4691063848300594,3.927440274987873,-2.3300039173378693,0.3223396307804616,-2.4825346166357196,5.989775800685248,-3.643015744628496,-1.017536414165113,1.1550144823019366,-0.34325821043002414,-2.1409799137617114,-0.662395359498472,1.6026485277397526,-3.3414750951616483,0.07140603585913397,0.5605724901028566,1.7692434009572366,-0.2453566425797753,0.6389336642320682,2.934085554792496,-0.48398702294874596,0.8181098390207904,-3.6617853925202333,4.954598923792307,-4.898255849415172,-3.103516621017853,-0.7319759076189891,1.6922587360909098,2.0868907181714746
9742,-1.96088409437378,-3.949901611828114,1.5137731838202626,4.78076260348946,0.07732260455715734,-0.4610726856659664,1.2955646220196328,-5.219789268923801,-0.1625595766473822,-1.397562284492075,-0.015729298745250198,5.500075806790743,-4.092943573892846,1.6270027902069089,1.471389204174418,2.490943077586742,-1.2659969689014705,-0.23039452917488035,3.78995011162921,-2.2919644078783303,2.158904427626073,0.5309481320559595,-2.763284499175306,-1.4245537642610202,0.9724527214084056,-4.3648053420880615,-0.8380212369098565,-0.1645814660834306,3.6753064332809657,0.7196488903946712
9743,0.996648359441501,0.10082510797415623,-3.247738553207636,1.8222905574046777,-0.888792088583108,1.2167666169693803,4.012511891621692,-1.5507131840437474,-1.211218789803655,0.011634203798749354,0.7088288009405286,-1.9710429225117103,-1.3222219847372099,0.8528575142827464,-0.033575512436446076,-1.6192375678549364,3.632715638425122,-1.510538087680379,-4.378236672474511,1.0262130267996667,0.5257854311229302,0.09913026960204707,2.4941537702537957,0.2329541746926651,-2.9606601089616547,2.0641828641441293,0.16769590510542542,0.10812501798748198,3.6606656197110077,-3.0400092979837314
9744,0.3683807537791246,0.8211531025354546,-0.9474203198248183,1.249333476156906,0.6498044459733991,-2.141251458621091,-5.7175545468262925,3.881336776015864,-0.41306776055575956,0.5617026668380909,1.1265996618507783,0.5609832026791857,-3.0566971912621543,-3.4129126608999876,-2.1125643033259696,3.2926021448738396,2.526682818005842,2.762889192607336,-0.9055947543970753,-2.5552432969152044,-2.077973577346432,-0.25737915113557985,1.0950071558832324,4.701183623907642,3.8570371070755627,0.685028700085951,-2.3503813382515624,-0.9003588849766171,0.8681802541506478,-2.1595058380813548
9745,-2.7811906101856003,0.8248549253492783,-0.40144616132101163,3.86316919431745,-0.8737690499922974,-0.6316182981688314,-4.355154175718631,4.6480544364568175,-0.7502083372799264,0.6219904056749019,-0.04742108585970595,-0.11726124327154963,1.241025324185312,3.66104888546559,-0.042664250322065556,-4.190987754427331,-2.770603100053865,2.102180895151271,2.1332047304944375,1.8888665062301406,1.1358110828595898,-1.0668711903654353,1.6253413197907332,-5.7163524490128985,3.136322768904108,0.9413416678154576,-4.281812154020429,-0.4322900543186723,-1.253467211295801,1.8899049829179297
9746,2.98054386630875,1.7469870550887556,-2.7460104144398194,-4.388953647947819,0.30929350810537715,2.0981396328837576,4.308146885449741,-0.10152341440179313,0.5219408330571991,0.15505534146631383,0.5040397666383161,-5.3876594122078885,3.0385077744582176,-0.22606263606936494,-1.264281403180238,0.28631068617839617,-3.4097002815896396,1.575225860201538,1.5277849164019486,1.9084816464444039,3.078114852450245,1.1955838391386289,-2.8207024250488217,-4.889262829389821,2.678117891293752,0.4131300857107334,1.1072251681668348,-0.2814424449375972,-1.5517404002142623,-2.3652903000168752
9747,-0.5213662351659796,-4.9584255415162275,0.7484658270666671,2.4884915946161428,0.061016614344483244,2.181817740653898,3.267494801204375,-0.1638218306129744,0.4848548045227181,0.43953745227790364,-0.08588096670410827,-3.9421842606860515,0.7653835653197554,0.20545819480329186,-2.9706619013555056,1.9213479273844243,1.6311075357698641,-1.5526353219228817,-4.199790944256293,-2.6384943245194865,2.2959111493256046,-0.6884847063825728,1.8893739637357907,3.341484862093509,-0.015718153991471695,1.2146519279615262,2.1415486102777272,1.0471678149304449,-1.4132662808928185,-2.9743839182828555
9748,1.6119934256768893,3.075312750080517,-5.675910462297711,-1.4540338540150621,0.042749004254539535,2.3998891362997874,4.424924422594572,-0.16095476224011307,1.0294000408108577,-0.14257791605678882,-0.5658784640960359,-4.584913321010614,-4.036132173978526,1.5127240161960884,-2.0856433754287345,3.6880333190422903,1.1318590419638177,-0.21084082779599989,-6.23409358180858,-2.9935560533204644,3.6676346649515636,-1.1380689912270636,1.0439122483202166,5.654171713080828,-2.928985421644942,-2.512001477466562,1.3169618774691543,-0.9428597998315604,1.895171187035789,3.171713634440657
9749,-1.900605810176554,4.519963973794237,1.8013203480389137,-4.953352181577188,-0.2729386818317483,0.8056123517512859,0.4089764417577335,0.7947819874374176,0.8844683982863746,2.8727422616640688,0.20475228950887114,-5.165721378652641,-1.2215868151709408,-0.5362870114399882,-2.6002692774868468,1.4308850166820193,3.027253368192401,-0.0999952807776765,-3.0859122050439076,3.407329754465149,1.3701388690659222,-0.14284281780417096,1.9377994687391844,-3.486513069425687,-0.45824832226477596,2.1424762653042,-5.5826844560470725,-0.6284405414430996,1.5348850470752602,2.992012007378065
9750,-3.097976476943554,5.441212357384863,-3.315178928413495,0.41143493705388323,-0.47952428435214367,1.040032395269396,-4.37290205270968,6.018556997149002,-0.30450971407077265,-2.902997398403908,0.2284888801086984,1.3333632879284636,-1.6563301759410152,1.4181302728113572,2.7363642531213515,0.10750445008872234,-4.185174557058046,1.5795057569766477,2.0066435380187855,-3.453537676466869,-1.5316378121317946,-0.11264368142253733,2.5140995416769805,0.5770760903219063,-3.037589385482441,2.0682222679699507,2.451827229291286,1.0267600999248856,-2.9741253238171677,0.46490511211605856
9751,0.5952821237092571,-0.13121974108200263,-4.175668076186536,5.103930808805043,-0.47879694923311145,-0.9135281660137107,5.592940542463136,-3.4802135482696883,-0.9941660461782957,-0.741377090047866,-0.6774172371345051,0.30023337916897574,3.7217578191447274,-3.4841700075410724,1.1266378853563381,-2.5659295611356665,2.913028243796461,-1.7113243796217663,2.698970568663732,-0.17886539540137925,-0.8074018611006366,0.6274592900782672,-1.5052304305405197,-0.8349321717029845,-4.164239297913287,3.0040836641664583,2.5121512325420277,-0.9103942196553314,-3.478049247657667,3.0364478685203693
9752,-2.7965766909903795,-0.5550706251078985,0.4567118694201895,5.341077013490743,-0.5119980106909932,-1.9341435561227183,-3.070212806532343,0.09324650654537336,0.6286179018234233,-1.0639988915642373,-0.6456422186253343,4.057989508354879,-4.170218218689641,0.26194593571284486,1.4098169701642327,0.036345408911302,2.947701291137591,-0.48559138723733497,-3.5095849621036592,3.0130995651504477,-1.0930242840257343,0.8371815328187191,-0.9531537712625688,1.7054819194192596,-2.066802232505701,-4.352188905717695,5.229308384577216,0.9818945830452828,-1.59490483654106,1.8026930071445335
9753,-2.0969487229684383,1.3006628137393292,-1.9454007433466316,2.867933393236431,0.6680838318203701,-0.7943305724821528,-5.722237098876793,-1.0918177129075453,1.0068910721526105,2.242112405588319,0.7791279959602706,2.7859233380848707,-0.8085494634373553,-0.6293496939515535,-2.881480579760863,-1.413653377023575,3.208341340114174,2.5246917740581623,-5.592666835589345,1.1008098381281375,3.8980187963727744,-1.1039816815993593,1.125256586520182,0.5725632961640343,3.1818311340177594,1.1802808553929758,-3.684195419261478,-0.7400262932798443,-0.898080245882019,0.960189969015179
9754,2.3461825597140056,-0.7938138570889244,4.993246076093769,-3.4340016486210487,-0.646465290914839,-2.465147839184052,-3.0046619469760394,-1.4663617852904558,0.6617693287316291,3.0731012744202424,-0.08531949457855248,0.8214726236949126,1.1703858470719055,-3.942569934936021,2.7599069153728664,1.2314517981527437,-1.7364451496602413,0.51727052399775,0.9911775584494826,-2.450149960703312,1.330309156617183,-0.09318279923819084,-0.8365665255010288,1.0584125703722904,2.492719173848325,-0.9061912255862303,3.7306017140622743,-0.61585367936663,-1.9860215465342321,-2.715254436420935
9755,0.8139301177258815,-4.991645128273706,0.9931420800222206,2.7431961430499037,-0.3767134865873989,0.8180902740620191,-2.4734543701350944,3.6619847770799545,0.5710968469166149,1.8618383931420084,-0.856144906425996,-2.7653207405757563,0.46490351865536184,3.2869766149822013,-3.558736511793793,2.9755412185578045,-0.2808800114781036,-2.8878048289244465,0.12145402792818416,2.2909606208901785,-2.440284969061455,-0.032789442852809714,0.42815392148978937,-0.36749415839743094,-2.2933703139072357,4.62897295350837,1.2331219322893254,-0.5643891089651323,-2.8002026547378076,-0.2041328081849514
9756,-2.9873084572214808,2.4007010583129507,-3.6620633617724536,4.317419426008488,-0.4409246736135517,0.3721760082849581,-0.9462228850309309,1.3596794653510678,0.47670308678619655,3.437528260129099,0.999986249692447,-5.327674176926177,-1.3839300355924102,-3.724671449482498,1.6368041606651786,3.1714533967532113,0.3660554438479693,-0.06571151619241,-2.9466069170423452,0.2263704769011099,3.471544190173315,-0.8739514226492346,3.0067945827710965,-2.884150910157498,-3.033247873179736,-0.5571376881006032,1.8799855518865165,-0.1281090338300208,0.03257646164840189,1.8059325815779665
9757,2.1558376744026724,0.8644118034541961,-6.049710293524512,1.110668038276895,-0.24572387288318032,2.1645166502728284,-5.2388148487886355,2.8735347049482307,-0.0026498980761138213,-2.281608919071129,0.6035648080207352,4.0459741529686255,0.2079688445482617,1.2122382648273806,-2.4189934002399056,3.2969034036406732,-2.951697490777571,0.653580378000191,2.2467794795796507,1.5150789190503335,-1.0607553103302472,0.6685751649018652,-3.2282096147697352,-0.14146863843544466,-0.8638993584545425,2.7714766383290446,-1.4258546279762925,-0.31851713475328847,-2.7575973939539846,2.5943918768115815
9758,-1.6758482848671132,2.7643262410423723,-0.7743684564062292,0.4158819693645661,-0.905428061734036,0.17543659259934508,5.221462562155644,-3.245969199945531,0.7883640348488221,-2.40719808736681,0.3665667771904886,-0.7232260868808886,-0.15491904554790992,1.531209495215883,3.5944761003818186,-1.0217873960124333,-3.3821957110071956,-0.5667834430311025,0.8301195645801194,-1.9465007478851604,1.7659008595827572,0.09179324792791377,1.714336414824766,-2.455649339033979,-4.958432284160125,3.5508112973784876,1.0528856733801177,0.8170058782888248,-2.023567012152757,1.5612964472679636
9759,1.67242273349666,1.0571185530947496,1.3351936627909176,-2.25879506595545,0.14952900657608614,-1.9554688900040418,2.004083801766587,-4.576180868808848,-0.48631225531495836,1.626499457357781,-0.33985648948321945,1.771766354484381,-1.2428684642835481,-0.1126742056312473,-0.7545921952463743,0.8239738826850846,2.4326128450443534,-1.146451862569192,5.7508294828666635,0.15943248539647747,-3.2424716039769717,1.0292305915156374,-1.8394800149716772,-1.8575409408337151,-1.468529444769704,-3.782895257676735,0.5511386908296352,-0.9592198095446509,1.9101143610435614,3.7493914601204175
9760,3.0808771418619543,0.06715552988892526,-4.088375490784173,2.0479206624036124,-0.1358493501919884,-0.9717284931794392,1.3510050877990807,-5.432148660327638,-0.09640568991146914,-1.3140151203210468,0.15670023817043255,5.334864144592373,-0.16807311706651973,0.49946504263796854,-0.4669753044833662,0.023520067028183433,-3.1368212029771847,3.248884514859995,0.16137601741057495,0.9288006640654167,3.1919845061974748,0.8444016812312691,0.05650094767211655,-5.183063816580471,3.0507180937112466,-3.3057829189452264,-0.9930176704744511,0.07262442828946991,2.775392867921852,-1.5999348005003533
9761,1.0185565742871816,-2.924687921803269,2.145311125604117,-2.6543990195672045,0.33531368839027076,2.0799055530878086,-0.8854009989216998,-1.9439391928742324,-0.16683315444723856,3.2038412076720384,-0.1486158755888365,-0.05905198583828408,0.9489422760979593,1.8243163962051412,1.528763201883578,-3.1476872755077885,-3.711661154505377,2.557326555825579,-4.363667056572513,1.9032963556651517,2.531236213602611,-0.9866067973733186,1.7985683707585416,-0.8828270860841094,-3.322016393025553,4.1228787117742485,-1.0592364445941733,0.7991877560129366,-0.6699931187993275,0.129179488634394
9762,-2.9798674915122074,2.468867994973163,1.5275490973709829,-1.7498559965274048,0.7116519368598841,0.021654458834497348,-0.36211026717969474,-2.243437573917781,-0.9238915481366412,1.4746988815371758,0.17799224946642145,1.8767482582322117,-0.09144144844009006,4.1228910187746095,-3.3770812193966737,-1.8585953378081062,-1.4737167653943004,2.6779437522636407,-3.65320173888248,3.069101641590059,-3.941407254030519,-0.3870255532066702,2.7267881903841023,2.185744714141915,-3.154867147194949,-2.1463693593853534,5.922946215056804,0.46054359471721096,0.3351503442950694,-1.4174036474862781
9763,-0.8264935559786402,2.703068030480555,-2.808601739161613,1.792064650744976,-0.13409248832638143,-0.7259448977599643,2.28645947653386,2.288230987035238,-1.1548953826626258,-1.1167459518012883,0.13916354363262062,-2.4422126727361366,-4.143915362201076,2.571002847098651,-2.697061219451495,2.3593135417644433,0.1844206120338292,1.7262395807547506,-2.5113705916271094,0.5116082783002689,-3.875021463336843,1.0466139651797572,3.1066364322472744,1.721533379233044,-0.8446691110391882,1.8170026035919022,0.9453542713071208,-0.9221827140076853,0.9284178171013,-1.9239228669509103
9764,-3.104923335583342,2.2004618292042615,-1.6487788477038627,4.461775963561685,0.5510213799236445,-2.4595569894034615,3.7946393412075636,-2.236234260656932,-1.0875490991603245,0.6321931407163852,1.046273218946645,-2.149322341051672,2.0479104684155622,1.4082546596925134,-3.647829257068965,-2.9211823734576043,0.18645313911832417,2.9263933632992547,-4.634217699999795,-2.954042659488268,0.7612022024975147,0.7457333438608398,2.728816492237385,3.352508320888724,-3.2381726640061963,2.4190638296016225,6.112754547871191e-05,0.8795258626794249,1.8609875841806627,-1.9214657399984816
9765,-3.199871360482126,-3.910501068728916,5.560222148394185,2.6095263216941937,-0.04829332395399799,-1.0110827169244203,3.478964836368661,-4.679556819726116,-0.8537619730846782,2.9355676770131325,0.8379464728990227,-1.7191601934683618,0.703476401235072,0.7942061931633972,-3.6587603848262056,-0.18976485850674507,3.455601962991274,-1.104759314057727,-2.7451246672199154,0.45071040623974845,1.4451374563780135,0.868471716579438,-0.15481142333181452,0.1356165113508787,-3.8901688486726584,0.08556010188748076,3.9175437881275172,-0.48231787155890515,3.551576970292242,-3.1821941400731646
9766,-2.778857345510197,3.6876399745337025,-1.216884600452513,1.5780235623665746,-0.3765921147966398,-0.8933294761419877,-1.622920657358911,3.3759880981794836,-0.4986797495242392,2.1236310098793716,0.17723122465264307,-3.555249925826658,0.7770396517640101,-1.7214212576433212,1.4278145538666323,0.08500067924893173,-1.7728875579826742,1.2044539307454798,-3.4044520784762824,-0.838230252166559,3.6143012267004053,0.13897308277612286,0.23498853066635128,0.2544194904963142,-0.9702649030598458,1.1948377891708049,3.765744545667772,-0.23640139675725713,-2.5426963941194014,-1.2112196408995644
9767,-1.1385660702562923,2.367548254077821,1.0538263725587917,-2.6563425487186514,0.4539815054863503,-0.0804475131490836,0.13432278554950017,3.365930636025354,0.22654896605798314,-1.9141933229707746,0.5451135009494754,-2.3577225656098406,1.4267223254400534,-2.2204323059441187,-0.2536299268938258,-2.4574394254675767,0.8452286588323439,2.659550674032193,3.743858955507772,-3.39543977398189,3.552279020003322,0.780379060630545,0.8302671777164417,-5.511344439879846,0.29324492220292697,3.8071418173299634,-3.674564686229992,-0.8427270522425125,2.2172439066619702,-1.8003389077198708
9768,3.1283141659316804,-2.8677595021393714,3.801778593963011,-5.869486682331797,-0.346623508398211,2.1537769329735834,-2.8117313704543,-1.5472291410005639,1.1805010392702027,0.8963957027532476,-1.0036749791528057,3.285738748585942,0.6115453301839224,0.9664693623365572,-1.2883428217255233,1.814394937828883,-0.41486875550453917,-1.6891980531202062,5.808295192281964,-3.247996465313715,-1.454431291900807,0.941865036608343,-3.1974931472419463,1.1497606755625078,4.874028332660711,0.41302614160139584,-0.5471486782415553,0.8595059499520001,-1.858060601505267,-3.741351144464751
9769,-1.2631186877009313,-4.0787716536875145,0.0036396203841704278,5.982055833688417,0.8768561045662251,-1.5206612172514795,-1.0191649787859056,3.816578418356908,-0.5499596735565024,-3.2792765032085143,0.6708368942842311,0.3609858429115107,-1.904490093105009,-2.6283522341137537,2.6208013035620894,-0.7186972600280548,1.4712151257945365,1.1595231578892822,1.8496600190960457,0.9251308135475664,-0.4040789709593504,0.6436371390941247,0.8233830235052171,-3.83773202428727,1.5141682141322939,1.6020478013255968,2.9496991972339224,-0.2577400388282687,-3.6038096042078305,-2.204365569653179
9770,-1.7507979545895083,2.8710722737537537,3.0537317141070623,-3.27417720854989,-0.46658921104869044,-0.43323961367386055,-2.670483641560619,-1.809167960825281,1.0919268864549485,0.05777661856615168,-0.8065616110152058,4.136509708381762,-1.2926529781848988,2.113078153686118,1.2120755822476248,-2.3380650494261896,2.8808302433586093,-2.575265951682164,-4.709886463598565,-0.4068744660276824,3.2623004993940867,0.6002496623695697,-0.15907057390063528,1.413281341759543,0.6621924493607096,-0.8527905540308289,-5.25655584379939,0.163086526266361,2.7597312053945338,2.5243362168111076
9771,-1.6984089431355986,5.406753085119522,-2.068296797700363,-0.7456570449326847,-0.07224225855445665,-0.8221480407975985,2.0739032353664797,3.0404287222917823,-1.1235271786790175,-0.5944257862619828,0.07729398040961044,-3.4736729731250655,2.4504759121938022,1.6467600588187281,1.3700233243786286,-4.087345130719417,-1.068515165986927,-0.31139899868570176,-0.2202609710581207,0.9723196276555939,1.6487182123776876,-0.8521145276987685,1.8960371296342498,-3.4446994709143723,3.8527307613880133,0.5752923488100201,-0.13755765773427342,-0.006084735259995533,-3.2864142491838066,-0.997966468017438
9772,-1.2847427950465065,-1.7202907347991783,-1.3946202823331397,1.7669787438289362,0.49393762470711167,2.138737443641608,1.7953700748706254,-0.19649206184901757,1.1796447640824548,-1.9418052536368435,0.27250452267972314,-1.1092220461451419,0.8180950851921267,0.18096062612231378,-1.508040812303717,1.85897232404632,-1.7168443691804551,0.3668571461225234,-4.8893571325322185,3.334993303988803,1.5413342255185078,1.0999563720616239,2.7623280718371266,-3.849254840877549,-0.2569873416121453,3.2491855088202257,-2.1175466469761517,-1.1297279386451984,1.948558647426129,-1.6934822290103693
9773,-2.9418365183963253,4.437640697945813,2.702645877511422,-4.058449964978525,0.25293485861351117,-0.39293495069709294,5.549359306771599,-3.523997095510161,0.49443527247988683,-2.755600352837293,-0.7592006939236748,0.9950035630214593,0.13128436780300845,-1.4070826051849483,0.16847830781911455,-2.2168834517623566,1.748688435935012,1.5755149453892834,5.532704989299958,1.8530004472770223,0.24291404968864683,0.1834942550591343,-1.677974382000908,-6.13413935932757,-0.9989893579863356,1.3371915673555925,1.3418532379373573,0.9626552576226004,-3.012686993045948,0.36997628811920436
9774,1.590080285502065,-2.3417798272424584,5.018165087330065,-3.015328652113915,0.6682368720768137,-1.9193737655537753,-2.570637685442012,1.7459392654799224,0.009232018541752929,-3.7129796646322895,-0.23849270774532805,4.766938773799772,1.5428365272899605,-0.787444840759683,-1.5358615324952218,-1.9454597590109373,2.849046662414903,-0.12311705743990764,1.3912250781966513,0.41712645285978667,-2.2031504119953897,-0.17070443316389916,-2.9421697658999815,3.5076730799991225,-2.5980940437090467,0.15421999488023275,5.860164099993529,-1.0284661325012565,-2.2450715254306637,-0.14275239323030142
9775,-2.9303444771370923,3.029308569847366,1.3530907236726897,0.4350709980697687,0.15032058469745335,-2.037446399151401,-4.0875179244700774,-3.6790287338759597,-0.5401570349148894,2.4388258701960623,0.24161369128265076,5.626264131784016,-2.860693913579368,2.2330061254695543,-3.097212820657493,-0.44294490374340256,1.5865874568881395,2.5812580556216496,-1.2286488605092636,-1.6527237133786041,-3.1191164823855306,0.675887689347749,0.7339130162406367,4.590688350681287,-3.2414410778401823,2.302207540722115,4.102592507684978,0.6177054509678745,-1.86760868585832,-1.9134557356739563
9776,-0.20665792032483488,-2.9848660745684548,6.115124488858086,-4.421854321802165,0.6949597195905586,0.8032941082455789,-2.100466268590562,-1.7413704144585864,-0.8412779753257285,1.5927732863080095,0.6424912695191125,2.4478501025495625,1.6462873851870796,-2.054744058161285,-1.8639437237769414,1.662760746804878,-2.656917323721192,3.266556973666514,-1.0200786554162278,0.5442779302186391,3.4348893319996883,0.19656080382710162,-2.7251502512321384,-0.43049915940078165,2.3799789019716187,-2.6617204312919647,3.5499710711451193,-0.6324263485198527,-3.1894877111039754,0.5536845178015604
9777,-1.8631093853834955,-3.6584534254001753,4.228251795637252,0.759071186354177,-0.2937894812322732,0.8280293100232576,-5.338653029153498,-1.9053377093755905,-0.19208867737780366,2.2250868104429316,0.6707229586397094,4.540269646826044,-3.500209712384269,1.9072759621563726,0.8229448003508395,-3.3648923521558896,4.116598788019655,0.018282514012332385,-3.1306770783810762,0.8577587754402085,-0.842025841589809,-0.17382890173668208,2.2357030071043393,1.0530700391592624,0.03424873646423521,1.4947586933717893,-2.268760945626642,1.106979875521347,-0.8192142144626615,0.4519878547344156
9778,2.440966633467749,0.011407638570421597,-1.68312945250673,1.2686740123379394,-0.7048712969670452,-1.333047534903569,-4.871839857185385,5.886174953505218,-0.06073409374418226,-1.5360407584837663,1.2305564005552272,-0.6481166446453095,-1.608253993381691,-1.6094263865656764,2.941264593557406,-0.7608298150705473,-0.4599593790230827,1.4972049804825858,2.506938826889396,-0.24685223487695573,-1.1907181012331716,-0.23936045467348155,1.4871713620173317,-2.317179398126875,4.130147958435948,4.07079011970286,-4.250359880834626,0.26963628507907345,-2.76776932775976,-1.4524451546209942
9779,-1.4705517292171297,5.681630092574672,-3.1673685638258497,-2.7813204147866024,0.9215687756880113,0.8160418395656635,3.047367213660106,-4.993395028956787,-0.4921826754382801,1.6297302358569326,-0.966703142555124,1.7751833974349829,0.7467827869786348,-1.0735766179894384,-3.7921126589804466,-0.1877929565772618,3.08459114690897,1.2221082996585508,-1.0785777445321898,3.2303066278242234,2.336996451419953,-0.1727244585448071,2.3403701356450117,-6.656371011815931,1.9538436449087406,-2.1997631015643684,-5.141841080327026,-0.5226117513119366,3.26638091890948,2.643991369387628
9780,3.284062428380846,-3.4219734966825435,6.11330120177465,-4.271497174350888,0.5805794173651209,-2.2844723764884627,-2.990088285752332,-1.4239280300107104,0.14982590959046505,0.31583158128795397,0.2015412430801451,3.746817581806283,2.011885712114161,-4.025371162484603,1.667058075811351,1.4342856134940618,0.5353902650306033,-1.6232485039665363,5.5229173645060605,2.8796424340916786,-2.3242810964077076,-1.077782825007409,-1.7078952283149835,-3.2926006488713746,1.7053038803260208,-0.6775660438141955,-0.7390764716307494,-1.1731072842562518,1.0446678782441907,-0.16022195886652568
9781,-1.6110691190817619,3.4675879281611657,-1.4954006687446046,-2.01409873547583,-0.4294818532324911,2.082462448372258,1.7967688495826941,-3.355706378574183,-0.4596217903004254,3.2115156399894857,-0.505025945397529,-0.6879303752982331,1.0561626231304047,2.008601819760191,2.312553886637275,-4.2419595259666565,1.3040896789907954,-2.439448482552983,-3.0063110490537994,0.3744792980653937,-3.6429072597955177,1.1674869905607972,-1.1219220383559616,6.22917405857536,-3.2260351677557466,-2.543094045654467,1.0132752531804563,0.7413507374307686,1.6588532436518264,2.355649979149643
9782,-0.6590315007064547,0.9831555047777059,-0.9844101055002881,-2.3296205958971754,0.7424296667402173,2.2474770305847507,0.4316768427245101,-0.29685907753320606,0.9795847869756447,1.3479175445046536,0.006619461424143935,-2.4689395580939575,-2.9733180898215394,-2.329181581444548,-0.027429008925054177,2.6076455091954642,0.6382388980844809,2.0840442729102158,3.8820114857783956,0.2969818327647218,-0.9555541265043423,-0.09017246586939365,-3.0386864109533,-0.09458031521982946,3.3853801450123235,-2.2815582667611025,2.016556575434471,0.22116283083679633,-3.1052561124236213,-0.2362851720963821
9783,2.7355481154619206,-3.640854937998391,-2.561792792930788,2.1335241625609243,-0.4970001467454275,1.8305755996504818,5.452936015214629,-4.599056714859728,-0.6961995766715914,-0.9126330225893131,-0.5929387522024827,1.3478920511102466,-0.11175139300559422,-0.921519011036942,0.2644100476527953,3.7830920748139114,0.05145859340039394,-3.0656903118255414,1.4350987012370133,-2.7727462503588534,-2.433090761290785,-0.5681639826781186,0.7603328808920597,3.578569412194959,0.8139987039133025,0.1433085854481888,-1.2350241309758765,0.5506441076930093,2.5824322177966046,-2.855359483872725
9784,0.8012173475995326,1.7524671848139164,2.154927491236819,-5.184306673485359,0.26174952799998596,0.2139451218338131,6.148065076023947,-1.5500487675287289,0.7500786478617165,1.7950262566199768,-1.0769404736944161,-6.066180739280718,-3.079115640166364,1.1494924007349958,1.0536584847745338,3.3034402504335674,-1.447334056198093,-0.9801414395795955,5.331940767349067,0.6501860295571511,2.6528810224659836,-0.6723938802302962,-2.614691042214732,-5.347922896930868,1.5982883679725823,1.4535787216413603,0.3163560920383439,-0.320068446940307,-0.2083451557708944,-2.839809578938551
9785,-2.181158281613829,0.3259824274109633,-3.538601366767626,4.2796770788922025,0.2649959536941706,0.8491041883828512,-1.3286450060295216,-4.182091365531534,0.3832194202820478,2.4829364865041974,0.7862607523942735,1.8583197123823219,3.2934999657760535,-2.159703617658028,1.631508520568179,-3.897689343672541,-1.5138407385035428,2.6462252134889326,2.372656026664668,-2.3602327677848987,1.0529019461742344,-0.8720310648529619,-0.5293978622852311,0.3361037220804661,1.9881140277131664,-1.9071399966048759,2.42713756752552,0.2739204066778562,-0.5068570976028539,-2.275174907706276
9786,-1.612016392028531,5.363448234958025,0.6692283745711372,-4.903397949500455,0.1289660611195389,0.3537716708790306,-3.2664860629283012,2.18276193105946,0.13910792698896302,-3.4282803794924774,-0.9650183026360306,5.337914887010154,3.478672650237968,2.4659337304652347,-1.0601169177620733,-0.11371685286399824,-3.8713320918646517,-0.8994405182134511,-5.298998600884829,2.315243975432491,-3.8961543734707433,-1.0116262297629683,3.2031424658588676,4.6883927628234545,-3.7143635412799334,2.559487224691779,-0.6416853666592637,-0.7343732358842292,-0.5631198181760482,3.09405473731022
9787,2.7453012810111197,-5.519741098928396,5.186397391055536,-4.172054618529437,-0.6902643442182894,2.450361389608185,-6.19544424974902,2.9498237870717787,-1.0761976014984915,-1.0597638743480182,-0.4676700363953028,5.8492519749208185,3.063876856810758,2.069328154225353,1.2994278690208105,-3.7685511383341677,-3.0420230499683534,0.3779413082446208,-0.5081639463510328,2.235463573142127,0.8125886046609132,0.12411502472527403,0.4587592233060196,-3.1227624794870508,4.988405859257284,0.03516849230103247,0.19112413736745637,0.3255285975632667,-2.7410741287258595,-2.7991529577606364
9788,-2.6626282995500983,1.771354093020868,4.843768742557209,-5.840841107563161,-0.16131102348542514,2.049657595019335,-6.121965301229789,0.81861900484434,-1.1734528351269637,-0.5226872498496498,1.1345762401977941,5.864910141166025,2.1406857060091546,1.310880669724881,-1.5005138410992114,1.6195461380402385,0.06295074564680192,-3.6335494183228665,4.230414700238484,2.4782601190322993,2.0043003202560534,-0.7989588940511565,-1.2399304765906738,-6.674085768888784,0.7920423668403664,-0.18169963945758383,-2.430168160064266,0.22093086498118986,-0.30031037649805903,1.8992049442009034
9789,-2.3954379950534204,1.6098847665968918,-5.096768984424184,5.346325153815773,-0.914720662626278,1.450717721689939,4.862423247749355,-2.0980865082858386,1.2005966323916413,-1.4142542307660069,0.9839245058665149,-3.534603646953876,3.1493244095613235,0.26041413316909967,3.7173194425664313,-3.312287698957647,-1.291752287680536,-2.5230179986596557,0.04866768953606382,0.5649304397377897,-1.9908433408132389,-0.6144551736826216,1.2257550237794579,0.7659453614387601,2.1735327971798775,-3.1347206598920927,-2.9966382679309156,-0.42466643019745565,1.4073553464489166,2.975137214394234
9790,-0.7973013554282087,-0.0348693248489802,-5.765348183223082,6.182515577702535,0.39874507481005583,0.016258210986400456,-1.9000728240268039,-3.8150800662721096,1.23529764213282,-0.8612642467674245,1.1682102100181844,4.172909284917136,1.1326886121505453,-1.1085272392980805,2.7731439761751844,1.9488398384848011,-1.2545100103456601,-3.49163517716781,-4.409043320038258,1.4184442133554658,-2.640527781718202,-1.0057569164077194,0.7508588174462361,5.886024987358681,-0.20994207929761544,0.1728512024739679,-4.245035381152096,0.4427836909336582,2.635494781107223,1.2038477859374552
9791,-1.2008188159185522,1.4581642919774325,-4.168133144013083,5.883819060717073,0.3176669532479037,-2.2906983460120314,-1.6418685427246373,-4.862021935144838,-0.36209268494287894,3.515616737528127,0.4751657347313598,2.875200690554667,4.041317222200053,-3.3283965228453507,2.456901027555187,0.07583752079879602,-3.3239063684771253,0.0782471207674611,-4.2717850850352015,2.7976082249458187,1.0444961658335785,0.1766360369557134,0.9435605304092398,-0.6905158731129433,0.9165433898951534,-4.397495091686361,3.4661735565444793,0.9885695488419017,-2.0169151803001526,1.0431237767075672
9792,0.39584218360521106,-2.0709729628772315,0.5817344767838861,0.18411158804406114,0.9748947176584997,-0.06561000321564059,2.1139842541482885,2.736097997596847,-1.1505296455616443,-2.747064680769853,-1.0413358745268075,0.08884794911497806,-1.7927976518731406,2.8910530773363092,-2.1578546183892637,-1.098101619094905,3.469236958180314,-1.3115361461602912,5.275526131652306,-3.218540442748523,-2.692287356793182,1.0701896311528527,0.17995307466105004,-0.6148410379282936,3.6112795392154915,-2.756024533098575,-0.799308938039168,0.6054465307083117,-2.7737393456036106,2.1123467468201476
9793,-0.9858259743796189,-0.22106963140122815,1.3643252002042772,1.932698914195349,-0.2506349854604131,-1.8394935231595575,4.2879593755668,2.099077103965559,-0.21494624248035166,-1.7938051433590818,1.15873791576856,-5.5370230094596735,-0.12120479388803318,-0.6375475118725582,-1.782647380466269,1.1640692869959572,0.08299269893533179,1.2943377002945873,-2.3112897339801535,3.4942426599049234,3.7814694056355584,0.7510942549719921,-0.5521969335744465,-5.163319652961633,-1.148645014148805,4.344751166304842,-3.886297521214388,0.38342172063272173,-2.9895179606567783,3.2962876090850237
9794,1.732525313558913,-4.203184408192204,-2.6475634084510276,5.7968591046533255,0.8881510372135764,-1.5667876387837456,3.9835906399191146,-4.229359870011329,0.46428005386269255,2.311010008011557,-1.0863378629356832,-1.4431829688445355,-1.1715445922750938,2.4715470566252122,-2.810153260316369,-1.7061656253750375,3.6682355801912614,-0.451919158850977,-4.427191729951552,0.0820835914600746,-1.5172724257914911,0.42492574477718126,0.3124155800081887,5.125039239493837,-1.1052396078633713,-0.8685025413233127,2.2221178510037873,-0.6499033831665599,-1.8925419055397494,2.2940695868918546
9795,0.6619118725038291,-2.036533052735301,-5.2471698435484555,5.4099368303215165,0.24748809558822416,0.964366097868993,-1.0926574430978455,-1.9784608826221834,-0.3697281706000499,0.8914779167076077,0.7621635473418866,1.7872050322724178,-2.807728474948359,2.696328936718082,-2.396099187084266,2.1902394460929777,-1.090961319131969,1.4082205983525284,-0.7866572336669186,2.9126668512028324,1.7616629485538091,0.23231727538284375,0.5775983646185594,-4.697588206094899,-0.9380637465070514,-0.7306645504259457,3.2639134700170445,0.1703469347025166,-1.4236102413231997,-0.34192186646071754
9796,-2.0324247215002558,-2.51166885457166,0.8918525930582639,2.8214883630575365,-0.5205885273496129,1.3513411473045291,2.856447467064978,-3.979696434356928,-1.1719705781779526,0.942303976224288,0.2042987394032698,1.1486168298441761,0.5343491451685516,-3.680770874705674,-3.093830271392749,0.6191167678149263,3.7509961266396274,1.8701391064743156,-4.180533823621364,-1.746588086416745,3.1030518230635415,-0.9700320042500916,2.1489777970329484,1.6451242941879194,3.734984762828365,-1.4937525678920913,-3.298930560712151,0.592075843713296,-0.5228181215305305,0.9884406435957942
9797,3.125798975381805,-1.3091526186674969,-5.668486179400407,3.4449252547726665,0.29760394495828413,0.10931062295392735,-2.9141952587047015,0.1262782373460709,0.8505751028019501,-1.2666025022911374,-0.8955392314699138,4.099483652319552,0.630081000404747,-2.29196787589977,0.9911441673248831,-2.282450589019673,-0.15894755249100712,3.11214084967985,2.546841590876408,0.2368311472504665,2.427425965412297,0.18165383857481032,-2.2999073830608463,-3.0928451590569175,-4.902847142836723,3.736091307636542,3.9517119114212065,-0.7644905531058983,-3.197485303689085,1.1770197805766607
9798,-1.3896201532091137,-1.3868658157609133,-2.4270561921130103,5.86072506227228,0.9409046091460143,-1.5980875103364447,3.0618089927239467,4.734538575818409,-0.04770377941984538,-1.919847443522606,-1.1171454736690887,-4.711650871928999,-2.6631359165780957,-2.160145476951657,2.394991227626992,3.890052123715556,0.6428773806384633,-2.1046393384522517,5.730898037205243,-0.8386540106288223,2.151397901884053,-0.05439679748942705,-1.2944833222981327,-5.694761808676677,-2.815004212815275,4.076112385459734,0.772284239723291,-0.7693452362075757,-3.554556431972131,2.2905092558146762
9799,1.982805954760206,3.019566072415806,-6.004680249984268,1.220544012502593,-0.8058840596136314,0.587648269918116,-4.974276272852347,1.13389600214893,1.0105246390556388,-1.6044223023102226,0.3094699758923767,4.124807958067443,-2.154976738412021,-0.5107414304624953,-1.812937248733233,4.136063037999197,2.033194238947331,-1.6906018593398002,2.107696949628231,-0.8127881634940533,-3.0763278636946154,0.25395744701099776,2.9576863692849624,-1.4302247387393159,0.4497809402206592,0.7869153193956038,-3.4413468030810748,-1.1928675326466158,0.18194121888584647,3.215576857228289
9800,-0.45700557508269135,-5.063891213324531,5.881249902204143,-1.5143567972764416,-0.31870840370767994,1.4727120871860553,2.5457709479582284,-3.0324268112229653,-0.9552414633496031,2.874821246595232,0.7583858759054163,-2.191309795884507,-0.9503468028431747,-1.6607528838800647,2.1016090480302054,-0.42361463464147775,2.33176619765106,-1.3986609243175483,2.036298261457457,1.9107885846690422,-1.6818258657334457,0.9134774971182171,-0.013490629904731932,-3.1652478476103134,0.03673938305215074,-1.0074403195730746,-0.4167766159482582,0.9586525794622007,3.0457639948497146,-2.6169390218400412
9801,-2.3417622832449556,-4.1905878303109425,4.725867451853468,1.4411120233028747,-0.3941439248044123,0.7595145632028206,-2.473360380187952,5.026049202688533,0.8433896718839815,1.2841057008114696,0.8850773860012753,-5.5652615811955,-2.9460743139334458,-0.35474012218736917,3.9064353340586884,-2.6174389524590485,-1.1701687534188672,3.1819868079390687,3.121994165262805,-0.9718107133724772,-1.0060008999407408,-0.34153714647150046,2.6263282429156085,-3.42897364839747,1.6762051092249308,-2.068532839071054,4.618847579055505,-0.17043694186289304,-1.3650007706703278,-2.6910821366734456
9802,3.119577302010807,3.1813767493440785,-0.36505119006757525,-5.633789315420195,0.43056142637158246,-0.7326749722398453,-4.452070010428002,5.687693044682071,-0.9573963246914214,-3.7204901577579665,0.9833574569754449,2.4589059912216555,0.29172742041905764,-1.0013515845924843,-3.2515209416979634,2.690465669763423,-0.37717815176792513,1.6478575878749204,3.6865038490415145,-1.3340322762340104,-0.6690758118934514,-0.21806561942903802,2.1530026207861948,-3.6183327622750063,-1.9098281218725646,-3.692984544336106,5.492612445111373,-0.12079262868126239,-3.272875722356103,3.503868572137357
9803,-0.559385128597139,-4.297882087574752,-1.170665090010477,5.335101712716636,-0.9498669067024916,1.6426975001670812,4.983932948270034,-5.053309675142099,-0.8873285541657783,-3.519612213180107,-0.33563891006247637,4.811956404282238,1.59591096696969,3.1804598449306276,-2.9472197026604583,0.8351475088711098,-3.3669059754178594,0.7026073573058618,-3.572217951309721,2.8073358548354896,-3.72865674539268,1.211361343000033,1.8855766260241449,1.3966008728389312,2.940744780963712,-3.6767044470251946,0.05105053864897613,0.9470498443463766,1.5110446185557045,-1.77318533548687
9804,-0.5575413788523669,-1.7886908597996083,0.03824852437239201,0.278860664160824,0.7635841916607364,1.2655388584568943,-1.9385407540385131,0.7588271969816667,-0.8650177251053544,-0.1494991535023349,1.0049078213733402,1.1893226142930011,-3.6050233674066874,2.2299924630953427,-3.5954138496148715,2.385807756916499,4.014096280202242,-1.4294592831935429,-1.5665370647483385,0.8856898796971322,-2.1692655729641928,1.005926952565602,1.6119384903734009,0.2322473150726303,-1.8466460668802291,1.1950285002361163,1.3808109144730416,-1.2034959684638138,1.3219567793129698,-0.8476541586753807
9805,-3.3890773835967636,-4.462673164810784,2.714593588874372,4.424297491065488,-0.5804659619282513,1.2933254303947788,-3.870470892969962,-3.0439981818308475,0.3372438646812945,2.539999041715671,1.217218172116782,2.820007996288883,1.2197720677087887,3.2774688291575096,-3.5192122205997443,-1.2201521808129918,-0.10054853637686634,0.3426720409222934,0.8704638700578187,-0.003665110185540499,0.562094807721806,0.3138723130341603,-0.17383933512635963,-1.5689265455056791,-0.9988696291075456,0.8684735777521588,3.712132858551932,0.32484498275489404,-1.7381791951317354,-2.1684025948170262
9806,-2.1437829347799013,-2.8005584388440248,0.9589828114544403,2.54670693087413,-0.41221992111195593,1.8508715524061472,3.711642373778542,-0.966426812325178,0.8421029955078589,-2.1650974204247877,0.8783379008228973,-2.3005590373575195,-1.136922811886075,3.6511988260660715,1.9453509926964223,0.42685726908452537,-4.072341716071438,-0.8141425598905201,-0.594312301317423,3.4915503117208218,2.3228682058752703,-0.16327043514307338,-2.151770705082324,-2.9050650760570704,4.248966724299553,2.7198278258653517,-5.779574351205564,0.11010097450048395,0.884816436041282,-2.1841376094983964
9807,-2.551025960512307,2.5464731310687725,-4.865922036775135,5.308076397577722,0.04438954278136942,-0.48199107414157005,2.4212849508324155,-1.443148839872304,-0.6546010706879164,1.765489285299278,1.1358300977346083,-3.224854423304258,-0.11068523016038867,2.5401151433709046,-2.2580208127567847,-0.48220917713402756,-1.2096156656609516,1.5204157423402407,1.6646621197134088,-1.4534303848498453,-2.057744617098807,0.1534490153406045,1.218132157759328,0.47493170913147864,-0.08376155978475452,4.1839159696306645,-5.814714240492574,-0.18576460760578772,2.8295497121930993,-0.9292252739379467
9808,-0.2968244550558694,-4.932462765666479,0.8590819541661894,4.687439731181403,-0.5371573974593784,0.21992293283298991,-5.045630465838798,-2.737491390571801,-0.5912793782566776,3.067128358747926,0.27545146394308606,5.031821411978104,-3.682098669574909,1.715365075426547,-1.3851589429377231,1.312406639729712,-0.8404415019558193,2.8799273993112102,0.5361286376399299,-2.9783565164337045,-0.4947970361791061,0.12688772709396634,0.1439855164329238,2.666151671442133,-3.724069441212162,3.130005318974767,-2.705908926203591,-0.8105352088723814,3.6976434068905206,0.4128648504255832
9809,1.6075139686906184,3.1472801832962,1.260873085636156,-6.180760293005328,0.6153099241993187,-0.4502168688181225,-3.645203131378988,1.2138439632690812,-0.11606426341777087,1.884375990050465,0.8904962691886444,-0.22744882770957986,3.288283906410168,-3.8116095412789512,4.224710854358559,-2.2988793419415714,1.3607669904900845,-2.763272868039234,-1.3183357280891528,-3.4929186394733005,-2.6416163233436993,-0.03819897555360274,2.363522349593749,5.12754731686217,-2.9783329838879666,3.665107463127775,-4.802879239683193,0.6569424327948523,3.703568498281225,-0.2444061706299454
9810,3.200590875073935,4.099176432051085,-4.991456665373033,-3.865458463177106,-0.6558692681520653,2.2130170895760486,0.28163859948368497,3.0326558865445072,1.0587038544019807,-2.726890474724371,-0.5469924905714496,-1.0991153751325164,2.8663784115109365,-0.7940396825289895,-3.556239987300371,3.35370990973016,1.7326985020835686,-3.602507153496232,-3.4248330646245577,0.05792432299338657,3.4381583754149716,0.1605292411571666,-0.8218800707472091,0.5901011958023972,4.3246399739106245,-3.211648115289762,-2.5843324568532786,0.1868016077330612,-1.7552862336231687,3.0398252241252806
9811,-0.8985083048072937,-3.3832303935038013,0.5252882780132744,2.6416518011316725,0.678395339831257,0.4364032793337369,3.2243079274055404,1.8060685370074765,0.5315539256658868,1.2779501240220128,-0.918275198662915,-5.92160531543616,0.9944152974884268,-3.1025150692029158,3.3447429377433195,3.0326560108068534,-1.2687071463755402,-3.000592030461041,3.326255011993549,0.8403811852462084,3.334939341853673,0.9746777497674275,-2.0748122670954956,-6.401441021769209,-2.974653755286589,-0.6219210622704132,1.6684169934189619,-0.9940663220722223,2.04773934095817,0.8744848052548182
9812,-0.6537806922325764,1.1825039994376851,-4.31149936418457,5.559557112662752,-0.02315307144687928,-1.7536279842375677,4.228934589643664,-1.4056704790246215,0.1261450662409338,-3.2727261310810256,0.9494870522835193,-0.6261700980606548,-4.079440702623129,2.1891374732413382,-0.8030215476069067,-3.0798968764143098,2.616443974198262,3.156777679203845,-5.389975908721585,-1.4290645811547922,3.888619634687025,0.5903003695187445,0.9944408276408492,1.3456796580258832,-1.6612973787996452,-1.6130374455607033,2.8014960872114543,-0.43242629384115094,-2.4750571661438165,3.380322197136568
9813,1.9709138744779047,-4.582790175780527,3.9868775350098744,-2.408532990237525,-0.2007006174277175,1.2342323739568126,-2.8485614686910665,5.4725414538483115,-0.18242282378506935,-1.9039053587278634,0.7164789943764172,-1.2541307970188953,0.4187422468590434,0.5997060531108538,-1.770890661275562,-1.8560852690485614,-0.8199850803816737,3.4285127107349957,-3.148131772693848,-0.4322086922194721,3.4000296312324885,-0.4386418181700593,2.856026515869555,-2.237073864022573,1.6722544827746688,-4.113974570597296,3.38096858188554,-0.30229595149045174,0.0957182383359445,-0.7326707809057158
9814,0.11048301968780017,1.7624340403028569,-1.9547835786066372,2.2720336025960037,-0.6547632535543877,-1.5354038304268176,-0.20803092785550703,-3.2324996703671935,-0.5467056294038333,-1.1224433572947525,-0.9009744099848067,6.0106539949079405,-3.2798985505787677,0.6872096086544062,3.128342164637484,-2.171244949310063,2.9990913109035873,-1.3634995843075757,1.2003390359041468,-0.6607902402103036,2.1299654874126013,0.9800533996352261,-0.3679764845032363,-3.281591198242303,3.36120391269802,-1.3421289708970328,-4.6188343079742396,0.7083107923731058,-0.9098339480849678,2.8012825218877992
9815,1.00282419787181,1.773023302377748,-5.9577274577338315,2.504368691073786,-0.3248312445344643,1.0023425109437607,2.0532929965102653,3.278094153478058,-1.1383365384589488,-2.5421126857011096,0.659191442964902,-2.310129368791319,-0.4920968999765378,-2.50263590557309,-0.1384930585916706,2.2086682152777364,3.673931855420765,-2.749374206558091,-1.608590178712383,2.5846762648068733,-0.6727867329360482,0.6766229950444673,1.803652109367519,-2.7835744575742822,-0.1513252987719369,-0.04757877716065906,-0.7855411579516272,0.5579947605115736,-1.7084329807640923,2.1348834541394233
9816,-1.0204449751909124,-2.7086453796042598,2.907902631404177,1.8115166661251862,-0.8812706850683518,-0.10905825766702115,3.9404372771541993,-5.825557328063773,0.39275966720861444,0.04765381032023086,-0.3661108099120005,1.8108173832945589,-3.700229463698914,0.8434314470924988,0.6559300592831505,-1.3998588219392314,2.575985192743847,1.0247415865177558,-5.511135341377326,1.903261587558685,-0.6342429152552498,-0.482544195712423,1.0548895321317584,3.6697713326507078,3.3791349061362332,-0.7523294286638702,-6.118705498632899,0.2636982182079102,2.799301979801875,0.4288998231534098
9817,-0.40378931679231655,-0.20890606609358642,-1.551773281708961,2.9199022300643946,0.13271213652875513,-0.8881457019995267,1.4744920940368473,-3.8490147094544476,0.27918237502245535,2.694448738016355,-0.8049310228944249,0.2058225252750603,1.6967954723775165,-3.724148990357529,0.026455899643089253,1.3571108422150608,-0.7656292545411532,1.409416030662129,2.5882858429283964,-0.864431034161715,-1.0001095054784201,0.530069736718108,1.4311822822977742,-2.684997322308014,-0.6726470368365369,-0.4202182311775715,-0.423741291761047,0.44124376820550193,0.9942054950700587,0.08115729650224068
9818,3.1008651151790154,5.120693543848102,-1.6158671530034532,-4.239302611370391,-0.5226536455256561,-1.8437352491288266,-0.41744188906077895,-5.830564135496672,-0.843416786836646,1.2258508359040121,1.024575259136781,4.840996716355132,-3.9714836664348496,2.1464324561314427,1.4797537026317897,-1.5253964036125414,2.6456032797023923,-0.7749093684190935,-1.0494520258036175,-0.153422785223718,2.2265395907367953,0.32429765956416734,-0.8029016041322485,-0.5450608351452253,-2.650987858023484,-2.7362972133990553,5.059047370278243,-0.15800695907356666,1.423248243961872,-0.9370035837413351
9819,-3.604979922546857,3.9564789937301548,-4.016982696714528,2.214288276927551,0.6069845388092059,0.8442108097932834,1.7113987907608,-2.188254316417744,0.7730609536980317,0.5664544282676385,-0.7722219692524934,-0.09043788705436384,-2.0304957636775107,2.2710763452202976,-3.084890833408661,1.4320298624141614,-0.5531106366245879,1.9653910260754586,-2.8169721293429895,-1.2864229372950202,2.9721065680421113,0.761493085081768,2.087733344559016,-1.7179379310487448,-4.046850931227649,4.214793193013218,1.030674930234511,-0.2666109752139345,-3.1047575792065505,2.1727513624030834
9820,-3.7399442978406583,-0.5566440298273463,-3.6317132318081136,5.298743328737199,0.3115752042073119,2.3179830265304506,-4.4757514658743425,-0.12676406308859356,1.1164241054603972,2.2364681668484607,-1.066189959345106,2.3158132160010396,-3.924513509371698,3.196251025742395,3.8458478952311914,-2.299756251234374,0.13445729194440048,-0.9522864523127321,0.36160240018088174,-2.7879892155447177,-3.64215925731952,-0.8939705223122987,1.3393237503361775,5.623192844655591,4.977054605902186,0.25608226025342873,-2.822855761282465,0.5564256401226704,-0.06637752578676803,-2.9003292192063626
9821,-2.8156382846316443,1.4519403090072416,-2.243131393361306,3.001551837726634,0.37390708336410006,0.231370447893811,-4.765619166581768,-2.412803064314314,0.8369163285181056,3.6527542504151533,-0.9172468884182434,3.605998540382931,3.1960288824793572,0.7233168106906938,-2.362213107758244,-2.1621906490781644,1.6833197233522945,-1.0782616596867616,-5.438267250049027,1.452296739508812,-2.259719243359033,0.14452136366678037,-0.13946337153292987,6.240631761761534,1.9664812932718831,0.27725485037287,-3.367468024157624,1.1901339809892715,-0.4829803123721188,0.4165782118984094
9822,-1.705704322980349,3.529422614726734,-0.033742049998391366,-2.3661535430833602,-0.5812932678057114,1.1574705691399494,4.352892640434774,0.5074157594834467,-0.9639806813322265,-3.527602572358612,-0.2624703059960085,-0.10625484022952847,-0.914999995243317,-1.6161563306267865,-1.7701402540313182,-0.8818289324405235,3.372450903916956,1.8106746084241792,-5.48792899685478,-1.8184545519250879,3.5103796311251187,-0.012299599138448691,0.6933622560038248,3.1149412607854927,0.58768512789824,0.37154239003231737,-0.26994484213255276,1.2096158105989723,0.2860646543511933,-2.184963140745486
9823,1.0693401294538738,0.46645458140773144,1.612658191644968,-2.488518384771801,-0.17244831222181833,-0.4874862055141289,6.149537260258583,-0.9082609380295743,-0.7454109755683849,-2.0610079862840998,-0.26279654356853044,-2.172060816806116,-1.080130793445683,0.4301787469090179,-2.6905186899735316,3.4241709995917766,2.8288632765896544,-2.9125635396720355,-0.674289682534102,1.2133313310345155,0.3972989692215769,-0.20429785714559223,0.09916602350621773,-0.8312087840865061,-3.2438476887559347,2.9290925856460746,2.939210337825486,-1.0069441600215203,-1.926119228757111,0.3086081540656682
9824,2.3727864316570475,-5.654686871048401,2.862020512350277,2.5189946807878236,0.3919164872542269,-2.491031241002136,-0.1400193818012525,2.012852116500344,1.0438927261392905,-0.754829203190031,-0.9799784432391947,-1.1819178144072744,4.119176691006668,3.673898564561373,-3.6937028570859773,-0.38321587497928533,-1.2292080328637915,-2.486948490639806,5.26614264807333,-0.9442328276919678,-0.5855150340383428,-0.8593202478704081,3.225188166028854,-6.102262704505364,-2.0499652960540615,2.0369531940942665,-3.0266897265035944,0.30206019313495425,3.610236418076461,-0.8725947827453844
9825,-0.15321516931661883,5.230281014843971,-1.4298387266111021,-1.9702193937209245,0.2757212078453115,-1.952728933041806,1.5427864065992374,1.6940147865770143,-0.8598461679661922,-0.09602857455372948,-1.1541899204357247,-1.1267365302187216,-1.614819694591672,2.3774764565097257,1.664274922903914,-3.232858753239597,4.1200078788724,-3.314080810455634,3.981884068942122,-0.30260047182994576,-1.7887780301789,-0.7141446967224141,0.12895816252109427,-1.3053190327358202,-3.5614129760864657,-1.3846848192996788,5.305741713575149,0.4703714493309654,0.5165019029537525,-1.3465172704710682
9826,3.608755000460093,-4.0705522138213155,-0.40495173584170985,2.9347193409762866,-0.5399096071627172,-1.5280607846117942,-3.0184654905549593,4.602948389567928,0.5944632243909513,-3.2006936118203875,1.070785160524741,-0.049037672106369,3.3767544355484596,-0.6862549513550462,0.4312021401953956,-1.4135200633270717,-1.589270565329537,-0.11891099573307606,-4.146843607928314,-2.7362099096380224,0.7911555357788451,1.1524174845370032,3.1462530811398253,1.7932274161068094,1.754243269924224,-2.501168828084687,-0.004615811427566285,0.4946106152426788,1.128881164888714,-0.8719504105407001
9827,3.5935259956738292,-5.113727258061683,2.591778825996503,-1.7878330337959838,-0.7199211179116405,1.436176588097787,-3.4135272883216032,2.389779820879781,-1.011138517172066,2.060241753192198,0.9440729673117696,-0.969428735888215,1.0328304441399752,2.4884838409081205,-1.6296856848224586,-0.5541587057598178,-0.6866561148819059,-0.650813779584773,-2.2054484975440865,-1.6144086400365243,3.3895034172037484,0.03315174158394729,0.6275227950823297,-0.23032081629324352,4.504149555465265,-2.0663545088009414,0.6012133845651917,-1.0994453931700914,0.8463536091983794,-2.7859166472551475
9828,1.8874842622332864,-5.051689561665711,0.3578574692224201,0.20919861472315304,0.39656554810623446,2.2005836673794157,-2.5089309423958994,2.887128460766821,0.45788313935447356,0.6656824488461801,0.19465579366736296,-1.6964189002370667,3.5931867605132304,-1.958137935245416,1.8658040748043696,1.6032950490342053,-2.6439816720531866,-2.460166277054041,0.9773553818494953,0.6365346088063166,-1.5033024441377272,0.5177637733241278,3.076368362326928,-3.704719682172996,3.3661016451918897,1.3734741716693435,-0.8069292644928368,-0.6637450794715916,-0.29822809860814203,-2.970673374286015
9829,-2.216282050377391,-3.5539691566015925,0.2975775287639877,4.189964754984416,-0.4272972342206687,1.7100061574500618,4.026597100277666,-5.236872949790008,-1.1717413652795123,2.369863469479366,0.18742141569217985,-0.17526767037786328,1.9185594965530228,0.976034585985424,-3.5198372926060486,-1.2447141152550394,0.5433430807815043,1.3266142445403162,3.694333889317999,1.535679779343658,-3.320365902262429,0.613733165716976,1.0768146364608508,-3.6001955685809115,-0.9017353372590335,4.032352605022361,-2.94449372457753,-0.6431277181917352,-3.05808995664432,3.51509413165293
9830,-3.7192934025479243,1.4778442055754795,-1.4671391737852382,5.550918082215407,0.0026197172140443037,-1.8449494286729422,-1.133789597088267,-6.050624554166717,-0.20540452953207922,3.0807043106398524,0.6089381555577722,3.700176214591263,-0.6165175428897598,1.3222616882210332,0.41881447251363824,-3.046123901740616,-0.36966517678284205,2.2912304606777205,-2.2113365027176783,1.4041397997936063,2.1952002503211183,-0.6833779117304957,-2.626887795838428,1.9222621601680352,-1.72535819846253,-0.28807284075564255,0.6556576184491547,-0.7068536898903677,-0.34150843327703306,2.4061355439391114
9831,1.6927011967738572,1.2156578275710892,0.5165773696239029,-2.653018056749982,0.8006262854804707,-1.5725446227005122,-1.0240333153089587,-0.12868753522500498,-0.8698096460010545,2.479495853300179,-0.5437911114314407,0.08682575466812636,-0.8060405202990424,0.14927882969550055,0.6146677514823509,-2.7830432124529416,0.4913378534859625,2.333799298087335,-3.7980001043107556,-1.6632766988526964,0.6222933896078437,0.3778265477543137,1.9666884240376152,2.4944684417598566,1.2341680641067718,1.894536116514562,-3.314763549375847,-0.02636476724497694,1.8634456064561533,-1.6510214704539887
9832,-3.0690672794792917,-1.3596439622914644,-0.2878654481862917,4.174305250461977,0.017295308985086244,0.5249761305088025,3.295489910330314,-2.4896165457679977,-0.14345073728091506,3.392248030709311,0.7640952182560286,-4.818765876244868,3.6369150699608177,-1.9063829830395758,-0.9195114289228492,2.487596710944846,-4.016669865658148,0.7180524967140958,-0.5479735288850591,1.4144766210092996,-3.171576235732477,0.642578463774468,-2.0610600165589155,3.723554696388863,1.9572397198670721,2.516777606452738,-3.2540992840111223,-1.0306437587847377,-3.1049069472098765,2.915632663688587
9833,-0.04636498236263087,2.2748079797701237,0.2064925922866756,-2.0222489346898485,0.5520098405738323,-0.9646964955793358,5.706127107998054,-4.16791604417034,-0.08772034771409665,2.939134159726823,-0.8994495151076478,-3.4901753607309196,-0.9457952906490448,-2.9858248684419415,3.9156554459363093,3.25304724066444,-3.545810404131732,0.3087278766211661,3.438523031270247,2.1007538937549057,0.4388769862565738,-0.04171025979198628,0.692548547652871,-6.628992199146452,-1.3391391177002667,1.4294696470264974,-4.4002220562664505,-0.5962767705290988,1.3851601548405306,3.521008142631466
9834,2.7263303838969257,2.5108588386604858,-1.872096355141121,-1.9704732913114142,0.06722120126942599,-1.4618407773754818,5.0517139725311395,-5.591615948490201,0.7296713545632416,2.8145200485543675,-0.28727132742462036,-2.7170180997320514,0.23002498218258793,3.8113891900266452,1.9728411731675877,-0.27573347533102677,-2.1266137571850674,-3.6119081128615154,-3.4331603363689567,-1.2197068480135744,3.8234071082957684,-0.8284487389910637,-3.0337976024909814,4.691706417564973,3.613372313130519,2.21192431480711,-5.578326669240855,0.21749650620331984,-1.3085184210365757,0.84405195613917
9835,3.1029045880874513,-2.727749361433311,2.9908391701293695,-2.528427051810837,-0.31804830174591925,-0.51951904322795,-6.214777403481495,3.7572826104465946,0.3945906081326829,3.5352643214593655,1.124955569277673,-2.5973157058329583,-3.5196067162046276,1.1584768451479377,1.9077503386305814,-2.9035606780603285,1.2828797360843716,2.0740604744012963,-0.9537701583887355,-1.8803920529613283,-1.4845062344967754,0.6884542025764828,2.8470310398688667,0.7831832033976696,2.2504454872326427,-2.20203746282591,2.508948273363316,1.0307769903391453,0.09968303301547898,-3.687816321121982
9836,0.7996407079773284,-5.4826102094361,2.544596444100467,3.638309357177178,-0.42846068884684674,-1.071475610973172,0.711517146263823,-2.4675134086217625,0.04093725487575384,-0.4374343064932038,-0.8764682297592898,3.0289615437365285,0.3586715044696618,0.8415540343022556,-0.3160292004439107,-1.2261126480681028,-2.4902948920316508,2.832211201770992,4.083362338973636,0.5917561970061218,-3.3036720039184786,-0.37445512831026306,1.113910794051657,-2.11090219780651,3.362760550224092,-4.2835561049466975,-4.460076288533912,-0.7434768265664831,3.1041156729499946,3.020232996875677
9837,1.6408205849109088,-2.0497418671622256,-3.1478762295755125,5.253010817606668,0.3601503703304121,-2.0563636761113937,-0.17219962743071449,2.9398131708955546,1.045981608614749,-1.7097036770167549,0.6991739111573603,-2.803065386218343,-0.8696450829930171,1.9239832413680098,0.47748455740972773,-2.3359597837782324,1.6456535306635622,-0.8415164626708034,5.545079334596057,-2.6745914046894246,2.2551142672401703,-0.4703087468286373,1.1058175985387457,-5.761111048860744,3.620504957391251,-4.960752819394315,4.569043676105391,-0.4610002434335856,-0.096729691090232,-2.671065879575849
9838,0.556694734838711,4.181700114514868,-2.8915202620955256,0.3270224459521316,0.2219769145800381,-2.3958739477913715,6.127029439764858,0.7899537167805271,-0.6631185808324025,-0.6669065173882398,-0.12849932293818878,-5.45845873538466,-3.28751671745556,3.245318980236263,2.886446455344597,-3.5213274982512566,2.6995597607711908,-2.0224809806460495,-3.278225772960731,1.800294644539477,2.142196468743876,0.27028214045551113,1.2241346261423818,-2.1586821069243562,-1.5952830404985328,-3.4155901611294794,5.350252566066924,1.1434113018109748,-2.1858025098363854,0.7030118435891577
9839,0.3784233336799172,-3.535623568869788,1.8771843824285668,0.6427782565974844,-0.3606429754283482,0.997880571591061,-0.42213857153123513,-1.8494745118463527,-0.018538972398822295,-2.7997507327348163,1.174236953139812,3.9156658353733427,-1.0859576999916918,-0.24006376011651653,-2.5491119218906455,-0.1774631900737198,1.1477713354835366,2.904825236588195,-0.5275771792088086,2.7544818909220545,3.889226287930285,-0.13663930325900253,-0.04891758126107959,-5.930574115127289,0.670364644113512,0.4338496274640633,3.3084983852879937,0.5763817952194215,-3.0832266865259736,-1.9058677655564011
9840,2.422039189100719,-4.826718889203807,0.20396607043475967,1.8340409988175104,0.03282236213779122,0.3338502687119096,-3.3197987073305306,1.0909159810310065,1.2180498956486696,1.414148487095055,1.0423399164888982,-1.4456555729311908,-0.040808334222010245,2.3185612406429996,-0.5470022812511566,3.3071310142888457,-3.6546166369793465,-1.3832650024801953,5.631484980710404,-1.5168398337083993,1.899436872754002,-1.1617540112494034,0.861311935414804,-5.713639943925276,2.3254661435329176,-0.5781738925453794,0.3869881851950012,-0.7892727114397795,2.14850206190944,-3.4935097866495806
9841,-0.05584241627250286,-1.74526687185703,2.4662713544485655,1.3984386609206183,-0.10486916847659877,-1.9587315587641836,-0.4430372591620575,-3.606944042464587,0.6806607222397609,0.29632333390960497,0.3001670686547273,2.772830176824449,1.401326299113073,-1.146280049716701,2.4011650229785744,-1.4534562052813627,-0.3177010396212694,-0.8850540274732062,4.823549460817105,-1.139175072675778,1.8872533987124633,0.34986283951807096,0.37722563585284874,-6.2987162622285915,1.436440524873536,-1.3902790662991507,-2.0524090418289482,-0.8302211105250947,3.0124220414897636,-0.1759533477075177
9842,-1.5433567350501516,1.0070476092303942,2.069801505696205,0.9721509934810939,-0.39667936345544774,-2.1089640099032225,-2.3994362048811446,3.587098482084052,1.0797519131271258,-0.14066663947373925,0.9230618067898071,-3.0498093576442002,-1.7448967845055012,0.4085399108256702,2.490114513133104,-1.3410702829192935,2.814636356291768,-2.6273237128266516,-1.8380064533949003,-1.4586246236878573,0.9605180084857352,-0.3583179509297185,-1.1281141732019844,3.8225451927248635,-4.521511145673099,4.7004712374818105,2.9379840024821746,0.05715071856897147,-1.4258671934106566,-1.74822761944659
9843,0.2153075286447912,0.3426821541456988,-0.820622116443392,0.7212012720464678,-0.6464207710177572,0.18785193262307764,1.322759511889867,-1.2321387848250005,0.5871252506665101,-0.989112078142572,-0.400662110830865,0.7120282112440037,2.1133782825814613,-1.903510040777709,0.001142476005203008,1.7126555976778874,-3.514053371770917,1.5903870562831592,-3.3580304441532505,0.33360929870922185,3.0378805506532665,-0.24956693010885012,0.7539562842701066,-0.5178487593743313,4.969901514980858,0.9800463097243579,-2.047172212323659,-0.6983888600897963,-1.8931284700308595,-1.3112582822583096
9844,2.0896901516510624,-3.860003859976171,4.539583885781219,-3.566754359502486,0.3146143898311866,0.4828697922140517,-3.3548192058762787,3.2392218348275357,-0.5391252936968858,-3.402248588463886,0.4573881346685189,3.5995831185429488,0.3225374216247303,-1.7191925997182391,-0.4066109532803388,1.1406241494955651,-2.7006515744155095,3.363293556292877,2.0749689156613798,2.0981500977960366,0.875638841101555,0.7123899047176181,-3.1796658052315045,-2.581481954048911,-1.1845762279445502,1.5431079809033363,1.1719179320434527,-1.0799796949226779,-0.4516565676465767,0.001186577569615821
9845,1.2120891770169528,-0.6630439422426839,3.175816620997171,-3.386193724620341,-0.17215203857014427,-0.1665160925820679,0.011538120450001799,4.322034138081008,0.5246134944691967,-1.7827802111202082,0.5347620398395465,-3.6101675817175938,2.6670092704505493,1.4996763721650126,-3.986535635676047,-0.7847124595279951,-0.5958180724215865,1.2003805250091482,2.9953077142755014,1.8853796446261484,-2.5700123828429433,-0.24548409432532647,-2.667738144634031,0.6025472628967741,1.9360031316407316,-4.92184197406921,4.25899103517844,-0.6797165673491348,-1.8394672145645927,1.2460315891663853
9846,3.103297699385166,3.7046172989551565,-2.627528117450023,-5.617426715389801,0.10097073934567469,1.336069095152741,4.187808860599926,3.090148193223296,-0.15357330982864337,-2.2566293499674988,-0.4814277475283131,-4.386326646496784,-1.3362359758782194,-0.3386052650488942,3.854124885604236,2.968945013086792,-4.174057516002671,-0.9741711417621524,0.378194641762974,-1.7899162959588217,1.7353724931338057,0.3221631566725742,2.7298447234184255,-3.375658719032863,-1.4048935514730658,0.5744556352746741,0.3320812534734294,0.2890396079595501,2.352179791886492,-2.1428627371184987
9847,3.19052983678262,1.9234049095884806,0.15140060756384344,-4.44674676968155,0.18874209387241025,-1.0073306781268538,-4.18007454879454,-0.0702554602551757,-1.1078126283324723,0.6209318890792925,-0.8786428642420905,5.615853612546982,3.3181026392370896,-3.2461805181175087,-2.609769930187417,2.4790516606571806,-2.3324551603462513,2.391251308756022,-4.226927791879007,2.2041464510454034,-2.9129396663028473,0.5661459631574512,-1.064703043578362,5.434278087553466,2.2141791834018854,-4.281803594959639,5.486090825188164,0.027154858099960322,-0.8607176643044969,-2.5849036074232963
9848,3.120364361918355,-2.87163188281815,3.7292298018585157,-3.039772277510707,0.4689152731490758,-1.4071052765981555,-1.0473150410762742,-4.132176707225547,-0.1262416269441422,3.608513075468224,-0.8431098337317398,2.5403301335115103,1.5878521420290248,2.375741687250269,-1.5334715404322896,0.1686949603940704,-1.0334422606923965,-1.5653749885495127,-5.009429128987399,1.513702551123611,-3.38328978944379,-0.316942511219481,2.8774436414687816,4.318515237054378,-2.1063975146090215,-3.234775982305365,0.4135980322495456,-0.4281870510351977,3.7491355963871094,1.606626919315513
9849,0.023964681609831118,2.854603258038921,-4.611717153948536,0.09952197706612154,0.8398435809409417,0.79378365629168,-1.4769779008049895,-5.512787454299616,0.788229401151626,0.16140509227307653,0.7284707230177094,5.311660138664202,2.769123327703671,-1.962685414797578,-1.3497208731907229,-2.374181442794166,0.9036332658243538,2.0138311372536073,2.548273429258277,0.19312464343689228,-3.1033103897188408,-0.17904473091746187,-1.0977694412830932,1.6387264892203426,1.4299058483994713,-0.03232666522177752,-3.291869808204318,-0.7417790134212705,-0.8024137677496714,3.438483406200156
9850,-0.3669218170258688,-0.03509588894494442,-0.44649441083922525,2.9962237545881223,-0.40040169567923845,-1.747309942099852,3.7933854566246517,-6.001955999194742,0.08997489865238784,-2.887669806081588,-1.090754563903921,6.09702001390524,-0.6902531511789505,-3.7574842416147938,0.4371886844789046,3.0317312862091903,1.429794897019022,-0.4509774749141968,-0.7436182623418794,-2.629578724239561,3.9875074307893854,0.8081374149213838,-1.649276258037247,0.22682839890402562,-2.965944072042923,4.451598322060068,-6.173087809191671,1.1323758066739673,1.9570242752373872,1.5980334772657478
9851,1.6267415119020008,-4.9564810984501655,-0.3991729649166622,2.266376328537774,-0.294671549833448,1.7572077727594824,-2.2211209622702306,4.689250313544427,-0.22299372600183354,3.3831802491507545,-0.09564115893968772,-5.532674715481399,-1.283462607312602,1.7875950349127763,-0.423523866139238,2.7190370089771676,-3.3784171587875615,0.5787715883486477,0.5576600498211981,-0.8951029244329138,-0.035380845982658116,-0.4105036313540822,0.5162570401041435,0.26707031184047025,3.5577402778372047,0.3356779441082445,-5.664114457447905,0.2249488337562422,2.9988103657786773,-1.4530629640298844
9852,-0.39995530307761484,5.49519526413772,-0.4973652811324314,-6.167550730232055,-0.08613057663193402,1.6558066269352913,5.353375644363389,-2.5077123895166586,1.143943326233674,1.5927404603010338,-0.8776860335638528,-4.704661007815542,-3.852280829756726,2.7303157769194755,2.532703656406863,0.8280919959896096,0.3991835796102201,-2.638014179170245,2.271280909755088,-1.7449241897016883,1.2632290542737366,-0.42319915249376105,-1.5737306435280765,0.20734402169085797,2.7062482784562505,-1.9418127560342882,1.900794721502404,-0.10974951682816858,-2.828918815534637,0.27343808844104345
9853,-3.615043256584608,-1.2510004010939006,2.0932508537109378,3.159569273611609,0.4239448947491389,-0.8107213643942082,-1.1395270617274385,3.856679920094674,-1.1668666030571662,3.231902796484917,-0.2630113157471534,-4.519177736045826,-0.8542033525972101,-3.278395049335021,3.857542396903213,-0.3561800987832058,0.8009307857669548,-0.16969468195553006,0.172196641180971,-3.263991291302503,-0.4442719896766416,-0.6204181339863926,-2.3128560228083614,6.4693407965890515,-3.056755574452911,4.130322678478308,-1.5565095310893895,0.11918203435954045,3.5131458582628774,-3.149385465555813
9854,-0.4507471551118858,3.930956951199107,1.4911475845189237,-5.106948674214305,-0.38249040208331686,0.5180816956904444,5.312887094051334,-4.803812282528842,-0.666027335600849,-1.1165502914107357,1.0294294389826621,0.2440733765084353,2.523057862635156,-3.1745982693515984,1.7710744382371573,-2.748170151146601,1.397156315681677,0.2314798039434205,-5.310342306700619,2.469426991277402,2.8740598722935964,0.5442708593307026,-2.436218872850853,1.8588034566459157,-3.982058094982282,3.609016786915138,1.932657782264286,-0.1132200869220128,0.9298609956895216,-2.37625738296202
9855,2.077859291802799,-4.963070812299456,-2.0780531824602093,5.4285950808043175,-0.9197110230165175,0.45438064516800303,0.10224143084408155,-3.103031244892346,-0.28036989513248667,2.364556792813975,-0.8592837362461436,1.775886652614929,1.1314979961495482,0.39427765313938323,1.6618930493791453,1.6054399239430772,-1.1823737728269315,-3.61073484978505,-4.164550656923431,-0.793064448457244,2.0587605828769924,-0.8731336395628269,-0.7303384015078382,4.5023265635704774,-1.2623543736737872,-3.7950946795964633,-0.2859877864131768,0.49147538280165826,1.1310068598352139,3.7209545970491824
9856,2.0856022730002373,2.164279309471688,-1.4133314998219646,-1.990353935240961,-0.08359488497262779,-0.7626012624374816,1.742869037000574,-1.235335216345515,0.10366382433545684,3.094760621059635,0.8194143909143081,-4.525372656962428,3.501925746147837,-0.367612519886066,0.09429347806227639,-1.356383739790905,1.3833387988759078,-3.2555617634099026,3.4793380354329813,-3.2322118325398517,0.46668582059780306,-0.6159498539198278,2.214703703496621,-2.31256587307157,-0.4693548719949341,-1.596039476093015,-0.514949025598689,0.6475351852868272,3.027398107884128,-1.0945899194816935
9857,1.9446944483031707,1.4473282880975376,3.039306571486378,-5.5152177909238596,-0.8977162620570418,-0.01839525490731475,-1.1334744925815023,-1.2437511739327753,-0.01954262062813683,-2.777829066002525,-0.7634893186666449,5.9380866718136005,-1.7243277795918566,3.9907158230712874,2.164579704511638,-3.1686864262200096,-2.373135721310291,1.110854399538379,-5.089452701008884,1.5563157222577608,3.9722196639937977,-0.9471065672314989,1.7901368727178575,-1.2821129907328839,4.887602044231425,-2.7925859944737432,4.229264418819767,-1.0065516702867754,-3.7088117817008417,-1.608917016587208
9858,-2.760596908121304,4.043998189149551,-3.5609663396038798,2.5915784787885805,0.35917909283340954,-0.673192513047459,1.7810860697924866,1.5291805870629425,-0.08971394095593777,3.221879994383041,-0.47339153268866685,-5.969041177591869,-2.958168383854648,-2.796594491490577,-1.7050672763527945,1.597655176862368,3.2755166458033216,2.586658329031458,-5.253646422682031,-3.286391803852224,1.308798113853321,0.6795611272086219,0.48861750533973947,6.063061480128702,3.00279398161479,1.6565714167411052,-2.591544303458779,0.5610540901398968,-1.451338905870264,-1.177536279164105
9859,1.4083555548986446,-1.7136489795868641,3.133643099102926,-3.20435551768529,0.56832597249449,-0.19232012922504182,2.9787471775909147,-0.5563463574940997,-0.8549463394077179,-3.2177236147014483,0.276180994743485,1.3740881392708673,-2.8331865052445746,1.3399411204186435,1.0603669522232693,-0.6047660426291195,2.5877903519226635,-1.5501458766917668,-4.682257727942861,0.5428610689212903,1.3723635396122695,0.7603188552782978,-1.0755687605256412,3.0822830246527886,2.629969348962401,-3.714249303920756,-0.5782971668921988,-0.23855096678111742,2.4080968358616417,-0.5069687472272726
9860,1.4425491137435067,4.486571361942385,-5.117402832978605,-0.10728312026083842,0.01106848297784202,-0.7155030054254468,1.9618263091678827,-0.8095785023330926,-0.7929765131522277,-1.1286505906960649,0.3167584832484689,0.4526208137670231,-0.30623797544035014,4.139862656340355,-4.198440849431837,1.0129934189334335,-2.7299156317397077,2.0817383813371926,5.711259954208643,0.2774446473853338,-0.5927552368439812,0.5290306810625589,0.7268318559948845,-6.651811901811307,0.6753126807780845,-3.9286206592425366,-1.9608923698495033,0.3029921990369999,2.130584782965208,2.780623366314451
9861,-0.9809854962789686,-2.2136705437989193,4.93320262781376,-4.357581922542366,0.7527019970573328,1.8663333377480171,-0.6722307512307601,-3.686666801102973,0.5611254431890744,2.951575298163295,0.6279470328136583,0.21824977816970303,-3.0974434677761096,2.2736943150604496,3.2484484387454877,-1.6537441858513482,-2.8317377509055497,2.0607826507261535,4.104786163931795,1.8878987511949088,0.11283921704517397,-0.9261175019538692,-1.1422740278548513,-4.03713260236702,0.11688805122820511,-3.208945980526643,5.822138807205317,-0.8701915745837896,1.8798573406607488,-3.739746643981105
9862,0.629341986863837,2.554909353520074,2.4074392488611345,-5.559563519024117,-0.19718624976118404,0.16505917953905325,2.2101437806294157,0.6327828496037249,0.5895172816184058,-0.4804741191727686,0.03922652038373897,-2.991196313060538,2.5342183619909555,-3.105403879694993,3.171941626763889,-3.3509484407050625,1.5245032384178074,-0.7743109067735361,-1.2296239881731879,-0.7430193873757727,-0.4683889493736526,-0.04527843491024974,1.5403452414421217,0.945965518386874,1.6575500678150092,-0.10424564101287359,-1.9844294073762008,-0.7047118592575776,-0.9596277699685274,2.095464609802889
9863,-3.296409229800254,-0.6236262488102184,1.8541600689629583,3.6659436664479443,-0.8820620776440933,-0.7180061791575749,3.0697821303071358,0.2022759286819351,0.9377863019030261,1.3728193327198355,0.12533322022473392,-5.70799691383468,2.722618926569673,-1.419400656704326,-2.3224834106691734,-1.9171873937991784,1.3744766206184593,1.561975913983627,2.778169660841037,0.3401604212410625,1.5354285233720368,0.2097389636748943,0.3924993310337026,-5.255996900166597,2.7059128132754964,-1.835590141190906,0.15319765457264367,0.1929398277174048,2.408730808631123,-3.6251909630030426
9864,1.89339926632735,3.667693643999012,-4.058885196708868,0.41260957678018784,-0.6826535633496689,-1.232163727049226,3.84159716980999,-3.833949470363361,-0.5858613247333304,0.2766373783588101,-0.8102302087778632,1.1118064557077645,3.5921894459922683,3.730341762021588,-2.257770767878986,-0.2249455754906542,-2.2614679369198605,-2.5783469277252724,-1.2959002921792617,-0.2464523325622654,1.2401859937718136,-1.1203148254987934,-2.3898256121814008,3.8123070686460245,2.0262242152843157,-0.8011884718277038,3.137229491312784,-1.2317286610656977,-1.1033443591474672,-2.0271922145535104
9865,-0.6820345098473926,2.5900355038072718,-3.3547907043497105,1.0340430590858887,-0.3584232021658773,0.7711698534685869,-3.636353031867248,-1.6551070129146055,-0.13337598261929706,3.3072651475596864,-0.8141471745797206,2.9317180544232038,0.020476940217420747,-4.054359813430668,-3.708230876960954,1.0006939231408651,3.8363195657089584,2.905100261323458,-3.629453286220805,2.75324021101531,3.36449782691939,-0.034645091915151305,1.4336532384563991,-3.887292898259023,-2.4074994074255294,-1.1773803319087648,4.516101970494606,0.5078585390926911,0.23742208090989791,-1.6765028511601674
9866,2.4742545996073346,2.778699050114046,-1.0073017488979303,-4.267420538523599,0.3224573632397494,-0.30068872554082127,-2.3688541875382505,3.4118515043332067,0.9338979621550303,-0.5560502678031991,-0.3907577189541174,-1.030087292190668,1.3234041034770314,-4.135218033206197,2.796296257605178,4.077984721475964,-1.100215432512961,-2.9622516168399127,-4.657361495283354,-2.535184872149115,-1.57184685542299,0.7277756115038798,2.6610397771370664,5.375577834210624,0.32677871026472616,-3.6618084410348217,2.746501700212793,1.0675405981282395,0.31636540796458235,-0.7953779755327819
9867,1.960965846016876,-3.3931363619628243,5.43814130463533,-4.492321309368506,0.5791469564415435,-0.0927964357636526,0.37120209425328454,-3.832560611680833,1.0415953170218026,-0.7707273890770114,-0.8013077895143246,3.9917983789990785,4.105578499028439,1.6403725807712668,1.925448307207045,-4.060483501046159,-3.434159511394366,-0.17675637456712323,0.64725580882088,-0.6514356420337535,-3.3661617254124536,-1.0808667374771295,2.156863824598549,2.2943444715000005,-0.7566745314366479,-0.49527017835926657,3.6810915722545268,0.06189093767811382,-2.904546910743118,0.4135091106091533
9868,1.796296308533453,-4.750810564745542,5.8233286178755534,-4.267406161385001,0.32619324935126626,1.072398550369046,3.3755540370410024,-3.669914890527849,-0.3880976186340437,-0.09444046094015235,-0.23872950908150514,1.0156284421445534,-0.5973949199046515,-0.14136878681516762,0.9654288447745536,-1.0915715248568088,1.940739531910399,-1.0758331451092396,-1.1829292609486401,-1.3085191427255136,-1.8796375118461164,1.2191127077900497,0.3558979850043471,2.7960752227219636,-3.2934156325709907,1.6675570917127231,3.192771694213203,0.8421732956969885,1.1619113837835577,-3.570997832832729
9869,2.0580382923847935,-2.8698230552067123,-0.007647882238853043,1.346024818216776,-0.3373343978730483,-0.18925777528421506,-6.010518368714376,3.5651818405921993,-0.15612493838984687,1.6473080306731838,-0.9168507971060995,1.871004232946941,-0.7646713659056346,-0.32156818437515255,-1.1860378492266168,3.3225330044537174,-2.2020670612049713,1.1518114562577324,2.684245962265752,-1.3456487360702223,-3.6633424541795474,-0.01012139368746734,-0.8364222789854772,3.1712889006530673,4.018617453945968,-2.064165085160301,-2.333131978002829,0.8919088276712754,-3.7491596362223465,3.235930417770984
9870,-1.0036503445333267,-2.6801200413280384,-3.8269328113724974,4.71116734006171,0.911125844839078,1.8884100123318373,-0.20667200446428424,0.2177877364596874,-0.054829804895656586,2.6669062885873878,-0.7566178146070479,-1.8665744010781005,-0.3929338205872952,2.904354141007193,1.421734427619338,0.4368041086144636,-2.5198759277665292,-1.8500829288881295,-4.173094339049612,3.3066603634858964,-3.7836671983234584,1.032295838601172,-1.403766978563839,5.021572313845915,-2.466728343410743,-4.099755958792992,5.468029319004483,-1.029916999920668,-0.5247853991767784,2.6531573822994865
9871,-0.7161621011789325,-2.0208658703493576,2.5536242884520917,1.7793960455992206,0.5605751231282827,-2.156567485652566,-2.029544169645206,4.161507112081921,0.08492171786169678,2.370466145099183,-1.2274209662732538,-3.359929839122362,1.1942258043186982,0.6405518590622918,2.9865422596679068,-0.8744885823925834,-1.598679157439335,-2.3481521832179126,-4.785581030183298,-1.2306237218359133,1.911016773368182,0.13036849865196753,-2.3013231880927965,6.276142668087942,4.1139156460202635,2.1075383546723714,-4.834979519013345,-0.08573031499624939,2.3746047936077233,-3.675348960288016
9872,-2.5038339230092035,-0.09348710955374528,-0.9748571202459217,5.189904972195144,0.46015639965547006,-2.0778832190430148,-5.087403349036755,-1.1662908171100703,-0.3427112987650247,2.5148730147360574,-0.2506911072352169,4.3322235574129735,0.3212495960641597,-3.028705304205017,-3.4067228764485744,-0.47622114372885704,3.272763607209839,3.3176361211074905,4.547882943760872,-2.973464167186444,-2.381106114068446,0.9044876028469275,-2.06415146248899,1.9663511971321697,-4.709648236543035,-1.1997593078184465,1.984887239926337,0.5178519852996759,1.1837525797764492,2.2229157393617314
9873,3.358808435048495,-2.5509584069621987,0.3071590056372351,1.168158354867522,0.12640802419047992,-2.4095754127828055,-2.6653844435617167,-0.5196895342028611,0.8927576394078613,2.638671537346479,0.9859116348531218,-1.3322668338409045,-3.1999709635638602,0.5245341286365175,-1.886289165582319,2.5769983380916237,-0.8674033579073956,2.8521310203244674,-2.7763930661198692,-1.2566589299212882,2.638263927197503,0.04163004353172006,3.093836708370297,-1.7406786830622742,-4.445277582126366,-1.794426565925054,2.1131983240358885,-1.2018731441949608,2.2912640487894507,3.037114919423729
9874,-0.7651383935792264,-3.1238603515640975,2.186562084091751,-0.5449860552291881,0.9518043878307698,1.2956183284486968,-2.88591653659018,2.8183454669696317,0.6385206938711434,1.0484732253117386,-0.4284194116939881,-1.1910034378663568,-0.5861746819313325,1.007561660856048,3.653525304397437,-2.533074785771289,-2.952568871175668,1.4107313736238432,0.44561506646249427,-1.7692638108534897,-0.7875875767784759,-1.1153078909509548,-2.742567726099791,5.969111938216308,-4.100455848828709,-2.950049475762068,5.8366746532315155,-0.2216028382466506,3.271208876290622,-1.835775366682034
9875,0.6392029133697577,3.26330689332757,1.222647012216708,-3.967861740995186,0.6775442875185558,-1.8348393654386506,0.35960848743533447,4.56586667709929,-1.2164171061457019,0.5937665514906119,-0.17253004522573345,-4.130294564651802,3.302996229607036,-0.5148809018964684,-2.814648885412348,-3.8227260126238924,0.9899930199831068,2.8592665503416477,-2.9438410726692297,0.773843263406194,3.75204878500902,1.054733517637474,1.3996896483439993,-4.036474141731393,4.49686842161849,-3.725576674068055,1.483396962532563,-0.12796273580800843,-0.7562522493414612,-1.3704737249308216
9876,0.7867417349420442,2.342041697520319,1.3727943339269117,-5.06642883149463,-0.44823960092576964,1.0130906660298997,-5.012074076627105,5.068769565778755,-0.49237050018872797,3.6486378354002653,-1.1612660898121239,-2.0516967345490684,-1.4913989935650083,-2.005356890040776,3.1034882285836325,0.8468414405271396,0.8225884661551568,-1.276162251661125,0.9742210218689742,1.8314935607067682,-0.6273092903989497,0.8325480479788716,1.2243290860170095,-4.235282426176649,-2.130478758662651,3.288361430687111,-3.919469726859049,-0.3225333408451334,0.5631746660262245,2.5209457296561766
9877,-0.5759500930681831,-4.806021445699432,0.17237706178253376,3.2099905780905686,-0.012538495919164117,2.0121423948124733,5.381442792880872,-3.856711970420797,-0.24033237243329442,0.25684326584163486,0.3808967779173882,-1.9221384937837946,3.4599948976896364,2.3167613525255675,-4.206257348413423,0.005014471118041541,-3.051917011596629,1.4764036386758193,-1.8757296367486553,0.8738243941178894,-2.0532840670108126,0.43971547038556835,-1.0250526581227906,3.640526497374818,-0.0334082881117439,-0.3282069008486559,2.77153569346774,-1.0019886890613736,1.8087135406736614,-3.2166453561169437
9878,2.260108373532045,3.437373838201328,-1.6380815601874552,-2.6082348465296974,-0.6475058215270926,-0.8036599834903484,4.926681376230402,-3.769195817298648,0.6438099352590552,-2.4079499104139845,0.6996732464822912,-0.09301883025711177,1.9645367762191448,-2.290961994747928,-1.4191294739458478,-0.9334979300035045,1.9816684232560746,0.6973841992210446,-1.7685268531586935,3.2799480889693626,-3.959958704466125,-0.8429576917453634,0.6753906306529665,2.616104529743861,2.081236623048298,-3.325774343385607,-1.7124412272503235,-0.7450727914644233,1.7475232886100969,1.9545284504446236
9879,-3.1765522081136766,2.160264693513028,1.97727273493593,-2.3034442364250296,-0.8853168014531156,2.2277758175416267,3.244468651324805,-5.8329879964246985,-0.11985767268817238,1.3800111847049408,0.7362291403681516,0.5921366927169771,2.4182880333995485,0.36610571306566797,0.2626669123103653,-3.2755877948800176,2.917769478346642,-2.6892423422432437,5.430884780856889,-2.0507473592363485,0.439438592129747,0.33353935751598485,2.279189671138287,-6.4323050424085935,-1.7775688123424267,-2.1037989329640823,3.6027570427021196,0.45184726927342744,-2.781483895525902,2.608247328859548
9880,1.2385460037103933,4.903017473107688,-0.0996281677340427,-5.173755666274328,0.3398108413938825,-1.2079904842048101,1.1885252112586215,-3.5271584009988572,0.4151148634386459,-3.7047749832955432,0.7083119670469715,4.919981342552187,-3.9738587149091966,2.132340449143161,2.210990460968368,0.06921311364212457,2.1363515540255946,-2.5750368628710785,0.0002862188084336026,1.8895564992877478,1.190271277347442,0.12216521709609651,1.7938237889764306,-4.9961030015201615,-2.5841270473422853,-1.0066724400581073,3.2984695190798377,0.989722452382277,-3.5846664465595843,2.8872739625005828
9881,0.5078687242417956,-2.6166895743995546,-2.962800125007096,4.058811105916828,0.0865148835205618,0.9262949857262441,-5.90406115645499,-0.6219346877581238,1.0170776682769338,2.514009788568682,-0.7443472163039067,3.7392556036734064,-1.0611634696641534,0.5370130898555843,2.0715049242750894,3.539196185853257,-1.9032582659491517,-3.1832924643716574,4.137967802026495,-0.05116857883853143,-0.47025708456589577,-0.7716012360609099,1.0269199032611969,-3.871860805826355,-3.0294359832714406,0.7425671598524701,-1.8334999689390017,0.7476774839995057,1.7422780900057973,1.6304132183553683
9882,1.2744120780147128,-3.205424174667826,2.260918064803054,-0.11227845574563133,-0.5166604596514615,0.2990329472459141,-1.17787859835218,3.8805344389621617,-0.7287627405288948,-2.4025506651221544,-0.9248636066817255,1.3535211717247684,1.383726720580782,2.692058929687491,-0.5202427957179303,0.9717528673373899,-4.086826091580072,-0.4404696303086926,3.7337700276182666,-0.3399267294086563,3.764790109206899,0.951634627465749,-2.9028547716407047,-5.2074132632455985,2.58159888423738,-2.879293726560853,1.6788176904576524,-0.16566290274370132,2.089682161617045,-3.3051421070048583
9883,-1.604911672534234,-3.683475441104875,1.9369334954081232,3.174691311319215,-0.4206340363324492,0.5973963432430125,4.389854615683333,-6.018870140500262,-1.0639094382953371,0.15022848469953765,-0.42915492678475875,2.971851405199491,-2.404583545627382,-4.176034722674661,3.8268364538087063,1.5073891173836422,2.83567148191592,-1.589278784807238,2.5265843581711813,-1.0096314881535609,0.22586601107362014,-0.39575476338574056,3.146493186774247,-4.4935573044838115,-4.2293075547415295,1.4648421741416584,3.5292738096298706,0.7585322557445355,-2.5129267722489796,0.9895860874771145
9884,-0.49319465198467505,-2.057207744399001,1.5887312344452056,0.6167745635226822,0.11444763849763984,0.2304489599169539,5.72273315931016,2.835800577069051,-0.368440225326232,-1.380228295792108,-0.8809093928778706,-5.928955822381031,3.6248949250826605,0.105611795148004,-0.14365244683276046,-1.2984754441521869,-3.917269957456041,1.628891128209279,-3.8565657226777468,3.1050446310818742,-1.5126555444070018,-0.9862947816450989,0.47033747835136985,2.7801339392925613,-4.715041154196397,1.0486876859227365,1.3483137012129944,-0.19880296688029642,1.133359596202535,1.383483137741095
9885,-0.204019968061667,4.071722022165275,2.4396002680889346,-5.059691590404583,0.08644657551092738,-1.3340573073000428,2.163050317983089,-3.8834596520198232,-0.8720072340533278,1.5486280475091476,-0.7127565983868447,1.7565451189697292,-1.6508635068512447,2.1072479673864493,-2.7390754760780265,2.108212368638931,-0.24274501315787944,0.41722366006072065,-0.13185611800178165,2.4239522483497673,-2.802114180147333,-1.0124619708255498,-2.694847763945157,4.217327784565999,3.9380590529843538,1.2603619423532813,-4.7219736862107595,-1.1458149679629983,0.7683650095459562,-0.09899735070717419
9886,0.34026129268310257,-3.0987987594272397,-1.4001516507167011,2.005632288212297,0.09546990565610347,2.0575869235912645,2.2936275182141053,-5.828913977544968,1.224645695803276,-1.122121696890197,0.25907773150333924,3.173684728916399,-0.305776966820293,-2.1203654686101174,0.9523633584860534,-0.3462274589003975,0.8359341326539926,0.9840724031897299,-2.088552048364459,-0.06256005318556745,0.5746864558911149,0.40342605819859223,-2.353648774199435,3.5266483616557203,3.0324944828379827,-4.003328949257188,0.5880999778362543,-0.9545998304527554,2.233240408371337,-0.8959060893329323
9887,-1.6751987480967525,4.742727555753799,-1.8002666576364774,-1.7929775807989863,-0.22036716180576188,0.7460825925830079,-1.1537498131382264,-4.837139045297196,-0.2006943877852807,1.296438649729069,0.2625616155466979,4.632582980946875,1.6187357131304658,-1.9324520965146377,-3.942551006975483,-1.4601900194976807,3.67026224361134,2.046195166244946,3.6187018034870846,1.524996478305475,-3.2354049639394553,0.5044480166290093,-2.0375681821068525,-0.3751731523793147,1.9646208479451204,-0.06955157525855071,-3.59337745202993,-0.2963175993325411,0.6704576981513899,1.3241680805272082
9888,2.3517812157229336,0.14574412631697697,-0.4600239918239275,-2.801466638661733,0.29178859890194975,0.4721766895426427,-2.23100433381644,-3.013244966668598,0.5194473947917482,0.6489470423941839,-0.22587350707258302,4.301728370373578,-1.5567014891632756,2.6538269860892,0.9264574803498782,1.449358479175821,-2.8079877502273565,-0.6649537062253135,-4.74083323285064,1.0842243697696272,-1.859464114438948,0.9167844270473964,-0.9228705706226332,5.52215912109115,-4.307165085294809,0.6215854126722142,3.6540384634269536,0.019147259699616725,-1.8963085672443576,1.908702516743098
9889,-2.1725271455712605,5.628997943676367,2.54011742382378,-3.912271725941295,0.33195400104262207,-2.416270497031343,2.3833579904469815,-6.18346989953951,1.0618536520030997,0.8726819383155053,0.7604590206999235,1.105117298075882,-1.507529837543613,0.3313000402125539,-1.087105626269425,3.8562770587030073,0.9969662116205988,-2.5899078467241736,1.0589641242548993,0.8197452812732511,0.2133862469312433,0.250442708926256,-1.2754409800982618,-1.067097381291429,-0.1632791049000346,-3.127262410391225,1.9065629413968281,0.712525209660158,1.3691412083183359,-0.6976878440813135
9890,0.8890930727768396,2.4820335707354246,-3.8695842695893425,2.2444265231522493,-0.4126456771349942,-1.3333232199413043,0.9651294463583717,-3.8522858770184456,-0.34187056511155856,1.541416347895833,0.9907471168666167,0.6968635310110542,1.7643010738981957,3.491740212196685,-2.545303297857455,-1.3917176980137604,-1.4934429853770528,0.17442269515234976,1.3471753272314366,-1.2312140942765772,-0.7749174365275788,0.34268554484897074,3.167814592640312,-2.851543933920592,-0.6945664325077665,1.2933678275812177,-0.7347523096514941,0.1884391822247551,1.8397222352657288,-1.8922105029096876
9891,-3.257497163605784,-2.159302691497146,5.605715327781972,2.017712072487395,0.22345098639874328,-2.4300785315663402,-1.8727947990168161,2.091301357228037,0.014431238912505862,-3.145968022396202,0.7626793665629519,2.1503508587113913,1.2936175693322376,0.4524854182448159,-3.598286405288249,2.8546880323551918,-1.0014451584459927,-0.0010594561990320273,-1.7508857526500918,2.0613011270097914,0.5899848194543402,0.4483716227376817,1.7256584567574667,-3.0744302733132365,-0.5294455942207215,2.2460795517969387,0.193327705874502,-0.28408339344607203,-0.8280832848078532,-0.7977949851940487
9892,-3.3872498522467307,-2.251530376859254,-0.029473743858943635,4.642508493657061,-0.433497439823364,1.4592429191300642,-3.9356457608312994,3.067739683166792,0.754847992579311,-1.7001783295642152,0.32894529769646486,1.4842911169548003,-1.6025043481054286,0.46513284321860127,2.2522991793149423,-4.050368307401838,1.8576448752520491,1.0777957577207147,4.298428310030548,-3.393906228281889,2.854354962107884,-1.2497973087140073,3.194293981418994,-5.70337371656554,-1.475340318879848,2.248313431973287,1.3876491719328925,1.0435415522750944,-1.9861026835937565,-1.2180611537049213
9893,1.6893948946913824,-0.5884378469086009,1.3523685194168316,-3.6377616957814354,0.5475376676898778,0.6368984608907162,0.3002897500420758,0.003869174558836619,-0.8870322682084755,-3.4032983525033806,-0.3546392710865529,4.340810967199371,0.9339099604004808,0.18172943052309876,-2.679952820029385,-0.35921270417813034,3.718178494141899,-1.7946523608588958,-3.3183794441584986,-1.9462469690502697,-1.4370579646242447,0.7178387339938226,0.6843906192157583,5.299455024619434,-1.474889083029165,1.897919048502164,0.6736654995204105,1.22148410354795,-3.1696338838705884,0.8514543153320311
9894,-2.610554602187447,3.945460718486256,-4.86896345914143,2.7124498373037085,0.14814159826658013,0.6734659072710887,3.1849365067052062,-1.1703919184408846,-1.2485864219131395,-3.1283455688448996,-0.656530135916813,3.018917538412399,3.1580691865188797,1.9624846483146712,-1.0384241525571056,-0.34541308110117797,-0.16692162898239005,-3.5697949721938205,-3.6167719261331435,0.5287664195559447,2.054196703615446,-0.7813746649819802,-3.0310237212932787,4.8462071892330485,-4.713111910883439,-0.9696694660156098,4.811659634512242,-0.5100903538420862,-1.4370114863697374,2.8182235826014157
9895,3.3510929570825105,-0.45725940326669345,-0.6001327139871968,-0.8362753079916878,-0.9580437231375596,-0.49938180870059057,2.366657650979139,-3.3644012557603595,-0.46547548182753395,2.722397123693927,0.9793998351559754,-2.2385778722392793,1.0911770867202684,-2.773755177410708,-0.08714297528996084,2.3307882226031715,-3.0106670916052085,2.4495999349814888,1.042929067262623,-0.1570726351724261,-1.4358490726756816,1.0085332691861586,2.111128123341283,-2.569668751945926,2.383036027867899,-3.5321080197461114,3.5157601541340853,-0.5981618462866276,-3.4747091108813315,1.7061827949148771
9896,-0.20479673448384617,-5.111041633267007,3.6210618738584692,1.9467401975446137,0.8929527556586079,-1.14491645931205,0.0864506534389946,-4.725028540206921,0.15381783397397442,-0.39992794165981493,-0.35859890329260224,5.243286897748259,-1.2357306659597178,-2.8865348247705,-1.2340276951405986,-0.6536161620130727,2.7314561557387194,3.278453192144198,3.593009980433809,-1.0118759394492791,-2.4714725171644147,-0.5095952664623811,-2.8571735851766906,3.2571073278150102,3.202308686064004,1.0711637964990324,-2.568602052934697,0.27616537668252317,1.742586468129197,-3.723622274437245
9897,1.007574246876171,-4.258017302605971,-1.0504332683172883,2.229280801759895,0.04244480651317639,2.029150715772799,-0.3962238753150231,-1.4768443675040217,-1.104097800781465,3.1304295862126317,-0.7926178244622939,0.6393542818520288,-1.9972604023988065,2.127997478520541,1.2045290444165033,-2.67042682760459,-1.3297361843385929,2.6648968914039735,5.420531760094917,-1.7902628972082262,0.5685333239588886,-0.09011906867416819,-1.4746606152641757,-2.634022502911165,-2.6952987477704653,2.634765894367323,4.646004305444208,-1.1428988616296394,-1.542282251433578,-1.9002903389750507
9898,2.057887209882047,3.893686591240268,1.0719322765358186,-4.433710350720201,-0.8843954093706328,-1.70540031756852,5.126252883682408,-4.182129213444085,-1.231253771834187,-1.5752851277107123,0.3433156737459644,1.5190995555624731,-3.8229327578118166,-1.7119289533428557,-2.049141259907721,1.3564303441352372,3.988915343952357,2.2386572829738505,0.17441352943766475,-0.09927587401939064,2.3383908109606146,0.12761479588976243,-2.4350811136557553,-0.10606214861682872,2.442947241618697,-0.8626366938129237,3.41367296624858,-0.5722335128999587,-2.3183885078979536,-2.1033614932536615
9899,2.6409803108413996,-0.9530236411256681,-0.0638170332379282,-3.5783014237169724,0.8217624640756189,1.1323993231623195,3.402460413307473,-5.26887968008182,-0.3706489450462094,-0.658728894800003,-0.8102129999713537,3.706010106593773,-0.8299538586731536,-0.8361303964533846,1.7219528442164318,-0.06791391386272494,-2.3641935246667742,2.376238849438657,5.723659406924067,-3.4069929572641158,-3.7049831399135744,-0.369884235453128,2.620421937434015,-0.8622210117312079,0.49764706628574373,-2.8553491982093284,2.7662729674034665,-0.8335835531353979,3.6391816919135067,-3.2141689742552035
9900,-0.021200527585714113,3.0699211865989895,-0.41336431048621236,0.13178670434762196,-0.5154507712205914,-2.2516922816553153,2.688936466564691,-1.6057668994188425,0.6711009758203748,2.492720031997848,1.2448245599867196,-5.491815134948926,0.7778649619030382,2.950601722373957,-3.796317428205171,3.88952972958662,-2.4336382472267815,-1.388040738432581,-1.886298295754429,2.7227872250426444,-3.4587294648279574,0.42380832427572646,3.2412703695048535,-1.0428381582447734,0.01712411233777189,4.565364221021106,-4.183128658716036,0.28488582071861135,0.2479805602326124,-0.9322260555912685
9901,2.6883536809570643,-4.893501735953514,5.296483873161893,-4.877209426098283,-0.20594250606122255,1.9918161139928348,-3.3234537449011583,0.9654214290605836,1.0956914732450551,-3.3795323255029093,-1.1469713888531392,5.788844556953432,-0.7147710903604221,-3.0328297357046345,3.6363722911994216,1.1119305791432197,-0.9494871874736965,-0.051214856804804754,1.5254602486447695,1.1955512437804252,-2.2816369894567554,-0.39788479310918756,-2.2805561700964105,2.239066460233264,-1.13562073704934,-4.928311144244473,4.701719045512924,-0.43550265337145166,2.827622600476438,-1.0299071113212843
9902,-0.8635387123005049,4.533818303329678,-2.6603574280783953,1.2626988400891115,-0.4905092406934133,-1.7821117623476734,-3.765862446336655,3.427278386719596,0.3957337793322582,-3.3220721095888432,-0.4865523114533348,3.751474701328849,-0.7482190854410611,1.4382700879136365,3.235261736218991,-0.5936832468685012,0.301989956840238,-3.633619448664213,0.6349772478723246,1.8166921836016456,-2.293971336487438,-0.20404935601111607,0.12911161532717053,-0.08276035430648676,-4.7006370648675535,0.9877264539695076,3.1555336422167244,-1.051075147643791,1.7314017884194115,-0.1229496720914991
9903,3.55689914165864,0.9963881554292762,-5.791810889526442,2.4478551434912035,-0.21470309627671824,-0.9946284547771302,2.4699787251999012,-5.52065823620817,0.9243381189718658,2.738966621755665,-0.4758255581483777,-0.13679967156901185,-0.2688266301736668,0.4939812390803695,-2.0260672855967385,-0.5340680348074578,-0.3867754192089592,2.7217561307055256,1.806711814152706,-0.3725955055221295,1.642664368420526,-1.1941199988761002,1.731966516359842,-3.6146271945387305,-0.03111594019157593,2.52788139827652,-1.67894446033403,0.5550624332616039,-0.20239500653201148,-1.1704884244776768
9904,-3.3037279200297096,-0.1917751597431092,-1.2378903131002197,2.852985144208496,0.2829604467209772,1.5974478019424243,-2.1482210339618852,-0.6185983414139926,0.4940929436888428,0.5101783719229118,-0.4783903048994427,2.240938364665439,-3.23823999446498,0.448440257610649,1.1354058395760305,3.26665461297058,-1.494731980237999,-0.1175287354552097,1.1057338437162372,-1.3082890317759013,-1.5514447535490543,1.013802314739876,-3.0312006843615418,3.7713983112265055,-3.1728924389153654,0.5576938897994985,-0.36730944909775687,-0.4846904880782539,1.1676810949567873,2.299517391337929
9905,-2.538248849216208,3.6736660702736295,-2.323505562352665,2.369749761658536,0.6055672697717784,-1.7872286901362209,0.17197708705534254,6.192889711627881,1.0070458613503463,-2.3689574345285944,0.11895564016433458,-5.121910865667456,-0.6822772340783132,4.243863560368322,-0.4367143303447172,1.2862779951925738,-2.1265426504279787,-2.2846073407108083,1.2166849056862539,2.079964250858037,-2.6943876045456534,1.0612495488690996,2.8779228500658895,-4.541433950937542,-1.0851788023532194,3.7411784382109943,-2.2123521609202577,0.43982149418947003,-0.1746149476940957,-0.7088540214300298
9906,-1.8132736423906586,2.8292617290269533,-3.970416507425991,4.239419272421969,0.3934848003869065,-1.678475652020337,-2.7680893521539573,0.6846265075143414,-0.25682672171239496,0.44519499847470634,-0.2805788047718689,2.175673372651037,3.1976628873317594,-2.731891847432193,0.7774854692246578,1.2088107192837754,-1.2713670997231201,-1.180700128685789,-3.790703077492541,-1.021392552191342,1.3535190185405597,0.006774946962505801,-0.6664351791603131,4.118236843337204,4.033642681890118,0.1963460555616976,-2.7781414163777143,-0.4397590225597625,-3.434564507729668,2.4224762092182104
9907,1.1654177076739707,4.572348808087543,-1.932804471216233,-2.3206505813455465,-0.7571926826612816,-0.7271187805395893,-1.089390397626449,1.862375070361928,-0.21337831565272136,0.6697928868755536,-0.1380991948870216,-1.0913000490694635,-0.006153254182418522,-3.5204055592025547,-1.6334077396666,3.7088210636615315,1.1907459270961382,0.26039956229302064,-1.1104172162609842,0.18359527814219412,3.383392286273015,-0.26912393567690884,-2.514657423348435,0.3272110108671882,-2.94077914025247,-3.3858146345587734,5.7177186490484075,-0.29709670013698997,0.5423704535094682,0.3636013723932088
9908,-0.6979143867602939,1.1775774366912195,-0.18800604902921236,1.2709134411314942,0.15169441861008437,-1.7142648606444144,1.9721356468040447,-1.0258409340162835,-0.8695845634602275,1.3035927438585873,0.688657905933101,-2.06896079911742,1.4675923888266205,1.5950917813803116,-0.7052568722108958,3.4281113095682727,-3.8725803795523888,-1.9129582280127835,4.253975769190124,-0.5184302197321706,-2.441476874432526,1.0063761150518067,2.1339893584528404,-4.434434148533995,4.11787579824065,-3.8034651559288477,-3.778312382608725,-0.2194172446375875,3.555294955104017,0.1280240298333588
9909,0.189850529421852,-5.601818207435809,2.8658831054746976,4.069471946038707,0.22458545933757668,-1.7479728328381494,-2.153432388321967,-1.187589953597218,0.2596583415080733,0.17012229853595962,1.0974339723115678,1.8138077295654327,-0.9306694078056772,-0.8440293741106402,0.28705953634638703,2.8217842426742514,-1.748517238613637,0.41437224150845786,-6.0569465777894145,0.4989568161419893,-1.647499781285811,0.1327657128487596,2.7761215534083608,4.296602276672193,-1.547957568092091,1.0534475899562281,-2.6118086133760663,-0.24937579162966372,1.0210337007105608,2.33466068243391
9910,0.915209972268384,-5.389905709694695,3.6840157711789914,1.7947437453738502,-0.6809711549837918,-0.3230926241438663,6.056988460965897,-0.018061537187996635,-0.8789664829139641,1.4186336737820504,-0.9402517770342378,-5.638342337609906,-1.9012196567190998,-1.9324152737630396,0.845530799443349,-0.8515951232012213,2.3063140496896253,1.5333852045495,2.8261346323166023,-1.8000225085438455,2.771014285453745,-1.0372538080540004,1.87074306778225,-4.630615668958672,1.5377444409028058,-0.3334746511494764,1.6637114052585815,-0.5845327710481572,-3.2094824331336937,0.9260340091728398
9911,-0.22679782523102787,5.23414556453573,-0.44949532014519633,-3.8766831185310338,-0.791344103902683,0.11017480327307361,-0.15148597116374063,4.485494507593266,0.39329256750845687,1.3948974870302457,-0.7803738400130538,-5.341824750953336,2.3834045905356582,-1.616393462740449,-1.0849837307218007,0.11172789655902804,-1.3159429792209938,1.522187685587653,-5.995331963448411,2.092468098973068,2.3332057609773145,0.6062114605453148,-0.48693040275267485,1.4503770457014902,0.7813882062315827,-1.0380614547037084,0.552468328512024,-1.0261958143175107,2.6510664928946746,-1.920665758614133
9912,0.26324123231107066,-1.9813014267233093,-1.2896048146255694,4.9165802478029015,0.17232457455753414,-2.0812398133237764,-1.9923018341642482,-3.899808308460056,1.001338043990324,1.8950540205099067,-0.21432055299877817,3.2100386311247355,0.09281982973444158,1.1195931587670813,3.680254740449687,-3.7600722835468083,1.0350510746004993,-2.167646520005821,-2.9895480831242374,-0.7805206014733947,2.1923109615091967,-0.6508844226207007,1.996839860894145,0.23180228481109566,-0.3787073951897071,-4.673825424346143,-0.25651691882821837,0.19868347424620048,1.587123265355288,3.5232429987655394
9913,0.42693837234279286,-2.3045739030543544,3.706624253555823,1.1900652695653307,-0.983204343527238,-2.0358496488835067,-1.9913610203467975,-1.3616954651541633,-1.2440001009236141,1.2041588569726187,0.7461462311065592,2.646751498347296,-3.096204667461679,1.2979892995158409,-0.41010404844571013,3.342823601406071,2.154430376068049,-3.288934561083458,-3.862715106442895,1.4256869188171386,1.2577466169432299,-0.6022016295036252,1.850947633511053,-0.06946443332877195,2.3541273075488895,-2.960890881516942,-2.491813073826073,1.1558644000723204,1.3301433948715058,0.6125688528532844
9914,-3.448767024645578,-5.616374107237334,4.871166994386698,5.815882741836084,0.1851207726486095,-1.8070293769896395,5.126046327142042,-3.841174827649507,1.2001367025826672,-2.8263008116768766,0.15251716694390538,0.18877544265968638,-3.0480360875326262,-3.406331682073686,2.245785856881483,2.400469664272432,1.2483222790715338,0.5597899693799882,-6.1160254359427135,1.4726818283867296,-2.5288869658648636,0.0181562602617511,2.671281963210145,4.482792349945072,-2.7766079496490903,-2.1471674805690135,5.735406698227312,0.22126175265372083,1.6065661802644193,-2.6394592009243745
9915,-0.9104583680380003,-5.458604553980521,0.7884575057218122,5.367027236605615,-0.4148648735434781,0.6284430532334007,-0.05480879292894514,-3.0519098274781733,0.4836784436903434,2.2577092894882114,-0.32489484054754225,0.6902257277780137,-0.2695131142448304,2.9717986764785067,1.779223517887516,-2.2777375921305865,-1.29902723039039,-0.9047442576010827,3.2270718723854266,-1.079120590804779,-3.6219897020325593,-1.245970011312456,-0.269600512771234,2.9896089445316996,1.1900847394330825,1.2038142593780883,-4.026272542118679,0.7005353825121947,2.8392864191988423,-1.9074482584005388
9916,0.24822626199435227,2.8199609744139664,-1.0867159619471636,-4.259507109101701,0.5013645902694503,1.7766712443699237,-0.5032824897621708,2.2350739189217066,0.5263048032625015,-0.23783216392022233,0.8436075744603464,-2.863871642960248,-2.2094406956924395,2.3752792425637352,1.9924618116198118,1.0062726741866115,-3.5044665830819017,0.3398935504033016,0.32949712145980925,2.455245579439751,-2.570776644414183,-1.2132536281743294,0.6901503073494162,0.3091372643356216,-4.5679707344449145,4.5339977453479285,4.64461634578781,0.8787299002859239,-2.603802679325721,-2.8855705776480427
9917,-1.7709457448976096,-0.6917901529681174,-0.6081887855574735,3.2621285090981296,-0.9131890316666984,0.7219852059905865,1.9731202095677425,-2.708454040258218,-1.171088912917348,1.1613383619085411,1.0136005529086702,-0.26851617120748017,-1.4420866979011837,0.6188194407012233,-1.6627935343677613,0.5089734582912975,4.027751369979086,-2.0506640367035445,-3.236173791668662,2.7956611133675757,-1.9584506126790533,-1.2215029848342582,-0.09946512006752783,3.7199313958779996,-0.40806758265043186,-1.198505671930043,2.244134949411656,0.3102886912913352,-2.536953964606594,1.5891035784870375
9918,-2.9257543255049434,4.000545742314571,-3.2796534103076773,3.5307487523025998,-0.727676560872637,-0.5982101979330903,-5.745243014745178,-0.538928615710077,0.86435317311871,2.908923535157477,-0.07964330843649492,2.5905382306174936,4.13151316723544,1.5582509234942066,-3.780392887497232,-2.435247496856654,-0.9031852787182686,1.429061572341638,0.4764233180752555,0.37161469222963284,2.035373920811004,1.2378349066925196,-2.550526282918238,-1.570720554894102,-1.3562306292455268,-4.9693536534281915,0.2642979715397473,-0.705689375833809,3.7037332294372582,3.063242457533459
9919,0.5772688720589798,2.501019137132843,-0.6584566364618496,-4.240474856671511,-0.2760749335150503,2.096718417455433,4.5984288806398546,-5.231704084196085,1.0080789296831991,0.8985533046843575,0.8747320791037918,-2.1480891099131725,2.0211419470850807,-0.5075884546385048,-1.1790747880032804,-1.5572348792386812,0.8456649998375916,0.37709117495692723,1.990483154764732,-1.9383315277001358,0.7490800810536733,1.008533657942392,-1.3077825074266265,-0.501982858637998,-4.110479751073143,2.8781467525306574,1.3370037537924802,1.0513593641619288,1.0350508310684319,-2.1910809504773887
9920,-0.5096615409662988,-3.8958404057583422,0.8524556374034766,3.6809814732321797,-0.624929114548179,0.4969939506359964,5.850652756301436,-1.71985598451624,-1.1067968338985552,-0.1296020662553321,0.058673562738968954,-2.9530714343683435,3.8359063249516154,-3.736973540480843,-3.8275006182386253,1.5169137642206145,2.0725425616537407,0.1391115078925793,-4.64845127549658,2.115285936601751,1.333216549455237,-0.04187153023269374,0.1838015052122124,1.0580188144561085,4.059465923574816,-3.1987815592623825,-5.6632402757902405,0.8204171931437285,1.6069230096550449,2.375215708681999
9921,-2.981658562095081,-2.3774935533178976,2.855270274544111,3.2304872905979103,-0.2500374850227818,-0.476567964707419,-5.054407777212312,4.617011317244394,-0.8961933924403018,-1.4472911642003545,1.1737020620826675,1.607178954527818,-0.11127229790703197,-0.42789324264151674,1.97006151903458,2.6250794098680643,-1.0972273624293365,-2.958748025925665,-5.8519198718603995,1.4924533457731144,-0.6051718958288319,0.16045654247783592,2.058580226761663,2.745601652672626,-1.1411261027124766,3.5410443238689204,-3.305675512434682,1.2021604601700373,0.2827802154830543,-0.5791833843718894
9922,-2.1949150396473947,-2.6200609798235277,5.93795085520857,0.8889857999365844,0.439843035634512,-2.4518036713098974,1.649881009044261,0.15023345616612005,0.07609277606146758,-0.8043601810780441,-0.9021686512383127,-0.1696784089535761,3.7841498983555972,2.0058228398214837,-2.6365408607922607,-0.5883073299605357,0.5372163473663356,-3.102340894791512,-3.8415757388015486,1.7521407316113375,2.5812693253955032,0.8754075433476194,-0.5964690290685368,-0.7707728324883796,-3.3102382315257017,-1.0436949161352267,0.41770198908745826,-0.522813168560833,1.0958597362712048,3.3631845908660374
9923,3.479927224024877,-1.8453141015481336,-4.449707264394739,4.125313797657359,-0.49329537982668703,-0.8169242759138129,1.9042540054334154,5.246441279570881,0.12960805395201014,-1.5589349278245983,-0.24324811054929185,-5.478120300580528,3.818289552770789,3.9834981223704844,2.2121946940961372,-3.864281462290828,-3.997978506685529,-2.151722400261951,0.05134113777485538,-2.3695988417184246,1.170409125863717,-0.819720921046196,-2.257273437421105,4.224842936543162,2.726429944766842,-3.9198387210306223,0.49412488637362983,-0.5979190675369663,1.052900416120572,0.24430254130947837
9924,2.5093709777046733,4.393287525912449,-0.847915716057166,-5.453282444191913,-0.00491222483048781,-0.5965481185386672,-4.046096163141243,-3.911873649326381,0.1812822651343069,1.7790842222684304,0.3847672456004947,5.612836079466298,-3.491185721136109,2.1266199535876638,-1.3832405160027559,-0.485042906798153,3.580030897368445,-0.3471817070199634,-1.7953165171986605,-0.7580148066128736,2.3930253800271473,-0.9715869493358618,2.9904651204234582,-1.8585722273071923,-1.6131621176053166,-2.8871381898467376,6.045299008936997,-1.0267462136715877,-3.242686435940918,2.724433948130496
9925,0.5853090879240721,1.4824645241705205,-4.627984478741027,3.502686079584553,-0.7037643298776703,-0.2387108830615574,0.3620085193100806,-0.589839338074519,0.9425676922759028,-3.4805208172921915,-0.5501563196507107,3.3159402634333297,-1.0830726661131376,-2.34980450397801,3.9554466599127345,3.2969889714810634,-3.992032703191434,0.17247424188791882,-2.9603132325929202,-2.2531582584152154,1.2066749981801124,-0.19995362514991122,3.0805937965753536,1.1261563213986037,-0.1506815970404105,3.3822368166185477,-6.016508940362243,1.1833553173440494,2.3842662913814436,-0.7826678879384534
9926,-1.3766462120981018,-1.5303924431787088,3.2131410894454966,-2.5015070455727724,-0.16681618903499196,2.3622208004380116,1.3881058581656482,1.6079741419125675,-0.20082011159680846,-1.5289150291641729,-0.7400562673320827,-0.5262885919832669,1.1658110806423174,-1.1251758915617849,-0.26331132770754095,-2.4750754705413662,1.0862118351586254,1.6115397740088895,2.4584780244431066,-1.2842814185750697,-3.7852396609209773,-0.7821711704822647,1.5768181544741555,1.8163960710570919,2.45122023489364,-4.820271680397649,-0.8457884131596671,-0.22825485707032822,1.0162967681476758,2.4267979475892503
9927,-2.5888257797366094,-0.7291206917312074,3.297231633759015,-0.2818450635574443,0.20812733378202442,0.09443256748319406,-4.707174610965033,4.528562080530271,1.1144358253121665,0.21244137097454363,0.32242280040590643,-1.470687466256006,-1.8827169296946717,0.7060627282825038,-1.2508486247108266,0.3191145787047205,-0.3929749481239355,2.5013631955413587,-3.066201055782063,3.314759009822197,1.9039068400563899,0.9548982497012668,-1.067572598050761,-2.039790445750988,0.30494233870487264,-3.7021347023998885,0.8860171210046985,0.7909407101274155,2.160659955748411,-0.4404254231825764
9928,0.092152875672733,1.6609738854859337,-2.6801393717630653,-1.484226947298712,0.24207251084432402,2.169167047057778,-4.050399125330475,3.2327845696096738,-0.582190830330358,-1.4772574354587622,-0.26498064643970043,3.1420434679515097,-0.03973464612559496,3.2019991887786716,0.2017833443908863,-2.463247995323144,2.721851311893449,-3.6226512036151473,5.831047461380692,2.498454861745344,-3.1283158649097107,0.8386097988106043,-3.185870609559908,-2.8539256474709553,-0.9144378324772795,-3.1184766659815253,3.5834438532019206,-0.8541446041694973,0.1886832368852236,1.1149320125440987
9929,1.2440084245382295,0.817899387761674,-4.542184588036907,0.7651543004397041,0.2862622167697526,1.428860258526539,2.2954708103885935,2.3808614869285805,0.7623667208247085,-2.1953339604139632,-0.28018972330916725,-2.963175334416846,3.3394602497897843,-0.8402845020091547,-3.012557306007631,3.501292603156557,-3.9650417821442456,0.9771307372138036,0.017672711007399755,-2.205106600118924,-3.2188435732540768,0.020369231393948084,-0.20476244679289657,5.59067067776062,1.6149303164185511,0.6512147869136342,-0.6036229285421122,1.0662231972152778,-2.487839212215192,-0.24090615978720997
9930,0.06388021649011222,-2.546485706265699,1.5844210069626818,-0.11122900671728786,-0.7575445544066957,1.7669580439358743,6.2121028981749795,-5.291183129620425,-0.6993933563315293,-1.5073946934032953,0.631279099393975,0.6545891817881859,-2.290659811616246,3.993070663831073,3.6837205409166316,1.959624729762826,-4.186704965969865,-3.1590511569252957,-1.0990999302079274,2.501206578170631,-2.392445030902641,0.9558828209624304,-2.459967747574554,2.494423309548125,4.4802241718410265,3.986362869262795,-2.922786207077035,-1.0698881705250032,-3.0441391677884706,-1.4297734957103287
9931,-0.07541638573962217,-2.319066166790826,5.976011163317484,-2.782051447163745,-0.462630871339506,-0.3368462922848323,-4.333743795630362,1.3622164292953052,0.5227283657423296,-2.9651662901154534,-0.1709719333241999,5.58493722403427,-3.7066880446785646,-3.981212024842307,3.660735429175382,4.230290760744229,-1.3835801327713142,1.1804540123716905,-0.5924159587543549,2.128576852774131,2.4265434725159807,-0.7223224954622198,-2.1348298983436766,-1.1055519727337817,-1.230599479677572,3.6711826756537214,0.9399948709943651,-0.07160732897985245,-1.575826939575128,-1.7331437984125326
9932,2.229144780815467,-2.482295016631788,0.02413750343280796,0.09399789585171447,0.3539173721319191,-0.2189025356011598,-1.0332822322663624,-1.3911500437538784,0.9723219945762382,-1.3672842447543214,0.3284816665866037,2.4909128596136156,-2.9126624560898975,2.860121270488442,3.3568704943464347,0.3400418350224328,-3.487099611107938,-0.15727153266037597,-4.830217044468114,0.10529840088265274,-1.9455835479491093,0.5505012958985063,1.4679276631098137,4.652073232522305,-3.8858416975824213,-0.17509581951551212,0.6709637328494971,0.9247429756879324,-1.169295265499466,3.6345260740629683
9933,-1.967928306066165,-0.6339167165300204,-1.044152384955229,2.9251662726336427,0.9460258424335133,-0.22519470751676351,-1.5434408070083556,2.1654874591049875,0.20547366640867804,-1.2316596442160694,0.6608997050510519,-0.25676037933838813,1.95502021065872,0.5503207075896306,0.12923367537835162,2.9695579165229873,-2.623527052387873,-2.9806054577627084,5.326482800897409,0.465653296991146,3.269820674294973,-0.7103135376829988,-3.217472434311942,-5.134170800192532,1.4017491086359293,1.0491867714097403,-4.855513515640816,-0.9383949875761477,2.7566668312377125,0.5863057919365406
9934,2.7944030477574735,-5.567060206937626,0.7894070092581096,4.9402200095354765,-0.746566724315892,-2.2104031352985993,2.382416749522065,-1.2451257832044433,-0.5151270336348208,3.7307431065927723,0.4562501206239986,-4.809157159897648,-2.602471633197725,1.3761315534378262,1.0073588430568776,1.0483807766049615,0.3126951060471619,-1.1420946459499763,2.1959982820466664,-1.894335600360197,2.6410051273377917,0.022769483509211597,-3.1859063999366732,0.22046910739926773,-0.876642192831504,-4.166920765642239,1.6638722984709133,-0.288274467967053,-0.043727264604198623,3.7116923925770493
9935,-2.8236397094723973,0.7462787737548844,-3.0388607266186547,4.289650435657155,-0.39537405704557727,1.221945283723544,-3.081761905650996,6.243128038885786,-0.07335340246837774,-1.4269062377350892,0.4131945705246416,-2.0743010635540493,0.22801864368499025,-2.657179660560219,0.23878462511541798,4.243164762889283,0.30120367112182933,-2.3539920422521536,-4.3611562753571285,2.0355824143803787,-1.0913871694156754,0.4658773171291264,-1.9692580238827695,4.920341737142142,-1.5248070523756674,4.264007381869572,-6.025735130431681,0.32331163730022894,1.2027848717310796,1.7604382919094022
9936,-2.2259934219106494,-5.572783535060854,1.6037333060077152,3.384047819525822,0.6145436447099679,2.196452186726935,-1.8951423770957874,-4.5227828391916525,0.7179916450958661,1.406253350384727,-0.18907964876725014,4.482759869575965,2.9005282848737792,1.6048744991355406,-0.1526409844940737,-3.5589441876992627,-2.122641503798233,1.328823891981365,-4.569082529898203,1.3679585376565893,-1.102365134677628,-0.49857520720877346,1.448242815430648,3.353821518693408,-1.3050300117826588,3.8861460090281383,-5.297790437433218,0.07865153754471343,0.7839009102241192,1.8541219924218275
9937,2.950187506979347,2.1717431726168535,-4.644606340961467,1.5986620031230885,-0.05838635417273297,-2.017599987586128,-3.8274011180616725,2.8877767898184494,1.0865788802523841,-3.499092339911602,0.23734073392909494,3.1147970539752095,3.92489509149911,2.3909937403416457,-0.45116364889367233,-0.4106297526267184,-2.9228013071877914,-2.5312941231334403,-5.559461842059509,1.7535677748103655,-0.9414511943208144,0.7855527679316872,1.7404140812199689,2.2213784124143423,3.63011059764451,0.19677882964152715,-5.525150549051546,-0.2892501534012055,1.40120020731608,0.5863110678535488
9938,-0.9406349711148962,0.6129678822092188,0.8008183152141832,0.29543532215762625,0.9148899425944865,-1.6834764910616595,3.567831712166722,-0.5929562473575487,-0.3072162279559114,-1.2344880662593365,1.0046786439003466,-2.4378498144924023,-0.9698018217902273,1.724193919953425,2.2864813841317115,4.041869124181158,-3.3920357533382646,-3.6907068531386837,-1.6428616389031454,0.08447921926325819,-1.4190710779107292,0.0060216089420990215,2.732873600690626,0.23855828791394273,2.2498367203876803,-4.621549666707919,-1.2013577042671102,-0.5677745624113903,3.066146478432497,1.0746987345691785
9939,-3.305767510710057,2.4765322728295125,-4.148160621691137,5.739147063983996,0.8264088001639558,-1.588160004577281,0.9237866183296575,-6.1924317932434825,0.5092417721962921,0.8506657997640019,-0.49728598172003036,4.406023584675442,2.643069361457272,1.5459550111890756,-2.203061500733032,-4.0704299499165195,2.57760994652838,-0.49314286852604283,-2.700987656524756,-3.480556307461292,1.3064478965499546,0.09092169850909215,0.7113190219720504,4.0728553469510125,4.025400053497528,4.7694789853863355,-5.093868388313673,-0.44002483419454386,-0.44449248418046317,-2.8164933321922394
9940,3.4110780395223728,-1.1981719127770916,-5.181095483637659,3.4279441637403494,-0.5891448322181649,0.12939002536918665,-5.1622677367785315,4.747965423444118,0.22917166329871463,-2.370500180235206,0.729111092527905,1.8265197377448565,1.9109786626060092,-3.464404502230513,-1.8782260257439045,1.6873869659182397,1.891881727283863,-0.14761682783456642,-1.6362258571032875,3.281057175348863,-3.379196614562227,1.1663020639727248,0.3038171904502178,0.26424604188974143,-4.496359860091376,2.0143138138101833,4.410384841607051,0.27800487818394437,-2.4891357139998824,0.28279204049302464
9941,2.156791134952023,0.2125847833793877,1.608143860990797,-2.623924798753439,0.008442330303030321,-1.36203731087285,-4.264387072623116,-2.6080705288520285,0.700890406709834,2.5198140237994373,0.6761361632247347,2.9756170077430006,-2.463789910638301,-3.7267351928959087,0.29958843495614573,0.19520466620297228,2.999650873676856,2.6960811286973794,-1.7496400304011033,1.1549909473352553,-1.4112707459876077,-1.0124612333145029,2.715066771370683,0.3033142909933133,2.4510295602836543,-2.098579004786142,-1.0278245115822386,-1.1234325562191958,0.5509696637570993,1.2478368485497953
9942,-3.1034479462270035,2.6168016861331687,4.442599983158335,-4.283489830706902,-0.5104881677761013,0.838024275417478,-0.3223103990971019,-0.5603053095412491,-0.30993336750603095,0.5096208226530532,0.551077273114216,0.13185098037897802,-0.4879950024836184,3.877194013520075,-0.9639697460111094,-3.4388044711025785,-0.8529261123863243,1.8665013184627135,3.9234386136473844,1.0344551929867603,0.24526345899963076,0.33034764116250503,0.5717424888839897,-6.105247395684248,-1.3489377022929787,1.5125536437478608,-2.3272753898492375,0.8195473500190813,-1.9422888772896663,3.2864009756679273
9943,2.76143216709524,-1.184538311718434,-2.6616232002264333,3.0253538653575127,-0.7651062557167787,-1.175518264792105,0.7070083557010243,-1.6062080471343663,0.032202249390240745,-0.9784918316069309,0.6006630284408407,1.244826245211069,-2.0148663287698554,-3.0856225576779064,2.535574073939472,3.347538393812698,-0.19437174791894662,-0.5882518333862983,0.38835781281823145,1.5330263063591083,1.5422412172787077,0.3972869751797532,1.2106858522194344,-5.071598163859171,1.7682232286912125,1.2121438948134724,1.9584213135665216,-1.1737160732190905,-2.8148615421725953,-0.9502108216765208
9944,1.6149041297498918,-3.5164165221602417,-0.6106710113958833,1.711466683268391,-0.7975080965545998,1.5982248170914346,-4.160315205053472,3.886186223325712,-0.24816564190009238,-0.1756834436690653,-1.0306378540660783,1.7286159213648808,3.4528691059107928,3.9714163296155256,0.9504801607535427,-3.865856946051684,-2.5014474002654197,-2.0074612499635904,2.782409055835519,-2.4798548210774527,1.482388304561141,-0.38439519330213656,3.0711690955166695,-4.471716441537673,-1.9856248507320586,-3.1956403235381607,2.9315581961833956,0.07694374863028752,1.7506238387603439,0.4221393906991828
9945,-3.039087984371001,2.7152144329416323,2.860031681875597,-4.012591753938128,-0.24869132889980805,1.7251249523906953,3.2215401181437464,-1.7539047774028198,0.49553204482857094,-0.8467661706241056,0.9401524379178721,-2.0565536528613713,-1.786711989011156,-4.23204669956465,1.2922904637902768,3.2213543967422815,0.8738471083086061,0.6312667197338069,5.500508856376388,2.712665912134952,-1.2592887492066271,-0.5998393156057986,-2.422241450639252,-3.9318052530635867,0.7906396701007878,0.25377060378034244,0.457079930461866,1.1544214714884635,-1.4570152066670783,-1.1988964691614168
9946,2.3684574846871094,-5.243270958720871,1.505759486276908,4.212949065857977,-0.9333685112829717,-1.9105265668191773,-2.0431017074566817,3.9128821340343514,0.4816295959594985,-2.3330982197614833,0.45239223103193815,-0.470704033805724,3.9783691201773763,-2.1131637126350054,2.6162652852563575,-1.443068337461538,-1.7592312337814136,-1.2791711215566153,-1.9530444622821719,-3.3311246783630235,-2.675887792165897,0.7649654488127329,3.0214089263609516,4.173682557633526,-0.42744106353324085,1.8183035334181419,-3.481454037303145,1.125931248952111,-0.030091221969893667,0.9947515404389851
9947,0.6970932653150008,1.259998141780457,-5.76019302674203,5.0247306361729365,0.18897889136504897,-1.4106079078924179,0.5318945400867321,-3.6721208327389085,-0.547855393295742,-2.8642942236967226,1.2311375238244269,5.321238385822117,0.13492818315767252,-3.7581585440118808,-1.47360549022431,3.439986449313576,-1.787519022640705,3.4443684244048285,4.2326464583304855,-1.0256750964833827,-2.7912608935902945,-0.3805587676448017,-1.61648114560316,1.5813294449872828,-1.9637273308948302,0.3106148543539504,3.904302652312577,0.8984539120996589,-2.78450604317538,-0.36513804469304745
9948,-3.610547851111413,-0.7235430754830716,3.886898894182366,1.4784980194851265,-0.147369356252939,-0.8839366308210685,3.5240229854463436,-0.5045524557498133,0.6917218404330043,-2.135064099816484,0.44588086395423776,-2.022009134265378,2.323926572120474,3.9654486946496625,-1.5008710347387364,-3.2375372593450766,-1.6362445965666197,0.08527762387945792,2.080047602147758,2.708751140665939,1.0895356201047939,1.0895273848145726,-3.0750909903414456,-3.8927707573954713,-3.7503039270536505,4.970339259852931,-0.5625739643004586,-0.6126110890009109,-2.004251512555305,1.9594012330602943
9949,3.6585540540506827,-4.453659155250733,-3.0385375466382705,4.80900906554681,-0.21263416024847204,-0.7627322574610336,-0.2034766367282188,0.4912124125983084,-1.0328214534419016,0.3984588800925142,-0.781094916904622,1.1277217143858351,-0.4653050525403728,-0.61274711894578,1.8173677948958051,-1.9147694037016638,-1.4932423270109965,2.6686961073021607,-5.4149963191159,2.434790422150126,3.8590515500520013,-0.8032226902981359,0.39595684717065893,-0.4715798099625914,-3.453968565067534,3.622632654671108,4.052497909103451,-0.991765960090512,-3.1519973466548823,-0.07739869195872551
9950,-1.1304881134508111,-0.06850961680550682,5.187641420573499,-2.106218342018572,-0.9973837705249362,-0.8850415777746754,0.700670324312977,-1.4511649203938184,0.6716083429193054,0.7806239093715437,0.5305892164816086,-1.2323268726897147,-1.5810371312334013,-1.6075530627827312,-0.7789235050710737,-0.04304369027441979,3.318835578636648,0.6917218107241379,-2.336378706833436,2.436939401276245,3.584204277967526,-1.0616128260752786,1.8160461932856826,-4.439198339624554,-2.3943256744933166,2.7849171463937132,-0.33535469837794807,0.33750825418029873,-1.404835203284108,1.0120901755842482
9951,0.9426798314485882,-4.881079966149155,-3.6100399328650035,5.552145205994105,0.194493783389885,1.801801078180569,-2.3318997596810043,1.266654518164362,0.6420560259108177,2.854922504873109,-0.8785617103452639,-1.5531715789201215,-1.6249146487987947,2.548507110715896,1.149869807031962,-2.7523738224132384,1.1767983399694977,-0.4978867865061627,-5.821676728386741,0.8396333843011217,-3.0719848903826428,0.06022158870552907,2.5437518979277804,5.450054747831146,0.7330669090837212,-1.2477352699793869,1.1960687118644913,0.7528044565069276,-3.054764208942938,1.6205594014700644
9952,1.329294337661139,3.1559667219322876,-4.529443314018714,0.03200648599962008,-0.771180110609216,0.7833558790338895,4.557060380145774,-5.641865501688411,-0.746424302965413,0.1548285201665518,-0.6298044157250331,2.306205320068422,2.7349761165039617,0.4611070994274513,-3.4195563120499326,-0.6971842284632572,-1.5404504504136245,2.461107774994524,3.646987750532226,-1.2870245026015148,3.6682440323121064,-0.1937989177190813,-3.1085199115873756,-2.725888450940168,1.3876778025690228,2.975709186268414,-5.313337450383301,0.6231976470471938,1.0322609920229553,-0.7055081775214109
9953,-2.1792300268568052,2.177160975116749,5.417488994903639,-3.8627366601358233,-0.32931944289914905,-1.2233638401296023,5.4359398008312425,-2.0608505591794035,-0.18310453882604438,2.209168375002374,-0.5948723776038065,-4.8062807002224694,3.1991584852004067,2.8440374484502833,-1.0670414119556995,-3.501188254979038,-2.5401704003285754,1.0652041336117435,0.3793125970322002,2.2014966019774853,0.3784338262070186,-1.1303143324317428,-0.6422087908079366,-1.186719901980826,1.5482577883070583,-1.9344826384668004,1.8907703409699117,-1.0125538062623387,1.3784305490370592,-1.870422233582019
9954,-2.595708750253854,3.6273540076937785,2.886569896301218,-3.6916915707650553,-0.8670339079382914,0.6405103249612267,-3.0474321044099533,1.1129954715956423,0.6369280754125075,-0.62060398849456,0.17240935357835507,1.7457031923199153,1.493317907853008,-1.6155203246624694,-3.24093589690529,1.041243812613235,-0.4814943009390369,2.8033888020396844,0.5295655620986288,1.8174801679144377,3.558150093809452,0.6178910696994713,-0.9085320049008008,-5.6145548886249586,-0.5189329214815714,-0.33291780754002076,5.674868314232889,-0.6413999357475504,-1.2313767063709218,-2.95024094308995
9955,-3.520216721163541,5.714267778008253,2.276347254930542,-6.1088576189726425,0.1878910168903074,1.4505682903061121,0.8851639616302016,-1.434163207841987,0.7668905390397267,3.5253221190791493,0.5012114399372312,-4.244424851842421,-2.1837180290310396,3.198452287883704,-0.6987750871433249,1.2793577548321018,0.5642323961675437,-2.159549322709857,-5.899889931698066,2.651769317075768,1.5230248250437306,-0.5263673047554658,-1.9555673705316838,4.207030464862012,-4.7629334127089855,-2.3016969939735255,6.11691251368611,0.3967630000582547,0.14717017541978095,0.4037847175212317
9956,-3.135275492679881,2.718400537899548,-4.041254135966273,4.459261111957911,0.0248790067731961,-0.026011027985493484,-5.43969173844981,5.960664298260376,0.7352780278124387,3.250551828205335,-0.4607461076286663,-4.046056308197784,-0.8166395949932657,3.1949980114969883,1.4815415785540686,3.1225159832273484,-3.7107786514979395,-3.2716373267880634,-5.480785079602356,0.3868083256236865,0.17320684870853853,-0.9746278228935132,0.09454581566354214,5.8008519124964195,1.1493058414883208,0.011269648263397158,-0.6314874244312527,0.34532078847678527,1.3604798491743786,-2.234888702968732
9957,-2.485631113422979,-3.9458074206301,3.754148593242391,2.6437452989582155,0.027030530789171614,0.00651411106231059,-4.68014380744054,2.771334597343433,0.34702931153674843,-2.7291807060334214,-0.03987425741072048,4.330834862006395,3.0427540352959745,-2.015022070281523,-2.164252753764698,0.4304842457207556,0.5133483015871434,0.19268824144147167,5.212134538394704,-2.6830237163312436,3.8093380714225695,-0.4179269711172857,-1.7992856623274314,-4.121236260044967,0.6049212484196893,2.2082285610971226,-3.2670619276395776,0.01626509874910731,-0.013237607413255859,0.45088462678981145
9958,-3.4917656909949137,0.5332672591557994,-2.191488209778555,4.354051873691226,0.4807673398372523,0.315167428088186,5.416823328748624,-1.4308241515325832,0.13272877376533998,-1.820863466194055,0.4040989888080597,-2.701963473593505,2.2020723449277035,-0.5140751968315023,-1.0934902836139528,-0.6287464117511092,3.1104661344742723,-3.07622658720628,-3.1618839777682055,2.585684442232605,1.5445058550498985,0.4300796983627899,2.9246775388304123,-4.323063556711162,0.08094317669022644,2.8137049903014137,-0.8523675502777479,0.12037437560536013,1.245301538921101,-3.4079565312374527
9959,-0.4447425711478399,-0.0363021837432278,-1.3493471094836131,-0.4214195367770799,0.9030237004921267,1.3487877006586562,1.4352267037017263,3.080039011062123,-0.92437956938734,1.1210978663463393,0.4357084557592952,-5.14769246748029,-2.9162828558957,0.5188508550045654,1.5019465091302244,2.070514092341977,0.7749001656858496,-1.9499287662677869,-4.273220845214791,1.2559660619231536,-0.2948682915221994,0.19561509798314702,-0.3660359043243506,3.482543881151365,3.2373639946953645,1.5304446169773698,-2.2135234602114657,0.5988345298387934,-3.392019836722291,0.23890015542514753
9960,3.6206415738205315,-5.038370895914035,1.308201782781051,-0.5968788169546251,-0.7817068071843098,1.4881131634504143,1.214002250076959,2.2887462355292385,-0.1097146161780822,-0.012917200774088755,0.2350236634259142,-3.6151403320780737,-1.4830364480190195,-0.18730784929395838,-1.5936379149094666,3.3201700263321356,3.34116151945582,-3.3973493335664013,-0.32091148370261635,-2.3206755645125536,-2.3922052500218616,0.8250265887601618,-1.939976651949424,6.148742361422592,3.3057463251011043,1.2793494805312413,-4.753859057456793,0.7360668449551389,1.8196707116713178,-2.3869743047991
9961,-0.46510113504903217,-2.8913018368388848,-2.347573439346821,4.944763626196895,0.26475159525718706,0.4944611897796687,-6.0829504381376545,4.790120096335734,-0.5823348365588101,1.3504022667982447,-0.30190287099561885,0.8266657825599815,-0.42489352038145256,-0.7243384282515173,1.097735059606162,1.007510802038503,-0.9415445755520864,-0.014469337460505827,-2.700787736536622,2.1116725011586865,1.8133117310853777,1.0712237916396576,-0.3005416243222747,-1.9948786630285227,2.9658114316576842,-3.452122646310105,5.905690859357062,0.09959736634962013,-2.4388288227747736,-3.0801481882765867
9962,-2.4147316673108534,5.699279711363385,-1.7432111995313377,-0.916860536191205,-0.42557752187112796,-0.1988987864598677,-1.886145310248299,-4.602909984054605,0.42339452195870386,2.5164177076400023,-0.2761376773442423,3.8253807420503207,0.769030355216664,3.294916436954164,0.422940285323115,-3.9570696803082708,-4.104374065256886,3.5745566680703043,-3.4969661597200705,-1.0498234415716734,-0.2945681379023046,-0.8091349281880209,2.894147847816594,2.7563448195617966,-0.2872125186968404,2.982534407175308,-2.6701681104551724,-0.2461125276183571,-0.36330938271959745,0.5842681323175416
9963,-0.4801844032688507,5.221974373073191,-1.128603955992375,-1.2854859670610672,-0.3228700886544442,-2.0048299580974485,-1.900641029261827,-3.338952551398556,-0.02853699140225885,-0.16003125959750442,0.5634029577563,4.864758873905693,-2.7062732896576946,3.2969322810248407,1.2732935461335586,0.6211964163735644,-1.6296780352367257,-0.8554709186385026,-2.434853725611667,1.5576161329053058,3.475929828261723,1.121040383130783,0.38874971431057226,-4.108482333000367,-2.7028769431857036,4.575048070499069,-2.5587277166287166,0.4292608462692309,2.2859940810360833,-2.028698337987093
9964,3.4797323718458237,-0.5936024172127894,-1.2992917249040339,0.32399028527204266,-0.29448562967721914,-1.616342885324828,3.49841942155242,-1.6659625070248723,1.0532155488854658,-2.306837540982915,-0.17387021116676138,-0.40496471126148137,1.7381827658802358,-0.1586615384213168,-0.9174432777908876,0.9206362596450823,-1.2470211042059702,-0.3356931051081382,-5.124647761948637,-1.9097331344247532,2.5671463555840575,0.32626153036375616,3.016826502516402,1.1241465079055537,-1.8796837499313952,0.23606822875751732,-0.28563513887183944,0.8392769770371373,-1.838131016936158,2.9281046999476033
9965,1.5018481210595205,4.103456608300334,-5.558592234452707,-1.1216383752572092,0.46701576380129106,0.6079101165478136,4.4586296010096405,-1.1591179230424125,-0.20507761163224192,0.1077070683520045,-0.8306534845654507,-2.3714876501196755,1.0964209089850492,0.45028594512332987,3.2699063446592795,0.11751268770564138,-2.286515320880511,-2.647610565593764,-5.193191804901694,-1.8940422960819028,-1.8178175136282508,0.8502195511764796,2.4640078577583022,5.590824205673435,-3.2796755290605937,3.508036826817765,-2.6025193140066776,0.813415674419705,1.0711132699815664,0.4896290718511107
9966,-0.26342345106600895,-2.5790087222658507,3.646710817626147,1.6959945778850418,-0.25361148641465925,-2.2466617357655974,-4.975520365217374,2.0029987438017685,0.8448855734848637,3.387065986884558,-0.15133833385960216,-1.1080916050923548,3.977516872109515,-4.191903210383877,-0.12058011163098925,0.4496514997774348,2.0723616272178376,-2.187046677090919,0.9190962416894592,-2.9290408896067603,-0.04655866741954817,0.5931269421595209,0.5750697690328703,0.888306604140837,-0.6165715988387497,3.485006219626449,-0.648306381924435,0.017462522473037367,-1.5525398575389762,-0.6850509037944228
9967,0.76881812581993,0.17135017960127996,-1.3168972313406329,-1.1154518718688102,0.7606709463352637,0.7315098514520209,-3.055658913782324,4.567054062654048,-0.2147717345697373,3.0150245084410514,1.2336957064665004,-5.545343629207675,0.12075449696680352,1.783619764278555,-0.14400791109288136,1.5300764391284396,-1.74013637313681,-1.5503064161451245,2.6853928975902264,1.7493031643015744,-3.965762368027784,1.0448736482904044,2.544327315181304,-4.058134657339345,-2.037627216148735,4.267270515084391,-3.8136425576724093,0.5837143780210035,2.2832439039565813,-1.282959023237952
9968,-1.0405882652842884,2.068815009134191,-5.949412304356791,4.413485552685518,-0.009503147086547425,0.5172031549069871,-2.2714515618903306,0.1209209553479127,-0.6774743916128356,-3.575115283091156,0.4373935358690053,5.965726745379243,-1.4654320827801346,3.978493042432415,-0.8379223792112995,-0.8271913623622602,-1.945836402787366,1.0978891847076433,-1.0152809231605673,0.1728070579417036,-3.789249524331815,0.7529585299857251,3.026136459116387,0.8526284004449636,4.261736864489617,-3.929240645342283,0.12600864284928193,-0.820230731215962,2.8428806103817266,-2.481154741159502
9969,2.789748149428476,-3.696417958553056,-3.2049170028954492,4.155869064471069,0.9806567927326251,-1.0249390451846132,-2.6082824110348497,2.2591738943055333,-0.6253783214772648,2.0244168886812695,-0.3599008005446551,-0.6900292499281981,-0.41431244871382233,3.0572809561584293,1.1934057434841172,0.014459763439759854,-0.6902412979685835,-3.1605927164009078,1.0760959817123883,0.41915313859085934,-0.45899011990277927,0.6211506056298042,0.09824063795842441,-1.7556502439922994,-2.0424498498202937,-2.690392898827671,4.130070456981013,-0.68962855287098,1.5455552596248943,-0.25315441508408654
9970,1.9213936908744103,3.9897461746800964,1.3405324584175773,-5.091764463646001,-0.044958247894229864,-2.114949612432797,-4.242399033943794,-0.9388590570781474,0.6006854031654214,0.6987892896722219,-0.5127097141272223,4.394493112313349,-1.6550138791675195,4.166701972799977,1.254054065926045,-2.994384510732335,-1.3123534562584194,0.5409958074312886,-0.32129909001687196,-0.7339890930598862,0.517736138240565,0.6957721308796607,-0.2297470134475006,0.07152692740039868,2.6092630567363138,-2.398986691478207,-1.366338385670712,0.6631747640903285,0.16210661346641864,0.33078064285875186
9971,1.0662686421432674,0.784085557453313,-4.470335515097574,2.962544938754789,-0.7417180861951969,0.39915446294046397,0.7790091613440389,2.165251637699921,1.1743169683806096,-2.948980111237594,-1.2280272938206345,0.058429637635484255,2.8233113221258144,-2.616562399249,2.7586687077881678,-2.861922169550695,0.6213814268033175,-0.7248768879185725,0.21594227517198306,-2.5363780546473436,3.8348613699704437,-0.4479633064612898,-1.9986955625752039,0.9322332785377867,0.9225665204878553,1.045509579227474,-1.3613318750801113,-0.7508822490482254,2.6390999978729894,-2.4949619734571087
9972,3.3039897658191393,1.062024723213618,1.7651043013971126,-3.5935376776234307,-0.7747068840629783,-1.762874228744364,4.881060276866872,-5.104609340169386,-0.4395882119785668,-3.313978997134706,0.9720559359601486,3.00506033645744,-0.6886765546062037,0.8663451039004286,-1.6918621829874443,-2.009832144369362,2.1391011731443683,1.3849246049172166,5.405997751877759,-1.269885587033258,-0.5542396790438229,0.18230300245292685,1.490938438173572,-5.255113926430759,-3.830049050824364,1.153811287686949,0.15555794908868492,1.2261747044018652,2.591324094953233,-1.296818985303478
9973,-1.453148737767961,-3.1599246463788724,6.085283579787564,1.2621555075153523,-0.5303117500233387,-2.2040539531336503,-3.467924347557357,2.0122558109950823,-0.008766414499727482,1.062934858789717,1.1331889877066503,-0.7316888954325478,0.2828794939578039,-2.836321879694589,-0.575660249216277,0.41363898483637485,4.1204860292268,-1.4050223791111165,1.6092983611834661,-2.9517526268328176,0.7587549531006204,0.2506166857436174,1.1579074651808803,-0.8248248383793424,0.678298851296848,-0.5494516291955485,2.706181132057285,-0.7059612657648726,-0.0813349933763341,-2.0477320950144957
9974,-3.095083081753133,1.4937321395501186,4.479845469355851,-4.625965776452208,0.7776721190479661,0.9697991302505056,4.698045660685018,-3.433619412827383,-1.177292536205473,2.8919430168874314,1.1698062674332643,-4.148882995971029,-1.4912097797431194,-1.9283235405643193,1.5590127885835052,3.3301860752095287,1.8554419302742566,-3.3251074737608626,-6.223613784657925,2.509571601872871,1.9131993754795396,0.5804411299478351,2.3741834096887633,-1.1537817323346857,-1.9101030965282497,1.4342434202124146,-1.6404472109840498,-0.7836652985169108,3.080836990472328,-0.1808648046526713
9975,0.9868122903361627,-2.2338053110877,3.65172050659114,-1.4332420458784583,0.0506744686676015,-1.0221599086296358,0.03192717200528605,-5.0727204954275145,-0.5420642445746306,2.5536897701393038,-0.1868355116194742,3.2160033094788503,-3.007010105879173,2.36134300357239,3.993130660092053,-2.1951189779416342,0.8856340047430038,-2.037978584587661,-4.341698374103352,-3.2456766688448884,0.34501949821852307,0.9516055815149818,3.1364682413028966,3.1542817219082337,-4.651884241500792,-0.9088830681890165,5.636843097623462,-0.28251594568820515,1.3840769827965467,-1.1776368250391158
9976,0.6618443028275234,3.643823910768422,-2.2723967056994354,-1.8713185706450943,-0.09985717442755826,-0.062095762824727174,-1.8353967610173498,5.15694856864819,-0.2984352853502106,0.6962953732674428,0.919879725640345,-4.63929162118658,0.16201951899870082,2.5130593411434603,2.7457915322871713,-3.1072955055729565,-4.016023498615807,1.7024486117583884,2.281486207163727,0.5862157020248233,2.805120852057925,0.5301778852894143,-2.237592053793687,-3.965408592745824,-0.17057415124980224,1.4926173665994185,-2.769629679178781,0.1909952910371686,-0.22443025734235,1.4810214301372149
9977,2.609711229420377,0.09692985461549952,-5.922098454870859,2.9757306501878595,-0.27977122400206933,0.5194979446483359,5.524352554989125,-2.65538928063296,1.0880129956877465,1.118070563095742,-0.6720228500779637,-4.403023983059867,1.6267643402764946,-3.7512398456632,-0.8157847829864444,0.7838457636817893,4.067647309781371,-1.9112327850910376,0.8688609604010367,-0.772835176997388,-2.1462352548204535,-0.12353687608371544,1.137916453439253,1.035829894057624,-0.3496694928082569,0.5855868318625035,-4.382372986174278,0.3961401242179372,0.3494251306386129,3.400890392266348
9978,2.4311160068182716,-3.8467232456564453,4.036422233092651,0.4444251087049089,-0.5910249014087887,-2.4742152015514645,2.031312256819568,-2.6581539977701,0.46783284822139404,-1.5620589902721207,-1.2311538021593145,2.952221685162364,-1.845657464546269,2.5162972906546344,-0.47343030596023894,0.5548159857982675,0.6124652130024373,-1.3644907189498792,-0.977871891965286,-0.16084989870020472,-3.083244485788608,-1.2282534985187374,0.10056908769254136,5.349650687276643,-4.979268876444836,4.5803833851521425,-3.131986670790816,0.8945946435035319,0.5179351801871235,2.11834233839571
9979,-2.9083080079940355,-1.2902637846982223,-0.5130713172047088,3.6649348289742,-0.6812988810889848,1.72800716201092,5.240497358725637,-0.9440167655517442,-1.1311102713366203,2.1893653041626457,-0.861257229070632,-4.4934783969274825,1.196372571774699,-2.1200971996566995,3.8385428641889447,-1.5801628162836359,-2.4020125023440624,1.067357082319731,5.5312684831889385,0.29359699945277207,-1.844433394955944,0.4561482103962282,-1.5145509223813676,-2.9220293757043017,-1.40805275611417,2.951075164903493,-3.0624160336662705,0.3407896161834465,-1.5318545997298614,2.7104586084262294
9980,1.2162127902386146,4.247906940966491,-2.0747166528411825,-2.2768249438057246,0.5603577833549269,-1.6729359179139411,-4.802631892935693,5.8174074860830345,-0.476795085055171,-0.11600508380404406,-0.15914061406211033,-0.2628348102242377,3.6114918027803142,-0.4342122616525508,-1.8741736000139895,-1.2024852998984343,2.095761317310405,-2.196381958526736,-2.0064246034042768,1.903548721169443,1.0282141535976557,0.3471777085691983,0.8899949632511213,-2.1625109431867777,-4.773780158234153,4.681661838354788,-0.5810557412543851,-0.5884545662687515,-1.4462937529364925,2.7079223803418095
9981,-1.1173128514710928,1.0974619805453578,4.793802998843372,-5.439060244457455,0.5832583716851389,0.0818497448538622,2.328114122965058,5.628493327353947,-0.8995420412533477,-1.2149447040521242,0.2923717371478478,-6.134492442159626,1.5277967990106696,-0.6637902658160222,-3.339838329397354,0.982576320171205,0.9789032932221247,0.5143521828084232,0.6456885816246576,-0.019721733891937987,-2.424139464496159,-1.0521919424660156,2.856474786346684,-0.006110227120888823,-3.3812648554433054,-2.428991694563525,3.140349376653351,-0.13888836018152517,2.1990701675326427,0.609725366005172
9982,-3.222511382338933,4.561281816106074,-1.6885424979545292,-1.058337292241493,0.5249539241281793,0.8831554322998958,-1.2437783364141808,6.232496856393787,-1.2458553544147404,-3.4265091415751083,-0.15016227359330436,-0.1661917503947059,-2.827105742767678,2.5364474486400255,3.1736707069940415,3.472064858837882,-3.891985246994615,-2.4630920247106243,0.14102736623405576,0.26518859376498405,1.3205051142332067,0.5952276859682515,3.211354051821967,-5.533302812026129,-1.9544885013348967,3.5471449667906576,-1.6844164372857726,1.0962415323108452,1.6089558116324945,-2.613437372110525
9983,2.146150426202727,-3.9546348934070075,4.396541129997651,-3.4430452480385405,-0.7210063052473437,1.575994890491712,-3.63198732199292,3.437840081326744,-0.1550362510383092,-3.127115792275097,-0.4059158911432572,3.882215175124564,-0.00010492926558924864,0.15689838882187956,-3.9821491876564323,-1.0266727688517303,2.83999371948293,2.0120347774679495,0.10926533921703907,-0.15566597514719405,1.8063909907725701,0.7215427118211482,2.7981155985088346,-5.279648665176019,0.6243928066611346,3.9687061554349725,-3.558818098536463,-0.019476827832339616,0.48233322452661653,-1.497137260251165
9984,1.5355623396044216,-0.6686969042953486,-4.505823572543914,0.9389452385130319,0.9336797118813438,1.766333186839688,3.076865792555285,-3.647120774739232,-0.2304131212794207,-0.18898637991162381,1.148820106059274,-0.1591656226825542,-3.417188889351385,-2.750806118764322,4.1769573835439004,-0.22001136065298255,3.8951407850808906,-1.684091799857077,-1.6715168344983802,0.658115091804838,3.8134346577603715,-0.9049267429333296,2.5645770146011557,-4.459683186738285,-0.6195209358455998,0.07727055711222519,0.37210231305214947,-0.7236944993345347,2.8834501836572812,-1.989607618638784
9985,-2.632382575445,0.18599144808212742,5.324937292856216,-2.0319231018106905,-0.19048895125146736,-0.656134112431964,3.975580178095523,-5.154043177889971,0.03383203103481769,1.5541693372800829,0.2335406747216089,-0.6430790432403413,-0.1852067465709588,-2.492304649262886,1.2268296727965406,-3.179169137816583,3.5218528785720444,1.107997982280871,2.368715569753899,1.9511422356737675,-3.4532879232892864,0.37908248484035756,2.7806917349460942,-4.026344101928444,2.917438785555923,-3.3367381599177826,-0.6480908682675128,0.2240271403329066,1.4117654910113195,-0.5684023887121263
9986,0.7162763817607818,3.6505560756171924,-3.036345939714721,0.04158417813408377,-0.35943690204935796,-1.0126337937487548,1.1320646956591744,-2.9792616534953495,-0.07801731801762823,3.419427692729915,1.245871242462492,-2.740084659336894,-1.7430906876744885,2.862238004636776,-0.4622291429825829,0.45797307024486145,2.606239486178332,-3.7211307304039174,-2.7383285816047582,-2.758807624504003,1.8674461422155915,-0.04870394565433678,2.9938566442836976,0.6845373652602085,3.693135668083684,-1.9295554550919434,-5.884071586662003,0.056853974337709445,1.4718441502796225,2.5917932490556232
9987,-2.056567166597624,5.2710266040558444,-4.264371080748294,2.9099117572336013,0.07194923198162684,-1.9319493459259647,-2.674708913820517,2.607700951207793,-0.07602421383503,-0.9207879441840703,-0.9999964210666903,2.0638165417001986,-3.9155582344252657,-3.3333366159863616,0.2698939168621699,-0.9650719955070564,4.246347116983042,3.6977258120725054,-2.9028422702008463,1.807424283861625,2.9706746867725826,-0.5521335459425556,0.7429916795700677,-2.0661148340644893,3.1195314193112758,1.8451156699258888,-2.3977106073487064,-0.6099215339540862,1.4208858724541251,-3.3779008203857828
9988,1.7396423802014205,3.167896870309505,-5.811605110731289,-1.4364736262640037,0.9224114858405237,1.4181280006430086,-2.8352933208995807,-0.2559861054224619,-0.23776525910351687,1.1373516389293634,-1.1872467036102656,3.3789397501081098,-3.7773960140035037,0.14610571406557682,2.9434285876862134,-1.3086659333365684,1.1887802703726251,0.8077473752146993,4.137612724878224,-2.4657118462390883,1.4941902266062819,0.9910811328763529,-3.050916753071075,-1.1062554850543371,3.8815243102584276,-1.6382230405307396,-3.2330044569616447,-0.1560841960913768,2.7142812675340693,-1.5684938842060099
9989,-3.6693378106926637,-2.4116146577776796,6.116211753854646,-0.6079473152888646,-0.5640247965049416,1.1367128264086759,-5.8651339795942405,-2.092593560879976,-0.10627926217846895,3.1739237250720578,0.599813737915456,4.290269339666832,-3.2692061755234914,-2.0417876526416663,1.2224625654292183,1.8098776284928952,-0.7844420550214686,3.063095689263548,-0.9629708010579954,0.2467874297169157,-3.1141768817022033,0.27749140300236164,-1.7512492244633258,5.304118074500629,0.4420898972373841,-3.114931109044491,5.008588251943031,0.37768102376581947,-2.434163700288286,-0.27926436361076235
9990,-1.8927037329404506,4.3743224765873485,1.3600904994891714,-4.83682700940745,-0.8632688779279565,1.858386644198463,6.019592147465616,-0.37562757023419024,-0.6533212797280763,1.080587334851952,-0.8708908039619407,-5.2003398283917015,-3.442611697081176,2.167401285751801,4.062093340639898,-2.3251171160501762,1.6463332846906518,-2.1080990979520067,2.043219188200734,-2.44004625221514,3.360914845425551,0.306988420443278,0.4443166439687758,-3.7153928458267806,-2.244719322779023,4.438445822630101,0.9199008677555227,0.8815295869924107,-1.151836945738621,-2.8433200088577077
9991,0.23617663792398247,-3.6246351656214806,1.3944707914333314,1.1377260361815154,0.8204627086136602,0.035798991468162455,-5.903187725738061,6.183963898918279,1.1025026794165393,1.050711441453128,0.6260329479940818,-3.060023242042327,2.208220820200019,-0.05380496611576646,0.11307555145520709,0.6741074656950481,-0.038108679426514414,-2.903490191809004,-1.5624086094503475,-1.360013409268749,-0.9760029974377353,0.7138631129846322,0.9983238703975559,2.1862380327710795,4.650060799622633,0.8333069574866556,-1.8396149486191717,0.8074628063368108,-2.090861422706924,-2.360354192117308
9992,-1.8614549833281586,-2.247400100400334,-1.087800605497005,5.546350413080944,-0.15471609454743596,-0.19497862930882626,2.8999649187233025,4.4044157491874,0.11098902740688033,-1.8844640864369993,0.3727656322209887,-5.903671241099975,-1.0253794187000569,1.8192964189342824,-3.4247905161020515,-0.597158943871797,4.234359310971865,-1.0063268512332293,-5.46762432315386,-1.1128213213405793,0.9747233144414871,0.8312592001938555,-1.7679403617811804,6.542403491636712,-0.7745012605327979,4.630710254899398,0.48336761497002456,-0.6936057863238583,-0.8578851400812884,-2.7880856829287843
9993,3.2362552399444198,-4.704824355287318,0.9319615388786104,2.635489798998293,0.09721775231445662,-2.196099974849311,1.6070465716286293,1.7406155658823081,1.0843290501748202,0.7522598935450908,-0.7686814675120601,-4.415569613717178,-3.629319287514278,2.8527091734554695,0.3393211473955908,3.012432336287201,-2.2441506454576636,-0.3309927241673254,-3.110033666445343,2.1431189427647404,-0.9547261593828935,0.9347297963964527,1.3288615841334703,-0.3419504974699663,2.9650331919498534,4.520982569542955,-2.8976595604024666,-1.1053836800246954,-1.3449390041596914,-2.138033516903267
9994,-3.501822752672073,-5.558526629494889,2.5994682172525856,5.0760142959276,0.1881477139347938,1.1967191550511131,-4.372629404477259,5.916331600517577,-0.6893718083582678,1.8132726666656467,1.0429193034802688,-3.710522357826349,-3.0989167723245608,-0.8277404214386337,-0.6714233581782061,3.6364203358066653,3.6467027195467736,-2.685042503413019,-4.341716333311098,-1.4726578865169717,-0.10908717960571934,1.124841569964408,1.6373778164206012,3.161242013045257,-0.4274212406702418,4.664280497764192,-3.964334435376678,-0.017354498580412603,-2.9847207770114945,2.729550453877316
9995,0.6629709368122239,3.1708956497221905,-0.15903374509439772,-6.17626275091677,0.5894640724508489,1.9119658370250612,0.3905695660228474,-2.172143245845721,0.984628644093057,-0.9114148629805321,-0.578698992560712,2.2870588912727037,0.5932145517179279,1.619628901181425,-2.296242720208614,2.114104035583356,0.9519092263408773,-2.9826139946159245,2.5367128895811817,-1.8337784393544876,-2.7003399501818475,-1.065017884565759,1.2525013117246484,1.8099220727927445,-3.958957351712801,-2.6334152156341517,0.31816741644786006,1.1017149946666347,1.455779313317798,3.7167108429173297
9996,0.798649680502205,-0.7093774364882144,-2.413114816271296,4.273813482203757,-0.22490225410363762,-1.7250686558436197,-3.568786529647152,0.5270475717242284,0.08871957913811102,-0.93198453653266,-0.027094642852712347,3.912098558171813,0.37583847756132727,-3.194249074966182,3.962638078315482,1.9254071539802524,-3.7848709347981124,0.7152362999062678,-0.8342009488810476,3.458699776163108,-1.7421144983288102,-0.5273738370436432,-1.8643532836928838,1.5093427917797655,-0.9171598761358126,2.321977977862314,-5.280345086070135,0.47553207578721324,3.671071454049194,-0.2710765454900841
9997,-1.9162274970777897,1.1277559492130784,-2.7688963865476843,1.5658617561245265,0.3909134359513131,1.6005927423357722,-4.07252688305805,0.12478635027422058,0.735775263107997,-0.20933681796430648,0.8076969051489966,2.613605182492755,2.362435625846935,-1.8398529243218036,-2.474599967566027,1.7941798984673802,2.677576259000876,-2.5197388914283128,-3.3294181649705443,-2.66732662557647,3.473318063073723,-0.6988427940647757,1.3394556690034864,1.8828138525310578,-3.3637520754133234,-3.688862588040692,4.3483857117342986,-0.6882615418407445,2.715807995681782,0.6766824978813801
9998,-1.2887051280336657,4.9801218735059045,-2.133612939390556,-3.3657226159697657,0.07774083454551795,1.730177975341741,-2.5676281093190525,1.6042016747175225,0.8263771899383423,-1.234639722511595,-0.689386758882673,2.061075726059034,0.2164102862615671,-2.396499490859089,-3.152591665658857,3.773570096566317,2.378381471310913,-0.8192706976217998,-2.410051354063377,-2.4617655571952906,-1.985705102402905,-0.1335916616802031,2.0416177636165695,4.94949591172168,3.605997382647285,-1.3533268322574585,-4.323874624165654,0.9142924450919985,0.6722751203197728,0.48463650836677274
9999,-1.4931045636199087,-1.2567501293120813,3.4458800223051433,0.39752931358735566,0.0631108633228128,-1.1566655062841278,-2.7557220041118136,-4.039285828758377,0.5546452044290335,0.9069326164831288,0.4426242066823418,4.890805805277267,3.466370409599957,0.9389589330483936,-3.3592911143379744,-0.20436212866007253,-0.6305877927961809,-0.21108830685503222,4.062261665639031,0.20672086343755502,2.3275064328605524,-1.0775822029419246,-3.117162581142999,-2.401744177855779,0.9254731979219528,1.9917671727288102,-2.3558639229361553,-0.25442404003296737,-1.8379622376533664,1.5310098299744226
